0.555502
0.555502
0.555502
0.555502
0.555502
0.555502
0.555502
0.555502
0.555502
0.555465
0.555429
0.555402
0.555297
0.555190
0.555084
0.554897
0.554783
0.554675
0.554608
0.554504
0.554400
0.554253
0.553972
0.553736
0.553446
0.553245
0.553052
0.552942
0.552813
0.552537
0.552326
0.552070
0.551702
0.551400
0.551058
0.550813
0.550649
0.550402
0.550096
0.549876
0.549633
0.549201
0.548861
0.548487
0.548212
0.547965
0.547673
0.547601
0.547171
0.546886
0.546336
0.545902
0.545525
0.545193
0.544990
0.544527
0.544326
0.543802
0.543415
0.543042
0.542403
0.542032
0.541483
0.541278
0.540772
0.540305
0.539847
0.539348
0.538744
0.538351
0.537713
0.537056
0.536549
0.535957
0.535538
0.534990
0.534547
0.534055
0.533514
0.533213
0.532834
0.532474
0.531998
0.531653
0.531223
0.530743
0.530177
0.529728
0.529241
0.528755
0.528335
0.527846
0.527415
0.526866
0.526347
0.525689
0.525119
0.524553
0.523984
0.523538
0.522972
0.522355
0.521709
0.521196
0.520369
0.519657
0.518936
0.518340
0.517619
0.516952
0.516332
0.515552
0.514765
0.513956
0.513127
0.512210
0.511290
0.510702
0.509851
0.509072
0.508183
0.507298
0.506250
0.505270
0.504320
0.503248
0.502235
0.501296
0.500350
0.499198
0.498275
0.497180
0.496031
0.494889
0.493843
0.492591
0.491527
0.490356
0.489334
0.488361
0.487250
0.486190
0.485246
0.484127
0.483141
0.482124
0.481158
0.480093
0.479212
0.478147
0.477230
0.476351
0.475331
0.474458
0.473485
0.472620
0.471731
0.470858
0.470009
0.469056
0.468269
0.467461
0.466639
0.465721
0.464876
0.464090
0.463346
0.462419
0.461679
0.460897
0.460106
0.459391
0.458536
0.457894
0.457119
0.456408
0.455613
0.454939
0.454168
0.453455
0.452757
0.452064
0.451388
0.450681
0.450045
0.449402
0.448702
0.447893
0.447428
0.446732
0.446039
0.445473
0.444836
0.444279
0.443652
0.443047
0.442294
0.441818
0.441193
0.440473
0.440062
0.439494
0.438851
0.438247
0.437687
0.437255
0.436648
0.436098
0.435556
0.435020
0.434524
0.433876
0.433402
0.432920
0.432367
0.431849
0.431390
0.430883
0.430338
0.429927
0.429367
0.428860
0.428440
0.428010
0.427459
0.426961
0.426521
0.426071
0.425636
0.425191
0.424759
0.424200
0.423886
0.423387
0.423009
0.422637
0.422205
0.421763
0.421339
0.420962
0.420581
0.420298
0.419855
0.419519
0.419009
0.418791
0.418451
0.418012
0.417730
0.417363
0.416988
0.416704
0.416310
0.416080
0.415714
0.415444
0.415152
0.414733
0.414466
0.414216
0.413960
0.413676
0.413361
0.413031
0.412826
0.412636
0.412318
0.412049
0.411755
0.411530
0.411352
0.411089
0.410797
0.410575
0.410342
0.410134
0.409939
0.409644
0.409462
0.409298
0.409083
0.408907
0.408649
0.408401
0.408302
0.408117
0.407937
0.407705
0.407525
0.407390
0.407146
0.407048
0.406871
0.406651
0.406464
0.406354
0.406252
0.406011
0.405877
0.405697
0.405559
0.405463
0.405294
0.405212
0.405001
0.404862
0.404800
0.404625
0.404465
0.404394
0.404257
0.404158
0.404030
0.403909
0.403809
0.403677
0.403549
0.403505
0.403395
0.403200
0.403130
0.403072
0.403011
0.402908
0.402806
0.402648
0.402577
0.402483
0.402425
0.402387
0.381692
0.381624
0.381536
0.381460
0.381390
0.381301
0.381196
0.381135
0.381067
0.380974
0.380937
0.380858
0.380820
0.380702
0.380665
0.380604
0.380577
0.380461
0.380424
0.380363
0.380337
0.380277
0.380170
0.380109
0.380085
0.380047
0.379986
0.379960
0.379875
0.379831
0.379808
0.379747
0.379710
0.379661
0.379623
0.379563
0.379540
0.379502
0.379479
0.379417
0.379417
0.379350
0.379291
0.379291
0.379230
0.379230
0.379170
0.379147
0.379109
0.379109
0.379049
0.379049
0.379012
0.378980
0.378931
0.378931
0.378894
0.378871
0.378834
0.378834
0.378834
0.378773
0.378774
0.378736
0.378713
0.378676
0.378676
0.378676
0.378616
0.378616
0.241441
0.241441
0.241441
0.241381
0.241381
0.241381
0.241331
0.241259
0.241171
0.241032
0.240846
0.240673
0.240422
0.240218
0.240021
0.239753
0.239571
0.239345
0.239087
0.238993
0.238950
0.238849
0.238846
0.238828
0.238777
0.238520
0.238258
0.237645
0.236760
0.235905
0.234981
0.233956
0.233020
0.232274
0.231517
0.230654
0.229888
0.229178
0.228326
0.227503
0.226757
0.225969
0.225140
0.224506
0.223741
0.223036
0.222319
0.221737
0.221142
0.220463
0.219769
0.219221
0.218692
0.218074
0.217613
0.217104
0.216670
0.216138
0.215673
0.215312
0.214864
0.214510
0.214054
0.213668
0.213434
0.213013
0.212755
0.212499
0.212065
0.211614
0.211013
0.210253
0.209403
0.208318
0.207239
0.205935
0.204611
0.203400
0.202116
0.200794
0.199605
0.198356
0.197178
0.195942
0.194762
0.193428
0.192179
0.190841
0.189616
0.188342
0.187071
0.185855
0.184589
0.183348
0.182113
0.180892
0.179601
0.178474
0.177160
0.175967
0.174771
0.173563
0.172261
0.171056
0.169820
0.168723
0.167461
0.166302
0.165173
0.163916
0.162782
0.161585
0.160448
0.159250
0.158123
0.156981
0.155760
0.154686
0.153459
0.152089
0.150922
0.149698
0.148583
0.147390
0.146197
0.145082
0.143954
0.142803
0.141622
0.140559
0.139340
0.138228
0.137153
0.136010
0.134889
0.133755
0.132635
0.131515
0.130387
0.129308
0.128212
0.127093
0.125974
0.124862
0.123832
0.122768
0.121620
0.120523
0.119446
0.118372
0.117244
0.116176
0.115104
0.114032
0.112956
0.111890
0.110811
0.109741
0.108624
0.107595
0.106518
0.105470
0.104408
0.103258
0.102251
0.101182
0.100184
0.099153
0.098083
0.097058
0.096033
0.095045
0.094014
0.092981
0.091990
0.091023
0.089999
0.088981
0.088047
0.087090
0.086161
0.085163
0.084236
0.083330
0.082353
0.081518
0.080554
0.079647
0.078759
0.077882
0.077015
0.076118
0.075278
0.074457
0.073588
0.072782
0.071982
0.071181
0.070345
0.069675
0.068898
0.068121
0.067381
0.066613
0.065876
0.065182
0.064409
0.063735
0.063043
0.062308
0.061361
0.060698
0.059953
0.059281
0.058559
0.057974
0.057293
0.056661
0.055999
0.055386
0.054773
0.054153
0.053597
0.053013
0.052439
0.051858
0.051264
0.050734
0.050205
0.049658
0.049162
0.048654
0.048100
0.047611
0.047096
0.046614
0.046132
0.045643
0.045206
0.044703
0.044289
0.043803
0.043348
0.042917
0.042508
0.042028
0.041636
0.041203
0.040779
0.040396
0.039985
0.039587
0.039173
0.038812
0.038426
0.038068
0.037657
0.037288
0.036996
0.036648
0.036363
0.036030
0.035710
0.035410
0.035084
0.034765
0.034494
0.034193
0.033881
0.033594
0.033345
0.033006
0.032720
0.032457
0.032158
0.031860
0.031592
0.031309
0.031070
0.030825
0.030547
0.030341
0.030078
0.029817
0.029557
0.029300
0.029058
0.028820
0.028575
0.028290
0.028089
0.027843
0.027605
0.027361
0.027150
0.026912
0.026713
0.026490
0.026286
0.026101
0.025890
0.025646
0.025234
0.024975
0.024726
0.024491
0.024295
0.024078
0.023903
0.023679
0.023514
0.023328
0.023092
0.022944
0.022769
0.022587
0.022428
0.022269
0.022065
0.021928
0.021798
0.021587
0.021469
0.021308
0.021150
0.021017
0.020857
0.020738
0.020557
0.020445
0.020290
0.020188
0.020052
0.019950
0.019780
0.019689
0.019526
0.019429
0.019270
0.019197
0.019037
0.018959
0.018812
0.018702
0.018563
0.018470
0.018329
0.018244
0.018202
0.018105
0.018068
0.017979
0.017914
0.017795
0.017722
0.017699
0.017592
0.017507
0.017482
0.017350
0.017343
0.017237
0.017127
0.017093
0.016990
0.016890
0.016857
0.016791
0.016685
0.016633
0.016507
0.016479
0.016427
0.016321
0.016264
0.016183
0.016083
0.016039
0.015970
0.015883
0.015838
0.015795
0.015733
0.015667
0.015579
0.015535
0.015477
0.015403
0.015313
0.015232
0.015210
0.015122
0.015070
0.014800
0.014686
0.014578
0.014501
0.014420
0.014329
0.014278
0.014174
0.014152
0.014038
0.013974
0.013951
0.013873
0.013818
0.013766
0.013710
0.013669
0.013597
0.013551
0.013529
0.013441
0.013398
0.013353
0.013329
0.013271
0.013249
0.013171
0.013171
0.013115
0.013058
0.013036
0.012985
0.012941
0.012931
0.012868
0.012847
0.012796
0.012752
0.012730
0.012690
0.012690
0.012633
0.012574
0.012552
0.012511
0.012543
0.012554
0.012607
0.012637
0.012629
0.012594
0.012628
0.012662
0.012662
0.012698
0.012735
0.012684
0.012721
0.012705
0.012693
0.012731
0.012731
0.012731
0.012730
0.012730
0.012730
0.012730
0.012730
0.012755
0.012755
0.012742
0.012724
0.012724
0.012724
0.012724
0.012724
0.012724
0.012724
0.012763
0.012745
0.012745
0.012745
0.012733
0.012733
0.012733
0.012733
0.012733
0.012733
0.012733
0.012733
0.012733
0.012503
0.012467
0.012399
0.012367
0.012337
0.012337
0.012309
0.012283
0.012261
0.012261
0.012241
0.012241
0.012226
0.012226
0.012226
0.012214
0.012214
0.012214
0.012207
0.012207
0.012207
0.012207
0.012207
0.012204
0.012204
0.012204
0.012204
0.012204
0.012204
0.012204
0.012204
0.012204
0.012207
0.012207
0.012207
0.012207
0.012207
0.012207
0.012207
0.012207
0.012207
0.012207
0.012207
0.012207
0.012207
0.012261
0.012283
0.012337
0.012367
0.012399
0.012399
0.012432
0.012467
0.012467
0.012503
0.012539
0.012539
0.012577
0.012577
0.012577
0.012615
0.012615
0.012615
0.012654
0.012654
0.012654
0.012654
0.012654
0.012693
0.012693
0.012693
0.012693
0.012693
0.012693
0.012693
0.012693
0.012693
0.012693
0.012733
0.012733
0.012733
0.012733
0.012733
0.012733
0.012733
0.012733
0.012733
0.012733
0.012733
0.012733
0.012733
0.012503
0.012467
0.012399
0.012367
0.012337
0.012337
0.012309
0.012283
0.012261
0.012261
0.012241
0.012241
0.012226
0.012226
0.012226
0.012214
0.012214
0.012214
0.012207
0.012207
0.012207
0.012207
0.012207
0.012204
0.012204
