1.654598
1.648769
1.642941
1.637112
1.631284
1.625455
1.619627
1.613798
1.607969
1.602141
1.596312
1.590484
1.584655
1.578827
1.572998
1.567169
1.561341
1.555512
1.549684
1.543855
1.538027
1.532198
1.526369
1.520541
1.514712
1.508884
1.503055
1.497227
1.491398
1.485569
1.479741
1.473912
1.468084
1.462255
1.456427
1.450598
1.444772
1.438949
1.433128
1.427311
1.421496
1.415684
1.409874
1.404067
1.398263
1.392461
1.386662
1.380865
1.375071
1.369279
1.363489
1.357701
1.351916
1.346133
1.340352
1.334573
1.328797
1.323022
1.317249
1.311479
1.305710
1.299943
1.294178
1.288415
1.282654
1.276894
1.271137
1.265381
1.259626
1.253874
1.248123
1.242373
1.236625
1.230879
1.225134
1.219391
1.213649
1.207909
1.202170
1.196436
1.190706
1.184980
1.179258
1.173540
1.167826
1.162117
1.156411
1.150708
1.145010
1.139315
1.133624
1.127936
1.122251
1.116570
1.110893
1.105219
1.099548
1.093880
1.088215
1.082553
1.076895
1.071239
1.065586
1.059936
1.054289
1.048645
1.043003
1.037364
1.031728
1.026094
1.020463
1.014834
1.009208
1.003584
0.997963
0.992343
0.986727
0.981112
0.975499
0.969889
0.964281
0.958675
0.953071
0.947469
0.941869
0.936271
0.930675
0.925081
0.919489
0.913898
0.908310
0.902723
0.897138
0.891554
0.885972
0.880392
0.874814
0.869237
0.863662
0.858092
0.852526
0.846967
0.841418
0.835879
0.830349
0.824830
0.819319
0.813818
0.808327
0.802847
0.797379
0.791926
0.786487
0.781066
0.775664
0.770282
0.764922
0.759583
0.754266
0.748969
0.743696
0.738449
0.733230
0.728039
0.722876
0.717739
0.712628
0.707544
0.702484
0.697450
0.692442
0.687462
0.682508
0.677580
0.672678
0.667801
0.662949
0.658122
0.653318
0.648538
0.643781
0.639047
0.634335
0.629645
0.624977
0.620330
0.615704
0.611099
0.606517
0.601957
0.597420
0.592904
0.588411
0.583938
0.579486
0.575055
0.570644
0.566255
0.561888
0.557543
0.553219
0.548917
0.544636
0.540375
0.536134
0.531914
0.527716
0.523540
0.519385
0.515253
0.511144
0.507059
0.502997
0.498959
0.494947
0.490959
0.486995
0.483056
0.479139
0.475246
0.471376
0.467527
0.463701
0.459896
0.456112
0.452349
0.448607
0.444884
0.441182
0.437498
0.433834
0.430189
0.426562
0.422952
0.419361
0.415788
0.412231
0.408691
0.405168
0.401661
0.398171
0.394701
0.391246
0.387806
0.384382
0.380972
0.377576
0.374195
0.370827
0.367473
0.364135
0.360813
0.357507
0.354217
0.350942
0.347682
0.344440
0.341215
0.338007
0.334816
0.331642
0.328483
0.325341
0.322214
0.319103
0.316007
0.312926
0.309859
0.306807
0.303769
0.300745
0.297734
0.294737
0.291755
0.288789
0.285838
0.282903
0.279986
0.277086
0.274204
0.271342
0.268503
0.265686
0.262890
0.260124
0.257382
0.254664
0.251968
0.249296
0.246645
0.244016
0.241409
0.238824
0.236259
0.233714
0.231190
0.228685
0.226200
0.223734
0.221286
0.218857
0.216446
0.214053
0.211678
0.209320
0.206978
0.204654
0.202348
0.200060
0.197792
0.195542
0.193310
0.191095
0.188898
0.186718
0.184555
0.182409
0.180278
0.178164
0.176065
0.173982
0.171916
0.169869
0.167839
0.165826
0.163830
0.161850
0.159887
0.157940
0.156009
0.154093
0.152192
0.150309
0.148444
0.146596
0.144767
0.142957
0.141166
0.139395
0.137642
0.135907
0.134190
0.132491
0.130809
0.129149
0.127506
0.125885
0.124284
0.122698
0.121129
0.119574
0.118034
0.116509
0.114999
0.113507
0.112029
0.110569
0.109123
0.107695
0.106287
0.104895
0.103522
0.102164
0.100821
0.099491
0.098181
0.096889
0.095615
0.094355
0.093107
0.091872
0.090649
0.089438
0.088239
0.087052
0.085881
0.084722
0.083573
0.082436
0.081309
0.080192
0.079086
0.077992
0.076910
0.075841
0.074784
0.073739
0.072707
0.071686
0.070677
0.069679
0.068693
0.067718
0.066758
0.065809
0.064870
0.063942
0.063023
0.062115
0.061216
0.060326
0.059449
0.058589
0.057741
0.056904
0.056079
0.055265
0.054462
0.053669
0.052888
0.052117
0.051361
0.050615
0.049879
0.049152
0.048440
0.047737
0.047043
0.046359
0.045688
0.045025
0.044371
0.043725
0.043087
0.042457
0.041835
0.041221
0.040615
0.040015
0.039424
0.038840
0.038267
0.037703
0.037149
0.036604
0.036069
0.035543
0.035026
0.034518
0.034019
0.033528
0.033045
0.032571
0.032105
0.031647
0.031197
0.030754
0.030319
0.029892
0.029472
0.029059
0.028653
0.028254
0.027862
0.027477
0.027103
0.026735
0.026374
0.026019
0.025670
0.025327
0.024995
0.024669
0.024348
0.024033
0.023723
0.023418
0.023118
0.022824
0.022535
0.022251
0.021971
0.021697
0.021427
0.021161
0.020901
0.020644
0.020393
0.020150
0.019911
0.019677
0.019447
0.019225
0.019007
0.018793
0.018588
0.018390
0.018197
0.018006
0.017824
0.017645
0.017469
0.017296
0.017125
0.016958
0.016794
0.016632
0.016474
0.016318
0.016164
0.016014
0.015865
0.015720
0.015577
0.015436
0.015298
0.015162
0.015028
0.014897
0.014768
0.014641
0.014517
0.014399
0.014283
0.014170
0.014058
0.013948
0.013841
0.013735
0.013630
0.013528
0.013427
0.013328
0.013231
0.013136
0.013042
0.012954
0.012868
0.012784
0.012701
0.012619
0.012539
0.012460
0.012383
0.012306
0.012232
0.012158
0.012091
0.012024
0.011959
0.011895
0.011837
0.011780
0.011724
0.011669
0.011614
0.011561
0.011509
0.011457
0.011407
0.011357
0.011308
0.011260
0.011213
0.011166
0.011121
0.011076
0.011032
0.010989
0.010946
0.010904
0.010863
0.010823
0.010783
0.010749
0.010715
0.010682
0.010650
0.010618
0.010586
0.010556
0.010525
0.010496
0.010466
0.010438
0.010409
0.010382
0.010354
0.010327
0.010301
0.010275
0.010250
0.010225
0.010200
0.010176
0.010152
0.010129
0.010106
0.010088
0.010071
0.010054
0.010037
0.010020
0.010004
0.009988
0.009972
0.009957
0.009942
0.009927
0.009912
0.009898
0.009883
0.009869
0.009856
0.009842
0.009829
0.009821
0.009813
0.009805
0.009797
0.009790
0.009782
0.009775
0.009768
0.009761
0.009754
0.009747
0.009740
0.009734
0.009727
0.009721
0.009715
0.009708
0.009702
0.009696
0.009691
0.009685
0.009679
0.009674
0.009668
0.009663
0.009658
0.009652
0.009647
0.009642
0.009637
0.009637
0.009637
0.009637
0.009637
0.009637
0.009637
0.009637
0.009637
0.009637
0.009637
0.009637
0.009637
0.009637
0.009637
0.009637
0.009637
0.009637
0.009637
0.009637
0.009637
0.009637
0.009637
0.009637
0.009637
0.009637
0.009637
0.009637
0.009637
0.009637
0.009637
0.009637
0.009637
0.009637
0.009637
0.009637
0.009637
0.009637
0.009637
0.009637
0.009637
0.009637
0.009637
0.009637
0.009637
0.009637
0.009637
0.009637
0.009637
0.009637
0.009637
0.009637
0.009637
0.009637
0.009637
0.009637
0.009637
0.009637
0.009637
0.009637
0.009637
0.009637
0.009637
0.009637
0.009637
0.009637
0.009637
0.009637
0.009637
0.009637
0.009637
0.009637
0.009637
0.009637
0.009637
0.009637
0.009637
0.009637
0.009637
0.009637
0.009637
0.009637
0.009637
0.009637
0.009637
0.009637
0.009637
0.009637
0.009637
0.009637
0.009637
0.009637
0.009637
0.009637
0.009637
0.009637
0.009637
0.009637
0.009637
0.009637
0.009637
0.009637
0.009637
0.009637
0.009637
0.009637
0.009637
0.009637
0.009637
0.009637
0.009637
0.009637
0.009637
0.009637
0.009637
0.009637
0.009637
0.009637
0.009637
0.009637
0.009637
0.009637
0.009637
0.009637
0.009637
0.009637
0.009637
0.009637
0.009637
0.009637
0.009637
0.009637
0.009637
0.009637
0.009637
0.009637
0.009637
0.009637
0.009637
0.009637
0.009637
0.009637
0.009637
0.009637
0.009637
0.009637
0.009637
0.009637
0.009637
0.009637
0.009637
0.009637
0.009637
0.009637
0.009637
0.009637
0.009637
0.009637
0.009637
0.009637
0.009637
0.009637
0.009637
0.009637
0.009637
0.009637
0.009637
0.009637
0.009637
0.009637
0.009637
0.009637
0.009637
0.009637
0.009637
0.009637
0.009637
0.009637
0.009637
0.009637
0.009637
0.009637
0.009637
0.009637
0.009637
0.009637
0.009637
0.009637
0.009637
0.009637
0.009637
0.009637
0.009637
0.009637
0.009637
0.009637
0.009637
0.009637
0.009637
0.009637
0.009637
0.009637
0.009637
0.009637
0.009637
0.009637
0.009637
0.009637
0.009637
0.009637
0.009637
0.009637
0.009637
0.009637
0.009637
0.009637
0.009637
0.009637
0.009637
0.009637
0.009637
0.009637
0.009637
0.009637
0.009637
0.009637
0.009637
0.009637
0.009637
0.009637
0.009637
0.009637
0.009637
0.009637
0.009637
0.009637
0.009637
0.009637
0.009637
0.009637
0.009637
0.009637
0.009637
0.009637
0.009637
0.009637
0.009637
0.009637
0.009637
0.009637
0.009637
0.009637
0.009637
0.009637
0.009637
0.009637
0.009637
0.009637
0.009637
0.009637
0.009637
0.009637
0.009637
0.009637
0.009637
0.009637
0.009637
0.009637
0.009637
0.009637
0.009637
0.009637
0.009637
0.009637
0.009637
0.009637
0.009637
0.009637
0.009637
0.009637
0.009637
0.009637
0.009637
0.009637
0.009637
0.009637
0.009637
0.009637
0.009637
0.009637
0.009637
0.009637
0.009637
0.009637
0.009637
0.009637
0.009637
0.009637
0.009637
0.009637
0.009637
0.009637
0.009637
0.009637
0.009637
0.009637
0.009637
0.009637
0.009637
0.009637
0.009637
0.009637
0.009637
0.009637
0.009637
0.009637
0.009637
0.009637
0.009637
0.009637
0.009637
0.009637
0.009637
0.009637
0.009637
0.009637
0.009637
0.009637
0.009637
0.009637
0.009637
0.009637
0.009637
0.009637
0.009637
0.009637
0.009637
0.009637
0.009637
0.009637
0.009637
0.009637
0.009637
0.009637
0.009637
0.009637
0.009637
0.009637
0.009637
0.009637
0.009637
0.009637
0.009637
0.009637
0.009637
0.009637
0.009637
0.009637
0.009637
0.009637
0.009637
0.009637
0.009637
0.009637
0.009637
0.009637
0.009637
0.009637
0.009637
0.009637
0.009637
0.009637
0.009637
0.009637
0.009637
0.009637
0.009637
0.009637
0.009637
0.009637
0.009637
0.009637
0.009637
0.009637
0.009637
0.009637
0.009637
0.009637
0.009637
0.009637
0.009637
0.009637
0.009637
0.009637
0.009637
0.009637
0.009637
0.009637
0.009637
0.009637
0.009637
0.009637
0.009637
0.009637
0.009637
0.009637
0.009637
0.009637
0.009637
0.009637
0.009637
0.009637
0.009637
0.009637
0.009637
0.009637
0.009637
0.009637
0.009637
0.009637
0.009637
0.009637
0.009637
0.009637
0.009637
0.009637
0.009637
0.009637
0.009637
0.009637
0.009637
0.009637
0.009637
0.009637
0.009637
0.009637
0.009637
0.009637
0.009637
0.009637
0.009637
0.009637
0.009637
0.009637
0.009637
0.009637
0.009637
0.009637
0.009637
0.009637
0.009637
0.009637
0.009637
0.009637
0.009637
0.009637
0.009637
0.009637
0.009637
0.009637
0.009637
0.009637
0.009637
0.009637
0.009637
0.009637
0.009637
0.009637
0.009637
0.009637
0.009637
0.009637
0.009637
0.009637
0.009637
0.009637
0.009637
0.009637
0.009637
0.009637
0.009637
0.009637
0.009637
0.009637
0.009637
0.009637
0.009637
0.009637
0.009637
0.009637
0.009637
0.009637
0.009637
0.009637
0.009637
0.009637
0.009637
0.009637
0.009637
0.009637
0.009637
0.009637
0.009637
0.009637
0.009637
0.009637
0.009637
0.009637
0.009637
0.009637
0.009637
0.009637
0.009637
0.009637
0.009637
0.009637
0.009637
0.009637
0.009637
0.009637
0.009637
0.009637
0.009637
0.009637
0.009637
0.009637
0.009637
0.009637
0.009637
0.009637
0.009637
0.009637
0.009637
0.009637
0.009637
0.009637
0.009637
0.009637
0.009637
0.009637
0.009637
0.009637
0.009637
0.009637
0.009637
0.009637
0.009637
0.009637
0.009637
0.009637
0.009637
0.009637
0.009637
0.009637
0.009637
0.009637
0.009637
0.009637
0.009637
0.009637
0.009637
0.009637
0.009637
0.009637
0.009637
0.009637
0.009637
0.009637
0.009637
0.009637
0.009637
0.009637
0.009637
0.009637
0.009637
0.009637
0.009637
0.009637
0.009637
0.009637
0.009637
0.009637
0.009637
0.009637
0.009637
0.009637
0.009637
0.009637
0.009637
0.009637
0.009637
0.009637
0.009637
0.009637
0.009637
0.009637
0.009637
0.009637
0.009637
0.009637
0.009637
0.009637
0.009637
0.009637
0.009637
0.009637
0.009637
0.009637
0.009637
0.009637
0.009637
0.009637
0.009637
0.009637
0.009637
0.009637
0.009637
0.009637
0.009637
0.009637
0.009637
0.009637
0.009637
0.009637
0.009637
0.009637
0.009637
0.009637
0.009637
0.009637
0.009637
0.009637
0.009637
0.009637
0.009637
0.009637
0.009637
0.009637
0.009637
0.009637
0.009637
0.009637
0.009637
0.009637
0.009637
0.009637
0.009637
0.009637
0.009637
0.009637
0.009637
0.009637
0.009637
0.009637
0.009637
0.009637
0.009637
0.009637
0.009637
0.009637
0.009637
0.009637
0.009637
0.009637
0.009637
0.009637
0.009637
0.009637
0.009637
0.009637
0.009637
0.009637
0.009637
0.009637
0.009637
0.009637
0.009637
0.009637
0.009637
0.009637
0.009637
0.009637
0.009637
0.009637
0.009637
0.009637
0.009637
0.009637
0.009637
0.009637
0.009637
0.009637
0.009637
0.009637
0.009637
0.009637
0.009637
0.009637
0.009637
0.009637
0.009637
0.009637
0.009637
0.009637
0.009637
0.009637
0.009637
0.009637
0.009637
0.009637
0.009637
0.009637
0.009637
0.009637
0.009637
0.009637
0.009637
0.009637
0.009637
0.009637
0.009637
0.009637
0.009637
4.144331
4.138635
4.132940
4.127246
4.121552
4.115858
4.110166
4.104474
4.098782
4.093092
4.087401
4.081712
4.076022
4.070334
4.064646
4.058958
4.053271
4.047585
4.041899
4.036213
4.030528
4.024844
4.019160
4.013476
4.007793
4.002110
3.996428
3.990746
3.985065
3.979384
3.973703
3.968023
3.962343
3.956664
3.950985
3.945306
3.939628
3.933950
3.928272
3.922595
3.916918
3.911242
3.905566
3.899890
3.894214
3.888539
3.882864
3.877190
3.871515
3.865841
3.860167
3.854494
3.848821
3.843148
3.837475
3.831803
3.826131
3.820459
3.814788
3.809116
3.803445
3.797774
3.792104
3.786433
3.780763
3.775093
3.769423
3.763754
3.758085
3.752417
3.746753
3.741092
3.735434
3.729779
3.724126
3.718477
3.712830
3.707186
3.701545
3.695907
3.690271
3.684637
3.679007
3.673378
3.667752
3.662129
3.656508
3.650889
3.645273
3.639658
3.634046
3.628437
3.622829
3.617223
3.611620
3.606018
3.600418
3.594821
3.589225
3.583631
3.578039
3.572449
3.566861
3.561274
3.555689
3.550106
3.544525
3.538945
3.533366
3.527790
3.522215
3.516641
3.511069
3.505498
3.499929
3.494362
3.488795
3.483230
3.477667
3.472107
3.466551
3.461004
3.455464
3.449932
3.444405
3.438886
3.433373
3.427866
3.422365
3.416871
3.411383
3.405900
3.400424
3.394953
3.389487
3.384028
3.378573
3.373124
3.367681
3.362242
3.356809
3.351380
3.345956
3.340538
3.335124
3.329714
3.324309
3.318909
3.313513
3.308121
3.302734
3.297351
3.291972
3.286597
3.281226
3.275859
3.270495
3.265136
3.259782
3.254434
3.249092
3.243758
3.238433
3.233117
3.227810
3.222512
3.217222
3.211940
3.206667
3.201402
3.196145
3.190895
3.185654
3.180420
3.175193
3.169974
3.164762
3.159557
3.154359
3.149167
3.143983
3.138808
3.133642
3.128485
3.123338
3.118199
3.113069
3.107948
3.102835
3.097731
3.092634
3.087546
3.082466
3.077393
3.072328
3.067270
3.062220
3.057177
3.052141
3.047112
3.042090
3.037075
3.032066
3.027064
3.022068
3.017079
3.012095
3.007118
3.002147
2.997182
2.992222
2.987268
2.982320
2.977377
2.972439
2.967507
2.962580
2.957658
2.952742
2.947830
2.942923
2.938021
2.933123
2.928230
2.923342
2.918458
2.913578
2.908703
2.903832
2.898965
2.894102
2.889243
2.884388
2.879537
2.874690
2.869847
2.865007
2.860171
2.855338
2.850509
2.845684
2.840862
2.836043
2.831227
2.826415
2.821605
2.816799
2.811996
2.807196
2.802399
2.797604
2.792813
2.788024
2.783238
2.778455
2.773674
2.768896
2.764121
2.759348
2.754578
2.749810
2.745044
2.740281
2.735520
2.730761
2.726005
2.721250
2.716498
2.711748
2.707000
2.702254
2.697511
2.692769
2.688029
2.683291
2.678559
2.673830
2.669102
2.664376
2.659651
2.654929
2.650207
2.645488
2.640770
2.636053
2.631338
2.626625
2.621913
2.617202
2.612493
2.607785
2.603078
2.598373
2.593669
2.588967
2.584265
2.579565
2.574867
2.570169
2.565473
2.560777
2.556083
2.551390
2.546698
2.542007
2.537318
2.532629
2.527941
2.523255
2.518569
2.513884
2.509201
2.504518
2.499836
2.495155
2.490475
2.485796
2.481118
2.476440
2.471764
2.467088
2.462414
2.457744
2.453077
2.448419
2.443765
2.439113
2.434470
2.429830
2.425194
2.420560
2.415929
2.411302
2.406677
2.402055
2.397436
2.392820
2.388206
2.383595
2.378987
2.374384
2.369786
2.365193
2.360605
2.356023
2.351446
2.346874
2.342307
2.337744
2.333186
2.328633
2.324085
2.319541
2.315001
2.310466
2.305935
2.301409
2.296886
2.292367
2.287853
2.283342
2.278836
2.274333
2.269833
2.265343
2.260855
2.256372
2.251896
2.247424
2.242955
2.238489
2.234026
2.229566
2.225109
2.220655
2.216204
2.211756
2.207311
2.202868
2.198428
2.193991
2.189556
2.185124
2.180694
2.176267
2.171842
2.167425
2.163009
2.158596
2.154186
2.149777
2.145370
2.140966
2.136563
2.132163
2.127764
2.123368
2.118973
2.114580
2.110189
2.105800
2.101413
2.097027
2.092643
2.088261
2.083880
2.079501
2.075124
2.070748
2.066374
2.062001
2.057630
2.053260
2.048891
2.044525
2.040159
2.035795
2.031432
2.027070
2.022710
2.018351
2.013994
2.009640
2.005290
2.000944
1.996602
1.992264
1.987930
1.983599
1.979272
1.974949
1.970630
1.966314
1.962001
1.957692
1.953386
1.949084
1.944785
1.940488
1.936195
1.931906
1.927619
1.923335
1.919054
1.914775
1.910500
1.906227
1.901957
1.897690
1.893426
1.889164
1.884904
1.880647
1.876392
1.872140
1.867891
1.863643
1.859398
1.855155
1.850914
1.846676
1.842439
1.838205
1.833972
1.829742
1.825514
1.821288
1.817063
1.812841
1.808620
1.804401
1.800184
1.795969
1.791755
1.787543
1.783333
1.779125
1.774918
1.770712
1.766509
1.762306
1.758106
1.753906
1.749709
1.745512
1.741317
1.737124
1.732932
1.728741
1.724551
1.720363
1.716176
1.711990
1.707806
1.703622
1.699440
1.695259
1.691079
1.686901
1.682723
1.678546
1.674371
1.670197
1.666023
1.661851
1.657679
1.653509
1.649340
1.645171
1.641004
1.636837
1.632671
1.628506
1.624342
1.620179
1.616017
1.611855
1.607695
1.603535
1.599376
1.595217
1.591060
1.586903
1.582747
1.578592
1.574437
1.570283
1.566134
1.561986
1.557839
1.553692
1.549546
1.545401
1.541256
1.537111
1.532967
1.528823
1.524680
1.520538
1.516396
1.512254
1.508113
1.503972
1.499832
1.495692
1.491558
1.487427
1.483299
1.479175
1.475053
1.470935
1.466820
1.462707
1.458598
1.454491
1.450387
1.446286
1.442188
1.438092
1.433999
1.429908
1.425820
1.421735
1.417652
1.413571
1.409493
1.405417
1.401343
1.397272
1.393202
1.389135
1.385070
1.381008
1.376951
1.372898
1.368851
1.364808
1.360770
1.356736
1.352707
1.348682
1.344662
1.340645
1.336634
1.332626
1.328622
1.324625
1.320634
1.316651
1.312674
1.308703
1.304739
1.300781
1.296829
1.292883
1.288943
1.285009
1.281081
1.277158
1.273241
1.269329
1.265423
1.261522
1.257626
1.253735
1.249849
1.245969
1.242097
1.238233
1.234376
1.230527
1.226684
1.222849
1.219021
1.215200
1.211385
1.207577
1.203775
1.199980
1.196191
1.192409
1.188632
1.184862
1.181097
1.177338
1.173585
1.169837
1.166099
1.162367
1.158640
1.154919
1.151202
1.147490
1.143783
1.140081
1.136383
1.132690
1.129002
1.125318
1.121639
1.117963
1.114292
1.110626
1.106963
1.103304
1.099649
1.095998
1.092351
1.088708
1.085068
1.081432
1.077800
1.074171
1.070545
1.066923
1.063304
1.059688
1.056076
1.052467
1.048860
1.045257
1.041657
1.038060
1.034466
1.030874
1.027286
1.023700
1.020117
1.016536
1.012958
1.009383
1.005810
1.002239
0.998671
0.995106
0.991542
0.987982
0.984423
0.980866
0.977312
0.973760
0.970213
0.966671
0.963134
0.959602
0.956075
0.952552
0.949033
0.945519
0.942010
0.938505
0.935004
0.931507
0.928015
0.924526
0.921041
0.917561
0.914084
0.910611
0.907141
0.903676
0.900213
0.896755
0.893300
0.889848
0.886399
0.882954
0.879512
0.876073
0.872638
0.869205
0.865775
0.862349
0.858925
0.855504
0.852086
0.848670
0.845258
0.841848
0.838441
0.835036
0.831634
0.828234
0.824836
0.821442
0.818049
0.814659
0.811271
0.807885
0.804502
0.801120
0.797741
0.794364
0.790989
0.787616
0.784245
0.780876
0.777509
0.774143
0.770780
0.767418
0.764059
0.760700
0.757344
0.753990
0.750637
0.747285
0.743936
0.740587
0.737241
0.733896
0.730557
0.727220
0.723884
0.720550
0.717216
0.713884
0.710554
0.707224
0.703896
0.700569
0.697244
0.693919
0.690596
0.687274
0.683952
0.680632
0.677313
0.673996
0.670679
0.667363
0.664048
0.660734
0.657421
0.654109
0.650798
0.647488
0.644179
0.640876
0.637573
0.634271
0.630970
0.627670
0.624371
0.621072
0.617774
0.614476
0.611179
0.607883
0.604588
0.601293
0.598004
0.594715
0.591427
0.588140
0.584853
0.581566
0.578280
0.574994
0.571709
0.568425
0.565142
0.561862
0.558585
0.555312
0.552042
0.548775
0.545512
0.542251
0.538993
0.535739
0.532487
0.529243
0.526001
0.522762
0.519526
0.516293
0.513062
0.509833
0.506607
0.503383
0.500162
0.496943
0.493726
0.490512
0.487300
0.484092
0.480889
0.477692
0.474499
0.471311
0.468131
0.464958
0.461792
0.458634
0.455483
0.452339
0.449202
0.446071
0.442948
0.439830
0.436721
0.433620
0.430529
0.427447
0.424373
0.421308
0.418251
0.415203
0.412163
0.409131
0.406107
0.403090
0.400082
0.397080
0.394087
0.391100
0.388120
0.385148
0.382182
0.379223
0.376271
0.373325
0.370386
0.367453
0.364526
0.361606
0.358691
0.355782
0.352879
0.349982
0.347090
0.344204
0.341323
0.338447
0.335577
0.332711
0.329851
0.326996
0.324146
0.321300
0.318459
0.315623
0.312791
0.309964
0.307141
0.304327
0.301518
0.298715
0.295919
0.293129
0.290347
0.287571
0.284801
0.282038
0.279284
0.276539
0.273803
0.271075
0.268356
0.265646
0.262944
0.260249
0.257563
0.254885
0.252214
0.249551
0.246896
0.244247
0.241606
0.238972
0.236345
0.233725
0.231112
0.228505
0.225904
0.223310
0.220725
0.218150
0.215583
0.213026
0.210481
0.207949
0.205431
0.202927
0.200440
0.197969
0.195514
0.193075
0.190651
0.188242
0.185848
0.183468
0.181103
0.178752
0.176415
0.174092
0.171781
0.169484
0.167200
0.164929
0.162671
0.160429
0.158201
0.155988
0.153790
0.151606
0.149435
0.147279
0.145138
0.143013
0.140903
0.138810
0.136732
0.134669
0.132620
0.130586
0.128568
0.126570
0.124591
0.122632
0.120691
0.118772
0.116874
0.114999
0.113148
0.111319
0.109513
0.107730
0.105975
0.104246
0.102544
0.100869
0.099219
0.097595
0.095995
0.094422
0.092876
0.091357
0.089864
0.088396
0.086954
0.085536
0.084142
0.082773
0.081427
0.080103
0.078803
0.077525
0.076269
0.075034
0.073821
0.072628
0.071456
0.070304
0.069171
0.068058
0.066964
0.065889
0.064833
0.063794
0.062773
0.061770
0.060784
0.059815
0.058862
0.057926
0.057011
0.056111
0.055227
0.054358
0.053503
0.052664
0.051839
0.051028
0.050231
0.049447
0.048677
0.047920
0.047177
0.046446
0.045727
0.045021
0.044327
0.043644
0.042974
0.042315
0.041667
0.041031
0.040405
0.039790
0.039190
0.038601
0.038022
0.037453
0.036893
0.036348
0.035812
0.035286
0.034768
0.034260
0.033760
0.033269
0.032786
0.032311
0.031844
0.031386
0.030940
0.030502
0.030071
0.029648
0.029232
0.028823
0.028421
0.028026
0.027638
0.027257
0.026882
0.026513
0.026151
0.025795
0.025445
0.025101
0.024763
0.024430
0.024104
0.023783
0.023467
0.023157
0.022853
0.022553
0.022259
0.021969
0.021685
0.021406
0.021131
0.020861
0.020595
0.020335
0.020078
0.019826
0.019579
0.019335
0.019096
0.018861
0.018630
0.018403
0.018179
0.017960
0.017744
0.017532
0.017324
0.017119
0.016923
0.016730
0.016540
0.016354
0.016171
0.015991
0.015814
0.015644
0.015478
0.015315
0.015154
0.014997
0.014841
0.014689
0.014539
0.014392
0.014247
0.014105
0.013965
0.013828
0.013693
0.013560
0.013429
0.013301
0.013175
0.013051
0.012930
0.012810
0.012692
0.012581
0.012473
0.012366
0.012261
0.012162
0.012070
0.011980
0.011891
0.011809
0.011728
0.011648
0.011570
0.011493
0.011417
0.011343
0.011270
0.011198
0.011127
0.011058
0.010990
0.010923
0.010857
0.010792
0.010729
0.010666
0.010610
0.010554
0.010499
0.010446
0.010393
0.010341
0.010290
0.010245
0.010200
0.010156
0.010113
0.010071
0.010030
0.009989
0.009949
0.009909
0.009880
0.009852
0.009824
0.009796
0.009774
0.009752
0.009735
0.009719
0.009703
0.009687
0.009672
0.009666
0.009661
0.009656
0.009650
0.009645
0.009640
0.009635
0.009635
0.009635
0.009635
0.009635
0.009635
0.009635
0.009635
0.009635
0.009635
0.009635
0.009635
0.009635
0.009635
0.009635
0.009635
0.009635
0.009635
0.009635
0.009635
0.009635
0.009635
0.009635
0.009635
0.009635
0.009635
0.009635
0.009635
0.009635
0.009635
0.009635
0.009635
0.009635
0.009635
0.009635
0.009635
0.009635
0.009635
0.009635
0.009635
0.009635
0.009635
0.009635
0.009635
0.009635
0.009635
0.009635
0.009635
0.009635
0.009635
0.009635
0.009635
0.009635
0.009635
0.009635
0.009635
0.009635
0.009635
0.009635
0.009635
0.009635
0.009635
0.009635
0.009635
0.009635
0.009635
0.009635
0.009635
0.009635
0.009635
0.009635
0.009635
0.009635
0.009635
0.009635
0.009635
0.009635
0.009635
0.009635
0.009635
0.009635
0.009635
0.009635
0.009635
0.009635
0.009635
0.009635
0.009635
0.009635
0.009635
0.009635
0.009635
0.009635
0.009635
0.009635
0.009635
0.009635
0.009635
0.009635
0.009635
0.009635
0.009635
0.009635
0.009635
0.009635
0.009635
0.009635
0.009635
0.009635
0.009635
0.009635
0.009635
0.009635
0.009635
0.009635
0.009635
0.009635
0.009635
0.009635
0.009635
0.009635
0.009635
0.009635
0.009635
0.009635
0.009635
0.009635
0.009635
0.009635
0.009635
0.009635
0.009635
0.009635
0.009635
0.009635
0.009635
0.009635
0.009635
0.009635
0.009635
0.009635
0.009635
0.009635
0.009635
0.009635
0.009635
0.009635
0.009635
0.009635
0.009635
0.009635
0.009635
0.009635
0.009635
0.009635
0.009635
0.009635
0.009635
0.009635
0.009635
0.009635
0.009635
0.009635
0.009635
0.009635
0.009635
0.009635
0.009635
0.009635
0.009635
0.009635
0.009635
0.009635
0.009635
0.009635
0.009635
0.009635
0.009635
0.009635
0.009635
0.009635
0.009635
0.009635
0.009635
0.009635
0.009635
0.009635
0.009635
0.009635
0.009635
0.009635
0.009635
0.009635
0.009635
0.009635
0.009635
0.009635
0.009635
0.009635
0.009635
0.009635
0.009635
0.009635
0.009635
0.009635
0.009635
0.009635
0.009635
0.009635
0.009635
0.009635
0.009635
0.009635
0.009635
0.009635
0.009635
0.009635
0.009635
0.009635
0.009635
0.009635
0.009635
0.009635
0.009635
0.009635
0.009635
0.009635
0.009635
0.009635
0.009635
0.009635
0.009635
0.009635
0.009635
0.009635
0.009635
0.009635
0.009635
0.009635
0.009635
0.009635
0.009635
0.009635
0.009635
0.009635
0.009635
0.009635
0.009635
0.009635
0.009635
0.009635
0.009635
0.009635
0.009635
0.009635
0.009635
0.009635
0.009635
0.009635
0.009635
0.009635
0.009635
0.009635
0.009635
0.009635
0.009635
0.009635
0.009635
0.009635
0.009635
0.009635
0.009635
0.009635
0.009635
0.009635
0.009635
0.009635
0.009635
0.009635
0.009635
0.009635
0.009635
0.009635
0.009635
0.009635
0.009635
0.009635
0.009635
0.009635
0.009635
0.009635
0.009635
0.009635
0.009635
0.009635
0.009635
0.009635
0.009635
0.009635
0.009635
0.009635
0.009635
0.009635
0.009635
0.009635
0.009635
0.009635
0.009635
0.009635
0.009635
0.009635
0.009635
0.009635
0.009635
0.009635
0.009635
0.009635
0.009635
0.009635
0.009635
0.009635
0.009635
0.009635
0.009635
0.009635
0.009635
0.009635
0.009635
0.009635
0.009635
0.009635
0.009635
0.009635
0.009635
0.009635
0.009635
0.009635
0.009635
0.009635
0.009635
0.009635
0.009635
0.009635
0.009635
0.009635
0.009635
0.009635
0.009635
0.009635
0.009635
0.009635
0.009635
0.009635
0.009635
0.009635
0.009635
0.009635
0.009635
0.009635
0.009635
0.009635
0.009635
0.009635
0.009635
0.009635
0.009635
0.009635
0.009635
0.009635
0.009635
0.009635
0.009635
0.009635
0.009635
0.009635
0.009635
0.009635
0.009635
0.009635
0.009635
0.009635
0.009635
0.009635
0.009635
0.009635
0.009635
0.009635
0.009635
0.009635
0.009635
0.009635
0.009635
0.009635
0.009635
0.009635
0.009635
0.009635
0.009635
0.009635
0.009635
0.009635
0.009635
0.009635
0.009635
0.009635
0.009635
0.009635
0.009635
0.009635
0.009635
0.009635
0.009635
0.009635
0.009635
0.009635
0.009635
0.009635
0.009635
0.009635
0.009635
0.009635
0.009635
0.009635
0.009635
0.009635
0.009635
0.009635
0.009635
0.009635
0.009635
0.009635
0.009635
0.009635
0.009635
0.009635
0.009635
0.009635
0.009635
0.009635
0.009635
0.009635
0.009635
0.009635
0.009635
0.009635
0.009635
0.009635
0.009635
0.009635
0.009635
0.009635
0.009635
0.009635
0.009635
0.009635
0.009635
0.009635
0.009635
0.009635
0.009635
0.009635
0.009635
0.009635
0.009635
0.009635
0.009635
0.009635
0.009635
0.009635
0.009635
0.009635
0.009635
0.009635
0.009635
0.009635
0.009635
0.009635
0.009635
0.009635
0.009635
0.009635
0.009635
0.009635
0.009635
0.009635
0.009635
0.009635
0.009635
0.009635
0.009635
0.009635
0.009635
0.009635
0.009635
0.009635
0.009635
0.009635
0.009635
0.009635
0.009635
0.009635
0.009635
0.009635
0.009635
0.009635
0.009635
0.009635
0.009635
0.009635
0.009635
0.009635
0.009635
0.009635
0.009635
0.009635
0.009635
0.009635
0.009635
0.009635
0.009635
0.009635
0.009635
0.009635
0.009635
0.009635
0.009635
0.009635
0.009635
0.009635
0.009635
0.009635
0.009635
0.009635
0.009635
0.009635
0.009635
0.009635
0.009635
0.009635
0.009635
0.009635
0.009635
0.009635
0.009635
0.009635
0.009635
0.009635
0.009635
0.009635
0.009635
0.009635
0.009635
0.009635
0.009635
0.009635
0.009635
0.009635
0.009635
0.009635
0.009635
0.009635
0.009635
0.009635
0.009635
0.009635
0.009635
0.009635
0.009635
0.009635
0.009635
0.009635
0.009635
0.009635
0.009635
0.009635
0.009635
0.009635
0.009635
0.009635
0.009635
0.009635
0.009635
0.009635
0.009635
0.009635
0.009635
0.009635
0.009635
0.009635
0.009635
0.009635
0.009635
0.009635
0.009635
0.009635
0.009635
0.009635
0.009635
0.009635
0.009635
0.009635
0.009635
0.009635
0.009635
0.009635
0.009635
0.009635
0.009635
0.009635
0.009635
0.009635
0.009635
0.009635
0.009635
0.009635
0.009635
0.009635
0.009635
0.009635
0.009635
0.009635
0.009635
0.009635
0.009635
0.009635
0.009635
0.009635
0.009635
0.009635
0.009635
0.009635
0.009635
0.009635
0.009635
0.009635
0.009635
0.009635
0.009635
0.009635
0.009635
0.009635
0.009635
0.009635
0.009635
0.009635
0.009635
0.009635
0.009635
0.009635
0.009635
0.009635
0.009635
0.009635
0.009635
0.009635
0.009635
0.009635
0.009635
0.009635
0.009635
0.009635
0.009635
0.009635
0.009635
0.009635
0.009635
0.009635
0.009635
0.009635
0.009635
0.009635
0.009635
0.009635
0.009635
0.009635
0.009635
0.009635
0.009635
0.009635
0.009635
0.009635
0.009635
0.009635
0.009635
0.009635
0.009635
0.009635
0.009635
0.009635
0.009635
0.009635
0.009635
0.009635
0.009635
0.009635
0.009635
0.009635
0.009635
0.009635
0.009635
0.009635
0.009635
0.009635
0.009635
0.009635
0.009635
0.009635
0.009635
0.009635
0.009635
0.009635
0.009635
0.009635
0.009635
0.009635
0.009635
0.009635
0.009635
0.009635
0.009635
0.009635
0.009635
0.009635
0.009635
0.009635
0.009635
0.009635
0.009635
0.009635
0.009635
0.009635
0.009635
0.009635
0.009635
0.009635
0.009635
0.009635
0.009635
0.009635
0.009635
0.009635
0.009635
0.009635
0.009635
0.009635
0.009635
0.009635
0.009635
0.009635
0.009635
0.009635
0.009635
0.009635
0.009635
0.009635
0.009635
0.009635
0.009635
0.009635
0.009635
0.009635
0.009635
0.009635
0.009635
0.009635
0.009635
0.009635
0.009635
0.009635
0.009635
0.009635
0.009635
0.009635
0.009635
0.009635
0.009635
0.009635
0.009635
0.009635
0.009635
0.009635
0.009635
0.009635
0.009635
0.009635
0.009635
0.009635
0.009635
0.009635
0.009635
0.009635
0.009635
0.009635
0.009635
0.009635
0.009635
0.009635
0.009635
0.009635
0.009635
0.009635
0.009635
0.009635
0.009635
0.009635
0.009635
0.009635
0.009635
0.009635
0.009635
0.009635
0.009635
0.009635
0.009635
0.009635
0.009635
0.009635
0.009635
0.009635
0.009635
0.009635
0.009635
0.009635
0.009635
0.009635
0.009635
0.009635
0.009635
0.009635
0.009635
0.009635
0.009635
0.009635
0.009635
0.009635
0.009635
0.009635
0.009635
0.009635
0.009635
0.009635
0.009635
0.009635
0.009635
0.009635
0.009635
0.009635
0.009635
0.009635
0.009635
0.009635
0.009635
0.009635
0.009635
0.009635
0.009635
0.009635
0.009635
0.009635
0.009635
0.009635
0.009635
0.009635
0.009635
0.009635
0.009635
0.009635
0.009635
0.009635
0.009635
0.009635
0.009635
0.009635
0.009635
0.009635
0.009635
0.009635
0.009635
0.009635
0.009635
0.009635
0.009635
0.009635
0.009635
0.009635
0.009635
0.009635
0.009635
0.009635
0.009635
0.009635
0.009635
0.009635
0.009635
0.009635
0.009635
0.009635
0.009635
0.009635
0.009635
0.009635
0.009635
0.009635
0.009635
0.009635
0.009635
0.009635
0.009635
0.009635
0.009635
0.009635
0.009635
0.009635
0.009635
0.009635
0.009635
0.009635
0.009635
0.009635
0.009635
0.009635
0.009635
0.009635
0.009635
0.009635
0.009635
0.009635
0.009635
0.009635
0.009635
0.009635
0.009635
0.009635
0.009635
0.009635
0.009635
0.009635
0.009635
0.009635
0.009635
0.009635
0.009635
0.009635
0.009635
0.009635
0.009635
0.009635
0.009635
0.009635
0.009635
0.009635
0.009635
0.009635
0.009635
0.009635
0.009635
0.009635
0.009635
0.009635
0.009635
0.009635
0.009635
0.009635
0.009635
0.009635
0.009635
0.009635
0.009635
0.009635
0.009635
0.009635
0.009635
0.009635
0.009635
0.009635
0.009635
0.009635
0.009635
0.009635
0.009635
0.009635
0.009635
0.009635
0.009635
0.009635
0.009635
0.009635
0.009635
0.009635
0.009635
0.009635
0.009635
0.009635
0.009635
0.009635
0.009635
0.009635
0.009635
0.009635
0.009635
0.009635
0.009635
0.009635
0.009635
0.009635
0.009635
0.009635
0.009635
0.009635
0.009635
0.009635
0.009635
0.009635
0.009635
0.009635
0.009635
0.009635
0.009635
0.009635
0.009635
0.009635
0.009635
0.009635
0.009635
0.009635
0.009635
0.009635
0.009635
0.009635
0.009635
0.009635
0.009635
0.009635
0.009635
0.009635
0.009635
0.009635
0.009635
0.009635
0.009635
0.009635
0.009635
0.009635
0.009635
0.009635
0.009635
0.009635
0.009635
0.009635
0.009635
0.009635
0.009635
0.009635
0.009635
0.009635
0.009635
0.009635
0.009635
0.009635
0.009635
0.009635
0.009635
0.009635
0.009635
0.009635
0.009635
0.009635
0.009635
0.009635
0.009635
0.009635
0.009635
0.009635
0.009635
0.009635
0.009635
0.009635
0.009635
0.009635
0.009635
0.009635
0.009635
0.009635
0.009635
0.009635
0.009635
0.009635
0.009635
0.009635
0.009635
0.009635
0.009635
0.009635
0.009635
0.009635
0.009635
0.009635
0.009635
0.009635
0.009635
0.009635
0.009635
0.009635
0.009635
0.009635
0.009635
0.009635
0.009635
0.009635
0.009635
0.009635
0.009635
0.009635
0.009635
0.009635
0.009635
0.009635
0.009635
0.009635
0.009635
0.009635
0.009635
0.009635
0.009635
0.009635
0.009635
0.009635
0.009635
0.009635
0.009635
0.009635
0.009635
0.009635
0.009635
0.009635
0.009635
0.009635
0.009635
0.009635
0.009635
0.009635
0.009635
0.009635
0.009635
0.009635
0.009635
0.009635
0.009635
0.009635
0.009635
0.009635
0.009635
0.009635
0.009635
0.009635
0.009635
0.009635
0.009635
0.009635
0.009635
0.009635
0.009635
0.009635
0.009635
0.009635
0.009635
0.009635
0.009635
0.009635
0.009635
0.009635
0.009635
0.009635
0.009635
0.009635
0.009635
0.009635
0.009635
0.009635
0.009635
0.009635
0.009635
0.009635
0.009635
0.009635
0.009635
0.009635
0.009635
0.009635
0.009635
0.009635
0.009635
0.009635
0.009635
0.009635
0.009635
0.009635
0.009635
0.009635
0.009635
0.009635
0.009635
0.009635
0.009635
0.009635
0.009635
0.009635
0.009635
0.009635
0.009635
0.009635
0.009635
0.009635
0.009635
0.009635
0.009635
0.009635
0.009635
0.009635
0.009635
0.009635
0.009635
0.009635
0.009635
0.009635
0.009635
0.009635
0.009635
0.009635
0.009635
0.009635
0.009635
0.009635
0.009635
0.009635
0.009635
0.009635
0.009635
0.009635
0.009635
0.009635
0.009635
0.009635
0.009635
0.009635
0.009635
0.009635
0.009635
0.009635
0.009635
0.009635
0.009635
0.009635
0.009635
0.009635
0.009635
0.009635
0.009635
0.009635
0.009635
0.009635
0.009635
0.009635
0.009635
0.009635
0.009635
0.009635
0.009635
0.009635
0.009635
0.009635
0.009635
0.009635
0.009635
0.009635
0.009635
0.009635
0.009635
0.009635
0.009635
0.009635
0.009635
0.009635
0.009635
0.009635
0.009635
0.009635
0.009635
0.009635
0.009635
0.009635
0.009635
0.009635
0.009635
0.009635
0.009635
0.009635
0.009635
0.009635
0.009635
0.009635
0.009635
0.009635
0.009635
0.009635
0.009635
0.009635
0.009635
0.009635
0.009635
0.009635
0.009635
0.009635
0.009635
0.009635
0.009635
0.009635
0.009635
0.009635
0.009635
0.009635
0.009635
0.009635
0.009635
0.009635
0.009635
0.009635
0.009635
0.009635
0.009635
0.009635
0.009635
0.009635
0.009635
0.009635
0.009635
0.009635
0.009635
0.009635
0.009635
0.009635
0.009635
0.009635
0.009635
0.009635
0.009635
0.009635
0.009635
0.009635
0.009635
0.009635
0.009635
0.009635
0.009635
0.009635
0.009635
0.009635
0.009635
0.009635
0.009635
0.009635
0.009635
0.009635
0.009635
0.009635
0.009635
0.009635
0.009635
0.009635
0.009635
0.009635
0.009635
0.009635
0.009635
0.009635
0.009635
0.009635
0.009635
0.009635
0.009635
0.009635
0.009635
0.009635
0.009635
0.009635
0.009635
0.009635
0.009635
0.009635
0.009635
0.009635
0.009635
0.009635
0.009635
0.009635
0.009635
0.009635
0.009635
0.009635
0.009635
0.009635
0.009635
0.009635
0.009635
0.009635
0.009635
0.009635
0.009635
0.009635
0.009635
0.009635
0.009635
0.009635
0.009635
0.009635
0.009635
0.009635
0.009635
0.009635
0.009635
0.009635
0.009635
0.009635
0.009635
0.009635
0.009635
0.009635
0.009635
0.009635
0.009635
0.009635
0.009635
0.009635
0.009635
0.009635
0.009635
0.009635
0.009635
0.009635
0.009635
0.009635
0.009635
0.009635
0.009635
0.009635
0.009635
0.009635
0.009635
0.009635
0.009635
0.009635
0.009635
0.009635
0.009635
0.009635
0.009635
0.009635
0.009635
0.009635
0.009635
0.009635
0.009635
0.009635
0.009635
0.009635
0.009635
0.009635
0.009635
0.009635
0.009635
0.009635
0.009635
0.009635
0.009635
0.009635
0.009635
0.009635
0.009635
0.009635
0.009635
0.009635
0.009635
0.009635
0.009635
0.009635
0.009635
0.009635
0.009635
0.009635
0.009635
0.009635
0.009635
0.009635
0.009635
0.009635
0.009635
0.009635
0.009635
0.009635
0.009635
0.009635
0.009635
0.009635
0.009635
0.009635
0.009635
0.009635
0.009635
0.009635
0.009635
0.009635
0.009635
0.009635
0.009635
0.009635
0.009635
0.009635
0.009635
0.009635
0.009635
0.009635
0.009635
0.009635
0.009635
0.009635
0.009635
0.009635
0.009635
0.009635
0.009635
0.009635
0.009635
0.009635
0.009635
0.009635
0.009635
0.009635
0.009635
0.009635
0.009635
0.009635
0.009635
0.009635
0.009635
0.009635
0.009635
0.009635
0.009635
0.009635
0.009635
0.009635
0.009635
0.009635
0.009635
0.009635
0.009635
0.009635
0.009635
0.009635
0.009635
0.009635
0.009635
0.009635
0.009635
0.009635
0.009635
0.009635
0.009635
0.009635
0.009635
0.009635
0.009635
0.009635
0.009635
0.009635
0.009635
0.009635
0.009635
0.009635
0.009635
0.009635
0.009635
0.009635
0.009635
0.009635
0.009635
0.009635
0.009635
0.009635
0.009635
0.009635
0.009635
0.009635
0.009635
0.009635
0.009635
0.009635
0.009635
0.009635
0.009635
0.009635
0.009635
0.009635
0.009635
0.009635
0.009635
0.009635
0.009635
0.009635
0.009635
0.009635
0.009635
0.009635
0.009635
0.009635
0.009635
0.009635
0.009635
0.009635
0.009635
0.009635
0.009635
0.009635
0.009635
0.009635
0.009635
0.009635
0.009635
0.009635
0.009635
0.009635
0.009635
0.009635
0.009635
0.009635
0.009635
0.009635
0.009635
0.009635
0.009635
0.009635
0.009635
0.009635
0.009635
0.009635
0.009635
0.009635
0.009635
0.009635
0.009635
0.009635
0.009635
0.009635
0.009635
0.009635
0.009635
0.009635
0.009635
0.009635
0.009635
0.009635
0.009635
0.009635
0.009635
0.009635
0.009635
0.009635
0.009635
0.009635
0.009635
0.009635
0.009635
0.009635
0.009635
0.009635
0.009635
0.009635
0.009635
0.009635
0.009635
0.009635
0.009635
0.009635
0.009635
0.009635
0.009635
0.009635
0.009635
0.009635
0.009635
0.009635
0.009635
0.009635
0.009635
0.009635
0.009635
0.009635
0.009635
0.009635
0.009635
0.009635
0.009635
0.009635
0.009635
0.009635
0.009635
0.009635
0.009635
0.009635
0.009635
0.009635
0.009635
0.009635
0.009635
0.009635
0.009635
0.009635
0.009635
0.009635
0.009635
0.009635
0.009635
0.009635
0.009635
0.009635
0.009635
0.009635
0.009635
0.009635
0.009635
0.009635
0.009635
0.009635
0.009635
0.009635
0.009635
0.009635
0.009635
0.009635
0.009635
0.009635
0.009635
0.009635
0.009635
0.009635
0.009635
0.009635
0.009635
0.009635
0.009635
0.009635
0.009635
0.009635
0.009635
0.009635
0.009635
0.009635
0.009635
0.009635
0.009635
0.009635
0.009635
0.009635
0.009635
0.009635
0.009635
0.009635
0.009635
0.009635
0.009635
0.009635
0.009635
0.009635
0.009635
0.009635
0.009635
0.009635
0.009635
0.009635
0.009635
0.009635
0.009635
0.009635
0.009635
0.009635
0.009635
0.009635
0.009635
0.009635
0.009635
0.009635
0.009635
0.009635
0.009635
0.009635
0.009635
0.009635
0.009635
0.009635
0.009635
0.009635
0.009635
0.009635
0.009635
0.009635
0.009635
0.009635
0.009635
0.009635
0.009635
0.009635
0.009635
0.009635
0.009635
0.009635
0.009635
0.009635
0.009635
0.009635
0.009635
0.009635
0.009635
0.009635
0.009635
0.009635
0.009635
0.009635
0.009635
0.009635
0.009635
0.009635
0.009635
0.009635
0.009635
0.009635
0.009635
0.009635
0.009635
0.009635
0.009635
0.009635
0.009635
0.009635
0.009635
0.009635
0.009635
0.009635
0.009635
0.009635
0.009635
0.009635
0.009635
0.009635
0.009635
0.009635
0.009635
0.009635
0.009635
0.009635
0.009635
0.009635
0.009635
0.009635
0.009635
0.009635
0.009635
0.009635
0.009635
0.009635
0.009635
0.009635
0.009635
0.009635
0.009635
0.009635
0.009635
0.009635
0.009635
0.009635
0.009635
0.009635
0.009635
0.009635
0.009635
0.009635
0.009635
0.009635
0.009635
0.009635
0.009635
0.009635
0.009635
0.009635
0.009635
0.009635
0.009635
0.009635
0.009635
0.009635
0.009635
0.009635
0.009635
0.009635
0.009635
0.009635
0.009635
0.009635
0.009635
0.009635
0.009635
0.009635
0.009635
0.009635
0.009635
0.009635
0.009635
0.009635
0.009635
0.009635
0.009635
0.009635
0.009635
0.009635
0.009635
0.009635
0.009635
0.009635
0.009635
0.009635
0.009635
0.009635
0.009635
0.009635
0.009635
0.009635
0.009635
0.009635
0.009635
0.009635
0.009635
0.009635
0.009635
0.009635
0.009635
0.009635
0.009635
0.009635
0.009635
0.009635
0.009635
0.009635
0.009635
0.009635
0.009635
0.009635
0.009635
0.009635
0.009635
0.009635
0.009635
0.009635
0.009635
0.009635
0.009635
0.009635
0.009635
0.009635
0.009635
0.009635
0.009635
0.009635
0.009635
0.009635
0.009635
0.009635
0.009635
0.009635
0.009635
0.009635
0.009635
0.009635
0.009635
0.009635
0.009635
0.009635
0.009635
0.009635
0.009635
0.009635
0.009635
0.009635
0.009635
0.009635
0.009635
0.009635
0.009635
0.009635
0.009635
0.009635
0.009635
0.009635
0.009635
0.009635
0.009635
0.009635
0.009635
0.009635
0.009635
0.009635
0.009635
0.009635
0.009635
0.009635
0.009635
0.009635
0.009635
0.009635
0.009635
0.009635
0.009635
0.009635
0.009635
0.009635
0.009635
0.009635
0.009635
0.009635
0.009635
0.009635
0.009635
0.009635
0.009635
0.009635
0.009635
0.009635
0.009635
0.009635
0.009635
0.009635
0.009635
0.009635
0.009635
0.009635
0.009635
0.009635
0.009635
0.009635
0.009635
0.009635
0.009635
0.009635
0.009635
0.009635
0.009635
0.009635
0.009635
0.009635
0.009635
0.009635
0.009635
0.009635
0.009635
0.009635
0.009635
0.009635
0.009635
0.009635
0.009635
0.009635
0.009635
0.009635
0.009635
0.009635
0.009635
0.009635
0.009635
0.009635
0.009635
0.009635
0.009635
0.009635
0.009635
0.009635
0.009635
0.009635
0.009635
0.009635
0.009635
0.009635
0.009635
0.009635
0.009635
0.009635
0.009635
0.009635
0.009635
0.009635
0.009635
0.009635
0.009635
0.009635
0.009635
0.009635
0.009635
0.009635
0.009635
0.009635
0.009635
0.009635
0.009635
0.009635
0.009635
0.009635
0.009635
0.009635
0.009635
0.009635
0.009635
0.009635
0.009635
0.009635
0.009635
0.009635
0.009635
0.009635
0.009635
0.009635
0.009635
0.009635
0.009635
0.009635
0.009635
0.009635
0.009635
0.009635
0.009635
0.009635
0.009635
0.009635
0.009635
0.009635
0.009635
0.009635
0.009635
0.009635
0.009635
0.009635
0.009635
0.009635
0.009635
0.009635
0.009635
0.009635
0.009635
0.009635
0.009635
0.009635
0.009635
0.009635
0.009635
0.009635
0.009635
0.009635
0.009635
0.009635
0.009635
0.009635
0.009635
0.009635
0.009635
0.009635
0.009635
0.009635
0.009635
0.009635
0.009635
0.009635
0.009635
0.009635
0.009635
0.009635
0.009635
0.009635
0.009635
0.009635
0.009635
0.009635
0.009635
0.009635
0.009635
0.009635
0.009635
0.009635
0.009635
0.009635
0.009635
0.009635
0.009635
0.009635
0.009635
0.009635
0.009635
0.009635
0.009635
0.009635
0.009635
0.009635
0.009635
0.009635
0.009635
0.009635
0.009635
0.009635
0.009635
0.009635
0.009635
0.009635
0.009635
0.009635
0.009635
0.009635
0.009635
0.009635
0.009635
0.009635
0.009635
0.009635
0.009635
0.009635
0.009635
0.009635
0.009635
0.009635
0.009635
0.009635
0.009635
0.009635
0.009635
0.009635
0.009635
0.009635
0.009635
0.009635
0.009635
0.009635
0.009635
0.009635
0.009635
0.009635
0.009635
0.009635
0.009635
0.009635
0.009635
0.009635
0.009635
0.009635
0.009635
0.009635
0.009635
0.009635
0.009635
0.009635
0.009635
0.009635
0.009635
0.009635
0.009635
0.009635
0.009635
0.009635
0.009635
0.009635
0.009635
0.009635
0.009635
0.009635
0.009635
0.009635
0.009635
0.009635
0.009635
0.009635
0.009635
0.009635
0.009635
0.009635
0.009635
0.009635
0.009635
0.009635
0.009635
0.009635
0.009635
0.009635
0.009635
0.009635
0.009635
0.009635
0.009635
0.009635
0.009635
0.009635
0.009635
0.009635
0.009635
0.009635
0.009635
0.009635
0.009635
0.009635
0.009635
0.009635
0.009635
0.009635
0.009635
0.009635
0.009635
0.009635
0.009635
0.009635
0.009635
0.009635
0.009635
0.009635
0.009635
0.009635
0.009635
0.009635
0.009635
0.009635
0.009635
0.009635
0.009635
0.009635
0.009635
0.009635
0.009635
0.009635
0.009635
0.009635
0.009635
0.009635
0.009635
0.009635
0.009635
0.009635
0.009635
0.009635
0.009635
0.009635
0.009635
0.009635
0.009635
0.009635
0.009635
0.009635
0.009635
0.009635
0.009635
0.009635
0.009635
0.009635
0.009635
0.009635
0.009635
0.009635
0.009635
0.009635
0.009635
0.009635
0.009635
0.009635
0.009635
0.009635
0.009635
0.009635
0.009635
0.009635
0.009635
0.009635
0.009635
0.009635
0.009635
0.009635
0.009635
0.009635
0.009635
0.009635
0.009635
0.009635
0.009635
0.009635
0.009635
0.009635
0.009635
0.009635
0.009635
0.009635
0.009635
0.009635
0.009635
0.009635
0.009635
0.009635
0.009635
0.009635
0.009635
0.009635
0.009635
0.009635
0.009635
0.009635
0.009635
0.009635
0.009635
0.009635
0.009635
0.009635
0.009635
0.009635
0.009635
0.009635
0.009635
0.009635
0.009635
0.009635
0.009635
0.009635
0.009635
0.009635
0.009635
0.009635
0.009635
0.009635
0.009635
0.009635
0.009635
0.009635
0.009635
0.009635
0.009635
0.009635
0.009635
0.009635
0.009635
0.009635
0.009635
0.009635
0.009635
0.009635
0.009635
0.009635
0.009635
0.009635
0.009635
0.009635
0.009635
0.009635
0.009635
0.009635
0.009635
0.009635
0.009635
0.009635
0.009635
0.009635
0.009635
0.009635
0.009635
0.009635
0.009635
0.009635
0.009635
0.009635
0.009635
0.009635
0.009635
0.009635
0.009635
0.009635
0.009635
0.009635
0.009635
0.009635
0.009635
0.009635
0.009635
0.009635
0.009635
0.009635
0.009635
0.009635
0.009635
0.009635
0.009635
0.009635
0.009635
0.009635
0.009635
0.009635
0.009635
0.009635
0.009635
0.009635
0.009635
0.009635
0.009635
0.009635
0.009635
0.009635
0.009635
0.009635
0.009635
0.009635
0.009635
0.009635
4.018466
4.012911
4.007358
4.001806
3.996255
3.990706
3.985157
3.979610
3.974063
3.968518
3.962973
3.957430
3.951887
3.946346
3.940806
3.935266
3.929727
3.924190
3.918653
3.913117
3.907582
3.902048
3.896514
3.890982
3.885450
3.879919
3.874389
3.868859
3.863330
3.857802
3.852275
3.846749
3.841223
3.835698
3.830173
3.824649
3.819126
3.813604
3.808082
3.802561
3.797040
3.791520
3.786000
3.780481
3.774963
3.769445
3.763928
3.758412
3.752895
3.747380
3.741865
3.736350
3.730836
3.725322
3.719809
3.714297
3.708784
3.703273
3.697761
3.692250
3.686740
3.681230
3.675720
3.670211
3.664702
3.659194
3.653686
3.648178
3.642671
3.637164
3.631658
3.626152
3.620646
3.615140
3.609635
3.604130
3.598626
3.593122
3.587618
3.582114
3.576611
3.571108
3.565606
3.560103
3.554601
3.549100
3.543598
3.538097
3.532596
3.527095
3.521595
3.516095
3.510595
3.505095
3.499596
3.494096
3.488597
3.483099
3.477600
3.472102
3.466604
3.461106
3.455608
3.450111
3.444613
3.439116
3.433619
3.428123
3.422626
3.417130
3.411634
3.406138
3.400642
3.395151
3.389661
3.384175
3.378689
3.373204
3.367718
3.362232
3.356746
3.351261
3.345775
3.340289
3.334804
3.329318
3.323832
3.318346
3.312861
3.307375
3.301889
3.296404
3.290918
3.285432
3.279946
3.274461
3.268975
3.263489
3.258004
3.252518
3.247032
3.241546
3.236061
3.230575
3.225089
3.219604
3.214118
3.208632
3.203146
3.197661
3.192175
3.186689
3.181204
3.175718
3.170232
3.164746
3.159261
3.153775
3.148289
3.142804
3.137318
3.131832
3.126346
3.120861
3.115375
3.109889
3.104404
3.098918
3.093432
3.087946
3.082461
3.076975
3.071489
3.066004
3.060518
3.055032
3.049546
3.044061
3.038575
3.033089
3.027604
3.022118
3.016632
3.011146
3.005661
3.000175
2.994689
2.989204
2.983718
2.978232
2.972746
2.967261
2.961775
2.956289
2.950804
2.945318
2.939832
2.934346
2.928861
2.923375
2.917889
2.912404
2.906918
2.901432
2.895946
2.890461
2.884975
2.879489
2.874004
2.868518
2.863032
2.857546
2.852061
2.846575
2.841089
2.835604
2.830118
2.824632
2.819146
2.813661
2.808175
2.802689
2.797204
2.791718
2.786232
2.780746
2.775261
2.769775
2.764289
2.758804
2.753318
2.747832
2.742346
2.736861
2.731375
2.725889
2.720404
2.714918
2.709432
2.703946
2.698461
2.692975
2.687489
2.682004
2.676518
2.671032
2.665546
2.660061
2.654575
2.649089
2.643604
2.638118
2.632632
2.627146
2.621661
2.616175
2.610689
2.605204
2.599718
2.594232
2.588746
2.583261
2.577775
2.572289
2.566804
2.561318
2.555832
2.550346
2.544861
2.539375
2.533889
2.528404
2.522918
2.517432
2.511946
2.506461
2.500975
2.495489
2.490004
2.484518
2.479032
2.473546
2.468061
2.462575
2.457089
2.451604
2.446118
2.440632
2.435146
2.429661
2.424175
2.418689
2.413204
2.407718
2.402232
2.396746
2.391261
2.385775
2.380289
2.374804
2.369318
2.363832
2.358346
2.352861
2.347375
2.341889
2.336404
2.330918
2.325432
2.319946
2.314461
2.308975
2.303489
2.298006
2.292525
2.287047
2.281571
2.276099
2.270629
2.265162
2.259698
2.254236
2.248777
2.243320
2.237865
2.232413
2.226964
2.221516
2.216071
2.210629
2.205191
2.199758
2.194331
2.188908
2.183490
2.178077
2.172668
2.167264
2.161865
2.156470
2.151079
2.145692
2.140310
2.134932
2.129557
2.124187
2.118821
2.113458
2.108100
2.102744
2.097393
2.092045
2.086701
2.081360
2.076022
2.070688
2.065357
2.060030
2.054705
2.049384
2.044066
2.038750
2.033438
2.028128
2.022822
2.017518
2.012217
2.006919
2.001623
1.996330
1.991040
1.985752
1.980466
1.975183
1.969903
1.964624
1.959349
1.954075
1.948804
1.943534
1.938267
1.933002
1.927740
1.922479
1.917220
1.911963
1.906709
1.901456
1.896205
1.890956
1.885708
1.880463
1.875219
1.869977
1.864737
1.859498
1.854261
1.849026
1.843792
1.838560
1.833329
1.828100
1.822872
1.817646
1.812421
1.807198
1.801975
1.796755
1.791535
1.786317
1.781101
1.775885
1.770671
1.765458
1.760246
1.755035
1.749826
1.744618
1.739410
1.734204
1.728999
1.723795
1.718592
1.713390
1.708190
1.702990
1.697791
1.692593
1.687399
1.682209
1.677022
1.671839
1.666660
1.661485
1.656313
1.651144
1.645979
1.640817
1.635658
1.630503
1.625350
1.620201
1.615055
1.609912
1.604772
1.599634
1.594500
1.589368
1.584239
1.579113
1.573990
1.568869
1.563750
1.558634
1.553521
1.548410
1.543301
1.538195
1.533091
1.527989
1.522890
1.517793
1.512698
1.507605
1.502515
1.497429
1.492349
1.487273
1.482203
1.477136
1.472075
1.467018
1.461965
1.456917
1.451872
1.446833
1.441797
1.436765
1.431737
1.426713
1.421693
1.416677
1.411664
1.406655
1.401650
1.396648
1.391650
1.386655
1.381663
1.376675
1.371690
1.366708
1.361729
1.356753
1.351781
1.346816
1.341856
1.336901
1.331955
1.327017
1.322091
1.317175
1.312270
1.307376
1.302492
1.297619
1.292756
1.287902
1.283058
1.278224
1.273399
1.268584
1.263777
1.258980
1.254191
1.249411
1.244639
1.239876
1.235126
1.230383
1.225649
1.220922
1.216203
1.211491
1.206787
1.202089
1.197399
1.192716
1.188039
1.183370
1.178706
1.174050
1.169399
1.164755
1.160117
1.155490
1.150869
1.146253
1.141644
1.137039
1.132440
1.127847
1.123259
1.118676
1.114098
1.109525
1.104957
1.100394
1.095836
1.091282
1.086733
1.082188
1.077648
1.073112
1.068581
1.064054
1.059531
1.055012
1.050496
1.045985
1.041478
1.036975
1.032475
1.027979
1.023486
1.018997
1.014512
1.010030
1.005554
1.001087
0.996630
0.992181
0.987740
0.983309
0.978885
0.974470
0.970063
0.965664
0.961273
0.956889
0.952513
0.948145
0.943784
0.939429
0.935082
0.930742
0.926409
0.922082
0.917762
0.913449
0.909142
0.904841
0.900546
0.896257
0.891974
0.887697
0.883426
0.879160
0.874900
0.870645
0.866396
0.862152
0.857913
0.853679
0.849450
0.845228
0.841014
0.836812
0.832624
0.828449
0.824287
0.820137
0.816000
0.811875
0.807766
0.803675
0.799601
0.795544
0.791504
0.787480
0.783472
0.779480
0.775504
0.771543
0.767596
0.763665
0.759748
0.755845
0.751956
0.748082
0.744220
0.740374
0.736545
0.732735
0.728942
0.725163
0.721399
0.717649
0.713914
0.710193
0.706486
0.702794
0.699120
0.695464
0.691827
0.688208
0.684610
0.681032
0.677474
0.673935
0.670417
0.666917
0.663437
0.659975
0.656531
0.653105
0.649697
0.646306
0.642931
0.639574
0.636233
0.632908
0.629599
0.626306
0.623028
0.619765
0.616516
0.613283
0.610063
0.606858
0.603671
0.600498
0.597338
0.594191
0.591057
0.587935
0.584826
0.581729
0.578644
0.575571
0.572509
0.569459
0.566419
0.563391
0.560373
0.557366
0.554370
0.551383
0.548407
0.545441
0.542484
0.539537
0.536599
0.533671
0.530751
0.527840
0.524939
0.522045
0.519161
0.516284
0.513421
0.510565
0.507717
0.504882
0.502055
0.499239
0.496431
0.493629
0.490835
0.488047
0.485266
0.482491
0.479723
0.476961
0.474206
0.471456
0.468713
0.465978
0.463251
0.460534
0.457824
0.455123
0.452430
0.449745
0.447068
0.444398
0.441736
0.439082
0.436434
0.433794
0.431161
0.428535
0.425916
0.423303
0.420697
0.418098
0.415504
0.412918
0.410337
0.407762
0.405193
0.402630
0.400073
0.397521
0.394975
0.392435
0.389899
0.387369
0.384845
0.382325
0.379810
0.377300
0.374795
0.372295
0.369799
0.367308
0.364821
0.362339
0.359861
0.357388
0.354919
0.352453
0.349992
0.347535
0.345082
0.342636
0.340203
0.337782
0.335373
0.332976
0.330591
0.328217
0.325854
0.323508
0.321177
0.318857
0.316547
0.314248
0.311958
0.309678
0.307408
0.305148
0.302897
0.300655
0.298422
0.296198
0.293983
0.291776
0.289578
0.287388
0.285206
0.283032
0.280866
0.278709
0.276563
0.274427
0.272301
0.270185
0.268078
0.265982
0.263895
0.261817
0.259749
0.257689
0.255638
0.253596
0.251563
0.249538
0.247524
0.245521
0.243533
0.241556
0.239599
0.237652
0.235716
0.233792
0.231881
0.229982
0.228095
0.226224
0.224370
0.222527
0.220695
0.218874
0.217064
0.215264
0.213474
0.211698
0.209934
0.208183
0.206445
0.204718
0.203004
0.201301
0.199610
0.197930
0.196267
0.194614
0.192972
0.191340
0.189719
0.188108
0.186506
0.184915
0.183333
0.181761
0.180198
0.178649
0.177114
0.175588
0.174070
0.172565
0.171069
0.169580
0.168100
0.166627
0.165162
0.163704
0.162254
0.160811
0.159374
0.157945
0.156523
0.155108
0.153699
0.152297
0.150901
0.149511
0.148128
0.146751
0.145379
0.144014
0.142654
0.141301
0.139957
0.138621
0.137293
0.135973
0.134661
0.133357
0.132060
0.130771
0.129490
0.128216
0.126949
0.125689
0.124435
0.123189
0.121949
0.120716
0.119490
0.118269
0.117055
0.115847
0.114645
0.113449
0.112259
0.111074
0.109895
0.108722
0.107554
0.106391
0.105234
0.104081
0.102934
0.101792
0.100655
0.099522
0.098394
0.097271
0.096152
0.095038
0.093928
0.092823
0.091722
0.090625
0.089532
0.088443
0.087358
0.086277
0.085200
0.084127
0.083062
0.082001
0.080943
0.079891
0.078844
0.077804
0.076770
0.075742
0.074720
0.073704
0.072696
0.071697
0.070707
0.069724
0.068750
0.067783
0.066824
0.065873
0.064929
0.063993
0.063064
0.062142
0.061226
0.060319
0.059422
0.058534
0.057658
0.056794
0.055942
0.055102
0.054273
0.053456
0.052649
0.051854
0.051069
0.050296
0.049536
0.048788
0.048054
0.047333
0.046623
0.045926
0.045241
0.044567
0.043906
0.043255
0.042616
0.041987
0.041374
0.040782
0.040199
0.039627
0.039064
0.038511
0.037968
0.037434
0.036909
0.036393
0.035885
0.035387
0.034897
0.034415
0.033942
0.033477
0.033020
0.032570
0.032129
0.031695
0.031268
0.030849
0.030437
0.030031
0.029633
0.029242
0.028857
0.028479
0.028108
0.027748
0.027393
0.027045
0.026703
0.026367
0.026037
0.025712
0.025392
0.025079
0.024770
0.024467
0.024169
0.023876
0.023589
0.023311
0.023038
0.022769
0.022505
0.022246
0.021991
0.021740
0.021499
0.021261
0.021028
0.020799
0.020574
0.020352
0.020135
0.019921
0.019710
0.019504
0.019301
0.019101
0.018910
0.018722
0.018537
0.018355
0.018177
0.018001
0.017829
0.017659
0.017493
0.017329
0.017168
0.017010
0.016854
0.016701
0.016551
0.016403
0.016258
0.016116
0.015976
0.015838
0.015702
0.015569
0.015439
0.015310
0.015184
0.015060
0.014937
0.014818
0.014700
0.014584
0.014470
0.014358
0.014248
0.014140
0.014033
0.013929
0.013826
0.013725
0.013626
0.013529
0.013433
0.013339
0.013246
0.013155
0.013066
0.012978
0.012892
0.012812
0.012733
0.012656
0.012580
0.012505
0.012431
0.012359
0.012288
0.012219
0.012150
0.012083
0.012017
0.011952
0.011888
0.011825
0.011763
0.011702
0.011643
0.011584
0.011526
0.011470
0.011414
0.011359
0.011305
0.011253
0.011201
0.011150
0.011099
0.011050
0.011002
0.010954
0.010907
0.010861
0.010816
0.010771
0.010728
0.010685
0.010642
0.010601
0.010560
0.010520
0.010481
0.010442
0.010404
0.010367
0.010330
0.010294
0.010258
0.010223
0.010189
0.010155
0.010122
0.010094
0.010067
0.010040
0.010014
0.009988
0.009962
0.009942
0.009922
0.009903
0.009884
0.009865
0.009847
0.009828
0.009811
0.009793
0.009776
0.009759
0.009742
0.009726
0.009710
0.009699
0.009688
0.009682
0.009676
0.009671
0.009665
0.009660
0.009655
0.009650
0.009644
0.009639
0.009634
0.009634
0.009634
0.009634
0.009634
0.009634
0.009634
0.009634
0.009634
0.009634
0.009634
0.009634
0.009634
0.009634
0.009634
0.009634
0.009634
0.009634
0.009634
0.009634
0.009634
0.009634
0.009634
0.009634
0.009634
0.009634
0.009634
0.009634
0.009634
0.009634
0.009634
0.009634
0.009634
0.009634
0.009634
0.009634
0.009634
0.009634
0.009634
0.009634
0.009634
0.009634
0.009634
0.009634
0.009634
0.009634
0.009634
0.009634
0.009634
0.009634
0.009634
0.009634
0.009634
0.009634
0.009634
0.009634
0.009634
0.009634
0.009634
0.009634
0.009634
0.009634
0.009634
0.009634
0.009634
0.009634
0.009634
0.009634
0.009634
0.009634
0.009634
0.009634
0.009634
0.009634
0.009634
0.009634
0.009634
0.009634
0.009634
0.009634
0.009634
0.009634
0.009634
0.009634
0.009634
0.009634
0.009634
0.009634
0.009634
0.009634
0.009634
0.009634
0.009634
0.009634
0.009634
0.009634
0.009634
0.009634
0.009634
0.009634
0.009634
0.009634
0.009634
0.009634
0.009634
0.009634
0.009634
0.009634
0.009634
0.009634
0.009634
0.009634
0.009634
0.009634
0.009634
0.009634
0.009634
0.009634
0.009634
0.009634
0.009634
0.009634
0.009634
0.009634
0.009634
0.009634
0.009634
0.009634
0.009634
0.009634
0.009634
0.009634
0.009634
0.009634
0.009634
0.009634
0.009634
0.009634
0.009634
0.009634
0.009634
0.009634
0.009634
0.009634
0.009634
0.009634
0.009634
0.009634
0.009634
0.009634
0.009634
0.009634
0.009634
0.009634
0.009634
0.009634
0.009634
0.009634
0.009634
0.009634
0.009634
0.009634
0.009634
0.009634
0.009634
0.009634
0.009634
0.009634
0.009634
0.009634
0.009634
0.009634
0.009634
0.009634
0.009634
0.009634
0.009634
0.009634
0.009634
0.009634
0.009634
0.009634
0.009634
0.009634
0.009634
0.009634
0.009634
0.009634
0.009634
0.009634
0.009634
0.009634
0.009634
0.009634
0.009634
0.009634
0.009634
0.009634
0.009634
0.009634
0.009634
0.009634
0.009634
0.009634
0.009634
0.009634
0.009634
0.009634
0.009634
0.009634
0.009634
0.009634
0.009634
0.009634
0.009634
0.009634
0.009634
0.009634
0.009634
0.009634
0.009634
0.009634
0.009634
0.009634
0.009634
0.009634
0.009634
0.009634
0.009634
0.009634
0.009634
0.009634
0.009634
0.009634
0.009634
0.009634
0.009634
0.009634
0.009634
0.009634
0.009634
0.009634
0.009634
0.009634
0.009634
0.009634
0.009634
0.009634
0.009634
0.009634
0.009634
0.009634
0.009634
0.009634
0.009634
0.009634
0.009634
0.009634
0.009634
0.009634
0.009634
0.009634
0.009634
0.009634
0.009634
0.009634
0.009634
0.009634
0.009634
0.009634
0.009634
0.009634
0.009634
0.009634
0.009634
0.009634
0.009634
0.009634
0.009634
0.009634
0.009634
0.009634
0.009634
0.009634
0.009634
0.009634
0.009634
0.009634
0.009634
0.009634
0.009634
0.009634
0.009634
0.009634
0.009634
0.009634
0.009634
0.009634
0.009634
0.009634
0.009634
0.009634
0.009634
0.009634
0.009634
0.009634
0.009634
0.009634
0.009634
0.009634
0.009634
0.009634
0.009634
0.009634
0.009634
0.009634
0.009634
0.009634
0.009634
0.009634
0.009634
0.009634
0.009634
0.009634
0.009634
0.009634
0.009634
0.009634
0.009634
0.009634
0.009634
0.009634
0.009634
0.009634
0.009634
0.009634
0.009634
0.009634
0.009634
0.009634
0.009634
0.009634
0.009634
0.009634
0.009634
0.009634
0.009634
0.009634
0.009634
0.009634
0.009634
0.009634
0.009634
0.009634
0.009634
0.009634
0.009634
0.009634
0.009634
0.009634
0.009634
0.009634
0.009634
0.009634
0.009634
0.009634
0.009634
0.009634
0.009634
0.009634
0.009634
0.009634
0.009634
0.009634
0.009634
0.009634
0.009634
0.009634
0.009634
0.009634
0.009634
0.009634
0.009634
0.009634
0.009634
0.009634
0.009634
0.009634
0.009634
0.009634
0.009634
0.009634
0.009634
0.009634
0.009634
0.009634
0.009634
0.009634
0.009634
0.009634
0.009634
0.009634
0.009634
0.009634
0.009634
0.009634
0.009634
0.009634
0.009634
0.009634
0.009634
0.009634
0.009634
0.009634
0.009634
0.009634
0.009634
0.009634
0.009634
0.009634
0.009634
0.009634
0.009634
0.009634
0.009634
0.009634
0.009634
0.009634
0.009634
0.009634
0.009634
0.009634
0.009634
0.009634
0.009634
0.009634
0.009634
0.009634
0.009634
0.009634
0.009634
0.009634
0.009634
0.009634
0.009634
0.009634
0.009634
0.009634
0.009634
0.009634
0.009634
0.009634
0.009634
0.009634
0.009634
0.009634
0.009634
0.009634
0.009634
0.009634
0.009634
0.009634
0.009634
0.009634
0.009634
0.009634
0.009634
0.009634
0.009634
0.009634
0.009634
0.009634
0.009634
0.009634
0.009634
0.009634
0.009634
0.009634
0.009634
0.009634
0.009634
0.009634
0.009634
0.009634
0.009634
0.009634
0.009634
0.009634
0.009634
0.009634
0.009634
0.009634
0.009634
0.009634
0.009634
0.009634
0.009634
0.009634
0.009634
0.009634
0.009634
0.009634
0.009634
0.009634
0.009634
0.009634
0.009634
0.009634
0.009634
0.009634
0.009634
0.009634
0.009634
0.009634
0.009634
0.009634
0.009634
0.009634
0.009634
0.009634
0.009634
0.009634
0.009634
0.009634
0.009634
0.009634
0.009634
0.009634
0.009634
0.009634
0.009634
0.009634
0.009634
0.009634
0.009634
0.009634
0.009634
0.009634
0.009634
0.009634
0.009634
0.009634
0.009634
0.009634
0.009634
0.009634
0.009634
0.009634
0.009634
0.009634
0.009634
0.009634
0.009634
0.009634
0.009634
0.009634
0.009634
0.009634
0.009634
0.009634
0.009634
0.009634
0.009634
0.009634
0.009634
0.009634
0.009634
0.009634
0.009634
0.009634
0.009634
0.009634
0.009634
0.009634
0.009634
0.009634
0.009634
0.009634
0.009634
0.009634
0.009634
0.009634
0.009634
0.009634
0.009634
0.009634
0.009634
0.009634
0.009634
0.009634
0.009634
0.009634
0.009634
0.009634
0.009634
0.009634
0.009634
0.009634
0.009634
0.009634
0.009634
0.009634
0.009634
0.009634
0.009634
0.009634
0.009634
0.009634
0.009634
0.009634
0.009634
0.009634
0.009634
0.009634
0.009634
0.009634
0.009634
0.009634
0.009634
0.009634
0.009634
0.009634
0.009634
0.009634
0.009634
0.009634
0.009634
0.009634
0.009634
0.009634
0.009634
0.009634
0.009634
0.009634
0.009634
0.009634
0.009634
0.009634
0.009634
0.009634
0.009634
0.009634
0.009634
0.009634
0.009634
0.009634
0.009634
0.009634
0.009634
0.009634
0.009634
0.009634
0.009634
0.009634
0.009634
0.009634
0.009634
0.009634
0.009634
0.009634
0.009634
0.009634
0.009634
0.009634
0.009634
0.009634
0.009634
0.009634
0.009634
0.009634
0.009634
0.009634
0.009634
0.009634
0.009634
0.009634
0.009634
0.009634
0.009634
0.009634
0.009634
0.009634
0.009634
0.009634
0.009634
0.009634
0.009634
0.009634
0.009634
0.009634
0.009634
0.009634
0.009634
0.009634
0.009634
0.009634
0.009634
0.009634
0.009634
0.009634
0.009634
0.009634
0.009634
0.009634
0.009634
0.009634
0.009634
0.009634
0.009634
0.009634
0.009634
0.009634
0.009634
0.009634
0.009634
0.009634
0.009634
0.009634
0.009634
0.009634
0.009634
0.009634
0.009634
0.009634
0.009634
0.009634
0.009634
0.009634
0.009634
0.009634
0.009634
0.009634
0.009634
0.009634
0.009634
0.009634
0.009634
0.009634
0.009634
0.009634
0.009634
0.009634
0.009634
0.009634
0.009634
0.009634
0.009634
0.009634
0.009634
0.009634
0.009634
0.009634
0.009634
0.009634
0.009634
0.009634
0.009634
0.009634
0.009634
0.009634
0.009634
0.009634
0.009634
0.009634
0.009634
0.009634
0.009634
0.009634
0.009634
0.009634
0.009634
0.009634
0.009634
0.009634
0.009634
0.009634
0.009634
0.009634
0.009634
0.009634
0.009634
0.009634
0.009634
0.009634
0.009634
0.009634
0.009634
0.009634
0.009634
0.009634
0.009634
0.009634
0.009634
0.009634
0.009634
0.009634
0.009634
0.009634
0.009634
0.009634
0.009634
0.009634
0.009634
0.009634
0.009634
0.009634
0.009634
0.009634
0.009634
0.009634
0.009634
0.009634
0.009634
0.009634
0.009634
0.009634
0.009634
0.009634
0.009634
0.009634
0.009634
0.009634
0.009634
0.009634
0.009634
0.009634
0.009634
0.009634
0.009634
0.009634
0.009634
0.009634
0.009634
0.009634
0.009634
0.009634
0.009634
0.009634
0.009634
0.009634
0.009634
0.009634
0.009634
0.009634
0.009634
0.009634
0.009634
0.009634
0.009634
0.009634
0.009634
0.009634
0.009634
0.009634
0.009634
0.009634
0.009634
0.009634
0.009634
0.009634
0.009634
0.009634
0.009634
0.009634
0.009634
0.009634
0.009634
0.009634
0.009634
0.009634
0.009634
0.009634
0.009634
0.009634
0.009634
0.009634
0.009634
0.009634
0.009634
0.009634
0.009634
0.009634
0.009634
0.009634
0.009634
0.009634
0.009634
0.009634
0.009634
0.009634
0.009634
0.009634
0.009634
0.009634
0.009634
0.009634
0.009634
0.009634
0.009634
0.009634
0.009634
0.009634
0.009634
0.009634
0.009634
0.009634
0.009634
0.009634
0.009634
0.009634
0.009634
0.009634
0.009634
0.009634
0.009634
0.009634
0.009634
0.009634
0.009634
0.009634
0.009634
0.009634
0.009634
0.009634
0.009634
0.009634
0.009634
0.009634
0.009634
0.009634
0.009634
0.009634
0.009634
0.009634
0.009634
0.009634
0.009634
0.009634
0.009634
0.009634
0.009634
0.009634
0.009634
0.009634
0.009634
0.009634
0.009634
0.009634
0.009634
0.009634
0.009634
0.009634
0.009634
0.009634
0.009634
0.009634
0.009634
0.009634
0.009634
0.009634
0.009634
0.009634
0.009634
0.009634
0.009634
0.009634
0.009634
0.009634
0.009634
0.009634
0.009634
0.009634
0.009634
0.009634
0.009634
0.009634
0.009634
0.009634
0.009634
0.009634
0.009634
0.009634
0.009634
0.009634
0.009634
0.009634
0.009634
0.009634
0.009634
0.009634
0.009634
0.009634
0.009634
0.009634
0.009634
0.009634
0.009634
0.009634
0.009634
0.009634
0.009634
0.009634
0.009634
0.009634
0.009634
0.009634
0.009634
0.009634
0.009634
0.009634
0.009634
0.009634
0.009634
0.009634
0.009634
0.009634
0.009634
0.009634
0.009634
0.009634
0.009634
0.009634
0.009634
0.009634
0.009634
0.009634
0.009634
0.009634
0.009634
0.009634
0.009634
0.009634
0.009634
0.009634
0.009634
0.009634
0.009634
0.009634
0.009634
0.009634
0.009634
0.009634
0.009634
0.009634
0.009634
0.009634
0.009634
0.009634
0.009634
0.009634
0.009634
0.009634
0.009634
0.009634
0.009634
0.009634
0.009634
0.009634
0.009634
0.009634
0.009634
0.009634
0.009634
0.009634
0.009634
0.009634
0.009634
0.009634
0.009634
0.009634
0.009634
0.009634
0.009634
0.009634
0.009634
0.009634
0.009634
0.009634
0.009634
0.009634
0.009634
0.009634
0.009634
0.009634
0.009634
0.009634
0.009634
0.009634
0.009634
0.009634
0.009634
0.009634
0.009634
0.009634
0.009634
0.009634
0.009634
0.009634
0.009634
0.009634
0.009634
0.009634
0.009634
0.009634
0.009634
0.009634
0.009634
0.009634
0.009634
0.009634
0.009634
0.009634
0.009634
0.009634
0.009634
0.009634
0.009634
0.009634
0.009634
0.009634
0.009634
0.009634
0.009634
0.009634
0.009634
0.009634
0.009634
0.009634
0.009634
0.009634
0.009634
0.009634
0.009634
0.009634
0.009634
0.009634
0.009634
0.009634
0.009634
0.009634
0.009634
0.009634
0.009634
0.009634
0.009634
0.009634
0.009634
0.009634
0.009634
0.009634
0.009634
0.009634
0.009634
0.009634
0.009634
0.009634
0.009634
0.009634
0.009634
0.009634
0.009634
0.009634
0.009634
0.009634
0.009634
0.009634
0.009634
0.009634
0.009634
0.009634
0.009634
0.009634
0.009634
0.009634
0.009634
0.009634
0.009634
0.009634
0.009634
0.009634
0.009634
0.009634
0.009634
0.009634
0.009634
0.009634
0.009634
0.009634
0.009634
0.009634
0.009634
0.009634
0.009634
0.009634
0.009634
0.009634
0.009634
0.009634
0.009634
0.009634
0.009634
0.009634
0.009634
0.009634
0.009634
0.009634
0.009634
0.009634
0.009634
0.009634
0.009634
0.009634
0.009634
0.009634
0.009634
0.009634
0.009634
0.009634
0.009634
0.009634
0.009634
0.009634
0.009634
0.009634
0.009634
0.009634
0.009634
0.009634
0.009634
0.009634
0.009634
0.009634
0.009634
0.009634
0.009634
0.009634
0.009634
0.009634
0.009634
0.009634
0.009634
0.009634
0.009634
0.009634
0.009634
0.009634
0.009634
0.009634
0.009634
0.009634
0.009634
0.009634
0.009634
0.009634
0.009634
0.009634
0.009634
0.009634
0.009634
0.009634
0.009634
0.009634
0.009634
0.009634
0.009634
0.009634
0.009634
0.009634
0.009634
0.009634
0.009634
0.009634
0.009634
0.009634
0.009634
0.009634
0.009634
0.009634
0.009634
0.009634
0.009634
0.009634
0.009634
0.009634
0.009634
0.009634
0.009634
0.009634
0.009634
0.009634
0.009634
0.009634
0.009634
0.009634
0.009634
0.009634
0.009634
0.009634
0.009634
0.009634
0.009634
0.009634
0.009634
0.009634
0.009634
0.009634
0.009634
0.009634
0.009634
0.009634
0.009634
0.009634
0.009634
0.009634
0.009634
0.009634
0.009634
0.009634
0.009634
0.009634
0.009634
0.009634
0.009634
0.009634
0.009634
0.009634
0.009634
0.009634
0.009634
0.009634
0.009634
0.009634
0.009634
0.009634
0.009634
0.009634
0.009634
0.009634
0.009634
0.009634
0.009634
0.009634
0.009634
0.009634
0.009634
0.009634
0.009634
0.009634
0.009634
0.009634
0.009634
0.009634
0.009634
0.009634
0.009634
0.009634
0.009634
0.009634
0.009634
0.009634
0.009634
0.009634
0.009634
0.009634
0.009634
0.009634
0.009634
0.009634
0.009634
0.009634
0.009634
0.009634
0.009634
0.009634
0.009634
0.009634
0.009634
0.009634
0.009634
0.009634
0.009634
0.009634
0.009634
0.009634
0.009634
0.009634
0.009634
0.009634
0.009634
0.009634
0.009634
0.009634
0.009634
0.009634
0.009634
0.009634
0.009634
0.009634
0.009634
0.009634
0.009634
0.009634
0.009634
0.009634
0.009634
0.009634
0.009634
0.009634
0.009634
0.009634
0.009634
0.009634
0.009634
0.009634
0.009634
0.009634
0.009634
0.009634
0.009634
0.009634
0.009634
0.009634
0.009634
0.009634
0.009634
0.009634
0.009634
0.009634
0.009634
0.009634
0.009634
0.009634
0.009634
0.009634
0.009634
0.009634
0.009634
0.009634
0.009634
0.009634
0.009634
0.009634
0.009634
0.009634
0.009634
0.009634
0.009634
0.009634
0.009634
0.009634
0.009634
0.009634
0.009634
0.009634
0.009634
0.009634
0.009634
0.009634
0.009634
0.009634
0.009634
0.009634
0.009634
0.009634
0.009634
0.009634
0.009634
0.009634
0.009634
0.009634
0.009634
0.009634
0.009634
0.009634
0.009634
0.009634
0.009634
0.009634
0.009634
0.009634
0.009634
0.009634
0.009634
0.009634
0.009634
0.009634
0.009634
0.009634
0.009634
0.009634
0.009634
0.009634
0.009634
0.009634
0.009634
0.009634
0.009634
0.009634
0.009634
0.009634
0.009634
0.009634
0.009634
0.009634
0.009634
0.009634
0.009634
0.009634
0.009634
0.009634
0.009634
0.009634
0.009634
0.009634
0.009634
0.009634
0.009634
0.009634
0.009634
0.009634
0.009634
0.009634
0.009634
0.009634
0.009634
0.009634
0.009634
0.009634
0.009634
0.009634
0.009634
0.009634
0.009634
0.009634
0.009634
0.009634
0.009634
0.009634
0.009634
0.009634
0.009634
0.009634
0.009634
0.009634
0.009634
0.009634
0.009634
0.009634
0.009634
0.009634
0.009634
0.009634
0.009634
0.009634
0.009634
0.009634
0.009634
0.009634
0.009634
0.009634
0.009634
0.009634
0.009634
0.009634
0.009634
0.009634
0.009634
0.009634
0.009634
0.009634
0.009634
0.009634
0.009634
0.009634
0.009634
0.009634
0.009634
0.009634
0.009634
0.009634
0.009634
0.009634
0.009634
