0.610928
0.610928
0.610928
0.610928
0.610928
0.610928
0.610928
0.610928
0.610928
0.610928
0.610928
0.610928
0.610928
0.610928
0.610928
0.610928
0.610928
0.610928
0.610928
0.610928
0.610928
0.610928
0.610942
0.610956
0.610713
0.610332
0.609620
0.608607
0.606992
0.605010
0.602713
0.599442
0.595929
0.592424
0.588810
0.585155
0.581798
0.578353
0.575158
0.571727
0.568481
0.564939
0.561353
0.557758
0.554088
0.550485
0.547024
0.543642
0.540144
0.536666
0.533018
0.529565
0.526084
0.522573
0.519083
0.515792
0.512177
0.508739
0.505219
0.501840
0.498470
0.495013
0.491508
0.488299
0.484897
0.481433
0.478105
0.474718
0.471338
0.468014
0.464732
0.461316
0.457877
0.454680
0.451235
0.448038
0.444739
0.441520
0.437989
0.434861
0.431673
0.428213
0.425026
0.421923
0.418539
0.415284
0.412049
0.408805
0.405723
0.402397
0.399106
0.396049
0.392868
0.389623
0.386552
0.383223
0.380333
0.377055
0.374112
0.370948
0.367858
0.364629
0.361654
0.358615
0.355468
0.352486
0.349374
0.346538
0.343473
0.340464
0.337583
0.334620
0.331741
0.328688
0.325778
0.322853
0.320046
0.317113
0.314243
0.311457
0.308606
0.305752
0.302891
0.300190
0.297323
0.294529
0.291874
0.289068
0.286216
0.283746
0.280982
0.278416
0.275605
0.273110
0.270360
0.267839
0.265236
0.262688
0.260265
0.257519
0.254958
0.252564
0.250013
0.247735
0.245228
0.242701
0.240310
0.238074
0.235529
0.233166
0.230775
0.228529
0.226265
0.223974
0.221787
0.219441
0.217246
0.214868
0.212699
0.210494
0.208369
0.206247
0.203984
0.201853
0.199721
0.197518
0.195595
0.193444
0.191386
0.189364
0.187168
0.185168
0.183099
0.181134
0.179125
0.177111
0.175127
0.173221
0.171191
0.169411
0.167574
0.165631
0.163833
0.161744
0.160103
0.158115
0.156372
0.154610
0.152802
0.151187
0.149360
0.147699
0.145990
0.144147
0.142563
0.141015
0.139203
0.137645
0.136075
0.134480
0.132941
0.131324
0.129719
0.128230
0.126628
0.125124
0.123628
0.122143
0.120566
0.119288
0.117737
0.116244
0.114807
0.113282
0.112044
0.110668
0.109192
0.108012
0.106631
0.105220
0.103933
0.102530
0.101360
0.100093
0.098787
0.097593
0.096264
0.095168
0.094035
0.092723
0.091498
0.090450
0.089284
0.088162
0.087094
0.085872
0.084789
0.083775
0.082563
0.081459
0.080550
0.079510
0.078309
0.077408
0.076482
0.075396
0.074367
0.073482
0.072623
0.071716
0.070671
0.069774
0.068947
0.067930
0.067164
0.066400
0.065442
0.064574
0.063841
0.062833
0.062173
0.061446
0.060517
0.059803
0.058974
0.058312
0.057590
0.056719
0.056179
0.055465
0.054646
0.054122
0.053216
0.052634
0.052013
0.051241
0.050637
0.050035
0.049441
0.048756
0.048152
0.047520
0.046837
0.046373
0.045653
0.045112
0.044640
0.044095
0.043574
0.042892
0.042374
0.041883
0.041345
0.040862
0.040399
0.039994
0.039386
0.038796
0.038337
0.037851
0.037508
0.036945
0.036455
0.036165
0.035583
0.035210
0.034710
0.034302
0.033791
0.033429
0.033109
0.032681
0.032261
0.031940
0.031402
0.031002
0.030772
0.030278
0.029878
0.029691
0.029234
0.028833
0.028634
0.028306
0.027892
0.027515
0.027241
0.026947
0.026603
0.026299
0.025916
0.025634
0.025402
0.025131
0.024819
0.024501
0.024216
0.024059
0.023671
0.023418
0.023182
0.022953
0.022722
0.022423
0.022071
0.021963
0.021676
0.021396
0.021112
0.020903
0.020532
0.020426
0.020174
0.019925
0.019814
0.019500
0.019338
0.019119
0.018936
0.018834
0.018440
0.018333
0.018186
0.017900
0.017793
0.017633
0.017315
0.017278
0.017114
0.016902
0.016769
0.016632
0.016275
0.016250
0.016193
0.015880
0.015764
0.015657
0.015419
0.015340
0.015155
0.015155
0.014940
0.014779
0.014753
0.014396
0.014396
0.014285
0.014156
0.013941
0.013941
0.013780
0.013674
0.013517
0.013517
0.013411
0.013294
0.013137
0.013078
0.013021
0.012967
0.012753
0.012653
0.012596
0.012596
0.012547
0.012347
0.012309
0.012252
0.012202
0.012116
0.011999
0.011935
0.011828
0.011828
0.011828
0.011771
0.011567
0.011484
0.011484
0.011484
0.011349
0.011349
0.011193
0.011110
0.011110
0.011061
0.011004
0.011004
0.010904
0.010794
0.010718
0.010718
0.010661
0.010631
0.010631
0.010532
0.010416
0.010334
0.010334
0.010334
0.010277
0.010228
0.010228
0.010133
0.010133
0.010079
0.010054
0.009996
0.009947
0.009947
0.009947
0.009909
0.009852
0.009852
0.009852
0.009777
0.009720
0.009720
0.009720
0.009720
0.009720
0.009625
0.009575
0.009575
0.009575
0.009575
0.009492
0.009492
0.009492
0.009492
0.009492
0.009387
0.009347
0.009347
0.009347
0.009347
0.009347
0.009291
0.009291
0.009265
0.009265
0.009265
0.009265
0.009208
0.009208
0.009208
0.009208
0.009208
0.009208
0.009208
0.009151
0.009151
0.009151
0.009151
0.009126
0.009126
0.009126
0.009126
0.009068
0.009068
0.009068
0.009068
0.009068
0.009068
0.009068
0.009068
0.009068
0.009068
0.009068
0.009068
0.009068
0.009068
0.009068
0.009068
0.009068
0.009068
0.009068
0.009068
0.009068
0.009068
0.009068
0.009068
0.009068
0.009068
0.009068
0.009068
0.009068
0.009068
0.009068
0.009068
0.009068
0.009068
0.009068
0.009068
0.009068
0.009068
0.009068
0.009068
0.009068
0.009068
0.009068
0.009068
0.009068
0.009068
0.009068
0.009068
0.009068
0.009068
0.009068
0.009068
0.009068
0.009068
0.009068
0.009068
0.009068
0.009068
0.009068
0.009068
0.009068
0.009068
0.009068
0.009068
0.009068
0.009068
0.009068
0.009068
0.009068
0.009068
0.009068
0.009068
0.009068
0.009068
0.009068
0.009068
0.009068
0.009068
0.009068
0.009068
0.009068
0.009068
0.009068
0.009068
0.009068
0.009068
0.009068
0.009068
0.009068
0.009068
0.009068
0.009068
0.009068
0.009068
0.009068
0.009068
0.009068
0.009068
0.009068
0.009068
0.009068
0.009068
0.009068
0.009068
0.009068
0.009068
0.009068
0.009068
0.009068
0.009068
0.009068
0.009068
0.009068
0.009068
0.009068
0.009068
0.009068
0.009068
0.009068
0.009068
0.009068
0.009068
0.009068
0.009068
0.009068
0.009068
0.009068
0.009068
0.009068
0.009068
0.009068
0.009068
0.009068
0.009068
0.009068
0.009068
0.009068
0.009068
0.009068
0.009068
0.009068
0.009068
0.009068
0.009068
0.009068
0.009068
0.009068
0.009068
0.009068
0.009068
0.009068
0.009068
0.009068
0.009068
0.009068
0.009068
0.009068
0.009068
0.009068
0.009068
0.009068
0.009068
0.009068
0.009068
0.009068
0.009068
0.009068
0.009068
0.009068
0.009068
0.009068
0.009068
0.009068
0.009068
0.009068
0.009068
0.009068
0.009068
0.009068
0.009068
0.009068
0.009068
0.009068
0.009068
0.009068
0.009068
0.009068
0.009068
0.009068
0.009068
0.009068
0.009068
0.009068
0.009068
0.009068
0.009068
0.009068
0.009068
0.009068
0.009068
0.009068
