0.738025
0.738025
0.738025
0.738025
0.738025
0.738025
0.738025
0.738025
0.738032
0.738027
0.738014
0.737880
0.737711
0.737692
0.737719
0.738118
0.738582
0.739247
0.739898
0.740380
0.740659
0.740812
0.740872
0.740992
0.741036
0.740787
0.740350
0.739922
0.739203
0.738367
0.737698
0.737047
0.736452
0.736060
0.735058
0.734083
0.732941
0.731357
0.729815
0.728383
0.726944
0.725754
0.724419
0.723039
0.721936
0.720549
0.719111
0.717712
0.716283
0.714792
0.713590
0.712059
0.710804
0.709434
0.708071
0.706680
0.705319
0.703993
0.702433
0.701257
0.699863
0.698287
0.697129
0.695665
0.694230
0.692875
0.691476
0.690098
0.688717
0.687338
0.685949
0.684472
0.683211
0.681714
0.680398
0.678933
0.677691
0.676096
0.674635
0.672770
0.670911
0.668636
0.666507
0.664385
0.662451
0.660680
0.659184
0.657681
0.656422
0.655095
0.653619
0.652105
0.650346
0.648726
0.647131
0.645971
0.644451
0.643255
0.641854
0.640876
0.639646
0.638253
0.637315
0.636074
0.634796
0.633623
0.632541
0.631397
0.630505
0.629446
0.628588
0.627509
0.626481
0.625575
0.624643
0.623721
0.622836
0.622033
0.621191
0.620270
0.619558
0.618887
0.618054
0.617449
0.616727
0.616255
0.615654
0.615467
0.615256
0.615189
0.615088
0.614814
0.614872
0.614433
0.614476
0.614346
0.614233
0.614109
0.613808
0.613642
0.613337
0.612931
0.612478
0.612036
0.611419
0.610782
0.610326
0.609751
0.609449
0.608697
0.607978
0.607027
0.605949
0.604536
0.603150
0.601556
0.600034
0.598622
0.597591
0.596385
0.595210
0.593579
0.592080
0.590002
0.588019
0.586094
0.584158
0.582366
0.580665
0.578790
0.577076
0.575235
0.573454
0.571712
0.569845
0.567855
0.566072
0.564215
0.562414
0.560468
0.558762
0.556924
0.555147
0.553373
0.551521
0.549865
0.547995
0.546325
0.544478
0.542778
0.541096
0.539396
0.537837
0.536086
0.534413
0.532615
0.531068
0.529403
0.527714
0.526271
0.524605
0.522956
0.521484
0.519743
0.518067
0.516573
0.515149
0.513465
0.512009
0.510358
0.508799
0.507317
0.505742
0.504192
0.502687
0.501315
0.499580
0.498079
0.496613
0.495187
0.493772
0.492373
0.490830
0.489280
0.487942
0.486501
0.485186
0.483704
0.482306
0.480927
0.479512
0.478150
0.476717
0.475439
0.474017
0.472837
0.471469
0.470111
0.468730
0.467609
0.466249
0.464845
0.463854
0.462490
0.461170
0.460036
0.458821
0.457594
0.456344
0.455109
0.453979
0.452917
0.451573
0.450556
0.449502
0.448171
0.447151
0.446080
0.445049
0.443983
0.442916
0.441696
0.440759
0.439787
0.438670
0.437614
0.436608
0.435646
0.434646
0.433742
0.432722
0.431227
0.430262
0.429281
0.428365
0.427282
0.426364
0.425529
0.424523
0.423585
0.422770
0.421935
0.421136
0.420239
0.419319
0.418535
0.417658
0.416929
0.416150
0.415460
0.414553
0.414028
0.413157
0.412426
0.411703
0.411018
0.410272
0.409511
0.408900
0.408305
0.407621
0.407046
0.406432
0.405646
0.404946
0.404616
0.403907
0.403359
0.402832
0.402075
0.401374
0.400975
0.400489
0.399961
0.399457
0.398924
0.398562
0.398082
0.397697
0.397240
0.396820
0.396409
0.395941
0.395443
0.395088
0.394640
0.394217
0.393717
0.393454
0.392918
0.392623
0.392192
0.391787
0.391406
0.390949
0.390562
0.390150
0.389896
0.389416
0.388975
0.388656
0.388381
0.387882
0.387632
0.387252
0.386863
0.386628
0.386284
0.385994
0.385558
0.385176
0.384921
0.384655
0.384294
0.384018
0.383519
0.383456
0.383042
0.382655
0.382278
0.382085
0.381875
0.380976
0.380601
0.380032
0.379500
0.379204
0.379026
0.378649
0.378320
0.378025
0.377615
0.377483
0.377178
0.376833
0.376671
0.376368
0.376177
0.375933
0.375682
0.375423
0.375103
0.375043
0.374823
0.374581
0.374438
0.374180
0.373961
0.373862
0.373538
0.373375
0.373293
0.373067
0.372904
0.372777
0.372589
0.372374
0.372256
0.372129
0.371900
0.507036
0.506858
0.506735
0.506618
0.506366
0.506405
0.506359
0.506384
0.506245
0.506084
0.505674
0.505702
0.505986
0.506312
0.506922
0.507408
0.507534
0.507500
0.507487
0.507460
0.358535
0.358599
0.358533
0.358368
0.357931
0.357113
0.356269
0.355311
0.354395
0.353569
0.352652
0.351680
0.350805
0.350010
0.349034
0.348230
0.347286
0.346418
0.345538
0.344618
0.343689
0.342742
0.341894
0.341138
0.340048
0.339188
0.338432
0.337474
0.336645
0.335636
0.334726
0.333881
0.332948
0.331546
0.330593
0.329339
0.328357
0.327408
0.326597
0.325727
0.324811
0.323931
0.322939
0.321979
0.321187
0.320287
0.319559
0.318718
0.317718
0.316972
0.316094
0.315247
0.314575
0.313624
0.312839
0.312024
0.311311
0.310376
0.309585
0.308815
0.307941
0.307249
0.306392
0.305641
0.304787
0.304097
0.303192
0.302436
0.301791
0.300939
0.300164
0.299470
0.298608
0.297894
0.297220
0.296200
0.295692
0.295101
0.294519
0.293808
0.293156
0.292500
0.291990
0.291470
0.290986
0.290677
0.290061
0.289102
0.288112
0.286891
0.285515
0.284428
0.283242
0.282175
0.281113
0.280079
0.279029
0.277950
0.276844
0.275807
0.274782
0.273565
0.272375
0.271038
0.269908
0.268822
0.267755
0.267060
0.266576
0.266147
0.265536
0.264654
0.263761
0.262594
0.261716
0.260643
0.259747
0.258850
0.258360
0.257709
0.257035
0.256399
0.255638
0.255149
0.253724
0.253035
0.252284
0.251518
0.250877
0.250322
0.249685
0.249184
0.248729
0.248295
0.247591
0.247309
0.246743
0.246271
0.245305
0.244073
0.242556
0.240611
0.238592
0.236569
0.234465
0.232849
0.231045
0.229471
0.227961
0.226397
0.224580
0.222892
0.221144
0.219349
0.217518
0.215859
0.214081
0.212395
0.210743
0.209092
0.207522
0.205690
0.204051
0.202434
0.200790
0.199139
0.197565
0.195903
0.194386
0.192891
0.191362
0.190031
0.188654
0.187023
0.185529
0.184113
0.182604
0.181201
0.179798
0.178291
0.177005
0.175448
0.173965
0.172613
0.171188
0.169704
0.168323
0.166939
0.165593
0.164143
0.162792
0.161278
0.160034
0.158612
0.157292
0.155960
0.154464
0.153149
0.151845
0.150476
0.149199
0.147891
0.146649
0.145264
0.143988
0.142639
0.141376
0.140164
0.138866
0.137500
0.136258
0.134998
0.133739
0.132439
0.130618
0.129232
0.127755
0.126379
0.125129
0.123840
0.122628
0.121290
0.120011
0.118858
0.117545
0.116407
0.115098
0.113960
0.112839
0.111518
0.110367
0.109120
0.108002
0.106836
0.105703
0.104531
0.103379
0.102310
0.101071
0.100031
0.098924
0.097774
0.096725
0.095568
0.094536
0.093500
0.092389
0.091349
0.090287
0.089270
0.088218
0.087193
0.086200
0.085211
0.084343
0.083309
0.082254
0.081352
0.080331
0.079670
0.078796
0.078110
0.077288
0.076253
0.075442
0.074745
0.073838
0.073064
0.072389
0.071518
0.070701
0.070015
0.069237
0.068323
0.067665
0.066904
0.066178
0.065474
0.064772
0.063941
0.063186
0.062507
0.061923
0.061155
0.060475
0.059784
0.059177
0.058479
0.057755
0.057058
0.056553
0.055892
0.055295
0.054722
0.054198
0.053543
0.052942
0.052478
0.051826
0.051276
0.050655
0.050156
0.049636
0.049055
0.047857
0.047315
0.046592
0.045959
0.045370
0.044931
0.044372
0.043831
0.043257
0.042777
0.042329
0.041766
0.041398
0.040870
0.040494
0.039913
0.039542
0.039106
0.038759
0.038237
0.037929
0.037513
0.037205
0.036699
0.036339
0.035993
0.035508
0.035222
0.034922
0.034509
0.034160
0.033767
0.033479
0.032889
0.032504
0.032129
0.031834
0.031460
0.031152
0.030708
0.030387
0.030101
0.029817
0.029578
0.029301
0.028973
0.028821
0.028621
0.028512
0.028356
0.028205
0.027756
0.027703
0.027583
0.027360
0.027188
0.027092
0.026735
0.026675
0.026431
0.026301
0.026107
0.025926
0.025692
0.025622
0.025388
0.025142
0.024920
0.024769
0.024686
0.024515
0.024285
0.024092
0.023914
0.023743
0.023496
0.023433
0.023127
0.023115
0.023024
0.022857
0.022726
0.022598
0.022461
0.022310
0.022220
0.022152
0.022014
0.021833
0.021728
0.021572
0.020793
0.020688
0.020203
0.020103
0.019812
0.019683
0.019595
0.019256
0.019192
0.019019
0.018848
0.018778
0.018618
0.018489
0.018363
0.018278
0.018086
0.018023
0.017886
0.017822
0.017711
0.017576
0.017447
0.017440
0.017314
0.017134
0.017113
0.016984
0.016828
0.016765
0.016700
0.016615
0.016458
0.016061
0.016008
0.015780
0.015683
0.015513
0.015448
0.015344
0.015256
0.015128
0.015054
0.014942
0.014826
0.014740
0.014896
0.014898
0.014884
0.014950
0.014981
0.014906
0.014941
0.014953
0.014994
0.014931
0.015037
0.015015
0.014949
0.014949
0.014846
0.014959
0.014895
0.014832
0.014898
0.014877
0.014753
0.014713
0.014713
0.014717
0.014654
0.014654
0.014592
0.014592
0.014531
0.014405
0.014355
0.014355
0.014551
0.014459
0.014537
0.014581
0.014628
0.014477
0.014505
0.014495
0.014431
0.014484
0.014538
0.014538
0.013739
0.013634
0.013394
0.013357
0.013268
0.013206
0.013100
0.013025
0.013025
0.012849
0.012793
0.012851
0.012805
0.012709
0.012646
0.012612
0.012612
0.012612
0.012592
0.012483
0.012426
0.012509
0.012509
0.012509
0.012439
0.012439
0.012393
0.012393
0.012393
0.012393
0.012330
0.012330
0.012330
0.012337
0.011996
0.011943
0.011781
0.011734
0.011669
0.011669
0.011628
0.011590
0.011558
0.011494
0.011466
0.011466
0.011443
0.011600
0.011666
0.011806
0.011894
0.011925
0.011915
0.012013
0.012115
0.012221
0.012221
0.012326
0.012326
0.012437
0.012437
0.012437
0.012551
0.012551
0.012551
0.012666
0.012669
0.012669
0.012669
0.012669
0.012786
0.012786
0.012786
0.012786
0.012786
0.012786
0.012786
0.012786
0.012786
0.012982
0.013015
0.013093
0.013137
0.013184
0.013184
0.013233
0.013284
0.013284
0.013336
0.013391
0.013391
0.012763
0.012657
0.012457
0.012419
0.012331
0.012331
0.012307
0.012232
0.012232
0.012166
0.012109
0.012168
0.012122
0.012122
0.012122
0.012089
0.012089
0.012089
0.012068
0.012068
0.012068
0.012127
0.012127
0.012120
0.012120
0.012120
0.012120
0.012120
0.012120
0.012120
0.012120
0.012120
0.012120
0.011786
0.011733
0.011633
0.011587
0.011543
0.011543
0.011502
0.011465
0.011465
0.011432
0.011404
0.011404
0.011381
0.011381
0.011537
0.011586
0.011743
0.011831
0.011915
0.011915
0.012013
0.012115
0.012221
0.012218
0.012326
0.012326
0.012437
0.012437
0.012437
0.012551
0.012551
0.012551
0.012666
0.012669
0.012669
0.012669
0.012669
0.012786
0.012786
0.012786
0.012786
0.012786
0.012786
0.012786
0.012786
0.012786
0.012982
0.013015
0.013093
0.013137
0.013184
0.013184
0.013233
0.013284
0.013336
0.013336
0.013391
0.013391
0.012763
0.012657
0.012457
0.012419
0.012331
0.012331
0.012307
0.012232
0.012232
0.012166
0.012109
0.012168
0.012122
0.012122
0.012122
0.012089
0.012089
0.012089
0.012068
0.012068
0.012127
0.012127
0.012127
0.012120
0.012120
0.012120
0.012120
0.012120
0.012120
0.012120
0.012120
0.012120
0.012120
0.011786
0.011733
0.011633
0.011587
0.011543
0.011543
0.011502
0.011465
0.011465
0.011432
0.011404
0.011404
0.011381
0.011381
0.011537
0.011586
0.011743
0.011831
0.011915
0.011915
0.012013
0.012115
0.012221
0.012218
0.012326
0.012326
0.012437
0.012437
0.012437
0.012551
0.012551
0.012551
0.012666
0.012669
0.012669
0.012669
0.012669
0.012786
0.012786
0.012786
0.012786
0.012786
0.012786
0.012786
0.012786
0.012786
0.012982
0.013015
0.013093
0.013137
0.013184
0.013184
0.013233
0.013284
0.013336
0.013336
0.013391
0.013391
0.012763
0.012657
0.012457
0.012419
0.012331
0.012331
0.012307
0.012232
0.012232
0.012166
0.012109
0.012168
0.012122
0.012122
0.012122
0.012089
0.012089
0.012089
0.012068
0.012068
0.012127
0.012127
