0.883810
0.883810
0.883810
0.883810
0.883810
0.883810
0.883810
0.883810
0.883810
0.883810
0.883810
0.883810
0.883810
0.883810
0.883810
0.883810
0.883810
0.883810
0.883810
0.883810
0.883810
0.883810
0.883773
0.883647
0.883517
0.883145
0.882941
0.882531
0.881491
0.880084
0.878134
0.876135
0.874065
0.871802
0.869439
0.866874
0.864049
0.861056
0.857688
0.854076
0.850262
0.846303
0.842361
0.838502
0.834656
0.830880
0.826994
0.823245
0.819384
0.815681
0.811695
0.807827
0.803909
0.800083
0.796147
0.792374
0.788526
0.784600
0.780756
0.777001
0.773118
0.769422
0.765606
0.761591
0.757901
0.754123
0.750233
0.746572
0.742686
0.739011
0.735157
0.731369
0.727646
0.723852
0.720196
0.716484
0.712779
0.709100
0.705476
0.701689
0.698162
0.694552
0.690924
0.687286
0.683707
0.680126
0.676568
0.673078
0.669602
0.666152
0.662423
0.658999
0.655636
0.652025
0.648394
0.644905
0.641303
0.637717
0.634342
0.630836
0.627267
0.623799
0.620265
0.616851
0.613505
0.609955
0.606552
0.603128
0.599636
0.596152
0.592675
0.589278
0.585919
0.582466
0.579092
0.575663
0.572145
0.568826
0.565278
0.561914
0.558528
0.555130
0.551764
0.548333
0.544915
0.541680
0.538149
0.534749
0.531424
0.528036
0.524789
0.521456
0.518053
0.514665
0.511524
0.508113
0.504620
0.501301
0.498087
0.494624
0.491243
0.487962
0.484573
0.481258
0.477918
0.474679
0.471290
0.467944
0.464616
0.461326
0.458082
0.454699
0.451658
0.448284
0.445083
0.441854
0.438604
0.435491
0.432241
0.428948
0.425905
0.422596
0.419423
0.416378
0.413162
0.410071
0.406983
0.403834
0.400783
0.397559
0.394468
0.391424
0.388360
0.385343
0.382317
0.379315
0.376215
0.373276
0.370327
0.367229
0.364273
0.361332
0.358314
0.355368
0.352402
0.349585
0.346508
0.343681
0.340747
0.337885
0.334899
0.332042
0.329191
0.326363
0.323421
0.320596
0.317723
0.314918
0.312068
0.309240
0.306474
0.303592
0.300817
0.298097
0.295277
0.292604
0.289778
0.287046
0.284196
0.281563
0.278947
0.276224
0.273541
0.270897
0.268252
0.265655
0.263009
0.260564
0.257857
0.255406
0.252856
0.250264
0.247843
0.245388
0.242805
0.240370
0.238040
0.235604
0.233132
0.230800
0.228434
0.226053
0.223716
0.221445
0.219138
0.216952
0.214737
0.212455
0.210266
0.208039
0.205841
0.203715
0.201598
0.199551
0.197492
0.195391
0.193437
0.191376
0.189340
0.187319
0.185368
0.183347
0.181364
0.179550
0.177703
0.175730
0.173950
0.172106
0.170171
0.168411
0.166613
0.164812
0.163099
0.161332
0.159500
0.157876
0.156202
0.154503
0.152752
0.151160
0.149436
0.147867
0.146219
0.144725
0.143106
0.141522
0.140077
0.138578
0.137063
0.135515
0.133964
0.132596
0.131219
0.129731
0.128255
0.126910
0.125551
0.123989
0.122805
0.121436
0.120179
0.118808
0.117496
0.116199
0.114937
0.113676
0.112338
0.111151
0.109780
0.108649
0.107401
0.106166
0.105043
0.103922
0.102776
0.101532
0.100437
0.099315
0.098286
0.097172
0.095957
0.094944
0.093845
0.092857
0.091757
0.090692
0.089704
0.088564
0.087592
0.086600
0.085564
0.084660
0.083585
0.082603
0.081590
0.080727
0.079652
0.078750
0.077956
0.076923
0.076074
0.075049
0.074254
0.073307
0.072497
0.071555
0.070750
0.069855
0.069064
0.068258
0.067387
0.066481
0.065623
0.064992
0.064092
0.063380
0.062553
0.061857
0.061025
0.060313
0.059425
0.058796
0.058092
0.057378
0.056530
0.055870
0.055210
0.054386
0.053764
0.053087
0.052465
0.051741
0.051082
0.050472
0.049885
0.049209
0.048618
0.048000
0.047310
0.046812
0.046223
0.045488
0.045052
0.044452
0.043971
0.043468
0.042768
0.042267
0.041733
0.041278
0.040729
0.040369
0.039752
0.039250
0.038772
0.038269
0.037810
0.037441
0.037010
0.036479
0.035972
0.035534
0.035196
0.034717
0.034342
0.033934
0.033456
0.033068
0.032690
0.032346
0.031954
0.031566
0.031265
0.030786
0.030413
0.029995
0.029737
0.029304
0.029048
0.028744
0.028355
0.027956
0.027584
0.027375
0.027077
0.026666
0.026453
0.026134
0.025836
0.025588
0.025231
0.024980
0.024606
0.024353
0.024150
0.023896
0.023611
0.023269
0.023078
0.022857
0.022552
0.022363
0.022138
0.021914
0.021608
0.021366
0.021200
0.021008
0.020802
0.020516
0.020347
0.020119
0.019917
0.019682
0.019472
0.019312
0.019137
0.018830
0.018612
0.018519
0.018270
0.018176
0.018060
0.017857
0.017565
0.017351
0.017168
0.017081
0.017005
0.016786
0.016559
0.016426
0.016274
0.016112
0.015926
0.015776
0.015652
0.015480
0.015370
0.015162
0.015111
0.014973
0.014817
0.014661
0.014515
0.014401
0.014292
0.014185
0.014130
0.013997
0.013813
0.013699
0.013637
0.013600
0.013463
0.013336
0.013216
0.013180
0.013015
0.012935
0.012866
0.012733
0.012711
0.012582
0.012568
0.012489
0.012381
0.012288
0.012288
0.012212
0.012114
0.012023
0.011947
0.011947
0.011814
0.011814
0.011738
0.011702
0.011612
0.011576
0.011548
0.011472
0.011455
0.011379
0.011299
0.011230
0.011173
0.011137
0.011137
0.011060
0.011060
0.010985
0.010912
0.010912
0.010835
0.010835
0.010782
0.010782
0.010706
0.010706
0.010706
0.010580
0.010580
0.010521
0.010481
0.010481
0.010428
0.010388
0.010388
0.010352
0.010352
0.010276
0.010259
0.010259
0.010222
0.010182
0.010182
0.010146
0.010129
0.010089
0.010089
0.010053
0.010053
0.010013
0.009977
0.009960
0.009960
0.009924
0.009884
0.009884
0.009884
0.009848
0.009808
0.009790
0.009790
0.009754
0.009754
0.009714
0.009714
0.009678
0.009678
0.009661
0.009661
0.009585
0.009585
0.009585
0.009585
0.009549
0.009549
0.009509
0.009509
0.009492
0.009455
0.009455
0.009455
0.009415
0.009415
0.009379
0.009379
0.009379
0.009379
0.009379
0.009322
0.009286
0.009286
0.009286
0.009286
0.009286
0.009286
0.009250
0.009250
0.009250
0.009250
0.009250
0.009233
0.009196
0.009196
0.009196
0.009196
0.009156
0.009156
0.009156
0.009120
0.009120
0.009120
0.009120
0.009120
0.009120
0.009120
0.009085
0.009067
0.009067
0.009067
0.009067
0.009067
0.009067
0.009067
0.009067
0.009067
0.009067
0.009067
0.009067
0.009067
0.009067
0.009067
0.009067
0.009067
0.009067
0.009067
0.009067
0.009067
0.009067
0.009067
0.009067
0.009067
0.009067
0.009067
0.009067
0.009067
0.009067
0.009067
0.009067
0.009067
0.009067
0.009067
0.009067
0.009067
0.009067
0.009067
0.009067
0.009067
0.009067
0.009067
0.009067
0.009067
0.009067
0.009067
0.009067
0.009067
0.009067
0.009067
0.009067
0.009067
0.009067
0.009067
0.009067
0.009067
0.009067
0.009067
0.009067
0.009067
0.009067
0.009067
0.009067
0.009067
0.009067
0.009067
0.009067
0.009067
0.009067
0.009067
0.009067
0.009067
0.009067
0.009067
0.009067
0.009067
0.009067
0.009067
0.009067
