0.537650
0.537650
0.537650
0.537650
0.537650
0.537650
0.537650
0.537483
0.536689
0.534634
0.531670
0.527865
0.523817
0.519980
0.516440
0.513244
0.510192
0.506941
0.504226
0.501310
0.497954
0.494651
0.491228
0.487806
0.484408
0.481252
0.477823
0.474573
0.471452
0.468094
0.465182
0.461935
0.458678
0.455429
0.452349
0.448936
0.445799
0.442585
0.439477
0.436386
0.433096
0.430067
0.427081
0.423809
0.420714
0.417832
0.414540
0.411611
0.408236
0.405353
0.402258
0.399183
0.396243
0.393095
0.390101
0.387181
0.384215
0.381392
0.378253
0.375458
0.372474
0.369497
0.366699
0.363701
0.360600
0.357845
0.355111
0.352113
0.349342
0.346417
0.343849
0.340952
0.338186
0.335388
0.332548
0.329824
0.327160
0.324252
0.321501
0.318724
0.316066
0.313454
0.310619
0.308163
0.305628
0.302914
0.299947
0.297498
0.294873
0.291982
0.289671
0.286898
0.284136
0.281733
0.279147
0.276729
0.273811
0.271556
0.268947
0.266389
0.263835
0.261324
0.258921
0.256350
0.253766
0.251427
0.248993
0.246550
0.244318
0.241716
0.239365
0.237085
0.234537
0.232311
0.229991
0.227590
0.225273
0.222871
0.220697
0.218276
0.216078
0.213594
0.211383
0.209389
0.207079
0.204855
0.202636
0.200385
0.198425
0.196068
0.194008
0.191947
0.189846
0.187799
0.185652
0.183586
0.181441
0.179643
0.177436
0.175507
0.173631
0.171629
0.169667
0.167547
0.165802
0.163729
0.161890
0.160021
0.158066
0.156195
0.154386
0.152504
0.150862
0.149115
0.147276
0.145507
0.143756
0.141977
0.140310
0.138633
0.137010
0.135506
0.133681
0.132035
0.130582
0.129022
0.127112
0.125888
0.124151
0.122587
0.121162
0.119727
0.118285
0.116557
0.115279
0.113713
0.112337
0.110806
0.109481
0.107962
0.106604
0.105254
0.103939
0.102459
0.101356
0.099857
0.098584
0.097228
0.096178
0.094672
0.093357
0.092388
0.091072
0.089970
0.088652
0.087601
0.086400
0.085350
0.084058
0.082887
0.081996
0.081092
0.079685
0.078840
0.077902
0.076765
0.075814
0.074832
0.073879
0.072895
0.071753
0.070901
0.070058
0.069051
0.068177
0.067242
0.066428
0.065479
0.064747
0.063813
0.063021
0.062141
0.061504
0.060711
0.059779
0.059094
0.058449
0.057379
0.056740
0.056154
0.055369
0.054595
0.054003
0.053183
0.052817
0.051978
0.051392
0.050761
0.049939
0.049427
0.048682
0.048111
0.047380
0.046819
0.046321
0.045660
0.044963
0.044626
0.044013
0.043350
0.042903
0.042375
0.041883
0.041308
0.040811
0.040228
0.039825
0.039324
0.038901
0.038265
0.037722
0.037515
0.037024
0.036532
0.035920
0.035455
0.035264
0.034655
0.034232
0.033776
0.033505
0.033055
0.032560
0.032176
0.031890
0.031326
0.031162
0.030676
0.030275
0.029865
0.029436
0.029164
0.028804
0.028515
0.028216
0.027794
0.027470
0.027128
0.026807
0.026493
0.026098
0.025903
0.025568
0.025174
0.024983
0.024679
0.024439
0.024053
0.023953
0.023710
0.023317
0.022968
0.022820
0.022476
0.022288
0.022095
0.021809
0.021543
0.021447
0.021018
0.020775
0.020617
0.020431
0.020126
0.019889
0.019637
0.019497
0.019302
0.018965
0.018767
0.018572
0.018413
0.018364
0.017927
0.017862
0.017714
0.017519
0.017428
0.017127
0.017034
0.016810
0.016624
0.016476
0.016318
0.016318
0.016029
0.015826
0.015726
0.015632
0.015415
0.015276
0.014986
0.014986
0.014822
0.014717
0.014429
0.014429
0.014330
0.014237
0.014094
0.013933
0.013721
0.013621
0.013477
0.013377
0.013283
0.013283
0.012999
0.012892
0.012728
0.012728
0.012728
0.012533
0.012384
0.012240
0.012083
0.011987
0.011887
0.011824
0.011824
0.011583
0.011489
0.011489
0.011389
0.011332
0.011332
0.011183
0.011087
0.010998
0.010933
0.010833
0.010833
0.010833
0.010532
0.010532
0.010532
0.010441
0.010341
0.010341
0.010247
0.010199
0.010098
0.010098
0.010035
0.009979
0.009879
0.009782
0.009845
0.009845
0.009634
0.009634
0.009634
0.009634
0.009440
0.009440
0.009440
0.009440
0.009382
0.009234
0.009234
0.009234
0.009234
0.009138
0.009038
0.009038
0.009038
0.009038
0.009038
0.009038
0.008890
0.008890
0.008890
0.008890
0.008890
0.008789
0.008789
0.008789
0.008789
0.008789
0.008789
0.008789
0.008691
0.008641
0.008641
0.008641
0.008641
0.008641
0.008641
0.008541
0.008541
0.008541
0.008541
0.008541
0.008541
0.008541
0.008443
0.008443
0.008393
0.008393
0.008393
0.008393
0.008393
0.008393
0.008393
0.008393
0.008393
0.008393
0.008393
0.008393
0.008393
0.008393
0.008393
0.008393
0.008393
0.008393
0.008393
0.008393
0.008393
0.008393
0.008393
0.008393
0.008393
0.008393
0.008393
0.008393
0.008393
0.008393
0.008393
0.008393
0.008393
0.008393
0.008393
0.008393
0.008393
0.008393
0.008393
0.008393
0.008393
0.008393
0.008393
0.008393
0.008393
0.008393
0.008393
0.008393
0.008393
0.008393
0.008393
0.008393
0.008393
0.008393
0.008393
0.008393
0.008393
0.008393
0.008393
0.008393
0.008393
0.008393
0.008393
0.008393
0.008393
0.008393
0.008393
0.008393
0.008393
0.008393
0.008393
0.008393
0.008393
0.008393
0.008393
0.008393
0.008393
0.008393
0.008393
0.008393
0.008393
0.008393
0.008393
0.008393
0.008393
0.008393
0.008393
0.008393
0.008393
0.008393
0.008393
0.008393
0.008393
0.008393
0.008393
0.008393
0.008393
0.008393
0.008393
0.008393
0.008393
0.008393
0.008393
0.008393
0.008393
0.008393
0.008393
0.008393
0.008393
0.008393
0.008393
0.008393
0.008393
0.008393
0.008393
0.008393
0.008393
0.008393
0.008393
0.008393
0.008393
0.008393
0.008393
0.008393
0.008393
0.008393
0.008393
0.008393
0.008393
0.008393
0.008393
0.008393
0.008393
0.008393
0.008393
0.008393
0.008393
0.008393
0.008393
0.008393
0.008393
0.008393
0.008393
0.008393
0.008393
0.008393
0.008393
0.008393
0.008393
0.008393
0.008393
0.008393
0.008393
0.008393
0.008393
0.008393
0.008393
0.008393
0.008393
0.008393
0.008393
0.008393
0.008393
0.008393
0.008393
0.008393
0.008393
0.008393
0.008393
0.008393
0.008393
0.008393
0.008393
0.008393
0.008393
0.008393
0.008393
0.008393
0.008393
0.008393
0.008393
0.008393
0.008393
0.008393
0.008393
0.008393
0.008393
0.008393
0.008393
0.008393
0.008393
0.008393
0.008393
0.008393
0.008393
0.008393
0.008393
0.008393
0.008393
0.008393
0.008393
0.008393
0.008393
0.008393
0.008393
0.008393
0.008393
0.008393
0.008393
0.008393
0.008393
0.008393
0.008393
0.008393
0.008393
0.008393
0.008393
0.008393
0.008393
0.008393
0.008393
0.008393
0.008393
0.008393
0.008393
0.008393
0.008393
0.008393
0.008393
0.008393
0.008393
0.008393
0.008393
0.008393
0.008393
0.008393
0.008393
0.008393
0.008393
0.008393
0.008393
0.008393
0.008393
0.008393
0.008393
0.008393
0.008393
0.008393
0.008393
0.008393
0.008393
0.008393
0.008393
