0.584331
0.584331
0.584331
0.584331
0.584331
0.584331
0.584331
0.584239
0.583262
0.581209
0.578063
0.574388
0.570480
0.566182
0.562577
0.558993
0.555709
0.552720
0.549524
0.546406
0.543026
0.539481
0.535867
0.532382
0.528928
0.525331
0.522088
0.518630
0.515247
0.512049
0.508624
0.505249
0.501812
0.498569
0.495121
0.491861
0.488696
0.485405
0.482053
0.478683
0.475452
0.472410
0.469008
0.465942
0.462694
0.459432
0.456181
0.453000
0.449998
0.446715
0.443598
0.440470
0.437309
0.434215
0.430877
0.427867
0.424884
0.421809
0.418539
0.415635
0.412616
0.409427
0.406512
0.403273
0.400320
0.397236
0.394160
0.391190
0.388304
0.385234
0.382377
0.379273
0.376351
0.373487
0.370324
0.367424
0.364611
0.361486
0.358686
0.355585
0.352806
0.349776
0.346826
0.344035
0.341154
0.338145
0.335258
0.332432
0.329599
0.326665
0.323845
0.320939
0.318220
0.315125
0.312468
0.309549
0.306876
0.303871
0.301071
0.298559
0.295659
0.292893
0.290171
0.287463
0.284759
0.281846
0.279366
0.276558
0.274018
0.271192
0.268626
0.265881
0.263214
0.260536
0.257803
0.255326
0.252774
0.250195
0.247769
0.244853
0.242617
0.239922
0.237535
0.234964
0.232416
0.230017
0.227439
0.224949
0.222431
0.220181
0.217726
0.215475
0.213065
0.210534
0.208319
0.205863
0.203669
0.201404
0.199141
0.196920
0.194751
0.192334
0.190347
0.187912
0.185993
0.183709
0.181612
0.179468
0.177431
0.175155
0.173103
0.171158
0.169064
0.167030
0.164953
0.163016
0.160945
0.159179
0.157215
0.155246
0.153345
0.151435
0.149760
0.147840
0.145806
0.144059
0.142548
0.140653
0.138905
0.137092
0.135599
0.133729
0.132124
0.130343
0.128605
0.126987
0.125391
0.123855
0.122191
0.120586
0.118917
0.117384
0.115830
0.114541
0.112910
0.111500
0.109956
0.108565
0.107298
0.105879
0.104278
0.103004
0.101610
0.100347
0.098910
0.097570
0.096550
0.095176
0.093930
0.092476
0.091399
0.090294
0.089175
0.087932
0.086636
0.085612
0.084490
0.083527
0.082315
0.081286
0.080200
0.079125
0.078123
0.077103
0.076126
0.075164
0.074059
0.073275
0.072203
0.071189
0.070292
0.069464
0.068382
0.067508
0.066541
0.065790
0.064833
0.064168
0.063366
0.062389
0.061560
0.060862
0.060040
0.059310
0.058433
0.057612
0.057017
0.056279
0.055487
0.054782
0.054079
0.053346
0.052704
0.052151
0.051517
0.050691
0.050039
0.049111
0.048700
0.048108
0.047455
0.046798
0.046283
0.045543
0.045033
0.044482
0.043968
0.043331
0.042814
0.042402
0.041733
0.041379
0.040804
0.040259
0.039837
0.039273
0.038919
0.038233
0.037908
0.037312
0.036947
0.036396
0.035970
0.035496
0.035250
0.034626
0.034243
0.033831
0.033377
0.032973
0.032707
0.031996
0.031842
0.031538
0.031021
0.030668
0.030357
0.029854
0.029636
0.029203
0.028859
0.028449
0.028145
0.027968
0.027550
0.027169
0.026891
0.026440
0.026222
0.025904
0.025599
0.025232
0.024956
0.024729
0.024622
0.024157
0.023783
0.023599
0.023388
0.023093
0.022806
0.022699
0.022266
0.022266
0.021818
0.021476
0.021259
0.021230
0.020841
0.020547
0.020437
0.020329
0.019979
0.019678
0.019460
0.019353
0.019110
0.018833
0.018696
0.018485
0.018243
0.018032
0.017855
0.017732
0.017538
0.017202
0.017091
0.016984
0.016758
0.016564
0.016415
0.016096
0.016067
0.015959
0.015693
0.015485
0.015485
0.015268
0.015168
0.014946
0.014666
0.014509
0.014509
0.014292
0.014160
0.014160
0.013740
0.013671
0.013522
0.013522
0.013217
0.013217
0.013217
0.012851
0.012782
0.012782
0.012588
0.012448
0.012341
0.012341
0.012240
0.012022
0.012022
0.011866
0.011759
0.011649
0.011649
0.011443
0.011414
0.011365
0.011147
0.011062
0.010991
0.010991
0.010883
0.010773
0.010773
0.010666
0.010666
0.010580
0.010470
0.010334
0.010334
0.010264
0.010157
0.010047
0.010047
0.010034
0.009927
0.009840
0.009840
0.009729
0.009729
0.009622
0.009622
0.009622
0.009594
0.009375
0.009375
0.009375
0.009375
0.009375
0.009268
0.009268
0.009157
0.009157
0.009157
0.009050
0.009050
0.009050
0.009050
0.009050
0.008944
0.008944
0.008944
0.008915
0.008915
0.008915
0.008807
0.008807
0.008807
0.008807
0.008807
0.008807
0.008807
0.008699
0.008699
0.008699
0.008699
0.008699
0.008699
0.008592
0.008592
0.008592
0.008592
0.008592
0.008592
0.008592
0.008592
0.008486
0.008486
0.008457
0.008457
0.008457
0.008457
0.008457
0.008457
0.008457
0.008457
0.008457
0.008457
0.008457
0.008457
0.008457
0.008457
0.008457
0.008457
0.008457
0.008457
0.008457
0.008457
0.008457
0.008457
0.008457
0.008457
0.008457
0.008457
0.008457
0.008457
0.008457
0.008457
0.008457
0.008457
0.008457
0.008457
0.008457
0.008457
0.008457
0.008457
0.008457
0.008457
0.008457
0.008457
0.008457
0.008457
0.008457
0.008457
0.008457
0.008457
0.008457
0.008457
0.008457
0.008457
0.008457
0.008457
0.008457
0.008457
0.008457
0.008457
0.008457
0.008457
0.008457
0.008457
0.008457
0.008457
0.008457
0.008457
0.008457
0.008457
0.008457
0.008457
0.008457
0.008457
0.008457
0.008457
0.008457
0.008457
0.008457
0.008457
0.008457
0.008457
0.008457
0.008457
0.008457
0.008457
0.008457
0.008457
0.008457
0.008457
0.008457
0.008457
0.008457
0.008457
0.008457
0.008457
0.008457
0.008457
0.008457
0.008457
0.008457
0.008457
0.008457
0.008457
0.008457
0.008457
0.008457
0.008457
0.008457
0.008457
0.008457
0.008457
0.008457
0.008457
0.008457
0.008457
0.008457
0.008457
0.008457
0.008457
0.008457
0.008457
0.008457
0.008457
0.008457
0.008457
0.008457
0.008457
0.008457
0.008457
0.008457
0.008457
0.008457
0.008457
0.008457
0.008457
0.008457
0.008457
0.008457
0.008457
0.008457
0.008457
0.008457
0.008457
0.008457
0.008457
0.008457
0.008457
0.008457
0.008457
0.008457
0.008457
0.008457
0.008457
0.008457
0.008457
0.008457
0.008457
0.008457
0.008457
0.008457
0.008457
0.008457
0.008457
0.008457
0.008457
0.008457
0.008457
0.008457
0.008457
0.008457
0.008457
0.008457
0.008457
0.008457
0.008457
0.008457
0.008457
0.008457
0.008457
0.008457
0.008457
0.008457
0.008457
0.008457
0.008457
0.008457
0.008457
0.008457
0.008457
0.008457
0.008457
0.008457
0.008457
0.008457
0.008457
0.008457
0.008457
0.008457
0.008457
0.008457
0.008457
0.008457
0.008457
0.008457
0.008457
0.008457
0.008457
0.008457
0.008457
0.008457
0.008457
0.008457
0.008457
0.008457
0.008457
0.008457
0.008457
0.008457
0.008457
0.008457
0.008457
0.008457
0.008457
0.008457
0.008457
0.008457
0.008457
0.008457
0.008457
0.008457
0.008457
0.008457
0.008457
0.008457
0.008457
0.008457
0.008457
0.008457
0.008457
0.008457
0.008457
0.008457
0.008457
0.008457
0.008457
0.008457
0.008457
0.008457
0.008457
0.008457
