1.439409
1.439409
1.439409
1.439409
1.439409
1.439409
1.439409
1.439409
1.439409
1.439409
1.439409
1.439409
1.439409
1.439409
1.439409
1.439409
1.439409
1.439409
1.439409
1.439409
1.439409
1.439409
1.439338
1.439203
1.438746
1.438296
1.437703
1.436800
1.435781
1.435239
1.434454
1.433734
1.433071
1.432426
1.431705
1.431088
1.430392
1.429707
1.429026
1.428259
1.427582
1.426748
1.426135
1.425509
1.424839
1.424034
1.423376
1.422902
1.422107
1.421427
2.236068
2.236068
2.236068
2.236068
2.236068
2.236068
2.236068
2.236068
2.236068
2.236068
2.236068
2.236068
2.236068
2.236068
2.236068
2.236068
2.236068
2.236068
2.236068
2.236068
2.236068
2.236068
2.236068
2.236068
2.236068
2.236068
2.236068
2.236068
2.236068
2.236068
2.236068
2.236068
2.236068
2.236068
2.236068
2.236068
2.236068
2.236068
2.236068
2.236068
2.236068
2.236068
2.236068
2.236068
2.236068
2.236068
2.236068
2.236068
2.236068
2.236068
2.236068
2.236068
2.236068
2.236068
2.236068
2.236068
2.236068
2.236068
2.236068
2.236068
2.236068
2.236068
2.236068
2.236068
2.236068
2.236068
2.236068
2.236068
2.236068
2.236068
2.236068
2.236068
2.236068
2.236068
2.236068
2.236068
2.236068
2.236068
2.236068
2.236068
2.236068
2.236068
2.236068
2.236068
2.236068
2.236068
2.236068
2.236068
2.236068
2.236068
2.236068
2.236068
2.236068
2.236068
2.236068
2.236068
2.236068
2.236068
2.236068
2.236068
2.236068
2.236068
2.236068
2.236068
2.236068
2.236068
2.236068
2.236068
2.236068
2.236068
2.236068
2.236068
2.236068
2.236068
2.236068
2.236068
2.236068
2.236068
2.236068
2.236068
2.236068
2.236068
2.236068
2.236068
2.236068
2.236068
2.236068
2.236068
2.236068
2.236068
2.236068
2.236068
2.236068
2.236068
2.236068
2.236068
2.236068
2.236068
2.236068
2.236068
2.236068
2.236068
2.236068
2.236068
2.236068
2.236068
2.236068
2.236068
2.236068
2.236068
2.236068
2.236068
2.236068
2.236068
2.236068
2.236068
2.236068
2.236068
2.236068
2.236068
2.236068
2.236068
2.236068
2.236068
2.236068
2.236068
2.236068
2.236068
2.236068
2.236068
2.236068
2.236068
2.236068
2.236068
2.236068
2.236068
2.236068
2.236068
2.236068
2.236068
2.236068
2.236068
2.236068
2.236068
2.236068
2.236068
2.236068
2.236068
2.236068
2.236068
2.236068
2.236068
2.236068
2.236068
2.236068
2.236068
2.236068
2.236068
2.236068
2.236068
2.236068
2.236068
2.236068
2.236068
2.236068
2.236068
2.236068
2.236068
2.236068
2.236068
2.236068
2.236068
2.236068
2.236068
2.236068
2.236068
2.236068
2.236068
2.236068
2.236068
2.236068
2.236068
2.236068
2.236068
2.236068
2.236068
2.236068
2.236068
2.236068
2.236068
2.236068
2.236068
2.236068
2.236068
2.236068
2.236068
2.236068
2.236068
2.236068
2.236068
2.236068
2.236068
2.236068
2.236068
2.236068
2.236068
2.236068
2.236068
2.236068
2.236068
2.236068
2.236068
2.236068
2.236068
2.236068
2.236068
2.236068
2.236068
2.236068
2.236068
2.236068
2.236068
2.236068
2.236068
2.236068
2.236068
2.236068
2.236068
2.236068
2.236068
2.236068
2.236068
2.236068
2.236068
2.236068
2.236068
2.236068
2.236068
2.236068
2.236068
2.236068
2.236068
2.236068
2.236068
2.236068
2.236068
2.236068
2.236068
2.236068
2.236068
2.236068
2.236068
2.236068
2.236068
2.236068
2.236068
2.236068
2.236068
2.236068
2.236068
2.236068
2.236068
2.236068
2.236068
2.236068
2.236068
2.236068
2.236068
2.236068
2.236068
2.236068
2.236068
2.236068
2.236068
2.236068
2.236068
2.236068
2.236068
2.236068
2.236068
2.236068
2.236068
2.236068
2.236068
2.236068
2.236068
2.236068
2.236068
2.236068
2.236068
2.236068
2.236068
2.236068
2.236068
2.236068
2.236068
2.236068
2.236068
2.236068
2.236068
2.236068
2.236068
2.236068
2.236068
2.236068
2.236068
2.236068
2.236068
2.236068
2.236068
2.236068
2.236068
2.236068
2.236068
2.236068
2.236068
2.236068
2.236068
2.236068
2.236068
2.236068
2.236068
2.236068
2.236068
2.236068
2.236068
2.236068
2.236068
2.236068
2.236068
2.236068
2.236068
2.236068
2.236068
2.236068
2.236068
2.236068
2.236068
2.236068
2.236068
2.236068
2.236068
2.236068
2.236068
2.236068
2.236068
2.236068
2.236068
2.236068
2.236068
2.236068
2.236068
2.236068
2.236068
2.236068
2.236068
2.236068
2.236068
2.236068
2.236068
2.236068
2.236068
2.236068
2.236068
2.236068
2.236068
2.236068
2.236068
2.236068
2.236068
2.236068
2.236068
2.236068
2.236068
2.236068
2.236068
2.236068
2.236068
2.236068
2.236068
2.236068
2.236068
2.236068
2.236068
2.236068
2.236068
2.236068
2.236068
2.236068
2.236068
2.236068
2.236068
2.236068
2.236068
2.236068
2.236068
2.236068
2.236068
2.236068
2.236068
2.236068
2.236068
2.236068
2.236068
2.236068
2.236068
2.236068
2.236068
2.236068
2.236068
2.236068
2.236068
2.236068
2.236068
2.236068
2.236068
2.236068
2.236068
2.236068
2.236068
2.236068
2.236068
2.236068
2.236068
2.236068
2.236068
2.236068
2.236068
2.236068
2.236068
2.236068
2.236068
2.236068
2.236068
2.236068
2.236068
2.236068
2.236068
2.236068
2.236068
2.236068
2.236068
2.236068
2.236068
2.236068
2.236068
2.236068
2.236068
2.236068
2.236068
2.236068
2.236068
2.236068
2.236068
2.236068
2.236068
2.236068
2.236068
2.236068
2.236068
2.236068
2.236068
2.236068
2.236068
2.236068
2.236068
2.236068
2.236068
2.236068
2.236068
2.236068
2.236068
2.236068
2.236068
2.236068
2.236068
2.236068
2.236068
2.236068
2.236068
2.236068
2.236068
2.236068
2.236068
2.236068
2.236068
2.236068
2.236068
2.236068
2.236068
2.236068
2.236068
2.236068
2.236068
2.236068
2.236068
2.236068
2.236068
2.236068
2.236068
2.236068
2.236068
2.236068
2.236068
2.236068
2.236068
2.236068
2.236068
2.236068
2.236068
2.236068
2.236068
2.236068
2.236068
2.236068
2.236068
2.236068
2.236068
2.236068
2.236068
2.236068
2.236068
2.236068
2.236068
2.236068
2.236068
2.236068
2.236068
2.236068
2.236068
2.236068
2.236068
2.236068
2.236068
2.236068
2.236068
2.236068
2.236068
2.236068
2.236068
2.236068
2.236068
2.236068
2.236068
2.236068
2.236068
2.236068
2.236068
2.236068
2.236068
2.236068
2.236068
2.236068
2.236068
2.236068
2.236068
2.236068
2.236068
2.236068
2.236068
2.236068
2.236068
2.236068
2.236068
2.236068
2.236068
2.236068
2.236068
2.236068
2.236068
2.236068
2.236068
2.236068
2.236068
2.236068
2.236068
2.236068
2.236068
2.236068
2.236068
2.236068
2.236068
2.236068
2.236068
2.236068
2.236068
2.236068
2.236068
2.236068
2.236068
2.236068
2.236068
2.236068
2.236068
2.236068
2.236068
2.236068
2.236068
2.236068
2.236068
2.236068
2.236068
2.236068
2.236068
2.236068
2.236068
2.236068
2.236068
2.236068
2.236068
