0.334994
0.334994
0.334994
0.334994
0.334994
0.334994
0.334994
0.334994
0.334994
0.334994
0.334994
0.334994
0.334994
0.334994
0.334994
0.334994
0.334994
0.334994
0.334994
0.334994
0.334994
0.334994
0.334994
0.335016
0.334776
0.334126
0.333223
0.331372
0.328952
0.326144
0.322824
0.319519
0.316528
0.313656
0.310844
0.308194
0.305312
0.302820
0.299890
0.297078
0.294072
0.291150
0.288063
0.285164
0.282216
0.279284
0.276419
0.273843
0.271016
0.268165
0.265364
0.262514
0.259693
0.256912
0.254206
0.251469
0.248535
0.245800
0.243242
0.240511
0.237796
0.235462
0.232835
0.230035
0.227556
0.225069
0.222353
0.219875
0.217481
0.214829
0.212302
0.209891
0.207509
0.205207
0.202731
0.200429
0.198126
0.195659
0.193368
0.191073
0.188743
0.186750
0.184445
0.182227
0.180024
0.178071
0.176014
0.173771
0.171731
0.169664
0.167736
0.165563
0.163783
0.161703
0.159711
0.157905
0.155723
0.154048
0.152013
0.150103
0.148381
0.146487
0.144647
0.143145
0.141336
0.139450
0.137687
0.136010
0.134285
0.132627
0.130846
0.129270
0.127647
0.126159
0.124297
0.122710
0.121069
0.119712
0.118054
0.116724
0.115038
0.113560
0.111929
0.110442
0.109071
0.107746
0.106355
0.105045
0.103505
0.102165
0.100896
0.099467
0.098080
0.096843
0.095817
0.094422
0.093190
0.091812
0.090606
0.089581
0.088267
0.087389
0.086084
0.084930
0.083885
0.082725
0.081638
0.080662
0.079455
0.078368
0.077623
0.076339
0.075528
0.074369
0.073542
0.072644
0.071668
0.070625
0.069887
0.068841
0.067836
0.067100
0.066127
0.065289
0.064372
0.063408
0.062899
0.061966
0.061296
0.060291
0.059659
0.058906
0.058020
0.057403
0.056617
0.055791
0.055058
0.054486
0.053829
0.053159
0.052372
0.051774
0.051041
0.050543
0.049680
0.048990
0.048506
0.047751
0.047295
0.046716
0.045979
0.045549
0.044885
0.044320
0.043770
0.043363
0.042621
0.042133
0.041531
0.041151
0.040431
0.039920
0.039476
0.039014
0.038501
0.037983
0.037639
0.036959
0.036564
0.036055
0.035562
0.035099
0.034874
0.034429
0.033784
0.033370
0.033042
0.032628
0.032242
0.031728
0.031433
0.031005
0.030595
0.030159
0.029846
0.029432
0.029123
0.028845
0.028292
0.027879
0.027623
0.027309
0.027033
0.026649
0.026227
0.025862
0.025687
0.025252
0.024839
0.024661
0.024443
0.024034
0.023765
0.023510
0.023083
0.022733
0.022576
0.022488
0.021951
0.021900
0.021465
0.021077
0.021000
0.020745
0.020498
0.020129
0.019945
0.019529
0.019431
0.019136
0.019065
0.018620
0.018543
0.018462
0.018014
0.017835
0.017690
0.017556
0.017280
0.017094
0.017013
0.016717
0.016537
0.016345
0.015990
0.015990
0.015813
0.015636
0.015410
0.015244
0.015174
0.014997
0.014818
0.014771
0.014694
0.014527
0.014276
0.014050
0.014050
0.014050
0.013794
0.013607
0.013607
0.013449
0.013253
0.013253
0.012927
0.012927
0.012838
0.012739
0.012582
0.012582
0.012482
0.012325
0.012175
0.012109
0.011973
0.011816
0.011714
0.011714
0.011615
0.011458
0.011458
0.011458
0.011373
0.010965
0.010895
0.010895
0.010895
0.010816
0.010738
0.010738
0.010594
0.010412
0.010335
0.010335
0.010335
0.010285
0.010205
0.010105
0.010028
0.010028
0.010028
0.009948
0.009948
0.009871
0.009773
0.009773
0.009773
0.009693
0.009693
0.009616
0.009616
0.009566
0.009486
0.009486
0.009486
0.009409
0.009409
0.009409
0.009409
0.009329
0.009329
0.009329
0.009252
0.009252
0.009252
0.009252
0.009171
0.009171
0.009171
0.009171
0.009095
0.009095
0.009095
0.009014
0.009014
0.009014
0.009014
0.009014
0.008938
0.008938
0.008938
0.008938
0.008857
0.008857
0.008857
0.008857
0.008857
0.008857
0.008781
0.008781
0.008781
0.008700
0.008700
0.008700
0.008700
0.008700
0.008700
0.008700
0.008700
0.008700
0.008700
0.008700
0.008700
0.008700
0.008700
0.008700
0.008700
0.008700
0.008700
0.008700
0.008700
0.008700
0.008700
0.008700
0.008700
0.008700
0.008700
0.008700
0.008700
0.008700
0.008700
0.008700
0.008700
0.008700
0.008700
0.008700
0.008700
0.008700
0.008700
0.008700
0.008700
0.008700
0.008700
0.008700
0.008700
0.008700
0.008700
0.008700
0.008700
0.008700
0.008700
0.008700
0.008700
0.008700
0.008700
0.008700
0.008700
0.008700
0.008700
0.008700
0.008700
0.008700
0.008700
0.008700
0.008700
0.008700
0.008700
0.008700
0.008700
0.008700
0.008700
0.008700
0.008700
0.008700
0.008700
0.008700
0.008700
0.008700
0.008700
0.008700
0.008700
0.008700
0.008700
0.008700
0.008700
0.008700
0.008700
0.008700
0.008700
0.008700
0.008700
0.008700
0.008700
0.008700
0.008700
0.008700
0.008700
0.008700
0.008700
0.008700
0.008700
0.008700
0.008700
0.008700
0.008700
0.008700
0.008700
0.008700
0.008700
0.008700
0.008700
0.008700
0.008700
0.008700
0.008700
0.008700
0.008700
0.008700
0.008700
0.008700
0.008700
0.008700
0.008700
0.008700
0.008700
0.008700
0.008700
0.008700
0.008700
0.008700
0.008700
0.008700
0.008700
0.008700
0.008700
0.008700
0.008700
0.008700
0.008700
0.008700
0.008700
0.008700
0.008700
0.008700
0.008700
0.008700
0.008700
0.008700
0.008700
0.008700
0.008700
0.008700
0.008700
0.008700
0.008700
0.008700
0.008700
0.008700
0.008700
0.008700
0.008700
0.008700
0.008700
0.008700
0.008700
0.008700
0.008700
0.008700
0.008700
0.008700
0.008700
0.008700
0.008700
0.008700
0.008700
0.008700
0.008700
0.008700
0.008700
0.008700
0.008700
0.008700
0.008700
0.008700
0.008700
0.008700
0.008700
0.008700
0.008700
0.008700
0.008700
0.008700
0.008700
0.008700
0.008700
0.008700
0.008700
0.008700
0.008700
0.008700
0.008700
0.008700
0.008700
0.008700
0.008700
0.008700
0.008700
0.008700
0.008700
0.008700
0.008700
0.008700
0.008700
0.008700
0.008700
0.008700
0.008700
0.008700
0.008700
0.008700
0.008700
0.008700
0.008700
0.008700
0.008700
0.008700
0.008700
0.008700
0.008700
0.008700
0.008700
0.008700
0.008700
0.008700
0.008700
0.008700
0.008700
0.008700
0.008700
0.008700
0.008700
0.008700
0.008700
0.008700
0.008700
0.008700
0.008700
0.008700
0.008700
0.008700
0.008700
0.008700
0.008700
0.008700
0.008700
0.008700
0.008700
0.008700
0.008700
0.008700
0.008700
0.008700
0.008700
0.008700
0.008700
0.008700
0.008700
0.008700
0.008700
0.008700
0.008700
0.008700
0.008700
0.008700
0.008700
0.008700
0.008700
0.008700
0.008700
0.008700
0.008700
0.008700
0.008700
0.008700
0.008700
0.008700
0.008700
0.008700
0.008700
0.008700
0.008700
0.008700
0.008700
0.008700
0.008700
0.008700
0.008700
0.008700
0.008700
0.008700
0.008700
0.008700
0.008700
0.008700
0.008700
0.008700
0.008700
0.008700
0.008700
0.008700
0.008700
0.008700
0.008700
0.008700
0.008700
0.008700
0.008700
0.008700
