0.668549
0.668549
0.668549
0.668549
0.668549
0.668549
0.668549
0.668549
0.668549
0.668549
0.668549
0.668549
0.668549
0.668549
0.668549
0.668549
0.668549
0.668549
0.668549
0.668549
0.668549
0.668549
0.668549
0.668342
0.667411
0.666166
0.664350
0.662058
0.659408
0.656532
0.653870
0.650940
0.647665
0.644042
0.640223
0.636123
0.631910
0.627704
0.623455
0.619391
0.615400
0.611296
0.607161
0.603014
0.598959
0.594769
0.590490
0.586055
0.581789
0.577691
0.573536
0.569365
0.565199
0.560931
0.556578
0.552416
0.548240
0.543856
0.539679
0.535529
0.531165
0.526970
0.522832
0.518587
0.514346
0.510068
0.505834
0.501683
0.497438
0.493256
0.489121
0.484865
0.480648
0.476284
0.472045
0.467791
0.463661
0.459446
0.455123
0.450962
0.446790
0.442566
0.438377
0.434291
0.430237
0.426139
0.422127
0.418244
0.414399
0.410617
0.406616
0.402752
0.399040
0.395276
0.391486
0.387688
0.384153
0.380564
0.376943
0.373427
0.369933
0.366339
0.363037
0.359443
0.356087
0.352979
0.349190
0.345980
0.342721
0.339523
0.336389
0.333152
0.329984
0.326807
0.323697
0.320584
0.317577
0.314696
0.311627
0.308753
0.305786
0.302872
0.300058
0.297136
0.294450
0.291620
0.288712
0.286180
0.283573
0.280655
0.278238
0.275574
0.272843
0.270557
0.267841
0.265503
0.262840
0.260590
0.258017
0.255794
0.253309
0.250942
0.248570
0.246342
0.244005
0.241760
0.239571
0.237225
0.235033
0.233057
0.230877
0.228692
0.226574
0.224509
0.222533
0.220411
0.218363
0.216396
0.214335
0.212523
0.210610
0.208723
0.206736
0.204957
0.203091
0.201218
0.199374
0.197670
0.195826
0.194009
0.192208
0.190498
0.188752
0.186903
0.185298
0.183621
0.182041
0.180395
0.178809
0.177149
0.175508
0.173860
0.172215
0.170785
0.169291
0.167587
0.166107
0.164592
0.163170
0.161548
0.160095
0.158548
0.157282
0.155711
0.154221
0.152770
0.151521
0.150032
0.148457
0.147288
0.145858
0.144326
0.143296
0.141725
0.140501
0.139302
0.137805
0.136754
0.135275
0.134044
0.132778
0.131345
0.130333
0.128862
0.127908
0.126467
0.125419
0.124134
0.122941
0.121767
0.120623
0.119406
0.118205
0.117116
0.115883
0.114883
0.113570
0.112688
0.111464
0.110597
0.109347
0.108286
0.107079
0.105969
0.105059
0.103866
0.102966
0.101828
0.100806
0.099854
0.098632
0.097720
0.096794
0.095600
0.094671
0.093763
0.092734
0.091758
0.090827
0.089804
0.088772
0.087925
0.086914
0.085937
0.085085
0.084094
0.083087
0.082379
0.081299
0.080391
0.079608
0.078495
0.077766
0.076747
0.076008
0.074975
0.074168
0.073234
0.072409
0.071470
0.070683
0.069863
0.068956
0.067982
0.067363
0.066425
0.065619
0.064744
0.063940
0.063145
0.062237
0.061457
0.060641
0.059881
0.059122
0.058396
0.057522
0.056756
0.056066
0.055279
0.054732
0.053785
0.053140
0.052451
0.051770
0.051168
0.050482
0.049690
0.049127
0.048592
0.047896
0.047334
0.046639
0.045933
0.045327
0.044894
0.044312
0.043678
0.043130
0.042490
0.041994
0.041385
0.040878
0.040424
0.039759
0.039294
0.038722
0.038269
0.037737
0.037236
0.036917
0.036311
0.035857
0.035253
0.034859
0.034355
0.033950
0.033489
0.033112
0.032742
0.032326
0.031880
0.031299
0.030937
0.030502
0.030073
0.029794
0.029431
0.029060
0.028718
0.028398
0.027912
0.027432
0.027043
0.026635
0.026409
0.026076
0.025783
0.025496
0.025271
0.025057
0.024769
0.024514
0.024317
0.024031
0.023905
0.023630
0.023465
0.023194
0.022997
0.022760
0.022573
0.022370
0.022232
0.022029
0.021788
0.021623
0.021385
0.021248
0.021010
0.020884
0.020686
0.020501
0.020302
0.020165
0.020011
0.019800
0.019614
0.019498
0.019338
0.019180
0.019032
0.018856
0.018668
0.018515
0.018377
0.018251
0.018112
0.017942
0.017815
0.017700
0.017585
0.017447
0.017321
0.017206
0.017068
0.016991
0.016865
0.016788
0.016689
1.768474
1.768586
1.768641
1.768782
1.768837
1.768865
1.768893
1.768977
1.769031
1.769153
1.769249
1.769259
1.769286
1.769217
1.768823
1.767821
1.765703
1.762706
1.759166
1.755508
1.237906
1.235095
1.232470
1.230355
1.228508
1.226521
1.224058
1.221387
1.218221
1.214703
1.210991
1.207200
1.203711
1.200437
1.197392
1.194244
1.191133
1.187827
1.184173
1.180478
1.176433
1.172398
1.168376
1.164659
1.160864
1.157119
1.153401
1.149722
1.146210
1.142733
1.139245
1.135819
1.132183
1.128479
1.124689
1.120904
1.117182
1.113132
1.109332
1.105202
1.101008
1.096698
1.092386
1.088285
1.084011
1.079865
1.075603
1.071485
1.067300
1.063141
1.058885
1.054659
1.050372
1.046218
1.041893
1.037778
1.033474
1.029273
1.024889
1.020693
1.016506
1.012239
1.008119
1.003982
0.999757
0.995555
0.991192
0.986875
0.982721
0.978472
0.974308
0.970043
0.965914
0.961673
0.957324
0.953161
0.948852
0.944679
0.940525
0.936246
0.932114
0.927847
0.923575
0.919363
0.915182
0.911005
0.906684
0.902511
0.898217
0.893966
0.889747
0.885395
0.881294
0.877126
0.872871
0.868668
0.864404
0.860173
0.855939
0.851716
0.847381
0.843187
0.839071
0.834876
0.830493
0.826333
0.822038
0.817893
0.813675
0.809398
0.805265
0.801017
0.796777
0.792513
0.788241
0.784076
0.779842
0.775701
0.771435
0.767146
0.762974
0.758709
0.754526
0.750176
0.745962
0.741827
0.737546
0.733390
0.729097
0.724981
0.720803
0.716472
0.712274
0.707881
0.703675
0.699560
0.695255
0.691111
0.686871
0.682725
0.678486
0.674133
0.669958
0.665626
0.661481
0.657334
0.653127
0.648844
0.644549
0.640373
0.636229
0.632013
0.627744
0.623506
0.619372
0.615228
0.610986
0.606822
0.602626
0.598662
0.594430
0.590226
0.586057
0.581815
0.577647
0.573501
0.569426
0.565416
0.561349
0.557282
0.553231
0.549083
0.544988
0.540847
0.536881
0.532839
0.528856
0.524871
0.520804
0.516854
0.512743
0.508771
0.504912
0.500881
0.496891
0.492970
0.488988
0.485082
0.481178
0.477199
0.473317
0.469390
0.465591
0.461728
0.457649
0.453813
0.449978
0.446193
0.442306
0.438414
0.434625
0.430803
0.426978
0.423271
0.419336
0.415592
0.411740
0.407966
0.404121
0.400319
0.396466
0.392780
0.389044
0.385259
0.381528
0.377778
0.373914
0.370149
0.366495
0.362751
0.359034
0.355339
0.351549
0.347843
0.344175
0.340623
0.336890
0.333178
0.329446
0.325781
0.321953
0.318356
0.314740
0.311186
0.307676
0.304070
0.300414
0.296749
0.293150
0.289552
0.285934
0.282404
0.278946
0.275600
0.272199
0.268855
0.265458
0.262195
0.258836
0.255469
0.252320
0.249041
0.245797
0.242745
0.239570
0.236518
0.233426
0.230397
0.227408
0.224440
0.221525
0.218671
0.215709
0.212934
0.210167
0.207519
0.204816
0.201987
0.199245
0.196670
0.194078
0.191548
0.189090
0.186676
0.184111
0.181774
0.179409
0.177003
0.174732
0.172455
0.170172
0.167835
0.165750
0.163623
0.161381
0.159162
0.157324
0.155121
0.153051
0.151096
0.149245
0.147233
0.145254
0.143353
0.141396
0.139740
0.137786
0.135938
0.134273
0.132479
0.130663
0.128912
0.127271
0.125590
0.124046
0.122415
0.120820
0.119169
0.117641
0.116077
0.114538
0.112970
0.111542
0.109964
0.108712
0.107245
0.105846
0.104489
0.103025
0.101628
0.100208
0.099036
0.097670
0.096439
0.095092
0.093929
0.092686
0.091424
0.090209
0.089131
0.087843
0.086778
0.085621
0.084583
0.083478
0.082369
0.081183
0.080218
0.079094
0.078062
0.077218
0.076143
0.075054
0.074031
0.073108
0.072239
0.071258
0.070293
0.069372
0.068430
0.067531
0.066513
0.065755
0.064873
0.063996
0.063226
0.062540
0.061571
0.060786
0.060005
0.059095
0.058461
0.057682
0.056874
0.056098
0.055427
0.054590
0.053931
0.053214
0.052643
0.051845
0.051105
0.050443
0.049780
0.049198
0.048473
0.047844
0.047157
0.046693
0.045991
0.045433
0.044698
0.044245
0.043602
0.043136
0.042356
0.041965
0.041419
0.040886
0.040322
0.039697
0.039275
0.038673
0.038241
0.037793
0.037261
0.036759
0.036208
0.035849
0.035201
0.034871
0.034377
0.033960
0.033439
0.033185
0.032460
0.032167
0.031637
0.031297
0.031020
0.030499
0.030111
0.029727
0.029400
0.028998
0.028567
0.028289
0.027813
0.027476
0.027159
0.026761
0.026384
0.026130
0.025796
0.025416
0.025107
0.024847
0.024505
0.024132
0.023845
0.023618
0.023289
0.022919
0.022710
0.022455
0.022161
0.021812
0.021584
0.021332
0.021094
0.020868
0.020489
0.020225
0.020111
0.019929
0.019553
0.019212
0.019156
0.018949
0.018750
0.018355
0.018118
0.017973
0.017861
0.017652
0.017361
0.017020
0.016963
0.016810
0.016643
0.016444
0.016106
0.015925
0.015812
0.015702
0.015498
0.015310
0.015084
0.014830
0.014745
0.014536
0.014450
0.014253
0.014139
0.013885
0.013589
0.013507
0.013451
0.013396
0.013246
0.012986
0.012806
0.012582
0.012466
0.012345
0.012317
0.012146
0.012117
0.011949
0.011782
0.011486
0.011342
0.011257
0.011172
0.011143
0.011033
0.010883
0.010856
0.010714
0.010534
0.010335
0.010218
0.010152
0.010125
0.010041
0.009986
0.009926
0.009926
0.009897
0.009747
0.009745
0.009718
0.009662
0.009661
0.009549
0.009521
0.009483
0.009456
0.009372
0.009316
0.009261
0.009205
0.009205
0.009147
0.009119
0.009092
0.009092
0.009092
0.009092
0.009065
0.009065
0.009065
0.009038
0.009038
0.009038
0.009065
0.009065
0.009065
0.009065
0.009038
0.009038
0.009038
0.009038
0.009038
0.009038
0.009038
0.009038
0.009038
0.009038
0.009038
0.009038
0.009038
0.009038
0.009038
0.009038
0.009038
0.009038
0.009038
0.009038
0.009038
0.009038
0.009038
0.009038
0.009038
0.009038
0.009038
0.009038
0.009038
0.009038
0.009038
0.009038
0.009038
0.009038
0.009038
0.009038
0.009038
0.009038
0.009038
0.009038
0.009038
