1.350477
1.246774
1.037008
0.833900
0.688267
0.610145
0.582207
0.577571
0.683597
0.682764
0.781325
0.779464
0.777586
0.775558
0.773716
0.772056
0.770079
0.767809
0.766002
0.763583
0.761466
0.759199
0.756784
0.754269
0.751861
0.749349
0.746560
0.744142
0.741534
0.738871
0.735709
0.733206
0.730308
0.727358
0.724331
0.721697
0.718663
0.715591
0.712704
0.709673
0.706880
0.703923
0.701118
0.698320
0.695256
0.692604
0.689723
0.686980
0.684224
0.681657
0.678946
0.676129
0.673656
0.670995
0.668551
0.665766
0.663235
0.660865
0.658206
0.655673
0.653409
0.650884
0.648405
0.646149
0.643863
0.641478
0.639257
0.636763
0.634606
0.632661
0.630876
0.628867
0.627031
0.625011
0.623112
0.621206
0.619387
0.617399
0.615689
0.613771
0.611860
0.610234
0.608272
0.606655
0.604930
0.603156
0.601595
0.599651
0.598006
0.596303
0.594671
0.592969
0.591289
0.589899
0.588200
0.586586
0.585213
0.583530
0.581988
0.580613
0.579026
0.577521
0.576043
0.574735
0.572927
0.571775
0.570434
0.569322
0.568170
0.566671
0.565397
0.564369
0.563048
0.561869
0.560560
0.559464
0.558149
0.557012
0.555691
0.554486
0.553390
0.552146
0.550890
0.549869
0.548579
0.547612
0.546364
0.545225
0.543975
0.542912
0.541834
0.540701
0.539711
0.538706
0.537599
0.536609
0.535537
0.534547
0.533498
0.532651
0.531759
0.530833
0.529953
0.528957
0.527933
0.527182
0.526352
0.525412
0.524560
0.523678
0.522900
0.522159
0.521301
0.520592
0.519723
0.518875
0.518257
0.517453
0.516720
0.516080
0.515243
0.514388
0.513731
0.513106
0.512215
0.511657
0.510910
0.510171
0.509655
0.508797
0.508284
0.507561
0.507011
0.506181
0.505684
0.504886
0.504356
0.503750
0.503178
0.502463
0.501939
0.500973
0.499874
0.498762
0.497798
0.497123
0.496491
0.495955
0.495348
0.494888
0.493744
0.493206
0.492335
0.491354
0.490891
0.489741
0.489611
0.488922
0.487966
0.487228
0.486644
0.485658
0.484960
0.484275
0.483740
0.483109
0.482166
0.481504
0.480975
0.480157
0.479567
0.478601
0.478439
0.477684
0.477153
0.476411
0.475719
0.475173
0.474452
0.473827
0.473168
0.472540
0.471840
0.471186
0.470572
0.470062
0.469418
0.468667
0.468091
0.467445
0.467117
0.466352
0.465610
0.465385
0.464636
0.463909
0.463086
0.461996
0.461275
0.460250
0.459474
0.459125
0.458419
0.457655
0.457300
0.456703
0.456037
0.455508
0.454613
0.454179
0.453518
0.452910
0.452615
0.451905
0.450809
0.450481
0.449832
0.449547
0.448951
0.448289
0.448084
0.447322
0.446546
0.446192
0.445626
0.445471
0.444764
0.444321
0.443764
0.443066
0.442576
0.442188
0.441625
0.440939
0.440741
0.439986
0.439732
0.438863
0.438191
0.437860
0.437130
0.436012
0.435519
0.434453
0.433986
0.433203
0.432713
0.432356
0.431652
0.430941
0.430618
0.429719
0.428897
0.428394
0.427762
0.427597
0.426624
0.425695
0.425424
0.424686
0.423900
0.423336
0.422581
0.422327
0.421437
0.420646
0.420086
0.419318
0.418585
0.418180
0.417370
0.416492
0.416258
0.415307
0.415007
0.414321
0.413688
0.413154
0.412438
0.411898
0.411883
0.411081
0.410638
0.409497
0.408207
0.407888
0.407054
0.405887
0.405137
0.404344
0.404137
0.439735
0.436933
0.434645
0.432028
0.430110
0.428881
0.427229
0.425285
0.424032
0.422512
0.420924
0.419326
0.418087
0.416823
0.415386
0.414185
0.413184
0.411357
0.410163
0.408751
0.406871
0.405657
0.404212
0.402502
0.401363
0.400156
0.398533
0.397616
0.396240
0.394960
0.393384
0.391922
0.391064
0.389180
0.387540
0.386387
0.384724
0.383431
0.381976
0.380298
0.379279
0.377593
0.375827
0.374911
0.373101
0.371346
0.370117
0.368475
0.366875
0.365559
0.364115
0.362800
0.361208
0.359646
0.358478
0.356866
0.355533
0.354166
0.352300
0.350475
0.348765
0.347124
0.345386
0.343668
0.342020
0.340216
0.338649
0.337532
0.335562
0.333947
0.332264
0.330380
0.328306
0.326940
0.325361
0.324120
0.322505
0.320740
0.319445
0.317369
0.315357
0.313774
0.311406
0.309597
0.308136
0.306105
0.305068
0.303257
0.301032
0.299585
0.297489
0.295106
0.293985
0.292067
0.290440
0.288582
0.286387
0.284459
0.282615
0.280435
0.278640
0.276729
0.275148
0.273038
0.271014
0.269549
0.267473
0.265179
0.263703
0.261770
0.259614
0.258019
0.255973
0.254223
0.251937
0.249604
0.247991
0.245971
0.243828
0.241876
0.239840
0.238193
0.236190
0.234192
0.232380
0.230022
0.228229
0.226643
0.224384
0.222289
0.220378
0.218504
0.216731
0.214467
0.212454
0.210767
0.208101
0.205019
0.202304
0.200133
0.198396
0.196645
0.194563
0.192863
0.190574
0.187868
0.185547
0.183032
0.180811
0.178833
0.176830
0.174651
0.172759
0.170748
0.168787
0.166804
0.164683
0.162789
0.160963
0.158984
0.157030
0.155350
0.153362
0.151709
0.149849
0.148145
0.146406
0.144467
0.142935
0.141256
0.139552
0.138116
0.136298
0.134712
0.133180
0.131432
0.129963
0.128316
0.126952
0.125209
0.123796
0.122267
0.120798
0.119453
0.117751
0.116410
0.115149
0.113704
0.112235
0.110886
0.109591
0.108192
0.106957
0.105661
0.104262
0.103069
0.101743
0.100598
0.099409
0.097892
0.096888
0.095592
0.094384
0.093350
0.092124
0.091121
0.090047
0.089084
0.087788
0.086889
0.085712
0.084749
0.083676
0.082673
0.081640
0.080637
0.079632
0.078773
0.077889
0.076752
0.075854
0.075007
0.074005
0.073194
0.072088
0.071242
0.070461
0.069430
0.068614
0.067803
0.066920
0.066129
0.065215
0.064435
0.063763
0.062920
0.062241
0.061501
0.060726
0.059946
0.059207
0.058534
0.057860
0.057187
0.056448
0.055736
0.055101
0.054429
0.053939
0.053200
0.052632
0.051893
0.051286
0.050838
0.050167
0.049532
0.048925
0.048545
0.047910
0.047343
0.046859
0.046289
0.045792
0.045384
0.044817
0.044384
0.043867
0.043370
0.042990
0.042461
0.041965
0.041578
0.041016
0.040669
0.040173
0.039896
0.039328
0.038948
0.038555
0.038110
0.037648
0.037371
0.037095
0.036598
0.036039
0.035647
0.035473
0.035095
0.034638
0.034465
0.033932
0.033655
0.033417
0.032854
0.032680
0.032403
0.032016
0.031674
0.031501
0.031070
0.030796
0.030509
0.030239
0.030066
0.029575
0.029363
0.029076
0.028799
0.028414
0.028177
0.028004
0.027686
0.027375
0.027089
0.026915
0.026681
0.026363
0.026091
0.025917
0.025634
0.025493
0.025209
0.024939
0.024705
0.024493
0.024319
0.024145
0.023935
0.023665
0.023455
0.023352
0.023071
0.022897
0.022736
0.022457
0.022354
0.022180
0.021904
0.021801
0.021754
0.021592
0.021264
0.021063
0.020889
0.020770
0.020616
0.020443
0.020340
0.020166
0.020126
0.019815
0.019670
0.019460
0.019538
0.019271
0.019195
0.019158
0.019021
0.018892
0.018822
0.018763
0.018621
0.018589
0.018390
0.018260
0.018158
0.018084
0.018084
0.017910
0.017832
0.017726
0.017552
0.017445
0.017271
0.017173
0.017110
0.017261
0.017245
0.017132
0.016958
0.016958
0.016743
0.016672
0.016504
0.016395
0.016221
0.016162
0.016041
0.015970
0.015751
0.015751
0.015728
0.015562
0.015562
0.015459
0.015388
0.015411
0.015327
0.015327
0.015202
0.015212
0.015106
0.014936
0.014968
0.014865
0.014970
0.014884
0.014650
0.014650
0.014650
0.014548
0.014406
0.014406
0.014258
0.014258
0.014180
0.014006
0.013934
0.013934
0.013767
0.013842
0.013715
0.013715
0.013613
0.013566
0.013453
0.013342
0.013239
0.013211
0.013211
0.013032
0.013013
0.012871
0.012871
0.012828
0.012760
0.012760
0.012760
0.012573
0.012573
0.012573
0.012573
0.012573
0.012472
0.012399
0.012399
0.012399
0.012399
0.012318
0.012378
0.012378
0.012376
0.012376
0.012274
0.012274
0.012274
0.012274
0.012324
0.012154
0.012081
0.012081
0.012022
0.012022
0.012022
0.011921
0.011921
0.011921
0.011921
0.011849
0.011894
0.011792
0.011792
0.011792
0.011792
0.011792
0.011792
0.011792
0.011692
0.011617
0.011617
0.011617
0.011617
0.011617
0.011617
0.011517
0.011517
0.011517
0.011517
0.011517
0.011517
0.011444
0.011444
0.011342
0.011342
0.011342
0.011342
0.011342
0.011342
0.011342
0.011342
0.011342
0.011342
0.011342
0.011342
0.011342
0.011342
0.011342
0.011342
0.011342
0.011342
0.011342
0.011342
0.011342
0.011342
0.012499
0.014227
0.015673
0.015761
0.014882
0.014039
0.013846
0.012155
0.010411
0.010318
0.010474
0.011271
0.014037
0.016877
0.018178
0.018121
0.016605
0.015184
0.014262
0.012248
0.010922
0.010464
0.011083
0.013743
0.017080
0.019334
0.019687
0.018478
0.016999
0.015769
0.014964
0.013363
0.011923
0.011553
0.012379
0.014931
0.017938
0.020104
0.020414
0.019103
0.017658
0.016489
0.015725
0.015773
0.016471
0.017078
0.018085
0.019192
0.019360
0.019111
0.019527
0.019023
0.016984
0.015283
0.014105
0.014417
0.014689
0.017723
0.020780
0.022125
0.022034
0.020775
0.019379
0.018185
0.017513
0.016401
0.014340
0.014415
0.014357
0.017084
0.020469
0.022533
0.022724
0.021341
0.019864
0.018458
0.017970
0.016616
0.014571
0.013896
0.014682
0.017437
0.020755
0.022880
0.023098
0.021773
0.020272
0.019008
0.018223
0.018038
0.018934
0.019405
0.020592
0.021569
0.021460
0.021983
0.021400
0.021175
0.021613
0.021418
0.019588
0.017516
0.016633
0.016849
0.016923
0.020212
0.022465
0.024232
0.024209
0.022831
0.021546
0.020578
0.019765
0.018589
0.016622
0.016117
0.016553
0.019232
0.022750
0.024528
0.026063
0.026873
0.026434
0.023922
0.021167
0.019339
0.017396
0.016044
0.016917
0.018103
0.019652
0.023094
0.026381
0.029792
0.029653
0.028168
0.026348
0.023237
0.020907
0.018000
0.016632
0.017181
0.019511
0.021244
0.024928
0.029072
0.031699
0.031342
0.029813
0.027800
0.024476
0.021551
0.021280
0.020407
0.020287
0.020632
0.021972
0.023366
0.025847
0.029417
0.031156
0.031670
0.030453
0.027444
0.023972
0.021905
0.020424
0.019987
0.020198
0.021768
0.023667
0.026204
0.028884
0.030510
0.031988
0.031089
0.029979
0.026786
0.024491
0.022826
0.021723
0.021324
0.021335
0.022793
0.024414
0.026728
0.029458
0.031009
0.031764
0.031897
0.030050
0.027746
0.025234
0.023674
0.022559
0.021880
0.022167
0.023618
0.024420
0.027590
0.029883
0.031697
0.032652
0.032856
0.030967
0.028432
0.025109
0.022851
0.020948
0.021035
0.022687
0.024097
0.026019
0.028129
0.031501
0.033807
0.034146
0.032798
0.029267
0.026199
0.024667
0.022640
0.021940
0.023026
0.024261
0.025637
0.028663
0.031699
0.034160
0.034612
0.033228
0.031623
0.028517
0.025848
0.023825
0.022125
0.022733
0.024024
0.026474
0.027344
0.029926
0.032541
0.034651
0.034803
0.033433
0.031509
0.028758
0.026821
0.025016
0.023498
0.023647
0.025186
0.027205
0.029845
0.033721
0.036555
0.036713
0.035365
0.032908
0.029846
0.027764
0.025267
0.024453
0.024743
0.026125
0.028451
0.029362
0.031175
0.034424
0.036454
0.035895
0.034671
0.032045
0.028911
0.027190
0.026041
0.025511
0.026280
0.027521
0.028485
0.030795
0.034223
0.036740
0.037198
0.035702
0.033574
0.031415
0.028758
0.028703
0.027517
0.027487
0.027567
0.028705
0.029383
0.031966
0.033421
0.035712
0.036636
0.035916
0.035016
0.032920
0.030069
0.028698
0.027692
0.027296
0.027928
0.029136
0.029993
0.031912
0.033991
0.035600
0.037138
0.036760
0.035586
0.032785
0.030670
0.029532
0.028452
0.028011
0.028859
0.029807
0.030983
0.031258
0.032628
0.035582
0.037504
0.037435
0.036521
0.034207
0.031835
0.030239
0.029233
0.028164
0.028857
0.029982
0.030852
0.033559
0.036064
0.038535
0.038976
0.037911
0.036669
0.033792
0.031632
0.030033
0.028853
0.029282
0.030314
0.032294
0.032815
0.035120
0.037111
0.039136
0.039162
0.038392
0.035575
0.033430
0.032237
0.031142
0.030371
0.031238
0.032395
0.033245
0.035461
0.038425
0.040603
0.041111
0.039548
0.038383
0.036154
0.034516
0.032824
0.031830
0.032580
0.033763
0.034917
0.037521
0.040312
0.042581
0.043091
0.041255
0.039147
0.036349
0.035157
0.034261
0.034240
0.034717
0.035535
0.037061
0.038618
0.041317
0.043479
0.043684
0.042683
0.040235
0.038168
0.037041
0.035862
0.035792
0.036326
0.037419
0.038347
0.040064
0.042652
0.044295
0.044816
0.043895
0.042010
0.039585
0.038509
0.037814
0.037301
0.038071
0.038974
0.040112
0.041909
0.044140
0.045999
0.046430
0.045488
0.043388
0.040924
0.039872
0.039053
0.039012
0.039284
0.040552
0.041461
0.042915
0.045162
0.046974
0.047209
0.046476
0.044239
0.042602
0.041520
0.040904
0.040568
0.041270
0.042092
0.042946
0.044793
0.046750
0.048647
0.048359
0.047729
0.046354
0.044214
0.043267
0.042639
0.042619
0.042933
0.043839
0.044905
0.046418
0.048424
0.049975
0.050456
0.049520
0.048508
0.046879
0.045899
0.044773
0.044633
0.044925
0.045705
0.047034
0.048656
0.050624
0.052350
0.052516
0.051722
0.050102
0.048328
0.047165
0.046615
0.046685
0.046919
0.048129
0.048974
0.050203
0.052277
0.053471
0.053790
0.053110
0.051492
0.050113
0.049355
0.048767
0.048561
0.049124
0.049483
0.050612
0.051835
0.053707
0.055173
0.055490
0.054853
0.053275
0.051546
0.050701
0.050199
0.050392
0.050624
0.051706
0.052337
0.053509
0.055314
0.056552
0.057107
0.056408
0.055163
0.054670
0.053370
0.052494
0.052203
0.052541
0.053367
0.054294
0.055928
0.056906
0.057549
0.058730
0.058217
0.057487
0.056750
0.055619
0.055054
0.054745
0.054774
0.055112
0.055850
0.056407
0.057615
0.058416
0.059216
0.059857
0.059930
0.059086
0.058266
0.057402
0.056862
0.056347
0.056154
0.056694
0.057197
0.057628
0.058790
0.059449
0.060638
0.060988
0.060857
0.060587
0.059731
0.058539
0.058335
0.057856
0.057503
0.057865
0.058351
0.058984
0.060057
0.060985
0.061645
0.062645
0.062475
0.061812
0.060474
0.059534
0.058472
0.058639
0.058842
0.059373
0.059953
0.061156
0.062001
0.063372
0.064491
0.064237
0.063759
0.062847
0.061368
0.060842
0.060370
0.060309
0.060763
0.061542
0.062258
0.063190
0.064692
0.065664
0.066079
0.065549
0.064817
0.063788
0.062942
0.062195
0.062263
0.062602
0.063218
0.064257
0.065403
0.066977
0.068061
0.068275
0.067756
0.066477
0.065285
0.064812
0.063856
0.064126
0.064476
0.065097
0.065858
0.066959
0.068198
0.069207
0.069467
0.069078
0.068009
0.066920
0.066189
0.065900
0.065749
0.066077
0.066646
0.067357
0.068426
0.069180
0.069828
0.070007
0.070301
0.070123
0.069041
0.068090
0.067252
0.067083
0.067187
0.067940
0.068751
0.069939
0.070603
0.071595
0.071961
0.071802
0.071345
0.070197
0.069686
0.068738
0.068439
0.068868
0.069393
0.069995
0.071456
0.072859
0.074022
0.074112
0.073700
0.072340
0.071211
0.070562
0.070251
0.070162
0.070644
0.071097
0.071793
0.072859
0.073923
0.074958
0.075244
0.074958
0.073517
0.072692
0.072085
0.071595
0.071619
0.072057
0.072674
0.072876
0.074152
0.075205
0.076228
0.076246
0.075818
0.074988
0.073914
0.073227
0.072734
0.072878
0.073022
0.073571
0.074474
0.075348
0.076426
0.077458
0.077692
0.077173
0.076458
0.075545
0.074758
0.074227
0.074295
0.074573
0.074984
0.075547
0.076905
0.077638
0.078078
0.078877
0.078574
0.078195
0.077115
0.076454
0.075523
0.075348
0.075550
0.076178
0.076792
0.077387
0.078484
0.079165
0.080136
0.080051
0.079808
0.078879
0.077914
0.077569
0.077126
0.077005
0.077552
0.077840
0.078268
0.079511
0.080309
0.081550
0.081537
0.080989
0.080754
0.079875
0.079275
0.078755
0.078712
0.079126
0.079571
0.079885
0.081293
0.082358
0.083389
0.083491
0.082837
0.082478
0.081513
0.080758
0.080307
0.080130
0.080435
0.080929
0.081579
0.082578
0.083197
0.083918
0.084369
0.084095
0.083710
0.082746
0.082089
0.081383
0.081320
0.081434
0.081775
0.082411
0.083218
0.084005
0.084922
0.085136
0.085081
0.084414
0.083835
0.083037
0.082985
0.082693
0.082594
0.082748
0.083055
0.083462
0.084212
0.084692
0.085528
0.085814
0.085842
0.085412
0.084959
0.084083
0.083916
0.083656
0.083468
0.083545
0.083993
0.084232
0.085008
0.085713
0.086312
0.086933
0.086956
0.086732
0.085740
0.085311
0.085085
0.084686
0.084562
0.084768
0.084718
0.084955
0.085853
0.086478
0.087337
0.087882
0.087678
0.087627
0.086886
0.086205
0.085540
0.085155
0.085029
0.085202
0.086047
0.086067
0.086854
0.088259
0.088741
0.089154
0.088972
0.088244
0.087526
0.087285
0.086809
0.086448
0.086407
0.086409
0.086682
0.087434
0.088755
0.089885
0.090512
0.090652
0.090152
0.089486
0.089239
0.088701
0.088023
0.087848
0.087921
0.088243
0.088161
0.088880
0.089733
0.090521
0.090551
0.090429
0.089895
0.089345
0.089345
0.089192
0.089064
0.088839
0.089153
0.089310
0.089530
0.090234
0.090877
0.091085
0.090691
0.090346
0.090064
0.089889
0.090191
0.090267
0.090566
0.090606
0.090568
0.090622
0.090898
0.091085
0.091448
0.091794
0.091542
0.091471
0.091300
0.091618
0.091744
0.091971
0.092061
0.092307
0.092219
0.092380
0.092445
0.092683
0.092676
0.092883
0.092891
0.093115
0.093134
0.093456
0.093870
0.094251
0.094300
0.094502
0.094406
0.094286
0.094489
0.094551
0.094559
0.094623
0.094724
0.094864
0.095235
0.096036
0.096609
0.097042
0.097489
0.097595
0.097520
0.097542
0.097376
0.097539
0.097497
0.097367
0.097485
0.097815
0.098321
0.099544
0.100287
0.100789
0.101408
0.101598
0.101562
0.101354
0.101234
0.101031
0.100871
0.100744
0.101075
0.101539
0.102372
0.103518
0.104444
0.105089
0.105628
0.105747
0.105597
0.105486
0.105288
0.104961
0.104681
0.104712
0.105122
0.105552
0.106415
0.107574
0.108869
0.109454
0.109921
0.109868
0.109353
0.109056
0.108914
0.108588
0.108240
0.108441
0.108972
0.110157
0.111525
0.112605
0.113652
0.114036
0.114116
0.113930
0.113630
0.113372
0.112991
0.112265
0.112556
0.113167
0.114251
0.115515
0.117354
0.118558
0.119296
0.119808
0.119312
0.118742
0.118403
0.117796
0.117502
0.117503
0.117714
0.118559
0.119936
0.121657
0.122999
0.123852
0.124283
0.124602
0.124336
0.123983
0.123578
0.123079
0.122650
0.122544
0.122848
0.123665
0.124733
0.126411
0.127766
0.128524
0.129384
0.129310
0.128986
0.128684
0.128246
0.127780
0.127448
0.127169
0.127520
0.128215
0.129325
0.131223
0.132463
0.133344
0.134074
0.134107
0.133980
0.133568
0.133313
0.132797
0.132474
0.132112
0.132397
0.133230
0.134581
0.136231
0.137652
0.138453
0.139081
0.139019
0.138814
0.138622
0.138147
0.137653
0.137265
0.137022
0.137321
0.138287
0.139510
0.141199
0.142542
0.143326
0.143898
0.144223
0.143939
0.143493
0.143112
0.142688
0.142331
0.141964
0.142500
0.143132
0.144494
0.146424
0.147634
0.148552
0.149053
0.149442
0.149290
0.148813
0.148295
0.147837
0.147552
0.147157
0.147613
0.148393
0.149603
0.151268
0.152842
0.153887
0.154393
0.154229
0.153526
0.153317
0.152815
0.152326
0.151812
0.152019
0.152724
0.154024
0.156044
0.157391
0.158374
0.159122
0.159092
0.158968
0.158736
0.158218
0.157392
0.156758
0.157126
0.157808
0.159317
0.160909
0.162847
0.164106
0.165425
0.165759
0.165178
0.164670
0.164428
0.163468
0.162692
0.162886
0.163655
0.164957
0.167422
0.168981
0.170116
0.170809
0.170841
0.170377
0.170244
0.170139
0.169049
0.168105
0.168033
0.168791
0.170499
0.172460
0.174253
0.175356
0.175892
0.176292
0.175588
0.175360
0.175401
0.174417
0.173330
0.173247
0.173892
0.175386
0.177357
0.179163
0.180017
0.180374
0.180795
0.180845
0.180662
0.180477
0.180430
0.180197
0.179838
0.179754
0.180069
0.180837
0.182329
0.183673
0.184508
0.185067
0.185332
0.185965
0.186351
0.186370
0.186437
0.186535
0.186107
0.185519
0.185342
0.185223
0.185767
0.186835
0.187666
0.188484
0.189590
0.190454
0.190864
0.190665
0.190529
0.190528
0.189671
0.188385
0.187115
0.186613
0.186369
0.186737
0.187700
0.188490
0.188885
0.189681
0.189493
0.189210
0.188488
0.187485
0.186108
0.185050
0.184198
0.184070
0.184140
0.184829
0.185432
0.186540
0.187127
0.187521
0.187332
0.187171
0.186802
0.186177
0.185529
0.184886
0.184141
0.183891
0.184225
0.185094
0.185902
0.187280
0.188368
0.188766
0.188560
0.188021
0.187808
0.187105
0.186236
0.185154
0.184564
0.184449
0.184976
0.186115
0.187318
0.188481
0.189068
0.189757
0.189771
0.189554
0.189226
0.188636
0.187382
0.186348
0.185615
0.185554
0.186536
0.188122
0.189546
0.191055
0.191966
0.191914
0.191767
0.191530
0.190776
0.189626
0.188517
0.188114
0.188781
0.189303
0.190975
0.193205
0.194703
0.195882
0.196363
0.196180
0.195888
0.195628
0.195498
0.195087
0.194357
0.193879
0.194029
0.195000
0.196288
0.198178
0.199544
0.200215
0.200684
0.201162
0.201764
0.201740
0.201492
0.201798
0.201660
0.201649
0.201487
0.201937
0.202941
0.204646
0.206212
0.206939
0.207255
0.207721
0.208030
0.208261
0.207893
0.208558
0.208424
0.208141
0.207922
0.208117
0.209016
0.209888
0.211506
0.212719
0.213355
0.213838
0.214115
0.214039
0.214113
0.214205
0.213842
0.213458
0.213504
0.214002
0.215001
0.216583
0.218124
0.218728
0.219207
0.219483
0.219290
0.219342
0.219591
0.219470
0.218903
0.219003
0.219276
0.220210
0.221934
0.223108
0.223744
0.224147
0.224428
0.224442
0.224478
0.224819
0.224685
0.224184
0.224467
0.225093
0.225973
0.227688
0.228952
0.229902
0.230248
0.230421
0.230235
0.230191
0.230618
0.230573
0.229902
0.229926
0.230737
0.231481
0.233550
0.235044
0.235844
0.236214
0.236311
0.236062
0.236283
0.236731
0.236530
0.236023
0.236150
0.236855
0.237836
0.239539
0.240649
0.241327
0.241753
0.241914
0.241739
0.241283
0.240803
0.240751
0.240908
0.241366
0.242429
0.243801
0.245409
0.246894
0.247380
0.247990
0.248256
0.248200
0.248060
0.248350
0.248625
0.248871
0.249374
0.250138
0.251118
0.252283
0.253438
0.253905
0.253921
0.254188
0.253907
0.253631
0.253669
0.253830
0.254004
0.253960
0.254609
0.255243
0.255817
0.256781
0.257197
0.257058
0.256996
0.256861
0.256197
0.255742
0.255446
0.255566
0.255261
0.255375
0.255658
0.256018
0.256252
0.257154
0.256971
0.256905
0.256403
0.255617
0.254858
0.254521
0.253958
0.253324
0.253089
0.253405
0.253669
0.254286
0.254956
0.255024
0.254899
0.253876
0.252874
0.251752
0.250996
0.249999
0.249094
0.248066
0.247785
0.247921
0.248232
0.249010
0.248825
0.248327
0.248136
0.247230
0.246190
0.245033
0.244281
0.243362
0.242325
0.241155
0.240630
0.240454
0.240672
0.241485
0.241780
0.241555
0.241277
0.240837
0.239771
0.238850
0.237812
0.236791
0.235592
0.234233
0.233940
0.233702
0.234040
0.234653
0.235332
0.235078
0.234832
0.234101
0.232816
0.231963
0.230816
0.229543
0.228453
0.227204
0.226713
0.226317
0.226812
0.227766
0.227959
0.227455
0.227326
0.226875
0.225912
0.224772
0.223922
0.222565
0.221516
0.220363
0.219667
0.219868
0.220657
0.221693
0.222041
0.221803
0.221325
0.220707
0.219691
0.218482
0.217595
0.216176
0.215132
0.214131
0.213978
0.214514
0.215317
0.216795
0.217050
0.216909
0.216774
0.215719
0.214629
0.213710
0.212486
0.211582
0.210319
0.209502
0.209393
0.209714
0.210377
0.211699
0.211963
0.211852
0.211405
0.210021
0.208681
0.207195
0.205876
0.204164
0.202848
0.201391
0.200847
0.200856
0.201722
0.203058
0.203447
0.203794
0.203503
0.202450
0.200982
0.199515
0.198628
0.197309
0.195486
0.193917
0.193605
0.193698
0.195275
0.197326
0.198714
0.199175
0.199952
0.198741
0.197354
0.195976
0.193959
0.191892
0.189864
0.189406
0.189772
0.190596
0.192894
0.195203
0.196718
0.198009
0.197717
0.196307
0.194092
0.192801
0.191028
0.188989
0.187397
0.186961
0.187927
0.190104
0.192445
0.194006
0.194737
0.195468
0.194529
0.193448
0.191893
0.190159
0.188474
0.187248
0.186581
0.186815
0.188027
0.189735
0.192096
0.194008
0.195731
0.195672
0.194638
0.192927
0.191788
0.190377
0.188617
0.187152
0.186852
0.187608
0.189230
0.191598
0.193382
0.194631
0.195090
0.195756
0.195358
0.194485
0.193312
0.191502
0.190448
0.189492
0.188675
0.189223
0.190282
0.192072
0.195090
0.196647
0.197956
0.198960
0.198862
0.198406
0.197631
0.196360
0.195313
0.194947
0.195194
0.195918
0.197165
0.199543
0.202376
0.204638
0.205850
0.463740
0.749053
0.748963
0.748118
0.747417
0.746472
0.727451
0.725922
0.725029
0.725265
0.726133
0.727666
0.728555
0.728923
0.728207
0.727036
0.725480
0.723931
0.722272
0.721532
0.720896
0.719898
0.719088
0.718452
0.717438
0.716422
0.714991
0.713477
0.712245
0.710624
0.709264
0.707816
0.706250
0.704746
0.703047
0.701578
0.699469
0.697585
0.695548
0.693203
0.690944
0.688137
0.685691
0.682897
0.680413
0.677975
0.675306
0.673060
0.671025
0.668925
0.667339
0.665601
0.663477
0.662078
0.660370
0.658773
0.656914
0.655877
0.654094
0.652869
0.651114
0.649771
0.648284
0.646692
0.645343
0.644000
0.642681
0.641632
0.640163
0.638718
0.637598
0.636109
0.634715
0.633098
0.631645
0.630092
0.628331
0.626573
0.625003
0.623097
0.621084
0.619167
0.617305
0.615300
0.613423
0.611033
0.609117
0.606956
0.605022
0.602869
0.600816
0.598730
0.596712
0.594558
0.592371
0.590233
0.588269
0.586247
0.584190
0.582022
0.579905
0.577896
0.575814
0.573782
0.571512
0.569662
0.567504
0.565400
0.563341
0.561197
0.559478
0.557331
0.555306
0.552997
0.550858
0.549259
0.547169
0.545156
0.543254
0.541451
0.539489
0.537722
0.536099
0.534078
0.532435
0.530790
0.528952
0.527306
0.525627
0.524059
0.522618
0.521066
0.519786
0.518238
0.516893
0.515438
0.514252
0.512988
0.511704
0.510586
0.509449
0.508175
0.507341
0.544917
0.544260
0.543615
0.542810
0.542814
0.542467
0.541241
0.539911
0.538627
0.537614
0.568683
0.567589
0.565922
0.563649
0.539270
0.536752
0.533594
0.530945
0.528060
0.525076
0.522016
0.519512
0.515936
0.512585
0.509103
0.505438
0.502038
0.498227
0.494597
0.490725
0.486763
0.483169
0.479652
0.476029
0.472489
0.468927
0.465421
0.461416
0.457517
0.453824
0.449769
0.445918
0.442074
0.437979
0.434119
0.430264
0.426185
0.422359
0.418481
0.414649
0.410585
0.407034
0.403318
0.399607
0.395668
0.392176
0.388677
0.384999
0.381537
0.378045
0.374422
0.371354
0.367772
0.364620
0.361015
0.357694
0.354669
0.351331
0.348194
0.345047
0.341844
0.338672
0.335608
0.332258
0.329472
0.326150
0.322756
0.319747
0.316548
0.313705
0.311019
0.308080
0.304852
0.301918
0.298954
0.296592
0.293711
0.290688
0.288106
0.285144
0.282675
0.279912
0.276889
0.274531
0.271777
0.269149
0.266812
0.264132
0.261656
0.258767
0.256229
0.253796
0.251247
0.249196
0.246787
0.244361
0.241953
0.239743
0.237513
0.235484
0.232872
0.230872
0.228532
0.226468
0.224206
0.222500
0.219978
0.218357
0.216183
0.214161
0.212467
0.210461
0.208483
0.207111
0.204938
0.203006
0.201627
0.199600
0.198298
0.196380
0.194678
0.193306
0.191456
0.189992
0.188597
0.186969
0.185438
0.183934
0.182291
0.181066
0.179428
0.178034
0.176868
0.175299
0.174153
0.172734
0.171406
0.170378
0.168788
0.167672
0.166473
0.165171
0.163713
0.162899
0.161540
0.160734
0.159503
0.158086
0.157286
0.156022
0.154735
0.154124
0.152686
0.151976
0.150723
0.149658
0.149040
0.147800
0.146643
0.146006
0.144928
0.143868
0.143165
0.142223
0.141786
0.140742
0.139492
0.139122
0.138090
0.137080
0.136458
0.135748
0.135285
0.134222
0.133152
0.132733
0.131994
0.131057
0.130528
0.129843
0.128837
0.128432
0.127637
0.127148
0.126362
0.125649
0.124906
0.124027
0.123221
0.122872
0.122126
0.121770
0.120914
0.120017
0.119722
0.119073
0.117997
0.117788
0.116947
0.116620
0.115950
0.115308
0.114765
0.114159
0.113224
0.113213
0.112266
0.111531
0.111250
0.110434
0.110160
0.109436
0.108551
0.108296
0.107509
0.106837
0.106290
0.105780
0.105485
0.104595
0.103826
0.103773
0.103078
0.102251
0.102043
0.101393
0.100507
0.100297
0.099599
0.099502
0.098713
0.097947
0.097665
0.097028
0.096116
0.096043
0.095160
0.094997
0.094298
0.093459
0.093696
0.092771
0.091848
0.091583
0.090965
0.090503
0.090023
0.089515
0.089174
0.088429
0.087725
0.087793
0.087044
0.086349
0.086301
0.085535
0.085466
0.084918
0.084316
0.084055
0.083456
0.082857
0.082591
0.082088
0.081542
0.081264
0.080857
0.080913
0.080336
0.079575
0.079557
0.078908
0.078400
0.078584
0.077771
0.077871
0.077254
0.076801
0.076973
0.076183
0.075673
0.075813
0.075284
0.075463
0.074868
0.074344
0.074267
0.073888
0.073343
0.073407
0.073063
0.072543
0.072683
0.071935
0.072197
0.071768
0.071145
0.071390
0.070918
0.070456
0.070614
0.070044
0.070244
0.069581
0.069425
0.069608
0.068896
0.068602
0.068680
0.068368
0.067825
0.068093
0.067655
0.067823
0.067439
0.067025
0.067170
0.066859
0.066320
0.066453
0.066085
0.066241
0.065942
0.065446
0.065625
0.065369
0.064688
0.065084
0.064910
0.064201
0.064473
0.064103
0.064368
0.063944
0.063753
0.063736
0.063548
0.063000
0.063405
0.062959
0.063115
0.063057
0.062518
0.062786
0.062363
0.062064
0.062211
0.061913
0.061604
0.061715
0.061480
0.061760
0.061461
0.061258
0.061411
0.060980
0.060766
0.061038
0.060842
0.060989
0.060691
0.060267
0.060539
0.060414
0.060196
0.060219
0.060018
0.059843
0.059871
0.059795
0.060143
0.059589
0.059482
0.059755
0.059331
0.059326
0.059479
0.058930
0.059555
0.059257
0.059002
0.059370
0.058818
0.058617
0.059085
0.058764
0.059161
0.058840
0.058488
0.058863
0.058564
0.058335
0.058681
0.058481
0.058183
0.058629
0.058081
0.058706
0.058407
0.058154
0.058555
0.058106
0.057850
0.058475
0.057802
0.058377
0.058427
0.057754
0.058450
0.058027
0.057774
0.058277
0.058101
0.057726
0.057851
0.057778
0.058102
0.057926
0.057481
0.057929
0.057753
0.057378
0.057878
0.057581
0.057780
0.057831
0.057330
0.057705
0.057705
0.057033
0.057533
0.057408
0.056985
0.057433
0.057237
0.057487
0.057261
0.057064
0.057386
0.057191
0.056814
0.057065
0.057065
0.057090
0.056965
0.057017
0.057018
0.056793
0.056721
0.057043
0.056723
0.056596
0.056754
0.056627
0.056754
0.056736
0.056188
0.056639
0.056688
0.056188
0.056565
0.056466
0.056592
0.056591
0.056268
0.056717
0.056420
0.056045
0.056670
0.056295
0.056546
0.056545
0.056110
0.056560
0.056235
0.056232
0.056482
0.056232
0.055938
0.056263
0.056064
0.056513
0.056314
0.056063
0.056345
0.056344
0.056022
0.056220
0.056022
0.056468
0.056271
0.055926
0.056488
0.056287
0.056037
0.056287
0.056163
0.056093
0.056287
0.056123
0.056447
0.056123
0.055997
0.056446
0.056247
0.055997
0.056123
0.056122
0.056408
0.056157
0.055837
0.056408
0.056032
0.055837
0.056159
0.055908
0.055827
0.056147
0.055827
0.056272
0.056147
0.055702
0.056147
0.055897
0.055827
0.056022
0.055827
0.056147
0.056022
0.055702
0.056022
0.055771
0.055578
0.056023
0.055702
0.055453
0.055773
0.055702
0.056023
0.055898
0.055577
0.055898
0.055773
0.055328
0.055764
0.055568
0.055889
0.055764
0.055443
0.055889
0.055764
0.055193
0.055639
0.055568
0.055889
0.055639
0.055443
0.055764
0.055639
0.055193
0.055637
0.055512
0.055192
0.055512
0.055192
0.055762
0.055387
0.055192
0.055388
0.055138
0.055192
0.055263
0.055068
0.055388
0.055013
0.055067
0.055263
0.055138
0.054810
0.055131
0.054880
0.054560
0.054755
0.054685
0.055005
0.054755
0.054560
0.054630
0.054505
0.054435
0.054505
0.054435
0.054505
0.054505
0.054185
0.054256
0.054256
0.053810
0.054256
0.054006
0.053810
0.054006
0.053810
0.054005
0.053755
0.053560
0.053755
0.053755
0.053310
0.053630
0.053310
0.053755
0.053505
0.053186
0.053507
0.053382
0.052936
0.053507
0.052936
0.052811
0.053132
0.052686
0.053257
0.052882
0.052555
0.053125
0.052625
0.052430
0.053000
0.052430
0.052875
0.052500
0.052305
0.052750
0.052375
0.052055
0.052750
0.052180
0.052055
0.052500
0.051930
0.052625
0.052250
0.052055
0.052375
0.052000
0.051805
0.052125
0.051805
0.052250
0.052000
0.051680
0.052125
0.051875
0.051555
0.051875
0.051930
0.052000
0.051750
0.051555
0.051875
0.051625
0.051305
0.051750
0.051624
0.051178
0.051499
0.051428
0.051624
0.051374
0.051053
0.051499
0.051249
0.050928
0.051124
0.051053
0.051249
0.051124
0.050553
0.051124
0.050999
0.050428
0.051124
0.050495
0.050425
0.050745
0.050300
0.050870
0.050620
0.050050
0.050745
0.050120
0.049925
0.050620
0.049925
0.050495
0.050245
0.049800
0.050245
0.049870
0.049675
0.050120
0.049675
0.049550
0.049996
0.049550
0.049996
0.049496
0.049300
0.049871
0.049371
0.049300
0.049746
0.049175
0.049746
0.049371
0.049175
0.049621
0.049121
0.048925
0.049496
0.049050
0.048800
0.049246
0.048925
0.049246
0.048996
0.048800
0.049121
0.048871
0.048675
0.048996
0.048675
0.049121
0.048746
0.048550
0.048996
0.048746
0.048425
0.048871
0.048550
0.048996
0.048621
0.048300
0.048871
0.048371
0.048175
0.048746
0.048496
0.048050
0.048621
0.048300
0.048746
0.048371
0.048175
0.048621
0.048121
0.047925
0.048495
0.048175
0.048370
0.048370
0.048050
0.048495
0.048245
0.047925
0.048370
0.048245
0.047925
0.048245
0.047925
0.048495
0.048245
0.047925
0.048244
0.048119
0.047799
0.048244
0.048049
0.048369
0.048244
0.047799
0.048370
0.048245
0.047799
0.048370
0.048174
0.047799
0.048370
0.048049
0.048245
0.048120
0.047799
0.048370
0.048120
0.047799
0.048370
0.047924
0.048245
0.048245
0.047799
0.048245
0.048245
0.047674
0.048245
0.048049
0.047549
0.048120
0.047799
0.048120
0.048120
0.047799
0.047995
0.047995
0.047424
0.047995
0.047799
0.047995
0.047995
0.047424
0.047870
0.047870
0.047299
0.047870
0.047549
0.047745
0.047870
0.047299
0.047745
0.047620
0.047174
0.047620
0.047495
0.046924
0.047620
0.047049
0.047495
0.047495
0.046924
0.047495
0.047370
0.046799
0.047370
0.046924
0.047245
0.047370
0.046799
0.047369
0.047119
0.046674
0.047369
0.046744
0.046674
0.047244
0.046674
0.047244
0.047244
0.046549
0.047244
0.046869
0.046549
0.047119
0.046674
0.046994
0.047119
0.046549
0.047244
0.046994
0.046549
0.047244
0.046619
0.046549
0.047119
0.046549
0.047244
0.047119
0.046549
0.047119
0.046994
0.046549
0.047119
0.046674
0.047119
0.047119
0.046674
0.047245
0.046995
0.046674
0.047245
0.046924
0.046799
0.047245
0.046674
0.047370
0.047245
0.046799
0.047370
0.047120
0.046924
0.047370
0.047049
0.047495
0.047370
0.047049
0.047495
0.047370
0.046924
0.047495
0.047299
0.046924
0.047495
0.047174
0.047495
0.047495
0.047049
0.047620
0.047370
0.047049
0.047620
0.047299
0.047620
0.047494
0.046924
0.047494
0.047494
0.046924
0.047494
0.047424
0.047494
0.047494
0.047049
0.047494
0.047369
0.046924
0.047369
0.047369
0.046799
0.047369
0.047049
0.047369
0.047369
0.046799
0.047369
0.047244
0.046924
0.047244
0.046924
0.047244
0.047244
0.046799
0.047244
0.047119
0.046799
0.047119
0.046994
0.046549
0.047119
0.046549
0.047119
0.046994
0.046674
0.046994
0.046994
0.046549
0.046994
0.046424
0.046995
0.046870
0.046549
0.046995
0.046870
0.046549
0.046870
0.046674
0.046424
0.046870
0.046424
0.046995
0.046870
0.046424
0.046995
0.046745
0.046424
0.046995
0.046674
0.046995
0.046995
0.046549
0.046995
0.046995
0.046424
0.046995
0.046799
0.046424
0.046995
0.046924
0.047120
0.046995
0.046674
0.047120
0.047120
0.046674
0.047120
0.046924
0.047245
0.047120
0.046924
0.047245
0.047120
0.046674
0.047245
0.047174
0.047245
0.047245
0.046924
0.047245
0.047120
0.046674
0.047245
0.047120
0.046674
0.047245
0.047049
0.047244
0.047119
0.046674
0.047244
0.046994
0.046674
0.047244
0.046924
0.047244
0.046994
0.046799
0.047244
0.046994
0.046674
0.047119
0.046994
0.046549
0.046994
0.046799
0.047119
0.046994
0.046549
0.047119
0.046869
0.046549
0.046994
0.046799
0.047119
0.046869
0.046549
0.046994
0.046869
0.046424
0.046869
0.046924
0.046424
0.046869
0.046424
0.046994
0.046869
0.046424
0.046994
0.046744
0.046424
0.046869
0.046674
0.046994
0.046744
0.046424
0.046994
0.046744
0.046424
0.046994
0.046674
0.046424
0.046994
0.046674
0.046994
0.046994
0.046424
0.046994
0.047119
0.046424
0.046994
0.046924
0.046994
0.046994
0.046924
0.046994
0.047119
0.046674
0.046994
0.047049
0.047119
0.046994
0.046924
0.047119
0.046994
0.046674
0.047119
0.047119
0.046549
0.046994
0.046924
0.047119
0.046994
0.046674
0.046994
0.046994
0.046549
0.046994
0.047049
0.046994
0.046994
0.046549
0.046995
0.046995
0.046425
0.046995
0.047120
0.046425
0.046995
0.046550
0.046995
0.046995
0.046550
0.046995
0.046995
0.046425
0.046870
0.046800
0.046995
0.046870
0.046550
0.046870
0.046995
0.046425
0.046870
0.046995
0.046300
0.046870
0.046675
0.046870
0.046870
0.046300
0.046870
0.046995
0.046300
0.046870
0.046925
0.046870
0.046870
0.046675
0.046871
0.046996
0.046550
0.046871
0.046925
0.046550
0.046871
0.046800
0.047121
0.046871
0.046550
0.047121
0.046996
0.046550
0.046996
0.046800
0.047121
0.047121
0.046675
0.047121
0.047121
0.046550
0.047121
0.046925
0.047121
0.046996
0.046675
0.047121
0.047121
0.046550
0.047121
0.046996
0.046550
0.046996
0.046925
0.047121
0.046871
0.046550
0.046996
0.046996
0.046550
0.046871
0.046925
0.047120
0.046870
0.046675
0.046870
0.046870
0.046550
0.046870
0.046995
0.046425
0.046870
0.046800
0.046870
0.046870
0.046550
0.046870
0.046995
0.046425
0.046870
0.046925
0.046995
0.046870
0.046675
0.046870
0.046995
0.046425
0.046870
0.046995
0.046425
0.046870
0.046925
0.046995
0.046995
0.046550
0.046995
0.046995
0.046425
0.046995
0.046925
0.046995
0.046995
0.046800
0.046995
0.047120
0.046550
0.046995
0.046925
0.046425
0.046995
0.046800
0.046995
0.047120
0.046550
0.046995
0.046995
0.046550
0.046995
0.046925
0.047120
0.046995
0.046675
0.046995
0.046995
0.046550
0.046995
0.046925
0.046550
0.046995
0.046675
0.046995
0.046995
0.046550
0.046870
0.046995
0.046550
0.046870
0.046925
0.046995
0.046995
0.046550
0.046870
0.046995
0.046550
0.046870
0.046925
0.046995
0.046870
0.046800
0.046995
0.046995
0.046550
0.046995
0.046995
0.046425
0.046870
0.046925
0.046995
0.046995
0.046800
0.046995
0.046995
0.046425
0.046995
0.046925
0.046995
0.047120
0.046800
0.046995
0.047120
0.046425
0.046995
0.047120
0.046425
0.047120
0.046925
0.046995
0.047120
0.046550
0.046995
0.047120
0.046550
0.046995
0.046925
0.047120
0.047120
0.046675
0.046995
0.046995
0.046550
0.046995
0.046925
0.046550
0.046995
0.046800
0.047120
0.046995
0.046550
0.047120
0.046995
0.046550
0.046995
0.046925
0.047120
0.046995
0.046550
0.047120
0.046995
0.046550
0.046995
0.046925
0.046550
0.046996
0.046800
0.046996
0.046996
0.046550
0.046996
0.046996
0.046550
0.046996
0.046925
0.046996
0.047121
0.046800
0.046996
0.047121
0.046425
0.046996
0.047050
0.046996
0.046996
0.046800
0.046996
0.047121
0.046425
0.046995
0.047120
0.046425
0.046995
0.047050
0.046995
0.047120
0.046550
0.046995
0.047120
0.046425
0.046995
0.047050
0.046995
0.047120
0.046675
0.046995
0.047120
0.046550
0.046995
0.047120
0.046550
0.047120
0.046925
0.047120
0.047120
0.046550
0.047120
0.046995
0.046550
0.046995
0.046925
0.047120
0.047120
0.046550
0.047120
0.046995
0.046550
0.046995
0.046995
0.046550
0.046995
0.112283
0.145216
0.143577
0.142874
0.272540
0.272366
0.346993
0.344908
0.342737
0.340989
0.317877
0.315763
0.313782
0.311537
0.309139
0.306873
0.304442
0.301798
0.298930
0.296055
0.292959
0.290141
0.286842
0.283311
0.280203
0.276570
0.273051
0.269498
0.265752
0.261870
0.258368
0.254697
0.251166
0.247423
0.243764
0.240135
0.236496
0.232884
0.229209
0.225840
0.222162
0.218758
0.215591
0.212851
0.210162
0.207272
0.204427
0.201286
0.198091
0.194617
0.191331
0.188036
0.184761
0.181248
0.178388
0.175411
0.172220
0.169183
0.166167
0.163320
0.160102
0.157229
0.154189
0.151305
0.148405
0.145449
0.142627
0.140093
0.137345
0.134698
0.132091
0.129456
0.127002
0.124458
0.122133
0.119936
0.117622
0.115306
0.113150
0.111050
0.108902
0.106875
0.104766
0.103302
0.102066
0.100996
0.099872
0.099164
0.097871
0.096211
0.094622
0.092584
0.090746
0.088710
0.086954
0.085355
0.083844
0.082630
0.081239
0.079796
0.078463
0.076840
0.075519
0.074441
0.073046
0.071784
0.070781
0.069461
0.068298
0.067287
0.066183
0.065093
0.064083
0.062962
0.062440
0.061878
0.061132
0.060618
0.060454
0.059602
0.058898
0.057890
0.057011
0.056098
0.055144
0.054130
0.053527
0.052685
0.052005
0.051419
0.050667
0.050057
0.049048
0.048563
0.047964
0.047429
0.046730
0.046135
0.045570
0.044866
0.044209
0.043553
0.043113
0.042770
0.042513
0.042091
0.042017
0.041822
0.041463
0.041557
0.040824
0.039832
0.038553
0.037994
0.037451
0.036904
0.036425
0.036001
0.036057
0.035809
0.035699
0.035386
0.034991
0.034498
0.033907
0.033264
0.032704
0.032492
0.032483
0.033270
0.034333
0.034385
0.033799
0.032616
0.031476
0.030736
0.030254
0.029992
0.029943
0.029871
0.029655
0.029644
0.029824
0.029582
0.028933
0.028993
0.028111
0.027609
0.027347
0.027400
0.027428
0.028421
0.029036
0.029268
0.028864
0.027958
0.026697
0.025972
0.025259
0.024855
0.024906
0.025041
0.025518
0.025225
0.025345
0.025131
0.025465
0.025066
0.024540
0.024117
0.022868
0.022311
0.022343
0.022434
0.023941
0.026172
0.027103
0.027208
0.025928
0.024574
0.023579
0.023050
0.023488
0.023460
0.024274
0.024389
0.025042
0.025589
0.025426
0.025160
0.025306
0.025130
0.025009
0.024500
0.022755
0.021689
0.021807
0.022340
0.023945
0.026091
0.027245
0.027345
0.026365
0.025120
0.024270
0.023903
0.024526
0.024634
0.025849
0.026018
0.026783
0.027324
0.027277
0.027100
0.027447
0.027337
0.027103
0.026669
0.025273
0.024453
0.024522
0.024570
0.026080
0.027746
0.028786
0.028778
0.027817
0.026798
0.025811
0.025818
0.025767
0.025959
0.026511
0.026636
0.027226
0.027509
0.027292
0.026917
0.027111
0.026923
0.026551
0.025981
0.024201
0.023613
0.023505
0.024168
0.025976
0.027825
0.028712
0.028444
0.027236
0.025982
0.025109
0.025125
0.025022
0.025134
0.025960
0.025835
0.026520
0.027180
0.026802
0.026441
0.026616
0.026181
0.026062
0.026586
0.026420
0.026259
0.025504
0.023805
0.022852
0.022777
0.023316
0.024632
0.026783
0.027662
0.027513
0.027041
0.025738
0.024782
0.024315
0.024029
0.024202
0.025131
0.025811
0.025801
0.026339
0.025836
0.025673
0.025967
0.025609
0.025389
0.025727
0.025588
0.024573
0.023380
0.022335
0.022564
0.022916
0.024245
0.026446
0.027430
0.027212
0.026246
0.025121
0.024072
0.023374
0.023948
0.024182
0.025099
0.024991
0.025663
0.025440
0.025883
0.025351
0.025008
0.025391
0.025053
0.024885
0.025321
0.025137
0.024526
0.022705
0.021926
0.022077
0.022462
0.023842
0.025620
0.026349
0.026319
0.025022
0.023909
0.023068
0.023012
0.022765
0.022877
0.023680
0.023816
0.024239
0.024605
0.024216
0.024174
0.024137
0.023791
0.023628
0.024093
0.023835
0.023538
0.022970
0.021337
0.020275
0.020316
0.020583
0.022263
0.024170
0.024896
0.024852
0.024416
0.023245
0.021964
0.021621
0.021445
0.021585
0.022395
0.023296
0.023550
0.024069
0.023713
0.023519
0.024002
0.023687
0.023494
0.024064
0.024114
0.024130
0.024610
0.023530
0.022530
0.021551
0.021290
0.021688
0.023393
0.025655
0.027204
0.027294
0.026004
0.024760
0.023857
0.023276
0.023196
0.023912
0.024196
0.024868
0.025498
0.025493
0.025825
0.025290
0.024588
0.024054
0.023791
0.023135
0.023422
0.023130
0.021947
0.020742
0.019679
0.019658
0.019173
0.021169
0.022438
0.023708
0.023570
0.022278
0.021147
0.020120
0.019184
0.019463
0.019576
0.019974
0.020122
0.020825
0.020783
0.020727
0.020448
0.020075
0.020609
0.020239
0.020081
0.020663
0.020588
0.020389
0.020859
0.020001
0.018846
0.018467
0.018052
0.018429
0.019628
0.021102
0.022339
0.022461
0.021687
0.020904
0.020433
0.020293
0.020092
0.020760
0.021083
0.021711
0.022147
0.022118
0.022498
0.022401
0.021991
0.021818
0.022276
0.022201
0.022557
0.022422
0.021883
0.020704
0.020203
0.020187
0.019911
0.020886
0.022503
0.023545
0.023430
0.022636
0.021873
0.021272
0.020930
0.020709
0.021196
0.021607
0.021817
0.022116
0.022001
0.022231
0.022114
0.021646
0.021481
0.020897
0.020359
0.020355
0.020305
0.020332
0.020403
0.020403
0.019902
0.018517
0.017890
0.017738
0.017964
0.018490
0.020080
0.020598
0.020768
0.020010
0.019095
0.018611
0.018525
0.018665
0.018838
0.019416
0.019630
0.020268
0.020161
0.020616
0.020685
0.020351
0.020939
0.021202
0.021229
0.021737
0.022028
0.022658
0.022748
0.022822
0.023560
0.022936
0.021778
0.021111
0.020829
0.021424
0.022488
0.024002
0.025326
0.025568
0.024782
0.023546
0.022945
0.022601
0.022073
0.022502
0.022641
0.023140
0.023372
0.023174
0.023001
0.023219
0.022568
0.022316
0.022557
0.022226
0.022216
0.022609
0.022542
0.022724
0.022616
0.022595
0.022216
0.020764
0.020205
0.020122
0.020554
0.021723
0.023716
0.024503
0.024657
0.024527
0.023714
0.023419
0.023056
0.023070
0.023514
0.024513
0.025420
0.025337
0.026079
0.026107
0.026234
0.026607
0.026641
0.026928
0.027447
0.027486
0.027775
0.028402
0.028179
0.028786
0.028058
0.026911
0.026374
0.025698
0.026190
0.027077
0.028833
0.029850
0.029421
0.028934
0.027812
0.027154
0.026551
0.026210
0.026540
0.026574
0.026942
0.026750
0.027056
0.026633
0.026843
0.026574
0.026225
0.026435
0.026331
0.026266
0.026401
0.026261
0.025828
0.026289
0.025762
0.025318
0.024513
0.024079
0.024373
0.025496
0.027297
0.028650
0.028412
0.027673
0.026601
0.025900
0.025262
0.025066
0.025605
0.025468
0.025930
0.026487
0.026340
0.026581
0.026443
0.026082
0.025935
0.026308
0.026290
0.026428
0.026791
0.026723
0.027541
0.027541
0.025960
0.024581
0.023523
0.023496
0.023345
0.025612
0.027418
0.028931
0.028446
0.026973
0.025694
0.024771
0.023802
0.024445
0.024483
0.025363
0.025198
0.026021
0.026052
0.026216
0.025925
0.025800
0.026250
0.025886
0.025981
0.026917
0.026838
0.028119
0.028632
0.028803
0.029429
0.028212
0.027147
0.026371
0.026018
0.026874
0.028911
0.031558
0.033295
0.032989
0.032583
0.031410
0.030576
0.030044
0.029931
0.031003
0.031468
0.032566
0.032922
0.033446
0.033352
0.033782
0.033521
0.033197
0.033708
0.033550
0.033524
0.034460
0.034502
0.035247
0.035165
0.035029
0.034644
0.032815
0.032055
0.032430
0.033157
0.035283
0.037579
0.038985
0.039145
0.038237
0.036900
0.036163
0.035733
0.036326
0.036901
0.038158
0.038295
0.039104
0.039801
0.039528
0.038982
0.039270
0.039016
0.038508
0.039017
0.038686
0.038545
0.039185
0.039078
0.039454
0.038890
0.037312
0.035682
0.034314
0.033570
0.033870
0.035305
0.037299
0.038678
0.038236
0.036863
0.035267
0.034155
0.033288
0.033137
0.033582
0.033947
0.034452
0.035288
0.035164
0.035582
0.035021
0.034691
0.034410
0.034722
0.034631
0.034380
0.035170
0.034847
0.035661
0.034729
0.033640
0.033243
0.033398
0.034587
0.036648
0.038794
0.040468
0.039654
0.038978
0.037622
0.036831
0.036104
0.036034
0.036984
0.037323
0.038084
0.038111
0.038850
0.038549
0.038918
0.038622
0.038351
0.038941
0.038688
0.038720
0.039553
0.039230
0.039832
0.039690
0.038242
0.036865
0.036136
0.035484
0.036411
0.038080
0.040084
0.041954
0.041537
0.040256
0.038606
0.037642
0.036731
0.036113
0.036882
0.037002
0.037806
0.038438
0.038223
0.038287
0.037729
0.037259
0.037284
0.037116
0.036844
0.037164
0.036817
0.036525
0.036980
0.035501
0.034069
0.032973
0.032284
0.032634
0.034070
0.036119
0.037667
0.037600
0.036322
0.034816
0.033723
0.033009
0.032765
0.033468
0.033513
0.034490
0.034921
0.034820
0.034445
0.034735
0.034203
0.033985
0.034427
0.033974
0.033950
0.034287
0.034031
0.034646
0.034342
0.032944
0.031250
0.030150
0.029991
0.029885
0.032345
0.033465
0.035034
0.034846
0.033263
0.031608
0.030234
0.029293
0.029686
0.029635
0.030556
0.030596
0.030948
0.030803
0.030955
0.030352
0.029965
0.030405
0.029816
0.029642
0.030392
0.030151
0.030059
0.030572
0.030341
0.029690
0.027707
0.026827
0.026876
0.027481
0.029475
0.031925
0.033035
0.033365
0.032173
0.030968
0.029977
0.029666
0.030321
0.030669
0.031755
0.032010
0.032890
0.032928
0.033121
0.032964
0.033435
0.032934
0.032637
0.032424
0.032813
0.032540
0.033193
0.032945
0.032669
0.033000
0.031457
0.030175
0.028970
0.028444
0.028882
0.030890
0.033049
0.034418
0.034292
0.032868
0.031444
0.030577
0.029841
0.029791
0.030736
0.031086
0.031943
0.032672
0.032591
0.032360
0.032545
0.032171
0.031707
0.032275
0.032380
0.032436
0.033195
0.032921
0.033315
0.032840
0.032510
0.031676
0.029456
0.028200
0.028439
0.028788
0.030533
0.032826
0.033860
0.033882
0.033392
0.032209
0.031419
0.031213
0.031208
0.031759
0.032765
0.033809
0.034008
0.034618
0.034530
0.034362
0.034541
0.034408
0.034316
0.034864
0.034868
0.034819
0.035250
0.034870
0.035262
0.033966
0.032583
0.031366
0.030677
0.030999
0.032403
0.034431
0.035767
0.035012
0.034422
0.032993
0.032233
0.031437
0.031246
0.031827
0.032081
0.032735
0.032654
0.033283
0.033021
0.033247
0.033061
0.032959
0.033254
0.033168
0.033211
0.033984
0.033638
0.034272
0.034370
0.034352
0.033596
0.032137
0.031354
0.031752
0.032153
0.033675
0.035933
0.036771
0.037034
0.036301
0.035408
0.034627
0.034545
0.035089
0.035293
0.036087
0.036358
0.036875
0.037391
0.037126
0.037135
0.037343
0.037114
0.037408
0.037865
0.038031
0.038050
0.038292
0.037976
0.038079
0.037279
0.036044
0.035310
0.034808
0.034945
0.036046
0.038278
0.039079
0.039053
0.038874
0.038162
0.037485
0.037311
0.037216
0.037333
0.037983
0.038632
0.038864
0.039162
0.038728
0.038632
0.039031
0.038465
0.038228
0.038830
0.038454
0.038384
0.038445
0.038209
0.038193
0.037046
0.035919
0.034582
0.034045
0.034349
0.036037
0.038043
0.039751
0.038856
0.038441
0.037281
0.036042
0.035658
0.035327
0.036323
0.036642
0.037627
0.037785
0.038168
0.037996
0.038533
0.038091
0.037966
0.038730
0.038489
0.038550
0.039306
0.039325
0.040075
0.040609
0.040852
0.040102
0.037852
0.036823
0.037035
0.037543
0.039616
0.041845
0.042673
0.042622
0.041208
0.039599
0.038465
0.038507
0.038076
0.038282
0.039196
0.039444
0.039879
0.040615
0.040254
0.039829
0.040095
0.039546
0.039364
0.039642
0.039483
0.039435
0.039969
0.039479
0.039931
0.039647
0.037743
0.036185
0.035058
0.034303
0.034863
0.036452
0.038847
0.040379
0.040166
0.038584
0.037013
0.035617
0.034915
0.034417
0.035076
0.035126
0.035855
0.036373
0.035938
0.036250
0.035720
0.035157
0.034983
0.035151
0.034910
0.035441
0.035230
0.035030
0.035403
0.035156
0.035509
0.034812
0.033423
0.033632
0.033671
0.033809
0.034849
0.036917
0.037757
0.037471
0.036932
0.035701
0.034831
0.034246
0.033833
0.033989
0.034638
0.035132
0.035131
0.035700
0.035571
0.035145
0.035585
0.035456
0.035496
0.036084
0.036280
0.036917
0.036656
0.036319
0.036340
0.035217
0.033993
0.033169
0.032753
0.033113
0.034085
0.035976
0.037159
0.036560
0.035976
0.034864
0.033711
0.033335
