0.632558
0.632558
0.632558
0.632558
0.632558
0.632558
0.632558
0.632558
0.632558
0.632558
0.632558
0.632558
0.632558
0.632558
0.632558
0.632558
0.632558
0.632558
0.632558
0.632558
0.632558
0.632558
0.632521
0.632562
0.632589
0.632659
0.632622
0.632276
0.631441
0.630457
0.628999
0.627341
0.625489
0.623082
0.619996
0.616652
0.613004
0.609191
0.605487
0.601777
0.598191
0.594605
0.591204
0.587719
0.584149
0.580512
0.576749
0.573131
0.569483
0.565737
0.562126
0.558475
0.554969
0.551536
0.547763
0.544402
0.540727
0.537122
0.533738
0.530154
0.526729
0.523160
0.519714
0.516245
0.512968
0.509655
0.506239
0.503096
0.499671
0.496374
0.493134
0.489848
0.486514
0.483333
0.480207
0.476758
0.473724
0.470495
0.467252
0.463955
0.460762
0.457622
0.454320
0.451145
0.447975
0.444803
0.441607
0.438342
0.435240
0.432092
0.428927
0.425773
0.422603
0.419488
0.416487
0.413261
0.410278
0.407071
0.404111
0.401086
0.397968
0.395015
0.391855
0.388945
0.385937
0.382896
0.380034
0.376961
0.374112
0.371225
0.368290
0.365433
0.362498
0.359655
0.356801
0.354088
0.351274
0.348396
0.345621
0.342986
0.340209
0.337457
0.334714
0.331984
0.329306
0.326635
0.324052
0.321324
0.318706
0.316123
0.313331
0.310867
0.308298
0.305687
0.303235
0.300652
0.297976
0.295582
0.293053
0.290511
0.287975
0.285554
0.283242
0.280626
0.278201
0.275805
0.273301
0.270938
0.268606
0.266254
0.263928
0.261473
0.259220
0.256780
0.254577
0.252347
0.249935
0.247739
0.245520
0.243278
0.241111
0.238785
0.236754
0.234549
0.232442
0.230289
0.228116
0.226060
0.223913
0.221994
0.219893
0.217805
0.215785
0.213828
0.211759
0.209954
0.208016
0.206003
0.204210
0.202223
0.200415
0.198459
0.196668
0.194739
0.193000
0.191163
0.189388
0.187633
0.186008
0.184202
0.182518
0.180623
0.178941
0.177393
0.175638
0.174075
0.172371
0.170771
0.169212
0.167463
0.166034
0.164555
0.162984
0.161335
0.159821
0.158496
0.156809
0.155457
0.153863
0.152461
0.151047
0.149537
0.148101
0.146912
0.145315
0.143969
0.142669
0.141309
0.139976
0.138658
0.137265
0.135957
0.134593
0.133416
0.132122
0.130826
0.129485
0.128237
0.127050
0.125859
0.124485
0.123324
0.122076
0.120881
0.119809
0.118510
0.117378
0.116161
0.115086
0.113929
0.112752
0.111635
0.110459
0.109374
0.108255
0.107130
0.106024
0.105000
0.103939
0.102768
0.101639
0.100675
0.099656
0.098601
0.097561
0.096595
0.095576
0.094610
0.093563
0.092609
0.091561
0.090668
0.089652
0.088691
0.087850
0.086983
0.085987
0.085133
0.084062
0.083192
0.082278
0.081507
0.080650
0.079689
0.078817
0.077894
0.077159
0.076318
0.075559
0.074735
0.073912
0.073100
0.072417
0.071556
0.070894
0.070129
0.069310
0.068598
0.067850
0.067097
0.066362
0.065661
0.065015
0.064301
0.063558
0.062889
0.062250
0.061536
0.060872
0.060217
0.059568
0.058897
0.058363
0.057657
0.057010
0.056416
0.055856
0.055305
0.054648
0.054127
0.053512
0.052925
0.052363
0.051844
0.051304
0.050718
0.050267
0.049637
0.049117
0.048600
0.048125
0.047483
0.047124
0.046494
0.046064
0.045447
0.045009
0.044551
0.044141
0.043596
0.043125
0.042543
0.042126
0.041700
0.041181
0.040713
0.040306
0.039788
0.039340
0.038975
0.038575
0.038032
0.037690
0.037196
0.036796
0.036383
0.035916
0.035521
0.035086
0.034661
0.034355
0.034040
0.033494
0.033074
0.032718
0.032436
0.032065
0.031628
0.031241
0.030952
0.030602
0.030297
0.029896
0.029597
0.029335
0.028943
0.028682
0.028359
0.028001
0.027750
0.027398
0.027160
0.026837
0.026585
0.026264
0.025933
0.025691
0.025423
0.025117
0.024928
0.024675
0.024440
0.024082
0.023914
0.023661
0.023466
0.023203
0.023015
0.022761
0.022493
0.022261
0.022007
0.021883
0.021661
0.021488
0.021223
0.021000
0.020867
0.020656
0.020429
0.020185
0.020042
0.019924
0.019709
0.019551
0.019362
0.019123
0.018926
0.018752
0.018618
0.018490
0.018302
0.018047
0.017969
0.017812
0.017708
0.017512
0.017390
0.017306
0.017061
0.016944
0.016823
0.016610
0.016532
0.016444
0.016283
0.016129
0.015973
0.015974
0.015777
0.015712
0.015595
0.015477
0.015353
0.015288
0.015091
0.015052
0.014933
0.014821
0.014711
0.014673
0.014546
0.014481
0.014409
0.014320
0.014203
0.014085
0.013989
0.013901
0.013862
0.013823
0.013666
0.013601
0.013522
0.013444
0.013366
0.013287
0.013261
0.013222
0.013134
0.013065
0.012947
0.012908
0.012834
0.012755
0.012686
0.012647
0.012568
0.012520
0.012481
0.012417
0.012346
0.012307
0.012259
0.012180
0.012141
0.012046
0.012006
0.011958
0.011919
0.011880
0.011840
0.011798
0.011720
0.011655
0.011615
0.011576
0.011537
0.011498
0.011449
0.011380
0.011341
0.011341
0.011236
0.011197
0.011188
0.011149
0.011078
0.011039
0.011001
0.011001
0.010962
0.010887
0.010848
0.010809
0.010809
0.010739
0.010699
0.010660
0.010660
0.010612
0.010612
0.010573
0.010508
0.010469
0.010438
0.010399
0.010399
0.010311
0.010311
0.010272
0.010272
0.010272
0.010233
0.010233
0.010155
0.010155
0.010116
0.010106
0.010106
0.010067
0.010067
0.009989
0.009989
0.009989
0.009950
0.009950
0.009911
0.009911
0.009902
0.009863
0.009863
0.009863
0.009824
0.009824
0.009824
0.009785
0.009785
0.009745
0.009706
0.009706
0.009697
0.009697
0.009658
0.009658
0.009658
0.009619
0.009619
0.009619
0.009619
0.009580
0.009580
0.009580
0.009580
0.009541
0.009541
0.009541
0.009532
0.009493
0.009493
0.009493
0.009493
0.009454
0.009454
0.009454
0.009454
0.009415
0.009415
0.009415
0.009415
0.009415
0.009377
0.009377
0.009377
0.009377
0.009377
0.009328
0.009328
0.009328
0.009328
0.009328
0.009289
0.009289
0.009289
0.009289
0.009289
0.009289
0.009250
0.009250
0.009250
0.009250
0.009250
0.009250
0.009250
0.009212
0.009212
0.009212
0.009212
0.009212
0.009212
0.009212
0.009164
0.009164
0.009164
0.009164
0.009164
0.009164
0.009164
0.009124
0.009124
0.009124
0.009124
0.009124
0.009124
0.009124
0.009124
0.009124
0.009124
0.009124
0.009124
0.009124
0.009124
0.009124
0.009124
0.009124
0.009124
0.009124
0.009124
0.009124
0.009124
0.009124
0.009124
0.009124
0.009124
0.009124
0.009124
0.009124
0.009124
0.009124
0.009124
0.009124
0.009124
0.009124
0.009124
0.009124
0.009124
0.009124
0.009124
0.009124
0.009124
0.009124
0.009124
0.009124
0.009124
0.009124
0.009124
0.009124
0.009124
0.009124
0.009124
0.009124
0.009124
0.009124
0.009124
0.009124
0.009124
0.009124
0.009124
0.009124
0.009124
0.009124
0.009124
0.009124
0.009124
0.009124
0.009124
0.009124
0.009124
0.009124
0.009124
0.009124
0.009124
0.009124
0.009124
0.009124
0.009124
0.009124
0.009124
0.009124
0.009124
