0.466013
0.466013
0.466013
0.466013
0.466013
0.466013
0.466013
0.466013
0.466013
0.466013
0.466013
0.466013
0.466013
0.466013
0.466013
0.466013
0.466013
0.466013
0.466013
0.466013
0.466013
0.466013
0.465812
0.465170
0.463768
0.461109
0.457709
0.453879
0.449942
0.445992
0.442585
0.439351
0.436434
0.433317
0.430192
0.426839
0.423619
0.419984
0.416503
0.412940
0.409286
0.405793
0.402554
0.399235
0.395944
0.392506
0.389230
0.385866
0.382569
0.379035
0.375801
0.372561
0.369113
0.365879
0.362742
0.359470
0.356223
0.353009
0.349812
0.346511
0.343341
0.340297
0.337046
0.333947
0.330887
0.327847
0.324626
0.321633
0.318533
0.315400
0.312356
0.309306
0.306255
0.303287
0.300192
0.297176
0.294272
0.291273
0.288393
0.285392
0.282605
0.279472
0.276773
0.273768
0.270914
0.268067
0.265148
0.262339
0.259651
0.256878
0.254033
0.251257
0.248506
0.245839
0.243074
0.240342
0.237792
0.235013
0.232468
0.229762
0.227159
0.224689
0.221997
0.219376
0.216847
0.214451
0.211863
0.209391
0.206877
0.204234
0.201845
0.199550
0.196957
0.194601
0.192249
0.189974
0.187515
0.185362
0.183152
0.180644
0.178538
0.176239
0.174063
0.171833
0.169708
0.167441
0.165350
0.163295
0.161204
0.159060
0.156999
0.155220
0.153135
0.151060
0.149094
0.147165
0.145226
0.143472
0.141545
0.139670
0.137990
0.136098
0.134311
0.132581
0.130734
0.129171
0.127505
0.125748
0.124159
0.122418
0.120929
0.119340
0.117795
0.116162
0.114752
0.113308
0.111686
0.110264
0.108933
0.107363
0.106003
0.104559
0.103333
0.101778
0.100424
0.099168
0.098042
0.096602
0.095432
0.094131
0.092883
0.091659
0.090446
0.089245
0.088134
0.086956
0.085864
0.084781
0.083587
0.082651
0.081510
0.080529
0.079327
0.078316
0.077339
0.076196
0.075338
0.074215
0.073372
0.072290
0.071269
0.070504
0.069530
0.068627
0.067632
0.066932
0.066019
0.065253
0.064169
0.063423
0.062564
0.061761
0.060919
0.060174
0.059422
0.058499
0.057874
0.057121
0.056281
0.055751
0.054864
0.054130
0.053461
0.052864
0.052240
0.051397
0.050882
0.050061
0.049580
0.048839
0.048240
0.047554
0.047028
0.046286
0.045779
0.045258
0.044593
0.044061
0.043370
0.042923
0.042429
0.041809
0.041089
0.040650
0.040202
0.039718
0.039218
0.038505
0.038144
0.037701
0.037153
0.036763
0.036176
0.035754
0.035340
0.034918
0.034403
0.033992
0.033612
0.033083
0.032766
0.032241
0.031827
0.031405
0.031066
0.030622
0.030227
0.029944
0.029519
0.029232
0.028806
0.028449
0.028149
0.027771
0.027358
0.027096
0.026757
0.026440
0.026034
0.025713
0.025439
0.025144
0.024979
0.024654
0.024287
0.023978
0.023784
0.023394
0.023208
0.022941
0.022669
0.022443
0.022115
0.021798
0.021516
0.021401
0.021180
0.020775
0.020655
0.020429
0.020210
0.019897
0.019730
0.019576
0.019294
0.019189
0.018827
0.018767
0.018448
0.018322
0.018083
0.017827
0.017553
0.017444
0.017329
0.017104
0.017001
0.016766
0.016610
0.016409
0.016201
0.016052
0.015963
0.015790
0.015515
0.015484
0.015244
0.015082
0.014989
0.014872
0.014872
0.014494
0.014371
0.014314
0.014208
0.014041
0.013931
0.013854
0.013620
0.013526
0.013382
0.013279
0.013217
0.013113
0.012968
0.012797
0.012741
0.012587
0.012532
0.012424
0.012361
0.012176
0.012085
0.011886
0.011871
0.011871
0.011766
0.011522
0.011507
0.011411
0.011380
0.011338
0.011113
0.010995
0.010967
0.010967
0.010926
0.010817
0.010702
0.010640
0.010550
0.010550
0.010446
0.010399
0.010345
0.010284
0.010284
0.010222
0.010166
0.010050
0.009997
0.009905
0.009905
0.009842
0.009827
0.009782
0.009739
0.009685
0.009685
0.009561
0.009561
0.009561
0.009516
0.009443
0.009443
0.009387
0.009325
0.009325
0.009325
0.009280
0.009280
0.009280
0.009237
0.009183
0.009183
0.009183
0.009183
0.009183
0.009137
0.009137
0.009137
0.009095
0.009095
0.009095
0.009095
0.009095
0.009095
0.009049
0.009049
0.009049
0.009049
0.009049
0.009049
0.009006
0.009006
0.009006
0.009006
0.009006
0.009006
0.009006
0.009006
0.009006
0.009006
0.009006
0.009006
0.009006
0.009006
0.009006
0.009006
0.009006
0.009006
0.009006
0.009006
0.009006
0.009006
0.009006
0.009006
0.009006
0.009006
0.009006
0.009006
0.009006
0.009006
0.009006
0.009006
0.009006
0.009006
0.009006
0.009006
0.009006
0.009006
0.009006
0.009006
0.009006
0.009006
0.009006
0.009006
0.009006
0.009006
0.009006
0.009006
0.009006
0.009006
0.009006
0.009006
0.009006
0.009006
0.009006
0.009006
0.009006
0.009006
0.009006
0.009006
0.009006
0.009006
0.009006
0.009006
0.009006
0.009006
0.009006
0.009006
0.009006
0.009006
0.009006
0.009006
0.009006
0.009006
0.009006
0.009006
0.009006
0.009006
0.009006
0.009006
0.009006
0.009006
0.009006
0.009006
0.009006
0.009006
0.009006
0.009006
0.009006
0.009006
0.009006
0.009006
0.009006
0.009006
0.009006
0.009006
0.009006
0.009006
0.009006
0.009006
0.009006
0.009006
0.009006
0.009006
0.009006
0.009006
0.009006
0.009006
0.009006
0.009006
0.009006
0.009006
0.009006
0.009006
0.009006
0.009006
0.009006
0.009006
0.009006
0.009006
0.009006
0.009006
0.009006
0.009006
0.009006
0.009006
0.009006
0.009006
0.009006
0.009006
0.009006
0.009006
0.009006
0.009006
0.009006
0.009006
0.009006
0.009006
0.009006
0.009006
0.009006
0.009006
0.009006
0.009006
0.009006
0.009006
0.009006
0.009006
0.009006
0.009006
0.009006
0.009006
0.009006
0.009006
0.009006
0.009006
0.009006
0.009006
0.009006
0.009006
0.009006
0.009006
0.009006
0.009006
0.009006
0.009006
0.009006
0.009006
0.009006
0.009006
0.009006
0.009006
0.009006
0.009006
0.009006
0.009006
0.009006
0.009006
0.009006
0.009006
0.009006
0.009006
0.009006
0.009006
0.009006
0.009006
0.009006
0.009006
0.009006
0.009006
0.009006
0.009006
0.009006
0.009006
0.009006
0.009006
0.009006
0.009006
0.009006
0.009006
0.009006
0.009006
0.009006
0.009006
0.009006
0.009006
0.009006
0.009006
0.009006
0.009006
0.009006
0.009006
0.009006
0.009006
0.009006
0.009006
0.009006
0.009006
0.009006
0.009006
0.009006
0.009006
0.009006
0.009006
0.009006
0.009006
0.009006
0.009006
0.009006
0.009006
0.009006
0.009006
0.009006
0.009006
0.009006
0.009006
0.009006
0.009006
0.009006
0.009006
0.009006
0.009006
0.009006
0.009006
0.009006
0.009006
0.009006
0.009006
0.009006
0.009006
0.009006
0.009006
0.009006
0.009006
0.009006
0.009006
0.009006
0.009006
0.009006
0.009006
0.009006
0.009006
0.009006
0.009006
0.009006
0.009006
0.009006
0.009006
0.009006
0.009006
0.009006
0.009006
0.009006
0.009006
0.009006
0.009006
0.009006
0.009006
0.009006
0.009006
0.009006
0.009006
0.009006
0.009006
0.009006
0.009006
0.009006
