1.373305
1.285353
1.110963
0.948061
0.835616
0.774691
0.747970
0.738243
0.739993
0.741511
0.741455
0.740664
0.739238
0.737623
0.736111
0.735389
0.735352
0.735615
0.736026
0.736132
0.735905
0.734568
0.732796
0.730482
0.728244
0.725992
0.723959
0.722211
0.719982
0.718296
0.716641
0.714583
0.712276
0.710081
0.707750
0.705590
0.703419
0.701448
0.699697
0.697943
0.696309
0.694527
0.692340
0.690155
0.687918
0.685510
0.683238
0.681087
0.678643
0.676256
0.673857
0.671464
0.669145
0.667160
0.665369
0.663894
0.662567
0.661236
0.659985
0.658600
0.657047
0.655361
0.653938
0.652080
0.650066
0.648027
0.645815
0.643597
0.641217
0.639130
0.636921
0.634567
0.632667
0.630505
0.628375
0.626290
0.624182
0.622147
0.619962
0.617741
0.615555
0.613433
0.611316
0.609288
0.607053
0.605032
0.602814
0.600814
0.598750
0.596694
0.594959
0.593240
0.591875
0.590924
0.590094
0.589109
0.587563
0.585979
0.583970
0.581816
0.579665
0.577489
0.575416
0.573279
0.571175
0.569118
0.566856
0.564813
0.562581
0.560423
0.558158
0.555952
0.553870
0.551849
0.549841
0.547739
0.545580
0.543663
0.541641
0.539627
0.537580
0.535453
0.533627
0.531511
0.529564
0.527646
0.525711
0.523714
0.521647
0.519958
0.517911
0.515990
0.514099
0.512158
0.510389
0.508599
0.506729
0.504881
0.503015
0.501310
0.499602
0.497766
0.495897
0.493999
0.492162
0.490038
0.488092
0.486181
0.484339
0.482428
0.480588
0.478813
0.477060
0.475148
0.473317
0.471622
0.469724
0.468049
0.466218
0.464443
0.462589
0.460911
0.459180
0.457336
0.455536
0.453991
0.452129
0.450408
0.448681
0.447043
0.445320
0.443595
0.441930
0.440195
0.438497
0.436886
0.435202
0.433657
0.431880
0.430331
0.428741
0.427070
0.425400
0.423864
0.422238
0.420536
0.419051
0.417402
0.415808
0.414193
0.412644
0.411029
0.409543
0.407910
0.406398
0.404769
0.403256
0.401649
0.400008
0.398350
0.396698
0.395235
0.393565
0.392023
0.390577
0.389025
0.387677
0.386179
0.384575
0.383161
0.381481
0.379910
0.378562
0.376986
0.375350
0.374099
0.372686
0.371282
0.369909
0.368525
0.367193
0.365954
0.364635
0.363195
0.361999
0.360479
0.359285
0.357989
0.356607
0.355355
0.353991
0.352730
0.351440
0.350259
0.349003
0.347636
0.346581
0.345267
0.343935
0.342780
0.341581
0.340309
0.339133
0.337806
0.336677
0.335338
0.334221
0.333025
0.331716
0.330551
0.329327
0.328230
0.327064
0.325775
0.324631
0.323405
0.322240
0.321167
0.319880
0.318687
0.317485
0.316252
0.315195
0.313918
0.312798
0.311666
0.310640
0.309418
0.308282
0.307118
0.306089
0.304854
0.303711
0.302672
0.301518
0.300408
0.299345
0.298217
0.297228
0.296141
0.294973
0.293926
0.292773
0.291825
0.290651
0.289635
0.288662
0.287573
0.286597
0.285620
0.284440
0.283443
0.282414
0.281502
0.280505
0.279474
0.278579
0.277595
0.276619
0.275678
0.274620
0.273657
0.272842
0.272079
0.271014
0.270119
0.269212
0.268197
0.267509
0.266584
0.265687
0.264814
0.263858
0.263049
0.262231
0.261475
0.260727
0.259853
0.258976
0.258261
0.257520
0.256780
0.256021
0.255362
0.254820
0.254041
0.253362
0.252629
0.251992
0.251401
0.250723
0.250111
0.249485
0.248844
0.248386
0.247735
0.247127
0.246480
0.246061
0.245506
0.245016
0.244308
0.243644
0.243127
0.242552
0.242045
0.241464
0.241057
0.240533
0.240014
0.239546
0.239079
0.238593
0.238314
0.237850
0.237297
0.236973
0.236441
0.235970
0.235469
0.235075
0.234713
0.234431
0.234001
0.233608
0.233220
0.232898
0.232434
0.232098
0.231730
0.231356
0.231021
0.230815
0.230327
0.230025
0.229797
0.229481
0.229156
0.228921
0.228496
0.228277
0.227923
0.227704
0.227402
0.227224
0.226935
0.226724
0.226352
0.226120
0.225945
0.225642
0.225432
0.225217
0.224952
0.224676
0.224439
0.224286
0.224069
0.223838
0.223662
0.223410
0.223205
0.223085
0.222849
0.222659
0.222389
0.222091
0.221922
0.221842
0.221588
0.221320
0.221251
0.221084
0.220848
0.220546
0.220339
0.220213
0.220004
0.219977
0.219711
0.219549
0.219364
0.219221
0.219026
0.218840
0.218692
0.218699
0.218566
0.218350
0.218278
0.218083
0.218001
0.217709
0.217624
0.217412
0.217288
0.217202
0.216979
0.216977
0.216900
0.216585
0.216563
0.216485
0.216307
0.216172
0.216110
0.215907
0.215795
0.215773
0.215483
0.215496
0.215273
0.215120
0.214973
0.214931
0.214881
0.214846
0.214770
0.214678
0.214405
0.214300
0.214125
0.213992
0.213942
0.213930
0.213873
0.213805
0.213699
0.213754
0.213511
0.213459
0.213326
0.213309
0.213089
0.213027
0.212917
0.212835
0.212846
0.212757
0.212640
0.212432
0.212369
0.212333
0.212243
0.212181
0.212058
0.211988
0.211844
0.211803
0.211697
0.211591
0.211523
0.211434
0.211243
0.211232
0.211099
0.211052
0.211029
0.210900
0.210793
0.210665
0.210568
0.210519
0.210509
0.210342
0.210152
0.210147
0.210035
0.209843
0.209811
0.209692
0.209592
0.209567
0.209585
0.209477
0.209280
0.209243
0.209190
0.209085
0.209035
0.208980
0.208927
0.208844
0.208815
0.208681
0.208638
0.208586
0.208529
0.208426
0.208306
0.208333
0.208366
0.208217
0.208143
0.208110
0.208109
0.208027
0.207955
0.207909
0.207869
0.207874
0.207882
0.207774
0.207683
0.207686
0.207657
0.207601
0.207564
0.207539
0.207554
0.207420
0.207463
0.207527
0.207478
0.207391
0.207329
0.207350
0.207460
0.207463
0.207509
0.207554
0.207497
0.207524
0.207522
0.207559
0.207583
0.207627
0.207627
0.207666
0.207646
0.207652
0.207614
0.207660
0.207752
0.207765
0.207716
0.207773
0.207773
0.207786
0.207792
0.207742
0.207742
0.207761
0.207797
0.207843
0.207863
0.207857
0.207823
0.207823
0.207844
0.207794
0.207742
0.207742
0.207742
0.207692
0.207692
0.207512
0.207495
0.207474
0.207471
0.142782
0.142782
0.142790
0.142754
0.142773
0.142773
0.142757
0.142680
0.142591
0.142380
0.142295
0.142135
0.141867
0.141491
0.140923
0.140174
0.139576
0.138912
0.138304
0.137796
0.137233
0.136808
0.136355
0.135859
0.135247
0.134630
0.133980
0.133286
0.132652
0.131905
0.131148
0.130468
0.129778
0.129071
0.128464
0.127857
0.127208
0.126600
0.125922
0.125127
0.124521
0.123725
0.123099
0.122444
0.121699
0.120980
0.120374
0.119779
0.119197
0.118589
0.117907
0.117256
0.116629
0.116042
0.115442
0.114839
0.114141
0.113539
0.112906
0.112302
0.111700
0.111058
0.110370
0.109769
0.109217
0.108616
0.108026
0.107327
0.106692
0.106091
0.105492
0.104905
0.104308
0.103611
0.103029
0.102398
0.101772
0.101176
0.100531
0.099899
0.099269
0.098646
0.098052
0.097458
0.096781
0.096189
0.095370
0.094757
0.094139
0.093512
0.092835
0.092254
0.091648
0.091042
0.090471
0.089857
0.089257
0.088680
0.088089
0.087523
0.086939
0.086301
0.085728
0.085145
0.084655
0.084073
0.083455
0.082873
0.082328
0.081810
0.081192
0.080697
0.080084
0.079495
0.078981
0.078442
0.077904
0.077392
0.076760
0.076292
0.075793
0.075260
0.074755
0.074264
0.073833
0.073338
0.072859
0.072550
0.072045
0.071559
0.070992
0.070376
0.069533
0.068907
0.068215
0.067689
0.067125
0.066643
0.066044
0.065508
0.064962
0.064381
0.063807
0.063260
0.062738
0.062220
0.061556
0.061058
0.060540
0.059987
0.059526
0.058863
0.058331
0.057813
0.057245
0.056786
0.056088
0.055591
0.055019
0.054502
0.053984
0.053389
0.052859
0.052341
0.051835
0.051305
0.050787
0.050227
0.049710
0.049192
0.048632
0.048150
0.047620
0.047052
0.046555
0.046073
0.045528
0.044826
0.044322
0.043813
0.043372
0.042894
0.042399
0.041976
0.041511
0.041076
0.040649
0.040242
0.039720
0.039364
0.038867
0.038481
0.038080
0.037696
0.037309
0.036959
0.036561
0.036159
0.035772
0.035398
0.035050
0.034664
0.034277
0.034009
0.033622
0.033298
0.032912
0.032643
0.032272
0.031933
0.031634
0.031389
0.031042
0.030670
0.030415
0.030072
0.029796
0.029540
0.029204
0.028913
0.028671
0.028383
0.027872
0.027573
0.027290
0.026997
0.026760
0.026468
0.026169
0.025945
0.025666
0.025520
0.025305
0.025065
0.024839
0.024614
0.024355
0.024161
0.023955
0.023680
0.023558
0.023267
0.023124
0.022833
0.022690
0.022521
0.022342
0.022122
0.021909
0.021736
0.021523
0.021350
0.021089
0.020964
0.020819
0.020584
0.020473
0.020198
0.020087
0.019945
0.019702
0.019606
0.019398
0.019221
0.019074
0.018880
0.018751
0.018593
0.018242
0.018090
0.017865
0.017758
0.017617
0.017433
0.017313
0.017186
0.017051
0.016920
0.016803
0.016693
0.016593
0.016484
0.016339
0.016278
0.016133
0.015988
0.015930
0.015800
0.015675
0.015545
0.015498
0.015392
0.015329
0.015200
0.015105
0.014945
0.014850
0.014769
0.014674
0.014597
0.014507
0.014412
0.014331
0.014206
0.014123
0.014029
0.013981
0.013823
0.013776
0.013693
0.013599
0.013537
0.013441
0.013138
0.013033
0.012959
0.012846
0.012753
0.012706
0.012586
0.012555
0.012494
0.012453
0.012399
0.012305
0.012301
0.012206
0.012129
0.012116
0.012069
0.011989
0.011931
0.011945
0.011821
0.011821
0.011727
0.011765
0.011591
0.011591
0.011448
0.011433
0.011387
0.011387
0.011387
0.011294
0.011262
0.011160
0.011145
0.011051
0.011051
0.011005
0.010958
0.010958
0.010834
0.010804
0.010724
0.010677
0.010677
0.010426
0.010357
0.010331
0.010235
0.010239
0.010179
0.010064
0.010081
0.010036
0.010011
0.010038
0.009993
0.010024
0.009978
0.009964
0.009938
0.009891
0.009806
0.009798
0.009751
0.009751
0.009756
0.009756
0.009748
0.009748
0.009690
0.009626
0.009579
0.009579
0.009535
0.009535
0.009489
0.009489
0.009485
0.009535
0.009488
0.009439
0.009396
0.009383
0.009322
0.009322
0.009279
0.009279
0.009279
0.009233
0.009233
0.008984
0.008961
0.008933
0.008883
0.008887
0.008846
0.008856
0.008872
0.008881
0.008821
0.008847
0.008807
0.008837
0.008837
0.008837
0.008825
0.008825
0.008786
0.008822
0.008822
0.008822
0.008777
0.008777
0.008777
0.008777
0.008728
0.008728
0.008728
0.008672
0.008657
0.008620
0.008620
0.008660
0.008660
0.008660
0.008616
0.008616
0.008580
0.008580
0.008580
0.008580
0.008580
0.008580
0.008580
0.008580
0.008375
0.008353
0.008326
0.008323
0.008327
0.008327
0.008338
0.008355
0.008355
0.008378
0.008405
0.008405
0.008436
0.008436
0.008436
0.008470
0.008470
0.008470
0.008506
0.008506
0.008506
0.008506
0.008506
0.008545
0.008545
0.008545
0.008545
0.008495
0.008495
0.008495
0.008545
0.008545
0.008545
0.008585
0.008585
0.008585
0.008535
0.008535
0.008535
0.008535
0.008535
0.008535
0.008535
0.008535
0.008585
0.008378
0.008305
0.008278
0.008274
0.008277
0.008277
0.008287
0.008303
0.008303
0.008325
0.008351
0.008351
0.008382
0.008382
0.008382
0.008416
0.008416
0.008416
0.008452
0.008452
0.008452
0.008452
0.008452
0.008490
0.008490
0.008490
0.008490
0.008490
0.008490
0.008490
0.008490
0.008490
0.008490
0.008530
0.008530
0.008530
0.008530
0.008530
0.008530
0.008530
0.008530
0.008530
0.008530
0.008530
0.008530
0.008530
0.008325
0.008303
0.008277
0.008274
0.008278
0.008278
0.008288
0.008305
0.008328
0.008328
0.008355
0.008355
0.008386
0.008386
0.008386
0.008420
0.008420
0.008420
0.008457
0.008457
0.008457
0.008457
0.008457
0.008495
0.008495
0.008495
0.008495
0.008495
0.008495
0.008495
0.008495
0.008544
0.008584
0.008584
0.008584
0.008535
0.008535
0.008535
0.008535
0.008535
0.008584
0.008584
0.008584
0.008584
0.008584
0.008377
0.008354
0.008326
0.008322
0.008325
0.008308
0.008318
0.008334
0.008334
0.008356
0.008383
0.008383
0.008413
0.008413
0.008413
