0.829461
0.829461
0.829461
0.829461
0.829461
0.829461
0.829461
0.829461
0.829461
0.829461
0.829461
0.829461
0.829461
0.829461
0.829461
0.829461
0.829461
0.829461
0.829461
0.829461
0.829461
0.829461
0.829430
0.829338
0.829203
0.828909
0.828360
0.827357
0.826053
0.824264
0.822527
0.820413
0.818086
0.815912
0.813433
0.810884
0.808426
0.805566
0.802745
0.799921
0.797177
0.793953
0.790967
0.787944
0.784381
0.780937
0.777219
0.773350
0.769220
0.765278
0.761140
0.757225
0.753191
0.749244
0.745417
0.741451
0.737542
0.733591
0.729626
0.725575
0.721699
0.717750
0.713740
0.709696
0.705941
0.702023
0.697964
0.694271
0.690440
0.686455
0.682781
0.678699
0.674905
0.671262
0.667294
0.663658
0.659875
0.656049
0.652383
0.648519
0.644759
0.641077
0.637381
0.633558
0.629861
0.626282
0.622496
0.618937
0.615250
0.611658
0.607887
0.604274
0.600703
0.597132
0.593487
0.589907
0.586349
0.582977
0.579477
0.576000
0.572608
0.569251
0.565936
0.562543
0.559208
0.556010
0.552613
0.549509
0.546242
0.543065
0.539691
0.536307
0.532941
0.529622
0.526249
0.523033
0.519562
0.516343
0.513201
0.509952
0.506662
0.503373
0.500224
0.497073
0.493710
0.490657
0.487366
0.484231
0.480968
0.478033
0.474923
0.471944
0.468951
0.466059
0.463283
0.460412
0.457725
0.455028
0.452172
0.449444
0.446631
0.443871
0.441202
0.438450
0.435810
0.433131
0.430462
0.427787
0.425163
0.422564
0.419838
0.417229
0.414684
0.411977
0.409461
0.406827
0.404302
0.401699
0.399200
0.396648
0.394089
0.391552
0.389206
0.386703
0.384268
0.381822
0.379328
0.376926
0.374467
0.372052
0.369547
0.367063
0.364656
0.362182
0.359644
0.357283
0.354835
0.352375
0.349913
0.347525
0.345107
0.342623
0.340215
0.337810
0.335347
0.332921
0.330522
0.328103
0.325675
0.323286
0.320924
0.318511
0.316218
0.313822
0.311486
0.309060
0.306737
0.304435
0.302083
0.299881
0.297445
0.295331
0.293181
0.290966
0.288842
0.286653
0.284473
0.282291
0.280070
0.277921
0.275818
0.273588
0.271594
0.269460
0.267387
0.265132
0.263282
0.261101
0.259010
0.257052
0.254902
0.252932
0.250882
0.248851
0.246923
0.244914
0.243025
0.241045
0.238986
0.237065
0.235352
0.233280
0.231468
0.229686
0.227634
0.225848
0.224050
0.222238
0.220394
0.218594
0.216826
0.215012
0.213337
0.211433
0.209667
0.207996
0.206263
0.204586
0.202853
0.201129
0.199466
0.197918
0.196174
0.194489
0.192947
0.191222
0.189643
0.188053
0.186481
0.184965
0.183496
0.181867
0.180325
0.178770
0.177333
0.175806
0.174350
0.172857
0.171383
0.169937
0.168514
0.167088
0.165562
0.164196
0.162733
0.161336
0.160024
0.158509
0.157250
0.155938
0.154516
0.153273
0.151867
0.150486
0.149178
0.147903
0.146586
0.145352
0.144009
0.142798
0.141528
0.140323
0.138962
0.137824
0.136560
0.135388
0.134231
0.132976
0.131818
0.130634
0.129445
0.128356
0.127147
0.126065
0.124955
0.123781
0.122718
0.121507
0.120443
0.119458
0.118352
0.117485
0.116224
0.115262
0.114224
0.113265
0.112143
0.111343
0.110291
0.109315
0.108313
0.107285
0.106450
0.105555
0.104464
0.103656
0.102774
0.101650
0.100961
0.100019
0.099052
0.098238
0.097347
0.096535
0.095621
0.094816
0.093993
0.093166
0.092351
0.091501
0.090661
0.089871
0.089161
0.088295
0.087516
0.086670
0.085939
0.085226
0.084324
0.083696
0.082876
0.082150
0.081474
0.080739
0.079951
0.079179
0.078463
0.077739
0.077167
0.076319
0.075609
0.074965
0.074200
0.073569
0.072891
0.072098
0.071392
0.070892
0.070184
0.069477
0.068757
0.068222
0.067512
0.066871
0.066302
0.065544
0.064936
0.064328
0.063712
0.063085
0.062447
0.061829
0.061266
0.060640
0.060018
0.059409
0.058866
0.058279
0.057722
0.057118
0.056547
0.056049
0.055458
0.054927
0.054387
0.053836
0.053296
0.052743
0.052286
0.051866
0.051186
0.050716
0.050237
0.049693
0.049277
0.048761
0.048300
0.047840
0.047346
0.046895
0.046385
0.045959
0.045520
0.044994
0.044577
0.044166
0.043745
0.043257
0.042907
0.042443
0.041947
0.041557
0.041163
0.040702
0.040370
0.039904
0.039514
0.039114
0.038753
0.038365
0.037930
0.037585
0.037173
0.036843
0.036450
0.036047
0.035755
0.035424
0.034972
0.034675
0.034338
0.033905
0.033569
0.033242
0.032832
0.032618
0.032221
0.031893
0.031560
0.031238
0.030902
0.030516
0.030231
0.029940
0.029540
0.029245
0.028906
0.028687
0.028356
0.028064
0.027813
0.027578
0.027239
0.026943
0.026718
0.026459
0.026235
0.025976
0.025636
0.025401
0.025208
0.024918
0.024704
0.024447
0.024243
0.023995
0.023735
0.023579
0.023362
0.023135
0.022906
0.022673
0.022459
0.022264
0.022089
0.021897
0.021642
0.021467
0.021224
0.021084
0.020931
0.020759
0.020555
0.020383
0.020193
0.020013
0.019839
0.019713
0.019516
0.019323
0.019150
0.018994
0.018860
0.018701
0.018551
0.018371
0.018244
0.018104
0.017948
0.017813
0.017734
0.017599
0.017404
0.017324
0.017190
0.017073
0.016969
0.016803
0.016723
0.016589
0.016433
0.016372
0.016219
0.016139
0.016007
0.015888
0.015809
0.015674
0.015595
0.015484
0.015365
0.015291
0.015212
0.015077
0.014960
0.014881
0.014781
0.014707
0.014668
0.014493
0.014411
0.014337
0.014258
0.014163
0.014123
0.014033
0.013853
0.013813
0.013740
0.013700
0.013600
0.013526
0.013444
0.013370
0.013309
0.013269
0.013196
0.013156
0.013061
0.012979
0.012939
0.012866
0.012826
0.012765
0.012679
0.012639
0.012561
0.012461
0.012421
0.012382
0.012308
0.012269
0.012229
0.012168
0.012134
0.012089
0.012050
0.011976
0.011915
0.011876
0.011876
0.011802
0.011762
0.011723
0.011668
0.011623
0.011583
0.011543
0.011510
0.011470
0.011409
0.011409
0.011369
0.011296
0.011296
0.011256
0.011211
0.011156
0.011116
0.011077
0.011077
0.011037
0.011003
0.010964
0.010924
0.010903
0.010863
0.010829
0.010784
0.010784
0.010745
0.010745
0.010672
0.010650
0.010610
0.010610
0.010570
0.010570
0.010497
0.010497
0.010457
0.010457
0.010418
0.010397
0.010352
0.010318
0.010318
0.010278
0.010278
0.010238
0.010238
0.010165
0.010165
0.010143
0.010104
0.010104
0.010104
0.010064
0.010064
0.009991
0.009991
0.009991
0.009951
0.009946
0.009946
0.009906
0.009885
0.009885
0.009811
0.009811
0.009811
0.009772
0.009772
0.009772
0.009732
0.009732
0.009732
0.009732
0.009692
0.009692
0.009692
0.009692
0.009653
0.009653
0.009653
0.009613
0.009613
0.009613
0.009608
0.009568
0.009568
0.009568
0.009568
0.009568
0.009528
0.009528
0.009528
0.009528
0.009489
0.009489
0.009489
0.009489
0.009489
0.009449
0.009449
0.009449
0.009449
0.009449
0.009409
0.009409
0.009409
0.009409
0.009409
0.009370
0.009370
0.009370
0.009370
0.009370
0.009370
0.009330
