0.496477
0.496477
0.496477
0.496477
0.496477
0.496477
0.496477
0.496477
0.496477
0.496477
0.496477
0.496477
0.496477
0.496477
0.496477
0.496477
0.496477
0.496477
0.496477
0.496477
0.496477
0.496477
0.496360
0.496448
0.496556
0.496649
0.496568
0.495817
0.494633
0.492935
0.490701
0.488105
0.485441
0.482838
0.480259
0.478079
0.475702
0.473189
0.470613
0.468234
0.465289
0.462520
0.459826
0.457070
0.454535
0.451839
0.449172
0.446592
0.444074
0.441461
0.438882
0.436211
0.433517
0.430899
0.428273
0.425646
0.423339
0.421473
0.420059
0.419269
0.418925
0.418447
0.417886
0.416959
0.416093
0.415209
0.414205
0.412881
0.411465
0.410218
0.408853
0.407811
0.406592
0.405345
0.404062
0.402198
0.399862
0.397383
0.394693
0.392064
0.389525
0.386964
0.384555
0.381890
0.379482
0.376973
0.374371
0.371615
0.368970
0.366355
0.363919
0.361372
0.358939
0.356635
0.354490
0.351970
0.349798
0.347535
0.345344
0.342998
0.340851
0.338684
0.336569
0.334231
0.331954
0.329781
0.328282
0.327533
0.327430
0.327833
0.328238
0.328517
0.328275
0.327741
0.327177
0.326492
0.325863
0.325468
0.324972
0.324559
0.324014
0.323543
0.322867
0.321904
0.320572
0.319093
0.317009
0.314757
0.312182
0.309483
0.307059
0.304721
0.302154
0.299779
0.297290
0.294529
0.291997
0.289329
0.286647
0.284015
0.281449
0.278738
0.276129
0.273538
0.270946
0.268504
0.265905
0.263453
0.260913
0.258378
0.256060
0.253656
0.251019
0.248655
0.246220
0.243994
0.241563
0.239146
0.237044
0.234765
0.232468
0.230231
0.227895
0.225755
0.223382
0.221301
0.219044
0.217058
0.214905
0.212739
0.210603
0.208546
0.206505
0.204376
0.202342
0.200304
0.198322
0.196345
0.194462
0.192515
0.190420
0.188467
0.186749
0.184831
0.182968
0.181135
0.179361
0.177492
0.175627
0.173925
0.172261
0.170392
0.168652
0.167001
0.165428
0.163487
0.161958
0.160447
0.158809
0.157265
0.155710
0.154096
0.152437
0.151008
0.149445
0.147977
0.146481
0.145080
0.143660
0.142287
0.140823
0.139383
0.137977
0.136505
0.135362
0.133823
0.132601
0.131240
0.129952
0.128953
0.127426
0.126099
0.124907
0.123693
0.122523
0.121234
0.120063
0.118778
0.117825
0.116536
0.115386
0.114207
0.113232
0.112089
0.110978
0.109914
0.108810
0.107616
0.106677
0.105575
0.104434
0.103610
0.102476
0.101501
0.100535
0.099440
0.098416
0.097577
0.096601
0.095541
0.094641
0.093748
0.092673
0.091822
0.090885
0.090078
0.089142
0.088265
0.087360
0.086432
0.085666
0.084717
0.083889
0.083159
0.082263
0.081400
0.080653
0.080014
0.079025
0.078212
0.077509
0.076750
0.075929
0.075028
0.074451
0.073718
0.072802
0.072249
0.071354
0.070698
0.070048
0.069394
0.068608
0.067762
0.067094
0.066519
0.065815
0.065106
0.064545
0.063732
0.063091
0.062474
0.061768
0.061053
0.060703
0.059858
0.059290
0.058647
0.058069
0.057330
0.056746
0.056208
0.055549
0.054971
0.054358
0.053762
0.053234
0.052642
0.052022
0.051552
0.050948
0.050420
0.049732
0.049224
0.048701
0.048135
0.047617
0.047037
0.046473
0.046068
0.045488
0.045048
0.044410
0.043930
0.043588
0.042993
0.042521
0.042002
0.041461
0.041020
0.040517
0.040083
0.039574
0.039134
0.038612
0.038192
0.037763
0.037297
0.036789
0.036385
0.035893
0.035489
0.035116
0.034724
0.034239
0.033890
0.033455
0.033013
0.032637
0.032295
0.031859
0.031584
0.031148
0.030863
0.030499
0.030179
0.029772
0.029370
0.029112
0.028802
0.028564
0.028202
0.027770
0.027574
0.027347
0.026946
0.026625
0.026347
0.026114
0.025861
0.025489
0.025288
0.024995
0.024691
0.024498
0.024176
0.023880
0.023654
0.023460
0.023213
0.022897
0.022745
0.022508
0.022253
0.022062
0.021854
0.021538
0.021363
0.021171
0.020916
0.020714
0.020574
0.020321
0.020095
0.019918
0.019653
0.019462
0.019322
0.019114
0.018974
0.018747
0.018581
0.018384
0.018183
0.018100
0.017842
0.017696
0.017521
0.017383
0.017235
0.017100
0.016898
0.016850
0.016737
0.016619
0.016500
0.016220
0.016137
0.016021
0.015908
0.015825
0.015718
0.015516
0.015396
0.015286
0.015203
0.015146
0.014944
0.014809
0.014753
0.014670
0.014613
0.014495
0.014439
0.014293
0.014185
0.014045
0.013989
0.013902
0.013846
0.013762
0.013644
0.013566
0.013473
0.013390
0.013334
0.013277
0.013194
0.013138
0.013054
0.012998
0.012863
0.012863
0.012807
0.012724
0.012667
0.012548
0.012548
0.012492
0.012409
0.012353
0.012269
0.012269
0.012213
0.012129
0.012129
0.012073
0.011989
0.011933
0.011933
0.011850
0.011794
0.011794
0.011710
0.011710
0.011654
0.011598
0.011570
0.011514
0.011514
0.011431
0.011374
0.011374
0.011318
0.011291
0.011235
0.011235
0.011178
0.011151
0.011095
0.011095
0.011039
0.011011
0.010955
0.010955
0.010899
0.010872
0.010815
0.010815
0.010759
0.010732
0.010676
0.010676
0.010619
0.010619
0.010592
0.010536
0.010536
0.010480
0.010480
0.010453
0.010396
0.010396
0.010340
0.010340
0.010340
0.010256
0.010256
0.010256
0.010200
0.010200
0.010173
0.010117
0.010117
0.010117
0.010060
0.010060
0.010060
0.009977
0.009977
0.009977
0.009921
0.009921
0.009921
0.009921
0.009837
0.009837
0.009837
0.009781
0.009781
0.009781
0.009781
0.009697
0.009697
0.009697
0.009697
0.009641
0.009641
0.009641
0.009641
0.009586
0.009558
0.009558
0.009558
0.009558
0.009501
0.009501
0.009501
0.009501
0.009501
0.009418
0.009418
0.009418
0.009418
0.009418
0.009362
0.009362
0.009362
0.009362
0.009362
0.009306
0.009278
0.009278
0.009278
0.009278
0.009278
0.009222
0.009222
0.009222
0.009222
0.009222
0.009222
0.009167
0.009167
0.009139
0.009139
0.009139
0.009139
0.009139
0.009082
0.009082
0.009082
0.009082
0.009082
0.009082
0.009082
0.009082
0.009027
0.009027
0.008999
0.008999
0.008999
0.008999
0.008999
0.008999
0.008999
0.008999
0.008999
0.008999
0.008999
0.008999
0.008999
0.008999
0.008999
0.008999
0.008999
0.008999
0.008999
0.008999
0.008999
0.008999
0.008999
0.008999
0.008999
0.008999
0.008999
0.008999
0.008999
0.008999
0.008999
0.008999
0.008999
0.008999
0.008999
0.008999
0.008999
0.008999
0.008999
0.008999
0.008999
0.008999
0.008999
0.008999
0.008999
0.008999
0.008999
0.008999
0.008999
0.008999
0.008999
0.008999
0.008999
0.008999
0.008999
0.008999
0.008999
0.008999
0.008999
0.008999
0.008999
0.008999
0.008999
0.008999
0.008999
0.008999
0.008999
0.008999
0.008999
0.008999
0.008999
0.008999
0.008999
0.008999
0.008999
0.008999
0.008999
0.008999
0.008999
0.008999
0.008999
0.008999
0.008999
0.008999
0.008999
0.008999
0.008999
0.008999
0.008999
0.008999
0.008999
0.008999
0.008999
0.008999
0.008999
0.008999
0.008999
0.008999
0.008999
0.008999
0.008999
