1.325878
1.221977
1.010085
0.801742
0.649275
0.565357
0.533415
0.526775
0.648820
0.586777
0.651137
0.581503
0.575416
0.569790
0.564155
0.559680
0.555410
0.785789
0.781428
0.777850
0.774105
0.770079
0.766122
0.761255
0.756399
0.751010
0.745668
0.740118
0.735106
0.730372
0.725851
0.721793
0.717564
0.713544
0.709056
0.704351
0.699340
0.693976
0.688516
0.683290
0.678152
0.672992
0.668195
0.663502
0.658756
0.653910
0.649127
0.644487
0.639329
0.634510
0.629509
0.624587
0.619742
0.614962
0.610363
0.605759
0.601065
0.596417
0.591832
0.587253
0.582510
0.577800
0.573296
0.568553
0.564047
0.559481
0.554960
0.550442
0.545908
0.541494
0.536817
0.532391
0.528003
0.523426
0.519030
0.514609
0.510124
0.505832
0.501378
0.497096
0.492575
0.488359
0.484068
0.479715
0.475586
0.471149
0.466995
0.462827
0.458690
0.454467
0.450238
0.446008
0.441810
0.437862
0.433754
0.429624
0.425324
0.421405
0.417161
0.413210
0.409298
0.405086
0.401090
0.396982
0.393002
0.389134
0.385120
0.381080
0.377104
0.373373
0.369295
0.365255
0.361385
0.357588
0.353709
0.350000
0.346029
0.342282
0.338407
0.334782
0.330885
0.327217
0.323588
0.320053
0.316397
0.312752
0.309391
0.305893
0.302538
0.299022
0.295662
0.292370
0.288991
0.285489
0.282225
0.279198
0.276033
0.272618
0.269397
0.266420
0.263141
0.260218
0.257148
0.254057
0.251169
0.248061
0.245069
0.242249
0.239298
0.236157
0.233499
0.230658
0.227759
0.224987
0.222225
0.219482
0.216722
0.214110
0.211419
0.208952
0.206214
0.203650
0.201183
0.198794
0.196140
0.193819
0.191332
0.188851
0.186519
0.184061
0.181880
0.179437
0.177111
0.174828
0.172603
0.170372
0.168115
0.165995
0.163768
0.161676
0.159476
0.157270
0.155089
0.153132
0.151052
0.149118
0.146772
0.144940
0.142974
0.140808
0.139067
0.137030
0.134988
0.133090
0.131156
0.129276
0.127405
0.125491
0.123781
0.121900
0.120070
0.118425
0.116395
0.114794
0.112943
0.111292
0.109628
0.108141
0.106331
0.104819
0.103163
0.101603
0.100072
0.098292
0.096928
0.095373
0.093962
0.092358
0.090811
0.089458
0.088024
0.086760
0.085316
0.083967
0.082713
0.081201
0.079883
0.078508
0.077180
0.076066
0.074755
0.073476
0.072310
0.071090
0.069817
0.068637
0.067633
0.066527
0.065318
0.064264
0.063229
0.062065
0.061075
0.060012
0.059210
0.058014
0.057237
0.056335
0.055488
0.054395
0.053528
0.052628
0.051710
0.050991
0.050082
0.049493
0.048485
0.047731
0.047083
0.046290
0.045470
0.044778
0.043984
0.043385
0.042759
0.042085
0.041262
0.040601
0.039975
0.039385
0.038748
0.038187
0.037571
0.036796
0.036362
0.035873
0.035233
0.034798
0.034256
0.033676
0.033181
0.032748
0.032233
0.031702
0.031352
0.030738
0.030521
0.029790
0.029408
0.028998
0.028569
0.028202
0.027859
0.027369
0.026993
0.026700
0.026315
0.025966
0.025729
0.025318
0.024878
0.024485
0.024123
0.023753
0.023537
0.023126
0.022910
0.022690
0.022474
0.022192
0.021896
0.021538
0.021411
0.021130
0.020846
0.020631
0.020504
0.020224
0.020009
0.019850
0.019672
0.019530
0.019305
0.019173
0.018959
0.018887
0.018674
0.018345
0.018274
0.018133
0.018007
0.017848
0.017660
0.017502
0.017311
0.017240
0.017029
0.016904
0.016756
0.016631
0.016474
0.016421
0.016301
0.016091
0.016091
0.015882
0.015882
0.015728
0.015604
0.015604
0.015396
0.015396
0.015190
0.015190
0.015120
0.014985
0.014915
0.014862
0.014704
0.014704
0.014582
0.014501
0.014432
0.014379
0.014231
0.014231
0.014037
0.013959
0.013959
0.013839
0.013839
0.013694
0.013694
0.013642
0.013575
0.013424
0.013373
0.013306
0.013306
0.013232
0.013042
0.013022
0.012955
0.012782
0.012698
0.012698
0.012634
0.012634
0.012565
0.012452
0.012452
0.012522
0.012522
0.012346
0.012346
0.012310
0.012310
0.012249
0.012249
0.012202
0.012202
0.012142
0.012142
0.012142
0.012098
0.012098
0.012040
0.012040
0.012040
0.012040
0.011986
0.011942
0.011942
0.011942
0.011942
0.011942
0.011891
0.011891
0.011851
0.011851
0.011790
0.011790
0.011742
0.011742
0.011742
0.011742
0.011707
0.011707
0.011663
0.011663
0.011663
0.011663
0.011663
0.011663
0.011616
0.011616
0.011616
0.011616
0.011616
0.011616
0.011616
0.011616
0.011616
0.011616
0.011616
0.011616
0.011616
0.011616
0.011616
0.011546
0.011520
0.011520
0.011520
0.011520
0.011546
0.011369
0.011283
0.011476
0.011351
0.011488
0.011403
0.011887
0.012304
0.012455
0.012379
0.012407
0.012711
0.012722
0.013159
0.013486
0.013860
0.014341
0.014228
0.014954
0.015427
0.015576
0.015590
0.015350
0.014753
0.014634
0.014961
0.014973
0.015041
0.015157
0.015193
0.015319
0.015176
0.015180
0.015105
0.015213
0.015356
0.015345
0.015470
0.015635
0.015646
0.015560
0.015586
0.015530
0.015639
0.015798
0.015811
0.015851
0.016041
0.015994
0.016218
0.015559
0.014940
0.014613
0.014540
0.014638
0.015604
0.016839
0.017642
0.017609
0.017237
0.016324
0.015738
0.015365
0.015161
0.015705
0.016055
0.016567
0.016698
0.017240
0.017027
0.017328
0.017172
0.016837
0.016918
0.017285
0.017147
0.017640
0.017746
0.017569
0.018159
0.018063
0.017288
0.015834
0.014983
0.015159
0.015836
0.017674
0.019745
0.020803
0.020919
0.019857
0.018760
0.017793
0.017396
0.017972
0.018185
0.019203
0.019556
0.020467
0.020419
0.020974
0.020658
0.020398
0.020705
0.020671
0.020672
0.021225
0.021272
0.021941
0.021970
0.021642
0.020864
0.019156
0.018136
0.018444
0.018664
0.020623
0.022770
0.023800
0.023888
0.023223
0.021962
0.021009
0.020574
0.020607
0.020730
0.021563
0.022470
0.022733
0.023296
0.023176
0.022744
0.022976
0.022762
0.022638
0.023262
0.022981
0.022999
0.023548
0.023361
0.023854
0.022474
0.021313
0.020118
0.019829
0.020368
0.022190
0.024149
0.025951
0.025382
0.024851
0.023385
0.022426
0.021863
0.021723
0.022521
0.022938
0.023866
0.023882
0.024585
0.024198
0.024502
0.024078
0.023882
0.024414
0.024270
0.024008
0.024691
0.024649
0.024515
0.023661
0.022381
0.021365
0.020914
0.021367
0.023185
0.025249
0.026416
0.026515
0.025729
0.024389
0.023448
0.023035
0.022671
0.022930
0.023899
0.024838
0.024846
0.025395
0.025247
0.024880
0.025152
0.024785
0.024733
0.025218
0.025006
0.025636
0.025556
0.025504
0.025856
0.024365
0.023238
0.022135
0.021616
0.022173
0.023935
0.026096
0.027667
0.027017
0.026472
0.025249
0.024185
0.023389
0.023339
0.024335
0.024553
0.025381
0.025518
0.026138
0.025909
0.026065
0.025693
0.025397
0.025845
0.025724
0.025622
0.026214
0.026040
0.026557
0.026424
0.026127
0.025201
0.023539
0.022303
0.022574
0.023016
0.024861
0.027005
0.027933
0.028066
0.026797
0.025470
0.024317
0.024313
0.024292
0.024486
0.025457
0.025610
0.026512
0.027019
0.026654
0.026286
0.026694
0.026210
0.026086
0.026507
0.026495
0.026236
0.026928
0.026707
0.027179
0.026921
0.025421
0.024283
0.023023
0.022274
0.022876
0.024824
0.026988
0.028583
0.028698
0.027422
0.025930
0.024715
0.024274
0.024108
0.024996
0.025130
0.026220
0.026923
0.026831
0.027068
0.026830
0.026458
0.026060
0.026453
0.026314
0.026863
0.026737
0.026691
0.027242
0.026984
0.027330
0.026025
0.024564
0.023508
0.022915
0.023477
0.025398
0.027616
0.028593
0.028483
0.028018
0.026499
0.025411
0.024881
0.024520
0.024891
0.025788
0.026600
0.026697
0.027423
0.027009
0.026566
0.026876
0.026644
0.026190
0.026827
0.026762
0.027155
0.027039
0.026900
0.027593
0.025733
0.024670
0.023371
0.022956
0.023402
0.025334
0.027406
0.029149
0.028563
0.027881
0.026465
0.025302
0.024701
0.024604
0.025323
0.025721
0.026560
0.026699
0.027166
0.026854
0.027172
0.026800
0.026421
0.026881
0.026735
0.026475
0.027167
0.027039
0.027477
0.027211
0.025779
0.024433
0.023239
0.022761
0.023247
0.025212
0.027211
0.029021
0.028962
0.027680
0.026168
0.025169
0.024579
0.024189
0.025238
0.025545
0.026473
0.026971
0.027046
0.027374
0.026957
0.026504
0.026895
0.026578
0.026448
0.026992
0.026944
0.026710
0.027344
0.027072
0.027350
0.027353
0.025654
0.024387
0.023340
0.022653
0.023469
0.025176
0.027375
0.029075
0.029003
0.027612
0.026250
0.025229
0.024452
0.024351
0.025324
0.025536
0.026478
0.027264
0.027171
0.027323
0.027074
0.026629
0.026260
0.026735
0.026603
0.026982
0.027022
0.026820
0.027472
0.027201
0.026411
0.024363
0.023127
0.023258
0.023753
0.025713
0.027871
0.028781
0.028837
0.027630
0.026254
0.025074
0.024568
0.024897
0.025002
0.026133
0.026419
0.027093
0.026859
0.027410
0.027034
0.026492
0.026877
0.026823
0.026523
0.026987
0.026983
0.027609
0.027338
0.027161
0.027735
0.026000
0.024688
0.023667
0.022967
0.023590
0.025555
0.027618
0.029290
0.028700
0.028018
0.026671
0.025584
0.024882
0.024673
0.025652
0.025884
0.026730
0.026871
0.027510
0.027195
0.027311
0.027017
0.026696
0.027195
0.026960
0.026944
0.027475
0.027256
0.027858
0.027632
0.027433
0.026510
0.024677
0.023321
0.023614
0.024097
0.026068
0.028103
0.029225
0.029144
0.027974
0.027146
0.025341
0.025342
0.025220
0.025350
0.026355
0.026677
0.027517
0.027949
0.027584
0.027295
0.027618
0.027127
0.027002
0.027613
0.027420
0.027211
0.027965
0.027818
0.028133
0.027925
0.026388
0.025132
0.023925
0.023354
0.023942
0.025896
0.028094
0.029723
0.029634
0.028508
0.027074
0.025806
0.025144
0.025197
0.025845
0.026239
0.027173
0.028065
0.027711
0.028132
0.027794
0.027593
0.026931
0.027588
0.027447
0.027834
0.027788
0.027754
0.028321
0.028056
0.028499
0.026912
0.025566
0.024524
0.023914
0.024489
0.026392
0.028508
0.029378
0.029475
0.028917
0.027468
0.026373
0.025579
0.025456
0.025753
0.026674
0.027449
0.027637
0.028292
0.027704
0.027415
0.027821
0.027334
0.027086
0.027647
0.027460
0.027943
0.027948
0.027731
0.028257
0.027948
0.027072
0.025148
0.023943
0.024002
0.023841
0.026498
0.028650
0.029665
0.029629
0.028236
0.026937
0.025843
0.025137
0.025568
0.025940
0.026743
0.026935
0.027785
0.027639
0.027941
0.027468
0.027261
0.027559
0.027168
0.027116
0.027684
0.027426
0.028050
0.027829
0.027484
0.028064
0.026516
0.025293
0.024043
0.023510
0.024074
0.025938
0.028002
0.029784
0.029102
0.028377
0.026812
0.025796
0.025258
0.024884
0.025739
0.026180
0.027125
0.026925
0.027659
0.027424
0.027661
0.027110
0.026876
0.027365
0.026964
0.026949
0.027655
0.027267
0.027878
0.027829
0.027520
0.026515
0.024684
0.023298
0.023600
0.023998
0.025987
0.028113
0.029063
0.029116
0.027896
0.026513
0.025240
0.025338
0.025128
0.025331
0.026268
0.026504
0.027262
0.027781
0.027506
0.027011
0.027425
0.027013
0.026715
0.027234
0.027169
0.027093
0.027557
0.027499
0.027893
0.027633
0.026088
0.024820
0.023612
0.022989
0.023641
0.025544
0.027670
0.029397
0.029431
0.028095
0.026562
0.025368
0.024916
0.024624
0.025445
0.025841
0.026871
0.027509
0.027323
0.027748
0.027319
0.027034
0.026538
0.027200
0.026887
0.027359
0.027401
0.027191
0.027848
0.027492
0.027455
0.027768
0.026197
0.025031
0.023779
0.023243
0.023793
0.025682
0.027831
0.029564
0.029402
0.028249
0.026822
0.025696
0.024914
0.024880
0.025676
0.025986
0.026956
0.027744
0.027558
0.027810
0.027470
0.027268
0.026772
0.027173
0.027121
0.026905
0.027435
0.027402
0.028058
0.027615
0.026068
0.024943
0.023481
0.023858
0.023526
0.026272
0.027771
0.029388
0.029352
0.028042
0.026821
0.025540
0.024840
0.025440
0.025467
0.026531
0.026730
0.027676
0.027356
0.027828
0.027357
0.027155
0.027383
0.027060
0.027008
0.027700
0.027350
0.027890
0.027966
0.027615
0.026777
0.024834
0.023612
0.023721
0.024119
0.026187
0.028165
0.029302
0.029355
0.027956
0.026481
0.025462
0.025486
0.025174
0.025358
0.026555
0.026445
0.027298
0.027903
0.027795
0.027065
0.027484
0.027261
0.026679
0.027292
0.027316
0.027147
0.027644
0.027588
0.028078
0.026479
0.025115
0.023886
0.023329
0.023828
0.025721
0.028049
0.029009
0.028933
0.028461
0.027005
0.025719
0.025110
0.024975
0.025064
0.026166
0.027076
0.027093
0.027661
0.027419
0.027530
0.027102
0.026885
0.026656
0.026955
0.027028
0.027694
0.027441
0.027212
0.027921
0.026195
0.024767
0.023771
0.023043
0.023747
0.025521
0.027793
0.029409
0.029479
0.028077
0.026713
0.025608
0.024911
0.024683
0.025680
0.025909
0.026771
0.027489
0.027566
0.027071
0.027378
0.026992
0.026863
0.026992
0.026934
0.026919
0.027371
0.027154
0.027811
0.027628
0.027243
0.026490
0.024565
0.023171
0.023555
0.023777
0.026040
0.028002
0.028962
0.029150
0.027791
0.026957
0.025758
0.025126
0.025092
0.025041
0.026150
0.027117
0.027308
0.027570
0.027285
0.026994
0.027326
0.026733
0.026696
0.027353
0.026895
0.026898
0.027574
0.027431
0.027700
0.027656
0.026105
0.024571
0.023615
0.022813
0.023591
0.025437
0.027553
0.029400
0.029259
0.027856
0.026491
0.025467
0.024748
0.024457
0.025537
0.025767
0.026628
0.027357
0.027345
0.027592
0.027165
0.026876
0.027172
0.027041
0.026729
0.027377
0.027243
0.027124
0.027677
0.027406
0.027945
0.026345
0.025111
0.023933
0.023396
0.023893
0.025817
0.027884
0.029008
0.028924
0.028368
0.026817
0.025879
0.024987
0.024866
0.025161
0.026094
0.027005
0.027020
0.027767
0.027350
0.027547
0.027206
0.027059
0.026584
0.027148
0.027133
0.027628
0.027457
0.027317
0.028008
0.026184
0.024931
0.023928
0.023133
0.023843
0.025623
0.027813
0.029522
0.029680
0.028274
0.026730
0.025705
0.024983
0.024758
0.025671
0.026074
0.026942
0.027665
0.027565
0.027330
0.027479
0.027187
0.026881
0.027184
0.027040
0.026936
0.027476
0.027345
0.028005
0.027647
0.027345
0.026586
0.024507
0.023341
0.023561
0.023956
0.026055
0.028019
0.029245
0.029170
0.027718
0.026966
0.025939
0.025132
0.024925
0.025308
0.026248
0.026976
0.027169
0.027855
0.027306
0.026925
0.027346
0.026929
0.026626
0.027198
0.027091
0.026918
0.027507
0.027364
0.027721
0.027678
0.026036
0.024673
0.023538
0.022824
0.023601
0.025455
0.027575
0.029250
0.029196
0.028055
0.026597
0.025485
0.024679
0.024557
0.025553
0.025611
0.026560
0.027466
0.027367
0.027513
0.027172
0.026880
0.027093
0.026784
0.026821
0.027472
0.027076
0.027042
0.027791
0.027345
0.027709
0.026369
0.024958
0.023781
0.023239
0.023651
0.025751
0.027715
0.028913
0.029007
0.028274
0.026809
0.025694
0.025064
0.024855
0.024974
0.026083
0.026909
0.026924
0.027584
0.027341
0.027253
0.026909
0.026582
0.026369
0.026760
0.026746
0.027244
0.027249
0.027020
0.027544
0.025884
0.024535
0.023525
0.022695
0.023426
0.025312
0.027517
0.029237
0.029219
0.027968
0.026411
0.025199
0.024671
0.024355
0.025276
0.025593
0.026558
0.027197
0.027096
0.026859
0.027009
0.026626
0.026407
0.026980
0.026567
0.026552
0.027185
0.026790
0.027454
0.027359
0.027234
0.026029
0.024289
0.022936
0.023151
0.023640
0.025579
0.027913
0.028707
0.028717
0.027523
0.026853
0.025554
0.024810
0.024776
0.024810
0.025758
0.026850
0.027042
0.027396
0.027019
0.026814
0.026970
0.026727
0.026424
0.027088
0.026801
0.026716
0.027401
0.027075
0.027705
0.027394
0.027179
0.026241
0.024340
0.023179
0.023219
0.023814
0.025916
0.028004
0.028978
0.029058
0.027666
0.026837
0.024957
0.024988
0.024776
0.025074
0.026111
0.026375
0.027042
0.027573
0.027285
0.026992
0.027148
0.026904
0.026602
0.027088
0.026978
0.026894
0.027579
0.027253
0.027748
0.027661
0.026005
0.024542
0.023395
0.022847
0.023371
0.025155
0.027488
0.029158
0.029192
0.027774
0.026397
0.025185
0.024371
0.024134
0.024964
0.025022
0.025983
0.026470
0.026191
0.026347
0.026010
0.025457
0.024711
0.025134
0.024825
0.025119
0.024883
0.024689
0.024875
0.024588
0.023545
0.021458
0.020365
0.020145
0.020579
0.022560
0.024287
0.025379
0.025383
0.023983
0.022667
0.021624
0.021052
0.021469
0.021623
0.022726
0.023111
0.024005
0.024168
0.024840
0.024966
0.024685
0.025348
0.025361
0.025479
0.026233
0.026376
0.027268
0.027256
0.027124
0.027826
0.026579
0.025634
0.024728
0.024380
0.025011
0.027101
0.029017
0.030558
0.030737
0.029285
0.027830
0.026769
0.026104
0.025612
0.026554
0.026802
0.027480
0.027475
0.028118
0.027678
0.027777
0.027344
0.027239
0.027586
0.027274
0.027193
0.027823
0.027470
0.028053
0.027864
0.027548
0.026525
0.024730
0.023439
0.023610
0.023979
0.025761
0.027743
0.028656
0.028274
0.026837
0.026098
0.024094
0.023932
0.023852
0.023812
0.024839
0.024972
0.025592
0.026057
0.025847
0.025440
0.025676
0.025301
0.025151
0.025843
0.025660
0.025556
0.026291
0.026291
0.026585
0.026625
0.025176
0.023849
0.022914
0.022283
0.023090
0.025009
0.026911
0.028631
0.028735
0.027336
0.025805
0.024793
0.024098
0.023797
0.024785
0.025262
0.026119
0.026756
0.026763
0.027090
0.026580
0.026282
0.026797
0.026582
0.026194
0.026929
0.026977
0.026756
0.027192
0.027201
0.027573
0.025986
0.024809
0.023755
0.023213
0.023694
0.025506
0.027530
0.028574
0.028495
0.027905
0.026187
0.025168
0.024364
0.024074
0.024380
0.025377
0.026188
0.026149
0.026885
0.026649
0.026660
0.026335
0.026165
0.025783
0.026331
0.026238
0.026807
0.026640
0.026598
0.027208
0.026795
0.025902
0.024163
0.022871
0.023079
0.023706
0.025577
0.027868
0.028709
0.028581
0.027373
0.026065
0.024780
0.024074
0.024670
0.024875
0.025665
0.025964
0.026800
0.026760
0.026947
0.026665
0.026296
0.026525
0.026400
0.026370
0.026865
0.026690
0.027322
0.027138
0.026841
0.027485
0.025943
0.024543
0.023530
0.022984
0.023578
0.025368
0.027478
0.029302
0.028363
0.027812
0.026360
0.025261
0.024542
0.024343
0.025232
0.025458
0.026491
0.026523
0.026993
0.026679
0.027080
0.026610
0.026305
0.026782
0.026641
0.026458
0.026984
0.027039
0.027378
0.027424
0.027050
0.026191
0.024314
0.023152
0.023263
0.023780
0.025688
0.027808
0.028854
0.028717
0.027418
0.025930
0.024819
0.024831
0.024622
0.024736
0.025753
0.026006
0.026681
0.027288
0.027007
0.026637
0.026862
0.026449
0.026423
0.026750
0.026601
0.026615
0.027275
0.027053
0.027444
0.026114
0.024703
0.023536
0.023070
0.023456
0.025613
0.027405
0.028553
0.028651
0.028089
0.026365
0.025261
0.024736
0.024418
0.024554
0.025737
0.026639
0.026480
0.027221
0.026985
0.027085
0.026661
0.026451
0.026318
0.026691
0.026676
0.027257
0.027090
0.027049
0.027483
0.027357
0.026285
0.024536
0.023324
0.023459
0.024089
0.025913
0.028045
0.028995
0.028948
0.027737
0.026246
0.025142
0.024421
0.024845
0.025227
0.025943
0.026233
0.027084
0.027050
0.027240
0.026948
0.026578
0.026865
0.026651
0.026520
0.027117
0.026853
0.027568
0.027480
0.027276
0.027578
0.026030
0.024978
0.023686
0.023225
0.023658
0.025621
0.027564
0.029225
0.028730
0.028169
0.026531
0.025259
0.024804
0.024680
0.025271
0.025684
0.026723
0.026619
0.027089
0.026951
0.027265
0.026705
0.026396
0.027054
0.026823
0.026470
0.027257
0.027134
0.027661
0.027349
0.025894
0.024689
0.023465
0.022820
0.023431
0.025246
0.027479
0.029044
0.029187
0.027862
0.026242
0.025127
0.024512
0.024291
0.025098
0.025426
0.026454
0.027094
0.026909
0.027333
0.026914
0.026545
0.026932
0.026788
0.026654
0.026942
0.026991
0.026886
0.027584
0.027227
0.027502
0.027510
0.025963
0.024527
0.023495
0.022910
0.023538
0.025444
0.027499
0.029333
0.029188
0.027755
0.026386
0.025162
0.024458
0.024254
0.025151
0.025469
0.026350
0.027061
0.026965
0.027211
0.026963
0.026599
0.026096
0.026665
0.026530
0.026997
0.026957
0.026762
0.027406
0.027049
0.027674
0.025990
0.024756
0.023595
0.023051
0.023621
0.025452
0.027672
0.028655
0.028663
0.027833
0.026461
0.025352
0.024628
0.024418
0.024812
0.025473
0.026379
0.026665
0.027230
0.026732
0.026361
0.026853
0.026267
0.026063
0.026705
0.026601
0.027093
0.026895
0.026854
0.027377
0.027162
0.025526
0.024245
0.023197
0.023191
0.023131
0.025665
0.027975
0.028749
0.028881
0.027576
0.026143
0.024849
0.024215
0.024731
0.024855
0.025744
0.026036
0.026811
0.026759
0.027050
0.026668
0.026303
0.026584
0.026458
0.026417
0.026836
0.026661
0.027379
0.027199
0.026860
0.026086
0.024270
0.023004
0.023107
0.023619
0.025611
0.027770
0.028546
0.028723
0.027463
0.026524
0.024679
0.024790
0.024561
0.024685
0.025707
0.025954
0.026812
0.027160
0.026968
0.026597
0.026827
0.026521
0.026298
0.027027
0.026661
0.026586
0.027249
0.027024
0.027597
0.025993
0.024829
0.023489
0.023015
0.023408
0.025487
0.027468
0.028530
0.028630
0.028067
0.026604
0.025314
0.024698
0.024557
0.024515
0.025614
0.026700
0.026630
0.027112
0.026875
0.027333
0.026645
0.026338
0.026294
0.026849
0.026661
0.027237
0.027249
0.026945
0.027473
0.025972
0.024756
0.023409
0.022938
0.023451
0.025325
0.027422
0.029136
0.029229
0.027991
0.026274
0.025245
0.024635
0.024317
0.025216
0.025629
0.026404
0.027217
0.027121
0.026900
0.027006
0.026713
0.026333
0.026706
0.026655
0.026388
0.027177
0.026965
0.027537
0.027269
0.027065
0.027725
0.025902
0.024684
0.023536
0.022989
0.023704
0.025489
0.027769
0.029311
0.029381
0.027944
0.026421
0.025377
0.024494
0.024372
0.025366
0.025508
0.026569
0.026625
0.027096
0.026781
0.027006
0.026802
0.026403
0.026795
0.026654
0.026566
0.027060
0.026848
0.027464
0.027420
0.026948
0.026088
0.024367
0.023009
0.023218
0.023677
0.025697
0.027746
0.028765
0.028767
0.027505
0.026559
0.024886
0.024808
0.024508
0.024805
0.025830
0.026091
0.026675
0.027375
0.027008
0.026546
0.026863
0.026626
0.026246
0.026715
0.026789
0.026628
0.027026
0.026975
0.027549
0.027293
0.025652
0.024627
0.023228
0.022684
0.023210
0.025224
0.027190
0.028852
0.028995
0.027751
0.026210
0.024914
0.024368
0.024157
0.024888
0.025304
0.026338
0.026979
0.026795
0.027220
0.026883
0.026425
0.026077
0.026506
0.026458
0.026838
0.026887
0.026774
0.027425
0.027069
0.026054
0.024303
0.023165
0.023100
0.023820
0.025557
0.027894
0.028767
0.028722
0.027593
0.026011
0.024805
0.024276
0.024375
0.024673
0.025569
0.025864
0.026642
0.026422
0.026883
0.026500
0.026131
0.026343
0.026287
0.025956
0.026463
0.026466
0.027189
0.026918
0.025306
0.024164
0.023020
0.022936
0.022892
0.024702
0.026965
0.028633
0.028473
0.027346
0.025904
0.024674
0.023964
0.023896
0.024645
0.025631
0.025927
0.026657
0.026650
0.026948
0.026474
0.026280
0.026496
0.026261
0.026131
0.026907
0.026556
0.026533
0.027182
0.026828
0.025970
0.024039
0.022852
0.023044
0.023563
0.025488
0.027753
0.028717
0.028491
0.027267
0.025939
0.024639
0.023929
0.024522
0.024731
0.025452
0.025926
0.026792
0.026485
0.026768
0.026574
0.026982
0.026317
0.026172
0.026220
0.026820
0.026477
0.027145
0.027096
0.026838
0.025880
0.023964
0.022674
0.022869
0.023354
0.025314
0.027457
0.028527
0.028447
0.027883
0.026410
0.025194
0.024487
0.024345
0.024654
0.025412
0.026417
0.026526
0.027230
0.026772
0.026412
0.026729
0.026334
0.026022
0.026670
0.026569
0.026404
0.026983
0.026941
0.025933
0.024003
0.022903
0.022900
0.023490
0.025309
0.027482
0.028532
0.028578
0.027106
0.025707
0.024567
0.024566
0.024264
0.024370
0.025581
0.025741
0.026516
0.026956
0.026762
0.026121
0.026441
0.026311
0.025997
0.026382
0.026367
0.026292
0.026694
0.026553
0.027131
0.026959
0.026757
0.025710
0.023905
0.022735
0.022856
0.023395
0.025321
0.027411
0.028373
0.028396
0.027063
0.025578
0.024435
0.024369
0.024158
0.024370
0.025313
0.025225
0.025716
0.025886
0.025248
0.024521
0.024486
0.023985
0.023331
0.023418
0.023281
0.022952
0.023251
0.022694
0.022932
0.022448
0.021955
0.020895
0.018835
0.018094
0.018253
0.018826
0.020247
0.022096
0.023043
0.023092
0.021883
0.020626
0.020041
0.019943
0.020407
0.020853
0.021687
0.022035
0.022683
0.022874
0.023217
0.023371
0.023783
0.023965
0.023942
0.024325
0.024795
0.025029
0.025580
0.025779
0.025878
0.025625
0.024611
0.024247
0.024637
0.024936
0.025901
0.027182
0.027554
0.027310
0.027244
0.026514
0.026237
0.026385
0.026588
0.026703
0.027643
0.028429
0.028777
0.029242
0.029530
0.029803
0.030053
0.030268
0.030620
0.031184
0.031349
0.032191
0.032677
0.032863
0.033333
0.032996
0.032264
0.031946
0.031937
0.032221
0.033260
0.034470
0.035096
0.034928
0.034622
0.033983
0.033755
0.033922
0.034101
0.034756
0.035320
0.036123
0.036063
0.036706
0.037010
0.037515
0.037355
0.037669
0.038332
0.038283
0.038602
0.039334
0.039559
0.039914
0.040144
0.039861
0.039064
0.038926
0.038979
0.039491
0.040339
0.041549
0.042383
0.042228
0.041870
0.041192
0.041048
0.041352
0.041378
0.042151
0.042754
0.043510
0.044013
0.044363
0.045000
0.045043
0.044984
0.045178
0.045841
0.045879
0.342307
0.937231
0.934628
0.932998
0.929977
0.926821
0.923639
0.920922
0.919089
0.918455
0.917746
0.916824
0.914559
0.910893
0.907624
0.904340
0.901253
0.898502
0.896568
0.893849
0.891681
0.889144
0.885982
0.882362
0.879516
0.876030
0.872316
0.869290
0.865662
0.862141
0.858964
0.855393
0.852436
0.847666
0.843193
0.839512
0.835645
0.832816
0.830839
0.829308
0.826641
0.823273
0.819383
0.815033
0.810864
0.806854
0.803647
0.800908
0.797863
0.795088
0.791830
0.789171
0.785549
0.782711
0.779047
0.775507
0.772789
0.769373
0.765996
0.763122
0.759819
0.756506
0.753833
0.750453
0.747780
0.744606
0.741703
0.740143
0.738238
0.735345
0.732385
0.728741
0.724534
0.720944
0.717094
0.714135
0.711448
0.708750
0.705925
0.703354
0.700342
0.696783
0.693646
0.690906
0.687945
0.684542
0.681653
0.678943
0.676534
0.672843
0.670065
0.667437
0.664633
0.661223
0.658524
0.655897
0.652507
0.649858
0.647201
0.644505
0.641057
0.638637
0.635942
0.633077
0.629766
0.627262
0.624707
0.621751
0.618547
0.615966
0.613418
0.610768
0.607436
0.604893
0.602207
0.598888
0.596377
0.593618
0.590961
0.587703
0.585169
0.582539
0.579949
0.576573
0.574056
0.571384
0.568934
0.565536
0.563037
0.560375
0.557796
0.554467
0.551970
0.549391
0.546783
0.543275
0.540853
0.538195
0.534831
0.532286
0.529712
0.527057
0.523856
0.521146
0.518565
0.516159
0.512714
0.510196
0.507619
0.505058
0.501687
0.499036
0.496696
0.494036
0.490768
0.488152
0.485514
0.482185
0.479688
0.477206
0.474553
0.471451
0.468686
0.466288
0.463867
0.460283
0.457814
0.455203
0.452546
0.449432
0.446865
0.444369
0.441714
0.438388
0.435997
0.433230
0.430703
0.427667
0.424945
0.422425
0.419190
0.416542
0.414042
0.411558
0.408096
0.405704
0.403105
0.400628
0.397404
0.394769
0.392126
0.389674
0.386391
0.383897
0.381548
0.378895
0.375571
0.373043
0.370539
0.367091
0.364825
0.362180
0.359673
0.356378
0.353793
0.351193
0.348938
0.345449
0.343000
0.340554
0.337729
0.334562
0.332165
0.329571
0.326995
0.323771
0.321237
0.318835
0.316293
0.312938
0.310587
0.307906
0.304783
0.302187
0.299620
0.297092
0.293763
0.291518
0.288754
0.286461
0.283043
0.280479
0.278052
0.275550
0.272391
0.269799
0.267444
0.265005
0.261791
0.259349
0.257029
0.253721
0.251339
0.248924
0.246732
0.243497
0.241275
0.238749
0.236512
0.233458
0.231260
0.228905
0.226578
0.223791
0.221557
0.219196
0.217125
0.214084
0.212048
0.209782
0.207623
0.204745
0.202832
0.200750
0.197785
0.195691
0.193918
0.191753
0.188897
0.186939
0.185175
0.183270
0.180389
0.178498
0.176765
0.174835
0.172101
0.170295
0.168821
0.167088
0.164378
0.162453
0.160878
0.158462
0.156641
0.154906
0.153284
0.151055
0.149367
0.147786
0.146246
0.143880
0.142178
0.140734
0.139221
0.136861
0.135413
0.134053
0.132689
0.130325
0.128972
0.127612
0.126388
0.124184
0.122927
0.121699
0.119628
0.118271
0.117047
0.116079
0.113930
0.112792
0.111718
0.110583
0.108673
0.107428
0.106441
0.105462
0.103613
0.102495
0.101620
0.100643
0.098872
0.098112
0.097133
0.095374
0.094497
0.093895
0.093116
0.091330
0.090777
0.089923
0.089302
0.087751
0.087094
0.086413
0.085896
0.084429
0.083920
0.083509
0.082915
0.081780
0.081243
0.080854
0.080366
0.079313
0.078966
0.078729
0.078394
0.077297
0.076955
0.076719
0.076288
0.075277
0.075066
0.074859
0.074694
0.073418
0.073386
0.073340
0.072210
0.072070
0.071786
0.071938
0.070807
0.070494
0.070512
0.070592
0.069527
0.069441
0.069373
0.069163
0.068320
0.068287
0.068230
0.068170
0.067327
0.067154
0.067188
0.067085
0.066289
0.066304
0.066351
0.065293
0.065280
0.065388
0.065504
0.064557
0.064547
0.064485
0.064625
0.063999
0.063802
0.063967
0.063932
0.063118
0.063056
0.063238
0.063296
0.062456
0.062317
0.062642
0.062742
0.061888
0.062034
0.062030
0.061239
0.061345
0.061398
0.061669
0.060847
0.060905
0.060901
0.061068
0.060244
0.060471
0.060651
0.060806
0.060009
0.059992
0.060215
0.060192
0.059473
0.059566
0.059816
0.059051
0.059222
0.059315
0.059402
0.058591
0.058817
0.058989
0.059080
0.058342
0.058430
0.058740
0.058921
0.058020
0.058202
0.058462
0.058601
0.057788
0.058151
0.058242
0.058423
0.057706
0.057855
0.058036
0.057285
0.057376
0.057646
0.057815
0.057019
0.057330
0.057421
0.057511
0.056806
0.057246
0.057337
0.057501
0.056842
0.057114
0.057205
0.057296
0.056676
0.056857
0.057038
0.056335
0.056554
0.056645
0.056732
0.056390
0.056477
0.056477
0.056658
0.056229
0.056256
0.056333
0.056695
0.056083
0.056252
0.056342
0.056614
0.056003
0.056263
0.056354
0.055609
0.055879
0.056139
0.056411
0.055526
0.055967
0.056136
0.056406
0.055614
0.055886
0.056110
0.056249
0.055544
0.055725
0.056067
0.056249
0.055544
0.055816
0.055989
0.056261
0.055558
0.055828
0.056078
0.055332
0.055514
0.055787
0.056142
0.055257
0.055529
0.055607
0.055875
0.055264
0.055525
0.055616
0.055707
0.055189
0.055525
0.055616
0.053940
0.053767
0.052563
0.051202
0.050831
0.050627
0.050527
0.051308
0.051010
0.051330
0.050320
0.049487
0.048557
0.048675
0.047841
0.047417
0.046808
0.047052
0.046597
0.046814
0.046271
0.045616
0.045746
0.045042
0.044246
0.044752
0.044243
0.044442
0.043736
0.043225
0.043538
0.042995
0.042216
0.042704
0.042161
0.041474
0.041799
0.041267
0.041528
0.041075
0.040543
0.040711
0.040259
0.039751
0.039985
0.039544
0.039985
0.039442
0.038910
0.039261
0.038718
0.038303
0.038718
0.038085
0.037579
0.037994
0.037463
0.037904
0.037451
0.037100
0.037360
0.036908
0.036402
0.036727
0.036377
0.036727
0.036366
0.035834
0.036366
0.035914
0.035318
0.035914
0.035371
0.035823
0.035281
0.035021
0.035281
0.035010
0.034479
0.035010
0.034558
0.034143
0.034558
0.034208
0.034558
0.034287
0.033666
0.034287
0.033745
0.033511
0.033745
0.033655
0.033835
0.033655
0.033034
0.033655
0.033113
0.032853
0.033294
0.033023
0.032427
0.033023
0.032492
0.033023
0.032842
0.032221
0.032842
0.032481
0.031976
0.032481
0.032210
0.032481
0.032210
0.031680
0.032210
0.032030
0.031525
0.032210
0.031759
0.031344
0.031759
0.031409
0.031849
0.031488
0.031409
0.031669
0.031488
0.030893
0.031488
0.031138
0.031488
0.031488
0.030687
0.031488
0.031127
0.030623
0.031308
0.030766
0.030623
0.030766
0.030687
0.031218
0.030766
0.030507
0.030766
0.030766
0.030262
0.030766
0.030507
0.030766
0.030766
0.030056
0.030766
0.030496
0.029901
0.030766
0.030135
0.030766
0.030496
0.029966
0.030766
0.030135
0.029966
0.030496
0.030135
0.029901
0.030135
0.029966
0.030496
0.030135
0.029966
0.030135
0.030045
0.029721
0.030135
0.030045
0.030315
0.030045
0.029876
0.030135
0.030045
0.029605
0.030135
0.029955
0.029360
0.030045
0.029695
0.030135
0.029955
0.029515
0.030045
0.029865
0.029270
0.030045
0.029774
0.030135
0.029955
0.029425
0.030045
0.029865
0.029270
0.029955
0.029774
0.029270
0.029955
0.029425
0.030045
0.029865
0.029425
0.029955
0.029684
0.029270
0.029955
0.029594
0.030045
0.029865
0.029425
0.029955
0.029684
0.029270
0.029955
0.027999
0.026479
0.025040
0.024229
0.024683
0.026916
0.029506
0.031450
0.031369
0.030015
0.028432
0.027175
0.026437
0.026218
0.026914
0.027210
0.028064
0.028728
0.028601
0.028301
0.028429
0.028070
0.027776
0.028062
0.027930
0.027756
0.028177
0.028140
0.028792
0.028265
0.028075
0.027038
0.024532
0.023368
0.023332
0.023930
0.026034
0.028811
0.029706
0.029636
0.028372
0.027543
0.026392
0.025713
0.025404
0.025324
0.026508
0.027434
0.027504
0.027991
0.027667
0.027136
0.027620
0.027137
0.026833
0.027317
0.027207
0.027050
0.027618
0.027383
0.027923
0.027618
0.025723
0.024279
0.022904
0.022300
0.022636
0.025004
0.027519
0.029360
0.029544
0.028082
0.026486
0.025332
0.024554
0.024346
0.025211
0.025346
0.026358
0.027132
0.026988
0.027474
0.026916
0.026541
0.027011
0.026724
0.026489
0.027100
0.027008
0.026637
0.027277
0.027187
0.025978
0.023544
0.022469
0.022329
0.022945
0.025162
0.027875
0.029048
0.028867
0.027480
0.025967
0.024898
0.024045
0.024674
0.024783
0.025616
0.026027
0.026803
0.026659
0.026934
0.026585
0.026143
0.026777
0.026299
0.026091
0.026766
0.026585
0.027242
0.026945
0.026789
0.025546
0.023295
0.021957
0.022081
0.022631
0.024864
0.027662
0.028837
0.028642
0.028022
0.026574
0.025408
0.024729
0.024333
0.024546
0.025472
0.026458
0.026395
0.027110
0.026874
0.026289
0.026657
0.026352
0.025886
0.026514
0.026495
0.026199
0.026819
0.026624
0.027305
0.025392
0.023650
0.022631
0.021700
0.022327
0.024388
0.027268
0.029310
0.028319
0.027665
0.026254
0.025259
0.024237
0.024092
0.025049
0.025112
0.026074
0.026226
0.026714
0.026294
0.026774
0.026394
0.025849
0.026483
0.026339
0.026174
0.026682
0.026501
0.026377
0.025139
0.023622
0.022454
0.021646
0.022182
0.024512
0.027225
0.028316
0.028187
0.027551
0.026183
0.024887
0.024022
0.023914
0.023998
0.025022
0.025984
0.026136
0.026714
0.026294
0.025749
0.026247
0.025759
0.025366
0.026101
0.025904
0.026625
0.026373
0.026320
0.026769
0.024897
0.023240
0.022060
0.021303
0.021861
0.024026
0.026812
0.028818
0.028046
0.027226
0.025854
0.024587
0.023923
0.023600
0.024505
0.024766
0.025638
0.025790
0.026401
0.026128
0.026411
0.025940
0.025634
0.026029
0.025885
0.025738
0.026408
0.026155
0.026769
0.026499
0.026245
0.025133
0.022796
0.021419
0.021570
0.022106
0.024573
0.027169
0.028256
0.028226
0.026839
0.025105
0.024013
0.024335
0.023958
0.024009
0.025036
0.025189
0.025970
0.026671
0.026433
0.025834
0.026210
0.025885
0.025628
0.026245
0.026047
0.025830
0.026463
0.026282
0.026769
0.024930
0.023401
0.022058
0.021304
0.021860
0.024284
0.026985
0.028075
0.028115
0.027406
0.025764
0.024766
0.023923
0.023779
0.023680
0.024856
0.025908
0.025880
0.026491
0.026128
0.026501
0.026030
0.025683
0.025385
0.026065
0.025828
0.026498
0.026424
0.024339
0.022875
0.021672
0.021691
0.021632
0.024464
0.026494
0.028397
0.028381
0.026804
0.025465
0.024282
0.023507
0.024065
0.024368
0.025235
0.025458
0.026330
0.026258
0.026433
0.026104
0.025747
0.026173
0.025759
0.025665
0.026407
0.026099
0.025910
0.026641
0.024606
0.023109
0.021876
0.021263
0.021704
0.024017
0.026694
0.028779
0.028833
0.027094
0.025730
0.024461
0.023865
0.023416
0.024547
0.024676
0.025728
0.026420
0.026457
0.026793
0.026501
0.025901
0.025709
0.026208
0.025844
0.026587
0.026459
0.026335
0.026821
0.025055
0.023288
0.022229
0.021530
0.022060
0.024376
0.027056
0.028869
0.028186
0.027636
0.025909
0.024822
0.024130
0.023861
0.024668
0.024981
0.025947
0.026089
0.026680
0.026259
0.026630
0.026298
0.025829
0.026334
0.026150
0.026044
0.026676
0.026462
0.027077
0.025171
0.023727
0.022342
0.021789
0.022182
0.024692
0.027219
0.028400
0.028438
0.027690
0.026129
0.024912
0.024309
0.024130
0.024804
0.025161
0.026307
0.026281
0.026770
0.026439
0.026990
0.026388
0.026078
0.025774
0.026509
0.026224
0.026766
0.026822
0.024728
0.023215
0.022047
0.022250
0.021932
0.025061
0.026846
0.028929
0.028976
0.027400
0.025769
0.024647
0.024179
0.024452
0.024578
0.025700
0.025844
0.026642
0.026481
0.027069
0.026503
0.025958
0.026568
0.026203
0.025880
0.026583
0.026496
0.027092
0.026769
0.026769
0.027182
0.025101
0.023527
0.022560
0.021717
0.022271
0.024467
0.027233
0.029325
0.028450
0.027501
0.026189
0.024808
0.024096
0.023912
0.024829
0.025040
0.025934
0.026077
0.026668
0.026246
0.026669
0.026194
0.331697
0.333001
0.333622
0.334330
0.359611
0.359977
0.453913
0.452770
0.451884
0.450827
0.449745
0.448505
0.447173
0.445722
0.444375
0.442712
0.441238
0.439593
0.438087
0.436496
0.404398
0.402549
0.400733
0.398608
0.396624
0.394496
0.392048
0.389931
0.387408
0.385057
0.382712
0.379559
0.375960
0.407794
0.403495
0.399334
0.395072
0.390852
0.386962
0.382334
0.378219
0.374091
0.369602
0.365242
0.360585
0.356190
0.351919
0.347087
0.342863
0.338206
0.333251
0.328786
0.324184
0.319345
0.314786
0.310020
0.305377
0.300710
0.295747
0.291150
0.286575
0.281723
0.277162
0.272482
0.268026
0.263518
0.259079
0.254728
0.250338
0.245937
0.241697
0.237737
0.233418
0.229581
0.225353
0.221428
0.217803
0.213717
0.209928
0.206340
0.202552
0.199238
0.195265
0.192019
0.188585
0.185251
0.181952
0.178739
0.175642
0.172512
0.169283
0.166251
0.163456
0.160523
0.157642
0.155007
0.152049
0.149464
0.146838
0.144187
0.141767
0.139027
0.136719
0.134423
0.131857
0.129536
0.127301
0.125085
0.123954
0.122489
0.120712
0.118859
0.116868
0.114470
0.112331
0.110494
0.108708
0.107044
0.105579
0.103499
0.101523
0.099551
0.097650
0.095560
0.093901
0.091942
0.090202
0.088823
0.087083
0.085588
0.084075
0.082517
0.081082
0.079542
0.077876
0.076734
0.075295
0.074021
0.072641
0.071280
0.069830
0.068570
0.067468
0.066444
0.065177
0.064111
0.063059
0.061815
0.060871
0.060199
0.059755
0.059311
0.058382
0.057405
0.056224
0.054395
0.053465
0.052577
0.051898
0.051567
0.050974
0.050308
0.049384
0.048776
0.047950
0.047224
0.046573
0.046009
0.045350
0.044803
0.044108
0.043629
0.043239
0.042692
0.042167
0.041659
0.041434
0.040881
0.040429
0.040123
0.039447
0.039440
0.039306
0.038910
0.038589
0.038584
0.038229
0.038494
0.037667
0.037220
0.036483
0.035673
0.035371
0.034835
0.034868
0.034463
0.034391
0.034153
0.034090
0.033906
0.033644
0.033271
0.032797
0.032145
0.031865
0.031503
0.031601
0.031780
0.032564
0.033703
0.034365
0.034288
0.033201
0.032575
0.031186
0.031321
0.031022
0.031432
0.032056
0.032969
0.033103
0.033644
0.033194
0.032761
0.033176
0.032762
0.032697
0.031920
0.030261
0.029620
0.029861
0.030288
0.031922
0.033897
0.034895
0.034890
0.033697
0.033108
0.031804
0.031222
0.030111
0.029339
0.028883
0.029388
0.031430
0.033618
0.034880
0.035037
0.034526
0.033133
0.031954
0.031286
0.031047
0.031390
0.032196
0.032540
0.033422
0.033951
0.033637
0.033471
0.033826
0.033644
0.033588
0.034037
0.033959
0.033871
0.034429
0.034479
0.035091
0.034924
0.034848
0.035384
0.035172
0.035140
0.035689
0.035452
0.036044
0.036060
0.035860
0.036426
0.036185
0.036118
0.035599
0.034239
0.033822
0.034236
0.034950
0.036590
0.038575
0.039279
0.039399
0.039040
0.038046
0.037277
0.036960
0.037031
0.037269
0.038045
0.038849
0.038983
0.039503
0.039335
0.038767
0.039308
0.038868
0.038924
0.038418
0.036762
0.036150
0.036559
0.036855
0.038230
0.040101
0.040897
0.040348
0.039302
0.037878
0.036995
0.036766
0.035899
0.035350
0.034634
0.035178
0.036741
0.038678
0.039772
0.039664
0.039067
0.038068
0.037129
0.036612
0.036553
0.036694
0.037452
0.038244
0.038342
0.038876
0.038637
0.038213
0.038662
0.038493
0.038196
0.038564
0.038498
0.038478
0.038968
0.038991
0.039350
0.038242
0.037301
0.036646
0.036429
0.037062
0.038839
0.040307
0.041056
0.040927
0.040291
0.039274
0.038242
0.037942
0.037120
0.036620
0.036143
0.036926
0.038746
0.040507
0.041522
0.041604
0.041097
0.039834
0.038996
0.038777
0.038664
0.038979
0.039672
0.040456
0.040638
0.041049
0.041009
0.041279
0.041133
0.040762
0.040714
0.041099
0.040790
0.041551
0.041440
0.041197
0.041639
0.041462
0.040929
0.039711
0.038912
0.039343
0.039862
0.041470
0.043247
0.043960
0.043769
0.042523
0.041292
0.040727
0.040255
0.039908
0.039053
0.039091
0.039226
0.040603
0.042469
0.043996
0.044031
0.042871
0.041831
0.041048
0.040639
0.041208
0.041205
0.042028
0.042193
0.042726
0.042740
0.043182
0.042800
0.042422
0.042778
0.041652
0.040982
0.040467
0.040354
0.040877
0.042177
0.043825
0.044981
0.044812
0.043761
0.042729
0.041951
0.041791
0.041716
0.042275
0.042388
0.043086
0.043790
0.043842
0.043483
0.043784
0.043538
0.043594
0.043729
0.043614
0.043581
0.044041
0.043058
0.042581
0.042092
0.041991
0.042284
0.043519
0.045055
0.046095
0.045950
0.044903
0.044146
0.043793
0.043487
0.043406
0.043242
0.043015
0.042597
0.043509
0.044658
0.045993
0.046230
0.045666
0.045530
0.044992
0.044582
0.044300
0.044425
0.044835
0.045042
0.045538
0.045312
0.045656
0.045385
0.045505
0.045483
0.044598
0.044254
0.043824
0.043564
0.043619
0.044590
0.045855
0.046602
0.046512
0.045594
0.044729
0.044136
0.043757
0.043666
0.044002
0.044043
0.044552
0.044909
0.044647
0.044850
0.044593
0.044456
0.044195
0.043730
0.043043
0.042680
0.042668
0.042953
0.043934
0.044908
0.045137
0.045084
0.044674
0.043941
0.043635
0.043051
0.043093
0.043290
0.043493
0.043782
0.043980
0.044214
0.043948
0.043843
0.043948
0.043518
0.043506
0.043148
0.042297
0.041804
0.042006
0.042144
0.043137
0.043996
0.044371
0.044256
0.043900
0.043022
0.042739
0.042322
0.042237
0.042138
0.042701
0.043162
0.043189
0.043424
0.043297
0.043011
0.042988
0.042765
0.042674
0.042323
0.041637
0.041092
0.041279
0.041587
0.042264
0.043308
0.043631
0.043368
0.042985
0.042265
0.041720
0.041368
0.041287
0.041123
0.041492
0.042002
0.041962
0.042118
0.041874
0.041736
0.041762
0.041364
0.041491
0.041149
0.040274
0.039785
0.039775
0.039974
0.040808
0.041724
0.042160
0.042055
0.041538
0.040826
0.040338
0.039901
0.039815
0.039657
0.040215
0.040652
0.040581
0.040777
0.040524
0.040580
0.040464
0.040165
0.040046
0.040297
0.040085
0.039844
0.038861
0.038447
0.038222
0.038637
0.039552
0.040419
0.040799
0.040837
0.039846
0.038988
0.038668
0.038497
0.038425
0.038425
0.038727
0.038751
0.039001
0.039096
0.039031
0.038617
0.038757
0.038550
0.038333
0.038425
0.038307
0.038141
0.038179
0.037415
0.036934
0.036366
0.036047
0.036300
0.037041
0.037935
0.038643
0.038481
0.037588
0.036730
0.036072
0.035613
0.035463
0.035710
0.035946
0.036279
0.036576
0.036310
0.036134
0.036069
0.035871
0.035546
0.035759
0.034990
0.034333
0.033986
0.033940
0.034114
0.034727
0.035864
0.036403
0.036241
0.035415
0.034528
0.033955
0.033648
0.033524
0.033843
0.033979
0.034247
0.034518
0.034519
0.034210
0.034336
0.033905
0.033842
0.033933
0.033769
0.033710
0.033897
0.033714
0.033220
0.032412
0.032093
0.032233
0.032419
0.033186
0.034096
0.034460
0.034337
0.033453
0.032547
0.032205
0.031611
0.031874
0.031825
0.032029
0.032051
0.032447
0.032468
0.032240
0.032009
0.032082
0.031854
0.031142
0.030423
0.030059
0.030138
0.030231
0.031018
0.032274
0.033084
0.032968
0.032071
0.031111
0.030472
0.030272
0.030070
0.030508
0.030604
0.031060
0.031315
0.031270
0.031368
0.031094
0.030724
0.030582
0.030876
0.030682
0.030971
0.030932
0.030302
0.029316
0.028883
0.029063
0.029186
0.030414
0.031447
0.032505
0.032223
0.031091
0.030392
0.029648
0.029357
0.029515
0.029579
0.030092
0.030179
0.030684
0.030540
0.030611
0.030388
0.030026
0.030146
0.029981
0.029712
0.030048
0.030013
0.029731
0.029265
0.028312
0.027532
0.027132
0.027460
0.028707
0.030554
0.031229
0.031213
0.030752
0.029554
0.028980
0.028585
0.028398
0.028619
0.029481
0.030582
0.030770
0.031385
0.031322
0.031030
0.031663
0.031611
0.031527
0.032247
0.031108
0.030190
0.029456
0.029330
0.029712
0.031533
0.033630
0.035344
0.035319
0.033840
0.032694
0.031746
0.031280
0.031281
0.031992
0.032363
0.033138
0.033757
0.033617
0.033984
0.033669
0.033410
0.033063
0.033406
0.033329
0.033637
0.033633
0.033527
0.033936
0.032782
0.031431
0.030760
0.030415
0.030570
0.032053
0.033785
0.034951
0.034159
0.033568
0.032367
0.031410
0.030707
0.030377
0.030935
0.031040
0.031574
0.031399
0.031600
0.031187
0.031346
0.030848
0.030466
0.030638
0.029331
0.028153
0.027270
0.026873
0.027106
0.028615
0.030293
0.031601
0.031192
0.030045
0.028393
0.027496
0.026818
0.026538
0.026925
0.026975
0.027552
0.028057
0.027722
0.027507
0.027563
0.027118
0.026928
0.027158
0.026869
0.026752
0.027222
0.026981
0.027315
0.026067
0.025143
0.024691
0.024380
0.024719
0.025907
0.027510
0.028136
0.028191
0.027457
0.026221
0.025406
0.024791
0.024904
0.025394
0.025284
0.026130
0.026211
0.026492
0.026127
0.026467
0.026228
0.025814
0.026081
0.025058
0.024200
0.023492
0.023441
0.023802
0.024969
0.026793
0.027962
0.027380
0.026717
0.025506
0.024630
0.024314
0.024188
0.024747
0.024897
0.025563
0.025499
0.025886
0.025700
0.025846
0.025566
0.025412
0.025722
0.025504
0.025483
0.025986
0.025925
0.025713
0.026198
0.024984
0.023809
0.022883
0.022573
0.023038
0.024614
0.026641
0.028124
0.028073
0.026801
0.025521
0.024443
0.023862
0.023756
0.024551
0.024865
0.025968
0.026692
0.026505
0.026402
0.026861
0.026488
0.026249
0.026884
0.025451
0.024615
0.023799
0.023671
0.024330
0.026272
0.028660
0.030378
0.030399
0.029067
0.027904
0.026929
0.026400
0.026485
0.027520
0.028089
0.028988
0.029914
0.030103
0.030309
0.030285
0.029901
0.029952
0.030574
0.030709
0.030659
0.031598
0.031600
0.032262
0.032121
0.032230
0.031636
0.030106
0.029216
0.029841
0.030334
0.032622
0.035002
0.036020
0.036123
0.035664
0.034339
0.033398
0.033081
0.033011
0.033264
0.034434
0.035454
0.035685
0.036323
0.036243
0.035813
0.036326
0.036165
0.035872
0.036359
0.036419
0.036459
0.036988
0.036729
0.036150
0.034282
0.033239
0.033442
0.034036
0.035846
0.037938
0.038835
0.038677
0.037234
0.035841
0.034645
0.034655
0.034502
0.034482
0.035394
0.035625
0.036469
0.036764
0.036529
0.035987
0.036206
0.035838
0.035511
0.035803
0.035657
0.035411
0.035737
0.035660
0.034743
0.032846
0.031777
0.031781
0.032224
0.033972
0.036010
0.037018
0.036683
0.035341
0.033938
0.032710
0.031843
0.032238
0.032212
0.033116
0.033253
0.034052
0.033731
0.034117
0.033491
0.033027
0.033349
0.033113
0.032815
0.033253
0.031791
0.030528
0.029478
0.029041
0.029465
0.031204
0.033065
0.034651
0.034582
0.032986
0.031535
0.030519
0.029632
0.029399
0.030172
0.030115
0.031045
0.031610
0.031222
0.031400
0.031070
0.030533
0.029997
0.030376
0.030210
0.030559
0.030315
0.029989
0.030128
0.029784
0.030169
0.028499
0.027315
0.025908
0.025574
0.025865
