1.258846
1.258846
1.258846
1.258846
1.258846
1.258846
1.258846
1.258846
1.258806
1.258789
1.258780
1.258773
1.258822
1.258837
1.258862
1.258822
1.258788
1.258730
1.258601
1.258466
1.258352
1.258118
1.257761
1.257218
1.256515
1.255713
1.254735
1.253743
1.252753
1.251769
1.250692
1.249679
1.248692
1.247625
1.246515
1.245340
1.244187
1.242916
1.241755
1.240463
1.239253
1.237959
1.236617
1.235312
1.233796
1.232458
1.230958
1.229588
1.228124
1.226626
1.225214
1.223856
1.222395
1.221105
1.219646
1.218226
1.216900
1.215549
1.214129
1.212767
1.211300
1.209875
1.208482
1.207060
1.205431
1.203962
1.202406
1.200933
1.199487
1.197942
1.196490
1.194804
1.193196
1.191411
1.189442
1.187621
1.185741
1.183836
1.181895
1.180038
1.178046
1.175947
1.173856
1.171734
1.169510
1.167448
1.165321
1.163182
1.161105
1.159025
1.156912
1.154726
1.152538
1.150314
1.148046
1.145784
1.143565
1.141387
1.139144
1.136922
1.134824
1.132535
1.130261
1.128031
1.125769
1.123511
1.121173
1.118820
1.116616
1.114279
1.112135
1.109648
1.107449
1.105023
1.102668
1.100236
1.097793
1.095394
1.093091
1.090698
1.088372
1.085921
1.083414
1.081046
1.078526
1.076122
1.073593
1.071035
1.068600
1.066139
1.063746
1.061188
1.058668
1.056040
1.053466
1.051022
1.048494
1.046021
1.043442
1.040870
1.038228
1.035582
1.033006
1.030358
1.027770
1.025143
1.022548
1.019940
1.017315
1.014557
1.011928
1.009261
1.006534
1.003930
1.001244
0.998656
0.995989
0.993287
0.990570
0.987695
0.985052
0.982306
0.979633
0.976996
0.974309
0.971702
0.969017
0.966473
0.963962
0.961447
0.958972
0.956518
0.954023
0.951473
0.948586
0.945734
0.942690
0.939762
0.936930
0.934090
0.931447
0.928564
0.925887
0.923217
0.920366
0.917506
0.914413
0.911437
0.908395
0.905463
0.902630
0.899924
0.897276
0.894710
0.892175
0.889717
0.887032
0.884309
0.881458
0.878639
0.875991
0.873331
0.870826
0.868375
0.866018
0.863728
0.861214
0.858694
0.855968
0.853318
0.850834
0.848289
0.845878
0.843521
0.841319
0.838979
0.836773
0.834334
0.831848
0.829306
0.826821
0.824401
0.822022
0.819946
0.817798
0.815722
0.813601
0.811364
0.809116
0.806714
0.804326
0.801939
0.799756
0.797503
0.795417
0.793406
0.791333
0.789108
0.786902
0.784626
0.782460
0.780237
0.778092
0.776058
0.774062
0.772008
0.769906
0.767711
0.765456
0.763287
0.761149
0.759069
0.757102
0.755237
0.753408
0.751545
0.749598
0.747579
0.745470
0.743406
0.741392
0.739385
0.737376
0.735438
0.733491
0.731576
0.729745
0.727847
0.725806
0.723796
0.722044
0.720119
0.718312
0.716581
0.714781
0.712893
0.711074
0.709130
0.707265
0.705281
0.703503
0.701643
0.699888
0.698229
0.696445
0.694645
0.692771
0.690818
0.688970
0.687211
0.685463
0.683678
0.681946
0.680241
0.678622
0.676978
0.675311
0.673625
0.671929
0.670358
0.668728
0.667170
0.665484
0.663915
0.662372
0.660850
0.659392
0.657849
0.656328
0.654701
0.653314
0.651766
0.650289
0.648918
0.647479
0.646030
0.644607
0.643214
0.641878
0.640447
0.639211
0.637741
0.636342
0.635069
0.633684
0.632464
0.631170
0.629874
0.628660
0.627349
0.626126
0.624891
0.623700
0.622537
0.621262
0.620053
0.618959
0.617671
0.616524
0.615458
0.614316
0.613222
0.612188
0.611010
0.609885
0.608841
0.607843
0.606644
0.605722
0.604596
0.603549
0.602628
0.601610
0.600494
0.599654
0.598622
0.597741
0.596832
0.595831
0.594834
0.594061
0.592999
0.592236
0.591259
0.590374
0.589577
0.588736
0.587813
0.587003
0.586241
0.585363
0.584589
0.583758
0.583037
0.582276
0.581493
0.580704
0.579977
0.579236
0.578541
0.577768
0.577094
0.576314
0.575630
0.574982
0.574248
0.573605
0.572943
0.572267
0.571614
0.570980
0.570336
0.569706
0.569134
0.568433
0.567912
0.567220
0.566615
0.566063
0.565472
0.564991
0.564313
0.563752
0.563251
0.562687
0.562110
0.561574
0.561081
0.560487
0.559971
0.559522
0.558945
0.558412
0.557984
0.557494
0.557004
0.556492
0.556017
0.555556
0.555188
0.554712
0.554177
0.553703
0.553331
0.552854
0.552399
0.552000
0.551573
0.551179
0.550739
0.550348
0.549924
0.549592
0.549148
0.548731
0.548395
0.548005
0.547673
0.547236
0.546914
0.546644
0.546248
0.545921
0.545603
0.545211
0.544975
0.544686
0.544370
0.544075
0.543777
0.483592
0.483244
0.482954
0.482705
0.482419
0.482136
0.481947
0.481652
0.481463
0.481224
0.481003
0.480768
0.480522
0.480335
0.480113
0.479907
0.479701
0.479481
0.479304
0.479112
0.478874
0.478669
0.478535
0.478323
0.478103
0.477952
0.477800
0.477627
0.477468
0.477248
0.477114
0.476968
0.476746
0.476591
0.476447
0.476347
0.476169
0.476013
0.475852
0.475762
0.475548
0.475436
0.475326
0.475164
0.475000
0.474884
0.474732
0.474659
0.474506
0.474360
0.474280
0.474161
0.474034
0.473867
0.473811
0.473684
0.473541
0.473458
0.473365
0.473222
0.473157
0.473042
0.472924
0.472817
0.472767
0.472662
0.472487
0.472416
0.472386
0.472246
0.317180
0.317109
0.316998
0.316936
0.316849
0.316786
0.316644
0.316527
0.316387
0.316153
0.315924
0.315688
0.315454
0.315181
0.314874
0.314543
0.314240
0.313852
0.313507
0.313203
0.312963
0.312913
0.312880
0.312796
0.312629
0.312280
0.311713
0.311205
0.310395
0.309695
0.308821
0.307743
0.306532
0.305416
0.304172
0.302964
0.301713
0.300596
0.299411
0.298333
0.297179
0.295940
0.294833
0.293677
0.292472
0.291263
0.290092
0.288919
0.287744
0.286715
0.285574
0.284463
0.283420
0.282207
0.281195
0.280109
0.279030
0.278034
0.277086
0.276062
0.274928
0.274015
0.273102
0.272037
0.271154
0.270182
0.269119
0.268141
0.267044
0.265959
0.264945
0.263849
0.262812
0.261581
0.260292
0.258897
0.257377
0.255919
0.254277
0.252755
0.251238
0.249794
0.248385
0.246868
0.245448
0.243950
0.242464
0.240965
0.239463
0.237963
0.236461
0.234998
0.233559
0.232072
0.230632
0.229149
0.227756
0.226298
0.224746
0.223340
0.221878
0.220452
0.219048
0.217580
0.216159
0.214730
0.213328
0.211839
0.210399
0.209088
0.207633
0.206223
0.204770
0.203397
0.202037
0.200518
0.199209
0.197791
0.196334
0.195005
0.193599
0.192249
0.190790
0.189437
0.188114
0.186675
0.185369
0.183950
0.182551
0.181224
0.179835
0.178459
0.177031
0.175717
0.174368
0.172933
0.171579
0.170266
0.168866
0.167545
0.166134
0.164820
0.163439
0.162086
0.160767
0.159412
0.158038
0.156656
0.155309
0.153989
0.152684
0.151292
0.149886
0.148585
0.147257
0.145926
0.144610
0.143193
0.141894
0.140579
0.139192
0.137882
0.136572
0.135237
0.133875
0.132505
0.131211
0.129855
0.128538
0.127221
0.125885
0.124653
0.123184
0.121911
0.120588
0.119275
0.118022
0.116715
0.115419
0.114147
0.112898
0.111638
0.110440
0.109206
0.107990
0.106764
0.105582
0.104379
0.103179
0.102052
0.100898
0.099715
0.098627
0.097549
0.096366
0.095372
0.094266
0.093224
0.092136
0.091108
0.090084
0.089126
0.088095
0.087068
0.086108
0.085133
0.084164
0.083238
0.082317
0.081359
0.080403
0.079515
0.078655
0.077720
0.076840
0.076015
0.075112
0.074294
0.073455
0.072645
0.071826
0.071024
0.070210
0.069436
0.068678
0.067853
0.067086
0.066419
0.065619
0.064847
0.064149
0.063439
0.062727
0.062030
0.061302
0.060664
0.059958
0.059292
0.058659
0.057991
0.057352
0.056708
0.056046
0.055460
0.054859
0.054242
0.053651
0.053035
0.052464
0.051871
0.051352
0.050784
0.050165
0.049687
0.049080
0.048657
0.048105
0.047556
0.047031
0.046531
0.046058
0.045576
0.045083
0.044589
0.044139
0.043712
0.043202
0.042757
0.042279
0.041873
0.041457
0.041030
0.040553
0.040173
0.039780
0.039330
0.038979
0.038553
0.038162
0.037777
0.037386
0.037042
0.036693
0.036310
0.035951
0.035642
0.035264
0.034936
0.034594
0.034273
0.033936
0.033588
0.033267
0.032938
0.032615
0.032295
0.031994
0.031651
0.031356
0.031065
0.030793
0.030495
0.030203
0.029954
0.029707
0.029387
0.029138
0.028868
0.028615
0.028351
0.028136
0.027873
0.027641
0.027365
0.027174
0.026934
0.026657
0.026468
0.026262
0.025991
0.025810
0.025606
0.025339
0.025152
0.024992
0.024708
0.024548
0.024341
0.024138
0.023962
0.023695
0.023603
0.023371
0.023183
0.023012
0.022860
0.022635
0.022544
0.022311
0.022168
0.021988
0.021853
0.021673
0.021550
0.021340
0.021229
0.021028
0.020915
0.020727
0.020608
0.020449
0.020288
0.020185
0.020013
0.019873
0.019749
0.019611
0.019473
0.019349
0.019245
0.019101
0.018975
0.018886
0.018701
0.018620
0.018535
0.018373
0.018290
0.018147
0.018016
0.017983
0.017793
0.017688
0.017670
0.017517
0.017383
0.017358
0.017206
0.017102
0.017033
0.016935
0.016841
0.016738
0.016691
0.016567
0.016483
0.016409
0.016334
0.016225
0.016122
0.016072
0.015956
0.015915
0.015822
0.015744
0.015631
0.015594
0.015555
0.015430
0.015387
0.015319
0.015262
0.015203
0.015106
0.015034
0.014963
0.014946
0.014832
0.014788
0.014712
0.014678
0.014619
0.014546
0.014502
0.014427
0.014376
0.014349
0.014277
0.014217
0.014139
0.014089
0.014068
0.014036
0.013958
0.013906
0.013851
0.013813
0.013792
0.013743
0.013706
0.013639
0.013592
0.013543
0.013504
0.013467
0.013427
0.013370
0.013356
0.013326
0.013273
0.013261
0.013214
0.013172
0.013164
0.013151
0.013151
0.013113
0.013089
0.013089
0.013089
0.013056
0.013056
0.013039
0.013039
0.012993
0.012993
0.012993
0.012993
0.012972
0.012972
0.012956
0.012944
0.012904
0.012904
0.012904
0.012904
0.012904
0.012876
0.012876
0.012876
0.012858
0.012858
0.012837
0.012837
0.012825
0.012825
0.012825
0.012804
0.012804
0.012804
0.012804
0.012804
0.012797
0.012776
0.012776
0.012776
0.012776
0.012776
0.012776
0.012755
0.012755
0.012755
0.012755
0.012755
0.012755
0.012755
0.012735
0.012735
0.012735
0.012735
0.012735
0.012728
0.012728
0.012707
0.012707
0.012707
0.012707
0.012707
0.012707
0.012707
0.012707
0.012707
0.012707
0.012707
0.012707
0.012707
0.012707
0.012707
0.012707
0.012707
0.012707
0.012707
0.012707
0.012707
0.012707
0.012707
0.012707
0.012707
0.012707
0.012707
0.012707
0.012707
0.012707
0.012707
0.012707
0.012707
0.012707
0.012707
0.012707
0.012707
0.012707
0.012707
0.012707
0.012707
0.012707
0.012707
0.012707
0.012707
0.012707
0.012707
0.012707
0.012707
0.012707
0.012707
0.012707
0.012707
0.012707
0.012707
0.012707
0.012707
0.012707
0.012707
0.012707
0.012707
0.012707
0.012707
0.012707
0.012707
0.012707
0.012707
0.012707
0.012707
0.012707
0.012707
0.012707
0.012707
0.012707
0.012707
0.012707
0.012707
0.012707
0.012707
0.012707
0.012707
0.012707
0.012707
0.012707
0.012707
0.012707
0.012707
0.012707
0.012707
0.012707
0.012707
0.012707
0.012707
0.012707
0.012707
0.012707
0.012707
0.012707
0.012707
0.012707
0.012707
0.012707
0.012707
0.012707
0.012707
0.012707
0.012707
0.012707
0.012707
0.012707
0.012707
0.012707
0.012707
0.012707
0.012707
0.012707
0.012707
0.012707
0.012707
0.012707
0.012707
0.012707
0.012707
0.012707
0.012707
0.012707
0.012707
0.012707
0.012707
0.012707
0.012707
0.012707
0.012707
0.012707
0.012707
0.012707
0.012707
0.012707
0.012707
0.012707
0.012707
0.012707
0.012707
0.012707
0.012707
0.012707
0.012707
0.012707
0.012707
0.012707
0.012707
0.012707
0.012707
0.012707
0.012707
0.012707
0.012707
0.012707
0.012707
0.012707
0.012707
0.012707
0.012707
0.012707
0.012707
0.012707
0.012707
0.012707
0.012707
0.012707
0.012707
0.012707
0.012707
0.012707
0.012707
0.012707
0.012707
0.012707
0.012707
0.012707
0.012707
0.012707
0.012707
0.012707
0.012707
0.012707
0.012707
0.012707
0.012707
0.012707
0.012707
0.012707
0.012707
0.012707
0.012707
0.012707
0.012707
0.012707
0.012707
0.012707
0.012707
0.012707
0.012707
0.012707
0.012707
0.012707
0.012707
0.012707
0.012707
0.012707
0.012707
0.012707
0.012707
0.012707
0.012707
0.012707
0.012707
0.012707
0.012707
0.012707
0.012707
0.012707
0.012707
0.012707
0.012707
0.012707
0.012707
0.012707
0.012707
0.012707
0.012707
0.012707
0.012707
0.012707
0.012707
0.012707
0.012707
0.012707
0.012707
0.012707
0.012707
0.012707
0.012707
0.012707
0.012707
0.012707
0.012707
0.012707
0.012707
0.012707
0.012707
0.012707
0.012707
0.012707
0.012707
0.012707
0.012707
0.012707
0.012707
0.012707
0.012707
0.012707
0.012707
0.012707
0.012707
0.012707
0.012707
0.012707
0.012707
0.012707
0.012707
0.012707
0.012707
0.012707
0.012707
0.012707
0.012707
0.012707
0.012707
0.012707
0.012707
0.012707
0.012707
0.012707
0.012707
0.012707
0.012707
0.012707
0.012707
0.012707
0.012707
0.012707
0.012707
0.012707
0.012707
0.012707
0.012707
0.012707
0.012707
0.012707
0.012707
0.012707
0.012707
0.012707
0.012707
0.012707
0.012707
0.012707
0.012707
0.012707
0.012707
0.012707
0.012707
0.012707
0.012707
0.012707
0.012707
0.012707
0.012707
0.012707
0.012707
0.012707
0.012707
0.012707
0.012707
0.012707
0.012707
0.012707
0.012707
0.012707
0.012707
0.012707
0.012707
0.012707
0.012707
0.012707
0.012707
0.012707
0.012707
0.012707
0.012707
0.012707
0.012707
0.012707
0.012707
0.012707
0.012707
0.012707
0.012707
0.012707
0.012707
0.012707
0.012707
0.012707
0.012707
0.012707
0.012707
0.012707
0.012707
0.012707
0.012707
0.012707
0.012707
0.012707
0.012707
0.012707
0.012707
0.012707
0.012707
0.012707
0.012707
0.012707
0.012707
0.012707
0.012707
0.012707
0.012707
0.012707
0.012707
0.012707
0.012707
0.012707
0.012707
0.012707
0.012707
0.012707
0.012707
0.012707
0.012707
0.012707
0.012707
0.012707
0.012707
0.012707
0.012707
0.012707
0.012707
0.012707
0.012707
0.012707
0.012707
0.012707
0.012707
0.012707
0.012707
0.012707
0.012707
0.012707
0.012707
0.012707
0.012707
0.012707
0.012707
0.012707
0.012707
0.012707
0.012707
0.012707
0.012707
0.012707
0.012707
0.012707
0.012707
0.012707
0.012707
0.012707
0.012707
0.012707
0.012707
0.012707
0.012707
0.012707
0.012707
0.012707
0.012707
0.012707
0.012707
0.012707
0.012707
0.012707
0.012707
0.012707
0.012707
0.012707
0.012707
0.012707
0.012707
0.012707
0.012707
0.012707
0.012707
0.012707
0.012707
0.012707
0.012707
0.012707
0.012707
0.012707
0.012707
0.012707
0.012707
0.012707
0.012707
0.012707
0.012707
0.012707
0.012707
0.012707
0.012707
0.012707
0.012707
0.012707
0.012707
0.012707
0.012707
0.012707
0.012707
