0.498354
0.498354
0.498354
0.498354
0.498354
0.498354
0.498354
0.498354
0.498354
0.498354
0.498354
0.498354
0.498354
0.498354
0.498354
0.498354
0.498354
0.498354
0.498354
0.498354
0.498354
0.498354
0.498371
0.498283
0.498241
0.498227
0.497717
0.497017
0.495828
0.494211
0.492605
0.490428
0.488397
0.486414
0.484558
0.482562
0.480235
0.477636
0.474754
0.471713
0.468508
0.465229
0.461828
0.458391
0.455052
0.451680
0.448129
0.444543
0.441036
0.437380
0.433528
0.429883
0.426222
0.422495
0.418848
0.415400
0.411737
0.408076
0.404496
0.400881
0.397431
0.393699
0.390179
0.386707
0.383194
0.379695
0.376207
0.372851
0.369267
0.365851
0.362499
0.359109
0.355601
0.352389
0.348997
0.345855
0.342461
0.339102
0.335838
0.332594
0.329411
0.326285
0.322990
0.319890
0.316831
0.313660
0.310553
0.307549
0.304603
0.301618
0.298553
0.295658
0.292798
0.289737
0.287005
0.284147
0.281266
0.278538
0.275725
0.272961
0.270235
0.267441
0.264782
0.262142
0.259442
0.256882
0.254257
0.251606
0.249001
0.246506
0.244048
0.241583
0.239174
0.236602
0.234057
0.231713
0.229454
0.226906
0.224551
0.222164
0.219925
0.217627
0.215340
0.213107
0.210841
0.208735
0.206396
0.204197
0.202053
0.199871
0.197811
0.195590
0.193456
0.191449
0.189329
0.187318
0.185264
0.183306
0.181135
0.179291
0.177346
0.175501
0.173386
0.171438
0.169497
0.167744
0.165783
0.163975
0.162119
0.160326
0.158480
0.156770
0.154924
0.153050
0.151296
0.149723
0.147934
0.146173
0.144485
0.142739
0.141135
0.139553
0.137857
0.136298
0.134659
0.132985
0.131464
0.129789
0.128290
0.126837
0.125272
0.123743
0.122258
0.120752
0.119380
0.117893
0.116413
0.114970
0.113716
0.112130
0.110880
0.109326
0.108055
0.106612
0.105378
0.103930
0.102750
0.101394
0.100155
0.098815
0.097522
0.096385
0.095138
0.093764
0.092679
0.091364
0.090161
0.089018
0.087825
0.086774
0.085492
0.084464
0.083420
0.082147
0.081283
0.080288
0.079000
0.078025
0.077102
0.076049
0.075011
0.074142
0.073065
0.072133
0.071218
0.070322
0.069238
0.068453
0.067471
0.066654
0.065796
0.065006
0.064130
0.063181
0.062371
0.061631
0.060717
0.060003
0.059298
0.058432
0.057638
0.056891
0.056122
0.055437
0.054648
0.053962
0.053278
0.052564
0.051890
0.051288
0.050504
0.049780
0.049257
0.048731
0.047878
0.047282
0.046631
0.046149
0.045426
0.044895
0.044364
0.043700
0.043092
0.042587
0.042040
0.041494
0.040980
0.040475
0.039858
0.039335
0.038828
0.038377
0.037886
0.037390
0.036902
0.036438
0.035915
0.035462
0.034908
0.034500
0.034197
0.033721
0.033236
0.032758
0.032449
0.031874
0.031603
0.031154
0.030848
0.030358
0.030035
0.029655
0.029224
0.028865
0.028440
0.028238
0.027916
0.027377
0.027070
0.026713
0.026504
0.026043
0.025771
0.025494
0.025265
0.024938
0.024664
0.024289
0.023924
0.023677
0.023469
0.023141
0.022863
0.022579
0.022344
0.022146
0.021822
0.021582
0.021336
0.021097
0.020886
0.020678
0.020429
0.020151
0.019966
0.019660
0.019506
0.019313
0.019123
0.018813
0.018740
0.018488
0.018290
0.017960
0.017865
0.017669
0.017489
0.017338
0.017188
0.017021
0.016751
0.016574
0.016403
0.016319
0.016137
0.015995
0.015842
0.015681
0.015565
0.015409
0.015213
0.015082
0.014955
0.014751
0.014643
0.014493
0.014420
0.014311
0.014234
0.014080
0.014042
0.013829
0.013791
0.013698
0.013616
0.013467
0.013419
0.013306
0.013229
0.013151
0.013057
0.012980
0.012920
0.012807
0.012730
0.012631
0.012597
0.012520
0.012513
0.012324
0.012263
0.012194
0.012155
0.012082
0.012005
0.011965
0.011833
0.011794
0.011783
0.011706
0.011622
0.011584
0.011506
0.011486
0.011374
0.011374
0.011335
0.011219
0.011134
0.011134
0.011027
0.011017
0.011017
0.010944
0.010867
0.010867
0.010828
0.010690
0.010656
0.010606
0.010567
0.010567
0.010567
0.010407
0.010407
0.010407
0.010387
0.010348
0.010275
0.010197
0.010158
0.010147
0.010109
0.010109
0.010036
0.010006
0.009929
0.009929
0.009929
0.009880
0.009807
0.009807
0.009807
0.009729
0.009729
0.009691
0.009671
0.009625
0.009586
0.009586
0.009548
0.009548
0.009548
0.009509
0.009509
0.009475
0.009437
0.009437
0.009388
0.009367
0.009367
0.009329
0.009329
0.009295
0.009256
0.009256
0.009245
0.009245
0.009206
0.009206
0.009167
0.009167
0.009167
0.009167
0.009167
0.009129
0.009129
0.009090
0.009090
0.009090
0.009090
0.009090
0.009052
0.009042
0.009042
0.009003
0.009003
0.009003
0.009003
0.009003
0.009003
0.009003
0.009003
0.009003
0.009003
0.009003
0.009003
0.009003
0.009003
0.009003
0.009003
0.009003
0.009003
0.009003
0.009003
0.009003
0.009003
0.009003
0.009003
0.009003
0.009003
0.009003
0.009003
0.009003
0.009003
0.009003
0.009003
0.009003
0.009003
0.009003
0.009003
0.009003
0.009003
0.009003
0.009003
0.009003
0.009003
0.009003
0.009003
0.009003
0.009003
0.009003
0.009003
0.009003
0.009003
0.009003
0.009003
0.009003
0.009003
0.009003
0.009003
0.009003
0.009003
0.009003
0.009003
0.009003
0.009003
0.009003
0.009003
0.009003
0.009003
0.009003
0.009003
0.009003
0.009003
0.009003
0.009003
0.009003
0.009003
0.009003
0.009003
0.009003
0.009003
0.009003
0.009003
0.009003
0.009003
0.009003
0.009003
0.009003
0.009003
0.009003
0.009003
0.009003
0.009003
0.009003
0.009003
0.009003
0.009003
0.009003
0.009003
0.009003
0.009003
0.009003
0.009003
0.009003
0.009003
0.009003
0.009003
0.009003
0.009003
0.009003
0.009003
0.009003
0.009003
0.009003
0.009003
0.009003
0.009003
0.009003
0.009003
0.009003
0.009003
0.009003
0.009003
0.009003
0.009003
0.009003
0.009003
0.009003
0.009003
0.009003
0.009003
0.009003
0.009003
0.009003
0.009003
0.009003
0.009003
0.009003
0.009003
0.009003
0.009003
0.009003
0.009003
0.009003
0.009003
0.009003
0.009003
0.009003
0.009003
0.009003
0.009003
0.009003
0.009003
0.009003
0.009003
0.009003
0.009003
0.009003
0.009003
0.009003
0.009003
0.009003
0.009003
0.009003
0.009003
0.009003
0.009003
0.009003
0.009003
0.009003
0.009003
0.009003
0.009003
0.009003
0.009003
0.009003
0.009003
0.009003
0.009003
0.009003
0.009003
0.009003
0.009003
0.009003
0.009003
0.009003
0.009003
0.009003
0.009003
0.009003
0.009003
0.009003
0.009003
0.009003
0.009003
0.009003
0.009003
0.009003
0.009003
0.009003
0.009003
0.009003
0.009003
0.009003
0.009003
0.009003
0.009003
0.009003
0.009003
0.009003
0.009003
0.009003
0.009003
0.009003
0.009003
0.009003
0.009003
0.009003
0.009003
0.009003
0.009003
0.009003
0.009003
0.009003
0.009003
0.009003
0.009003
0.009003
0.009003
0.009003
0.009003
0.009003
0.009003
0.009003
0.009003
0.009003
0.009003
0.009003
