1.400802
1.315402
1.147462
0.993040
0.888693
0.833334
0.809059
0.799819
0.801552
0.802891
0.802720
0.801883
0.801147
0.800469
0.799936
0.799967
0.800076
0.799797
0.799772
0.799399
0.798801
0.798127
0.797240
0.796263
0.795140
0.793805
0.792357
0.790806
0.788624
0.786799
0.785155
0.783436
0.781663
0.780039
0.778344
0.776740
0.775159
0.773389
0.771690
0.769880
0.768115
0.766373
0.764579
0.762920
0.761152
0.759333
0.757566
0.755931
0.754176
0.752388
0.750781
0.748999
0.747304
0.745863
0.744191
0.742314
0.740709
0.739048
0.737442
0.735756
0.734114
0.732559
0.730925
0.729223
0.727430
0.725706
0.723755
0.721814
0.719932
0.718221
0.716471
0.714576
0.712678
0.710768
0.709269
0.707604
0.705956
0.704455
0.702897
0.701183
0.699690
0.698053
0.696250
0.694801
0.693382
0.691544
0.690133
0.688681
0.686898
0.685452
0.683802
0.682147
0.680607
0.679121
0.677542
0.676130
0.674851
0.673536
0.672292
0.671074
0.669928
0.668603
0.667544
0.666314
0.665364
0.664351
0.663361
0.662235
0.661196
0.660043
0.659035
0.657759
0.656541
0.655305
0.654026
0.652858
0.651717
0.650492
0.649330
0.648281
0.647032
0.645692
0.644433
0.643037
0.641645
0.640215
0.638634
0.637238
0.635678
0.634132
0.632568
0.630994
0.629631
0.628383
0.626996
0.625863
0.624644
0.623716
0.622691
0.621701
0.620785
0.619985
0.618990
0.617914
0.617051
0.616272
0.615203
0.614217
0.613236
0.612191
0.611293
0.610357
0.609430
0.608435
0.607524
0.606635
0.605642
0.604642
0.603688
0.602582
0.601711
0.600739
0.599883
0.598769
0.597878
0.596744
0.595584
0.594470
0.593327
0.592224
0.591241
0.590045
0.589010
0.587932
0.586873
0.585896
0.585052
0.584169
0.583391
0.582500
0.581753
0.580760
0.579787
0.578867
0.578026
0.576926
0.576136
0.575176
0.574183
0.573353
0.572329
0.571304
0.570294
0.569211
0.568241
0.567387
0.566684
0.566015
0.565103
0.564387
0.563607
0.562784
0.561951
0.561010
0.559963
0.558976
0.557955
0.556935
0.555985
0.554801
0.554017
0.552908
0.551906
0.551079
0.549517
0.548721
0.547635
0.546638
0.545969
0.544929
0.543883
0.543218
0.542421
0.541490
0.540838
0.540000
0.539373
0.538880
0.538126
0.537370
0.536711
0.535988
0.535451
0.534547
0.533952
0.533294
0.532387
0.531486
0.530908
0.530221
0.529307
0.528474
0.527923
0.527094
0.526221
0.525477
0.524777
0.524057
0.523374
0.522638
0.521996
0.521212
0.520501
0.519881
0.519027
0.518427
0.517680
0.516755
0.515989
0.515198
0.514003
0.513159
0.512254
0.511290
0.510213
0.509426
0.508534
0.507560
0.506708
0.505841
0.505007
0.504195
0.503582
0.502934
0.502230
0.501594
0.500753
0.500081
0.499389
0.498657
0.497909
0.497038
0.496207
0.495480
0.494608
0.493734
0.492958
0.492017
0.491270
0.490536
0.489967
0.489148
0.488494
0.487738
0.487090
0.486485
0.485898
0.485181
0.484642
0.484074
0.483401
0.482976
0.482388
0.481848
0.481421
0.480630
0.480046
0.479561
0.478877
0.478173
0.477290
0.476638
0.475858
0.475406
0.474537
0.473935
0.473156
0.472427
0.471988
0.471141
0.470473
0.469726
0.469011
0.468207
0.467623
0.466949
0.466263
0.465831
0.465237
0.464714
0.464109
0.463477
0.462779
0.462157
0.461577
0.460949
0.460346
0.459704
0.458977
0.458426
0.457648
0.456800
0.456077
0.455296
0.454350
0.453371
0.452520
0.451712
0.450964
0.450254
0.449580
0.449077
0.448503
0.447890
0.447240
0.446672
0.445992
0.445285
0.444589
0.444077
0.443412
0.442783
0.442146
0.441401
0.440639
0.440065
0.439487
0.438822
0.438241
0.437675
0.437140
0.436496
0.435903
0.435265
0.434720
0.434086
0.433501
0.432760
0.432166
0.431519
0.430941
0.430426
0.429876
0.429320
0.428662
0.428002
0.427501
0.426829
0.426271
0.425459
0.424803
0.424266
0.423414
0.422697
0.421717
0.420907
0.420109
0.419347
0.418428
0.417761
0.417075
0.416338
0.415904
0.415329
0.414707
0.414086
0.413350
0.412786
0.412154
0.411491
0.410869
0.410030
0.409184
0.408469
0.407512
0.406686
0.406029
0.405323
0.404754
0.403931
0.403284
0.402689
0.401957
0.401422
0.400750
0.400054
0.399393
0.398883
0.398322
0.397688
0.397017
0.396443
0.395729
0.394935
0.394333
0.393597
0.392817
0.392111
0.391463
0.390650
0.390025
0.389481
0.388837
0.388251
0.387668
0.387110
0.386510
0.385910
0.385264
0.384548
0.383813
0.383220
0.382640
0.382018
0.381543
0.380978
0.380481
0.379770
0.379270
0.378584
0.377977
0.377383
0.376951
0.376294
0.375639
0.374957
0.374481
0.373840
0.373300
0.372513
0.371883
0.371396
0.370780
0.370261
0.369616
0.369206
0.368735
0.368269
0.367759
0.367035
0.366585
0.366106
0.365574
0.364924
0.364422
0.363964
0.363537
0.363001
0.362460
0.361891
0.361304
0.360749
0.360238
0.359743
0.359153
0.358707
0.358232
0.357676
0.357102
0.356383
0.355715
0.355075
0.354465
0.353752
0.353285
0.352780
0.352378
0.351762
0.351189
0.350570
0.349954
0.349347
0.348584
0.347890
0.347193
0.346483
0.345773
0.345121
0.344440
0.343788
0.343019
0.342477
0.341892
0.341419
0.340955
0.340494
0.340025
0.339594
0.339250
0.338663
0.338133
0.337612
0.337088
0.336531
0.336001
0.335387
0.334787
0.334149
0.333566
0.333006
0.332467
0.332009
0.331495
0.331064
0.330545
0.330023
0.329676
0.329065
0.328622
0.328189
0.327744
0.327237
0.326785
0.326357
0.325860
0.325408
0.325062
0.324390
0.323894
0.323426
0.322938
0.322423
0.321922
0.321416
0.320949
0.320614
0.320226
0.319850
0.319628
0.319179
0.318778
0.318383
0.317865
0.317407
0.317067
0.316657
0.316243
0.315725
0.315225
0.314830
0.314214
0.313704
0.313310
0.312650
0.312134
0.311701
0.311298
0.310800
0.310423
0.309976
0.309615
0.309287
0.309030
0.308595
0.308350
0.308077
0.307622
0.307105
0.306862
0.306541
0.306087
0.305755
0.305292
0.304912
0.304457
0.303964
0.303553
0.303104
0.302757
0.302324
0.301904
0.301546
0.301185
0.300965
0.300548
0.300242
0.299849
0.299445
0.299000
0.298535
0.298316
0.297877
0.297516
0.297158
0.296751
0.296545
0.296291
0.295971
0.295716
0.295376
0.295107
0.294727
0.294526
0.294246
0.293922
0.293606
0.293310
0.293082
0.292836
0.292631
0.292316
0.292055
0.291651
0.291324
0.291070
0.290849
0.290633
0.290357
0.289981
0.289616
0.289290
0.288694
0.288283
0.287888
0.287621
0.287310
0.287034
0.286712
0.286514
0.286333
0.286133
0.285820
0.285618
0.285319
0.285008
0.284811
0.284680
0.284409
0.284184
0.283963
0.283875
0.283753
0.283565
0.283402
0.283253
0.282983
0.282877
0.282784
0.282559
0.282431
0.282316
0.282227
0.282107
0.281972
0.281856
0.281713
0.281569
0.281585
0.281510
0.281456
0.281438
0.281324
0.281419
0.281390
0.281354
0.281271
0.281166
0.281337
0.281243
0.281250
0.281015
0.280966
0.280925
0.280898
0.280769
0.280776
0.280749
0.280697
0.280635
0.280628
0.280619
0.280733
0.280624
0.280598
0.280570
0.280546
0.280636
0.280561
0.280507
0.280698
0.280547
0.280582
0.280554
0.280562
0.280604
0.280583
0.280574
0.280523
0.280518
0.280513
0.280594
0.280638
0.280496
0.280472
0.280428
0.280401
0.280445
0.280379
0.280340
0.280205
0.280187
0.280305
0.280308
0.280357
0.280323
0.280012
0.279810
0.279756
0.279680
0.279637
0.279634
0.279601
0.279619
0.279562
0.279608
0.279476
0.279551
0.279480
0.279488
0.279413
0.279464
0.279486
0.279551
0.279452
0.279407
0.279340
0.279252
0.279169
0.279029
0.278989
0.278960
0.279065
0.279093
0.279031
0.278896
0.278927
0.278872
0.278863
0.278819
0.278860
0.278874
0.278793
0.278842
0.278818
0.278702
0.278592
0.278657
0.278832
0.279029
0.279115
0.279163
0.279211
0.279258
0.279323
0.279302
0.279281
0.279296
0.279323
0.279362
0.279455
0.209388
0.209338
0.209348
0.209310
0.209317
0.209366
0.209328
0.209326
0.209300
0.209256
0.209318
0.209282
0.209333
0.209281
0.209164
0.209130
0.209121
0.209064
0.209058
0.209056
0.209001
0.208981
0.208997
0.208967
0.208966
0.208950
0.208997
0.208912
0.208846
0.208896
0.208850
0.208781
0.208841
0.208837
0.208838
0.208863
0.208860
0.208753
0.208416
0.208303
0.208100
0.208001
0.207981
0.207964
0.208025
0.207880
0.207816
0.207856
0.207752
0.207746
0.207696
0.207555
0.207506
0.207434
0.207530
0.207538
0.207425
0.207341
0.207286
0.207171
0.207124
0.207152
0.207053
0.207019
0.207019
0.207016
0.206917
0.206885
0.206835
0.206716
0.206715
0.206784
0.206702
0.206723
0.206538
0.206528
0.206443
0.206447
0.206343
0.206324
0.206442
0.206470
0.206473
0.206397
0.206318
0.206226
0.206172
0.206266
0.206181
0.206181
0.206215
0.206109
0.206073
0.205996
0.205899
0.205891
0.205783
0.205684
0.205621
0.205606
0.205533
0.205401
0.205313
0.205220
0.205166
0.205023
0.204981
0.204825
0.204718
0.204609
0.204575
0.204469
0.204300
0.204265
0.204161
0.203915
0.203563
0.203310
0.203065
0.202740
0.202697
0.202598
0.202499
0.202305
0.202272
0.201999
0.201954
0.201832
0.201712
0.201206
0.201132
0.200876
0.200682
0.200561
0.200396
0.200228
0.200069
0.199957
0.199983
0.199801
0.199769
0.199570
0.199467
0.199303
0.199161
0.199077
0.199007
0.198938
0.198781
0.198669
0.198633
0.198491
0.198454
0.198366
0.198288
0.198200
0.198075
0.197994
0.197992
0.197832
0.197791
0.197701
0.197564
0.197400
0.197216
0.197176
0.197116
0.196852
0.196802
0.196732
0.196582
0.196453
0.196476
0.196365
0.196390
0.196357
0.196184
0.196073
0.195974
0.195856
0.195741
0.195702
0.195559
0.195487
0.195364
0.195310
0.195226
0.195025
0.194870
0.194722
0.194589
0.194497
0.194351
0.194289
0.194116
0.193922
0.193804
0.193603
0.193402
0.193170
0.193067
0.193001
0.192655
0.192498
0.192262
0.191978
0.191729
0.191527
0.191281
0.190876
0.190565
0.190123
0.189825
0.189410
0.189047
0.188564
0.188233
0.187848
0.187401
0.187119
0.186393
0.185925
0.185367
0.184994
0.184512
0.184059
0.183573
0.183146
0.182547
0.182244
0.181680
0.181273
0.180692
0.180258
0.179884
0.179473
0.178943
0.178505
0.178019
0.177510
0.177102
0.176534
0.175908
0.175385
0.174762
0.174071
0.173434
0.172859
0.172375
0.171809
0.171200
0.170712
0.170289
0.169716
0.169062
0.168518
0.167996
0.167356
0.166911
0.166400
0.165812
0.165358
0.164787
0.164436
0.163844
0.163464
0.162987
0.162372
0.161922
0.161423
0.160900
0.160366
0.159756
0.159164
0.158580
0.157949
0.157176
0.156564
0.156033
0.155344
0.154848
0.154311
0.153640
0.152957
0.152227
0.151530
0.151042
0.150525
0.149972
0.149419
0.148912
0.148302
0.147821
0.147378
0.146828
0.146066
0.145434
0.144799
0.144175
0.143758
0.143166
0.142565
0.142044
0.141426
0.140878
0.140420
0.139821
0.139360
0.138856
0.138290
0.137896
0.137004
0.136536
0.135913
0.135358
0.134919
0.134330
0.133982
0.133340
0.132925
0.132306
0.131807
0.131381
0.130878
0.130380
0.129913
0.129479
0.128823
0.128468
0.127973
0.127489
0.127070
0.126672
0.126243
0.125712
0.125128
0.124704
0.124023
0.123408
0.122786
0.122187
0.121542
0.121008
0.120660
0.120188
0.119715
0.119189
0.118798
0.118188
0.117761
0.117310
0.116799
0.116308
0.115708
0.115337
0.114962
0.114451
0.113949
0.113597
0.113093
0.112619
0.112222
0.111764
0.111324
0.110873
0.110430
0.109990
0.109592
0.109128
0.108756
0.108318
0.107765
0.107476
0.106941
0.106238
0.105578
0.104976
0.104455
0.103799
0.103291
0.102840
0.102323
0.101747
0.101306
0.100721
0.100298
0.099877
0.099351
0.098967
0.098417
0.098071
0.097616
0.097087
0.096663
0.096276
0.095826
0.095330
0.094836
0.094282
0.093898
0.093281
0.092855
0.092197
0.091331
0.090709
0.089994
0.089346
0.088772
0.088289
0.087716
0.087232
0.086628
0.086158
0.085570
0.084997
0.084358
0.083795
0.083149
0.082554
0.081915
0.081442
0.080891
0.080377
0.079983
0.079532
0.078961
0.078635
0.078191
0.077674
0.077292
0.076773
0.076407
0.075794
0.075401
0.075034
0.074582
0.074285
0.073753
0.073324
0.072826
0.072403
0.071876
0.071502
0.071053
0.070709
0.070257
0.069952
0.069448
0.068987
0.068663
0.068340
0.067953
0.067573
0.067377
0.066927
0.066714
0.066318
0.065772
0.065477
0.065159
0.064767
0.064520
0.063885
0.063353
0.062842
0.062254
0.061845
0.061349
0.060946
0.060599
0.060421
0.060027
0.059552
0.059218
0.058871
0.058423
0.058047
0.057618
0.057342
0.057068
0.056673
0.056311
0.056058
0.055584
0.055097
0.054605
0.054182
0.053641
0.053292
0.052814
0.052359
0.051878
0.051451
0.051016
0.050160
0.049526
0.048927
0.048474
0.047917
0.047534
0.047069
0.046719
0.046250
0.045973
0.045655
0.045232
0.044861
0.044509
0.044143
0.043813
0.043507
0.043219
0.042760
0.042533
0.042232
0.041906
0.041475
0.041166
0.040853
0.040561
0.040321
0.039908
0.039627
0.039377
0.039057
0.038885
0.038535
0.038084
0.037748
0.037469
0.037181
0.036894
0.036669
0.036515
0.036292
0.036043
0.035824
0.035492
0.035127
0.035036
0.034786
0.034593
0.034394
0.034197
0.033982
0.033704
0.033452
0.033137
0.032899
0.032666
0.032384
0.032165
0.031984
0.031679
0.031297
0.031023
0.030790
0.030360
0.030159
0.029879
0.029616
0.029413
0.029126
0.028929
0.028616
0.028473
0.028242
0.028093
0.027942
0.027833
0.027818
0.027683
0.027449
0.027295
0.027239
0.027039
0.026777
0.026664
0.026541
0.026237
0.026041
0.025893
0.025839
0.025745
0.025670
0.025181
0.025029
0.024904
0.024742
0.024631
0.024415
0.024323
0.024153
0.024002
0.023856
0.023718
0.023721
0.023527
0.023535
0.023430
0.023339
0.023181
0.023198
0.023185
0.023098
0.023070
0.022996
0.022933
0.022879
0.022742
0.022655
0.022599
0.022481
0.022449
0.022497
0.022289
0.022214
0.022221
0.022068
0.022134
0.021977
0.021833
0.021836
0.021944
0.021816
0.021713
0.021648
0.021484
0.021485
0.021387
0.021470
0.021492
0.021541
0.021561
0.021528
0.021584
0.021458
0.021506
0.021530
0.021469
0.021391
0.021358
0.021287
0.021310
0.021164
0.020996
0.020833
0.020703
0.020634
0.020527
0.020271
0.020095
0.019966
0.019944
0.019694
0.019501
0.019296
0.019267
0.019101
0.019004
0.018879
0.018752
0.018756
0.018580
0.018613
0.018604
0.018460
0.018442
0.018267
0.018261
0.018193
0.018131
0.017963
0.017834
0.017733
0.017659
0.017551
0.017152
0.017054
0.016813
0.016781
0.016541
0.016506
0.016378
0.016279
0.016055
0.015910
0.015759
0.015761
0.015600
0.015603
0.015542
0.015393
0.015366
0.015288
0.015038
0.015061
0.014911
0.014805
0.014838
0.014783
0.014707
0.014687
0.014617
0.014406
0.014323
0.014288
0.014170
0.014102
0.014091
0.014046
0.013893
0.013813
0.013699
0.013521
0.013471
0.013376
0.013265
0.013199
0.013167
0.013257
0.013240
0.013200
0.013132
0.013061
0.013007
0.012984
0.013009
0.012937
0.013035
0.013004
0.012903
0.012810
0.012821
0.012765
0.012728
0.012564
0.012458
0.012383
0.012395
0.012351
0.012316
0.012402
0.012352
0.012410
0.012396
0.012332
0.012237
0.012213
0.012131
0.012105
0.012129
0.012082
0.012147
0.012191
0.012151
0.012182
0.012232
0.012125
0.012127
0.012147
0.012164
0.012106
0.012154
0.012170
0.012199
0.012218
0.012207
0.011861
0.011812
0.011641
0.011573
0.011510
0.011595
0.011557
0.011512
0.011500
0.011537
0.011428
0.011390
0.011270
0.011319
0.011390
0.011299
0.011348
0.011348
0.011351
0.011380
0.011391
0.011329
0.011351
0.011236
0.011246
0.011293
0.011236
0.011305
0.011272
0.011363
0.011400
0.011370
0.011387
0.011410
0.011371
0.011331
0.011391
0.011427
0.011459
0.011507
0.011520
0.011566
0.011522
0.011708
0.011659
0.011833
0.011879
0.011958
0.012044
0.012073
0.012071
0.012150
0.012168
0.012124
0.012238
0.012240
0.012261
0.012349
0.012387
0.012346
0.012322
0.012339
0.012361
0.012337
0.012331
0.012279
0.012291
0.012307
0.012253
0.012231
0.012171
0.012155
0.012206
0.012205
0.012145
0.012070
0.012072
0.012078
0.011980
0.011997
0.011978
0.011867
0.011846
0.011872
0.011846
0.011853
0.011774
0.011700
0.011702
0.011675
0.011685
0.011325
0.011290
0.011243
0.011133
0.011060
0.010957
0.010913
0.010777
0.010722
0.010705
0.010645
0.010629
0.010517
0.010439
0.010440
0.010351
0.010307
0.010278
0.010292
0.010245
0.010210
0.010184
0.010187
0.010189
0.010163
0.010034
0.009993
0.009929
0.009977
0.010001
0.009960
0.009921
0.009945
0.009918
0.009845
0.009848
0.009869
0.009855
0.009841
0.009812
0.009810
