0.775554
0.775554
0.775554
0.775554
0.775554
0.775554
0.775554
0.775554
0.775554
0.775517
0.775481
0.775454
0.775349
0.775242
0.775136
0.774949
0.774834
0.774727
0.774660
0.774556
0.774452
0.774305
0.774024
0.773787
0.773498
0.773297
0.773104
0.772994
0.772865
0.772589
0.772355
0.772078
0.771709
0.771369
0.771070
0.770826
0.770600
0.770397
0.770069
0.769877
0.769589
0.769157
0.768868
0.768448
0.768202
0.767955
0.767712
0.767504
0.767146
0.766863
0.766358
0.765882
0.765567
0.765087
0.764930
0.764467
0.764267
0.763751
0.763381
0.763055
0.762374
0.762010
0.761507
0.761253
0.760815
0.760378
0.759901
0.759447
0.758846
0.758396
0.757898
0.757347
0.756907
0.756422
0.756032
0.755460
0.754942
0.754279
0.753593
0.753103
0.752535
0.752028
0.751416
0.750934
0.750412
0.749750
0.749003
0.748358
0.747691
0.747014
0.746370
0.745734
0.745112
0.744376
0.743666
0.742870
0.742119
0.741361
0.740648
0.740011
0.739262
0.738498
0.737664
0.736967
0.735950
0.735092
0.734179
0.733444
0.732576
0.731717
0.730907
0.730002
0.729031
0.728038
0.727012
0.725897
0.724733
0.723901
0.722841
0.721896
0.720935
0.719988
0.718964
0.718036
0.717192
0.716164
0.715213
0.714283
0.713328
0.712272
0.711392
0.710349
0.709277
0.708231
0.707281
0.706125
0.705158
0.704039
0.703070
0.702184
0.701116
0.700151
0.699260
0.698272
0.697337
0.696415
0.695545
0.694523
0.693694
0.692681
0.691848
0.691055
0.690045
0.689266
0.688389
0.687513
0.686720
0.685942
0.685145
0.684278
0.683492
0.682734
0.682008
0.681133
0.680383
0.679639
0.678938
0.678021
0.677377
0.676637
0.675890
0.675227
0.674415
0.673823
0.673101
0.672433
0.671681
0.671050
0.670332
0.669671
0.669059
0.668418
0.667785
0.667122
0.666486
0.665895
0.665238
0.664481
0.664060
0.663416
0.662757
0.662200
0.661606
0.661102
0.660517
0.659965
0.659211
0.658821
0.658196
0.657528
0.657160
0.656593
0.656001
0.655441
0.654933
0.654500
0.653937
0.653430
0.652887
0.652404
0.651908
0.651302
0.650880
0.650398
0.649897
0.649413
0.648997
0.648499
0.647954
0.647585
0.647035
0.646571
0.646150
0.645816
0.645264
0.644809
0.644369
0.643961
0.643526
0.643133
0.642701
0.642185
0.641870
0.641423
0.641002
0.640672
0.640283
0.639851
0.639469
0.639082
0.638753
0.638513
0.638027
0.637733
0.637233
0.637057
0.636759
0.636277
0.636037
0.635679
0.635347
0.635063
0.634668
0.634490
0.634157
0.633844
0.633594
0.633217
0.632917
0.632709
0.632495
0.632168
0.631895
0.631617
0.631369
0.631221
0.630903
0.630676
0.630390
0.630165
0.630030
0.629723
0.629474
0.629284
0.629060
0.628851
0.628656
0.628403
0.628221
0.628055
0.627850
0.627715
0.627457
0.627208
0.627109
0.626966
0.626785
0.626561
0.626381
0.626246
0.626043
0.625945
0.625766
0.625547
0.625401
0.625300
0.625197
0.624956
0.624812
0.624672
0.624534
0.624438
0.624268
0.624195
0.624024
0.623885
0.623823
0.623688
0.623487
0.623416
0.623318
0.623219
0.623091
0.623018
0.622877
0.622745
0.622656
0.622613
0.622502
0.622346
0.622276
0.622177
0.622116
0.622052
0.621958
0.621800
0.621768
0.621674
0.621576
0.621537
0.514803
0.514753
0.514665
0.514589
0.514535
0.514445
0.514346
0.514284
0.514231
0.514139
0.514101
0.514023
0.513985
0.513882
0.513862
0.513801
0.513774
0.513673
0.513635
0.513574
0.513549
0.513488
0.513400
0.513339
0.513314
0.513277
0.513216
0.513203
0.513117
0.513074
0.513051
0.512990
0.512953
0.512917
0.512879
0.512819
0.512796
0.512758
0.512735
0.512685
0.512685
0.512621
0.512562
0.512562
0.512501
0.512501
0.512453
0.512430
0.512392
0.512392
0.512332
0.512332
0.512295
0.512273
0.512224
0.512224
0.512187
0.512164
0.512127
0.512127
0.512127
0.512067
0.512067
0.512030
0.512007
0.511970
0.511970
0.511970
0.511910
0.511910
0.340829
0.340829
0.340829
0.340769
0.340769
0.340769
0.340711
0.340626
0.340531
0.340377
0.340190
0.340003
0.339771
0.339563
0.339373
0.339111
0.338912
0.338674
0.338418
0.338330
0.338289
0.338207
0.338184
0.338171
0.338090
0.337783
0.337516
0.336822
0.336038
0.335296
0.334447
0.333434
0.332368
0.331230
0.329915
0.328461
0.327071
0.325674
0.324236
0.322928
0.321676
0.320247
0.318857
0.317582
0.316164
0.314792
0.313325
0.311951
0.310606
0.309237
0.307823
0.306478
0.305170
0.303780
0.302391
0.301064
0.299746
0.298378
0.297009
0.295703
0.294292
0.293109
0.291696
0.290337
0.289088
0.287700
0.286400
0.285147
0.283709
0.282332
0.280857
0.279348
0.277888
0.276365
0.274982
0.273386
0.271752
0.270192
0.268533
0.266751
0.265160
0.263457
0.261833
0.260270
0.258724
0.257046
0.255434
0.253757
0.252198
0.250548
0.248917
0.247350
0.245726
0.244103
0.242524
0.240945
0.239309
0.237799
0.236157
0.234606
0.233006
0.231450
0.229843
0.228305
0.226708
0.225192
0.223625
0.222053
0.220607
0.219023
0.217508
0.215942
0.214458
0.212850
0.211382
0.209879
0.208335
0.206857
0.205306
0.203560
0.202061
0.200476
0.198976
0.197436
0.195901
0.194396
0.192895
0.191410
0.189861
0.188384
0.186873
0.185400
0.183936
0.182375
0.180939
0.179421
0.177964
0.176479
0.175003
0.173560
0.172062
0.170555
0.169076
0.167589
0.166165
0.164702
0.163159
0.161721
0.160259
0.158871
0.157358
0.155925
0.154456
0.152988
0.151545
0.150089
0.148665
0.147195
0.145748
0.144296
0.142862
0.141398
0.139968
0.138458
0.137070
0.135628
0.134192
0.132791
0.131377
0.129983
0.128585
0.127194
0.125758
0.124333
0.122957
0.121636
0.120245
0.118853
0.117484
0.116127
0.114809
0.113462
0.112165
0.110892
0.109561
0.108334
0.107015
0.105760
0.104574
0.103342
0.102173
0.100903
0.099740
0.098557
0.097393
0.096237
0.095129
0.094022
0.092889
0.091851
0.090777
0.089693
0.088672
0.087606
0.086617
0.085606
0.084581
0.083614
0.082634
0.081645
0.080424
0.079482
0.078466
0.077535
0.076540
0.075693
0.074778
0.073875
0.073004
0.072122
0.071310
0.070463
0.069628
0.068855
0.068043
0.067195
0.066434
0.065695
0.064936
0.064194
0.063467
0.062720
0.062001
0.061317
0.060579
0.059918
0.059276
0.058571
0.057945
0.057274
0.056674
0.055993
0.055346
0.054763
0.054152
0.053527
0.052964
0.052406
0.051786
0.051246
0.050686
0.050134
0.049570
0.049029
0.048486
0.047999
0.047434
0.046936
0.046473
0.046001
0.045611
0.045088
0.044662
0.044218
0.043746
0.043315
0.042904
0.042473
0.042063
0.041629
0.041242
0.040830
0.040410
0.040015
0.039621
0.039196
0.038830
0.038442
0.038101
0.037716
0.037357
0.037027
0.036608
0.036290
0.035965
0.035607
0.035255
0.034937
0.034585
0.034227
0.033933
0.033607
0.033289
0.032952
0.032625
0.032287
0.031984
0.031688
0.031389
0.031086
0.030802
0.030488
0.029996
0.029687
0.029367
0.029049
0.028767
0.028479
0.028205
0.027905
0.027676
0.027448
0.027141
0.026929
0.026696
0.026437
0.026220
0.025979
0.025720
0.025513
0.025316
0.025075
0.024883
0.024631
0.024445
0.024266
0.024008
0.023836
0.023627
0.023473
0.023225
0.023096
0.022885
0.022735
0.022499
0.022372
0.022180
0.022040
0.021833
0.021694
0.021520
0.021376
0.021182
0.021040
0.020846
0.020705
0.020533
0.020400
0.020313
0.020153
0.020100
0.019941
0.019866
0.019700
0.019604
0.019522
0.019416
0.019266
0.019215
0.019030
0.018979
0.018840
0.018699
0.018650
0.018521
0.018398
0.018331
0.018221
0.018064
0.017985
0.017836
0.017786
0.017708
0.017558
0.017492
0.017357
0.017235
0.017168
0.017063
0.016963
0.016895
0.016808
0.016721
0.016618
0.016529
0.016441
0.016358
0.016270
0.016192
0.016064
0.016020
0.015932
0.015829
0.015512
0.015410
0.015280
0.015139
0.015054
0.014969
0.014876
0.014762
0.014718
0.014622
0.014508
0.014465
0.014342
0.014300
0.014223
0.014146
0.014083
0.014017
0.013947
0.013903
0.013806
0.013762
0.013668
0.013624
0.013562
0.013519
0.013419
0.013397
0.013333
0.013272
0.013229
0.013164
0.013119
0.013088
0.013005
0.012963
0.012892
0.012848
0.012826
0.012764
0.012745
0.012667
0.012604
0.012560
0.012520
0.012551
0.012552
0.012567
0.012576
0.012576
0.012535
0.012569
0.012603
0.012603
0.012611
0.012648
0.012630
0.012667
0.012667
0.012655
0.012693
0.012672
0.012672
0.012692
0.012692
0.012692
0.012692
0.012692
0.012711
0.012711
0.012699
0.012680
0.012680
0.012680
0.012680
0.012680
0.012680
0.012680
0.012720
0.012702
0.012702
0.012702
0.012689
0.012689
0.012689
0.012689
0.012689
0.012689
0.012689
0.012689
0.012689
0.012459
0.012423
0.012355
0.012324
0.012294
0.012294
0.012266
0.012240
0.012217
0.012217
0.012198
0.012198
0.012182
0.012182
0.012182
0.012171
0.012171
0.012171
0.012163
0.012163
0.012163
0.012163
0.012163
0.012161
0.012161
0.012161
0.012161
0.012161
0.012161
0.012161
0.012161
0.012161
0.012163
0.012163
0.012163
0.012163
0.012163
0.012163
0.012163
0.012163
0.012163
0.012163
0.012163
0.012163
0.012163
0.012217
0.012240
0.012294
0.012324
0.012355
0.012355
0.012389
0.012423
0.012423
0.012459
0.012496
0.012496
0.012533
0.012533
0.012533
0.012571
0.012571
0.012571
0.012610
0.012610
0.012610
0.012610
0.012610
0.012650
0.012650
0.012650
0.012650
0.012650
0.012650
0.012650
0.012650
0.012650
0.012650
0.012689
0.012689
0.012689
0.012689
0.012689
0.012689
0.012689
0.012689
0.012689
0.012689
0.012689
0.012689
0.012689
0.012459
0.012423
0.012355
0.012324
0.012294
0.012294
0.012266
0.012240
0.012217
0.012217
0.012198
0.012198
0.012182
0.012182
0.012182
0.012171
0.012171
0.012171
0.012163
0.012163
0.012163
0.012163
0.012163
0.012161
0.012161
