0.293333
0.293333
0.293333
0.293333
0.293333
0.293333
0.293333
0.293333
0.293333
0.293333
0.293333
0.293333
0.293333
0.293333
0.293333
0.293333
0.293333
0.293333
0.293333
0.293333
0.293333
0.293333
0.293333
0.293267
0.292956
0.292023
0.290447
0.288094
0.285076
0.281729
0.278516
0.275459
0.272625
0.269817
0.267277
0.264672
0.262090
0.259486
0.256687
0.253778
0.250826
0.247715
0.244978
0.242465
0.240038
0.237972
0.235823
0.233796
0.231795
0.229585
0.227448
0.225266
0.223222
0.221455
0.219931
0.218543
0.217322
0.215791
0.214089
0.212445
0.210682
0.208754
0.206660
0.204649
0.202305
0.200268
0.198153
0.196132
0.194184
0.192312
0.190243
0.188182
0.186291
0.184478
0.182451
0.180550
0.178442
0.176449
0.174293
0.172322
0.170319
0.168408
0.166589
0.164867
0.163097
0.161600
0.160044
0.158353
0.156690
0.155062
0.153450
0.151808
0.150143
0.148259
0.146501
0.144669
0.142756
0.141025
0.139325
0.137662
0.136170
0.134548
0.132904
0.131197
0.129560
0.127885
0.126223
0.124687
0.122954
0.121416
0.119877
0.118357
0.116729
0.115306
0.113717
0.112338
0.110708
0.109272
0.107885
0.106540
0.105147
0.103820
0.102404
0.101099
0.099789
0.098353
0.097170
0.095843
0.094548
0.093398
0.092142
0.090917
0.089747
0.088582
0.087485
0.086350
0.085133
0.084074
0.082965
0.081850
0.080754
0.079666
0.078740
0.077705
0.076560
0.075636
0.074585
0.073604
0.072779
0.071824
0.070823
0.069931
0.069030
0.068074
0.067198
0.066368
0.065396
0.064618
0.063759
0.062867
0.062028
0.061223
0.060533
0.059645
0.058932
0.058092
0.057324
0.056587
0.055909
0.055075
0.054396
0.053715
0.052983
0.052222
0.051671
0.050903
0.050292
0.049624
0.048968
0.048365
0.047637
0.047099
0.046481
0.045818
0.045278
0.044684
0.044102
0.043509
0.042967
0.042407
0.041819
0.041303
0.040733
0.040188
0.039680
0.039180
0.038608
0.038139
0.037595
0.037214
0.251546
0.251025
0.250581
0.250083
0.249763
0.249241
0.248823
0.248424
0.247934
0.247608
0.247195
0.246774
0.246329
0.245885
0.245579
0.245154
0.244804
0.244410
0.244057
0.243704
0.243338
0.242991
0.242603
0.242292
0.242003
0.241609
0.241207
0.240983
0.240669
0.240358
0.239954
0.239707
0.239409
0.239052
0.238718
0.238558
0.238162
0.237817
0.237667
0.237447
0.236996
0.236780
0.236543
0.236291
0.236083
0.235641
0.235479
0.235280
0.235055
0.234733
0.059502
0.059273
0.059025
0.058828
0.058630
0.058278
0.058148
0.057987
0.057814
0.057430
0.057185
0.056973
0.056857
0.056860
0.057057
0.057413
0.057837
0.058463
0.059136
0.059969
0.060842
0.061855
0.062731
0.063659
0.064419
0.064844
0.065118
0.065201
0.065178
0.064877
0.064444
0.064145
0.063596
0.063074
0.062596
0.062172
0.061733
0.061326
0.060826
0.060392
0.059936
0.059448
0.058976
0.058528
0.058079
0.057544
0.057083
0.056659
0.056240
0.055713
0.055302
0.054787
0.054397
0.053980
0.053483
0.053117
0.052607
0.052156
0.051774
0.051395
0.050966
0.050771
0.050326
0.049998
0.049783
0.049481
0.049234
0.049055
0.048721
0.048394
0.048201
0.048051
0.047751
0.047447
0.047171
0.046965
0.046690
0.046379
0.046194
0.045849
0.045616
0.045336
0.045029
0.044837
0.044506
0.044220
0.043932
0.043687
0.043340
0.043078
0.042833
0.042502
0.042205
0.041904
0.041597
0.041275
0.040936
0.040686
0.040391
0.040165
0.039789
0.039470
0.039137
0.038877
0.038565
0.038234
0.037906
0.037665
0.037335
0.037054
0.036722
0.036426
0.036200
0.035963
0.035686
0.035495
0.035135
0.034883
0.034666
0.034428
0.034118
0.033862
0.033599
0.033319
0.033071
0.032867
0.032682
0.032464
0.032234
0.031961
0.031722
0.031459
0.031240
0.031064
0.030843
0.030609
0.030400
0.030141
0.029890
0.029702
0.029537
0.029329
0.029141
0.028911
0.028714
0.028523
0.028285
0.028097
0.027900
0.027707
0.027519
0.027298
0.027101
0.026908
0.026698
0.026528
0.026318
0.026138
0.025946
0.025766
0.025569
0.025386
0.025207
0.025027
0.024834
0.024655
0.024476
0.024292
0.024113
0.023934
0.023772
0.023593
0.023414
0.023234
0.023082
0.022903
0.022723
0.022562
0.022382
0.022221
0.022042
0.021889
0.021728
0.021562
0.021400
0.021239
0.021059
0.020920
0.020779
0.020617
0.020469
0.020319
0.020158
0.020010
0.019878
0.019729
0.019588
0.019469
0.019308
0.019189
0.019048
0.018947
0.018798
0.018666
0.018538
0.018420
0.018305
0.018177
0.018059
0.017935
0.017816
0.017718
0.017617
0.017475
0.017357
0.017276
0.017157
0.017047
0.016948
0.016834
0.016735
0.016634
0.016554
0.016426
0.016345
0.016264
0.016145
0.016064
0.015984
0.015885
0.015804
0.015703
0.015605
0.015524
0.015443
0.015362
0.015282
0.015214
0.015116
0.015035
0.014954
0.014883
0.014802
0.014735
0.014674
0.014593
0.014512
0.014441
0.014394
0.014313
0.014232
0.014171
0.014113
0.014033
0.013972
0.013905
0.013833
0.013772
0.013705
0.013654
0.013591
0.013543
0.013483
0.013411
0.013364
0.013310
0.013250
0.013203
0.013131
0.013084
0.013041
0.012983
0.012922
0.012871
0.012841
0.012770
0.012723
0.012680
0.012642
0.012581
0.012561
0.012501
0.012443
0.012400
0.012362
0.012319
0.012281
0.012220
0.012200
0.012153
0.012119
0.012072
0.012021
0.012001
0.011940
0.011920
0.011873
0.011839
0.011812
0.011778
0.011740
0.011711
0.011660
0.011630
0.011592
0.011579
0.011532
0.011498
0.011460
0.011431
0.011400
0.011370
0.011350
0.011299
0.011289
0.011251
0.011231
0.011209
0.011171
0.011150
0.011119
0.011090
0.011070
0.011038
0.011009
0.010971
0.010971
0.010928
0.010910
0.010890
0.010870
0.010830
0.010809
0.010809
0.010772
0.010729
0.010729
0.010691
0.010691
0.010648
0.010648
0.010610
0.010610
0.010567
0.010549
0.010529
0.010529
0.010500
0.010469
0.010469
0.010448
0.010431
0.010401
0.010388
0.010368
0.010350
0.010330
0.010320
0.010320
0.010287
0.010269
0.010249
0.010249
0.010240
0.010188
0.010188
0.010188
0.010168
0.010159
0.010141
0.010121
0.010108
0.010087
0.010087
0.010070
0.010040
0.010040
0.010040
0.010027
0.009989
0.009989
0.009989
0.009959
0.009959
0.009959
0.009908
0.009908
0.009908
0.009908
0.009879
0.009879
0.009879
0.009861
0.009841
0.009827
0.009827
0.009827
0.009807
0.009780
0.009780
0.009780
0.009760
0.009760
0.009747
0.009747
0.009747
0.009709
0.009699
0.009699
0.009699
0.009679
0.009679
0.009679
0.009679
0.009648
0.009628
0.009628
0.009628
0.009619
0.009619
0.009619
0.009598
0.009598
0.009598
0.009598
0.009598
0.009598
0.009578
0.009578
0.009578
0.009578
0.009569
0.009569
0.009549
0.009549
0.009549
0.009549
0.009549
0.009549
0.009549
0.009529
0.009529
0.009529
0.009529
0.009529
0.009529
0.009519
0.009499
0.009499
0.009499
0.009499
0.009499
0.009499
0.009499
0.009499
0.009499
0.009499
0.009499
0.009499
0.009499
0.009499
0.009499
0.009499
0.009499
0.009499
0.009499
0.009499
0.009499
0.009499
0.009499
0.009499
0.009499
0.009499
0.009499
0.009499
0.009499
0.009499
0.009499
0.009499
0.009499
0.009499
0.009499
0.009499
0.009499
0.009499
0.009499
0.009499
0.009499
0.009499
0.009499
0.009499
0.009499
0.009499
0.009499
0.009499
0.009499
0.009499
0.009499
0.009499
0.009499
0.009499
0.009499
0.009499
0.009499
0.009499
0.009499
0.009499
0.009499
0.009499
0.009499
0.009499
0.009499
0.009499
0.009499
0.009499
0.009499
0.009499
0.009499
0.009499
0.009499
0.009499
0.009499
0.009499
0.009499
0.009499
0.009499
0.009499
0.009499
0.009499
0.009499
0.009499
0.009499
0.009499
0.009499
0.009499
0.009499
0.009499
0.009499
0.009499
0.009499
0.009499
0.009499
0.009499
0.009499
0.009499
0.009499
0.009499
0.009499
0.009499
0.009499
0.009499
0.009499
0.009499
0.009499
0.009499
0.009499
0.009499
0.009499
0.009499
0.009499
0.009499
0.009499
0.009499
0.009499
0.009499
0.009499
0.009499
0.009499
0.009499
0.009499
0.009499
0.009499
0.009499
0.009499
0.009499
0.009499
0.009499
0.009499
0.009499
0.009499
0.009499
0.009499
0.009499
0.009499
0.009499
0.009499
0.009499
0.009499
0.009499
0.009499
0.009499
0.009499
0.009499
0.009499
0.009499
0.009499
0.009499
0.009499
0.009499
0.009499
0.009499
0.009499
0.009499
0.009499
0.009499
0.009499
0.009499
0.009499
0.009499
0.009499
0.009499
0.009499
0.009499
0.009499
0.009499
0.009499
0.009499
0.009499
0.009499
0.009499
0.009499
0.009499
0.009499
0.009499
0.009499
0.009499
0.009499
0.009499
0.009499
0.009499
0.009499
0.009499
0.009499
0.009499
0.009499
0.009499
0.009499
0.009499
0.009499
0.009499
0.009499
0.009499
0.009499
0.009499
0.009499
0.009499
0.009499
0.009499
0.009499
0.009499
0.009499
0.009499
0.009499
0.009499
0.009499
0.009499
0.009499
0.009499
0.009499
0.009499
0.009499
0.009499
0.009499
0.009499
0.009499
0.009499
0.009499
0.009499
0.009499
0.009499
0.009499
0.009499
0.009499
0.009499
0.009499
0.009499
0.009499
0.009499
0.009499
0.009499
0.009499
0.009499
0.009499
0.009499
0.009499
0.009499
0.009499
0.009499
0.009499
0.009499
0.009499
0.009499
0.009499
0.009499
0.009499
0.009499
0.009499
0.009499
0.009499
0.009499
0.009499
0.009499
0.009499
0.009499
0.009499
0.009499
0.009499
0.009499
0.009499
0.009499
0.009499
0.009499
0.009499
0.009499
0.009499
0.009499
0.009499
0.009499
0.009499
0.009499
0.009499
0.009499
0.009499
0.009499
0.009499
0.009499
0.009499
0.009499
0.009499
0.009499
0.009499
0.009499
0.009499
0.009499
0.009499
0.009499
0.009499
0.009499
0.009499
0.009499
0.009499
0.009499
0.009499
0.009499
0.009499
0.009499
0.009499
0.009499
0.009499
0.009499
