1.348317
1.260166
1.086130
0.925394
0.816788
0.759544
0.734705
0.725371
0.727079
0.728557
0.728514
0.727696
0.726246
0.724546
0.722864
0.721905
0.721554
0.721424
0.721487
0.721275
0.720939
0.719627
0.717910
0.715755
0.713698
0.711732
0.709836
0.708166
0.705936
0.704301
0.702694
0.700692
0.698394
0.696241
0.693994
0.691910
0.689731
0.687770
0.685952
0.684051
0.682184
0.680171
0.677746
0.675407
0.673006
0.670408
0.668004
0.665663
0.663066
0.660486
0.657865
0.655195
0.652686
0.650480
0.648512
0.646750
0.645212
0.643664
0.642094
0.640422
0.638589
0.636587
0.634774
0.632595
0.630230
0.627767
0.625225
0.622701
0.620004
0.617499
0.614987
0.612285
0.609963
0.607436
0.604929
0.602457
0.599862
0.597436
0.594889
0.592271
0.589609
0.587102
0.584570
0.582083
0.579430
0.577013
0.574382
0.571867
0.569388
0.566924
0.564691
0.562549
0.560785
0.559369
0.558058
0.556655
0.554688
0.552580
0.550174
0.547594
0.545003
0.542265
0.539759
0.537201
0.534567
0.532045
0.529358
0.526875
0.524118
0.521495
0.518777
0.516122
0.513487
0.510982
0.508520
0.505883
0.503263
0.500852
0.498343
0.495805
0.493288
0.490631
0.488233
0.485666
0.483213
0.480802
0.478283
0.475796
0.473235
0.470944
0.468365
0.465967
0.463569
0.460976
0.458680
0.456398
0.453929
0.451484
0.449103
0.446822
0.444462
0.442056
0.439663
0.437197
0.434643
0.431980
0.429481
0.426849
0.424400
0.421930
0.419463
0.417019
0.414638
0.412078
0.409562
0.407264
0.404627
0.402348
0.399799
0.397335
0.394820
0.392408
0.389967
0.387475
0.385025
0.382653
0.380127
0.377738
0.375229
0.372810
0.370416
0.367926
0.365438
0.363007
0.360560
0.358243
0.355723
0.353384
0.350891
0.348553
0.346129
0.343731
0.341332
0.338908
0.336521
0.334079
0.331766
0.329402
0.327026
0.324671
0.322400
0.319926
0.317684
0.315419
0.313045
0.310732
0.308484
0.306116
0.303736
0.301384
0.298868
0.296759
0.294412
0.292109
0.289884
0.287681
0.285545
0.283357
0.281097
0.278891
0.276552
0.274287
0.272173
0.270004
0.267714
0.265652
0.263574
0.261583
0.259436
0.257376
0.255442
0.253438
0.251515
0.249396
0.247502
0.245406
0.243510
0.241533
0.239477
0.237617
0.235580
0.233694
0.231836
0.229869
0.228014
0.226051
0.224328
0.222393
0.220489
0.218639
0.216827
0.214884
0.213081
0.211181
0.209359
0.207416
0.205798
0.203919
0.202024
0.200242
0.198441
0.196746
0.194962
0.192988
0.191353
0.189508
0.187755
0.186093
0.184316
0.182405
0.180612
0.178889
0.177142
0.175343
0.173732
0.171910
0.170391
0.168538
0.166821
0.165163
0.163532
0.161686
0.160049
0.158406
0.156673
0.155039
0.153470
0.151747
0.150179
0.148596
0.146793
0.145251
0.143616
0.142062
0.140293
0.138752
0.137198
0.135601
0.134029
0.132555
0.130865
0.129260
0.127733
0.126323
0.124747
0.123207
0.121786
0.120208
0.118734
0.117307
0.115739
0.114282
0.112940
0.111579
0.110029
0.108628
0.107222
0.105806
0.104622
0.103171
0.101778
0.100410
0.099052
0.097843
0.096530
0.095278
0.094101
0.092831
0.091455
0.090436
0.089201
0.088049
0.087008
0.085848
0.084910
0.083802
0.082721
0.081494
0.080543
0.079572
0.078590
0.077583
0.076555
0.075617
0.074820
0.073872
0.072878
0.071935
0.071113
0.070263
0.069475
0.068365
0.067492
0.066574
0.065800
0.064885
0.064105
0.063297
0.062575
0.061760
0.060987
0.060311
0.059529
0.059045
0.058186
0.057428
0.056807
0.056077
0.055401
0.054604
0.054001
0.053336
0.052856
0.052151
0.051553
0.050966
0.050348
0.049680
0.049145
0.048581
0.048001
0.047458
0.046955
0.046362
0.045861
0.045337
0.044823
0.044392
0.043862
0.043338
0.042913
0.042364
0.041947
0.041545
0.041055
0.040666
0.040257
0.039786
0.039253
0.038978
0.038576
0.038072
0.037750
0.037386
0.036912
0.036480
0.036227
0.035805
0.035475
0.035104
0.034743
0.034439
0.034113
0.033683
0.033394
0.033025
0.032628
0.032352
0.032078
0.031725
0.031358
0.031091
0.030724
0.030389
0.029987
0.029680
0.029455
0.029154
0.029020
0.028655
0.028384
0.028099
0.027858
0.027471
0.027186
0.026931
0.026839
0.026705
0.026391
0.026128
0.025834
0.025653
0.025353
0.025168
0.024858
0.024544
0.024360
0.024136
0.024035
0.023851
0.023536
0.023416
0.023149
0.022872
0.022737
0.022576
0.022274
0.022153
0.022024
0.021734
0.021560
0.021238
0.021086
0.020839
0.020797
0.020648
0.020514
0.020438
0.020240
0.019966
0.019762
0.019588
0.019355
0.019306
0.019194
0.019138
0.018971
0.018865
0.018821
0.018570
0.018419
0.018286
0.018170
0.017950
0.017789
0.017679
0.017498
0.017510
0.017322
0.017205
0.016997
0.016835
0.016791
0.016603
0.016541
0.016418
0.016249
0.016105
0.015966
0.015860
0.015753
0.015587
0.015498
0.015307
0.015197
0.015065
0.015017
0.014896
0.014759
0.014652
0.014426
0.014329
0.014280
0.014171
0.014004
0.013815
0.013711
0.013600
0.013408
0.013376
0.013158
0.013058
0.013034
0.012954
0.012846
0.012649
0.012612
0.012462
0.012348
0.012298
0.012243
0.012092
0.012009
0.011980
0.011847
0.011706
0.011654
0.011597
0.011494
0.011374
0.011304
0.011337
0.011187
0.011114
0.011081
0.010983
0.010900
0.010829
0.010783
0.010743
0.010651
0.010659
0.010551
0.010460
0.010464
0.010330
0.010275
0.010238
0.010213
0.010227
0.010093
0.010040
0.010104
0.010056
0.009968
0.009907
0.009928
0.009943
0.009945
0.009991
0.010036
0.009980
0.010006
0.010004
0.009946
0.009971
0.010014
0.010015
0.010054
0.010034
0.010040
0.010002
0.009955
0.010046
0.010059
0.010010
0.010068
0.010068
0.010080
0.010086
0.010037
0.010037
0.010055
0.010091
0.010137
0.010157
0.010151
0.010118
0.010118
0.010138
0.010088
0.010036
0.010036
0.010036
0.009986
0.009986
0.009807
0.009789
0.009768
0.009766
0.017738
0.017738
0.017731
0.017647
0.017555
0.017460
0.017372
0.017262
0.017178
0.017067
0.016957
0.016837
0.016789
0.016679
0.016601
0.016401
0.016291
0.016181
0.016077
0.015998
0.015902
0.015811
0.015672
0.015570
0.015492
0.015340
0.015209
0.015116
0.015031
0.014983
0.014823
0.014762
0.014621
0.014530
0.014482
0.014373
0.014318
0.014208
0.014146
0.014044
0.013935
0.013705
0.013620
0.013549
0.013437
0.013391
0.013306
0.013265
0.013146
0.013098
0.013055
0.013029
0.012968
0.012949
0.012901
0.012823
0.012755
0.012695
0.012646
0.012630
0.012570
0.012521
0.012461
0.012413
0.012398
0.012339
0.012290
0.012242
0.012182
0.012133
0.012133
0.012074
0.012025
0.012013
0.011954
0.011905
0.011857
0.011797
0.011797
0.011749
0.011690
0.011641
0.011593
0.011593
0.011534
0.011486
0.011258
0.011240
0.011161
0.011110
0.011064
0.011064
0.011015
0.010980
0.010980
0.010949
0.010914
0.010914
0.010892
0.010843
0.010843
0.010815
0.010767
0.010767
0.010750
0.010750
0.010693
0.010644
0.010644
0.010630
0.010630
0.010582
0.010574
0.010525
0.010525
0.010476
0.010476
0.010428
0.010421
0.010408
0.010408
0.010360
0.010360
0.010311
0.010311
0.010256
0.010206
0.010207
0.010207
0.010159
0.010159
0.010110
0.009923
0.009905
0.009834
0.009781
0.009735
0.009735
0.009695
0.009758
0.009775
0.009727
0.009744
0.009744
0.009672
0.009672
0.009623
0.009653
0.009653
0.009604
0.009636
0.009686
0.009634
0.009634
0.009584
0.009570
0.009570
0.009570
0.009523
0.009523
0.009523
0.009475
0.009475
0.009475
0.009511
0.009464
0.009461
0.009461
0.009413
0.009413
0.009413
0.009413
0.009366
0.009366
0.009366
0.009366
0.009319
0.009140
0.009122
0.009101
0.009052
0.009055
0.009055
0.009064
0.009031
0.009030
0.009048
0.009071
0.009024
0.009051
0.009051
0.009051
0.009080
0.009034
0.009034
0.009022
0.009022
0.009067
0.009021
0.009021
0.009056
0.009011
0.009011
0.008989
0.008944
0.008944
0.008944
0.008944
0.008944
0.008936
0.008936
0.008945
0.008936
0.008936
0.008936
0.008902
0.008902
0.008902
0.008902
0.008902
0.008902
0.008902
0.008678
0.008660
0.008638
0.008635
0.008637
0.008637
0.008645
0.008616
0.008616
0.008634
0.008656
0.008656
0.008682
0.008636
0.008636
0.008625
0.008625
0.008625
0.008702
0.008702
0.008702
0.008656
0.008656
0.008691
0.008691
0.008691
0.008691
0.008691
0.008691
0.008691
0.008691
0.008691
0.008691
0.008727
0.008727
0.008727
0.008677
0.008677
0.008677
0.008677
0.008727
0.008727
0.008727
0.008727
0.008727
0.008727
0.008498
0.008480
0.008459
0.008456
0.008460
0.008460
0.008518
0.008532
0.008550
0.008500
0.008523
0.008523
0.008549
0.008549
0.008549
0.008578
0.008578
0.008578
0.008661
0.008611
0.008611
0.008611
0.008611
0.008645
0.008645
0.008645
0.008645
0.008645
0.008645
0.008645
0.008619
0.008619
0.008655
0.008655
0.008655
0.008655
0.008655
0.008655
0.008655
0.008655
0.008655
0.008655
0.008655
0.008655
0.008655
0.008474
0.008455
0.008433
0.008430
0.008433
0.008433
0.008440
0.008453
0.008453
0.008405
0.008427
0.008427
0.008453
0.008453
0.008453
0.008482
0.008482
0.008482
0.008514
0.008562
0.008562
0.008562
0.008562
0.008596
0.008548
0.008548
0.008548
0.008548
0.008596
0.008596
0.008596
0.008596
0.008632
0.008632
0.008632
0.008632
0.008632
0.008632
0.008632
0.008632
0.008632
0.008632
0.008632
0.008632
0.008638
0.008459
0.008441
0.008420
0.008418
0.008421
0.008421
0.008430
0.008443
0.008443
0.008462
0.008484
0.008484
0.008511
0.008511
0.008511
0.008540
0.008540
0.008500
0.008533
0.008533
0.008533
0.008533
0.008533
0.008567
0.008567
0.008567
0.008567
0.008567
0.008567
0.008567
0.008567
0.008567
0.008567
0.008603
0.008603
0.008603
0.008603
0.008603
0.008603
0.008603
0.008603
0.008603
0.008603
0.008603
0.008603
0.008603
0.008422
0.008404
0.008382
0.008378
0.008381
0.008381
0.008389
0.008402
0.008420
0.008420
0.008442
0.008442
0.008468
0.008468
0.008468
0.008497
0.008497
0.008497
0.008529
0.008529
0.008529
0.008529
0.008529
0.008563
0.008563
0.008563
0.008563
0.008563
0.008563
0.008563
0.008563
0.008563
0.008599
0.008599
0.008599
0.008599
0.008599
0.008599
0.008599
0.008599
0.008599
0.008599
0.008599
0.008599
0.008599
0.008420
0.008402
0.008381
0.008378
0.008382
0.008382
0.008390
0.008404
0.008404
0.008422
0.008445
0.008445
0.008471
0.008471
0.008471
0.008500
0.008500
0.008500
0.008533
0.008533
0.008533
0.008533
0.008533
0.008567
0.008567
0.008567
0.008567
0.008567
0.008567
0.008567
0.008567
0.008567
0.008567
0.008603
0.008603
0.008603
0.008603
0.008603
0.008603
0.008603
0.008603
0.008603
0.008603
0.008603
0.008603
0.008422
0.008404
0.008382
0.008378
0.008381
0.008381
0.008389
0.008402
0.008402
0.008420
0.008442
0.008442
0.008468
0.008468
0.008468
0.008497
0.008497
0.008497
0.008529
0.008529
0.008529
0.008529
0.008529
0.008563
0.008563
0.008563
0.008563
0.008563
0.008563
0.008563
0.008563
0.008563
0.008563
0.008599
0.008599
0.008599
0.008599
0.008599
0.008599
0.008599
0.008599
0.008599
0.008599
0.008599
0.008599
0.008599
0.008420
0.008402
0.008381
0.008330
0.008334
0.008334
0.008390
0.008404
0.008422
0.008422
0.008445
0.008445
0.008423
0.008423
0.008423
0.008452
0.008452
0.008452
0.008533
0.008533
0.008533
0.008533
0.008485
0.008519
0.008519
0.008519
0.008519
0.008519
0.008519
0.008519
0.008567
0.008568
0.008604
0.008604
0.008604
0.008555
0.008555
0.008555
0.008555
0.008555
0.008604
0.008604
0.008604
0.008604
0.008604
0.008405
0.008387
0.008365
0.008362
0.008382
0.008382
0.008390
0.008403
0.008385
0.008403
0.008425
0.008425
0.008451
0.008451
0.008468
