1.206114
1.099545
0.882846
0.671415
0.518712
0.435140
0.403103
0.395955
0.394533
0.447999
0.444954
0.441441
0.438530
0.434856
0.431972
0.429144
0.425984
0.422760
0.419363
0.416538
0.412900
0.409806
0.406556
0.402837
0.399308
0.396031
0.392558
0.389036
0.385315
0.381688
0.378234
0.374860
0.371301
0.367649
0.364335
0.360554
0.357215
0.353562
0.349980
0.346539
0.343450
0.339858
0.336206
0.332842
0.329155
0.326265
0.322614
0.319010
0.315570
0.311979
0.308599
0.305617
0.302026
0.298614
0.295157
0.291717
0.288306
0.284959
0.281520
0.278274
0.274836
0.271458
0.268299
0.265053
0.261675
0.258269
0.255023
0.251586
0.248451
0.245186
0.241809
0.238433
0.235159
0.231783
0.228590
0.225345
0.221941
0.218696
0.215261
0.212017
0.208916
0.205821
0.202447
0.199175
0.195800
0.192740
0.189574
0.186611
0.183177
0.179935
0.176985
0.173742
0.170612
0.167342
0.164421
0.161421
0.158909
0.155721
0.152971
0.150573
0.147822
0.145315
0.142674
0.140167
0.137656
0.134961
0.132940
0.130435
0.128254
0.126028
0.123787
0.121435
0.119625
0.117401
0.115222
0.113241
0.111435
0.109457
0.107580
0.105607
0.103796
0.102143
0.100165
0.098662
0.096934
0.095000
0.093471
0.091770
0.090241
0.088760
0.087133
0.085604
0.084091
0.082869
0.081463
0.079767
0.078480
0.077199
0.075751
0.074593
0.073125
0.072053
0.070886
0.069601
0.068589
0.067250
0.066025
0.064954
0.063975
0.062757
0.061780
0.060597
0.059619
0.058646
0.057669
0.056598
0.055621
0.054716
0.053818
0.053049
0.052013
0.051283
0.050383
0.049314
0.048826
0.047751
0.046957
0.046310
0.045302
0.044754
0.044266
0.043292
0.042745
0.041831
0.041252
0.040465
0.039732
0.039245
0.038759
0.038042
0.037556
0.036824
0.036279
0.035792
0.035306
0.034788
0.034244
0.033758
0.033272
0.032787
0.032303
0.031759
0.031275
0.030758
0.030274
0.029971
0.029487
0.029003
0.028520
0.028038
0.028038
0.027464
0.026982
0.026738
0.026256
0.026019
0.025479
0.025236
0.024756
0.024519
0.024276
0.023765
0.023765
0.023228
0.022749
0.022749
0.022272
0.022272
0.021795
0.021555
0.021261
0.021021
0.020786
0.020546
0.020280
0.020040
0.019568
0.019568
0.019038
0.019038
0.018805
0.018567
0.018567
0.018098
0.018098
0.017631
0.017631
0.017395
0.017108
0.017108
0.016612
0.016612
0.016378
0.016149
0.016149
0.015916
0.015689
0.015689
0.015457
0.015457
0.015176
0.014945
0.014945
0.014643
0.014414
0.014414
0.014414
0.013964
0.013964
0.013964
0.013964
0.013518
0.013518
0.013518
0.013488
0.013046
0.012992
0.012992
0.012992
0.012771
0.012553
0.012553
0.012553
0.012335
0.012335
0.012120
0.012120
0.012120
0.011905
0.011905
0.011905
0.011905
0.011905
0.011905
0.011694
0.011694
0.011694
0.011694
0.011694
0.011694
0.011694
0.011694
0.011694
0.011694
0.011694
0.011694
0.011694
0.011694
0.011694
0.011694
0.011483
0.011483
0.011483
0.011483
0.011483
0.011276
0.011276
0.011225
0.011225
0.011225
0.011225
0.011020
0.011020
0.011020
0.011020
0.011020
0.011020
0.011020
0.011020
0.011020
0.011020
0.011020
0.011020
0.011020
0.011020
0.011020
0.011020
0.011020
0.011020
0.011020
0.011020
0.011020
0.011020
0.011020
0.011020
0.011020
0.011020
0.011020
0.011020
0.011020
0.011020
0.011020
0.011020
0.011020
0.011020
0.011020
0.011020
0.011020
0.011020
0.010821
0.010821
0.010696
0.010696
0.010696
0.010696
0.010696
0.010696
0.010696
0.010696
0.010696
0.010696
0.010696
0.010696
0.010696
0.010696
0.010696
0.010696
0.010696
0.010696
0.010696
0.010696
0.010696
0.010696
0.010696
0.010696
0.010696
0.010696
0.010696
0.010696
0.010696
0.010696
0.010696
0.010696
0.010696
0.010696
0.010696
0.010696
0.010696
0.010696
0.010696
0.010696
0.010696
0.010696
0.010696
0.010696
0.010696
0.010696
0.010696
0.010696
0.010696
0.010696
0.010696
0.010696
0.010696
0.010696
0.010696
0.010696
0.010696
0.010696
0.010696
0.010490
0.010490
0.010490
0.010490
0.010490
0.010490
0.010490
0.010490
0.010490
0.010490
0.010490
0.010490
0.010490
0.010490
0.010490
0.010490
0.010490
0.010490
0.010490
0.010490
0.010490
0.010490
0.010490
0.010490
0.010490
0.010490
0.010490
0.010490
0.010490
0.010490
0.010490
0.010490
0.010490
0.010490
0.010490
0.010490
0.010490
0.010490
0.010490
0.010490
0.010490
0.010490
0.010490
0.010490
0.010490
0.010485
0.010413
0.010219
0.010026
0.009883
0.009760
0.010245
0.010497
0.010805
0.010813
0.010769
0.011108
0.011242
0.011377
0.011415
0.011940
0.012064
0.012381
0.012644
0.013474
0.013703
0.013813
0.013393
0.012683
0.012427
0.012799
0.012645
0.012485
0.012298
0.012317
0.012309
0.012096
0.011891
0.011859
0.012047
0.011853
0.011837
0.011741
0.011726
0.011442
0.011178
0.011243
0.011052
0.010906
0.011090
0.010928
0.011010
0.011256
0.011054
0.010607
0.009122
0.008980
0.008820
0.009328
0.010521
0.012631
0.013335
0.013438
0.012476
0.011514
0.010818
0.010377
0.010774
0.011208
0.012067
0.012421
0.013226
0.012965
0.013646
0.013460
0.013900
0.013712
0.013686
0.013720
0.014425
0.014287
0.014986
0.014990
0.014990
0.014322
0.012105
0.011112
0.011361
0.012134
0.014217
0.016951
0.018123
0.018256
0.017559
0.016302
0.015470
0.014821
0.014856
0.015227
0.016369
0.017457
0.017566
0.018277
0.017900
0.017699
0.018175
0.018047
0.017805
0.018609
0.018217
0.018308
0.019040
0.018864
0.019545
0.017942
0.016256
0.014979
0.014586
0.015225
0.017397
0.019955
0.021834
0.021274
0.020791
0.019300
0.018368
0.017702
0.017739
0.018560
0.018842
0.019976
0.020076
0.020796
0.020649
0.021132
0.020478
0.020115
0.020744
0.020781
0.020640
0.021420
0.021003
0.021730
0.021730
0.020128
0.018182
0.017074
0.016701
0.017092
0.019100
0.021923
0.023817
0.023951
0.022528
0.021028
0.019855
0.019416
0.019452
0.020283
0.020332
0.021444
0.022412
0.022211
0.022757
0.022095
0.021890
0.021760
0.022160
0.021742
0.022509
0.022602
0.022421
0.022696
0.022696
0.021992
0.019336
0.018007
0.018262
0.018690
0.020939
0.023799
0.024786
0.024684
0.023497
0.022207
0.021024
0.020133
0.020853
0.021006
0.022197
0.022170
0.023107
0.023145
0.023454
0.023011
0.022584
0.023149
0.022855
0.022434
0.023205
0.023299
0.023817
0.023393
0.023393
0.023817
0.023746
0.021883
0.020176
0.019060
0.019165
0.019148
0.021644
0.024759
0.025733
0.025821
0.024146
0.022868
0.021659
0.020978
0.021506
0.021897
0.022859
0.023071
0.023774
0.023812
0.024123
0.023677
0.023248
0.023798
0.023521
0.023320
0.023873
0.023888
0.024411
0.023983
0.023983
0.024651
0.024134
0.022494
0.020771
0.019194
0.019708
0.019692
0.022300
0.024410
0.026340
0.025991
0.024773
0.023486
0.022269
0.021362
0.022114
0.022508
0.023240
0.023468
0.024399
0.024437
0.024513
0.024077
0.023869
0.024184
0.023907
0.023718
0.024500
0.024354
0.024651
0.024689
0.024689
0.023498
0.020808
0.019662
0.019469
0.020364
0.021976
0.025142
0.026374
0.026271
0.024823
0.023280
0.022314
0.022327
0.021898
0.022295
0.023515
0.023470
0.024200
0.024952
0.024799
0.024105
0.024379
0.024246
0.024189
0.024457
0.024303
0.024398
0.024927
0.024493
0.025208
0.023778
0.021284
0.020358
0.019707
0.020364
0.022439
0.025142
0.026374
0.026271
0.025780
0.023990
0.023021
0.022327
0.022124
0.022295
0.023274
0.024423
0.024430
0.024952
0.024556
0.024347
0.024379
0.024004
0.023947
0.024698
0.024061
0.024870
0.024927
0.024735
0.024966
0.023537
0.021750
0.020121
0.019927
0.020126
0.022439
0.025139
0.026847
0.026271
0.025780
0.024219
0.022781
0.022327
0.022125
0.022762
0.023274
0.024423
0.024429
0.024709
0.024556
0.025061
0.024609
0.024004
0.024660
0.024457
0.024303
0.024870
0.024685
0.025439
0.023503
0.021788
0.020398
0.019946
0.020587
0.022420
0.025350
0.026584
0.026494
0.025780
0.024238
0.023250
0.022568
0.022144
0.023231
0.023743
0.024423
0.024429
0.025182
0.025029
0.025061
0.024609
0.024476
0.024188
0.024457
0.024464
0.025278
0.025102
0.024656
0.025373
0.023707
0.021434
0.020502
0.019844
0.020587
0.022678
0.025369
0.027261
0.027403
0.025956
0.024150
0.023178
0.022491
0.022290
0.023158
0.023673
0.024595
0.025319
0.025115
0.024962
0.024994
0.024541
0.024407
0.025067
0.024630
0.024464
0.025278
0.025102
0.025616
0.023977
0.022181
0.020780
0.020324
0.020744
0.022812
0.025525
0.027484
0.026905
0.026190
0.024653
0.023419
0.022721
0.022778
0.023400
0.023915
0.024828
0.025077
0.025358
0.025204
0.025469
0.025258
0.024649
0.025310
0.025105
0.024707
0.025520
0.025335
0.026093
0.025616
0.025578
0.026016
0.024080
0.022347
0.021188
0.020546
0.021228
0.023091
0.026282
0.028245
0.027403
0.026413
0.025084
0.023847
0.022917
0.022974
0.024089
0.024363
0.025065
0.025295
0.026053
0.025656
0.025688
0.025477
0.025323
0.025762
0.025323
0.025400
0.025973
0.025554
0.025592
0.026313
0.025788
0.026236
0.024798
0.022792
0.021401
0.020983
0.021440
0.023777
0.026258
0.027500
0.027623
0.026867
0.025317
0.024089
0.023390
0.023447
0.024089
0.024605
0.025541
0.025771
0.026053
0.025656
0.026166
0.025954
0.025022
0.024983
0.025743
0.025577
0.025916
0.025974
0.026013
0.026013
0.025974
0.025255
0.022274
0.021092
0.021153
0.021822
0.023946
0.026660
0.027905
0.028049
0.026588
0.024782
0.023804
0.023326
0.023860
0.023785
0.025022
0.025221
0.026193
0.025752
0.026321
0.025866
0.025411
0.025743
0.025462
0.025501
0.025820
0.025674
0.026454
0.026493
0.026013
0.025051
0.022526
0.020874
0.021384
0.021822
0.023927
0.026902
0.027905
0.027805
0.027312
0.025982
0.024281
0.023822
0.023860
0.023787
0.024780
0.025943
0.026193
0.026475
0.026078
0.025866
0.026135
0.025763
0.025462
0.026223
0.026058
0.025674
0.026454
0.026250
0.025333
0.022564
0.021385
0.021403
0.022295
0.024150
0.027119
0.028366
0.028266
0.026831
0.025279
0.024040
0.023348
0.024123
0.024021
0.025259
0.025464
0.026193
0.026712
0.026558
0.026110
0.026377
0.026000
0.025942
0.026223
0.026058
0.026154
0.026454
0.026493
0.026974
0.025532
0.023242
0.022060
0.021384
0.022056
0.023927
0.027138
0.028141
0.028042
0.027550
0.025982
0.024517
0.024058
0.023860
0.023779
0.025016
0.026180
0.026193
0.026469
0.026315
0.026103
0.026134
0.025757
0.025699
0.026461
0.025814
0.026634
0.026692
0.026250
0.025327
0.022798
0.021381
0.021635
0.022054
0.024142
0.027114
0.028361
0.028268
0.026825
0.025995
0.024995
0.024058
0.023872
0.024255
0.025258
0.026180
0.026187
0.026950
0.026553
0.025860
0.026372
0.026237
0.025699
0.026217
0.026295
0.026391
0.026449
0.026487
0.027212
0.025045
0.023234
0.022289
0.021375
0.022287
0.023920
0.027133
0.028380
0.028525
0.027306
0.025975
0.024995
0.024292
0.023853
0.024976
0.025252
0.026175
0.026187
0.026950
0.026553
0.026822
0.026372
0.025994
0.025694
0.026217
0.026295
0.026872
0.026670
0.026470
0.026952
0.025264
0.023215
0.021789
0.021354
0.022025
0.024136
0.027116
0.028848
0.028748
0.027528
0.026196
0.024492
0.024032
0.024070
0.024473
0.024991
0.026157
0.026889
0.026446
0.026292
0.026805
0.026349
0.025733
0.026400
0.026195
0.026029
0.026612
0.026670
0.027191
0.026708
0.026670
0.025707
0.022950
0.021770
0.021822
0.022500
0.024632
0.027354
0.028603
0.028503
0.028010
0.026434
0.024972
0.024492
0.024307
0.024231
0.025471
0.026638
0.026646
0.027167
0.026773
0.026318
0.026831
0.026195
0.026157
0.026632
0.026466
0.026323
0.027108
0.026660
0.027387
0.027108
0.025417
0.023379
0.022192
0.021529
0.022207
0.024100
0.027304
0.029043
0.029190
0.027480
0.026146
0.024924
0.023960
0.024017
0.025144
0.026149
0.026107
0.027085
0.027123
0.026969
0.026756
0.026544
0.026876
0.026351
0.026389
0.027193
0.026806
0.026621
0.027387
0.027146
0.025939
0.023398
0.022211
0.022246
0.022925
0.024802
0.027791
0.029043
0.028944
0.027480
0.025906
0.024924
0.023979
0.024501
0.024904
0.025907
0.025867
0.026844
0.026883
0.026972
0.026516
0.026304
0.026652
0.026354
0.026149
0.026953
0.026566
0.027108
0.027146
0.026906
0.027351
0.025660
0.023623
0.022434
0.021772
0.022448
0.024346
0.027552
0.029287
0.029433
0.027727
0.026392
0.025167
0.024205
0.024262
0.025147
0.025428
0.026354
0.027331
0.027127
0.026732
0.027003
0.026547
0.026153
0.026597
0.026636
0.026470
0.026809
0.026867
0.027634
0.026906
0.026829
0.026106
0.022857
0.021955
0.021772
0.022688
0.024830
0.027552
0.028803
0.028949
0.027934
0.026353
0.025367
0.024643
0.024219
0.024623
0.025869
0.026557
0.026565
0.027332
0.026934
0.026480
0.026751
0.026353
0.026074
0.026596
0.026670
0.026523
0.027069
0.026864
0.027349
0.027069
0.025376
0.023331
0.021903
0.021478
0.022158
0.024058
0.027028
0.028764
0.028910
0.027443
0.026106
0.024639
0.023915
0.023973
0.024620
0.025623
0.026067
0.027046
0.026601
0.026930
0.026717
0.026020
0.026349
0.026311
0.026106
0.026670
0.026523
0.026582
0.026864
0.026620
0.025898
0.022872
0.021680
0.021720
0.022396
0.024519
0.027511
0.028521
0.028667
0.027198
0.025380
0.024396
0.023693
0.024215
0.024377
0.025380
0.025824
0.026319
0.026357
0.026687
0.026474
0.025777
0.026126
0.026068
0.025623
0.026427
0.026280
0.027066
0.026620
0.026377
0.027066
0.026543
0.026989
0.025548
0.023293
0.022142
0.021497
0.022195
0.024557
0.027287
0.028276
0.028411
0.027897
0.026095
0.024848
0.024386
0.023961
0.024124
0.025388
0.026317
0.026308
0.026831
0.026676
0.026948
0.026250
0.026096
0.026057
0.026339
0.026173
0.026998
0.026569
0.026091
0.026577
0.026053
0.025773
0.023853
0.021849
0.019984
0.019348
0.019572
0.021878
0.024829
0.026073
0.025720
0.024977
0.023203
0.021521
0.020609
0.020232
0.020150
0.020671
0.021388
0.020949
0.021302
0.020735
0.020180
0.020243
0.019850
0.019501
0.020058
0.019973
0.020543
0.020872
0.021214
0.022122
0.022531
0.022635
0.021402
0.021075
0.021344
0.021218
0.023010
0.024833
0.025673
0.025555
0.024682
0.024112
0.023587
0.023373
0.024027
0.024274
0.024814
0.025089
0.025688
0.025791
0.026037
0.026057
0.026339
0.026518
0.026644
0.026857
0.027573
0.027571
0.027976
0.028192
0.028153
0.028402
0.026680
0.026001
0.025716
0.025903
0.026831
0.028281
0.028989
0.029394
0.028961
0.028965
0.028579
0.029031
0.029260
0.029785
0.030670
0.030907
0.031684
0.032369
0.032649
0.032417
0.033174
0.033297
0.033216
0.033372
0.033602
0.033599
0.033770
0.033991
0.033466
0.032250
0.031409
0.031407
0.031453
0.032368
0.033861
0.034148
0.033751
0.032902
0.032224
0.031389
0.030847
0.031504
0.031389
0.031685
0.032194
0.032803
0.032483
0.032898
0.032952
0.032764
0.032982
0.033150
0.033119
0.033105
0.033557
0.034006
0.033360
0.032308
0.031670
0.031185
0.031484
0.032571
0.034828
0.036127
0.036365
0.036257
0.035867
0.035532
0.035158
0.035525
0.036191
0.036447
0.037289
0.037406
0.037932
0.037844
0.038026
0.037804
0.037640
0.037683
0.037144
0.036874
0.037027
0.036513
0.036406
0.035090
0.033961
0.033096
0.032660
0.032876
0.033799
0.034984
0.035269
0.034861
0.033783
0.032468
0.031412
0.030648
0.030197
0.029947
0.030453
0.030679
0.030103
0.030327
0.029987
0.029569
0.029193
0.028824
0.028301
0.028286
0.028091
0.028363
0.027667
0.026563
0.025425
0.024312
0.024846
0.024436
0.026396
0.027554
0.028163
0.027784
0.026692
0.025312
0.023931
0.023413
0.023670
0.023191
0.023777
0.023828
0.024243
0.023528
0.023934
0.023549
0.022915
0.022835
0.022796
0.022586
0.022654
0.022487
0.022295
0.022599
0.021137
0.020142
0.019018
0.018863
0.019707
0.020961
0.023300
0.024582
0.024042
0.022816
0.021509
0.020239
0.019430
0.019178
0.020110
0.019904
0.020776
0.021511
0.021546
0.021466
0.021272
0.020967
0.020413
0.020790
0.020727
0.021486
0.021331
0.021141
0.020559
0.017933
0.016849
0.017107
0.017395
0.019512
0.022317
0.023294
0.023464
0.022283
0.021268
0.020096
0.019665
0.019474
0.019834
0.020851
0.021761
0.021755
0.022480
0.022107
0.021903
0.022237
0.021864
0.021809
0.022334
0.022163
0.022012
0.022858
0.022650
0.022007
0.019351
0.018220
0.018248
0.018831
0.020895
0.024004
0.025225
0.025128
0.023739
0.022233
0.021279
0.020598
0.021104
0.021470
0.022312
0.022736
0.023436
0.023473
0.023785
0.023580
0.023132
0.023708
0.023190
0.022984
0.023764
0.023613
0.024378
0.022810
0.021095
0.019497
0.019262
0.019625
0.021866
0.024747
0.026202
0.025651
0.025172
0.023890
0.022230
0.021785
0.021840
0.022674
0.022934
0.023853
0.023854
0.024585
0.024208
0.024715
0.024039
0.023663
0.024319
0.024113
0.024188
0.024753
0.024339
0.025093
0.025093
0.023433
0.021417
0.020038
0.019596
0.020022
0.022064
0.025226
0.026937
0.026851
0.025405
0.024097
0.022891
0.021977
0.022015
0.022872
0.023138
0.024059
0.024776
0.024814
0.025136
0.024927
0.024245
0.024586
0.024504
0.024297
0.024862
0.024712
0.024524
0.025281
0.023651
0.021644
0.020471
0.020008
0.020421
0.022464
0.025170
0.027129
0.027032
0.025844
0.024302
0.023089
0.022393
0.022206
0.023070
0.023337
0.024245
0.025212
0.025019
0.024623
0.024888
0.024678
0.024072
0.024488
0.024526
0.024602
0.024942
0.024754
0.025512
0.025268
0.024985
0.024047
0.021564
0.020146
0.020449
0.020860
0.023199
0.025898
0.026895
0.027042
0.026321
0.024758
0.023543
0.023069
0.022656
0.022809
0.024037
0.025195
0.024968
0.025482
0.025329
0.025119
0.024909
0.024756
0.024718
0.025001
0.024833
0.024928
0.025706
0.025023
0.025745
0.025706
0.024032
0.021786
0.020767
0.020097
0.020774
0.022637
0.025585
0.027556
0.027703
0.026000
0.024441
0.023468
0.022505
0.022562
0.023449
0.024685
0.024637
0.025610
0.025413
0.025984
0.025283
0.024838
0.025408
0.024881
0.024919
0.025485
0.025336
0.025149
0.025676
0.025676
0.025873
0.024436
0.022421
0.020992
0.020583
0.021000
0.023123
0.026309
0.027068
0.027215
0.026726
0.025164
0.023700
0.023223
0.023050
0.023925
0.024197
0.025360
0.025374
0.025892
0.025494
0.026008
0.025561
0.024919
0.024881
0.025643
0.025240
0.025816
0.025873
0.025676
0.026156
0.024475
0.022669
0.021011
0.020807
0.021242
0.023336
0.026309
0.028038
0.027942
0.026726
0.025398
0.023944
0.023242
0.023281
0.023925
0.024197
0.025360
0.026335
0.025892
0.025494
0.026008
0.025797
0.025182
0.025605
0.025643
0.025720
0.025816
0.025873
0.026638
0.026156
0.024475
0.022669
0.021011
0.021520
0.021000
0.023336
0.026546
0.028039
0.027942
0.026726
0.025398
0.024178
0.023242
0.024001
0.024158
0.024919
0.025360
0.026091
0.025884
0.026219
0.026008
0.025552
0.025898
0.025605
0.025399
0.025956
0.026052
0.025629
0.026148
0.026148
0.024954
0.022180
0.021237
0.021034
0.021942
0.023813
0.026784
0.028034
0.027937
0.026237
0.024910
0.023933
0.022755
0.023513
0.023914
0.024910
0.024871
0.025846
0.025884
0.025967
0.025519
0.026033
0.025654
0.025351
0.025154
0.025712
0.025563
0.026109
0.026091
0.025602
0.026291
0.026014
0.025053
0.022307
0.021148
0.021193
0.021961
0.023822
0.026804
0.028000
0.027884
0.026400
0.025069
0.023588
0.022884
0.023665
0.024068
0.024587
0.025050
0.026008
0.025803
0.025893
0.025680
0.025468
0.025314
0.025275
0.025314
0.025874
0.025487
0.026273
0.026312
0.025584
0.024866
0.022325
0.020658
0.021171
0.021367
0.023722
0.026708
0.027717
0.027623
0.027131
0.025796
0.024324
0.023626
0.023665
0.023580
0.024587
0.025757
0.026008
0.026286
0.025893
0.025680
0.025951
0.025571
0.025275
0.026042
0.025629
0.025726
0.026273
0.026067
0.026551
0.026273
0.024827
0.022539
0.021357
0.021403
0.021367
0.024222
0.026463
0.028205
0.028353
0.026886
0.025307
0.024087
0.023363
0.023901
0.024305
0.025314
0.025268
0.026008
0.025809
0.025906
0.024733
0.023823
0.023931
0.023420
0.022762
0.023028
0.022677
0.021809
0.022042
0.021831
0.021756
0.019801
0.018215
0.016960
0.016871
0.017396
0.018880
0.021460
0.022949
0.021641
0.021071
0.019742
0.018593
0.018086
0.018196
0.018991
0.019004
0.019837
0.020103
0.020744
0.020578
0.021194
0.021538
0.021448
0.022173
0.022449
0.022937
0.023245
0.023780
0.024549
0.025088
0.025362
0.025869
0.024739
0.023745
0.023938
0.023550
0.024501
0.025980
0.026747
0.027565
0.027557
0.027840
0.027450
0.028054
0.028881
0.029005
0.030003
0.030718
0.031623
0.031471
0.032000
0.032126
0.032153
0.032099
0.032204
0.032467
0.032206
0.032381
0.032628
0.032101
0.032252
0.032496
0.031796
0.030650
0.030464
0.029971
0.030347
0.031042
0.032356
0.033175
0.032767
0.032299
0.032298
0.032063
0.032176
0.032617
0.033787
0.034815
0.035694
0.036376
0.035782
0.035827
0.036457
0.036333
0.036167
0.036868
0.037439
0.037432
0.038413
0.038663
0.039005
0.039233
0.039150
0.037992
0.037791
0.037497
0.037730
0.038528
0.039751
0.040690
0.040964
0.040023
0.039996
0.040101
0.039677
0.040180
0.040718
0.041398
0.041307
0.041888
0.042375
0.042319
0.042321
0.042408
0.042789
0.042557
0.042972
0.043481
0.043501
0.044156
0.044990
0.044923
0.045106
0.044025
0.043302
0.043312
0.043207
0.043989
0.045861
0.046238
0.046638
0.046473
0.046262
0.045711
0.045867
0.046174
0.046011
0.046684
0.047033
0.047250
0.047056
0.046803
0.046511
0.046054
0.045814
0.045256
0.045407
0.044776
0.044471
0.044462
0.043819
0.043649
0.042956
0.041967
0.041066
0.040815
0.040583
0.041517
0.042021
0.042458
0.042224
0.041625
0.040194
0.039423
0.039257
0.038508
0.038784
0.039147
0.039838
0.039583
0.040090
0.040122
0.040127
0.040135
0.039961
0.040157
0.039986
0.039936
0.040623
0.040569
0.040102
0.040426
0.040325
0.039576
0.039059
0.037552
0.036322
0.036541
0.036280
0.037663
0.039326
0.039776
0.039346
0.038728
0.037682
0.036284
0.035522
0.035254
0.035013
0.035222
0.035460
0.035314
0.035296
0.034668
0.034043
0.034114
0.033243
0.032973
0.033175
0.032367
0.031936
0.032167
0.031945
0.031677
0.031388
0.030187
0.028535
0.027689
0.027748
0.027391
0.029175
0.030115
0.031221
0.031072
0.029971
0.028340
0.027471
0.026915
0.026708
0.026476
0.026787
0.026831
0.026738
0.026271
0.026407
0.026018
0.025138
0.025032
0.024763
0.024545
0.024367
0.024435
0.024233
0.024291
0.023804
0.024117
0.023056
0.021056
0.020422
0.019835
0.020187
0.021547
0.023428
0.024777
0.024308
0.023366
0.021871
0.021142
0.020566
0.019888
0.020511
0.020696
0.021436
0.020958
0.021615
0.021308
0.021112
0.020927
0.020641
0.021195
0.020861
0.020931
0.021707
0.021168
0.021204
0.020585
0.018501
0.017457
0.016748
0.017540
0.019210
0.022342
0.023811
0.023964
0.023015
0.021728
0.020754
0.019816
0.019871
0.020243
0.020973
0.022129
0.022376
0.022893
0.022495
0.022285
0.022801
0.022175
0.022118
0.022883
0.022467
0.023291
0.023112
0.022904
0.023386
0.022008
0.019906
0.018719
0.018043
0.018693
0.021021
0.023756
0.025787
0.025206
0.024473
0.022663
0.021688
0.021297
0.020843
0.021963
0.022478
0.023164
0.023167
0.023997
0.023843
0.023866
0.023655
0.023289
0.023710
0.023502
0.023579
0.024225
0.023804
0.024567
0.024567
0.022644
0.020848
0.019691
0.018995
0.019672
0.021499
0.024700
0.026676
0.026333
0.025118
0.023561
0.022343
0.021641
0.021679
0.022569
0.022592
0.023755
0.024729
0.024768
0.024849
0.024403
0.024192
0.024292
0.024234
0.024272
0.024842
0.024445
0.024503
0.025269
0.023143
0.021336
0.020392
0.019452
0.020338
0.022169
0.025152
0.027133
0.027036
0.025590
0.024280
0.023049
0.022099
0.022157
0.023263
0.023534
0.024222
0.025200
0.025239
0.024592
0.025109
0.024661
0.024526
0.024704
0.024743
0.024584
0.025162
0.024974
0.025742
0.025505
0.024974
0.024259
0.021737
0.020069
0.020600
0.020793
0.023164
0.026376
0.026900
0.027048
0.026558
0.025224
0.023750
0.023036
0.023093
0.023005
0.024250
0.025186
0.025437
0.025713
0.025558
0.025109
0.025626
0.024979
0.024940
0.025472
0.025056
0.025153
0.025941
0.025742
0.025979
0.025941
0.024494
0.022214
0.021016
0.020600
0.021022
0.023164
0.025885
0.027871
0.028020
0.026797
0.024732
0.023750
0.023270
0.023081
0.023731
0.024979
0.025423
0.025912
0.025713
0.026289
0.026076
0.025371
0.025709
0.025670
0.025709
0.026024
0.025883
0.025941
0.026218
0.025979
0.026672
0.025223
0.022925
0.021739
0.021059
0.021744
0.024125
0.026615
0.027871
0.028020
0.027529
0.025700
0.024478
0.023997
0.023562
0.024695
0.024979
0.026153
0.025912
0.026683
0.026289
0.026561
0.026102
0.025709
0.025670
0.025947
0.026024
0.026614
0.026179
0.026218
0.026950
0.025015
0.022945
0.021743
0.021059
0.021731
0.023616
0.026855
0.028600
0.028749
0.027037
0.025454
0.024468
0.023524
0.023316
0.024449
0.024724
0.025661
0.026398
0.026436
0.026035
0.026068
0.025855
0.025474
0.025662
0.025701
0.025778
0.026114
0.025933
0.210003
0.209039
0.208138
0.207780
0.205915
0.447955
0.446073
0.444672
0.444168
0.443305
0.442038
0.440212
0.438079
0.435249
0.432659
0.430360
0.428042
0.426087
0.424396
0.422096
0.419602
0.417525
0.414412
0.411330
0.408738
0.405453
0.401986
0.399480
0.396097
0.392852
0.389983
0.386259
0.383718
0.379937
0.375412
0.371452
0.367606
0.364647
0.361285
0.359362
0.357048
0.354241
0.350255
0.345212
0.340224
0.335688
0.331464
0.327360
0.323910
0.321104
0.317450
0.314291
0.310389
0.306857
0.302911
0.299148
0.295724
0.291697
0.287942
0.284777
0.280979
0.277336
0.274161
0.270496
0.267384
0.262757
0.258827
0.254597
0.251500
0.248748
0.246983
0.244829
0.241929
0.238215
0.234575
0.229855
0.225467
0.221867
0.218344
0.215616
0.212512
0.210011
0.206606
0.203727
0.200327
0.197470
0.194003
0.190752
0.187489
0.184986
0.182222
0.179651
0.176782
0.174001
0.171729
0.168116
0.165072
0.162598
0.160690
0.159528
0.158894
0.157904
0.156075
0.154081
0.150372
0.147197
0.144418
0.142038
0.139806
0.138294
0.136463
0.134985
0.133412
0.131490
0.129164
0.127581
0.125735
0.123333
0.121853
0.120372
0.118320
0.117343
0.115200
0.113928
0.112334
0.110590
0.108545
0.106640
0.105755
0.105472
0.105531
0.106256
0.106455
0.105523
0.104099
0.102569
0.100710
0.098694
0.097288
0.096384
0.095325
0.095072
0.094525
0.093391
0.093080
0.091736
0.090715
0.089906
0.089100
0.087932
0.087073
0.086566
0.085578
0.085029
0.084180
0.083644
0.082714
0.081048
0.080051
0.079157
0.078623
0.078379
0.079081
0.079542
0.079875
0.079205
0.077579
0.076119
0.074613
0.073393
0.072849
0.072702
0.072507
0.071984
0.071807
0.071202
0.071068
0.070333
0.069657
0.069105
0.068652
0.067898
0.067464
0.067097
0.066567
0.066120
0.065562
0.065264
0.063983
0.063421
0.062699
0.062207
0.062286
0.063313
0.064014
0.064001
0.063888
0.063041
0.061683
0.060736
0.059700
0.059186
0.059527
0.059004
0.059039
0.058786
0.058561
0.057885
0.057801
0.057028
0.056564
0.055849
0.055821
0.055490
0.055303
0.054815
0.054421
0.054535
0.054045
0.052941
0.051899
0.051344
0.051220
0.051658
0.052798
0.054255
0.054724
0.054585
0.053597
0.052136
0.051566
0.051043
0.051164
0.051179
0.051592
0.051824
0.052089
0.051897
0.051898
0.051563
0.051127
0.051237
0.050769
0.050387
0.050726
0.050378
0.050600
0.050144
0.049939
0.049109
0.047901
0.046827
0.046924
0.047096
0.048198
0.049472
0.049796
0.049661
0.048982
0.048155
0.047407
0.047119
0.046757
0.046637
0.047361
0.047850
0.048199
0.048261
0.048220
0.047960
0.047839
0.047821
0.047437
0.047653
0.047209
0.047082
0.047114
0.046851
0.046912
0.046529
0.045253
0.044325
0.043809
0.043885
0.044369
0.045668
0.046824
0.047667
0.047525
0.046592
0.045557
0.044821
0.044372
0.044212
0.044384
0.045196
0.045037
0.045150
0.045153
0.045223
0.044916
0.044802
0.044470
0.044404
0.044237
0.044075
0.043937
0.043533
0.043913
0.043452
0.043457
0.042442
0.041468
0.040776
0.040309
0.040739
0.041129
0.042232
0.042936
0.043064
0.042615
0.041711
0.041038
0.040615
0.040464
0.041026
0.040907
0.041500
0.041196
0.041606
0.040817
0.041101
0.040802
0.040527
0.040156
0.040561
0.040228
0.040337
0.040201
0.039834
0.040071
0.039699
0.039201
0.037866
0.037121
0.037010
0.037445
0.038171
0.039346
0.039842
0.039754
0.039079
0.038171
0.037483
0.037071
0.037291
0.037488
0.037955
0.037805
0.038335
0.038153
0.038620
0.038131
0.037598
0.037915
0.037521
0.037541
0.037779
0.037456
0.037642
0.037637
0.037441
0.037407
0.036658
0.035533
0.035041
0.034588
0.034565
0.035336
0.036625
0.037584
0.037436
0.036590
0.035893
0.035215
0.034801
0.034655
0.035206
0.035293
0.035677
0.036196
0.036046
0.035562
0.035676
0.035568
0.035337
0.035318
0.035155
0.035025
0.035275
0.035127
0.035382
0.034822
0.034627
0.034098
0.032980
0.032264
0.031983
0.032587
0.033577
0.034474
0.035027
0.035075
0.034492
0.033757
0.033068
0.032602
0.032467
0.032666
0.033161
0.033911
0.033678
0.034115
0.033860
0.033746
0.033683
0.033551
0.033366
0.033358
0.033234
0.033286
0.033374
0.033156
0.033418
0.032439
0.031501
0.030778
0.030620
0.030650
0.031670
0.032784
0.033282
0.033194
0.033169
0.032208
0.031699
0.031282
0.030955
0.031495
0.031608
0.032059
0.032195
0.032482
0.031978
0.032127
0.032010
0.031937
0.031977
0.031998
0.032041
0.031983
0.032016
0.032038
0.031986
0.031854
0.031462
0.030289
0.029578
0.029677
0.029990
0.031116
0.032389
0.033043
0.033018
0.032229
0.031399
0.030811
0.030372
0.030664
0.030902
0.031468
0.031650
0.032216
0.032241
0.032641
0.032501
0.032166
0.032566
0.032333
0.032131
0.032696
0.032761
0.033324
0.032958
0.033114
0.033623
0.032225
0.031632
0.030789
0.030496
0.030918
0.032360
0.033847
0.034799
0.034931
0.034023
0.033054
0.032167
0.031833
0.031683
0.032311
0.032498
0.033369
0.034115
0.033771
0.033656
0.034061
0.033519
0.033405
0.033937
0.033617
0.033674
0.034118
0.033963
0.034560
0.034560
0.034012
0.034365
0.033275
0.032462
0.031605
0.031441
0.031746
0.033279
0.035006
0.036201
0.036181
0.035023
0.033865
0.032916
0.032208
0.032250
0.032742
0.033286
0.034003
0.034576
0.034409
0.034091
0.034326
0.033969
0.033853
0.034197
0.033853
0.033911
0.034359
0.034028
0.034634
0.034119
0.033894
0.033189
0.031819
0.030750
0.030809
0.031274
0.032680
0.034200
0.034857
0.034997
0.033639
0.032845
0.032097
0.031358
0.031214
0.031139
0.032093
0.032622
0.032620
0.033048
0.032726
0.032370
0.032604
0.032141
0.031740
0.032141
0.032045
0.031939
0.032164
0.032193
0.032597
0.030925
0.030121
0.029198
0.029026
0.028986
0.030707
0.032279
0.032886
0.033025
0.032281
0.031056
0.030152
0.029466
0.029109
0.029789
0.030172
0.030870
0.030690
0.031295
0.030797
0.031212
0.030683
0.030237
0.030193
0.030222
0.030103
0.030577
0.030219
0.030248
0.030650
0.030219
0.029391
0.028054
0.027147
0.027361
0.027631
0.029020
0.030213
0.031034
0.030960
0.029824
0.028813
0.027534
0.027191
0.027416
0.027520
0.028288
0.028407
0.028992
0.028464
0.028921
0.028592
0.028035
0.028487
0.028110
0.027933
0.028233
0.027925
0.028394
0.028226
0.028016
0.027336
0.025774
0.025063
0.025244
0.025701
0.027022
0.028562
0.029564
0.029028
0.028668
0.027640
0.026544
0.026004
0.026031
0.026324
0.026705
0.027611
0.027802
0.028208
0.027892
0.027886
0.027917
0.027815
0.027579
0.027979
0.027908
0.027579
0.028052
0.028082
0.028274
0.027898
0.026781
0.025949
0.025224
0.025093
0.025040
0.026455
0.028018
0.029463
0.029610
0.028614
0.027159
0.026190
0.025825
0.025482
0.026368
0.027366
0.027306
0.027916
0.027824
0.028314
0.027926
0.027564
0.028037
0.027791
0.027627
0.028302
0.028380
0.028427
0.028664
0.028514
0.029108
0.027611
0.027138
0.025965
0.025592
0.026297
0.027836
0.029667
0.030529
0.030802
0.030265
0.028956
0.028151
0.027558
0.027604
0.028356
0.028939
0.029931
0.030140
0.030612
0.030482
0.030726
0.030548
0.030225
0.029967
0.030439
0.030406
0.031126
0.030765
0.030797
0.031208
0.030981
0.030403
0.028926
0.027815
0.027846
0.028554
0.030110
0.031751
0.032850
0.033002
0.031308
0.030024
0.028992
0.028596
0.028856
0.028976
0.030040
0.030006
0.030625
0.030657
0.030952
0.030230
0.029833
0.030343
0.029730
0.029546
0.030253
0.029692
0.030385
0.030418
0.029620
0.030234
0.028703
0.027680
0.026658
0.026249
0.026779
0.028111
0.029970
0.031505
0.031435
0.029999
0.028649
0.027636
0.027032
0.026851
0.027761
0.027874
0.028435
0.029289
0.029322
0.028549
0.028928
0.028748
0.027978
0.028585
0.028404
0.028083
0.028805
0.028636
0.028887
0.028887
0.028402
0.027397
0.026188
0.024979
0.025199
0.025538
0.027057
0.028737
0.029381
0.029535
0.028913
0.027353
0.026532
0.025922
0.025737
0.025805
0.026419
0.027324
0.027349
0.027571
0.027280
0.026863
0.026918
0.026787
0.026519
0.027009
0.026617
0.026699
0.027050
0.026847
0.027278
0.026814
0.025353
0.024644
0.023610
0.023194
0.023549
0.025450
0.027089
0.028471
0.028628
0.027338
0.026003
0.024942
0.024329
0.024376
0.024926
0.025143
0.026162
0.026847
0.026463
0.026984
0.026565
0.026384
0.026488
0.026220
0.026183
0.026474
0.026557
0.026541
0.026800
0.026800
0.027026
0.025600
0.024922
0.023597
0.023409
0.023534
0.025284
0.026976
0.027622
0.027779
0.027379
0.025813
0.024748
0.024275
0.024088
0.024661
0.025100
0.025892
0.026107
0.025979
0.025846
0.026322
0.025711
0.025579
0.025079
0.025579
0.025645
0.025992
0.025810
0.025651
0.026075
0.026042
0.025022
0.023366
0.022535
0.022818
0.023351
0.025124
0.026621
0.027756
0.027860
0.026544
0.025381
0.024535
0.023713
0.024411
0.024519
0.025393
0.025587
0.026630
0.026664
0.026961
0.026585
0.026400
0.026930
0.026708
0.026383
0.027113
0.027010
0.027726
0.027691
0.027266
0.027900
0.026638
0.025831
0.024748
0.024388
0.024930
0.026800
0.028463
0.030044
0.030449
0.029136
0.027958
0.027099
0.026503
0.026073
0.027018
0.027473
0.028349
0.028570
0.029278
0.029141
0.029277
0.029087
0.028950
0.028916
0.028950
0.029019
0.029432
0.029483
0.029952
0.029760
0.028471
0.027568
0.026465
0.026257
0.026577
0.028631
0.030331
0.031764
0.031728
0.030383
0.029192
0.028321
0.027914
0.027527
0.028304
0.029438
0.029592
0.030467
0.030254
0.030794
0.030174
0.029739
0.030294
0.030056
0.029844
0.030345
0.030388
0.030192
0.030901
0.030473
0.030702
0.030436
0.028906
0.028225
0.026975
0.026621
0.026938
0.028821
0.030255
0.032083
0.031976
0.030618
0.029268
0.028142
0.027497
0.027374
0.028142
0.028336
0.028999
0.029696
0.029446
0.029739
0.029364
0.028928
0.029222
0.028941
0.028624
0.028880
0.028966
0.028584
0.029298
0.028892
0.029103
0.027809
0.026674
0.025811
0.025373
0.025692
0.027527
0.029211
0.030120
0.030280
0.029212
0.028014
0.026953
0.026286
0.026262
0.026373
0.027074
0.028142
0.028122
0.028556
0.028394
0.028637
0.028202
0.027880
0.027601
0.028064
0.027873
0.028631
0.028243
0.028030
0.028704
0.028242
0.027394
0.025867
0.024853
0.024660
0.025200
0.026849
0.028510
0.029410
0.029322
0.028050
0.026631
0.025531
0.025086
0.025136
0.025485
0.026358
0.026324
0.027044
0.026832
0.027125
0.026508
0.026321
0.026858
0.026152
0.026016
0.026514
0.026169
0.026896
0.026522
0.026522
0.025243
0.023931
0.023259
0.023232
0.023769
0.025574
0.027268
0.028422
0.028336
0.027054
0.026382
0.025437
0.025034
0.024823
0.024752
0.025872
0.026694
0.027083
0.027609
0.027226
0.027038
0.027341
0.027147
0.026850
0.027354
0.027423
0.027262
0.027805
0.027839
0.026603
0.025313
0.024304
0.024725
0.024842
0.027050
0.028367
0.029264
0.029428
0.028110
0.026951
0.025904
0.025505
0.026215
0.026133
0.027250
0.027639
0.028532
0.028140
0.028676
0.028488
0.028124
0.028514
0.028462
0.028317
0.029058
0.028897
0.029199
0.029049
0.029049
0.028270
0.027122
0.026038
0.026482
0.027053
0.028866
0.030553
0.031541
0.031700
0.031282
0.030084
0.028781
0.028373
0.028407
0.028764
0.029645
0.030483
0.030707
0.031232
0.031094
0.030582
0.030888
0.030768
0.030717
0.030999
0.030820
0.030506
0.031232
0.031266
0.031513
0.029990
0.029133
0.028286
0.027435
0.028218
0.029604
0.031257
0.033073
0.032125
0.031468
0.030294
0.029435
0.028378
0.028411
0.029003
0.029039
0.029846
0.030067
0.030594
0.029999
0.030479
0.030048
0.029331
0.029704
0.029738
0.029385
0.029718
0.029526
0.030017
0.029355
0.029321
0.028289
0.027173
0.026015
0.026067
0.026838
0.028245
0.030152
0.030805
0.030800
0.029459
0.028238
0.027129
0.026463
0.027001
0.027041
0.028164
0.028555
0.028777
0.028982
0.029274
0.028659
0.029315
0.028935
0.028478
0.028269
0.028826
0.028667
0.028962
0.028929
0.028929
0.028895
0.027462
0.026645
0.025811
0.024985
0.025512
0.027124
0.028491
0.030045
0.030024
0.028705
0.027548
0.026464
0.025647
0.025696
0.026263
0.026294
0.027333
0.027972
0.028005
0.027450
0.027528
0.027343
0.026789
0.027176
0.027034
0.026678
0.027185
0.027064
0.027586
0.027098
0.026895
0.026098
0.024513
0.023852
0.024081
0.024640
0.026620
0.028103
0.029004
0.029001
0.028589
0.027402
0.026181
0.025755
0.025553
0.025908
0.026792
0.027903
0.027867
0.028329
0.028191
0.027991
0.028227
0.027911
0.027877
0.028510
0.028154
0.028287
0.028827
0.028372
0.028861
0.027596
0.026804
0.025479
0.025119
0.025605
0.027465
0.029105
0.030663
0.029792
0.029134
0.027962
0.027107
0.026297
0.026389
0.027148
0.027183
0.028225
0.028266
0.028965
0.028411
0.028642
0.028280
0.027984
0.028598
0.028144
0.027860
0.028613
0.028664
0.028776
0.028776
0.028741
0.027531
0.026407
0.025494
0.026205
0.026517
0.028780
0.030111
0.031455
0.031479
0.030425
0.028983
0.028110
0.027685
0.028573
0.028748
0.029880
0.030257
0.030726
0.031434
0.031462
0.031091
0.031572
0.031219
0.030940
0.031284
0.031352
0.031260
0.031734
0.031768
0.031105
0.031734
0.030099
0.029674
0.028448
0.027592
0.028361
0.029746
0.031368
0.032907
0.032676
0.031607
0.030449
0.029126
0.028365
0.028181
0.028925
0.028968
0.029810
0.030584
0.029964
0.030403
0.029983
0.029203
0.028836
0.029457
0.028661
0.028495
0.029234
0.028456
0.029149
0.028733
0.028287
0.027458
0.026359
0.025245
0.025300
0.026011
0.027665
0.029364
0.030277
0.030101
0.029455
0.028094
0.027000
0.026587
0.026396
0.026333
0.027359
0.028401
0.028544
0.028820
0.028685
0.028248
0.028487
0.028354
0.027846
0.028527
0.028135
0.027975
0.028413
0.028213
0.028446
0.028180
0.026775
0.025710
0.024935
0.025146
0.024659
0.026855
0.027807
0.029321
0.029324
0.028274
0.026732
0.025729
0.025113
0.025380
0.025492
0.026315
0.026335
0.026964
0.026754
0.027092
0.026686
0.026087
0.026199
0.026166
0.025781
0.026088
0.026170
0.025581
0.026080
0.025983
0.025965
0.024546
0.023645
0.022826
0.022495
0.023419
0.024759
0.026374
0.027746
0.027235
0.026832
0.025439
0.024604
0.023962
0.024010
0.024349
0.024956
0.025742
0.025940
0.026624
0.026024
0.026479
0.026058
0.025523
0.026308
0.025924
0.025764
0.026487
0.026119
0.025926
0.026391
0.026133
0.026326
0.025118
0.024100
0.023336
0.022790
0.023079
0.025012
0.026175
0.027023
0.026981
0.026574
0.025250
0.024192
0.023468
0.023066
0.024008
0.024433
0.024814
0.024828
0.025499
0.024732
0.025191
0.024838
0.024074
0.024042
0.024709
0.024200
0.024682
0.024731
0.024132
0.024778
0.022936
0.022662
0.021857
0.021305
0.022027
0.023800
0.025479
0.026997
0.027151
0.025936
0.024611
0.023437
0.023226
0.023378
0.024341
0.024355
0.025536
0.026396
0.026244
0.026281
0.026747
0.026385
0.026444
0.026634
0.026667
0.026555
0.027280
0.027504
0.027778
0.027778
0.026391
0.025783
0.024886
0.024926
0.024818
0.026936
0.028138
0.029892
0.030094
0.028962
0.027837
0.027020
0.026454
0.026945
0.027281
0.028459
0.028660
0.029513
0.029370
0.029707
0.029300
0.029119
0.029476
0.029352
0.029385
0.030097
0.029828
0.030529
0.030337
0.029985
0.029390
0.028106
0.027009
0.027436
0.028167
0.029926
0.031646
0.032360
0.032512
0.031438
0.030503
0.029411
0.029439
0.029291
0.029503
0.030768
0.031021
0.031890
0.032337
0.032186
0.031775
0.032243
0.031876
0.031600
0.032101
0.032168
0.031604
0.032404
0.032092
0.032735
0.032461
0.030839
0.030422
0.029004
0.028460
0.028961
0.030535
0.031882
0.033616
0.033585
0.032301
0.030956
0.029901
0.028939
0.028986
0.029700
0.029745
0.030742
0.031127
0.030807
0.031205
0.030561
0.030206
0.029438
0.030043
0.029678
0.029968
0.029829
0.029698
0.029741
0.029741
0.028952
0.028197
0.027079
0.026036
0.026172
0.026707
0.028683
0.030024
0.030763
0.030754
0.030044
0.028900
0.027646
0.027245
0.027018
0.027352
0.027999
0.028794
0.029173
0.029425
0.029244
0.028829
0.029105
0.028696
0.028414
0.028861
0.028511
0.029007
0.028878
0.028455
0.029088
0.028423
0.027028
0.026464
0.025103
0.025515
0.025051
0.027089
0.028074
0.029313
0.029460
0.028443
0.026908
0.025959
0.025162
0.025606
0.025524
0.026339
0.026696
0.027106
0.026831
0.027117
0.026530
0.026147
0.026230
0.026198
0.025844
0.026120
0.026199
0.026415
0.026039
0.025856
0.025085
0.023889
0.023015
0.023406
0.023806
0.025577
0.027232
0.028076
0.028226
0.027122
0.025769
0.024960
0.025112
0.025045
0.025373
0.026428
0.026782
0.027175
0.027918
0.027771
0.027595
0.028051
0.027930
0.027560
0.028038
0.028102
0.028004
0.028640
0.028672
0.029124
0.029092
0.027523
0.026938
0.026001
0.025241
0.025951
0.027667
0.029016
0.030727
0.030874
0.029668
0.028351
0.027689
0.027305
0.026999
0.028006
0.028427
0.029025
0.029856
0.029888
0.029977
0.029695
0.029438
0.029136
0.029549
0.029581
0.030061
0.029660
0.029708
0.030376
0.029808
0.029776
0.029029
0.027958
0.026894
0.027477
0.028216
0.029982
0.031786
0.032515
0.032726
0.032323
0.031179
0.030160
0.029757
0.030106
0.030441
0.031323
0.032265
0.032478
0.032965
0.033001
0.033021
0.033078
0.033119
0.032673
0.033119
0.033005
0.033501
0.033673
0.033469
0.033705
0.033673
0.032107
0.031516
0.030147
0.030210
0.029909
0.032424
0.033131
0.034637
0.034330
0.033141
0.032053
0.031064
0.030376
0.030630
0.030718
0.031364
0.031720
0.032301
0.031776
0.032126
0.031512
0.031164
0.031038
0.031007
0.030659
0.030928
0.030804
0.030916
0.030572
0.030339
0.030496
0.029102
0.028286
0.027630
0.026969
0.027795
0.029247
0.030957
0.032346
0.031623
0.031234
0.029904
0.028922
0.028313
0.028031
0.028963
0.029140
0.029913
0.030056
0.030522
0.030166
0.030716
0.030134
0.029810
0.030152
0.029984
0.029544
0.030228
0.030048
0.030454
0.030079
0.029818
0.028912
0.027349
0.026658
0.026649
0.026987
0.028386
0.029669
0.030688
0.030400
0.029434
0.028009
0.026909
0.026339
0.026774
0.026676
0.027631
0.027574
0.027981
0.027911
0.027792
0.027628
0.027876
0.027002
0.026973
0.026418
0.026887
0.026777
0.027017
0.026864
0.026515
0.026689
0.025097
0.024683
0.023665
0.066685
0.067364
0.068925
0.070617
0.177244
0.176123
0.278239
0.275608
0.272819
0.269285
0.265216
0.260296
0.255963
0.250726
0.245960
0.242049
0.238424
0.234042
0.230476
0.226712
0.222189
0.218543
0.214625
0.210217
0.206491
0.201894
0.198300
0.194734
0.192094
0.191314
0.188997
0.185169
0.181202
0.175742
0.169479
0.165118
0.162126
0.159526
0.157748
0.156177
0.153863
0.150943
0.147959
0.144151
0.140358
0.137556
0.134478
0.132046
0.129953
0.127099
0.124701
0.122644
0.119849
0.117469
0.115064
0.112251
0.110116
0.107602
0.105826
0.105249
0.105063
0.104253
0.102247
0.100525
0.095622
0.091611
0.087810
0.085875
0.085613
0.085330
0.084773
0.083684
0.081603
0.079736
0.076875
0.075146
0.072835
0.071333
0.069430
0.068560
0.067548
0.065432
0.064390
0.063098
0.060999
0.059888
0.058789
0.057043
0.055926
0.054189
0.054402
0.055481
0.055712
0.055176
0.053176
0.050318
0.045905
0.043378
0.042688
0.042566
0.042909
0.043324
0.043024
0.042166
0.040289
0.039175
0.037275
0.036227
0.034928
0.034596
0.033265
0.032743
0.032295
0.030872
0.030351
0.029720
0.028122
0.027755
0.027233
0.026017
0.025448
0.025651
0.027691
0.028167
0.027634
0.026239
0.023589
0.020200
0.018515
0.017589
0.018185
0.019464
0.019936
0.020095
0.019024
0.017908
0.016612
0.015710
0.014758
0.013886
0.012849
0.013048
0.011993
0.012137
0.011888
0.011620
0.010774
0.010215
0.009471
0.009200
0.008976
0.009248
0.011946
0.012893
0.012391
0.011268
0.009061
0.006242
0.005125
0.004843
0.005096
0.005838
0.006629
0.007244
0.006927
0.006583
0.005332
0.004427
0.004278
0.003790
0.003849
0.003784
0.003549
0.003757
0.003788
0.003532
0.003530
0.003530
0.003715
0.003725
0.004206
0.003814
0.003976
0.004393
0.004773
0.004373
0.003643
0.004893
0.006462
0.006013
0.005869
0.005066
0.004605
0.004420
0.004622
0.005042
0.005280
0.005894
0.006052
0.006567
0.006453
0.006777
0.006630
0.006539
0.006992
0.006782
0.006818
0.007396
0.007441
0.008056
0.008056
0.007925
0.007130
0.005780
0.005619
0.005594
0.005965
0.007027
0.009383
0.010527
0.010660
0.009523
0.008066
0.007411
0.007135
0.007339
0.007641
0.008475
0.008861
0.009682
0.010125
0.009822
0.009636
0.010082
0.009699
0.009665
0.010189
0.010012
0.010099
0.010817
0.010433
0.011099
0.011063
0.009747
0.008188
0.007471
0.007400
0.007750
0.009181
0.011556
0.013437
0.013332
0.012149
0.010893
0.009670
0.009304
0.009103
0.009997
0.010323
0.011102
0.012013
0.012050
0.012148
0.011946
0.011746
0.011356
0.011811
0.011602
0.011674
0.012450
0.012065
0.012789
0.012543
0.012506
0.011388
0.009371
0.008575
0.008735
0.009262
0.010735
0.013420
0.014641
0.014785
0.014052
0.012548
0.011384
0.010951
0.010635
0.010732
0.011847
0.012957
0.013201
0.013484
0.013088
0.012883
0.013379
0.012775
0.012493
0.013228
0.013096
0.012942
0.013454
0.013492
0.013985
0.013947
0.012304
0.010359
0.009712
0.009580
0.009750
0.011994
0.013913
0.015853
0.015999
0.014792
0.012995
0.011876
0.011442
0.011900
0.011858
0.013022
0.013450
0.014155
0.013731
0.014288
0.014080
0.013625
0.013721
0.013683
0.013721
0.013796
0.013891
0.014660
0.014683
0.013969
0.013263
0.010924
0.009701
0.010047
0.010448
0.012204
0.015321
0.016563
0.015985
0.014776
0.013471
0.012350
0.012093
0.012128
0.012508
0.013005
0.013433
0.014386
0.015142
0.014520
0.014064
0.014568
0.014218
0.013667
0.014416
0.014492
0.014122
0.014645
0.014683
0.015403
0.014892
0.014558
0.013839
0.011279
0.010049
0.010466
0.010660
0.012833
0.015544
0.016546
0.016675
0.015434
0.013660
0.012437
0.011995
0.012544
0.012437
0.013648
0.014107
0.014584
0.014375
0.014943
0.014731
0.014768
0.014366
0.014327
0.014366
0.014691
0.014539
0.015322
0.014883
0.014635
0.015322
0.013877
0.011688
0.010606
0.010177
0.010644
0.012833
0.015277
0.017258
0.017407
0.015935
0.014126
0.013155
0.012685
0.012298
0.013136
0.013648
0.014562
0.015059
0.015098
0.014943
0.014979
0.014520
0.014366
0.014804
0.014366
0.014443
0.015017
0.014827
0.015361
0.015114
0.013669
0.011706
0.010622
0.011073
0.011136
0.014011
0.016266
0.018497
0.018647
0.017421
0.015859
0.014673
0.013836
0.013950
0.014340
0.015570
0.015781
0.016269
0.016097
0.016431
0.016222
0.015773
0.016126
0.015583
0.015621
0.015697
0.015553
0.016079
0.015879
0.015402
0.015841
0.013953
0.011786
0.010503
0.010325
0.010540
0.012194
0.014823
0.016535
0.015715
0.015229
0.013438
0.012480
0.011560
0.011372
0.012451
0.012957
0.013858
0.014343
0.014864
0.014401
0.014584
0.013746
0.013547
0.013954
0.013990
0.013837
0.014599
0.014428
0.015142
0.013417
0.011843
0.010873
0.010586
0.011007
0.012699
0.015379
0.016110
0.016018
0.015383
0.013970
0.012959
0.012425
0.012469
0.012767
0.013595
0.014588
0.014809
0.015273
0.015135
0.015113
0.015362
0.015243
0.015135
0.015470
0.015497
0.016251
0.016096
0.016095
0.016769
0.014933
0.013661
0.012837
0.012591
0.013046
0.014343
0.016880
0.018523
0.017750
0.016917
0.015292
0.014211
0.013395
0.013343
0.013934
0.014159
0.014748
0.014759
0.015314
0.014711
0.014980
0.014576
0.014456
0.014594
0.014311
0.014166
0.014909
0.014997
0.015281
0.015070
0.014798
0.014536
0.013251
0.011961
0.011227
0.011002
0.011565
0.012962
0.015251
0.017098
0.016522
0.016034
0.014372
0.013258
0.012884
0.012616
0.013481
0.013678
0.014743
0.014623
0.014982
0.014081
0.013834
0.013649
0.013298
0.013878
0.013465
0.013362
0.013964
0.013571
0.014048
0.013802
0.013571
0.012798
0.010793
0.010267
0.010369
0.010565
0.011533
0.014194
0.014912
0.014848
0.013756
0.012439
0.011405
0.011559
0.011600
0.011638
0.012542
0.012746
0.013530
0.014631
0.014328
0.014156
0.014326
0.014045
0.014201
0.014821
0.014732
0.014810
0.015461
0.015494
0.016144
0.015972
0.014767
0.013683
0.012953
0.012758
0.013000
0.014392
0.016529
0.018471
0.018604
0.017158
0.015864
0.015124
0.014447
0.014487
0.014762
0.015024
0.015755
0.016290
0.016112
0.016609
0.015834
0.015490
0.015151
0.015354
0.015388
0.015340
0.015425
0.015229
0.015632
0.014415
0.012966
0.012208
0.011873
0.012060
0.013635
0.015943
0.018032
0.017195
0.016504
0.015307
0.014129
0.013230
0.013167
0.013762
0.013996
0.014980
0.014957
0.015585
0.015031
0.015246
0.014753
0.014478
0.015065
0.014613
0.014633
0.014966
0.014774
0.015238
0.015055
0.013243
0.011873
0.010939
0.010850
0.010960
0.012391
0.014887
0.016562
0.016456
0.015047
0.013818
0.012633
0.012045
0.012073
0.012618
0.012787
0.013784
0.014674
0.014289
0.014811
0.014614
0.014261
0.014786
0.014733
0.014371
0.015085
0.015173
0.015226
0.015789
0.015543
0.014886
0.012944
0.012443
0.012175
0.012649
0.014003
0.016681
0.017617
0.017758
0.016413
0.014742
0.013945
0.013115
0.013629
0.013685
0.014458
0.014522
0.015370
0.014919
0.015437
0.014832
0.014405
0.014680
0.014238
0.014027
0.014733
0.014422
0.014873
0.014668
0.013388
0.011877
0.011152
0.011290
0.011155
0.012780
0.014591
0.016426
0.016566
0.014721
0.013561
0.012752
0.011933
0.012451
0.012737
0.013746
0.013512
0.014359
0.014394
0.014982
0.014793
0.014360
0.014882
0.014679
0.014713
0.015422
0.015352
0.014812
0.015104
0.014943
0.014183
0.012529
0.012132
0.012130
0.012564
0.014058
0.016327
0.017512
0.017653
0.016060
0.014622
0.013562
0.013447
0.013248
0.013300
0.014091
0.014237
0.014711
0.015412
0.014791
0.014594
0.014572
0.014254
0.013953
0.014655
0.014059
0.014147
0.014873
0.014661
0.013746
0.011604
0.010959
0.011081
0.011332
0.013094
0.015879
0.016839
0.016983
0.015569
0.014554
0.013234
0.012461
0.013108
0.013362
0.014072
0.014485
0.015174
0.015211
0.015762
0.015440
0.015004
0.015310
0.015267
0.015109
0.015625
0.015717
0.016230
0.016031
0.015380
0.015594
0.014040
0.012026
0.011088
0.010776
0.011360
0.012791
0.015554
0.017461
0.016414
0.015721
0.013982
0.013081
0.012268
0.012086
0.012821
0.012885
0.013704
0.013938
0.013974
0.013830
0.014067
0.013867
0.013052
0.013686
0.013286
0.013115
0.013445
0.013258
0.013969
0.013528
0.013419
0.012752
0.010431
0.009661
0.010042
0.010556
0.012205
0.014786
0.015976
0.015903
0.014751
0.014019
0.012851
0.013030
0.013018
0.013078
0.014155
0.014541
0.015245
0.015938
0.015796
0.015468
0.015422
0.015011
0.014977
0.015476
0.015544
0.015629
0.016148
0.015954
0.016673
0.016227
0.015002
0.013247
0.012902
0.012994
0.013164
0.014037
0.016229
0.017786
0.017922
0.016577
0.014808
0.013848
0.013281
0.013116
0.013834
0.013771
0.014563
0.015368
0.014947
0.015269
0.014850
0.014673
0.014191
0.014729
0.014692
0.014974
0.015055
0.014864
0.015519
0.015357
0.014516
0.012830
0.012151
0.012515
0.012921
0.014190
0.016768
0.017556
0.016957
0.015585
0.013919
0.013385
0.012836
0.013149
0.012984
0.013925
0.014023
0.014375
0.014195
0.014326
0.013803
0.013506
0.013565
0.012947
0.012516
0.013228
0.012750
0.013472
0.013508
0.013183
0.012087
0.009678
0.009172
0.009285
0.009860
0.011496
0.014270
0.015169
0.015553
0.014374
0.013538
0.012625
0.011968
0.011422
0.011482
0.012579
0.013583
0.013615
0.014095
0.013744
0.013256
0.013736
0.013608
0.013360
0.013834
0.013663
0.013557
0.013991
0.014028
0.014509
0.014236
0.013990
0.013075
0.010745
0.010234
0.010394
0.010652
0.012398
0.014930
0.016134
0.016260
0.014375
0.013828
0.012399
0.012273
0.012318
0.012644
0.013083
0.013489
0.014360
0.014740
0.014598
0.014404
0.014405
0.014262
0.014037
0.014734
0.014805
0.014669
0.014992
0.015028
0.015941
0.015695
0.014379
0.012928
0.012075
0.012072
0.012558
0.014304
0.017011
0.018781
0.018561
0.016939
0.015690
0.014550
0.013967
0.013803
0.014482
0.014941
0.016011
0.016706
0.016281
0.016496
0.016294
0.015411
