1.346908
1.244092
1.035187
0.831520
0.684397
0.603613
0.571954
0.565745
0.566274
0.567167
0.566597
0.565421
0.564153
0.564156
0.563954
0.564444
0.564405
0.564767
0.564968
0.565260
0.565543
0.565769
0.566201
0.566355
0.566100
0.567188
0.567922
0.569030
0.569983
0.570820
0.571870
0.573197
0.574144
0.574998
0.576207
0.577426
0.578854
0.579987
0.581243
0.582675
0.584034
0.585370
0.586741
0.588264
0.589682
0.591265
0.592548
0.594275
0.595965
0.597402
0.599035
0.600807
0.602456
0.604267
0.605814
0.607507
0.609227
0.611271
0.613001
0.614678
0.616361
0.618443
0.620178
0.621986
0.623961
0.625880
0.627659
0.629561
0.631303
0.633160
0.634969
0.637100
0.638949
0.640770
0.642662
0.644573
0.646581
0.648489
0.650461
0.652319
0.654060
0.656041
0.657873
0.659828
0.661803
0.663600
0.665474
0.667555
0.669388
0.671271
0.672967
0.674967
0.676770
0.678729
0.680593
0.682571
0.684351
0.686251
0.688104
0.690002
0.692004
0.693934
0.695658
0.697612
0.699629
0.701152
0.703137
0.704883
0.706848
0.708582
0.710623
0.712298
0.714244
0.716076
0.718129
0.719796
0.721774
0.723672
0.725469
0.727207
0.729149
0.730917
0.732908
0.734647
0.736420
0.738320
0.740136
0.742105
0.743728
0.745584
0.747563
0.749208
0.751108
0.752929
0.754611
0.756553
0.758287
0.760188
0.761955
0.763750
0.765549
0.767326
0.769082
0.770889
0.772632
0.774363
0.776181
0.777977
0.779733
0.781392
0.783042
0.784875
0.786579
0.788396
0.789894
0.791715
0.793542
0.795284
0.796900
0.798617
0.800327
0.802063
0.803734
0.805437
0.807022
0.808754
0.810351
0.812012
0.813573
0.815180
0.816742
0.818409
0.820047
0.821491
0.823004
0.824520
0.826093
0.827601
0.829061
0.830678
0.832163
0.833729
0.835283
0.836853
0.838051
0.839684
0.841109
0.842675
0.844021
0.845507
0.846994
0.848495
0.849906
0.851201
0.852541
0.854019
0.855424
0.856885
0.858118
0.859520
0.860926
0.862200
0.863394
0.864776
0.866060
0.867309
0.868664
0.869783
0.870989
0.872031
0.873287
0.874529
0.875602
0.876717
0.877709
0.878826
0.879715
0.880970
0.881974
0.882956
0.883936
0.884872
0.885905
0.886700
0.887687
0.888434
0.889512
0.890414
0.891093
0.891993
0.892806
0.893752
0.894372
0.895131
0.896037
0.896651
0.897511
0.898243
0.899007
0.899767
0.900546
0.901153
0.901902
0.902473
0.903182
0.903748
0.904394
0.905136
0.905681
0.906178
0.906921
0.907374
0.907957
0.908636
0.909107
0.909730
0.910268
0.910627
0.911340
0.911814
0.912321
0.912741
0.913346
0.913695
0.914268
0.914809
0.915051
0.915504
0.916007
0.916567
0.916846
0.917188
0.917620
0.918080
0.918540
0.918791
0.919171
0.919588
0.919947
0.920410
0.920619
0.921053
0.921343
0.921766
0.921965
0.922414
0.922655
0.923035
0.923288
0.923584
0.923997
0.924299
0.924453
0.924721
0.925051
0.925496
0.925693
0.925804
0.926171
0.926368
0.926554
0.927003
0.927131
0.927343
0.927714
0.927881
0.928022
0.928400
0.928528
0.928717
0.928912
0.929180
0.929321
0.929558
0.929673
0.929984
0.930240
0.930297
0.930428
0.930724
0.931092
0.931126
0.931258
0.931468
0.931764
0.931835
0.931897
0.932062
0.932247
0.932527
0.932685
0.932776
0.932860
0.933129
0.933200
0.933292
0.933501
0.933585
0.933585
0.933783
0.933975
0.933975
0.934116
0.934187
0.934271
0.934409
0.934550
0.934692
0.934749
0.934833
0.934833
0.935023
0.935079
0.935164
0.935164
0.935376
0.935376
0.935376
0.935460
0.935517
0.935588
0.935672
0.935672
0.935756
0.935813
0.935884
0.935968
0.935968
0.936025
0.936025
0.936109
0.936180
0.936180
0.936321
0.936321
0.936321
0.936406
0.936477
0.936477
0.936533
0.936618
0.936652
0.936652
0.936652
0.936807
0.936864
0.936864
0.936864
0.936948
0.936908
0.936908
0.936908
0.937035
0.937120
0.937049
0.937049
0.937049
0.937049
0.937133
0.937133
0.937133
0.937133
0.937133
0.937133
0.937133
0.937133
0.937133
0.937133
0.937133
0.937133
0.937133
0.937133
0.937133
0.937133
0.937133
0.937133
0.937133
0.937133
0.937133
0.937167
0.937167
0.937167
0.937167
0.937167
0.937167
0.937167
0.937167
0.937167
0.937167
0.937167
0.937167
0.937167
0.937167
0.937167
0.937167
0.937167
0.937167
0.937167
0.937167
0.937167
0.937167
0.937167
0.937167
0.937250
0.937250
0.937250
0.937250
0.937250
0.937250
0.937250
0.937250
0.937250
0.937250
0.937250
0.937250
0.937963
0.938945
0.939431
0.939371
0.938784
0.938866
0.938816
0.938669
0.938936
0.939809
0.940666
0.940762
0.941580
0.941675
0.942393
0.942287
0.942291
0.943200
0.942463
0.942259
0.941855
0.941687
0.942031
0.943109
0.944271
0.945430
0.945227
0.944999
0.944289
0.943875
0.943517
0.943617
0.944428
0.944644
0.945270
0.945276
0.945839
0.945438
0.945815
0.945709
0.945487
0.946206
0.946350
0.946229
0.946943
0.947008
0.947233
0.947863
0.947901
0.948491
0.947678
0.947137
0.946960
0.946629
0.947254
0.948559
0.950222
0.950766
0.950703
0.950315
0.949379
0.948788
0.948330
0.948334
0.949116
0.949214
0.950155
0.950206
0.950623
0.950466
0.951025
0.950679
0.950515
0.950226
0.950812
0.950862
0.951630
0.951447
0.951304
0.951745
0.950806
0.949949
0.949343
0.949130
0.949767
0.951178
0.953086
0.954432
0.954417
0.953377
0.952357
0.951501
0.950952
0.951193
0.952079
0.952275
0.952975
0.953810
0.953594
0.953169
0.953637
0.953337
0.953104
0.953617
0.953637
0.953436
0.954115
0.954120
0.954758
0.954363
0.953210
0.952405
0.951784
0.951945
0.951894
0.954052
0.955013
0.956358
0.956524
0.955477
0.954416
0.953747
0.953224
0.953804
0.953996
0.955040
0.955111
0.955631
0.955519
0.955944
0.955744
0.955434
0.955783
0.955604
0.955621
0.956202
0.955969
0.955837
0.956420
0.956253
0.955840
0.954119
0.953453
0.953675
0.954209
0.955595
0.957432
0.958013
0.958062
0.956961
0.955890
0.955218
0.954641
0.955264
0.955412
0.956263
0.956221
0.956927
0.957616
0.957289
0.956974
0.957226
0.957051
0.956919
0.957489
0.957197
0.957228
0.957849
0.957652
0.958003
0.956888
0.956086
0.954974
0.954799
0.955283
0.956669
0.958521
0.959046
0.959013
0.958686
0.957507
0.956738
0.956329
0.956207
0.956194
0.957083
0.957994
0.957831
0.958299
0.958027
0.957786
0.957815
0.957722
0.957598
0.958159
0.957762
0.958526
0.958320
0.958256
0.958489
0.958334
0.957249
0.956182
0.955283
0.955658
0.955295
0.957394
0.959151
0.959769
0.959899
0.958702
0.957771
0.956827
0.956348
0.956881
0.957078
0.957859
0.957947
0.958570
0.958481
0.958774
0.958487
0.958113
0.958506
0.958205
0.958232
0.958606
0.958465
0.959021
0.958801
0.958624
0.959033
0.957854
0.956858
0.955993
0.955544
0.956091
0.957663
0.959221
0.960672
0.959809
0.959454
0.958202
0.957520
0.957039
0.956778
0.957669
0.957867
0.958605
0.958434
0.958914
0.958806
0.959099
0.958594
0.958402
0.958902
0.958544
0.958540
0.959141
0.958888
0.959432
0.959127
0.958062
0.956930
0.956154
0.955532
0.955990
0.957531
0.959141
0.960586
0.960535
0.959415
0.958296
0.957571
0.957016
0.956776
0.957558
0.957829
0.958359
0.959147
0.958976
0.959477
0.958844
0.958603
0.958473
0.958788
0.958586
0.959250
0.959063
0.958726
0.959202
0.959132
0.959750
0.958249
0.957370
0.956470
0.955985
0.956692
0.957938
0.959856
0.960531
0.960190
0.959822
0.958706
0.957888
0.957324
0.957181
0.957428
0.958154
0.959025
0.958856
0.959470
0.959102
0.958808
0.959015
0.958780
0.958666
0.958996
0.958958
0.959516
0.959216
0.959185
0.959509
0.959359
0.958071
0.957065
0.956210
0.956536
0.956150
0.958459
0.960108
0.960775
0.960758
0.959669
0.958543
0.957614
0.957193
0.957726
0.957717
0.958748
0.958813
0.959406
0.959139
0.959535
0.959241
0.958765
0.959125
0.959098
0.958924
0.959180
0.959248
0.959848
0.959565
0.959316
0.959853
0.958525
0.957552
0.956683
0.956165
0.956788
0.958275
0.959963
0.961424
0.960538
0.960085
0.958868
0.958176
0.957662
0.957376
0.958325
0.958437
0.959222
0.959054
0.959587
0.959386
0.959455
0.959142
0.958907
0.959357
0.959033
0.958961
0.959594
0.959345
0.959836
0.959581
0.958560
0.957265
0.956618
0.955946
0.956548
0.958019
0.959674
0.961124
0.961101
0.959854
0.958673
0.957888
0.957472
0.957203
0.957909
0.958240
0.958916
0.959526
0.959334
0.959893
0.959402
0.958924
0.958793
0.959115
0.958992
0.959572
0.959443
0.959249
0.959633
0.959547
0.960010
0.959669
0.958487
0.957449
0.956616
0.956167
0.956551
0.958204
0.959649
0.961194
0.961226
0.959996
0.958795
0.957994
0.957488
0.957350
0.958087
0.958361
0.958961
0.959649
0.959514
0.959834
0.959376
0.959104
0.958903
0.959146
0.959116
0.959753
0.959384
0.959280
0.959809
0.959545
0.959273
0.958790
0.957119
0.956166
0.956469
0.956969
0.958414
0.960072
0.960763
0.960729
0.960349
0.959059
0.958213
0.957698
0.957526
0.957753
0.958476
0.959321
0.959210
0.959885
0.959341
0.959012
0.959368
0.958966
0.958903
0.959294
0.959165
0.959758
0.959388
0.959380
0.959711
0.959566
0.958366
0.957118
0.956448
0.956766
0.956390
0.958590
0.959579
0.961044
0.960992
0.959685
0.958644
0.957690
0.957256
0.957789
0.957935
0.958737
0.958745
0.959487
0.959203
0.959452
0.959126
0.958940
0.958959
0.958896
0.958831
0.959451
0.959082
0.959735
0.959565
0.959150
0.958713
0.957099
0.956042
0.956471
0.956715
0.958382
0.960214
0.960758
0.960706
0.959613
0.958467
0.957325
0.957701
0.957671
0.957617
0.958543
0.958638
0.959271
0.959751
0.959334
0.959125
0.959420
0.958994
0.958895
0.959482
0.959122
0.959046
0.959653
0.959385
0.959877
0.958632
0.957594
0.956631
0.956244
0.956815
0.958263
0.960009
0.960674
0.960460
0.960120
0.958910
0.958036
0.957618
0.957375
0.957659
0.958355
0.959194
0.959061
0.959713
0.959308
0.958919
0.959219
0.958946
0.958689
0.959110
0.959165
0.959725
0.959353
0.959217
0.958761
0.956978
0.956048
0.956347
0.956813
0.958347
0.960059
0.960669
0.960681
0.959652
0.958988
0.958128
0.957802
0.957544
0.957631
0.958564
0.959290
0.959218
0.959767
0.959437
0.959072
0.959377
0.959039
0.958963
0.959348
0.959138
0.959149
0.959519
0.959459
0.959923
0.959698
0.958494
0.957241
0.956580
0.956249
0.956615
0.958122
0.959727
0.961194
0.961107
0.959924
0.958825
0.958002
0.957483
0.957347
0.957988
0.958264
0.958946
0.959649
0.959421
0.959836
0.959435
0.959102
0.959430
0.959234
0.959083
0.959566
0.959473
0.959248
0.959657
0.959541
0.960132
0.958764
0.957723
0.956849
0.956383
0.956956
0.958427
0.960251
0.960794
0.960703
0.960331
0.959149
0.958238
0.957753
0.957668
0.958509
0.958535
0.959468
0.959351
0.959910
0.959486
0.959949
0.959509
0.959161
0.958956
0.959399
0.959361
0.959991
0.959655
0.959556
0.959984
0.959619
0.959136
0.957389
0.956592
0.956969
0.957324
0.958765
0.960445
0.961205
0.961082
0.959987
0.958863
0.957761
0.957468
0.957946
0.957931
0.958878
0.958847
0.959563
0.959272
0.959671
0.959371
0.959096
0.959258
0.959082
0.958987
0.959371
0.959382
0.959893
0.959722
0.959450
0.958805
0.957201
0.956200
0.956488
0.957086
0.958433
0.960386
0.960851
0.960772
0.960434
0.959283
0.958315
0.957750
0.957777
0.957759
0.958513
0.959453
0.959344
0.959811
0.959445
0.959236
0.959323
0.959046
0.958947
0.959473
0.959233
0.959156
0.959683
0.959406
0.960019
0.959683
0.958442
0.957388
0.956650
0.956151
0.956596
0.957944
0.959802
0.961182
0.961059
0.959873
0.958863
0.958077
0.957397
0.957322
0.958063
0.958797
0.958893
0.959720
0.959497
0.959753
0.959381
0.959172
0.959476
0.959093
0.959120
0.959736
0.959244
0.959285
0.959799
0.959588
0.959992
0.958800
0.957767
0.956793
0.956488
0.956901
0.958592
0.960149
0.960782
0.960748
0.960406
0.959137
0.958221
0.957880
0.957597
0.958370
0.958577
0.959506
0.959198
0.959725
0.959533
0.959849
0.959356
0.959120
0.959057
0.959337
0.959266
0.959950
0.959590
0.959439
0.959857
0.959736
0.959267
0.957421
0.956672
0.956919
0.957348
0.958806
0.960533
0.961236
0.961217
0.960087
0.958769
0.957895
0.957491
0.957942
0.958044
0.958974
0.958949
0.959717
0.959396
0.959684
0.959354
0.959131
0.959329
0.959243
0.959057
0.959472
0.959452
0.960052
0.959700
0.959609
0.959980
0.959738
0.959226
0.957460
0.956673
0.956999
0.957300
0.958800
0.960731
0.961181
0.961148
0.960006
0.958986
0.957910
0.957490
0.958066
0.958162
0.958964
0.959132
0.959744
0.959600
0.959760
0.959519
0.959277
0.959381
0.959318
0.959167
0.959618
0.959470
0.960039
0.959904
0.959662
0.959965
0.958845
0.957891
0.956955
0.956524
0.957030
0.958580
0.960375
0.961631
0.960739
0.960317
0.959233
0.958354
0.957776
0.957688
0.958502
0.958562
0.959416
0.959294
0.959779
0.959519
0.959789
0.959453
0.959106
0.959616
0.959400
0.959249
0.959774
0.959692
0.960243
0.959843
0.958689
0.957616
0.956784
0.956397
0.956805
0.958267
0.959937
0.961373
0.961322
0.960191
0.958994
0.958170
0.957663
0.957542
0.958244
0.958439
0.959117
0.959911
0.959595
0.960012
0.959549
0.959216
0.959791
0.959317
0.959252
0.959832
0.959648
0.959453
0.959808
0.959808
0.959213
0.957346
0.956658
0.956829
0.957386
0.958678
0.960522
0.961283
0.961194
0.959825
0.958789
0.957826
0.957306
0.957869
0.958156
0.958928
0.958843
0.959648
0.959504
0.959630
0.959332
0.959181
0.959359
0.959131
0.959070
0.959579
0.959340
0.960031
0.959808
0.959409
0.958864
0.957375
0.956226
0.956660
0.957025
0.958616
0.960339
0.960883
0.960872
0.960622
0.959322
0.958315
0.957929
0.957899
0.957850
0.958615
0.959638
0.959562
0.959903
0.959573
0.959421
0.959541
0.959230
0.959131
0.959603
0.959362
0.959283
0.959776
0.959624
0.960036
0.958864
0.957899
0.956893
0.956482
0.957077
0.958523
0.960302
0.961683
0.960698
0.960367
0.959196
0.958403
0.957836
0.957685
0.958643
0.958615
0.959545
0.959348
0.959921
0.959515
0.959865
0.959506
0.959319
0.959745
0.959522
0.959381
0.959892
0.959617
0.959519
0.960064
0.959763
0.959292
0.957526
0.956630
0.957022
0.957368
0.958832
0.960596
0.961267
0.961248
0.960117
0.958782
0.957990
0.957504
0.958036
0.958140
0.959129
0.959046
0.959642
0.959579
0.959836
0.959536
0.959255
0.959599
0.959395
0.959274
0.959654
0.959546
0.960065
0.959827
0.959703
0.960075
0.958825
0.957874
0.957085
0.956505
0.957057
0.958560
0.960246
0.961741
0.961522
0.960302
0.959253
0.958372
0.957759
0.957707
0.958440
0.958729
0.959318
0.960112
0.959798
0.959599
0.959706
0.959426
0.959138
0.959529
0.959351
0.959282
0.959718
0.959608
0.960173
0.959781
0.959660
0.959018
0.957322
0.956526
0.956654
0.957253
0.958823
0.960503
0.961117
0.961071
0.960726
0.959387
0.958497
0.958003
0.957833
0.958064
0.958799
0.959646
0.959483
0.960128
0.959670
0.959393
0.959640
0.959402
0.959102
0.959699
0.959493
0.959290
0.959842
0.959632
0.960169
0.958831
0.957892
0.957004
0.956528
0.957107
0.958498
0.960354
0.961668
0.960774
0.960291
0.959112
0.958282
0.957747
0.957684
0.958554
0.958495
0.959464
0.959265
0.959804
0.959399
0.959838
0.959422
0.959054
0.959663
0.959311
0.959185
0.959735
0.959569
0.959470
0.959781
0.959660
0.960123
0.958775
0.957865
0.956833
0.956528
0.956905
0.958512
0.960297
0.960824
0.960774
0.960242
0.959110
0.958210
0.957756
0.957591
0.958373
0.958584
0.959443
0.959263
0.959657
0.959421
0.959838
0.959240
0.959129
0.958920
0.959220
0.959185
0.959927
0.959567
0.959324
0.959870
0.959602
0.959056
0.957319
0.956654
0.956778
0.957253
0.958601
0.960557
0.961081
0.961027
0.959891
0.958814
0.957788
0.957264
0.957886
0.957936
0.958837
0.958867
0.959536
0.959381
0.959636
0.959357
0.959147
0.959220
0.959192
0.959036
0.959455
0.959345
0.959969
0.959741
0.959505
0.959932
0.958710
0.957663
0.956866
0.956400
0.956900
0.958472
0.960054
0.961518
0.961355
0.960310
0.959112
0.958280
0.957751
0.957558
0.958347
0.958455
0.959401
0.959973
0.959712
0.959417
0.959721
0.959331
0.959127
0.959518
0.959400
0.959240
0.959762
0.959624
0.960123
0.959867
0.958702
0.957601
0.956787
0.957104
0.956726
0.958207
0.959938
0.961320
0.961355
0.960220
0.959165
0.958096
0.957765
0.957647
0.958117
0.959163
0.959231
0.960027
0.959564
0.960045
0.959664
0.959384
0.959641
0.959518
0.959309
0.959719
0.959671
0.959566
0.960014
0.959741
0.959351
0.957510
0.956615
0.956874
0.957341
0.958767
0.960715
0.961171
0.961297
0.960071
0.958801
0.957876
0.957454
0.958011
0.958024
0.959014
0.959171
0.959720
0.959471
0.959815
0.959484
0.959948
0.959412
0.959281
0.959220
0.959615
0.959523
0.960103
0.959812
0.959628
0.959010
0.957423
0.956333
0.956706
0.957227
0.958766
0.960444
0.961026
0.961035
0.960781
0.959418
0.958439
0.958072
0.957863
0.957915
0.958798
0.959733
0.959571
0.960070
0.959761
0.959515
0.959548
0.959393
0.959281
0.959528
0.959493
0.959434
0.959784
0.959632
0.960166
0.959010
0.957801
0.957060
0.956470
0.957162
0.958529
0.960318
0.961701
0.960807
0.960291
0.959203
0.958315
0.957747
0.957648
0.958610
0.958526
0.959464
0.959320
0.959748
0.959418
0.959712
0.959318
0.959073
0.959511
0.959296
0.959205
0.959664
0.959463
0.960053
0.959799
0.959625
0.958962
0.957339
0.956388
0.956717
0.957218
0.958621
0.960375
0.961011
0.960957
0.959912
0.958640
0.957717
0.957900
0.957793
0.957865
0.958766
0.958923
0.959341
0.959931
0.959566
0.959322
0.959579
0.959150
0.959122
0.959585
0.959296
0.959274
0.959853
0.959524
0.960049
0.959929
0.958670
0.957577
0.956771
0.956250
0.956814
0.958151
0.959969
0.961397
0.961294
0.960069
0.959108
0.958184
0.957513
0.957554
0.958262
0.958451
0.959080
0.959969
0.959709
0.959975
0.959571
0.959327
0.958997
0.959279
0.959307
0.959887
0.959578
0.959473
0.960129
0.959667
0.959100
0.957439
0.956586
0.956884
0.956525
0.958694
0.960607
0.961155
0.961134
0.959999
0.958944
0.957940
0.957375
0.958074
0.958098
0.959000
0.959010
0.959725
0.959454
0.959800
0.959500
0.959219
0.959327
0.959139
0.959073
0.959458
0.959438
0.960042
0.959688
0.959508
0.959961
0.958747
0.957751
0.956870
0.956342
0.957073
0.958327
0.960230
0.961648
0.960718
0.960165
0.959114
0.958350
0.957606
0.957648
0.958498
0.958346
0.959338
0.959126
0.959609
0.959224
0.959582
0.959283
0.958990
0.959372
0.959261
0.959045
0.959560
0.959427
0.959984
0.959731
0.959427
0.959015
0.957177
0.956408
0.956555
0.957089
0.958550
0.960454
0.960943
0.961070
0.959842
0.958539
0.957647
0.957828
0.957692
0.957866
0.958786
0.958852
0.959343
0.960023
0.959496
0.959165
0.959582
0.959205
0.958962
0.959552
0.959296
0.959204
0.959784
0.959584
0.960144
0.959703
0.958517
0.957636
0.956669
0.956237
0.956622
0.958233
0.959779
0.961301
0.961289
0.960062
0.958932
0.958154
0.957663
0.957468
0.958176
0.958386
0.959072
0.959724
0.959518
0.959969
0.959473
0.959136
0.958932
0.959182
0.959118
0.959754
0.959514
0.959376
0.959812
0.959584
0.959376
0.958756
0.957090
0.956149
0.956386
0.956968
0.958461
0.960307
0.960820
0.960727
0.960372
0.959189
0.958231
0.957649
0.957633
0.957673
0.958445
0.959324
0.959253
0.959828
0.959407
0.959106
0.959248
0.958990
0.958872
0.959299
0.959046
0.959824
0.959555
0.959274
0.959812
0.959612
0.958427
0.957250
0.956615
0.956708
0.956498
0.958642
0.959744
0.961012
0.961049
0.959823
0.958862
0.957890
0.957357
0.957933
0.958142
0.958857
0.958834
0.959723
0.959460
0.959650
0.959324
0.959172
0.959241
0.959124
0.959061
0.959615
0.959276
0.959936
0.959801
0.959435
0.959946
0.958734
0.957736
0.956797
0.956362
0.956912
0.958383
0.960067
0.961543
0.960612
0.960151
0.958953
0.958246
0.957592
0.957399
0.958395
0.958331
0.959323
0.959105
0.959680
0.959293
0.959733
0.959263
0.959061
0.959522
0.959209
0.959116
0.959594
0.959554
0.960055
0.959801
0.959554
0.959053
0.957250
0.956319
0.956685
0.957145
0.958589
0.960396
0.961070
0.961107
0.959823
0.958571
0.957685
0.957162
0.957759
0.957922
0.958824
0.958834
0.959432
0.959280
0.959624
0.959324
0.959661
0.959298
0.959091
0.958968
0.959284
0.959262
0.959785
0.959512
0.959332
0.959793
0.958480
0.957497
0.956636
0.956169
0.956678
0.958279
0.959916
0.961392
0.961163
0.960082
0.958882
0.958084
0.957522
0.957327
0.958152
0.958262
0.959034
0.959744
0.959518
0.959167
0.959345
0.959192
0.958990
0.959268
0.959081
0.959045
0.959514
0.959247
0.959812
0.959731
0.958451
0.957282
0.956560
0.956726
0.956499
0.958538
0.959744
0.961072
0.961141
0.959843
0.958791
0.957857
0.957423
0.957862
0.957924
0.958948
0.958854
0.959563
0.959371
0.959830
0.959254
0.959012
0.959403
0.959213
0.958901
0.959526
0.959514
0.959812
0.959584
0.959584
0.958934
0.957139
0.956421
0.956502
0.957147
0.958482
0.960306
0.961072
0.961015
0.959752
0.958481
0.957687
0.957753
0.957634
0.957835
0.958765
0.958763
0.959343
0.959956
0.959555
0.959196
0.959492
0.959243
0.958962
0.959552
0.959320
0.959263
0.959645
0.959459
0.960133
0.959794
0.959617
0.958956
0.957254
0.956321
0.956703
0.957073
0.958700
0.960468
0.960925
0.960980
0.959920
0.958732
0.957673
0.957284
0.957942
0.957835
0.958858
0.959029
0.959504
0.959990
0.959659
0.959506
0.959618
0.959242
0.959214
0.959770
0.959297
0.959367
0.959947
0.959494
0.959436
0.959866
0.959656
0.959050
0.957416
0.956530
0.956888
0.957288
0.958713
0.960630
0.961118
0.961050
0.959990
0.958700
0.957673
0.957284
0.957853
0.958014
0.958858
0.958940
0.959562
0.959281
0.959659
0.959326
0.959044
0.959242
0.959034
0.959062
0.959355
0.959278
0.959856
0.959583
0.959494
0.959775
0.958678
0.957649
0.956707
0.956241
0.956741
0.958313
0.959896
0.961395
0.961197
0.960152
0.958863
0.958157
0.957593
0.957367
0.958224
0.958297
0.959162
0.959724
0.959499
0.959259
0.959473
0.959173
0.958878
0.959361
0.959120
0.959026
0.959513
0.959375
0.959793
0.959618
0.958544
0.957322
0.956630
0.956767
0.956511
0.958666
0.959724
0.961071
0.961197
0.959971
0.958772
0.957937
0.957427
0.957797
0.957914
0.958873
0.958851
0.959595
0.959368
0.959758
0.959285
0.958984
0.959443
0.959049
0.958930
0.959521
0.959383
0.959187
0.959615
0.958526
0.957318
0.956602
0.955960
0.956518
0.958016
0.959769
0.961146
0.961096
0.959969
0.958835
0.957963
0.957411
0.957273
0.958096
0.958232
0.958883
0.959685
0.959493
0.959908
0.959374
0.959131
0.958828
0.959172
0.959019
0.959727
0.959487
0.959276
0.959762
0.958597
0.957522
0.956690
0.956209
0.956688
0.958259
0.960022
0.961353
0.961225
0.960131
0.958925
0.957963
0.957573
0.957397
0.958031
0.958325
0.959217
0.959100
0.959403
0.959291
0.959627
0.959166
0.958886
0.959467
0.959173
0.959010
0.959537
0.959521
0.959917
0.958588
0.957786
0.956714
0.956347
0.956759
0.958309
0.960201
0.960636
0.960599
0.960182
0.959067
0.958043
0.957620
0.957502
0.958431
0.958406
0.959312
0.959207
0.959576
0.959283
0.959633
0.959362
0.958967
0.959545
0.959250
0.959249
0.959618
0.959418
0.959446
0.958678
0.956955
0.956917
0.956346
0.956998
0.958309
0.960165
0.960876
0.960690
0.960365
0.959068
0.958197
0.957806
0.957507
0.957638
0.958502
0.959280
0.959153
0.959801
0.959344
0.959065
0.959220
0.959122
0.958862
0.959199
0.959165
0.959818
0.959367
0.959306
0.958917
0.956961
0.956077
0.956379
0.956861
0.958429
0.960112
0.960790
0.960788
0.959511
0.959016
0.957495
0.957595
0.957455
0.957643
0.958429
0.958518
0.959067
0.959714
0.959256
0.959009
0.959304
0.958851
0.958600
0.959043
0.958557
0.958213
0.958536
0.958064
0.957400
0.955468
0.954394
0.954591
0.954814
0.956378
0.958266
0.958851
0.958849
0.957779
0.956503
0.955109
0.954455
0.955011
0.954700
0.955448
0.955378
0.955743
0.955352
0.955452
0.955036
0.954385
0.954516
0.954212
0.953887
0.953992
0.953856
0.954379
0.953712
0.953453
0.952695
0.950750
0.949645
0.949735
0.950175
0.951785
0.953488
0.954181
0.954280
0.953840
0.952365
0.951308
0.950696
0.950138
0.950205
0.950773
0.951413
0.951118
0.951594
0.951064
0.950472
0.950550
0.950106
0.949662
0.949966
0.949719
0.949443
0.949588
0.949306
0.949672
0.948119
0.946978
0.945969
0.945271
0.945889
0.947221
0.949151
0.950580
0.949856
0.949193
0.947981
0.947023
0.946149
0.945778
0.946515
0.946289
0.947055
0.946764
0.947079
0.946535
0.946752
0.946211
0.945862
0.946035
0.945558
0.945396
0.945653
0.945325
0.945047
0.945371
0.944821
0.944235
0.942285
0.941228
0.941431
0.941616
0.943191
0.944994
0.945640
0.945817
0.944635
0.943268
0.942082
0.941437
0.941786
0.941643
0.942465
0.942226
0.942730
0.942381
0.942561
0.942017
0.942263
0.941652
0.941288
0.941014
0.941213
0.940998
0.941412
0.940966
0.940665
0.940803
0.939477
0.938303
0.937291
0.936605
0.937146
0.938702
0.940344
0.940851
0.939063
0.935801
0.932584
0.929628
0.926933
0.924331
0.923157
0.921031
0.919644
0.918136
0.915932
0.913204
0.911203
0.908393
0.905343
0.903099
0.899783
0.896572
0.893938
0.890418
0.887669
0.884026
0.880554
0.876656
0.871188
0.867087
0.864083
0.861054
0.859162
0.857599
0.854653
0.850773
0.846946
0.842389
0.838154
0.834162
0.830542
0.827173
0.824817
0.821921
0.818401
0.815431
0.811630
0.808054
0.804891
0.801218
0.797588
0.794739
0.791103
0.787724
0.784904
0.781451
0.778608
0.774174
0.769819
0.766087
0.762622
0.760170
0.758598
0.757449
0.755575
0.752816
0.750127
0.746830
0.742650
0.738129
0.735745
0.733340
0.730125
0.726149
0.722739
0.718868
0.716543
0.713817
0.711431
0.708704
0.705014
0.702129
0.699075
0.696371
0.692546
0.690012
0.687185
0.683934
0.681015
0.678510
0.675992
0.672704
0.669928
0.667264
0.664692
0.661261
0.658666
0.656136
0.653376
0.650102
0.647441
0.644899
0.641704
0.638906
0.636442
0.633794
0.630334
0.627919
0.625154
0.622657
0.619100
0.616685
0.613840
0.611527
0.608149
0.605483
0.602798
0.600218
0.596844
0.594264
0.591743
0.589083
0.585791
0.583197
0.580561
0.577282
0.574728
0.572071
0.569519
0.566191
0.563528
0.560948
0.558442
0.555179
0.552609
0.550021
0.547362
0.543907
0.541320
0.538736
0.535988
0.532897
0.530188
0.527532
0.524331
0.521787
0.519207
0.516625
0.513291
0.510556
0.508150
0.505572
0.502192
0.499705
0.497055
0.494450
0.491251
0.488531
0.485918
0.483420
0.480051
0.477406
0.475037
0.471832
0.469108
0.466538
0.463994
0.460581
0.458044
0.455445
0.452969
0.449775
0.447291
0.444542
0.442069
0.438896
0.436130
0.433577
0.431179
0.427693
0.425100
0.422590
0.420183
0.416922
0.414437
0.411691
0.408411
0.406028
0.403240
0.400710
0.397614
0.395099
0.392447
0.389990
0.386756
0.384128
0.381616
0.379118
0.375818
0.373364
0.370858
0.368143
0.364951
0.362331
0.359903
0.356836
0.354243
0.351681
0.349269
0.345944
0.343484
0.341111
0.338586
0.335201
0.332518
0.330133
0.327489
0.323962
0.321468
0.318747
0.316173
0.312944
0.310284
0.307812
0.305176
0.301752
0.299277
0.296801
0.293309
0.290723
0.288088
0.285613
0.282307
0.279711
0.277040
0.274477
0.271141
0.268660
0.265941
0.263546
0.260360
0.257843
0.255432
0.253031
0.249835
0.247443
0.244919
0.241786
0.239304
0.237012
0.234867
0.231651
0.229353
0.227045
0.224729
0.221878
0.219525
0.217416
0.215267
0.212326
0.210290
0.208016
0.205980
0.203303
0.201183
0.199073
0.196980
0.194299
0.192335
0.190152
0.187678
0.185563
0.183742
0.181869
0.179252
0.177385
0.175546
0.173676
0.171211
0.169407
0.167545
0.165874
0.163387
0.161676
0.159916
0.158332
0.155836
0.154198
0.152520
0.150153
0.148620
0.147053
0.145331
0.142900
0.141561
0.139984
0.138530
0.136426
0.134907
0.133400
0.132104
0.129980
0.128632
0.127258
0.126085
0.123815
0.122583
0.121263
0.120158
0.118084
0.116871
0.115833
0.113887
0.112728
0.111693
0.110533
0.108754
0.107675
0.106698
0.105539
0.103899
0.102911
0.101954
0.101187
0.099379
0.098559
0.097473
0.096827
0.095087
0.094662
0.093663
0.092048
0.091198
0.090557
0.089927
0.088470
0.087891
0.087054
0.086505
0.085196
0.084693
0.083976
0.083585
0.082148
0.081680
0.081346
0.080868
0.079609
0.079051
0.078555
0.078267
0.077035
0.076724
0.076364
0.075274
0.074880
0.074533
0.074315
0.073348
0.073080
0.072636
0.072442
0.071616
0.071219
0.071036
0.070854
0.069873
0.069628
0.069521
0.069497
0.068397
0.068318
0.068297
0.067291
0.067142
0.066988
0.066885
0.066023
0.066080
0.066021
0.065812
0.064899
0.064837
0.065025
0.064915
0.064030
0.063937
0.063927
0.063954
0.063083
0.063246
0.063151
0.063119
0.062342
0.062415
0.062481
0.061591
0.061728
0.061770
0.061833
0.060901
0.061148
0.061165
0.061253
0.060350
0.060742
0.060599
0.060661
0.059930
0.060208
0.060151
0.060181
0.059463
0.059616
0.059715
0.058859
0.059022
0.059251
0.059260
0.058437
0.058610
0.058840
0.058918
0.058157
0.058422
0.058512
0.058577
0.057834
0.058097
0.058156
0.058247
0.057519
0.057700
0.057881
0.057136
0.057390
0.057430
0.057521
0.056812
0.057263
0.057263
0.057252
0.056590
0.056821
0.057001
0.057001
0.056559
0.056730
0.056816
0.056989
0.056513
0.056513
0.056473
0.056654
0.056303
0.056303
0.056303
0.055600
0.056136
0.056136
0.056187
0.055442
0.055797
0.055968
0.056147
0.055428
0.055791
0.055881
0.056147
0.055354
0.055626
0.055677
0.055908
0.055107
0.055379
0.055732
0.055017
0.055198
0.055379
0.055651
0.054949
0.055036
0.055307
0.055449
0.054824
0.054950
0.055221
0.055401
0.054697
0.054878
0.055059
0.055240
0.054619
0.054878
0.055059
0.055240
0.054719
0.054719
0.054990
0.054330
0.054640
0.054637
0.054908
0.054297
0.054478
0.054818
0.054908
0.054297
0.054478
0.054727
0.054999
0.054478
0.054558
0.054818
0.055089
0.054478
0.054649
0.054937
0.054147
0.054509
0.054681
0.054937
0.054328
0.054507
0.054845
0.054935
0.054326
0.054598
0.054845
0.055025
0.054416
0.054597
0.054844
0.053639
0.051631
0.051716
0.051974
0.050896
0.050481
0.050983
0.050706
0.050186
0.049573
0.049724
0.049135
0.048361
0.048539
0.047888
0.047255
0.047471
0.046982
0.046145
0.046583
0.046058
0.045258
0.045588
0.044856
0.044409
0.044648
0.044025
0.044213
0.043852
0.043251
0.043400
0.042948
0.042347
0.042677
0.041964
0.042406
0.041954
0.041172
0.041502
0.041231
0.040450
0.040870
0.040427
0.039726
0.040146
0.039726
0.039965
0.039604
0.039004
0.039423
0.039152
0.038281
0.038701
0.038349
0.038701
0.038430
0.037559
0.038159
0.037708
0.037108
0.037708
0.037086
0.036657
0.036986
0.036567
0.036986
0.036716
0.036116
0.036535
0.036094
0.035665
0.036084
0.035643
0.036084
0.035724
0.035124
0.035543
0.035273
0.034673
0.035273
0.034742
0.034403
0.034822
0.034403
0.034822
0.034552
0.033953
0.034552
0.034021
0.033683
0.034282
0.033751
0.034372
0.033832
0.033503
0.033832
0.033742
0.033052
0.033832
0.033121
0.032963
0.033201
0.032963
0.033381
0.033111
0.032602
0.033111
0.032941
0.032243
0.033022
0.032401
0.033111
0.032571
0.032243
0.032661
0.032392
0.032153
0.032392
0.032221
0.032571
0.032392
0.031793
0.032392
0.032122
0.031613
0.032302
0.031682
0.031523
0.031941
0.031523
0.032122
0.031762
0.031433
0.031852
0.031672
0.031163
0.031762
0.031322
0.031762
0.031672
0.031163
0.031762
0.031402
0.030894
0.031492
0.031142
0.030894
0.031312
0.030894
0.031492
0.031223
0.030804
0.031312
0.030962
0.030534
0.031223
0.030782
0.031312
0.031043
0.030534
0.031223
0.030863
0.030444
0.031133
0.030513
0.030355
0.030863
0.030444
0.031133
0.030683
0.030355
0.030863
0.028917
0.027318
0.026245
0.025259
0.025872
0.027803
0.030398
0.032251
0.031213
0.030651
0.029186
0.027760
0.027200
0.027078
0.027826
0.028025
0.028961
0.028759
0.029405
0.029014
0.029330
0.028960
0.028405
0.028967
0.028742
0.028383
0.027310
0.025258
0.024905
0.024098
0.024498
0.026565
0.029027
0.029966
0.030093
0.029283
0.027803
0.026949
0.026104
0.025804
0.025908
0.026877
0.027803
0.027843
0.028388
0.028006
0.027460
0.027884
0.027504
0.027117
0.027747
0.027555
0.026588
0.024362
0.023086
0.023213
0.023682
0.025837
0.028366
0.029326
0.029282
0.027783
0.026220
0.025284
0.024622
0.025173
0.025350
0.026251
0.026468
0.027216
0.027073
0.027548
0.026850
0.026571
0.027048
0.026648
0.026525
0.027188
0.026946
0.027595
0.025875
0.024288
0.023108
0.022356
0.022836
0.024916
0.027389
0.029326
0.028509
0.027953
0.026237
0.025098
0.024514
0.024214
0.025151
0.025446
0.026301
0.026281
0.026912
0.026623
0.026940
0.026476
0.026111
0.026750
0.026345
0.026253
0.025340
0.023003
0.021797
0.022025
0.022349
0.024816
0.027136
0.028177
0.028201
0.027547
0.026039
0.025078
0.024492
0.024103
0.024120
0.025374
0.026219
0.026264
0.026811
0.026516
0.025960
0.026476
0.026092
0.025610
0.026335
0.026145
0.025891
0.026646
0.026429
0.027031
0.025032
0.023570
0.022557
0.021664
0.022265
0.024330
0.027066
0.028747
0.027988
0.027404
0.025877
0.024650
0.024157
0.023930
0.024792
0.024998
0.026031
0.026010
0.026479
0.026083
0.026760
0.026296
0.025751
0.026390
0.026255
0.025893
0.026583
0.026466
0.027121
0.025155
0.023690
0.022414
0.021857
0.022177
0.024401
0.027045
0.028106
0.028149
0.027313
0.026075
0.024988
0.024314
0.024014
0.024193
0.025177
0.026111
0.026174
0.026829
0.026426
0.026760
0.026476
0.026092
0.025699
0.026425
0.026235
0.026853
0.026556
0.026429
0.025334
0.022989
0.021915
0.022035
0.022534
0.024751
0.027226
0.028457
0.028420
0.027583
0.026255
0.025258
0.024672
0.024193
0.024373
0.025536
0.026381
0.026354
0.027099
0.026696
0.026067
0.026566
0.026362
0.025969
0.026425
0.026415
0.026341
0.026735
0.026519
0.025651
0.023311
0.022059
0.022175
0.022648
0.024951
0.027379
0.028364
0.028425
0.027091
0.025418
0.024346
0.023857
0.024328
0.024395
0.025574
0.025705
0.026294
0.026170
0.026728
0.026285
0.026602
0.026301
0.025988
0.025775
0.026451
0.026201
0.027031
0.025024
0.023599
0.022329
0.021657
0.022070
0.024351
0.026759
0.028615
0.027882
0.027403
0.025751
0.024696
0.024125
0.023727
0.024663
0.025125
0.025885
0.025774
0.026492
0.026298
0.026524
0.025982
0.025792
0.026338
0.025843
0.025844
0.026719
0.026321
0.025202
0.023074
0.021822
0.022010
0.022486
0.024610
0.027361
0.028072
0.028063
0.026712
0.025401
0.023987
0.023499
0.024409
0.024125
0.025214
0.025525
0.026295
0.025882
0.026458
0.026105
0.025644
0.026120
0.025808
0.025595
0.026092
0.026020
0.026761
0.026446
0.026197
0.025080
0.022775
0.021585
0.021713
0.022219
0.024441
0.026977
0.027874
0.028082
0.027512
0.026000
0.024851
0.024270
0.023953
0.023970
0.025124
0.026155
0.026024
0.026679
0.026367
0.025925
0.026152
0.025860
0.025740
0.026193
0.026002
0.025930
0.026591
0.026197
0.026886
0.025170
0.023447
0.022267
0.021624
0.022042
0.024441
0.026706
0.028653
0.027991
0.027422
0.025820
0.024696
0.024207
0.023800
0.024663
0.025034
0.025885
0.025864
0.026509
0.026207
0.026524
0.025981
0.025792
0.026518
0.026112
0.025844
0.026709
0.026411
0.027066
0.025203
0.023747
0.022467
0.021819
0.022220
0.024421
0.027047
0.027854
0.027881
0.027511
0.026197
0.024941
0.024270
0.024238
0.024149
0.025034
0.026154
0.026384
0.026769
0.026277
0.026883
0.026511
0.026040
0.025651
0.026552
0.026092
0.026799
0.026681
0.026647
0.025382
0.023044
0.021884
0.021997
0.022488
0.024771
0.027227
0.028543
0.028402
0.027415
0.026159
0.025238
0.024285
0.024074
0.024349
0.025433
0.026195
0.026261
0.027099
0.026603
0.025971
0.026558
0.026353
0.025687
0.026506
0.026406
0.026243
0.026640
0.026513
0.027298
0.025096
0.023702
0.022504
0.021786
0.022404
0.024414
0.027177
0.028269
0.028374
0.027505
0.026141
0.025148
0.024465
0.024080
0.025131
0.025433
0.026115
0.026261
0.026839
0.026620
0.026846
0.026558
0.026101
0.025868
0.026335
0.026154
0.027028
0.026730
0.026423
0.027037
0.025299
0.023613
0.022356
0.021552
0.022147
0.024342
0.026996
0.028960
0.029070
0.027595
0.025887
0.024898
0.024135
0.023810
0.024869
0.025253
0.026025
0.026792
0.026749
0.026440
0.026665
0.026207
0.025921
0.026380
0.026064
0.026064
0.026676
0.026297
0.027117
0.026946
0.024849
0.023254
0.022179
0.022322
0.021968
0.025037
0.026906
0.028687
0.028556
0.027157
0.025627
0.024456
0.023865
0.024589
0.024599
0.025523
0.025935
0.026532
0.026387
0.026863
0.026494
0.025864
