1.004649
1.004649
1.004649
1.004649
1.004649
1.004649
1.004649
1.004649
1.004654
1.004651
1.004552
1.004171
1.003668
1.003026
1.002002
1.000970
1.000087
0.999114
0.998184
0.997238
0.996471
0.995997
0.995513
0.995154
0.994365
0.993498
0.992221
0.990948
0.989343
0.987776
0.986055
0.984429
0.982800
0.980901
0.978897
0.976651
0.974115
0.971689
0.969155
0.966578
0.964065
0.961834
0.959730
0.957994
0.956165
0.954476
0.952489
0.950642
0.948661
0.946509
0.944090
0.941332
0.938863
0.936370
0.933904
0.931353
0.928967
0.926682
0.924369
0.921970
0.919747
0.917273
0.915011
0.912594
0.910223
0.907789
0.905588
0.903311
0.900956
0.898609
0.896276
0.893988
0.891946
0.889665
0.887241
0.885031
0.882689
0.880421
0.878260
0.876040
0.873686
0.871584
0.869327
0.867080
0.865012
0.862869
0.860582
0.858523
0.856326
0.854071
0.851809
0.849704
0.847716
0.845474
0.843273
0.841172
0.839071
0.837126
0.834987
0.833097
0.830946
0.828765
0.826358
0.824320
0.822448
0.821121
0.819933
0.818803
0.817483
0.816017
0.814344
0.812563
0.810683
0.808706
0.806790
0.804804
0.802847
0.801145
0.799660
0.797885
0.796053
0.794243
0.792172
0.790465
0.788850
0.786945
0.785344
0.783680
0.781734
0.779935
0.777961
0.776098
0.774133
0.771931
0.769669
0.767426
0.765295
0.762921
0.760602
0.758446
0.756511
0.754232
0.752176
0.749920
0.747850
0.745669
0.743568
0.741413
0.739157
0.737355
0.735105
0.733122
0.731106
0.728973
0.726902
0.724926
0.722873
0.720894
0.718890
0.716950
0.715056
0.713035
0.711128
0.708997
0.707100
0.705102
0.703238
0.701272
0.699360
0.697501
0.695588
0.693739
0.692018
0.689863
0.688061
0.686252
0.684324
0.682590
0.680681
0.678859
0.677055
0.675317
0.673593
0.671716
0.669893
0.668021
0.666434
0.664594
0.662869
0.661138
0.659230
0.657612
0.655933
0.654086
0.652556
0.650830
0.648878
0.647235
0.645618
0.643810
0.642209
0.640645
0.638748
0.637195
0.635587
0.633940
0.632455
0.630716
0.629134
0.627591
0.625934
0.624464
0.623089
0.621633
0.619963
0.618585
0.617013
0.615589
0.614341
0.612773
0.611408
0.610167
0.608689
0.607410
0.606013
0.604694
0.603357
0.602098
0.600793
0.599581
0.598311
0.597086
0.595951
0.594576
0.593470
0.592280
0.591046
0.589915
0.588918
0.587594
0.586617
0.585383
0.584463
0.583345
0.582262
0.581140
0.580233
0.579166
0.578035
0.577077
0.576019
0.575079
0.574073
0.573165
0.572041
0.571292
0.570208
0.569331
0.568316
0.567410
0.566433
0.565542
0.564695
0.563941
0.562955
0.562113
0.561142
0.560360
0.559608
0.558609
0.557759
0.557197
0.556091
0.555366
0.554722
0.553798
0.552927
0.552079
0.551414
0.550654
0.549800
0.549116
0.548425
0.547398
0.546914
0.546140
0.545383
0.544704
0.543834
0.543205
0.542672
0.541783
0.541103
0.540550
0.539866
0.539243
0.538124
0.537502
0.536912
0.536185
0.535389
0.534871
0.534266
0.533559
0.532793
0.532154
0.531670
0.530919
0.530378
0.529828
0.529123
0.528673
0.528035
0.527403
0.526850
0.526234
0.525723
0.525417
0.524851
0.524300
0.523742
0.523104
0.522843
0.522279
0.521687
0.521311
0.520842
0.520294
0.519916
0.519494
0.519094
0.518500
0.518147
0.517687
0.517206
0.516788
0.516519
0.516165
0.515849
0.515415
0.515166
0.514585
0.514275
0.514214
0.513815
0.513239
0.513018
0.512767
0.512365
0.512083
0.511715
0.511384
0.511226
0.510808
0.510455
0.510410
0.510059
0.509602
0.509291
0.508897
0.508856
0.508586
0.508314
0.508025
0.507607
0.507588
0.507120
0.506873
0.506624
0.506426
0.506066
0.506060
0.505826
0.505539
0.505158
0.504994
0.504771
0.504596
0.504314
0.504102
0.503886
0.503631
0.503533
0.503273
0.503140
0.502871
0.502805
0.502512
0.502276
0.502211
0.501642
0.501310
0.501140
0.500846
0.500701
0.500506
0.500278
0.500134
0.499909
0.499767
0.701816
0.701622
0.701469
0.701403
0.701120
0.700853
0.700854
0.700718
0.700501
0.700316
0.700309
0.700087
0.700077
0.699956
0.699765
0.699602
0.699470
0.699313
0.699175
0.699176
0.424888
0.424650
0.424519
0.424453
0.424346
0.424223
0.424108
0.423815
0.423346
0.422769
0.422039
0.421432
0.420793
0.420248
0.419464
0.418944
0.418427
0.417870
0.417387
0.416619
0.416068
0.415350
0.414745
0.414142
0.413453
0.412747
0.412265
0.411589
0.411044
0.410447
0.409817
0.409183
0.408583
0.407922
0.407323
0.406726
0.406070
0.405461
0.404831
0.404271
0.403568
0.402970
0.402364
0.401703
0.401171
0.400612
0.399987
0.399354
0.398741
0.398015
0.397486
0.396869
0.396337
0.395743
0.395130
0.394519
0.393943
0.393288
0.392739
0.392148
0.391549
0.390935
0.390072
0.389383
0.388722
0.388238
0.387571
0.387041
0.386497
0.385836
0.385258
0.384638
0.384116
0.383599
0.382938
0.382451
0.381898
0.381278
0.380822
0.380314
0.379673
0.379160
0.378619
0.378029
0.377518
0.376975
0.376351
0.375882
0.375284
0.374725
0.374218
0.373682
0.373176
0.372624
0.372031
0.371563
0.371012
0.370421
0.369920
0.369421
0.368784
0.368286
0.367790
0.367203
0.366535
0.365978
0.365459
0.364980
0.364374
0.363866
0.363399
0.362884
0.362363
0.361847
0.361343
0.360938
0.360479
0.360109
0.359638
0.359108
0.358448
0.357765
0.356887
0.356203
0.355577
0.355116
0.354874
0.354291
0.353901
0.353114
0.351850
0.350507
0.348901
0.347106
0.345504
0.344060
0.342700
0.341236
0.339980
0.338634
0.337235
0.335829
0.334264
0.332753
0.331052
0.329453
0.327429
0.325476
0.323645
0.321768
0.319938
0.318163
0.316324
0.314658
0.312494
0.310643
0.308817
0.306884
0.305052
0.303214
0.301238
0.299486
0.297619
0.295908
0.294098
0.292272
0.290570
0.288718
0.287068
0.285322
0.283476
0.281808
0.279908
0.278287
0.276549
0.274867
0.273159
0.271284
0.269621
0.267943
0.266145
0.264566
0.262768
0.261198
0.259458
0.257728
0.256133
0.254390
0.252822
0.250962
0.249501
0.247829
0.246127
0.244519
0.242841
0.241338
0.239784
0.238255
0.236767
0.235205
0.233688
0.232172
0.230565
0.229087
0.227443
0.226037
0.224534
0.223002
0.221608
0.220133
0.218592
0.217127
0.215800
0.214448
0.213126
0.211852
0.210442
0.208920
0.207379
0.205874
0.204352
0.202767
0.201329
0.199863
0.198282
0.196825
0.195470
0.194049
0.192474
0.191099
0.189680
0.188089
0.186634
0.185346
0.183846
0.182336
0.180882
0.179535
0.178040
0.176628
0.175143
0.173788
0.172310
0.171001
0.169533
0.168045
0.166261
0.164785
0.163390
0.161955
0.160520
0.159145
0.157691
0.156191
0.154850
0.153490
0.151943
0.150624
0.149246
0.147899
0.146520
0.145055
0.143789
0.142311
0.141103
0.139786
0.138342
0.136964
0.135632
0.134320
0.132902
0.131616
0.130263
0.128994
0.127680
0.126297
0.124926
0.123596
0.122286
0.120964
0.119761
0.118462
0.117088
0.115857
0.114571
0.113235
0.112033
0.110753
0.109492
0.108440
0.107321
0.106086
0.105032
0.103729
0.102698
0.101498
0.100517
0.099336
0.098169
0.097221
0.096128
0.095047
0.093933
0.092905
0.091934
0.090840
0.089852
0.088859
0.087805
0.086811
0.085693
0.084823
0.083882
0.083007
0.082012
0.081058
0.080072
0.079149
0.078313
0.077330
0.076536
0.075631
0.074838
0.073919
0.073087
0.072255
0.071497
0.070567
0.069859
0.069045
0.068344
0.067486
0.066689
0.065948
0.065315
0.064515
0.063353
0.062652
0.061842
0.061111
0.060357
0.059724
0.059024
0.058481
0.057741
0.057056
0.056386
0.055821
0.055132
0.054567
0.053982
0.053394
0.052704
0.052220
0.051669
0.050931
0.050441
0.049889
0.049480
0.048936
0.048316
0.047806
0.047316
0.046874
0.046352
0.045772
0.045428
0.044841
0.044393
0.043985
0.043494
0.043055
0.042712
0.042052
0.041677
0.041328
0.040879
0.040471
0.040077
0.039684
0.039358
0.039042
0.038665
0.038276
0.037994
0.037572
0.037309
0.037018
0.036734
0.036387
0.036037
0.035722
0.035420
0.035137
0.034795
0.034542
0.034202
0.033890
0.033579
0.033296
0.032971
0.032728
0.032387
0.032130
0.031923
0.031641
0.031335
0.031028
0.030748
0.030548
0.030230
0.029991
0.029743
0.029507
0.029323
0.029078
0.028739
0.028618
0.028389
0.028106
0.027828
0.027771
0.027435
0.027165
0.027000
0.026816
0.026511
0.026053
0.025665
0.025566
0.025261
0.025006
0.024887
0.024573
0.024416
0.024172
0.023977
0.023801
0.023621
0.023447
0.023298
0.023060
0.022895
0.022759
0.022581
0.022424
0.022303
0.022186
0.021921
0.021860
0.021681
0.021520
0.021401
0.021315
0.021052
0.021052
0.020848
0.020789
0.020675
0.020546
0.020403
0.020289
0.020231
0.020089
0.019973
0.019860
0.019773
0.019604
0.019590
0.019423
0.019336
0.019358
0.019221
0.019244
0.019259
0.019084
0.019084
0.019079
0.018936
0.018869
0.018866
0.018866
0.018731
0.018731
0.018679
0.018572
0.018547
0.018495
0.018442
0.018342
0.018342
0.018315
0.018148
0.018095
0.018103
0.018103
0.017923
0.017873
0.017873
0.017873
0.017724
0.017674
0.017648
0.017598
0.017560
0.017512
0.017464
0.017452
0.017331
0.017331
0.017237
0.017237
0.017189
0.017097
0.017072
0.017027
0.016981
0.016935
0.016553
0.016500
0.016313
0.016198
0.016155
0.016113
0.016028
0.015992
0.015865
0.015865
0.015814
0.015731
0.015709
0.015709
0.015668
0.015570
0.015570
0.015570
0.015523
0.015462
0.015421
0.015384
0.015384
0.015381
0.015381
0.015306
0.015269
0.015269
0.015248
0.015248
0.015210
0.015210
0.015214
0.015179
0.015171
0.015171
0.015134
0.015134
0.015134
0.015115
0.015083
0.015083
0.015083
0.015048
0.015124
0.015157
0.015233
0.015277
0.015323
0.015291
0.015339
0.015390
0.015373
0.015425
0.015479
0.015479
0.015534
0.015503
0.015503
0.015560
0.015560
0.015560
0.015617
0.015617
0.015617
0.015617
0.015589
0.015647
0.015647
0.015647
0.015647
0.015647
0.015647
0.015647
0.015647
0.015647
0.015647
0.015706
0.015706
0.015706
0.015706
0.015706
0.015706
0.015706
0.015706
0.015706
0.015706
0.015706
0.015706
0.015706
0.015367
0.015315
0.015216
0.015170
0.015126
0.015126
0.015086
0.015049
0.015017
0.015017
0.014989
0.014989
0.014967
0.014967
0.014967
0.014951
0.014951
0.014951
0.014941
0.014941
0.014941
0.014941
0.014941
0.014938
0.014938
0.014938
0.014938
0.014938
0.014938
0.014938
0.014938
0.014938
0.014941
0.014941
0.014941
0.014941
0.014941
0.014941
0.014941
0.014941
0.014941
0.014941
0.014941
0.014941
0.014941
0.015017
0.015049
0.015126
0.015170
0.015216
0.015216
0.015264
0.015315
0.015315
0.015367
0.015421
0.015421
0.015476
0.015476
0.015476
0.015532
0.015532
0.015532
0.015589
0.015589
0.015589
0.015589
0.015589
0.015647
0.015647
0.015647
0.015647
0.015647
0.015647
0.015647
0.015647
0.015647
0.015647
0.015706
0.015706
0.015706
0.015706
0.015706
0.015706
0.015706
0.015706
0.015706
0.015706
0.015706
0.015706
0.015706
0.015367
0.015315
0.015216
0.015170
0.015126
0.015126
0.015086
0.015049
0.015017
0.015017
0.014989
0.014989
0.014967
0.014967
0.014967
0.014951
0.014951
0.014951
0.014941
0.014941
0.014941
0.014941
0.014941
0.014938
0.014938
0.014938
0.014938
0.014938
0.014938
0.014938
0.014938
0.014938
0.014941
0.014941
0.014941
0.014941
0.014941
0.014941
0.014941
0.014941
0.014941
0.014941
0.014941
0.014941
0.014941
0.015017
0.015049
0.015126
0.015170
0.015216
0.015216
0.015264
0.015315
0.015315
0.015367
0.015421
0.015421
0.015476
0.015476
0.015476
0.015532
0.015532
0.015532
0.015589
0.015589
0.015589
0.015589
0.015589
0.015647
0.015647
0.015647
0.015647
0.015647
0.015647
0.015647
0.015647
0.015647
0.015706
0.015706
0.015706
0.015706
