0.268899
0.268899
0.268899
0.268899
0.268899
0.268899
0.268899
0.268899
0.268899
0.268855
0.268811
0.268769
0.268642
0.268513
0.268360
0.268119
0.267940
0.267737
0.267581
0.267370
0.267213
0.266978
0.266662
0.266398
0.266180
0.265972
0.265774
0.265682
0.265864
0.265646
0.265522
0.265313
0.265009
0.264652
0.264378
0.264161
0.264044
0.263844
0.263602
0.263240
0.263061
0.262609
0.262230
0.261971
0.261657
0.261394
0.261125
0.261125
0.260721
0.260397
0.259917
0.259496
0.259161
0.258856
0.258687
0.258250
0.258098
0.257580
0.257221
0.256920
0.256306
0.255993
0.255493
0.255318
0.254861
0.254476
0.254044
0.253602
0.253049
0.252714
0.252229
0.251744
0.251357
0.250868
0.250535
0.250064
0.249587
0.248981
0.248328
0.247887
0.247368
0.246911
0.246356
0.245924
0.245415
0.244824
0.244126
0.243537
0.242920
0.242302
0.241708
0.241131
0.240579
0.239899
0.239240
0.238503
0.237802
0.237096
0.236449
0.235952
0.235299
0.234627
0.233873
0.233294
0.232337
0.231559
0.230729
0.230068
0.229259
0.228474
0.227786
0.226932
0.226024
0.225127
0.224224
0.223220
0.222203
0.221558
0.220620
0.219745
0.218769
0.217848
0.216703
0.215636
0.214599
0.213431
0.212330
0.211313
0.210271
0.209097
0.208087
0.206904
0.205659
0.204482
0.203369
0.202021
0.200914
0.199655
0.198555
0.197389
0.196178
0.195030
0.193977
0.192806
0.191720
0.190628
0.189605
0.188444
0.187497
0.186343
0.185391
0.184451
0.183331
0.182405
0.181376
0.180414
0.179482
0.178565
0.177650
0.176653
0.175770
0.174928
0.174053
0.173078
0.172180
0.171350
0.170563
0.169549
0.168786
0.167960
0.167117
0.166367
0.165459
0.164783
0.163987
0.163232
0.162384
0.161676
0.160852
0.160096
0.159406
0.158660
0.157950
0.157191
0.156502
0.155824
0.155081
0.154228
0.153763
0.153024
0.152278
0.151668
0.150988
0.150528
0.149912
0.149287
0.148521
0.148057
0.147380
0.146647
0.146258
0.145669
0.144981
0.144400
0.143797
0.143351
0.142726
0.142133
0.141578
0.141042
0.140493
0.139824
0.139358
0.138833
0.138280
0.137699
0.137271
0.136721
0.136133
0.135721
0.135118
0.134610
0.134147
0.133717
0.133153
0.132646
0.132153
0.131703
0.131233
0.130788
0.130313
0.129744
0.129408
0.128916
0.128364
0.127970
0.127494
0.126978
0.126562
0.126110
0.125707
0.125402
0.124916
0.124566
0.123981
0.123763
0.123423
0.122919
0.122636
0.122212
0.121837
0.121543
0.121106
0.120854
0.120479
0.120174
0.119882
0.119462
0.119130
0.118880
0.118624
0.118297
0.117989
0.117659
0.117412
0.117222
0.116904
0.116635
0.116320
0.116102
0.115924
0.115618
0.115327
0.115095
0.114862
0.114611
0.114417
0.114122
0.113940
0.113733
0.113518
0.113342
0.113084
0.112793
0.112694
0.112510
0.112418
0.112188
0.112031
0.111917
0.111695
0.111597
0.111400
0.111203
0.111038
0.110928
0.110847
0.110565
0.110443
0.110263
0.110125
0.110051
0.109840
0.109759
0.109569
0.109430
0.109369
0.109193
0.108992
0.108943
0.108805
0.108707
0.108579
0.108457
0.108316
0.108184
0.108056
0.108035
0.107924
0.107729
0.107660
0.107560
0.107499
0.107396
0.107294
0.107136
0.107066
0.106841
0.106720
0.106638
0.186593
0.186525
0.186415
0.186316
0.186225
0.186135
0.186009
0.185926
0.185864
0.185748
0.185659
0.185592
0.185694
0.185797
0.185889
0.186045
0.186137
0.186264
0.186518
0.186883
0.187372
0.187805
0.188233
0.188602
0.188927
0.189248
0.189511
0.189866
0.190187
0.190509
0.190935
0.191333
0.191704
0.192087
0.192429
0.192758
0.193139
0.193469
0.193843
0.194230
0.194618
0.195006
0.195325
0.195722
0.196098
0.196477
0.196878
0.197208
0.197408
0.197609
0.197664
0.197748
0.197806
0.197879
0.197995
0.198083
0.198226
0.198331
0.198547
0.198621
0.198748
0.198839
0.198941
0.199054
0.199164
0.199319
0.199444
0.199593
0.199695
0.199722
0.093517
0.093683
0.093870
0.094148
0.094402
0.094676
0.094878
0.094937
0.094972
0.094865
0.094656
0.094483
0.094330
0.093967
0.093648
0.093348
0.093060
0.092765
0.092392
0.092095
0.091821
0.091598
0.091327
0.091007
0.090638
0.090195
0.089795
0.089390
0.088989
0.088673
0.088363
0.088145
0.087810
0.087582
0.087375
0.087160
0.086981
0.086816
0.086568
0.086538
0.086437
0.086387
0.086447
0.086463
0.086563
0.086621
0.086749
0.086901
0.087088
0.087316
0.087572
0.087887
0.088354
0.088605
0.089084
0.089572
0.089981
0.090554
0.091023
0.091629
0.092289
0.092902
0.093510
0.094082
0.094512
0.094789
0.094868
0.094856
0.094712
0.094393
0.094045
0.093554
0.092872
0.092172
0.091443
0.090626
0.089868
0.089056
0.088348
0.087615
0.086865
0.086168
0.085446
0.084701
0.083906
0.083144
0.082366
0.081611
0.080954
0.080239
0.079435
0.078758
0.078090
0.077332
0.076650
0.075901
0.075205
0.074582
0.073833
0.073146
0.072451
0.071792
0.071160
0.070513
0.069894
0.069243
0.068597
0.067976
0.067366
0.066723
0.066141
0.065490
0.064930
0.064265
0.063647
0.063098
0.062428
0.061870
0.061317
0.060677
0.060021
0.059410
0.058959
0.058366
0.057763
0.057279
0.056749
0.056204
0.055660
0.055136
0.054655
0.054085
0.053599
0.053032
0.052553
0.052060
0.051607
0.051105
0.050566
0.050108
0.049642
0.049195
0.048733
0.048230
0.047793
0.047396
0.046924
0.046504
0.045991
0.045567
0.045146
0.044710
0.044306
0.043812
0.043416
0.043013
0.042579
0.042197
0.041757
0.041395
0.041003
0.040609
0.040202
0.039802
0.039413
0.039111
0.038726
0.038340
0.037983
0.037604
0.037272
0.036902
0.036504
0.036206
0.035862
0.035499
0.035201
0.034849
0.034523
0.034188
0.033896
0.033625
0.033285
0.033025
0.032723
0.032444
0.032167
0.031915
0.031597
0.031338
0.031085
0.030848
0.030522
0.030299
0.030073
0.029831
0.029612
0.029365
0.029134
0.028914
0.028645
0.028464
0.028162
0.027943
0.027735
0.027518
0.027298
0.027057
0.026814
0.026480
0.026255
0.026044
0.025809
0.025608
0.025381
0.025146
0.024932
0.024765
0.024577
0.024360
0.024129
0.023956
0.023809
0.023623
0.023430
0.023285
0.023072
0.022897
0.022720
0.022573
0.022397
0.022243
0.022078
0.021912
0.021768
0.021625
0.021490
0.021299
0.021181
0.021036
0.020901
0.020750
0.020614
0.020480
0.020342
0.020210
0.020106
0.019972
0.019796
0.019709
0.019580
0.019461
0.019348
0.019242
0.019157
0.019075
0.018947
0.018868
0.018775
0.018687
0.018591
0.018496
0.018402
0.018312
0.018235
0.018141
0.018066
0.017973
0.017901
0.017788
0.017735
0.017619
0.017583
0.017479
0.017388
0.017281
0.017228
0.017155
0.017101
0.017030
0.016918
0.016834
0.016759
0.016695
0.016602
0.016529
0.016476
0.016421
0.016321
0.016258
0.016205
0.016152
0.016040
0.015987
0.015968
0.015881
0.015828
0.015752
0.015712
0.015621
0.015453
0.015383
0.015308
0.015217
0.015172
0.015131
0.015012
0.014946
0.014917
0.014875
0.014780
0.014761
0.014701
0.014644
0.014626
0.014537
0.014496
0.014443
0.014387
0.014346
0.014334
0.014272
0.014241
0.014199
0.014146
0.014124
0.014071
0.014053
0.013998
0.013976
0.013923
0.013905
0.013853
0.013831
0.013778
0.013760
0.013725
0.013707
0.013632
0.013632
0.013592
0.013561
0.013539
0.013486
0.013491
0.013471
0.013480
0.013472
0.013458
0.013413
0.013400
0.013395
0.013376
0.013364
0.013338
0.013320
0.013326
0.013286
0.013286
0.013252
0.013252
0.013212
0.013197
0.013179
0.013179
0.013144
0.013126
0.013126
0.013071
0.013071
0.013053
0.013031
0.013019
0.013001
0.013001
0.012948
0.012948
0.012928
0.012928
0.012915
0.012897
0.012897
0.012875
0.012845
0.012823
0.012801
0.012783
0.012771
0.012771
0.012731
0.012731
0.012616
0.012568
0.012534
0.012496
0.012464
0.012464
0.012438
0.012385
0.012373
0.012373
0.012364
0.012334
0.012304
0.012304
0.012286
0.012281
0.012269
0.012246
0.012225
0.012225
0.012225
0.012225
0.012174
0.012172
0.012172
0.012172
0.012155
0.012155
0.012121
0.012121
0.012121
0.012104
0.012105
0.012105
0.012083
0.012054
0.012054
0.012054
0.012054
0.012054
0.012037
0.012014
0.012014
0.012003
0.012030
0.012041
0.012050
0.012065
0.012081
0.012081
0.012098
0.012104
0.012087
0.012105
0.012123
0.012123
0.012142
0.012142
0.012126
0.012145
0.012145
0.012134
0.012153
0.012153
0.012153
0.012137
0.012137
0.012137
0.012156
0.012156
0.012156
0.012156
0.012146
0.012130
0.012130
0.012130
0.012130
0.012150
0.012150
0.012150
0.012150
0.012135
0.012135
0.012135
0.012125
0.012125
0.012125
0.012125
0.012125
0.012125
0.012125
0.012010
0.011992
0.011958
0.011942
0.011927
0.011927
0.011913
0.011901
0.011889
0.011889
0.011880
0.011880
0.011872
0.011872
0.011872
0.011866
0.011866
0.011866
0.011863
0.011863
0.011863
0.011863
0.011863
0.011862
0.011862
0.011862
0.011862
0.011862
0.011862
0.011862
0.011862
0.011862
0.011863
0.011863
0.011863
0.011863
0.011863
0.011863
0.011863
0.011863
0.011863
0.011863
0.011863
0.011863
0.011889
0.011901
0.011927
0.011942
0.011958
0.011958
0.011975
0.011992
0.011992
0.012010
0.012028
0.012028
0.012047
0.012047
0.012047
0.012066
0.012066
0.012066
0.012085
0.012085
0.012085
0.012085
0.012085
0.012105
0.012105
0.012105
0.012105
0.012105
0.012105
0.012105
0.012105
0.012105
0.012105
0.012125
0.012125
0.012125
0.012125
0.012125
0.012125
0.012125
0.012125
0.012125
0.012125
0.012125
0.012125
0.012125
0.012125
0.012010
0.011992
0.011958
0.011942
0.011927
0.011927
0.011913
0.011901
0.011889
0.011889
0.011880
0.011880
0.011872
0.011872
0.011872
0.011866
0.011866
0.011866
0.011863
0.011863
0.011863
0.011863
0.011863
0.011862
0.011862
0.011862
0.011862
