1.194810
1.086932
0.866302
0.647569
0.484038
0.390077
0.353043
0.345142
0.339117
0.338071
0.336034
0.333527
0.330857
0.328525
0.326195
0.324044
0.321634
0.319626
0.317020
0.314706
0.312459
0.309769
0.307221
0.304494
0.301705
0.299259
0.296365
0.293849
0.290852
0.288391
0.285586
0.282540
0.279948
0.277361
0.274773
0.272191
0.269403
0.266815
0.264244
0.261727
0.259055
0.256598
0.254012
0.251482
0.248822
0.246477
0.244224
0.241916
0.239257
0.237041
0.234313
0.232039
0.229697
0.227381
0.224869
0.222384
0.220168
0.217896
0.215535
0.213264
0.210904
0.208633
0.206622
0.204351
0.202444
0.199960
0.197814
0.195331
0.193399
0.191224
0.189080
0.186839
0.184907
0.182845
0.180726
0.178584
0.176555
0.174413
0.172174
0.170482
0.168195
0.166314
0.164027
0.162057
0.160302
0.158400
0.156257
0.154235
0.152399
0.150430
0.148026
0.146335
0.144368
0.142736
0.140717
0.138813
0.136916
0.134961
0.133271
0.131161
0.129471
0.127312
0.125758
0.123719
0.122029
0.120079
0.118117
0.116519
0.114628
0.112794
0.110922
0.109090
0.107402
0.105950
0.103852
0.102048
0.100216
0.098565
0.096937
0.095183
0.093422
0.091939
0.090108
0.088666
0.087118
0.085637
0.084278
0.082605
0.081270
0.080022
0.078289
0.077040
0.075599
0.074554
0.073036
0.071991
0.070594
0.069549
0.068420
0.067139
0.065763
0.064863
0.063738
0.062664
0.061475
0.060574
0.059451
0.058551
0.057166
0.056469
0.055569
0.054451
0.053691
0.052573
0.051718
0.050963
0.050051
0.049355
0.048513
0.047604
0.046756
0.046146
0.045035
0.044484
0.043788
0.043030
0.042334
0.041783
0.041030
0.040334
0.039783
0.039239
0.038543
0.037936
0.037385
0.036844
0.036149
0.035598
0.035251
0.034515
0.033965
0.033617
0.033067
0.032542
0.031993
0.031645
0.031297
0.030700
0.030183
0.029836
0.029286
0.028939
0.028592
0.027885
0.027538
0.027191
0.026845
0.026642
0.026152
0.025603
0.025256
0.024910
0.024708
0.024362
0.024016
0.023814
0.023468
0.023122
0.022921
0.022575
0.022229
0.022229
0.021884
0.021539
0.021337
0.020992
0.020792
0.020647
0.020303
0.020102
0.019757
0.019557
0.019414
0.019213
0.018869
0.018869
0.018526
0.018326
0.018183
0.017982
0.017640
0.017640
0.017441
0.017098
0.017098
0.016757
0.016757
0.016416
0.016416
0.016217
0.016075
0.015876
0.015876
0.015537
0.015537
0.015340
0.015198
0.015000
0.015000
0.014662
0.014662
0.014467
0.014326
0.014326
0.014002
0.013826
0.013630
0.013630
0.013630
0.013296
0.013296
0.013103
0.013103
0.012964
0.012770
0.012770
0.012770
0.012440
0.012440
0.012440
0.012249
0.012249
0.012112
0.012112
0.011921
0.011921
0.011921
0.011786
0.011596
0.011596
0.011596
0.011596
0.011275
0.011275
0.011275
0.011275
0.011090
0.011090
0.010957
0.010957
0.010773
0.010773
0.010773
0.010773
0.010773
0.010644
0.010461
0.010461
0.010461
0.010461
0.010461
0.010284
0.010284
0.010155
0.010155
0.010155
0.010155
0.010155
0.009980
0.009980
0.009980
0.009980
0.009980
0.009980
0.009980
0.009980
0.009980
0.009980
0.009980
0.009980
0.009980
0.009980
0.009980
0.009980
0.009980
0.009980
0.009980
0.009980
0.009980
0.009980
0.009980
0.009980
0.009980
0.009980
0.009980
0.009980
0.009980
0.009980
0.009980
0.009980
0.009980
0.009980
0.009980
0.009980
0.009980
0.009980
0.009980
0.009980
0.009980
0.009980
0.009980
0.009980
0.009980
0.009980
0.009980
0.009980
0.009980
0.009980
0.009980
0.009980
0.009980
0.009980
0.009869
0.009869
0.009869
0.009869
0.009869
0.009869
0.009869
0.009869
0.009869
0.009869
0.009869
0.009869
0.009869
0.009869
0.009869
0.009869
0.009869
0.009869
0.009869
0.009746
0.009573
0.009573
0.009573
0.009573
0.009573
0.009435
0.009573
0.009573
0.009573
0.009573
0.009573
0.009573
0.009573
0.009573
0.009573
0.009573
0.009573
0.009573
0.009573
0.009573
0.009573
0.009573
0.009573
0.009573
0.009573
0.009573
0.009573
0.009573
0.009573
0.009573
0.009573
0.009573
0.009573
0.009435
0.009435
0.009435
0.009435
0.009435
0.009435
0.009435
0.009435
0.009435
0.009435
0.009435
0.009435
0.009435
0.009435
0.009435
0.009435
0.009435
0.009435
0.009435
0.009435
0.009435
0.009435
0.009435
0.009435
0.009435
0.009435
0.009435
0.009435
0.009435
0.009435
0.009435
0.009435
0.009435
0.009435
0.009435
0.009435
0.009435
0.009435
0.009435
0.009435
0.008830
0.008336
0.008136
0.007905
0.007905
0.007820
0.007977
0.008036
0.008131
0.007795
0.007746
0.007939
0.007994
0.008118
0.008211
0.008174
0.008464
0.008769
0.008486
0.008343
0.008283
0.008320
0.008320
0.008781
0.010221
0.011460
0.011132
0.010910
0.009847
0.009150
0.009109
0.009142
0.009916
0.010322
0.011385
0.011536
0.012075
0.011882
0.012293
0.012210
0.012093
0.012671
0.012696
0.012744
0.013218
0.013270
0.013314
0.013947
0.013912
0.014526
0.013196
0.011645
0.010877
0.010750
0.010958
0.013219
0.016156
0.017560
0.017673
0.017171
0.015712
0.014775
0.014347
0.014441
0.015474
0.015962
0.017075
0.017296
0.017785
0.017403
0.017665
0.017461
0.017348
0.017311
0.018032
0.018149
0.018930
0.018986
0.018334
0.019018
0.017672
0.015961
0.015036
0.014212
0.015058
0.017285
0.019908
0.021849
0.021742
0.020554
0.019263
0.018317
0.017874
0.017516
0.018583
0.018848
0.019966
0.020906
0.020710
0.020560
0.021106
0.020672
0.020308
0.020679
0.020717
0.020792
0.021356
0.021413
0.021920
0.021681
0.020272
0.018296
0.017168
0.017430
0.017186
0.020142
0.022331
0.024258
0.024395
0.022730
0.021425
0.020467
0.019782
0.020515
0.020448
0.021656
0.022090
0.022802
0.022840
0.022928
0.022720
0.022511
0.022846
0.022789
0.022360
0.023143
0.023238
0.023054
0.023567
0.023333
0.022618
0.020139
0.018532
0.019031
0.019459
0.021535
0.024695
0.025926
0.025586
0.024146
0.022867
0.021903
0.021451
0.021489
0.021884
0.023100
0.023295
0.024017
0.024532
0.024379
0.023929
0.024430
0.023827
0.023770
0.024278
0.024354
0.023979
0.024748
0.024545
0.025258
0.023359
0.021339
0.020415
0.019528
0.020422
0.022272
0.025194
0.026425
0.026565
0.025831
0.024043
0.023075
0.022620
0.022420
0.022349
0.023568
0.024475
0.024723
0.025002
0.024850
0.024399
0.024902
0.024297
0.024000
0.024750
0.024826
0.025163
0.024979
0.025017
0.025732
0.024979
0.024941
0.024226
0.021302
0.020162
0.020452
0.020902
0.023220
0.025684
0.026917
0.027039
0.026528
0.024986
0.023525
0.023070
0.022888
0.022816
0.024038
0.025208
0.025195
0.025712
0.025322
0.025112
0.025376
0.024750
0.024712
0.025223
0.025062
0.024922
0.025694
0.025253
0.025969
0.025694
0.024024
0.022021
0.020860
0.020915
0.020883
0.023453
0.025900
0.027616
0.027276
0.026067
0.024749
0.023544
0.022596
0.023361
0.023760
0.024273
0.024711
0.025673
0.025712
0.025559
0.025349
0.025139
0.025464
0.024948
0.024986
0.025778
0.025395
0.025903
0.025942
0.025704
0.025859
0.024424
0.022408
0.021057
0.020419
0.020852
0.023213
0.025919
0.027889
0.027068
0.026531
0.024717
0.023737
0.023019
0.022838
0.023718
0.023997
0.025161
0.024929
0.025690
0.025296
0.025567
0.025109
0.024955
0.025399
0.025198
0.025032
0.025852
0.025429
0.025224
0.025948
0.024264
0.022214
0.021032
0.020358
0.021030
0.022904
0.025871
0.027844
0.027989
0.026288
0.024713
0.023734
0.022796
0.022593
0.023714
0.024233
0.024918
0.025648
0.025687
0.026257
0.025564
0.025109
0.024974
0.025400
0.025198
0.025756
0.025852
0.025429
0.025948
0.024543
0.022492
0.021070
0.020614
0.021030
0.023122
0.026096
0.028070
0.027243
0.026768
0.025216
0.023734
0.023274
0.023093
0.023956
0.024233
0.025398
0.025409
0.025931
0.025533
0.026045
0.025593
0.024974
0.025640
0.025438
0.025515
0.025852
0.025910
0.026433
0.026192
0.024505
0.022454
0.021032
0.020595
0.021270
0.023141
0.026356
0.028330
0.027989
0.026768
0.025197
0.024215
0.023274
0.023073
0.024196
0.024233
0.025398
0.026133
0.026171
0.026257
0.026045
0.025593
0.026182
0.025640
0.025438
0.026240
0.026337
0.025910
0.026433
0.025026
0.022730
0.021547
0.021089
0.021507
0.023841
0.026576
0.028311
0.028456
0.027254
0.025455
0.024215
0.023755
0.023812
0.024435
0.024715
0.025882
0.026858
0.026412
0.026017
0.026530
0.025833
0.025458
0.026124
0.026163
0.025756
0.026337
0.026395
0.027160
0.026674
0.024988
0.023172
0.021509
0.022023
0.021507
0.024580
0.027080
0.028330
0.028476
0.027254
0.025920
0.024215
0.023755
0.024515
0.024437
0.025438
0.025882
0.026618
0.026413
0.026742
0.026530
0.025834
0.026424
0.026124
0.025680
0.026482
0.026337
0.026155
0.026675
0.026675
0.026880
0.025151
0.023394
0.021729
0.021546
0.021985
0.024118
0.027321
0.028572
0.027990
0.027496
0.026123
0.024415
0.023934
0.023992
0.024637
0.024916
0.026085
0.026092
0.026617
0.026220
0.026734
0.026037
0.025882
0.026328
0.026123
0.025959
0.026541
0.026355
0.026153
0.026880
0.026599
0.025634
0.022871
0.021444
0.021739
0.022176
0.024317
0.027526
0.028291
0.028437
0.026974
0.025639
0.024173
0.023453
0.024233
0.024395
0.025157
0.025601
0.026578
0.026373
0.026462
0.026249
0.025794
0.026124
0.025844
0.025639
0.026443
0.026056
0.026841
0.026636
0.026395
0.026841
0.025151
0.023352
0.021923
0.021500
0.021938
0.024074
0.027040
0.029021
0.028679
0.027457
0.025881
0.024898
0.023934
0.023752
0.024878
0.024914
0.025842
0.026820
0.026859
0.026218
0.026491
0.026279
0.025881
0.026327
0.026124
0.026202
0.026782
0.026356
0.027122
0.026848
0.025156
0.023095
0.021906
0.021941
0.021900
0.024504
0.027009
0.028746
0.028893
0.027185
0.025849
0.024622
0.023919
0.024440
0.024603
0.025849
0.026052
0.026789
0.026584
0.027157
0.026702
0.026247
0.026596
0.026296
0.026092
0.026654
0.026751
0.026567
0.027091
0.026848
0.025884
0.023337
0.021906
0.022182
0.022620
0.024745
0.027738
0.028746
0.028893
0.027427
0.026091
0.024622
0.023919
0.024682
0.024603
0.025849
0.026052
0.027032
0.027312
0.027157
0.026702
0.026732
0.026596
0.026296
0.026820
0.026654
0.026751
0.027053
0.027091
0.027577
0.027295
0.025602
0.023558
0.022365
0.021702
0.022379
0.024523
0.027251
0.029234
0.029139
0.027914
0.026090
0.025105
0.024382
0.023957
0.025086
0.025366
0.026537
0.027031
0.027070
0.027401
0.026945
0.026489
0.026334
0.026539
0.026334
0.026412
0.026994
0.026810
0.027334
0.027091
0.026810
0.026087
0.023317
0.021884
0.022181
0.022619
0.024763
0.027496
0.028750
0.028896
0.028156
0.026334
0.025348
0.024865
0.024198
0.024583
0.025831
0.026277
0.026529
0.027296
0.026899
0.026199
0.026715
0.026560
0.026036
0.026560
0.026637
0.026492
0.026792
0.026831
0.027318
0.027036
0.025341
0.023296
0.021862
0.022399
0.021878
0.024987
0.026995
0.028733
0.028879
0.027654
0.025831
0.024603
0.024121
0.024663
0.024583
0.025831
0.026035
0.026529
0.026567
0.026899
0.026661
0.025961
0.026535
0.026254
0.025806
0.026613
0.026467
0.026282
0.026807
0.026807
0.027011
0.025315
0.023509
0.022074
0.021649
0.022089
0.024236
0.027213
0.028953
0.028126
0.027631
0.026049
0.024819
0.024094
0.023910
0.024799
0.025079
0.026252
0.026018
0.026786
0.026388
0.026661
0.026204
0.025806
0.026496
0.026049
0.026127
0.026710
0.026282
0.026320
0.026807
0.026768
0.025558
0.023027
0.021594
0.021889
0.022329
0.024477
0.027455
0.028465
0.028369
0.027143
0.025563
0.024334
0.023611
0.024152
0.024315
0.025321
0.025766
0.026504
0.026299
0.026631
0.026417
0.026447
0.026049
0.026010
0.026049
0.026369
0.026223
0.027011
0.026563
0.026320
0.027011
0.025558
0.023269
0.022074
0.021410
0.022089
0.023993
0.026968
0.028953
0.029100
0.027386
0.025805
0.024819
0.023852
0.023669
0.024799
0.025321
0.026009
0.026747
0.026786
0.026631
0.026660
0.026204
0.026049
0.026496
0.026049
0.026127
0.026953
0.026524
0.027050
0.027050
0.026767
0.025801
0.023027
0.021594
0.021889
0.022570
0.024718
0.027697
0.028708
0.028612
0.027873
0.026534
0.025303
0.024578
0.024394
0.024557
0.025563
0.026495
0.026747
0.027272
0.026873
0.026417
0.026933
0.026535
0.026010
0.026778
0.026612
0.026709
0.027011
0.027050
0.027536
0.027011
0.025558
0.023511
0.022074
0.022372
0.022089
0.024477
0.027452
0.029196
0.029100
0.027873
0.026290
0.025061
0.024336
0.024879
0.025284
0.026049
0.026495
0.027233
0.027272
0.027360
0.027147
0.026690
0.026778
0.026739
0.026535
0.027099
0.026953
0.027011
0.027293
0.027050
0.027741
0.026269
0.023751
0.022796
0.021889
0.022810
0.024477
0.027697
0.028953
0.028857
0.027857
0.026516
0.025527
0.024559
0.024375
0.025508
0.025546
0.026477
0.026729
0.027255
0.026857
0.027130
0.026916
0.026274
0.026966
0.026761
0.026352
0.027179
0.026994
0.026546
0.027276
0.025579
0.023751
0.022311
0.021627
0.022308
0.024439
0.027196
0.029183
0.029084
0.027857
0.026030
0.024800
0.024336
0.023890
0.024780
0.025303
0.025992
0.026973
0.026768
0.026613
0.026643
0.026186
0.026050
0.026236
0.026031
0.026109
0.026692
0.026507
0.027032
0.027032
0.026507
0.025540
0.023006
0.021570
0.021868
0.022308
0.024458
0.027438
0.028452
0.028352
0.027857
0.026273
0.024800
0.024317
0.024132
0.024054
0.025303
0.026477
0.026487
0.026768
0.026613
0.026400
0.026186
0.026031
0.025992
0.026518
0.026098
0.026195
0.026740
0.026292
0.027022
0.026983
0.025286
0.022994
0.021798
0.021855
0.022055
0.024446
0.026940
0.028928
0.028831
0.027116
0.025776
0.024788
0.023821
0.024363
0.024769
0.025534
0.025737
0.026719
0.026758
0.026846
0.026389
0.026175
0.026263
0.025982
0.026020
0.026828
0.026438
0.026253
0.027022
0.026535
0.027227
0.025529
0.023720
0.022040
0.021855
0.022055
0.024446
0.027183
0.029171
0.028343
0.027847
0.026019
0.024788
0.024305
0.023879
0.025012
0.025292
0.026467
0.026232
0.027001
0.026602
0.027119
0.026419
0.026020
0.026711
0.026263
0.026341
0.026925
0.026983
0.026535
0.027266
0.026983
0.026016
0.023237
0.022040
0.022096
0.022778
0.024688
0.027670
0.028928
0.029074
0.027359
0.026019
0.024788
0.024064
0.024606
0.024769
0.025777
0.025980
0.026962
0.026758
0.027089
0.026632
0.026419
0.026750
0.026468
0.026263
0.026828
0.026681
0.027227
0.027266
0.027022
0.027471
0.027188
0.026220
0.023460
0.022040
0.022578
0.023038
0.025173
0.028175
0.028947
0.029074
0.027827
0.026262
0.024769
0.024305
0.024849
0.024769
0.026020
0.026486
0.026962
0.026514
0.026846
0.025984
0.025039
0.024886
0.024364
0.023677
0.023759
0.023385
0.023687
0.023254
0.022563
0.022541
0.022094
0.021594
0.020609
0.018020
0.017611
0.016995
0.017353
0.019004
0.021353
0.022347
0.022290
0.021452
0.019855
0.019001
0.018538
0.018357
0.018849
0.019461
0.020026
0.020400
0.021018
0.021121
0.021097
0.021808
0.021997
0.022248
0.023082
0.023392
0.024010
0.024565
0.025115
0.025764
0.026046
0.026178
0.025083
0.024478
0.024559
0.024402
0.025617
0.026811
0.027702
0.028163
0.027857
0.027749
0.027821
0.027978
0.028473
0.028997
0.029828
0.029895
0.030642
0.030830
0.031505
0.031180
0.031532
0.032210
0.031949
0.032449
0.032919
0.032951
0.033462
0.033720
0.033714
0.033540
0.033926
0.033375
0.033475
0.034056
0.035201
0.036116
0.036443
0.035869
0.035454
0.035447
0.035337
0.035414
0.036102
0.036110
0.036655
0.037311
0.037639
0.037672
0.037752
0.037761
0.038383
0.038197
0.038407
0.039027
0.039030
0.039250
0.039762
0.039671
0.038510
0.038025
0.037826
0.037717
0.038309
0.039878
0.040991
0.041384
0.041001
0.040572
0.040649
0.040563
0.040687
0.041470
0.042029
0.042597
0.043089
0.043251
0.043535
0.043640
0.043259
0.043354
0.043379
0.043356
0.042950
0.043449
0.043039
0.043112
0.042317
0.041302
0.040506
0.040181
0.040408
0.041164
0.042282
0.042934
0.042435
0.042216
0.041400
0.040534
0.040333
0.040095
0.040558
0.040541
0.041071
0.040982
0.041552
0.041515
0.042068
0.041990
0.042547
0.042840
0.042958
0.043209
0.043715
0.043957
0.043716
0.042334
0.041621
0.041619
0.041831
0.042654
0.043923
0.044572
0.044536
0.043307
0.042250
0.041393
0.040568
0.040285
0.040152
0.040470
0.039662
0.039846
0.039526
0.039282
0.038347
0.037674
0.037662
0.036814
0.036377
0.036487
0.035972
0.035606
0.034607
0.033204
0.031871
0.031748
0.031434
0.032674
0.033793
0.034470
0.033892
0.033112
0.031860
0.030498
0.029999
0.029322
0.029634
0.029456
0.029590
0.029256
0.029454
0.028829
0.028408
0.027984
0.027662
0.027332
0.027065
0.026872
0.026852
0.026401
0.026425
0.025471
0.023864
0.023296
0.022382
0.022689
0.023906
0.025548
0.026171
0.026028
0.025453
0.024059
0.023146
0.022359
0.021914
0.021928
0.022282
0.022617
0.022561
0.022696
0.022354
0.021727
0.022121
0.021555
0.021374
0.021741
0.021355
0.021845
0.021649
0.020209
0.018774
0.017741
0.017648
0.017469
0.018823
0.021557
0.023120
0.023037
0.021789
0.020451
0.019217
0.018445
0.018494
0.019108
0.020188
0.020518
0.021452
0.021166
0.021499
0.021476
0.021272
0.021364
0.021285
0.021549
0.021853
0.021948
0.021998
0.021608
0.019374
0.018445
0.017713
0.018581
0.020873
0.023558
0.024808
0.024978
0.024253
0.022701
0.021727
0.021026
0.020839
0.021219
0.022460
0.023155
0.023406
0.024154
0.024019
0.023318
0.023859
0.023486
0.023183
0.023705
0.023782
0.024640
0.024453
0.024008
0.023333
0.020557
0.019369
0.019387
0.020032
0.022360
0.025104
0.026113
0.026262
0.025061
0.024273
0.022306
0.022336
0.022149
0.022287
0.023529
0.023734
0.024466
0.024988
0.024833
0.024425
0.024703
0.024324
0.024266
0.024786
0.024863
0.024477
0.025262
0.023653
0.021636
0.020218
0.019975
0.020391
0.022470
0.025407
0.027388
0.027070
0.025851
0.024296
0.023316
0.022613
0.022436
0.023297
0.023571
0.024739
0.025234
0.025254
0.024874
0.025390
0.024933
0.024560
0.024985
0.025023
0.024856
0.025197
0.025255
0.026022
0.025733
0.023803
0.021985
0.020844
0.020882
0.020832
0.023428
0.025930
0.027669
0.027817
0.026308
0.024487
0.023504
0.022798
0.023319
0.023485
0.024733
0.024933
0.025669
0.025708
0.026043
0.025340
0.025127
0.025722
0.025179
0.024973
0.025780
0.025877
0.025205
0.025974
0.024563
0.022258
0.021061
0.020592
0.021012
0.023355
0.025864
0.027852
0.028000
0.026550
0.025231
0.023742
0.023036
0.023094
0.023723
0.024244
0.025173
0.026155
0.025949
0.026039
0.025826
0.025613
0.025232
0.025419
0.025458
0.026021
0.025632
0.025690
0.026460
0.026215
0.025009
0.022455
0.021013
0.021295
0.021727
0.023857
0.026857
0.027870
0.028018
0.026550
0.024967
0.023737
0.023036
0.023557
0.023718
0.024968
0.024928
0.025910
0.025746
0.026321
0.025623
0.025411
0.025760
0.025415
0.025213
0.025776
0.025873
0.026176
0.025970
0.025970
0.026418
0.024725
0.022673
0.021473
0.020807
0.021484
0.023633
0.026368
0.028359
0.027774
0.026792
0.025208
0.024221
0.023499
0.023068
0.024202
0.024724
0.025414
0.025421
0.026191
0.026036
0.025822
0.025609
0.025454
0.025902
0.025454
0.025531
0.026360
0.025687
0.026457
0.026457
0.025928
0.024965
0.022429
0.020750
0.021286
0.021721
0.023873
0.027100
0.028114
0.027774
0.026547
0.025208
0.023732
0.023738
0.023796
0.023957
0.024965
0.025169
0.026152
0.026433
0.026278
0.025822
0.026096
0.025695
0.025415
0.026185
0.026018
0.025870
0.026418
0.026212
0.026699
0.026418
0.024965
0.022911
0.021473
0.021043
0.021484
0.023630
0.026612
0.028603
0.028507
0.027035
0.025449
0.024461
0.023494
0.023552
0.024442
0.024724
0.025655
0.026394
0.026433
0.026768
0.026309
0.025851
0.025695
0.025902
0.025940
0.026505
0.026602
0.026173
0.026699
0.026699
0.025489
0.022930
0.021729
0.021767
0.022446
0.024339
0.027343
0.028603
0.028751
0.027035
0.025694
0.024461
0.023513
0.024280
0.024442
0.025451
0.025655
0.026639
0.026433
0.026765
0.026309
0.026096
0.026447
0.026143
0.025940
0.026505
0.026357
0.026905
0.026699
0.026699
0.025731
0.022685
0.021729
0.021523
0.022446
0.024339
0.027343
0.028603
0.028751
0.027033
0.026181
0.025191
0.024237
0.024036
0.024442
0.025695
0.026384
0.026394
0.027166
0.026765
0.026064
0.026583
0.026202
0.025899
0.026427
0.026505
0.026357
0.026660
0.026699
0.027187
0.026903
0.025205
0.023149
0.021947
0.021279
0.022202
0.024114
0.027099
0.029092
0.028995
0.027278
0.025936
0.024947
0.023734
0.023792
0.024927
0.025206
0.025897
0.026882
0.026921
0.027008
0.026551
0.026338
0.026670
0.024969
0.022249
0.021646
0.021299
0.022055
0.024209
0.027197
0.028906
0.028017
0.027483
0.025897
0.024419
0.023955
0.023792
0.024702
0.024981
0.026159
0.025925
0.026676
0.026276
0.026775
0.026073
0.025693
0.025654
0.026180
0.026015
0.026600
0.026433
0.026452
0.026697
0.026658
0.025688
0.022885
0.021460
0.021760
0.022441
0.024598
0.027343
0.028603
0.028506
0.027033
0.025447
0.024214
0.023489
0.024276
0.024194
0.025206
0.025653
0.026392
0.026187
0.026520
0.026306
0.025848
0.025937
0.025899
0.025937
0.026015
0.026112
0.026903
0.026452
0.026209
0.026903
0.025447
0.022905
0.021947
0.021036
0.021959
0.023869
0.026855
0.028847
0.028995
0.027033
0.025691
0.024702
0.023734
0.023547
0.024683
0.025206
0.025620
0.026605
0.026644
0.026001
0.026275
0.026061
0.025905
0.026111
0.025905
0.025983
0.026325
0.026138
0.026911
0.026667
0.026383
0.025414
0.022868
0.021427
0.021722
0.022164
0.024321
0.027312
0.028328
0.028232
0.027736
0.026148
0.024913
0.024184
0.024000
0.024163
0.025173
0.026109
0.026362
0.026889
0.026489
0.026031
0.026305
0.026150
0.025623
0.026395
0.026228
0.026080
0.026628
0.026422
0.027156
0.026628
0.025172
0.023113
0.021671
0.021240
0.021921
0.023835
0.027068
0.029063
0.028721
0.027247
0.025903
0.024426
0.023942
0.023756
0.024652
0.025662
0.025864
0.026850
0.026646
0.026978
0.026381
0.026166
0.026256
0.026217
0.026006
0.026577
0.026428
0.026241
0.027017
0.026526
0.025801
0.022975
0.021523
0.021799
0.022243
0.024635
0.027415
0.028436
0.028585
0.027106
0.025512
0.024274
0.023807
0.024089
0.024254
0.025516
0.025473
0.026463
0.026257
0.026838
0.026131
0.025672
0.026272
0.025967
0.025760
0.026331
0.026182
0.026978
0.026771
0.026526
0.025554
0.022729
0.021277
0.021554
0.022243
0.024390
0.027415
0.028190
0.028340
0.027844
0.026248
0.024763
0.024296
0.024089
0.024009
0.025270
0.026455
0.026463
0.026748
0.026592
0.026377
0.026407
0.026026
0.025967
0.026497
0.026085
0.026182
0.026732
0.026525
0.027017
0.026707
0.024997
0.022927
0.021714
0.022012
0.021722
0.023892
0.026899
0.028659
0.028809
0.027328
0.025486
0.024491
0.023758
0.024062
0.024471
0.025489
0.025938
0.026438
0.026477
0.026813
0.026352
0.025891
0.026226
0.026187
0.025980
0.026551
0.026402
0.026215
0.026746
0.026500
0.026953
0.025487
0.023170
0.021956
0.021279
0.021965
0.024137
0.026900
0.028167
0.028317
0.027574
0.025731
0.024735
0.024248
0.023816
0.024716
0.025243
0.026430
0.025946
0.026723
0.026567
0.026598
0.026136
0.025980
0.026434
0.025980
0.026058
0.026894
0.026215
0.026254
0.026992
0.026707
0.025484
0.022920
0.021468
0.021766
0.022456
0.024382
0.027391
0.028656
0.028314
0.027078
0.025482
0.024241
0.023508
0.024058
0.024221
0.025239
0.025443
0.026435
0.026228
0.026563
0.026102
0.025887
0.026223
0.025692
0.025731
0.026301
0.025907
0.026704
0.026743
0.026496
0.025278
0.022696
0.020996
0.021519
0.021963
0.024114
0.027142
0.028163
0.028067
0.027570
0.026220
0.024733
0.024019
0.024058
0.023977
0.024994
0.026181
0.026189
0.026720
0.026317
0.026102
0.026134
0.025997
0.025692
0.026469
0.026056
0.025907
0.026704
0.026251
0.026989
0.026704
0.025239
0.022923
0.021710
0.021765
0.021718
0.024378
0.026895
0.028656
0.028806
0.027078
0.025728
0.024487
0.023510
0.024304
0.024713
0.025731
0.025689
0.026681
0.026720
0.026810
0.026349
0.026134
0.026469
0.025938
0.025977
0.026794
0.026400
0.026212
0.026989
0.026743
0.027197
0.025486
0.023412
0.021956
0.021519
0.022209
0.024133
0.027141
0.029148
0.028313
0.027570
0.025974
0.024979
0.023999
0.024058
0.024959
0.024994
0.026181
0.026435
0.026966
0.026317
0.026841
0.026380
0.025977
0.026430
0.026469
0.026056
0.026645
0.026704
0.026497
0.026989
0.026704
0.025977
0.022923
0.021710
0.021765
0.022451
0.024378
0.027633
0.028656
0.028806
0.027078
0.025728
0.024487
0.023754
0.024304
0.024713
0.025485
0.025689
0.026681
0.026474
0.026809
0.026349
0.026134
0.026223
0.026166
0.025959
0.026530
0.026381
0.026933
0.026725
0.026479
0.027179
0.025221
0.023146
0.021934
0.021252
0.022185
0.024114
0.027125
0.029133
0.028789
0.027553
0.025956
0.024713
0.023980
0.023793
0.024693
0.024975
0.025917
0.026910
0.026702
0.026300
0.026577
0.026115
0.025959
0.026166
0.025959
0.026037
0.026874
0.026440
0.210497
0.209542
0.208406
0.208048
0.383622
0.382419
0.447746
0.446048
0.445320
0.444630
0.443215
0.441263
0.438820
0.435839
0.432911
0.430070
0.427819
0.425305
0.423507
0.420944
0.418089
0.414855
0.411553
0.407880
0.404293
0.400471
0.396225
0.393059
0.388920
0.384699
0.380862
0.376898
0.372929
0.368698
0.363686
0.359344
0.354650
0.350658
0.346370
0.343291
0.340591
0.337057
0.333161
0.328056
0.323392
0.318915
0.314509
0.310536
0.307041
0.303602
0.299831
0.296269
0.292380
0.288774
0.284660
0.280556
0.276954
0.273290
0.269411
0.266477
0.262399
0.258677
0.255234
0.251629
0.248399
0.244130
0.239774
0.236420
0.232895
0.230139
0.227604
0.225524
0.222555
0.219137
0.215444
0.211347
0.207356
0.203767
0.200334
0.197049
0.194041
0.191094
0.187918
0.184635
0.181287
0.178477
0.175388
0.172043
0.168703
0.165956
0.163179
0.160561
0.157919
0.155327
0.152322
0.149211
0.146464
0.143711
0.141396
0.139364
0.138337
0.137241
0.135632
0.133397
0.130542
0.128102
0.125223
0.122950
0.120663
0.119229
0.117146
0.115694
0.114060
0.112503
0.110353
0.108634
0.107007
0.105266
0.103838
0.102176
0.100686
0.099132
0.098013
0.096716
0.095571
0.093993
0.092501
0.090427
0.089273
0.088710
0.088191
0.088659
0.088519
0.087650
0.086819
0.085642
0.084038
0.082391
0.081175
0.080037
0.078976
0.078491
0.077985
0.076982
0.076276
0.075244
0.074133
0.073298
0.072300
0.071342
0.070953
0.069876
0.068997
0.068323
0.067444
0.066937
0.065977
0.063924
0.063256
0.062850
0.063536
0.063403
0.064822
0.065417
0.065799
0.065281
0.063770
0.062345
0.061060
0.060118
0.059492
0.059268
0.059318
0.058449
0.058568
0.057774
0.057812
0.056806
0.056020
0.056060
0.055198
0.054910
0.054936
0.054312
0.053955
0.054121
0.053419
0.052503
0.051469
0.050714
0.051008
0.051509
0.052816
0.053770
0.054737
0.055069
0.054007
0.053172
0.052411
0.051836
0.052229
0.052189
0.052941
0.052934
0.053506
0.053556
0.053734
0.053625
0.053575
0.053315
0.053268
0.053451
0.054013
0.053689
0.054196
0.054163
0.054015
0.054641
0.054069
0.053704
0.052044
0.051235
0.051340
0.051619
0.053043
0.054787
0.055278
0.055721
0.054339
0.053151
0.052568
0.052114
0.052445
0.052551
0.053407
0.053575
0.054242
0.054045
0.054271
0.054124
0.053697
0.054183
0.053447
0.053464
0.054000
0.053544
0.054094
0.053922
0.053786
0.054076
0.052456
0.051525
0.050547
0.050029
0.050472
0.051852
0.053682
0.054940
0.054483
0.053295
0.051526
0.050198
0.049680
0.049423
0.049782
0.050034
0.050551
0.051220
0.050770
0.050582
0.050745
0.049949
0.049771
0.050155
0.049723
0.049743
0.050053
0.049733
0.050165
0.049975
0.048549
0.047467
0.046146
0.046614
0.046247
0.047953
0.049322
0.051073
0.051198
0.050181
0.048908
0.047847
0.047321
0.047970
0.047666
0.048568
0.048936
0.049393
0.049675
0.050008
0.049605
0.049281
0.049893
0.049698
0.049506
0.049979
0.049910
0.049734
0.050389
0.050488
0.049694
0.048363
0.047362
0.047388
0.047912
0.049239
0.051160
0.052006
0.051993
0.051327
0.050227
0.049218
0.048703
0.049340
0.049451
0.050342
0.050718
0.051656
0.051319
0.051613
0.051438
0.051432
0.051168
0.051120
0.050738
0.051422
0.051502
0.051624
0.051656
0.051466
0.050482
0.049002
0.047812
0.047874
0.048166
0.049734
0.051398
0.052309
0.052455
0.051840
0.050813
0.050002
0.049011
0.049042
0.049221
0.050260
0.050625
0.050832
0.051332
0.051092
0.050542
0.050989
0.050725
0.050677
0.050861
0.050773
0.051475
0.051302
0.051334
0.051804
0.050501
0.049433
0.048440
0.047900
0.048388
0.050100
0.051580
0.053137
0.052642
0.052247
0.050888
0.049916
0.049537
0.049568
0.050055
0.050330
0.051325
0.051536
0.051979
0.051849
0.052142
0.051775
0.051191
0.051762
0.051795
0.051474
0.052008
0.052057
0.052732
0.052330
0.052125
0.052310
0.050742
0.049979
0.048790
0.048199
0.048585
0.050337
0.052131
0.053906
0.053153
0.052547
0.051661
0.050620
0.049761
0.049643
0.050620
0.050891
0.051707
0.051732
0.052411
0.052278
0.052345
0.051914
0.051611
0.051999
0.051861
0.051927
0.052550
0.052374
0.052882
0.052882
0.052624
0.051861
0.050510
0.049477
0.049608
0.049998
0.051763
0.053723
0.054428
0.054578
0.053518
0.052371
0.051072
0.050443
0.051131
0.051296
0.052387
0.052545
0.053415
0.053270
0.053789
0.053379
0.053849
0.053545
0.052856
0.052890
0.053613
0.053472
0.053832
0.053865
0.053640
0.052684
0.051293
0.049989
0.050259
0.050405
0.052213
0.053661
0.054803
0.054760
0.054343
0.052932
0.051879
0.051227
0.051342
0.051291
0.052145
0.053010
0.053006
0.053456
0.053130
0.052942
0.053192
0.052636
0.052585
0.052869
0.052687
0.053435
0.053073
0.052757
0.053423
0.053160
0.051451
0.050718
0.049771
0.049804
0.049486
0.051959
0.052884
0.054439
0.054591
0.053151
0.051745
0.050883
0.050104
0.050628
0.050509
0.051628
0.051578
0.052240
0.052275
0.052557
0.052176
0.051760
0.052040
0.052006
0.051624
0.052109
0.052195
0.052440
0.052125
0.052125
0.052515
0.050994
0.050067
0.048577
0.048141
0.048730
0.050251
0.052042
0.053455
0.052924
0.052497
0.050839
0.049733
0.049304
0.048913
0.049940
0.049930
0.050804
0.051030
0.051494
0.050926
0.051412
0.050970
0.050406
0.051046
0.050831
0.050674
0.051143
0.050945
0.051662
0.051230
0.050945
0.050317
0.048674
0.047367
0.047618
0.048101
0.049751
0.051793
0.052499
0.052566
0.051221
0.050014
0.048937
0.048259
0.048753
0.048920
0.049809
0.049980
0.050885
0.050467
0.051007
0.050585
0.050872
0.050483
0.050448
0.050254
0.050407
0.050495
0.051001
0.051036
0.050583
0.051001
0.049688
0.048692
0.047246
0.046807
0.047408
0.049106
0.050939
0.052346
0.052503
0.051378
0.050156
0.048689
0.048003
0.048055
0.048898
0.048894
0.049985
0.050905
0.050730
0.050108
0.050603
0.050199
0.049828
0.050481
0.050266
0.050128
0.050676
0.050729
0.051158
0.050675
0.050640
0.050000
0.048126
0.046993
0.047359
0.047595
0.049772
0.051376
0.052344
0.052503
0.052067
0.050388
0.049486
0.048951
0.048797
0.048686
0.049852
0.050955
0.050975
0.051474
0.051330
0.050884
0.050937
0.050794
0.050759
0.051277
0.051116
0.051205
0.051705
0.051294
0.051991
0.051955
0.050406
0.049287
0.048391
0.048197
0.048354
0.050548
0.051948
0.053845
0.053784
0.052408
0.051169
0.050260
0.049607
0.050119
0.050282
0.051205
0.051493
0.052195
0.052013
0.052570
0.052139
0.051724
0.052029
0.051761
0.051580
0.052351
0.052441
0.052013
0.052531
0.052531
0.052964
0.051400
0.050160
0.049135
0.048253
0.049097
0.050611
0.052466
0.054376
0.053603
0.052928
0.051682
0.050549
0.049854
0.049678
0.050282
0.050765
0.051396
0.051631
0.052149
0.052005
0.052026
0.051524
0.051380
0.051452
0.051266
0.051089
0.051651
0.051706
0.051270
0.051742
0.050385
0.049131
0.047996
0.047532
0.047690
0.049890
0.051320
0.053236
0.053147
0.051768
0.050514
0.049362
0.048567
0.048384
0.048981
0.049468
0.050118
0.051063
0.050865
0.050954
0.050753
0.050319
0.049942
0.050371
0.050408
0.049997
0.050571
0.050376
0.050887
0.050887
0.049050
0.048036
0.047126
0.046911
0.046819
0.049028
0.050461
0.052039
0.051971
0.050575
0.049314
0.048389
0.047483
0.047991
0.048121
0.049093
0.049028
0.049975
0.050012
0.050100
0.049665
0.049464
0.049820
0.049516
0.049318
0.050102
0.049639
0.050171
0.050208
0.049730
0.050171
0.050134
0.048514
0.047303
0.046297
0.046322
0.046119
0.049055
0.049784
0.051645
0.051790
0.050372
0.048885
0.047686
0.047249
0.047554
0.047686
0.048891
0.048852
0.049552
0.049589
0.050158
0.049725
0.049038
0.049606
0.049340
0.049141
0.049679
0.049771
0.049505
0.050024
0.049774
0.050224
0.048608
0.047831
0.046654
0.045997
0.046615
0.048416
0.050318
0.052031
0.051234
0.050785
0.049509
0.048322
0.047402
0.047456
0.048303
0.048568
0.049472
0.049712
0.050468
0.049837
0.050116
0.049913
0.049534
0.049979
0.049766
0.049756
0.050335
0.050154
0.050120
0.050358
0.050083
0.049415
0.047913
0.046517
0.046861
0.047023
0.049297
0.051460
0.051964
0.052378
0.051203
0.049852
0.048440
0.047731
0.048503
0.048658
0.049638
0.049814
0.050778
0.050581
0.050919
0.050715
0.050999
0.050612
0.050575
0.050379
0.050847
0.050702
0.051483
0.051283
0.051045
0.050375
0.048618
0.047200
0.047693
0.047857
0.050127
0.051593
0.052827
0.052992
0.052301
0.050775
0.049829
0.048903
0.048704
0.049091
0.049826
0.050976
0.050980
0.051492
0.051106
0.050664
0.051183
0.050567
0.050511
0.051034
0.050623
0.050716
0.051186
0.050736
0.051462
0.049829
0.048775
0.047369
0.046898
0.047061
0.049331
0.051034
0.052760
0.051946
0.051493
0.049966
0.048782
0.048089
0.047891
0.048514
0.049014
0.049928
0.049921
0.050446
0.050296
0.050329
0.050124
0.049507
0.049938
0.049975
0.049562
0.050316
0.050134
0.050409
0.048980
0.047684
0.046506
0.046093
0.046238
0.048495
0.049962
0.051200
0.051116
0.050377
0.049101
0.047893
0.047197
0.047016
0.046900
0.048127
0.049045
0.049039
0.049565
0.049416
0.049449
0.049004
0.048873
0.048329
0.049094
0.048679
0.049502
0.049318
0.048866
0.049595
0.047956
0.046662
0.045720
0.044778
0.045660
0.047217
0.049166
0.051139
0.051064
0.049877
0.048344
0.047144
0.046461
0.046011
0.047125
0.047390
0.048293
0.049025
0.049063
0.048363
0.048887
0.048441
0.048310
0.048493
0.048291
0.048366
0.048700
0.048756
0.049284
0.049284
0.048756
0.049209
0.047805
0.046794
0.045382
0.045177
0.045359
0.047398
0.049123
0.051101
0.050514
0.050039
0.048269
0.047059
0.046612
0.046429
0.047059
0.047562
0.048741
0.048476
0.049004
0.048854
0.049378
0.048931
0.048541
0.048984
0.048781
0.048563
0.049388
0.049445
0.049666
0.049424
0.049386
0.049840
0.048188
0.047162
0.046229
0.045545
0.046275
0.048093
0.050055
0.051740
0.051151
0.050432
0.049147
0.047928
0.047239
0.047295
0.048170
0.048435
0.049381
0.049608
0.050130
0.049736
0.050021
0.049814
0.049420
0.050116
0.049913
0.049738
0.050324
0.050139
0.050911
0.050911
0.049256
0.047951
0.046999
0.046297
0.046940
0.048763
0.050732
0.052474
0.052641
0.051159
0.050104
0.048900
0.048200
0.047998
0.048881
0.049389
0.050066
0.050803
0.050840
0.051425
0.050975
0.050524
0.050142
0.050579
0.050373
0.051188
0.050791
0.050604
0.051377
0.051135
0.049963
0.048415
0.047225
0.047236
0.047644
0.049710
0.051442
0.052693
0.052615
0.051419
0.049874
0.048665
0.047973
0.048252
0.048646
0.049643
0.049827
0.050566
0.050110
0.050694
0.050245
0.049788
0.050147
0.050090
0.049637
0.050203
0.050297
0.050598
0.050392
0.050142
0.049223
0.047677
0.045954
0.046206
0.046859
0.048680
0.050409
0.051661
0.051586
0.050389
0.049325
0.048124
0.047673
0.047217
0.047611
0.048363
0.049287
0.049283
0.050057
0.049664
0.048909
0.049438
0.048813
0.048757
0.049286
0.048865
0.048960
0.049259
0.049297
0.048411
0.046609
0.045172
0.045407
0.045555
0.047850
0.049585
0.050595
0.050513
0.049333
0.047800
0.046579
0.045878
0.046425
0.046551
0.047554
0.047988
0.048476
0.048514
0.048858
0.048399
0.047947
0.048309
0.048002
0.047796
0.048608
0.048210
0.049004
0.048797
0.048305
0.047625
0.045829
0.044386
0.044889
0.045055
0.047119
0.048861
0.049864
0.050032
0.049327
0.048018
0.046811
0.046109
0.045903
0.046057
0.047051
0.048222
0.048224
0.048506
0.048355
0.047902
0.048431
0.047806
0.047749
0.048279
0.048113
0.047957
0.048720
0.048512
0.047626
0.045822
0.044383
0.044619
0.045016
0.047064
0.049297
0.050056
0.049980
0.049049
0.047759
0.046282
0.046324
0.046380
0.046263
0.047267
0.047702
0.048687
0.049217
0.048573
0.048364
0.048897
0.048519
0.048219
0.048745
0.048575
0.048428
0.049223
0.049260
0.049753
0.049223
0.047803
0.047002
0.045560
0.045102
0.045519
0.047605
0.049572
0.051325
0.051493
0.050291
0.048735
0.047529
0.047057
0.046864
0.047751
0.048019
0.049192
0.050178
0.049970
0.050314
0.049855
0.049400
0.049006
0.049706
0.049744
0.050313
0.050165
0.050222
0.050752
0.050752
0.050222
0.049294
0.047757
0.047292
0.046840
0.047251
0.049096
0.051068
0.052077
0.052245
0.051784
0.050158
0.048940
0.048465
0.048030
0.048183
0.049435
0.050120
0.050373
0.050904
0.050727
0.049977
0.050261
0.050108
0.049825
0.050355
0.050184
0.050777
0.050585
0.050376
0.051118
0.050585
0.048905
0.048093
0.046635
0.046678
0.046600
0.049205
0.051195
0.051960
0.052127
0.050916
0.049350
0.048130
0.047404
0.047957
0.047861
0.049116
0.049062
0.050052
0.049843
0.050182
0.049727
0.049516
0.049608
0.049325
0.049364
0.049685
0.049780
0.050085
0.049876
0.049876
0.048691
0.047120
0.045418
0.045679
0.046100
0.048192
0.049947
0.051210
0.051131
0.049671
0.048103
0.046882
0.046915
0.046707
0.046856
0.047868
0.047810
0.048800
0.049336
0.048933
0.048475
0.049007
0.048378
0.048321
0.048854
0.048436
0.048531
0.048833
0.048872
0.049369
0.047687
0.046608
0.045151
0.044679
0.045096
0.046941
0.048947
0.049960
0.049879
0.049412
0.047846
0.046872
0.045919
0.045957
0.045863
0.047118
0.047802
0.048051
0.048586
0.048183
0.048468
0.048010
0.047876
0.047321
0.048101
0.047933
0.048521
0.048331
0.048124
0.048616
0.048292
0.048254
0.047317
0.045530
0.044832
0.044422
0.044612
0.046954
0.048709
0.049726
0.049837
0.049333
0.047780
0.046539
0.045831
0.045641
0.046042
0.046805
0.048008
0.047990
0.048773
0.048123
0.047913
0.048197
0.047798
0.047760
0.048292
0.048121
0.048714
0.048772
0.048312
0.048810
0.048772
0.048733
0.047793
0.045760
0.044811
0.044853
0.045535
0.047143
0.049402
0.050419
0.050567
0.049833
0.048527
0.047532
0.046826
0.046388
0.046789
0.047801
0.048758
0.048988
0.049521
0.049119
0.048662
0.049195
0.049042
0.048755
0.049291
0.049368
0.049710
0.049521
0.049560
0.050304
0.048619
0.047538
0.046569
0.045602
0.046515
0.048123
0.050383
0.052394
0.051567
0.051098
0.049527
0.048553
0.047847
0.047640
0.048784
0.048803
0.049987
0.049991
0.050773
0.050371
0.050658
0.050447
0.050065
0.050501
0.050294
0.050123
0.050962
0.050774
0.051306
0.051058
0.049376
0.048541
0.046832
0.046605
0.046777
0.048876
0.050887
0.052651
0.052818
0.051356
0.049781
0.048560
0.048102
0.047643
0.048541
0.049057
0.049743
0.050736
0.050529
0.050621
0.050410
0.049953
0.049569
0.050008
0.049800
0.050370
0.050218
0.050276
0.050562
0.050314
0.049621
0.047550
0.046582
0.046355
0.046771
0.048876
0.050885
0.051902
0.051819
0.050360
0.048788
0.047813
0.046861
0.047640
0.047544
0.048557
0.048998
0.049493
0.049531
0.049875
0.049415
0.048956
0.049565
0.049012
0.048770
0.049341
0.049190
0.049992
0.049533
0.047888
0.046802
0.045586
0.045585
0.045242
0.047328
0.049091
0.051104
0.051021
0.049579
0.048013
0.047017
0.046063
0.045873
0.046748
0.047763
0.047954
0.048700
0.048738
0.048833
0.048622
0.048163
0.048523
0.048219
0.048009
0.048578
0.048427
0.048484
0.048770
0.048770
0.047830
0.045752
0.044538
0.044802
0.044974
0.047328
0.049093
0.050360
0.050280
0.048817
0.047241
0.046019
0.045560
0.045844
0.046245
0.047260
0.047203
0.048197
0.048236
0.048580
0.047871
0.047660
0.048024
0.047716
0.047506
0.048328
0.048177
0.048481
0.048520
0.048273
0.048979
0.048443
0.047749
0.045961
0.044514
0.044802
0.045238
0.047347
0.049361
0.050379
0.050527
0.049046
0.047739
0.046495
0.046037
0.046341
0.046495
0.047756
0.047720
0.048696
0.048486
0.049077
0.048619
0.048158
0.048501
0.048462
0.048254
0.048828
0.048674
0.049229
0.049268
0.049019
0.049726
0.048041
0.046725
0.045510
0.045301
0.045719
0.047846
0.049593
0.051607
0.051526
0.050311
0.048736
0.047758
0.047033
0.046843
0.047989
0.048256
0.049195
0.049942
0.049980
0.049827
0.050113
0.049654
0.049500
0.049710
0.049748
0.049577
0.050418
0.050229
0.050764
0.050764
0.050479
0.049535
0.047725
0.046509
0.046792
0.047215
0.049341
0.051091
0.052359
0.052529
0.051065
0.050236
0.049258
0.048529
0.048093
0.048495
0.049506
0.050445
0.050448
0.051231
0.050827
0.050121
0.050655
0.050251
0.049718
0.050501
0.050328
0.050424
0.050731
0.050520
0.051265
0.049331
0.048243
0.047028
0.046303
0.046723
0.048830
0.050844
0.051615
0.051782
0.051314
0.049736
0.048264
0.047805
0.047593
0.048245
0.048512
0.049698
0.049450
0.049986
0.049807
0.050092
0.049385
0.049250
0.048943
0.049478
0.049308
0.049899
0.049709
0.049250
0.049996
0.048556
0.046973
0.046001
0.045031
0.045696
0.047804
0.049573
0.051339
0.051257
0.049794
0.048466
0.047488
0.046531
0.046323
0.047216
0.047485
0.048175
0.049170
0.049209
0.048557
0.048843
0.048382
0.048000
0.048440
0.048229
0.048305
0.048899
0.048459
0.049243
0.047344
0.046258
0.045287
0.044298
0.044944
0.046783
0.048801
0.050318
0.049738
0.049289
0.047733
0.046735
0.045778
0.045589
0.046466
0.046736
0.047923
0.047675
0.048459
0.048057
0.048344
0.047883
0.047500
0.048188
0.047729
0.047806
0.048399
0.047959
0.048743
0.048495
0.048207
0.047265
0.045701
0.043988
0.044521
0.044940
0.046820
0.048819
0.050087
0.050006
0.048791
0.047216
0.045988
0.045263
0.045817
0.045969
0.046984
0.047425
0.048172
0.048707
0.048305
0.048094
0.048380
0.047976
0.047691
0.048226
0.048303
0.048152
0.048705
0.048495
0.049241
0.048955
0.047515
0.046198
0.044980
0.044274
0.044944
0.046821
0.049069
0.050836
0.050754
0.049539
0.048211
0.046985
0.046259
0.046066
0.046966
0.047484
0.048422
0.049418
0.048959
0.049551
0.049091
0.048880
0.048478
0.048937
0.048976
0.048555
0.049397
0.049206
0.049990
0.049743
0.049704
0.048758
0.047193
0.045725
0.046012
0.046433
0.048562
0.050564
0.051583
0.051751
0.051281
0.049705
0.048477
0.047998
0.048056
0.048211
0.048976
0.050164
0.050166
0.050951
0.050548
0.050337
0.050623
0.050220
0.049933
0.050470
0.050547
0.050394
0.050700
0.050739
0.051485
0.049796
0.048459
0.047486
0.046516
0.047432
0.049046
0.051313
0.052830
0.052002
0.051533
0.050205
0.048730
0.048270
0.048059
0.048958
0.048979
0.050169
0.050419
0.050457
0.050304
0.050838
0.050128
0.049746
0.050434
0.094030
0.095797
0.097321
0.099586
0.155112
0.251888
0.248277
0.245084
0.243920
0.241400
0.237222
0.232666
0.226765
0.220182
0.214931
0.211246
0.209001
0.206801
0.204245
0.200467
0.197134
0.192969
0.188606
0.184582
0.180337
0.176537
0.173315
0.170428
0.166876
0.164075
0.161077
0.157521
0.154495
0.151607
0.148199
0.145277
0.141993
0.139413
0.138429
0.137750
0.136140
0.134331
0.131354
0.126787
0.121466
0.117130
0.114810
0.113678
0.112841
0.111863
0.110266
0.108613
0.105176
0.102911
0.099686
0.097123
0.095238
0.092839
0.091450
0.090062
0.088617
0.086337
0.084703
0.082145
0.080455
0.079276
0.076920
0.075419
0.074169
0.073263
0.074502
0.074736
0.072679
0.071062
0.067475
0.062982
0.060704
0.059201
0.058530
0.058563
0.058708
0.057820
0.056639
0.055678
0.053196
0.050922
0.049871
0.048090
0.047442
0.046521
0.045231
0.044563
0.043724
0.042252
0.041300
0.039774
0.038841
0.038088
0.036734
0.036065
0.036922
0.037871
0.038439
0.037676
0.036790
0.033322
0.030601
0.027935
0.027205
0.027690
0.028491
0.028756
0.028754
0.027419
0.026722
0.024704
0.023752
0.022579
0.021972
0.021104
0.020487
0.020392
0.019484
0.019067
0.018551
0.017590
0.017050
0.016074
0.015518
0.015149
0.014065
0.015300
0.016765
0.017467
0.017495
0.016628
0.014207
0.011297
0.009140
0.009368
0.009249
0.010290
0.010730
0.011066
0.010596
0.009466
0.008814
0.007785
0.007439
0.006573
0.006668
0.006059
0.005971
0.006065
0.005623
0.005525
0.005359
0.004784
0.004766
0.004695
0.004852
0.004769
0.004722
0.005913
0.006585
0.006217
0.005903
0.004531
0.004118
0.004480
0.004514
0.004304
0.004185
0.004142
0.004431
0.004295
0.004275
0.004341
0.004555
0.004951
0.004969
0.005243
0.005219
0.005652
0.005569
0.005549
0.005569
0.006015
0.006303
0.006815
0.006841
0.006841
0.006358
0.005271
0.005178
0.004958
0.005240
0.006357
0.008187
0.009540
0.009668
0.009234
0.008055
0.007339
0.007084
0.006868
0.007091
0.007910
0.008877
0.008716
0.009381
0.009240
0.009050
0.009552
0.009278
0.009228
0.009895
0.009966
0.010488
0.010353
0.010389
0.010822
0.009476
0.008061
0.007451
0.007380
0.007721
0.009094
0.011703
0.013634
0.012837
0.012353
0.010829
0.009929
0.009288
0.009302
0.010213
0.010681
0.011528
0.011568
0.012053
0.011904
0.012398
0.012172
0.011589
0.011985
0.012022
0.012097
0.012680
0.012737
0.013237
0.012994
0.011384
0.009807
0.008918
0.008692
0.009197
0.010794
0.013413
0.015365
0.015511
0.014298
0.012280
0.011364
0.010939
0.010974
0.011347
0.011837
0.012961
0.013921
0.013959
0.013806
0.013596
0.013387
0.013254
0.013444
0.013235
0.014027
0.013896
0.013710
0.014219
0.014219
0.014671
0.012997
0.011030
0.010126
0.009772
0.010235
0.011983
0.014860
0.016106
0.016253
0.015526
0.014201
0.012743
0.012073
0.012128
0.012272
0.013235
0.014163
0.014412
0.014927
0.014773
0.014087
0.014594
0.014197
0.014159
0.014441
0.014518
0.015093
0.014903
0.014710
0.015434
0.015151
0.014182
0.011518
0.010442
0.010543
0.010481
0.013124
0.016075
0.017082
0.017231
0.015762
0.014201
0.012989
0.012520
0.012819
0.013213
0.014197
0.014639
0.015133
0.015171
0.015498
0.015286
0.014594
0.015163
0.014881
0.014919
0.015240
0.015337
0.015878
0.015669
0.015434
0.014468
0.011969
0.010698
0.010908
0.011339
0.013351
0.016311
0.017327
0.017476
0.016009
0.015402
0.013232
0.013487
0.013282
0.013434
0.014441
0.014883
0.015614
0.016135
0.015743
0.015286
0.015801
0.015418
0.015125
0.015646
0.015723
0.015337
0.016123
0.015917
0.016400
0.014670
0.012666
0.011502
0.010908
0.011512
0.013594
0.016559
0.017567
0.017716
0.016983
0.015402
0.014128
0.013666
0.013235
0.014356
0.014629
0.015567
0.015573
0.016343
0.015940
0.016219
0.015760
0.015377
0.015318
0.015605
0.015682
0.016264
0.016322
0.015876
0.016361
0.016322
0.015359
0.012599
0.011433
0.011511
0.012150
0.014037
0.017004
0.018264
0.018415
0.016699
0.015113
0.014128
0.013402
0.013705
0.014108
0.015357
0.015310
0.016056
0.016095
0.016426
0.015726
0.015512
0.016088
0.015812
0.015851
0.016660
0.016519
0.017310
0.017349
0.017336
0.017792
0.016087
0.014530
0.013387
0.012969
0.013658
0.015995
0.018731
0.020066
0.020216
0.018741
0.017165
0.015692
0.015213
0.014744
0.015373
0.015645
0.016582
0.016341
0.016862
0.015976
0.016493
0.016031
0.015383
0.015837
0.015631
0.015420
0.015765
0.015823
0.016595
0.016110
0.016071
0.015101
0.012626
0.011244
0.011087
0.011711
0.013573
0.016769
0.017781
0.017930
0.016466
0.015365
0.013417
0.013184
0.013241
0.013094
0.014106
0.014302
0.015033
0.015804
0.015410
0.014948
0.015465
0.014827
0.014540
0.014601
0.014055
0.013663
0.014209
0.013999
0.014488
0.014202
0.012765
0.010343
0.009514
0.008851
0.009320
0.011494
0.014167
0.015888
0.015793
0.014101
0.012782
0.011373
0.010916
0.010822
0.011450
0.011699
0.012596
0.013552
0.013590
0.013686
0.013477
0.013268
0.013830
0.013561
0.013847
0.014406
0.014501
0.014558
0.015082
0.015082
0.014369
0.011581
0.010754
0.010859
0.011549
0.013480
0.016584
0.017818
0.017983
0.016540
0.015244
0.013875
0.013458
0.013503
0.013543
0.014452
0.014424
0.015349
0.014932
0.015474
0.014794
0.014148
0.014698
0.014168
0.014004
0.014278
0.014130
0.014424
0.014222
0.013987
0.014185
0.013834
0.012910
0.010637
0.009700
0.009971
0.010110
0.011632
0.014613
0.015822
0.015480
0.014204
0.012723
0.011409
0.010729
0.011377
0.011737
0.012654
0.012885
0.013558
0.013595
0.014143
0.013487
0.013285
0.013614
0.013577
0.013297
0.014094
0.014186
0.014940
0.014760
0.014523
0.015430
0.013795
0.012331
0.011704
0.011721
0.012450
0.013899
0.016781
0.018289
0.017149
0.015611
0.013985
0.012848
0.012093
0.012137
0.012809
0.012643
0.013662
0.013302
0.013545
0.013196
0.013211
0.012369
0.011887
0.012053
0.011644
0.011516
0.012048
0.011857
0.011991
0.011991
0.010516
0.009122
0.008335
0.008658
0.008946
0.010096
0.012570
0.014377
0.014631
0.013694
0.012070
0.011241
0.010807
0.010833
0.011863
0.012546
0.013433
0.014316
0.014352
0.014916
0.015055
0.014860
0.015448
0.015194
0.015229
0.015837
0.016146
0.016200
0.016457
0.016064
0.016402
0.014597
0.013380
0.012385
0.012087
0.012304
0.013660
0.015924
0.016805
0.016745
0.016313
0.014714
0.013541
0.013178
0.012722
0.012999
0.013558
0.014292
0.014385
0.015000
0.014431
0.014603
0.014095
0.013736
0.013576
0.013736
0.013796
0.014012
0.014207
0.014000
0.014207
0.012841
0.011630
0.011370
0.011096
0.011098
0.012183
0.014649
0.016385
0.016377
0.015037
0.013725
0.012753
0.012437
0.012463
0.012783
0.013016
0.013809
0.014260
0.014294
0.014037
0.014380
0.013793
0.013511
0.014095
0.013904
0.013706
0.014438
0.014260
0.014640
0.014209
0.014174
0.013198
0.011337
0.010737
0.010983
0.011095
0.012652
0.015277
0.016474
0.016323
0.014920
0.014102
0.012826
0.012432
0.012396
0.012730
0.013661
0.014723
0.014959
0.015686
0.015090
0.014890
0.015613
0.015225
0.014670
0.014894
0.014567
0.014660
0.015357
0.015393
0.015602
0.015567
0.015128
0.014493
0.012672
0.011931
0.011975
0.012083
0.013499
0.015798
0.016736
0.016396
0.015059
0.014485
0.012843
0.012870
0.012810
0.013052
0.013395
0.013723
0.014607
0.014802
0.014862
0.014447
0.014684
0.014563
0.014452
0.014898
0.014715
0.014793
0.015376
0.015233
0.015842
0.015564
0.014555
0.013102
0.012784
0.012679
0.013033
0.014188
0.016468
0.017956
0.017943
0.016828
0.015217
0.014256
0.013488
0.013439
0.013842
0.013984
0.014734
0.015346
0.014849
0.015457
0.014652
0.014344
0.013763
0.014184
0.013634
0.014310
0.013901
0.013657
0.014096
0.013741
0.012971
0.011054
0.010366
0.010491
0.010858
0.012154
0.014557
0.015712
0.015604
0.014468
0.013135
0.012121
0.011792
0.012096
0.012440
0.013174
0.013552
0.014547
0.014442
0.015176
0.015228
0.014979
0.015492
0.015218
0.015368
0.016082
0.015975
0.016135
0.015756
0.015196
0.014287
0.012545
0.011827
0.011898
0.012233
0.013890
0.016644
0.017345
0.017579
0.016069
0.015448
0.014635
0.013944
0.013905
0.014090
0.014928
0.015874
0.015700
0.016335
0.016115
0.015766
0.016182
0.015858
0.015650
0.016478
0.016330
0.016244
0.017108
0.016928
0.016427
0.014695
0.014020
0.014468
0.014642
0.016035
0.018568
0.019446
0.019372
0.018335
0.017047
0.016002
0.015580
0.015616
0.015648
0.016397
0.016312
0.016944
0.016640
0.016672
0.016496
0.015961
0.016212
0.015831
0.015520
0.015798
0.015877
0.015986
0.016019
0.014288
0.012967
0.012348
0.012331
0.012486
0.014388
0.016238
0.017930
0.018066
0.016789
0.015435
0.014364
0.013533
0.013480
0.013774
0.014669
0.014920
0.015520
0.015228
0.015547
0.015142
0.014640
0.014870
0.014364
0.014313
0.014603
0.014461
0.014908
0.014407
0.012711
0.011485
0.010467
0.010320
0.010578
0.012124
0.014170
0.015870
0.016005
0.014719
0.013122
0.012305
0.011751
0.011572
0.012407
0.012755
0.013366
0.014212
0.014246
0.014757
0.014338
0.014219
0.014738
0.014460
0.014384
0.014527
0.014364
0.014102
0.014766
0.013561
0.012098
0.011312
0.010990
0.011297
0.012618
0.015313
0.016680
0.016819
0.015368
0.014049
0.013025
0.012604
0.012340
0.012933
0.013131
0.013918
0.014523
0.014329
0.013989
0.014246
0.013861
0.013750
0.013908
0.013917
0.013979
0.014490
0.014310
0.013796
0.012199
0.011539
0.011559
0.012060
0.013546
0.015889
0.016994
0.017045
0.016207
0.014892
0.014126
0.014220
0.014263
0.014329
0.015430
0.015800
0.016339
0.016549
0.015929
0.015585
0.016211
0.016099
0.015463
0.015947
0.016011
0.015928
0.016367
0.016173
0.016613
0.015221
0.013894
0.012736
0.012324
0.012831
0.013912
0.016503
0.017387
0.017323
0.016446
