0.664700
0.664700
0.664700
0.664700
0.664700
0.664700
0.664700
0.664700
0.663836
0.661238
0.657996
0.653656
0.649231
0.644699
0.640571
0.636710
0.633057
0.629812
0.626353
0.622676
0.618973
0.614994
0.611114
0.606951
0.603119
0.599065
0.595172
0.591170
0.587430
0.583786
0.579759
0.576079
0.572404
0.568290
0.564462
0.560624
0.556719
0.552885
0.549228
0.545282
0.541460
0.537819
0.534056
0.530108
0.526487
0.522689
0.518880
0.515271
0.511544
0.507792
0.504108
0.500329
0.496687
0.493076
0.489505
0.485856
0.482288
0.478885
0.475241
0.471572
0.467934
0.464474
0.460868
0.457496
0.453956
0.450346
0.447132
0.443572
0.439978
0.436766
0.433236
0.430011
0.426416
0.423190
0.419906
0.416362
0.413226
0.409778
0.406375
0.403091
0.399815
0.396649
0.393450
0.390069
0.386787
0.383481
0.380329
0.377347
0.373890
0.370678
0.367599
0.364280
0.361272
0.357997
0.354937
0.351760
0.348662
0.345427
0.342334
0.339398
0.336305
0.333120
0.330210
0.327044
0.323873
0.320886
0.317752
0.314855
0.311689
0.308762
0.305560
0.302629
0.299574
0.296776
0.293668
0.290844
0.288026
0.284767
0.281840
0.278925
0.275853
0.273030
0.270099
0.267143
0.264259
0.261355
0.258406
0.255582
0.252858
0.249855
0.246906
0.244098
0.241178
0.238519
0.235751
0.232895
0.230150
0.227628
0.224756
0.222069
0.219406
0.216811
0.214006
0.211321
0.208665
0.206187
0.203530
0.200812
0.198197
0.195693
0.193228
0.190486
0.188104
0.185689
0.183182
0.180825
0.178383
0.176066
0.173946
0.171662
0.169448
0.167190
0.164914
0.162876
0.160640
0.158473
0.156556
0.154377
0.152556
0.150389
0.148499
0.146575
0.144579
0.142678
0.140760
0.139137
0.137141
0.135293
0.133656
0.131738
0.130338
0.128475
0.126752
0.125097
0.123303
0.121862
0.120336
0.118595
0.117097
0.115759
0.113975
0.112572
0.111094
0.109646
0.108130
0.106779
0.105461
0.104023
0.102578
0.101434
0.099915
0.098828
0.097279
0.096099
0.094991
0.093686
0.092488
0.091004
0.090069
0.088752
0.087601
0.086567
0.085430
0.084257
0.083296
0.082150
0.080937
0.079783
0.078899
0.077877
0.076705
0.075776
0.074962
0.073756
0.072808
0.072146
0.070890
0.069982
0.069194
0.068120
0.067470
0.066428
0.065583
0.064519
0.063938
0.063064
0.062154
0.061340
0.060531
0.059980
0.059161
0.058146
0.057564
0.056618
0.055928
0.055341
0.054664
0.053619
0.052961
0.052485
0.051749
0.051173
0.050465
0.049646
0.049030
0.048515
0.047700
0.047064
0.046482
0.046028
0.045426
0.044646
0.044092
0.043611
0.042952
0.042472
0.041863
0.041325
0.040771
0.040271
0.039852
0.039218
0.038753
0.038200
0.037684
0.037218
0.036916
0.036111
0.035692
0.035372
0.034836
0.034461
0.033873
0.033634
0.032958
0.032746
0.032067
0.031947
0.031293
0.031182
0.030429
0.030220
0.029848
0.029398
0.028979
0.028869
0.028216
0.028060
0.027461
0.027347
0.026875
0.026485
0.026365
0.025945
0.025784
0.025245
0.024897
0.024686
0.024258
0.024035
0.023606
0.023397
0.023286
0.022821
0.022658
0.022337
0.021972
0.021864
0.021495
0.021322
0.021001
0.020879
0.020461
0.020414
0.020194
0.019832
0.019724
0.019402
0.019304
0.019038
0.018914
0.018694
0.018433
0.018333
0.017955
0.017756
0.017648
0.017537
0.017326
0.017067
0.016956
0.016808
0.016456
0.016358
0.016358
0.016038
0.015875
0.015765
0.015398
0.015398
0.015287
0.014967
0.014869
0.014869
0.014650
0.014340
0.014340
0.014241
0.013999
0.013787
0.013787
0.013678
0.013470
0.013370
0.013159
0.013051
0.012940
0.012740
0.012740
0.012521
0.012410
0.012311
0.012311
0.012058
0.011948
0.011784
0.011683
0.011660
0.011441
0.011342
0.011342
0.011242
0.011022
0.010907
0.010860
0.010860
0.010753
0.010651
0.010378
0.010267
0.010267
0.010267
0.010167
0.010059
0.009849
0.009849
0.009849
0.009803
0.009803
0.009483
0.009483
0.009483
0.009460
0.009364
0.009364
0.009350
0.009139
0.009139
0.009139
0.009139
0.009044
0.009044
0.008889
0.008676
0.008676
0.008676
0.008676
0.008676
0.008676
0.008676
0.008567
0.008567
0.008567
0.008567
0.008567
0.008567
0.008567
0.008567
0.008567
0.008457
0.008457
0.008457
0.008457
0.008457
0.008457
0.008457
0.008457
0.008457
0.008457
0.008457
0.008457
0.008457
0.008457
0.008457
0.008457
0.008457
0.008457
0.008457
0.008457
0.008457
0.008457
0.008457
0.008457
0.008457
0.008457
0.008457
0.008457
0.008457
0.008457
0.008457
0.008457
0.008457
0.008457
0.008457
0.008457
0.008457
0.008457
0.008457
0.008457
0.008457
0.008457
0.008457
0.008457
0.008457
0.008457
0.008457
0.008457
0.008457
0.008457
0.008457
0.008457
0.008457
0.008457
0.008457
0.008457
0.008457
0.008457
0.008457
0.008457
0.008457
0.008457
0.008457
0.008457
0.008457
0.008457
0.008457
0.008457
0.008457
0.008457
0.008457
0.008457
0.008457
0.008457
0.008457
0.008457
0.008457
0.008457
0.008457
0.008457
0.008457
0.008457
0.008457
0.008457
0.008457
0.008457
0.008457
0.008457
0.008457
0.008457
0.008457
0.008457
0.008457
0.008457
0.008457
0.008457
0.008457
0.008457
0.008457
0.008457
0.008457
0.008457
0.008457
0.008457
0.008457
0.008457
0.008457
0.008457
0.008457
0.008457
0.008457
0.008457
0.008457
0.008457
0.008457
0.008457
0.008457
0.008457
0.008457
0.008457
0.008457
0.008457
0.008457
0.008457
0.008457
0.008457
0.008457
0.008457
0.008457
0.008457
0.008457
0.008457
0.008457
0.008457
0.008457
0.008457
0.008457
0.008457
0.008457
0.008457
0.008457
0.008457
0.008457
0.008457
0.008457
0.008457
0.008457
0.008457
0.008457
0.008457
0.008457
0.008457
0.008457
0.008457
0.008457
0.008457
0.008457
0.008457
0.008457
0.008457
0.008457
0.008457
0.008457
0.008457
0.008457
0.008457
0.008457
0.008457
0.008457
0.008457
0.008457
0.008457
0.008457
0.008457
0.008457
0.008457
0.008457
0.008457
0.008457
0.008457
0.008457
0.008457
0.008457
0.008457
0.008457
0.008457
0.008457
0.008457
0.008457
0.008457
0.008457
0.008457
0.008457
0.008457
0.008457
0.008457
0.008457
0.008457
0.008457
0.008457
0.008457
0.008457
0.008457
0.008457
0.008457
0.008457
0.008457
0.008457
0.008457
0.008457
0.008457
0.008457
0.008457
0.008457
0.008457
0.008457
0.008457
0.008457
0.008457
0.008457
0.008457
0.008457
0.008457
0.008457
0.008457
0.008457
0.008457
0.008457
0.008457
0.008457
0.008457
0.008457
0.008457
0.008457
0.008457
0.008457
0.008457
0.008457
0.008457
0.008457
0.008457
0.008457
0.008457
0.008457
0.008457
0.008457
0.008457
0.008457
0.008457
0.008457
0.008457
0.008457
0.008457
0.008457
0.008457
0.008457
0.008457
0.008457
0.008457
0.008457
0.008457
0.008457
0.008457
0.008457
0.008457
0.008457
0.008457
0.008457
0.008457
0.008457
0.008457
