0.933549
0.933549
0.933549
0.933549
0.933549
0.933549
0.933549
0.933549
0.933509
0.933492
0.933483
0.933476
0.933525
0.933540
0.933565
0.933525
0.933491
0.933432
0.933303
0.933168
0.933058
0.932833
0.932490
0.931964
0.931283
0.930504
0.929516
0.928542
0.927545
0.926581
0.925521
0.924527
0.923558
0.922451
0.921365
0.920209
0.919042
0.917781
0.916567
0.915281
0.914034
0.912711
0.911338
0.910002
0.908496
0.907112
0.905585
0.904201
0.902644
0.901094
0.899594
0.898066
0.896490
0.895024
0.893435
0.891904
0.890393
0.888948
0.887394
0.885872
0.884281
0.882750
0.881165
0.879636
0.877848
0.876241
0.874489
0.872766
0.871102
0.869309
0.867662
0.865805
0.864067
0.862207
0.860278
0.858509
0.856772
0.854899
0.853091
0.851235
0.849324
0.847308
0.845301
0.843250
0.841145
0.839142
0.837171
0.835180
0.833164
0.831213
0.829193
0.827111
0.825049
0.822938
0.820781
0.818669
0.816531
0.814496
0.812349
0.810257
0.808278
0.806149
0.803971
0.801861
0.799726
0.797596
0.795390
0.793126
0.791101
0.788872
0.786863
0.784505
0.782454
0.780127
0.777923
0.775635
0.773302
0.771074
0.768901
0.766628
0.764451
0.762110
0.759788
0.757528
0.755146
0.752903
0.750518
0.748118
0.745802
0.743533
0.741244
0.738885
0.736520
0.734036
0.731650
0.729320
0.726948
0.724615
0.722204
0.719772
0.717282
0.714806
0.712371
0.709896
0.707458
0.705024
0.702544
0.700120
0.697692
0.695053
0.692561
0.690092
0.687503
0.685086
0.682539
0.680092
0.677608
0.675039
0.672418
0.669744
0.667235
0.664678
0.662144
0.659609
0.657027
0.654442
0.651722
0.649092
0.646263
0.643440
0.640540
0.637693
0.634930
0.632262
0.629467
0.626821
0.624045
0.621354
0.618759
0.616091
0.613552
0.610786
0.608221
0.605589
0.602847
0.600036
0.597080
0.594145
0.591129
0.588246
0.585419
0.582733
0.580177
0.577673
0.575271
0.572878
0.570478
0.568064
0.565596
0.563173
0.560879
0.558478
0.556258
0.554048
0.551933
0.549809
0.547544
0.545376
0.542965
0.540602
0.538255
0.535829
0.533590
0.531299
0.529263
0.527121
0.525167
0.523190
0.520972
0.518827
0.516545
0.514308
0.512074
0.509954
0.507895
0.505985
0.504010
0.502104
0.500087
0.498115
0.495980
0.493734
0.491788
0.489521
0.487605
0.485848
0.483995
0.482123
0.480378
0.478469
0.476456
0.474448
0.472471
0.470373
0.468556
0.466738
0.464940
0.463213
0.461296
0.459401
0.457422
0.455420
0.453558
0.451637
0.449890
0.448187
0.446402
0.444784
0.443146
0.441332
0.439581
0.437850
0.435895
0.434054
0.432318
0.430509
0.428831
0.427204
0.425537
0.423964
0.422358
0.420655
0.418929
0.417201
0.415306
0.413575
0.411859
0.410229
0.408720
0.407088
0.405579
0.404038
0.402431
0.400754
0.399114
0.397412
0.395818
0.394054
0.392497
0.390953
0.389523
0.387892
0.386517
0.384831
0.383218
0.381637
0.379991
0.378392
0.376874
0.375294
0.373795
0.372291
0.370721
0.369154
0.367633
0.366038
0.364468
0.362873
0.361291
0.359644
0.358191
0.356584
0.355107
0.353690
0.352281
0.350714
0.349332
0.347875
0.346407
0.344907
0.343622
0.342083
0.340705
0.339389
0.337764
0.336594
0.335237
0.333863
0.332494
0.331255
0.329921
0.328537
0.327357
0.326002
0.324816
0.323519
0.322288
0.321021
0.319759
0.318609
0.317382
0.316253
0.315106
0.313845
0.312717
0.311669
0.310484
0.309248
0.308239
0.307153
0.306038
0.304945
0.303890
0.302717
0.301709
0.300766
0.299676
0.298733
0.297654
0.296586
0.295697
0.294644
0.293723
0.292725
0.291771
0.290886
0.289893
0.289034
0.288131
0.287256
0.286406
0.285408
0.284597
0.283858
0.282919
0.282013
0.281295
0.280489
0.279562
0.278877
0.278073
0.277256
0.276556
0.275832
0.275019
0.274293
0.273483
0.272897
0.272218
0.271492
0.270837
0.270125
0.269468
0.268846
0.268105
0.267504
0.266864
0.266227
0.265593
0.265006
0.264418
0.263791
0.263096
0.262681
0.262156
0.261530
0.260945
0.260456
0.259830
0.259371
0.258827
0.258275
0.257718
0.257332
0.256907
0.256310
0.255655
0.255207
0.254756
0.254322
0.253790
0.253296
0.252854
0.252439
0.252032
0.251461
0.251115
0.250667
0.250279
0.249845
0.249510
0.249152
0.248682
0.248334
0.247922
0.247590
0.247178
0.246896
0.246514
0.246157
0.245875
0.245505
0.245155
0.244852
0.244456
0.244234
0.243959
0.243641
0.243376
0.243033
0.328804
0.328467
0.328164
0.327947
0.327656
0.327411
0.327149
0.326959
0.326696
0.326438
0.326170
0.325952
0.325784
0.325593
0.325379
0.325149
0.325019
0.324831
0.324631
0.324413
0.324238
0.324065
0.323839
0.323660
0.323475
0.323318
0.323144
0.322964
0.322814
0.322631
0.322447
0.322277
0.322132
0.322007
0.321797
0.321671
0.321586
0.321359
0.321180
0.321051
0.320921
0.320804
0.320637
0.320491
0.320357
0.320251
0.320107
0.320025
0.319849
0.319726
0.319593
0.319512
0.319378
0.319256
0.319148
0.319013
0.318890
0.318635
0.318568
0.318426
0.318277
0.318162
0.318031
0.317934
0.317854
0.317765
0.317631
0.317516
0.317416
0.317327
0.162111
0.162021
0.161934
0.161787
0.161734
0.161621
0.161547
0.161373
0.161128
0.160869
0.160601
0.160317
0.160004
0.159634
0.159241
0.158909
0.158576
0.158439
0.158499
0.158404
0.158320
0.157958
0.157570
0.156996
0.156463
0.155926
0.155577
0.155205
0.155015
0.154771
0.154609
0.154377
0.154102
0.153824
0.153573
0.153449
0.153197
0.153061
0.152920
0.152846
0.152713
0.152743
0.152601
0.152628
0.152612
0.152682
0.152822
0.152923
0.153086
0.153316
0.153509
0.153813
0.154148
0.154458
0.154906
0.155294
0.155821
0.156238
0.156790
0.157388
0.157932
0.158545
0.159245
0.159909
0.160499
0.160968
0.161218
0.161346
0.161268
0.161095
0.160669
0.160172
0.159600
0.158894
0.157929
0.156925
0.155847
0.154729
0.153561
0.152462
0.151452
0.150382
0.149378
0.148325
0.147319
0.146166
0.145092
0.143958
0.142917
0.141886
0.140779
0.139741
0.138732
0.137692
0.136754
0.135621
0.134683
0.133622
0.132619
0.131582
0.130619
0.129644
0.128634
0.127690
0.126646
0.125699
0.124713
0.123790
0.122875
0.121924
0.120964
0.120050
0.119122
0.118156
0.117316
0.116350
0.115377
0.114494
0.113659
0.112720
0.111804
0.110940
0.110059
0.109157
0.108238
0.107460
0.106557
0.105643
0.104786
0.103944
0.103111
0.102281
0.101351
0.100549
0.099758
0.098927
0.097989
0.097155
0.096404
0.095631
0.094714
0.093910
0.093099
0.092349
0.091516
0.090725
0.089877
0.089050
0.088334
0.087575
0.086774
0.085924
0.085137
0.084401
0.083672
0.082915
0.082138
0.081267
0.080528
0.079799
0.079062
0.078326
0.077505
0.076714
0.076018
0.075308
0.074551
0.073820
0.073082
0.072319
0.071567
0.070857
0.070122
0.069458
0.068760
0.068100
0.067363
0.066627
0.065928
0.065273
0.064655
0.063948
0.063338
0.062673
0.062046
0.061413
0.060789
0.060188
0.059568
0.058963
0.058408
0.057758
0.057220
0.056657
0.056134
0.055545
0.055071
0.054530
0.053983
0.053506
0.052937
0.052472
0.051926
0.051404
0.050877
0.050427
0.049981
0.049450
0.048999
0.048538
0.048048
0.047573
0.047112
0.046667
0.046215
0.045748
0.045348
0.044916
0.044474
0.044024
0.043634
0.043202
0.042782
0.042414
0.041964
0.041561
0.041185
0.040789
0.040382
0.040014
0.039647
0.039241
0.038875
0.038533
0.038126
0.037771
0.037453
0.037103
0.036756
0.036375
0.036016
0.035721
0.035351
0.035032
0.034727
0.034402
0.034067
0.033751
0.033478
0.033108
0.032860
0.032532
0.032276
0.031967
0.031690
0.031403
0.031127
0.030851
0.030565
0.030369
0.030048
0.029776
0.029531
0.029273
0.029044
0.028827
0.028566
0.028283
0.028095
0.027859
0.027649
0.027423
0.027165
0.026912
0.026717
0.026538
0.026324
0.026135
0.025907
0.025703
0.025510
0.025299
0.025111
0.024956
0.024741
0.024550
0.024345
0.024141
0.023981
0.023801
0.023634
0.023475
0.023282
0.023068
0.022921
0.022791
0.022617
0.022457
0.022295
0.022149
0.022007
0.021886
0.021718
0.021552
0.021404
0.021318
0.021148
0.021014
0.020899
0.020782
0.020605
0.020478
0.020382
0.020253
0.020121
0.020005
0.019892
0.019767
0.019672
0.019551
0.019406
0.019357
0.019218
0.019129
0.018992
0.018914
0.018819
0.018694
0.018614
0.018500
0.018441
0.018294
0.018240
0.018129
0.018049
0.017956
0.017875
0.017737
0.017710
0.017572
0.017544
0.017412
0.017360
0.017276
0.017195
0.017104
0.017042
0.016982
0.016877
0.016824
0.016735
0.016667
0.016570
0.016524
0.016461
0.016366
0.016303
0.016257
0.016154
0.016132
0.016044
0.015991
0.015929
0.015846
0.015800
0.015759
0.015657
0.015637
0.015574
0.015494
0.015474
0.015434
0.015311
0.015311
0.015245
0.015190
0.015109
0.015083
0.015062
0.014947
0.014947
0.014901
0.014860
0.014792
0.014740
0.014721
0.014631
0.014612
0.014560
0.014540
0.014499
0.014419
0.014413
0.014373
0.014355
0.014253
0.014233
0.014233
0.014175
0.014117
0.014074
0.014056
0.014035
0.014005
0.013959
0.013892
0.013892
0.013853
0.013853
0.013763
0.013741
0.013714
0.013697
0.013658
0.013620
0.013620
0.013565
0.013548
0.013510
0.013497
0.013460
0.013439
0.013409
0.013370
0.013350
0.013350
0.013315
0.013286
0.013268
0.013210
0.013197
0.013197
0.013178
0.013123
0.013123
0.013088
0.013088
0.013076
0.013064
0.013026
0.013026
0.013026
0.012991
0.012991
0.012991
0.012973
0.012954
0.012948
0.012935
0.012902
0.012902
0.012902
0.012884
0.012865
0.012865
0.012865
0.012865
0.012846
0.012846
0.012834
0.012809
0.012809
0.012791
0.012791
0.012791
0.012791
0.012791
0.012773
0.012755
0.012755
0.012755
0.012737
0.012724
0.012724
0.012724
0.012719
0.012719
0.012701
0.012701
0.012701
0.012701
0.012701
0.012684
0.012684
0.012684
0.012684
0.012684
0.012684
0.012684
0.012668
0.012668
0.012668
0.012668
0.012668
0.012663
0.012647
0.012647
0.012647
0.012647
0.012647
0.012647
0.012647
0.012647
0.012631
0.012631
0.012631
0.012631
0.012631
0.012631
0.012631
0.012631
0.012631
0.012631
0.012631
0.012631
0.012631
0.012631
0.012631
0.012631
0.012631
0.012631
0.012631
0.012631
0.012631
0.012631
0.012631
0.012631
0.012631
0.012631
0.012631
0.012631
0.012631
0.012631
0.012631
0.012631
0.012631
0.012631
0.012631
0.012631
0.012631
0.012631
0.012631
0.012631
0.012631
0.012631
0.012631
0.012631
0.012631
0.012631
0.012631
0.012631
0.012631
0.012631
0.012631
0.012631
0.012631
0.012631
0.012631
0.012631
0.012631
0.012631
0.012631
0.012631
0.012631
0.012631
0.012631
0.012631
0.012631
0.012631
0.012631
0.012631
0.012631
0.012631
0.012631
0.012631
0.012631
0.012631
0.012631
0.012631
0.012631
0.012631
0.012631
0.012631
0.012631
0.012631
0.012631
0.012631
0.012631
0.012631
0.012631
0.012631
0.012631
0.012631
0.012631
0.012631
0.012631
0.012631
0.012631
0.012631
0.012631
0.012631
0.012631
0.012631
0.012631
0.012631
0.012631
0.012631
0.012631
0.012631
0.012631
0.012631
0.012631
0.012631
0.012631
0.012631
0.012631
0.012631
0.012631
0.012631
0.012631
0.012631
0.012631
0.012631
0.012631
0.012631
0.012631
0.012631
0.012631
0.012631
0.012631
0.012631
0.012631
0.012631
0.012631
0.012631
0.012631
0.012631
0.012631
0.012631
0.012631
0.012631
0.012631
0.012631
0.012631
0.012631
0.012631
0.012631
0.012631
0.012631
0.012631
0.012631
0.012631
0.012631
0.012631
0.012631
0.012631
0.012631
0.012631
0.012631
0.012631
0.012631
0.012631
0.012631
0.012631
0.012631
0.012631
0.012631
0.012631
0.012631
0.012631
0.012631
0.012631
0.012631
0.012631
0.012631
0.012631
0.012631
0.012631
0.012631
0.012631
