0.762209
0.762209
0.762209
0.762209
0.762209
0.762209
0.762209
0.762209
0.761540
0.760112
0.758156
0.755653
0.752896
0.749947
0.746646
0.742953
0.739494
0.736055
0.732958
0.729468
0.726185
0.722661
0.718745
0.714981
0.711103
0.707612
0.703650
0.699967
0.696406
0.692691
0.688977
0.685477
0.681586
0.677819
0.674028
0.670306
0.666865
0.662780
0.659126
0.655418
0.651804
0.648167
0.644560
0.640823
0.637077
0.633332
0.629827
0.626048
0.622299
0.618715
0.615053
0.611657
0.607664
0.604087
0.600356
0.596688
0.593146
0.589514
0.585902
0.582046
0.578687
0.575015
0.571248
0.567547
0.563996
0.560488
0.556818
0.553394
0.549841
0.546018
0.542604
0.539011
0.535500
0.532000
0.528264
0.524923
0.521493
0.517895
0.514422
0.510924
0.507409
0.503888
0.500289
0.497085
0.493487
0.490112
0.486682
0.483101
0.479826
0.476319
0.472815
0.469497
0.466247
0.462883
0.459390
0.455829
0.452470
0.449169
0.445770
0.442492
0.439027
0.435693
0.432424
0.428990
0.425711
0.422440
0.419161
0.415685
0.412592
0.409140
0.405873
0.402561
0.399132
0.395975
0.392774
0.389567
0.386355
0.383094
0.380021
0.377041
0.373750
0.370685
0.367334
0.364400
0.361387
0.358314
0.354974
0.351880
0.348766
0.345790
0.342693
0.339682
0.336496
0.333491
0.330673
0.327527
0.324438
0.321402
0.318464
0.315396
0.312389
0.309457
0.306349
0.303645
0.300697
0.297685
0.294859
0.291780
0.288983
0.286186
0.283175
0.280554
0.277523
0.274702
0.271989
0.269134
0.266368
0.263536
0.260963
0.258246
0.255496
0.252784
0.249987
0.247514
0.244995
0.242237
0.239643
0.237350
0.234593
0.232149
0.229722
0.227358
0.224915
0.222438
0.220005
0.217754
0.215266
0.213037
0.210717
0.208327
0.206256
0.204077
0.201911
0.199713
0.197458
0.195444
0.193149
0.191303
0.189055
0.187042
0.185040
0.182749
0.181202
0.179012
0.177080
0.175196
0.173237
0.171479
0.169614
0.167752
0.165985
0.164036
0.162296
0.160453
0.158714
0.156924
0.155265
0.153631
0.151781
0.150096
0.148463
0.146799
0.145046
0.143553
0.141843
0.140179
0.138732
0.137266
0.135650
0.134065
0.132687
0.130895
0.129586
0.128014
0.126533
0.125168
0.123794
0.122367
0.120732
0.119440
0.117935
0.116733
0.115330
0.113975
0.112776
0.111326
0.109978
0.108562
0.107165
0.105981
0.104740
0.103413
0.102221
0.100752
0.099630
0.098469
0.097271
0.096123
0.094732
0.093523
0.092440
0.091168
0.090059
0.088841
0.087599
0.086678
0.085445
0.084402
0.083345
0.082173
0.081003
0.080138
0.078970
0.078014
0.076903
0.075927
0.074826
0.073918
0.073120
0.072031
0.071001
0.070213
0.069347
0.068406
0.067444
0.066480
0.065614
0.064830
0.063948
0.063199
0.062378
0.061395
0.060935
0.059767
0.059037
0.058430
0.057722
0.056735
0.056278
0.055495
0.054786
0.053973
0.053371
0.052708
0.052023
0.051241
0.050510
0.050029
0.049373
0.048814
0.048189
0.047538
0.046929
0.046175
0.045628
0.044952
0.044553
0.044088
0.043404
0.042841
0.042211
0.041605
0.041155
0.040601
0.040289
0.039573
0.039233
0.038575
0.038032
0.037710
0.037155
0.036735
0.036237
0.035878
0.035280
0.034931
0.034581
0.034048
0.033621
0.033131
0.032701
0.032343
0.031835
0.031534
0.031020
0.030713
0.030256
0.029948
0.029654
0.029357
0.028815
0.028556
0.028292
0.027827
0.027479
0.027215
0.026976
0.026526
0.026177
0.026072
0.025599
0.025301
0.024895
0.024641
0.024343
0.024084
0.023984
0.023366
0.023232
0.022995
0.022718
0.022220
0.022120
0.021860
0.021709
0.021356
0.020952
0.020853
0.020804
0.020390
0.020242
0.020042
0.019630
0.019281
0.019181
0.018931
0.018831
0.018683
0.018276
0.018065
0.017965
0.017865
0.017555
0.017302
0.017200
0.017051
0.016806
0.016609
0.016519
0.016312
0.016049
0.015897
0.015796
0.015598
0.015381
0.015233
0.015133
0.015133
0.014984
0.014674
0.014574
0.014268
0.014268
0.014057
0.014057
0.013776
0.013776
0.013676
0.013359
0.013310
0.013210
0.013210
0.013014
0.012912
0.012701
0.012595
0.012495
0.012447
0.012346
0.012248
0.012137
0.011989
0.011989
0.011889
0.011889
0.011789
0.011630
0.011630
0.011434
0.011434
0.011334
0.011286
0.011181
0.011070
0.011070
0.010970
0.010970
0.010922
0.010821
0.010821
0.010821
0.010721
0.010673
0.010673
0.010573
0.010573
0.010573
0.010473
0.010473
0.010425
0.010324
0.010324
0.010324
0.010224
0.010224
0.010224
0.010177
0.010076
0.010076
0.010076
0.009976
0.009976
0.009976
0.009928
0.009827
0.009827
0.009827
0.009827
0.009728
0.009728
0.009728
0.009728
0.009579
0.009579
0.009579
0.009579
0.009579
0.009479
0.009479
0.009479
0.009479
0.009331
0.009331
0.009331
0.009331
0.009331
0.009231
0.009231
0.009231
0.009231
0.009231
0.009231
0.009082
0.009082
0.009082
0.009082
0.009082
0.009082
0.008982
0.008982
0.008982
0.008982
0.008982
0.008982
0.008884
0.008834
0.008834
0.008834
0.008834
0.008834
0.008834
0.008734
0.008734
0.008734
0.008734
0.008734
0.008734
0.008734
0.008635
0.008635
0.008586
0.008586
0.008586
0.008586
0.008586
0.008586
0.008586
0.008586
0.008586
0.008586
0.008586
0.008586
0.008586
0.008586
0.008586
0.008586
0.008586
0.008586
0.008586
0.008586
0.008586
0.008586
0.008586
0.008586
0.008586
0.008586
0.008586
0.008586
0.008586
0.008586
0.008586
0.008586
0.008586
0.008586
0.008586
0.008586
0.008586
0.008586
0.008586
0.008586
0.008586
0.008586
0.008586
0.008586
0.008586
0.008586
0.008586
0.008586
0.008586
0.008586
0.008586
0.008586
0.008586
0.008586
0.008586
0.008586
0.008586
0.008586
0.008586
0.008586
0.008586
0.008586
0.008586
0.008586
0.008586
0.008586
0.008586
0.008586
0.008586
0.008586
0.008586
0.008586
0.008586
0.008586
0.008586
0.008586
0.008586
0.008586
0.008586
0.008586
0.008586
0.008586
0.008586
0.008586
0.008586
0.008586
0.008586
0.008586
0.008586
0.008586
0.008586
0.008586
0.008586
0.008586
0.008586
0.008586
0.008586
0.008586
0.008586
0.008586
0.008586
0.008586
0.008586
0.008586
0.008586
0.008586
0.008586
0.008586
0.008586
0.008586
0.008586
0.008586
0.008586
0.008586
0.008586
0.008586
0.008586
0.008586
0.008586
0.008586
0.008586
0.008586
0.008586
0.008586
0.008586
0.008586
0.008586
0.008586
0.008586
0.008586
0.008586
0.008586
0.008586
0.008586
0.008586
0.008586
0.008586
0.008586
0.008586
0.008586
0.008586
0.008586
0.008586
0.008586
0.008586
0.008586
0.008586
0.008586
0.008586
0.008586
0.008586
0.008586
0.008586
0.008586
0.008586
0.008586
0.008586
0.008586
0.008586
0.008586
0.008586
0.008586
0.008586
0.008586
0.008586
0.008586
0.008586
0.008586
0.008586
0.008586
0.008586
0.008586
0.008586
0.008586
0.008586
0.008586
0.008586
0.008586
0.008586
0.008586
