0.304159
0.304159
0.304159
0.304159
0.304159
0.304159
0.304159
0.304159
0.304159
0.304159
0.304159
0.304159
0.304159
0.304159
0.304159
0.304159
0.304159
0.304159
0.304159
0.304159
0.304159
0.304159
0.304159
0.303526
0.302141
0.300214
0.297574
0.294340
0.291229
0.288131
0.285440
0.282936
0.280471
0.278311
0.275712
0.273305
0.270704
0.267898
0.265071
0.262689
0.260065
0.257524
0.254974
0.252665
0.249906
0.247649
0.245205
0.242802
0.240381
0.238057
0.235452
0.233069
0.230857
0.228278
0.225918
0.223796
0.221516
0.219311
0.216834
0.214773
0.212673
0.210549
0.208130
0.205953
0.203983
0.201752
0.199654
0.197467
0.195446
0.193459
0.191426
0.189427
0.187213
0.185395
0.183367
0.181242
0.179427
0.177233
0.175305
0.173363
0.171331
0.169422
0.167605
0.165823
0.163856
0.162202
0.160113
0.158299
0.156684
0.154666
0.152866
0.151060
0.149304
0.147619
0.145714
0.143943
0.142411
0.140635
0.138884
0.137338
0.135738
0.134025
0.132459
0.130720
0.129019
0.127542
0.125918
0.124474
0.122903
0.121407
0.119750
0.118392
0.116993
0.115291
0.113916
0.112492
0.110935
0.109557
0.108185
0.106789
0.105473
0.104083
0.102697
0.101345
0.099925
0.098594
0.097390
0.096336
0.095001
0.093571
0.092329
0.091285
0.090008
0.088854
0.087682
0.086455
0.085491
0.084326
0.083108
0.081980
0.081125
0.079946
0.078864
0.077964
0.076840
0.075899
0.074848
0.073916
0.072736
0.071903
0.071160
0.070001
0.069176
0.068161
0.067362
0.066482
0.065586
0.064701
0.063957
0.063127
0.062195
0.061581
0.060429
0.059958
0.058992
0.058529
0.057573
0.056669
0.055855
0.055319
0.054738
0.053812
0.053260
0.052391
0.051832
0.051010
0.050454
0.049673
0.049059
0.048414
0.047808
0.047278
0.046502
0.045960
0.045454
0.044867
0.043939
0.043571
0.042990
0.042415
0.042098
0.041320
0.040693
0.040298
0.039616
0.039254
0.038705
0.038221
0.037749
0.037491
0.036635
0.036304
0.035962
0.035253
0.034857
0.034519
0.033896
0.033485
0.033050
0.032588
0.032201
0.031945
0.031534
0.030929
0.030690
0.030244
0.029903
0.029428
0.029189
0.028728
0.028396
0.028140
0.027528
0.027231
0.027023
0.026742
0.026309
0.026042
0.025685
0.025331
0.025049
0.024482
0.024380
0.024141
0.023909
0.023627
0.023196
0.022938
0.022750
0.022450
0.021933
0.021717
0.021368
0.021368
0.021130
0.020717
0.020522
0.020306
0.020126
0.019829
0.019683
0.019385
0.019323
0.019084
0.018822
0.018519
0.018373
0.018080
0.017988
0.017825
0.017586
0.017493
0.017391
0.016966
0.016833
0.016536
0.016434
0.016329
0.016040
0.016040
0.015834
0.015636
0.015378
0.015276
0.015184
0.015021
0.014976
0.014588
0.014525
0.014424
0.014140
0.014037
0.014037
0.013773
0.013773
0.013566
0.013566
0.013371
0.013371
0.013371
0.013133
0.013071
0.012969
0.012969
0.012775
0.012730
0.012669
0.012567
0.012474
0.012372
0.012372
0.012328
0.012134
0.012072
0.012072
0.011970
0.011970
0.011732
0.011732
0.011732
0.011569
0.011475
0.011475
0.011374
0.011329
0.011329
0.011238
0.011073
0.011073
0.011073
0.010972
0.010972
0.010835
0.010733
0.010733
0.010733
0.010672
0.010570
0.010477
0.010477
0.010433
0.010330
0.010330
0.010330
0.010239
0.010075
0.010075
0.010075
0.010075
0.009974
0.009929
0.009836
0.009836
0.009734
0.009734
0.009734
0.009674
0.009674
0.009572
0.009478
0.009478
0.009434
0.009434
0.009332
0.009332
0.009332
0.009332
0.009241
0.009241
0.009076
0.009076
0.009076
0.009076
0.009033
0.008930
0.008930
0.008930
0.008930
0.008930
0.008930
0.008930
0.008828
0.008828
0.008828
0.008828
0.008828
0.008828
0.008828
0.008728
0.008682
0.008682
0.008682
0.008682
0.008682
0.008682
0.008580
0.008580
0.008580
0.008580
0.008580
0.008580
0.008580
0.008580
0.008580
0.008580
0.008580
0.008580
0.008580
0.008580
0.008580
0.008580
0.008580
0.008580
0.008580
0.008580
0.008580
0.008580
0.008580
0.008580
0.008580
0.008580
0.008580
0.008580
0.008580
0.008580
0.008580
0.008580
0.008580
0.008580
0.008580
0.008580
0.008580
0.008580
0.008580
0.008580
0.008580
0.008580
0.008580
0.008580
0.008580
0.008580
0.008580
0.008580
0.008580
0.008580
0.008580
0.008580
0.008580
0.008580
0.008580
0.008580
0.008580
0.008580
0.008580
0.008580
0.008580
0.008580
0.008580
0.008580
0.008580
0.008580
0.008580
0.008580
0.008580
0.008580
0.008580
0.008580
0.008580
0.008580
0.008580
0.008580
0.008580
0.008580
0.008580
0.008580
0.008580
0.008580
0.008580
0.008580
0.008580
0.008580
0.008580
0.008580
0.008580
0.008580
0.008580
0.008580
0.008580
0.008580
0.008580
0.008580
0.008580
0.008580
0.008580
0.008580
0.008580
0.008580
0.008580
0.008580
0.008580
0.008580
0.008580
0.008580
0.008580
0.008580
0.008580
0.008580
0.008580
0.008580
0.008580
0.008580
0.008580
0.008580
0.008580
0.008580
0.008580
0.008580
0.008580
0.008580
0.008580
0.008580
0.008580
0.008580
0.008580
0.008580
0.008580
0.008580
0.008580
0.008580
0.008580
0.008580
0.008580
0.008580
0.008580
0.008580
0.008580
0.008580
0.008580
0.008580
0.008580
0.008580
0.008580
0.008580
0.008580
0.008580
0.008580
0.008580
0.008580
0.008580
0.008580
0.008580
0.008580
0.008580
0.008580
0.008580
0.008580
0.008580
0.008580
0.008580
0.008580
0.008580
0.008580
0.008580
0.008580
0.008580
0.008580
0.008580
0.008580
0.008580
0.008580
0.008580
0.008580
0.008580
0.008580
0.008580
0.008580
0.008580
0.008580
0.008580
0.008580
0.008580
0.008580
0.008580
0.008580
0.008580
0.008580
0.008580
0.008580
0.008580
0.008580
0.008580
0.008580
0.008580
0.008580
0.008580
0.008580
0.008580
0.008580
0.008580
0.008580
0.008580
0.008580
0.008580
0.008580
0.008580
0.008580
0.008580
0.008580
0.008580
0.008580
0.008580
0.008580
0.008580
0.008580
0.008580
0.008580
0.008580
0.008580
0.008580
0.008580
0.008580
0.008580
0.008580
0.008580
0.008580
0.008580
0.008580
0.008580
0.008580
0.008580
0.008580
0.008580
0.008580
0.008580
0.008580
0.008580
0.008580
0.008580
0.008580
0.008580
0.008580
0.008580
0.008580
0.008580
0.008580
0.008580
0.008580
0.008580
0.008580
0.008580
0.008580
0.008580
0.008580
0.008580
0.008580
0.008580
0.008580
0.008580
0.008580
0.008580
0.008580
0.008580
0.008580
0.008580
0.008580
0.008580
0.008580
0.008580
0.008580
0.008580
0.008580
0.008580
0.008580
0.008580
0.008580
0.008580
0.008580
0.008580
0.008580
0.008580
0.008580
0.008580
0.008580
0.008580
0.008580
0.008580
0.008580
0.008580
0.008580
0.008580
0.008580
0.008580
0.008580
0.008580
0.008580
0.008580
0.008580
0.008580
0.008580
0.008580
0.008580
0.008580
0.008580
0.008580
0.008580
0.008580
0.008580
0.008580
0.008580
0.008580
