0.252270
0.252270
0.252270
0.252270
0.252270
0.252270
0.252270
0.252270
0.252270
0.252225
0.252182
0.252140
0.252013
0.251883
0.251755
0.251605
0.251542
0.251434
0.251396
0.251269
0.251216
0.251054
0.250749
0.250512
0.250295
0.250049
0.249833
0.249708
0.249741
0.249485
0.249302
0.249075
0.248726
0.248304
0.247967
0.247728
0.247491
0.247250
0.246971
0.246556
0.246317
0.245810
0.245399
0.245074
0.244729
0.244405
0.244086
0.244026
0.243613
0.243258
0.242697
0.242245
0.241834
0.241520
0.241274
0.240802
0.240579
0.240030
0.239617
0.239245
0.238580
0.238196
0.237641
0.237434
0.236906
0.236488
0.235965
0.235452
0.234844
0.234506
0.233949
0.233373
0.232913
0.232399
0.231994
0.231451
0.230909
0.230230
0.229429
0.228829
0.228125
0.227528
0.226807
0.226273
0.225691
0.225073
0.224454
0.223991
0.223499
0.222998
0.222530
0.222013
0.221529
0.220917
0.220366
0.219727
0.219133
0.218553
0.218005
0.217633
0.217106
0.216522
0.215893
0.215440
0.214543
0.213873
0.213169
0.212614
0.211932
0.211234
0.210634
0.209906
0.209066
0.208296
0.207461
0.206583
0.205635
0.205059
0.204247
0.203441
0.202552
0.201718
0.200661
0.199662
0.198721
0.197661
0.196630
0.195699
0.194726
0.193639
0.192707
0.191593
0.190437
0.189329
0.188283
0.187013
0.185975
0.184803
0.183734
0.182645
0.181522
0.180442
0.179428
0.178344
0.177327
0.176313
0.175338
0.174246
0.173339
0.172252
0.171369
0.170467
0.169434
0.168547
0.167587
0.166655
0.165819
0.164932
0.164056
0.163146
0.162303
0.161490
0.160693
0.159767
0.158907
0.158147
0.157398
0.156433
0.155688
0.154931
0.154127
0.153425
0.152556
0.151910
0.151153
0.150467
0.149676
0.148998
0.148213
0.147496
0.146854
0.146147
0.145466
0.144746
0.144097
0.143448
0.142763
0.141939
0.141513
0.140813
0.140097
0.139544
0.138903
0.138435
0.137837
0.137250
0.136515
0.136108
0.135469
0.134766
0.134377
0.133827
0.133169
0.132644
0.132080
0.131626
0.131039
0.130485
0.129921
0.129424
0.128932
0.128301
0.127826
0.127340
0.126825
0.126245
0.125847
0.125336
0.124765
0.124392
0.123818
0.123311
0.122886
0.122456
0.121922
0.121415
0.120978
0.120566
0.120088
0.119682
0.119206
0.118676
0.118319
0.117858
0.117306
0.116950
0.116492
0.116013
0.115589
0.115176
0.114773
0.114506
0.114020
0.113700
0.113115
0.112935
0.112612
0.112146
0.111863
0.111431
0.111094
0.110800
0.110401
0.110149
0.109774
0.109499
0.109206
0.108824
0.108492
0.108260
0.108041
0.107714
0.107399
0.107106
0.106859
0.106669
0.106387
0.106119
0.105804
0.105616
0.105438
0.105132
0.104877
0.104646
0.104430
0.104215
0.104021
0.103726
0.103580
0.103373
0.103158
0.102983
0.102761
0.102470
0.102371
0.102186
0.102130
0.101900
0.101743
0.101629
0.101442
0.101345
0.101147
0.100967
0.100837
0.100727
0.100646
0.100364
0.100277
0.100097
0.099959
0.099885
0.099674
0.099626
0.099437
0.099298
0.099237
0.099061
0.098894
0.098844
0.098707
0.098608
0.098480
0.098392
0.098251
0.098119
0.097991
0.097970
0.097859
0.097713
0.097643
0.097544
0.097483
0.097380
0.097278
0.097152
0.097082
0.096856
0.096736
0.096654
0.151331
0.151264
0.151167
0.151063
0.150972
0.150882
0.150756
0.150673
0.150604
0.150524
0.150465
0.150386
0.150326
0.150208
0.150171
0.150110
0.150061
0.149945
0.149907
0.149846
0.149821
0.149738
0.149631
0.149571
0.149546
0.149508
0.149447
0.149421
0.149336
0.149292
0.149269
0.149208
0.149193
0.149144
0.149107
0.149047
0.149023
0.148986
0.148963
0.148901
0.148901
0.148833
0.148774
0.148774
0.148714
0.148714
0.148654
0.148630
0.148593
0.148593
0.148621
0.148666
0.148650
0.148640
0.148613
0.148613
0.148598
0.148597
0.148582
0.148582
0.148604
0.148544
0.148566
0.148529
0.148506
0.148490
0.148490
0.148490
0.148452
0.148452
0.080227
0.080227
0.080227
0.080189
0.080189
0.080189
0.080133
0.080060
0.080000
0.079863
0.079764
0.079687
0.079475
0.079367
0.079240
0.079117
0.079093
0.079128
0.079138
0.079169
0.079052
0.078751
0.078553
0.078385
0.078212
0.078028
0.077853
0.077659
0.077431
0.077287
0.077084
0.076962
0.076861
0.076833
0.076693
0.076662
0.076551
0.076520
0.076534
0.076573
0.076506
0.076441
0.076493
0.076515
0.076566
0.076692
0.076716
0.076840
0.076928
0.077117
0.077239
0.077381
0.077534
0.077693
0.077897
0.078175
0.078399
0.078620
0.078895
0.079105
0.079257
0.079349
0.079311
0.079144
0.078818
0.078354
0.077840
0.077256
0.076726
0.076264
0.075824
0.075342
0.074954
0.074483
0.074132
0.073705
0.073246
0.072753
0.072234
0.071742
0.071309
0.070833
0.070405
0.069859
0.069423
0.068953
0.068517
0.068098
0.067543
0.067160
0.066664
0.066243
0.065783
0.065369
0.064866
0.064441
0.064050
0.063573
0.063195
0.062741
0.062236
0.061811
0.061431
0.060960
0.060566
0.060125
0.059685
0.059289
0.058846
0.058456
0.058027
0.057559
0.057199
0.056775
0.056407
0.055841
0.055389
0.054976
0.054557
0.054126
0.053724
0.053357
0.052877
0.052487
0.052088
0.051636
0.051264
0.050920
0.050435
0.050091
0.049679
0.049324
0.048897
0.048525
0.048162
0.047729
0.047375
0.047012
0.046677
0.046230
0.045874
0.045520
0.045135
0.044750
0.044413
0.044040
0.043736
0.043312
0.042958
0.042672
0.042276
0.041912
0.041580
0.041226
0.040869
0.040512
0.040138
0.039809
0.039456
0.039125
0.038706
0.038381
0.038051
0.037738
0.037411
0.037052
0.036687
0.036379
0.036122
0.035865
0.035568
0.035266
0.034910
0.034587
0.034308
0.034064
0.033785
0.033487
0.033179
0.032872
0.032587
0.032264
0.032005
0.031709
0.031412
0.031153
0.030886
0.030647
0.030442
0.030149
0.029934
0.029649
0.029389
0.029144
0.028917
0.028658
0.028452
0.028254
0.028028
0.027811
0.027596
0.027359
0.027194
0.026956
0.026770
0.026543
0.026368
0.026162
0.025977
0.025646
0.025441
0.025189
0.025002
0.024805
0.024607
0.024420
0.024212
0.024048
0.023850
0.023664
0.023478
0.023292
0.023156
0.022992
0.022805
0.022662
0.022498
0.022361
0.022195
0.022052
0.021868
0.021732
0.021608
0.021465
0.021309
0.021185
0.021042
0.020906
0.020785
0.020642
0.020525
0.020416
0.020272
0.020159
0.020057
0.019914
0.019841
0.019689
0.019595
0.019471
0.019379
0.019266
0.019145
0.019031
0.018929
0.018846
0.018743
0.018611
0.018630
0.018536
0.018500
0.018439
0.018343
0.018227
0.018180
0.018129
0.018050
0.017987
0.017868
0.017806
0.017755
0.017675
0.017591
0.017533
0.017453
0.017373
0.017312
0.017239
0.017170
0.017097
0.017035
0.016939
0.016877
0.016797
0.016734
0.016680
0.016611
0.016538
0.016476
0.016396
0.016356
0.016325
0.016255
0.016193
0.016121
0.016070
0.015998
0.015958
0.015878
0.015835
0.015794
0.015610
0.015538
0.015431
0.015337
0.015286
0.015214
0.015151
0.015107
0.015028
0.014944
0.014922
0.014850
0.014777
0.014738
0.014686
0.014621
0.014574
0.014542
0.014502
0.014437
0.014368
0.014358
0.014297
0.014297
0.014203
0.014175
0.014134
0.014113
0.014042
0.014042
0.013973
0.013963
0.013902
0.013924
0.013863
0.013825
0.013803
0.013764
0.013742
0.013703
0.013671
0.013625
0.013625
0.013582
0.013554
0.013511
0.013511
0.013444
0.013533
0.013507
0.013529
0.013551
0.013535
0.013513
0.013498
0.013480
0.013482
0.013482
0.013465
0.013435
0.013457
0.013390
0.013390
0.013412
0.013353
0.013343
0.013365
0.013323
0.013306
0.013279
0.013256
0.013270
0.013232
0.013232
0.013210
0.013174
0.013174
0.013174
0.013136
0.013099
0.013122
0.013099
0.013079
0.013079
0.013063
0.013021
0.013012
0.013012
0.012997
0.012970
0.012948
0.012814
0.012792
0.012713
0.012660
0.012638
0.012638
0.012595
0.012559
0.012537
0.012514
0.012465
0.012465
0.012429
0.012399
0.012379
0.012357
0.012357
0.012357
0.012322
0.012280
0.012280
0.012280
0.012280
0.012280
0.012189
0.012189
0.012189
0.012189
0.012189
0.012189
0.012147
0.012135
0.012135
0.012157
0.012157
0.012138
0.012132
0.012110
0.012110
0.012098
0.012098
0.012098
0.012073
0.012073
0.012073
0.012073
0.012073
0.012073
0.012151
0.012155
0.012199
0.012222
0.012244
0.012244
0.012266
0.012288
0.012292
0.012292
0.012315
0.012315
0.012337
0.012337
0.012337
0.012359
0.012359
0.012359
0.012381
0.012381
0.012381
0.012381
0.012381
0.012404
0.012404
0.012404
0.012404
0.012404
0.012404
0.012404
0.012404
0.012404
0.012426
0.012426
0.012426
0.012426
0.012426
0.012426
0.012426
0.012426
0.012426
0.012426
0.012426
0.012426
0.012292
0.012270
0.012226
0.012204
0.012181
0.012181
0.012159
0.012137
0.012137
0.012115
0.012092
0.012092
0.012070
0.012070
0.012070
0.012048
0.012048
0.012048
0.012026
0.012026
0.012026
0.012026
0.012026
0.012004
0.012004
0.012004
0.012004
0.012004
0.012004
0.012004
0.012004
0.012004
0.012004
0.012026
0.012026
0.012026
0.012026
0.012026
0.012026
0.012026
0.012026
0.012026
0.012026
0.012026
0.012026
0.012026
0.012115
0.012137
0.012181
0.012204
0.012226
0.012226
0.012248
0.012270
0.012292
0.012292
0.012315
0.012315
0.012337
0.012337
0.012337
0.012359
0.012359
0.012359
0.012381
0.012381
0.012381
0.012381
0.012381
0.012404
0.012404
0.012404
0.012404
0.012404
0.012404
0.012404
0.012404
0.012404
0.012426
0.012426
0.012426
0.012426
0.012426
0.012426
0.012426
0.012426
0.012426
0.012426
0.012426
0.012426
0.012426
0.012292
0.012270
0.012226
0.012204
0.012181
0.012181
0.012159
0.012137
0.012137
0.012115
0.012092
0.012092
0.012070
0.012070
0.012070
0.012048
0.012048
0.012048
0.012026
0.012026
0.012026
0.012026
0.012026
0.012004
0.012004
