0.668549
0.668549
0.668549
0.668549
0.668549
0.668549
0.668549
0.668549
0.668549
0.668549
0.668549
0.668549
0.668549
0.668549
0.668549
0.668549
0.668549
0.668549
0.668549
0.668549
0.668549
0.668549
0.668549
0.668342
0.667411
0.666166
0.664350
0.662058
0.659408
0.656532
0.653870
0.650940
0.647665
0.644042
0.640223
0.636123
0.631910
0.627704
0.623455
0.619391
0.615400
0.611296
0.607161
0.603014
0.598959
0.594769
0.590490
0.586055
0.581789
0.577691
0.573536
0.569365
0.565199
0.560931
0.556578
0.552416
0.548240
0.543856
0.539679
0.535529
0.531165
0.526970
0.522832
0.518587
0.514346
0.510068
0.505834
0.501683
0.497438
0.493256
0.489121
0.484865
0.480648
0.476284
0.472045
0.467791
0.463661
0.459446
0.455123
0.450962
0.446790
0.442566
0.438377
0.434291
0.430237
0.426139
0.422127
0.418244
0.414399
0.410617
0.406616
0.402752
0.399040
0.395276
0.391486
0.387688
0.384153
0.380564
0.376943
0.373427
0.369933
0.366339
0.363037
0.359443
0.356087
0.352979
0.349190
0.345980
0.342721
0.339523
0.336389
0.333152
0.329984
0.326807
0.323697
0.320584
0.317577
0.314696
0.311627
0.308753
0.305786
0.302872
0.300058
0.297136
0.294450
0.291620
0.288712
0.286180
0.283573
0.280655
0.278238
0.275574
0.272843
0.270557
0.267841
0.265503
0.262840
0.260590
0.258017
0.255794
0.253309
0.250942
0.248570
0.246342
0.244005
0.241760
0.239571
0.237225
0.235033
0.233057
0.230877
0.228692
0.226574
0.224509
0.222533
0.220411
0.218363
0.216396
0.214335
0.212523
0.210610
0.208723
0.206736
0.204957
0.203091
0.201218
0.199374
0.197670
0.195826
0.194009
0.192208
0.190498
0.188752
0.186903
0.185298
0.183621
0.182041
0.180395
0.178809
0.177149
0.175508
0.173860
0.172215
0.170785
0.169291
0.167587
0.166107
0.164592
0.163170
0.161548
0.160095
0.158548
0.157282
0.155711
0.154221
0.152770
0.151521
0.150032
0.148457
0.147288
0.145858
0.144326
0.143296
0.141725
0.140501
0.139302
0.137805
0.136754
0.135275
0.134044
0.132778
0.131345
0.130333
0.128862
0.127908
0.126467
0.125419
0.124134
0.122941
0.121767
0.120623
0.119406
0.118205
0.117116
0.115883
0.114883
0.113570
0.112688
0.111464
0.110597
0.109347
0.108286
0.107079
0.105969
0.105059
0.103866
0.102966
0.101828
0.100806
0.099854
0.098632
0.097720
0.096794
0.095600
0.094671
0.093763
0.092734
0.091758
0.090827
0.089804
0.088772
0.087925
0.086914
0.085937
0.085085
0.084094
0.083087
0.082379
0.081299
0.080391
0.079608
0.078495
0.077766
0.076747
0.076008
0.074975
0.074168
0.073234
0.072409
0.071470
0.070683
0.069863
0.068956
0.067982
0.067363
0.066425
0.065619
0.064744
0.063940
0.063145
0.062237
0.061457
0.060641
0.059881
0.059122
0.058396
0.057522
0.056756
0.056066
0.055279
0.054732
0.053785
0.053140
0.052451
0.051770
0.051168
0.050482
0.049690
0.049127
0.048592
0.047896
0.047334
0.046639
0.045933
0.045327
0.044894
0.044312
0.043678
0.043130
0.042490
0.041994
0.041385
0.040878
0.040424
0.039759
0.039294
0.038722
0.038269
0.037737
0.037236
0.036917
0.036311
0.035857
0.035253
0.034859
0.034355
0.033950
0.033489
0.033112
0.032742
0.032326
0.031880
0.031299
0.030937
0.030502
0.030073
0.029794
0.029431
0.029060
0.028718
0.028398
0.027912
0.027432
0.027043
0.026635
0.026409
0.026076
0.025783
0.025496
0.025271
0.025057
0.024769
0.024514
0.024317
0.024031
0.023905
0.023630
0.023465
0.023194
0.022997
0.022760
0.022573
0.022370
0.022232
0.022029
0.021788
0.021623
0.021385
0.021248
0.021010
0.020884
0.020686
0.020501
0.020302
0.020165
0.020011
0.019800
0.019614
0.019498
0.019338
0.019180
0.019032
0.018856
0.018668
0.018515
0.018377
0.018251
0.018112
0.017942
0.017815
0.017700
0.017585
0.017447
0.017321
0.017206
0.017068
0.016991
0.016865
0.016788
0.016689
1.779869
1.779981
1.780036
1.780177
1.780232
1.780260
1.780287
1.780371
1.780425
1.780548
1.780615
1.780625
1.780652
1.780583
1.780189
1.779187
1.777075
1.774141
1.770653
1.767047
1.215462
1.212716
1.210127
1.208001
1.206136
1.204131
1.201651
1.198950
1.195801
1.192352
1.188748
1.185087
1.181711
1.178415
1.175377
1.172187
1.169192
1.165966
1.162708
1.159312
1.155712
1.152214
1.148707
1.145432
1.141905
1.138439
1.134853
1.131233
1.127589
1.123953
1.120384
1.116969
1.113537
1.110187
1.106540
1.102902
1.099209
1.095177
1.091314
1.087236
1.083166
1.079099
1.075019
1.070985
1.066890
1.062797
1.058451
1.054266
1.050103
1.045896
1.041578
1.037438
1.033129
1.029005
1.024798
1.020571
1.016347
1.012100
1.007756
1.003555
0.999218
0.995056
0.990894
0.986817
0.982619
0.978303
0.974043
0.969740
0.965568
0.961327
0.957028
0.952869
0.948748
0.944531
0.940163
0.935889
0.931744
0.927488
0.923313
0.919072
0.914827
0.910708
0.906431
0.902227
0.898017
0.893746
0.889529
0.885324
0.881108
0.876827
0.872495
0.868292
0.864158
0.860002
0.855674
0.851472
0.847244
0.843040
0.838834
0.834512
0.830157
0.825986
0.821851
0.817719
0.813318
0.809103
0.804860
0.800709
0.796513
0.792227
0.787994
0.783794
0.779633
0.775364
0.771058
0.766854
0.762619
0.758513
0.754242
0.749980
0.745737
0.741550
0.737373
0.733089
0.728807
0.724604
0.720303
0.716238
0.711996
0.707822
0.703572
0.699254
0.695091
0.690794
0.686473
0.682314
0.678061
0.673980
0.669749
0.665523
0.661266
0.656911
0.652815
0.648491
0.644287
0.640126
0.635884
0.631683
0.627400
0.623190
0.618972
0.614799
0.610567
0.606350
0.602134
0.597959
0.593811
0.589687
0.585468
0.581457
0.577212
0.573078
0.568847
0.564656
0.560443
0.556270
0.552259
0.548178
0.544104
0.539981
0.535890
0.531766
0.527684
0.523511
0.519446
0.515431
0.511455
0.507350
0.503276
0.499243
0.495161
0.491224
0.487346
0.483242
0.479266
0.475293
0.471317
0.467409
0.463484
0.459574
0.455609
0.451742
0.447873
0.443993
0.439939
0.436114
0.432354
0.428512
0.424661
0.420848
0.417030
0.413259
0.409409
0.405679
0.401876
0.398087
0.394364
0.390530
0.386690
0.382954
0.379133
0.375480
0.371865
0.368076
0.364396
0.360683
0.356922
0.353126
0.349621
0.345844
0.342189
0.338557
0.334817
0.331199
0.327650
0.324146
0.320545
0.316843
0.313225
0.309690
0.306018
0.302496
0.298939
0.295477
0.292093
0.288610
0.285036
0.281498
0.278014
0.274596
0.271146
0.267720
0.264376
0.261129
0.257896
0.254748
0.251467
0.248274
0.245071
0.241948
0.238889
0.235778
0.232711
0.229787
0.226839
0.223961
0.220929
0.218058
0.215250
0.212407
0.209716
0.206963
0.204217
0.201515
0.198915
0.196325
0.193801
0.191222
0.188568
0.186093
0.183642
0.181238
0.178962
0.176589
0.174209
0.171972
0.169772
0.167479
0.165373
0.163220
0.161025
0.158826
0.156893
0.154876
0.152747
0.150639
0.148794
0.146770
0.144773
0.142929
0.141241
0.139357
0.137462
0.135576
0.133768
0.132186
0.130380
0.128578
0.126996
0.125334
0.123705
0.122014
0.120444
0.118904
0.117357
0.115799
0.114287
0.112856
0.111306
0.109823
0.108433
0.106950
0.105525
0.104071
0.102908
0.101454
0.100248
0.098903
0.097463
0.096146
0.094907
0.093655
0.092442
0.091234
0.090005
0.088894
0.087679
0.086506
0.085368
0.084277
0.083160
0.082121
0.081006
0.080011
0.078989
0.077977
0.076831
0.075894
0.074859
0.073880
0.073012
0.072044
0.071050
0.070070
0.069176
0.068257
0.067437
0.066489
0.065733
0.064797
0.063951
0.062990
0.062233
0.061365
0.060555
0.059773
0.059086
0.058239
0.057420
0.056785
0.056002
0.055279
0.054576
0.053793
0.052995
0.052461
0.051668
0.051034
0.050309
0.049747
0.049102
0.048339
0.047731
0.047091
0.046556
0.045886
0.045281
0.044587
0.044189
0.043545
0.042984
0.042304
0.041841
0.041224
0.040827
0.040078
0.039714
0.039142
0.038688
0.038168
0.037518
0.037150
0.036591
0.036236
0.035674
0.035219
0.034785
0.034293
0.033892
0.033357
0.032969
0.032626
0.032076
0.031705
0.031355
0.030757
0.030445
0.030001
0.029579
0.029271
0.028837
0.028419
0.028094
0.027844
0.027463
0.027030
0.026727
0.026279
0.025885
0.025772
0.025373
0.024960
0.024719
0.024384
0.024038
0.023740
0.023541
0.023218
0.022830
0.022573
0.022308
0.022042
0.021665
0.021456
0.021199
0.020973
0.020573
0.020316
0.020147
0.019977
0.019655
0.019276
0.019136
0.018995
0.018824
0.018466
0.018142
0.018029
0.017818
0.017665
0.017327
0.017072
0.016984
0.016872
0.016665
0.016344
0.016032
0.016003
0.015918
0.015749
0.015523
0.015205
0.015061
0.014949
0.014793
0.014649
0.014538
0.014303
0.014022
0.013879
0.013794
0.013736
0.013567
0.013425
0.013104
0.012878
0.012850
0.012794
0.012739
0.012598
0.012396
0.012201
0.011980
0.011892
0.011781
0.011725
0.011612
0.011555
0.011415
0.011274
0.011017
0.010844
0.010818
0.010733
0.010676
0.010594
0.010538
0.010481
0.010341
0.010201
0.010002
0.009857
0.009830
0.009830
0.009746
0.009688
0.009688
0.009688
0.009659
0.009548
0.009518
0.009518
0.009462
0.009462
0.009406
0.009378
0.009378
0.009351
0.009267
0.009184
0.009156
0.009100
0.009100
0.009071
0.009044
0.009044
0.009044
0.009044
0.009044
0.009016
0.008989
0.008989
0.008989
0.008989
0.008989
0.008989
0.008989
0.008989
0.008989
0.008989
0.008989
0.008989
0.008989
0.008989
0.008989
0.008989
0.008989
0.008989
0.008989
0.008989
0.008989
0.008989
0.008989
0.008989
0.008989
0.008989
0.008989
0.008989
0.008989
0.008989
0.008989
0.008989
0.008989
0.008989
0.008989
0.008989
0.008989
0.008989
0.008989
0.008989
0.008989
0.008989
0.008989
0.008989
0.008989
0.008989
0.008989
0.008989
0.008989
0.008989
