0.398801
0.398801
0.398801
0.398801
0.398801
0.398801
0.398801
0.398801
0.398801
0.398801
0.398801
0.398801
0.398801
0.398801
0.398801
0.398801
0.398801
0.398801
0.398801
0.398801
0.398801
0.398801
0.398801
0.398172
0.396794
0.394698
0.391651
0.388370
0.384772
0.381525
0.378422
0.375488
0.372826
0.370282
0.367707
0.364665
0.361609
0.358654
0.355248
0.352209
0.349137
0.346237
0.343234
0.340264
0.337398
0.334349
0.331422
0.328526
0.325462
0.322565
0.319568
0.316624
0.313832
0.310785
0.307886
0.304901
0.301947
0.299055
0.296148
0.293467
0.290396
0.287544
0.284645
0.281551
0.278894
0.276232
0.273357
0.270542
0.267857
0.264957
0.262209
0.259576
0.256858
0.254249
0.251569
0.248855
0.246055
0.243582
0.240903
0.238422
0.235652
0.233207
0.230614
0.228114
0.225455
0.223062
0.220604
0.217966
0.215647
0.213318
0.210948
0.208312
0.206123
0.203707
0.201207
0.198896
0.196771
0.194492
0.192098
0.189823
0.187762
0.185531
0.183215
0.181151
0.179058
0.176921
0.174704
0.172758
0.170762
0.168610
0.166657
0.164589
0.162569
0.160824
0.158824
0.156889
0.155024
0.153012
0.151224
0.149261
0.147401
0.145774
0.143849
0.142061
0.140349
0.138599
0.136714
0.135399
0.133456
0.132029
0.130073
0.128407
0.126997
0.125209
0.123623
0.122034
0.120478
0.118891
0.117277
0.115859
0.114324
0.112994
0.111283
0.109970
0.108418
0.107137
0.105679
0.104363
0.102946
0.101385
0.100261
0.098834
0.097732
0.096256
0.095234
0.093808
0.092591
0.091481
0.090212
0.089076
0.087816
0.086826
0.085481
0.084458
0.083425
0.082098
0.081213
0.080174
0.079222
0.078062
0.076931
0.075993
0.075107
0.073951
0.073108
0.072222
0.071108
0.070220
0.069336
0.068390
0.067564
0.066689
0.065731
0.064965
0.063977
0.063272
0.062481
0.061463
0.060552
0.060080
0.059023
0.058473
0.057710
0.056918
0.056131
0.055425
0.054670
0.053840
0.053203
0.052524
0.051999
0.051289
0.050549
0.049675
0.049065
0.048436
0.048016
0.047336
0.046795
0.046070
0.045530
0.044584
0.044333
0.043646
0.043265
0.042648
0.042136
0.041518
0.040857
0.040464
0.039947
0.039528
0.038900
0.038464
0.037905
0.037417
0.036944
0.036700
0.036101
0.035542
0.035215
0.034721
0.034237
0.033912
0.033372
0.032863
0.032485
0.032147
0.031753
0.031438
0.031041
0.030532
0.030212
0.029689
0.029514
0.029327
0.028750
0.028389
0.028199
0.027748
0.027435
0.026963
0.026805
0.026437
0.026168
0.025817
0.025680
0.025230
0.025041
0.024837
0.024365
0.024197
0.023917
0.023667
0.023348
0.023053
0.022973
0.022523
0.022443
0.022105
0.021757
0.021600
0.021428
0.021151
0.020869
0.020621
0.020475
0.020190
0.019916
0.019778
0.019586
0.019285
0.019141
0.018878
0.018710
0.018553
0.018347
0.018190
0.018081
0.017615
0.017504
0.017395
0.017143
0.017143
0.016841
0.016621
0.016300
0.016300
0.016300
0.015920
0.015747
0.015659
0.015502
0.015298
0.015218
0.014962
0.014962
0.014620
0.014454
0.014454
0.014374
0.013982
0.013982
0.013844
0.013700
0.013610
0.013327
0.013249
0.013138
0.013138
0.012965
0.012719
0.012719
0.012640
0.012366
0.012182
0.012182
0.011992
0.011915
0.011915
0.011777
0.011682
0.011495
0.011495
0.011415
0.011415
0.011338
0.011244
0.011244
0.010996
0.010996
0.010919
0.010919
0.010744
0.010744
0.010667
0.010557
0.010557
0.010478
0.010478
0.010247
0.010247
0.010247
0.010059
0.010059
0.010059
0.009982
0.009982
0.009808
0.009808
0.009808
0.009808
0.009731
0.009673
0.009593
0.009593
0.009497
0.009497
0.009420
0.009420
0.009340
0.009340
0.009340
0.009340
0.009340
0.009263
0.009263
0.009183
0.009183
0.009183
0.009183
0.009183
0.009106
0.009106
0.009106
0.009026
0.009026
0.009026
0.009026
0.009026
0.009026
0.008949
0.008949
0.008868
0.008868
0.008868
0.008868
0.008868
0.008868
0.008868
0.008793
0.008793
0.008793
0.008711
0.008711
0.008711
0.008711
0.008711
0.008711
0.008711
0.008711
0.008711
0.008711
0.008711
0.008711
0.008711
0.008711
0.008711
0.008711
0.008711
0.008711
0.008711
0.008711
0.008711
0.008711
0.008711
0.008711
0.008711
0.008711
0.008711
0.008711
0.008711
0.008711
0.008711
0.008711
0.008711
0.008711
0.008711
0.008711
0.008711
0.008711
0.008711
0.008711
0.008711
0.008711
0.008711
0.008711
0.008711
0.008711
0.008711
0.008711
0.008711
0.008711
0.008711
0.008711
0.008711
0.008711
0.008711
0.008711
0.008711
0.008711
0.008711
0.008711
0.008711
0.008711
0.008711
0.008711
0.008711
0.008711
0.008711
0.008711
0.008711
0.008711
0.008711
0.008711
0.008711
0.008711
0.008711
0.008711
0.008711
0.008711
0.008711
0.008711
0.008711
0.008711
0.008711
0.008711
0.008711
0.008711
0.008711
0.008711
0.008711
0.008711
0.008711
0.008711
0.008711
0.008711
0.008711
0.008711
0.008711
0.008711
0.008711
0.008711
0.008711
0.008711
0.008711
0.008711
0.008711
0.008711
0.008711
0.008711
0.008711
0.008711
0.008711
0.008711
0.008711
0.008711
0.008711
0.008711
0.008711
0.008711
0.008711
0.008711
0.008711
0.008711
0.008711
0.008711
0.008711
0.008711
0.008711
0.008711
0.008711
0.008711
0.008711
0.008711
0.008711
0.008711
0.008711
0.008711
0.008711
0.008711
0.008711
0.008711
0.008711
0.008711
0.008711
0.008711
0.008711
0.008711
0.008711
0.008711
0.008711
0.008711
0.008711
0.008711
0.008711
0.008711
0.008711
0.008711
0.008711
0.008711
0.008711
0.008711
0.008711
0.008711
0.008711
0.008711
0.008711
0.008711
0.008711
0.008711
0.008711
0.008711
0.008711
0.008711
0.008711
0.008711
0.008711
0.008711
0.008711
0.008711
0.008711
0.008711
0.008711
0.008711
0.008711
0.008711
0.008711
0.008711
0.008711
0.008711
0.008711
0.008711
0.008711
0.008711
0.008711
0.008711
0.008711
0.008711
0.008711
0.008711
0.008711
0.008711
0.008711
0.008711
0.008711
0.008711
0.008711
0.008711
0.008711
0.008711
0.008711
0.008711
0.008711
0.008711
0.008711
0.008711
0.008711
0.008711
0.008711
0.008711
0.008711
0.008711
0.008711
0.008711
0.008711
0.008711
0.008711
0.008711
0.008711
0.008711
0.008711
0.008711
0.008711
0.008711
0.008711
0.008711
0.008711
0.008711
0.008711
0.008711
0.008711
0.008711
0.008711
0.008711
0.008711
0.008711
0.008711
0.008711
0.008711
0.008711
0.008711
0.008711
0.008711
0.008711
0.008711
0.008711
0.008711
0.008711
0.008711
0.008711
0.008711
0.008711
0.008711
0.008711
0.008711
0.008711
0.008711
0.008711
0.008711
0.008711
0.008711
0.008711
0.008711
0.008711
0.008711
0.008711
0.008711
0.008711
0.008711
0.008711
0.008711
0.008711
0.008711
0.008711
0.008711
0.008711
0.008711
0.008711
0.008711
0.008711
0.008711
0.008711
0.008711
0.008711
0.008711
0.008711
0.008711
0.008711
0.008711
