0.532371
0.532371
0.532371
0.532371
0.532371
0.532371
0.532371
0.532371
0.532371
0.532327
0.532283
0.532241
0.532114
0.531985
0.531856
0.531706
0.531643
0.531535
0.531497
0.531370
0.531317
0.531155
0.530850
0.530613
0.530397
0.530150
0.529933
0.529808
0.529793
0.529536
0.529373
0.529121
0.528770
0.528326
0.527966
0.527659
0.527451
0.527119
0.526842
0.526346
0.526044
0.525507
0.524976
0.524578
0.524108
0.523683
0.523281
0.522979
0.522503
0.521889
0.521187
0.520573
0.519893
0.519333
0.518707
0.518130
0.517571
0.516968
0.516367
0.515865
0.515169
0.514599
0.513950
0.513502
0.512831
0.512286
0.511660
0.511152
0.510638
0.510267
0.509714
0.509105
0.508632
0.508083
0.507590
0.507092
0.506668
0.506212
0.505654
0.505251
0.504750
0.504300
0.503805
0.503398
0.502992
0.502539
0.502080
0.501699
0.501284
0.500820
0.500456
0.499978
0.499598
0.499205
0.498888
0.498473
0.498064
0.497684
0.497289
0.497047
0.496686
0.496308
0.496020
0.495771
0.495264
0.495003
0.494690
0.494393
0.494028
0.493673
0.493371
0.493033
0.492709
0.492386
0.492097
0.491767
0.491371
0.491110
0.490777
0.490446
0.490161
0.489860
0.489553
0.489163
0.488943
0.488515
0.488117
0.487761
0.487365
0.486932
0.486656
0.486284
0.485927
0.485576
0.485268
0.484945
0.484551
0.484119
0.483765
0.483342
0.482978
0.482506
0.482225
0.481883
0.481548
0.481202
0.480867
0.480516
0.480223
0.479837
0.479507
0.479272
0.478892
0.478604
0.478285
0.477960
0.477706
0.477413
0.477068
0.476822
0.476570
0.476250
0.476049
0.475698
0.475414
0.475176
0.474935
0.474567
0.474372
0.474138
0.473878
0.473615
0.473341
0.473162
0.472902
0.472677
0.472434
0.472210
0.471941
0.471740
0.471480
0.471251
0.471035
0.470819
0.470587
0.470389
0.470173
0.469866
0.469778
0.469516
0.469298
0.469120
0.468993
0.468814
0.468644
0.468535
0.468260
0.468147
0.467983
0.467748
0.467651
0.467501
0.467259
0.467111
0.466988
0.466829
0.466590
0.466474
0.466300
0.466140
0.466026
0.465800
0.465648
0.465530
0.465376
0.465220
0.465044
0.464895
0.464737
0.464673
0.464423
0.464248
0.464185
0.464117
0.463931
0.463728
0.463653
0.463512
0.463372
0.463289
0.463178
0.462978
0.462878
0.462699
0.462471
0.462390
0.462239
0.462046
0.461902
0.461820
0.461696
0.461622
0.461455
0.461333
0.461164
0.461153
0.461096
0.460957
0.460864
0.460726
0.460688
0.460541
0.460427
0.460390
0.460342
0.460272
0.460190
0.460049
0.459981
0.459925
0.459923
0.459829
0.459727
0.459683
0.459646
0.459615
0.459547
0.459488
0.459457
0.459402
0.459391
0.459276
0.459283
0.459223
0.459206
0.459154
0.459136
0.459089
0.459060
0.459033
0.458934
0.458926
0.458921
0.458877
0.458863
0.458842
0.458920
0.458952
0.458913
0.458926
0.458907
0.458885
0.458901
0.458917
0.458918
0.458900
0.458898
0.458861
0.458862
0.458854
0.458835
0.458838
0.458837
0.458851
0.458873
0.458853
0.458829
0.458825
0.458820
0.458861
0.458844
0.458834
0.458821
0.458838
0.458819
0.458815
0.458803
0.458836
0.458810
0.458809
0.458830
0.458810
0.458787
0.458813
0.458792
0.458798
0.458819
0.458670
0.458629
0.458599
0.437934
0.437956
0.437920
0.437868
0.437867
0.437853
0.437857
0.437813
0.437835
0.437819
0.437812
0.437792
0.437785
0.437779
0.437795
0.437773
0.437760
0.437755
0.437771
0.437749
0.437759
0.437715
0.437741
0.437720
0.437730
0.437745
0.437724
0.437733
0.437722
0.437735
0.437698
0.437725
0.437763
0.437736
0.437752
0.437778
0.437742
0.437758
0.437721
0.437747
0.437747
0.437723
0.437751
0.437751
0.437731
0.437731
0.437758
0.437721
0.437737
0.437737
0.437806
0.437850
0.437889
0.437909
0.437925
0.437925
0.437964
0.437949
0.437988
0.437988
0.438010
0.437990
0.438013
0.438029
0.437993
0.438032
0.438032
0.438032
0.438034
0.438034
0.282346
0.282346
0.282346
0.282348
0.282348
0.282348
0.282363
0.282265
0.282148
0.281933
0.281792
0.281720
0.281739
0.281889
0.282199
0.282504
0.282974
0.283354
0.283685
0.283915
0.284070
0.284071
0.284128
0.284132
0.284346
0.284519
0.284644
0.284742
0.284881
0.284876
0.284797
0.284875
0.284802
0.284753
0.284690
0.284592
0.284539
0.284404
0.284245
0.283974
0.283779
0.283544
0.283234
0.283048
0.282728
0.282421
0.282044
0.281672
0.281237
0.280821
0.280305
0.279837
0.279337
0.278876
0.278285
0.277750
0.277178
0.276439
0.275844
0.275084
0.274300
0.273629
0.272920
0.272143
0.271393
0.270481
0.269591
0.268708
0.267759
0.266749
0.265753
0.264872
0.263864
0.262787
0.261806
0.260669
0.259545
0.258381
0.257214
0.256076
0.254904
0.253771
0.252521
0.251212
0.249808
0.248339
0.246987
0.245514
0.244102
0.242726
0.241337
0.239973
0.238630
0.237259
0.235839
0.234460
0.233148
0.231816
0.230420
0.229064
0.227639
0.226284
0.224976
0.223538
0.222159
0.220845
0.219495
0.218131
0.216760
0.215416
0.214074
0.212673
0.211341
0.210003
0.208631
0.207107
0.205772
0.204408
0.202975
0.201627
0.200196
0.198842
0.197364
0.196067
0.194693
0.193306
0.191968
0.190660
0.189295
0.187999
0.186629
0.185385
0.183964
0.182677
0.181363
0.180099
0.178825
0.177485
0.176206
0.174955
0.173641
0.172348
0.171039
0.169838
0.168605
0.167331
0.166078
0.164754
0.163575
0.162337
0.161104
0.159852
0.158580
0.157355
0.156141
0.154877
0.153657
0.152407
0.151167
0.149976
0.148735
0.147547
0.146284
0.145119
0.143904
0.142671
0.141419
0.140311
0.139187
0.138017
0.136781
0.135622
0.134460
0.133261
0.132142
0.130978
0.129773
0.128681
0.127517
0.126373
0.125221
0.124116
0.122958
0.121826
0.120744
0.119573
0.118510
0.117285
0.116266
0.115139
0.114061
0.112993
0.111907
0.110895
0.109785
0.108703
0.107651
0.106607
0.105603
0.104587
0.103535
0.102527
0.101574
0.100574
0.099555
0.098531
0.097588
0.096608
0.095607
0.094510
0.093558
0.092571
0.091693
0.090678
0.089779
0.088805
0.087902
0.087009
0.086089
0.085150
0.084284
0.083400
0.082572
0.081728
0.080785
0.080010
0.079148
0.078376
0.077550
0.076695
0.075929
0.075155
0.074411
0.073581
0.072826
0.072082
0.071298
0.070592
0.069850
0.069169
0.068422
0.067729
0.067009
0.066358
0.065639
0.065001
0.064357
0.063641
0.063007
0.062323
0.061670
0.061028
0.060402
0.059732
0.059111
0.058545
0.057875
0.057294
0.056766
0.056239
0.055578
0.055094
0.054502
0.053967
0.053425
0.052883
0.052407
0.051862
0.051316
0.050723
0.050261
0.049720
0.049198
0.048753
0.048264
0.047735
0.047155
0.046670
0.046125
0.045645
0.045150
0.044697
0.044203
0.043764
0.043356
0.042847
0.042454
0.041972
0.041522
0.041092
0.040664
0.040259
0.039849
0.039433
0.039005
0.038625
0.038180
0.037800
0.037423
0.037062
0.036595
0.036127
0.035720
0.035305
0.034948
0.034497
0.034148
0.033768
0.033434
0.033029
0.032672
0.032324
0.031980
0.031654
0.031312
0.030964
0.030652
0.030340
0.030006
0.029695
0.029383
0.029116
0.028780
0.028561
0.028269
0.027984
0.027752
0.027500
0.027219
0.026923
0.026731
0.026466
0.026243
0.025991
0.025754
0.025528
0.025311
0.025014
0.024832
0.024570
0.024391
0.024150
0.023928
0.023727
0.023505
0.023331
0.023086
0.022870
0.022690
0.022600
0.022407
0.022258
0.022102
0.021908
0.021772
0.021572
0.021458
0.021303
0.021097
0.020962
0.020746
0.020631
0.020454
0.020305
0.020130
0.020036
0.019823
0.019584
0.019415
0.019205
0.019075
0.018914
0.018822
0.018611
0.018479
0.018344
0.018120
0.018070
0.017915
0.017760
0.017628
0.017557
0.017406
0.017252
0.017176
0.016998
0.016912
0.016766
0.016676
0.016552
0.016480
0.016316
0.016113
0.015987
0.015812
0.015686
0.015573
0.015492
0.015340
0.015277
0.015148
0.015022
0.014933
0.014813
0.014720
0.014619
0.014531
0.014429
0.014366
0.014238
0.014159
0.014068
0.013992
0.013950
0.013848
0.013761
0.013695
0.013689
0.013609
0.013542
0.013480
0.013411
0.013386
0.013315
0.013265
0.013228
0.013183
0.013102
0.013026
0.013008
0.012962
0.012899
0.012865
0.012806
0.012728
0.012664
0.012628
0.012587
0.012528
0.012508
0.012532
0.012523
0.012531
0.012496
0.012510
0.012454
0.012410
0.012432
0.012425
0.012367
0.012359
0.012318
0.012318
0.012297
0.012227
0.012222
0.012193
0.012193
0.012046
0.012014
0.011960
0.011902
0.011866
0.011855
0.011807
0.011761
0.011753
0.011708
0.011678
0.011657
0.011637
0.011628
0.011598
0.011592
0.011559
0.011559
0.011494
0.011494
0.011474
0.011474
0.011454
0.011421
0.011413
0.011380
0.011227
0.011205
0.011140
0.011118
0.011075
0.011047
0.011014
0.010972
0.010972
0.010950
0.010888
0.010888
0.010858
0.010837
0.010837
0.010815
0.010776
0.010776
0.010753
0.010733
0.010751
0.010762
0.010749
0.010742
0.010756
0.010756
0.010752
0.010770
0.010769
0.010741
0.010759
0.010759
0.010777
0.010779
0.010779
0.010780
0.010780
0.010760
0.010780
0.010772
0.010772
0.010751
0.010751
0.010771
0.010771
0.010771
0.010840
0.010862
0.010906
0.010928
0.010923
0.010923
0.010948
0.010970
0.010992
0.010992
0.010994
0.010994
0.011016
0.011016
0.011016
0.011019
0.011019
0.011011
0.011033
0.010919
0.010901
0.010848
0.010832
0.010840
0.010840
0.010826
0.010813
0.010794
0.010783
0.010773
0.010773
0.010766
0.010788
0.010788
0.010755
0.010755
0.010755
0.010752
0.010752
0.010752
0.010752
0.010752
0.010731
0.010731
0.010731
0.010598
0.010576
0.010531
0.010509
0.010487
0.010487
0.010465
0.010443
0.010443
0.010421
0.010399
0.010399
0.010377
0.010377
0.010377
0.010355
0.010355
0.010355
0.010332
0.010332
0.010359
0.010370
0.010396
0.010388
0.010404
