0.721357
0.721357
0.721357
0.721357
0.721357
0.721357
0.721357
0.721357
0.721357
0.721357
0.721357
0.721357
0.721357
0.721357
0.721357
0.721357
0.721357
0.721357
0.721357
0.721357
0.721357
0.721357
0.721357
0.721373
0.720992
0.720519
0.719645
0.717951
0.716073
0.714095
0.711875
0.709802
0.707776
0.705813
0.703854
0.701957
0.700013
0.697710
0.695587
0.693243
0.690667
0.688287
0.685604
0.683007
0.680472
0.677865
0.675144
0.672476
0.669857
0.667005
0.664320
0.661486
0.658679
0.655638
0.652485
0.649239
0.646262
0.643325
0.640270
0.637484
0.634569
0.631860
0.629267
0.626616
0.623781
0.621131
0.618112
0.615267
0.612077
0.609124
0.606172
0.603372
0.600367
0.597345
0.594331
0.591132
0.588011
0.584914
0.581774
0.578256
0.574899
0.571249
0.567741
0.564095
0.560400
0.556833
0.553188
0.549673
0.546266
0.542721
0.539237
0.535878
0.532477
0.529154
0.525531
0.522086
0.518634
0.515015
0.511545
0.507972
0.504534
0.500997
0.497388
0.494083
0.490625
0.487221
0.483883
0.480286
0.476852
0.473377
0.470069
0.466627
0.463249
0.459919
0.456575
0.453310
0.450017
0.446647
0.443322
0.440017
0.436742
0.433711
0.430252
0.427173
0.424073
0.420874
0.417651
0.414493
0.411385
0.408401
0.405160
0.402213
0.399098
0.396000
0.392984
0.390096
0.387100
0.384063
0.381045
0.378155
0.375339
0.372417
0.369455
0.366553
0.363737
0.360886
0.358100
0.355279
0.352443
0.349750
0.346990
0.344213
0.341591
0.338981
0.336253
0.333646
0.331018
0.328277
0.325869
0.323146
0.320732
0.318249
0.315698
0.313288
0.310830
0.308220
0.305939
0.303422
0.301095
0.298744
0.296425
0.294090
0.291732
0.289519
0.287126
0.285016
0.282718
0.280709
0.278311
0.276277
0.274075
0.271819
0.269795
0.267710
0.265522
0.263542
0.261487
0.259279
0.257416
0.255336
0.253289
0.251377
0.249453
0.247442
0.245443
0.243673
0.241602
0.239650
0.237789
0.236006
0.234245
0.232259
0.230402
0.228706
0.226838
0.225046
0.223204
0.221486
0.219704
0.217904
0.216280
0.214390
0.212752
0.210949
0.209408
0.207518
0.205970
0.204291
0.202666
0.200977
0.199389
0.197682
0.196183
0.194473
0.192835
0.191251
0.189702
0.188214
0.186621
0.185082
0.183621
0.182088
0.180484
0.179072
0.177660
0.176152
0.174598
0.173164
0.171688
0.170213
0.168895
0.167276
0.165935
0.164595
0.163178
0.161874
0.160429
0.159047
0.157749
0.156374
0.155139
0.153689
0.152362
0.151051
0.149746
0.148517
0.147263
0.145987
0.144618
0.143368
0.142134
0.140849
0.139599
0.138336
0.137178
0.135880
0.134685
0.133486
0.132317
0.131047
0.129827
0.128645
0.127629
0.126355
0.125252
0.124027
0.122785
0.121761
0.120621
0.119408
0.118405
0.117152
0.116087
0.114985
0.113774
0.112764
0.111692
0.110547
0.109579
0.108505
0.107263
0.106202
0.105316
0.104102
0.103028
0.102058
0.100980
0.099899
0.098940
0.097945
0.096774
0.095819
0.094831
0.093794
0.092682
0.091770
0.090775
0.089756
0.088903
0.087779
0.086862
0.085820
0.084964
0.084005
0.082997
0.082076
0.081173
0.080351
0.079309
0.078389
0.077513
0.076729
0.075803
0.074896
0.073945
0.073246
0.072458
0.071617
0.070683
0.069855
0.068917
0.068290
0.067400
0.066618
0.065769
0.065009
0.064213
0.063530
0.062638
0.061870
0.061198
0.060367
0.059674
0.058978
0.058084
0.057390
0.056791
0.056144
0.055323
0.054677
0.053972
0.053345
0.052657
0.052006
0.051418
0.050817
0.050159
0.049459
0.048894
0.048246
0.047769
0.047277
0.046460
0.045940
0.045568
0.044901
0.044413
0.043852
0.043367
0.042704
0.042208
0.041765
0.041266
0.040759
0.040227
0.039852
0.039369
0.038882
0.038351
0.037931
0.037442
0.037132
0.036673
0.036179
0.035696
0.035382
0.034903
0.034603
0.034182
0.033885
0.033466
0.033118
0.032599
0.032312
0.031997
0.031640
0.031317
0.030958
0.030660
0.030328
0.029998
0.029646
0.029291
0.029001
0.028669
0.028430
0.028076
0.027755
0.027489
0.027179
0.026973
0.026678
0.026402
0.026090
0.025821
0.025555
0.025328
0.025078
0.024851
0.024594
0.024401
0.024151
0.023943
0.023724
0.023479
0.023229
0.022998
0.022758
0.022609
0.022449
0.022243
0.022039
0.021852
0.021616
0.021471
0.021227
0.021049
0.020916
0.020689
0.020511
0.020401
0.020200
0.020028
0.019912
0.019700
0.019566
0.019421
0.019216
0.019034
0.018919
0.018740
0.018629
0.018534
0.018353
0.018185
0.018047
0.017909
0.017795
0.017612
0.017485
0.017341
0.017279
0.017113
0.016930
0.016826
0.016724
0.016621
0.016453
0.016413
0.016248
0.016105
0.016005
0.015880
0.015842
0.015680
0.015571
0.015470
0.015365
0.015198
0.015164
0.015054
0.014992
0.014811
0.014755
0.014644
0.014572
0.014476
0.014417
0.014260
0.014205
0.014085
0.013943
0.013922
0.013832
0.013777
0.013664
0.013594
0.013571
0.013393
0.013393
0.013259
0.013221
0.013154
0.013076
0.013021
0.012915
0.012876
0.012782
0.012782
0.012670
0.012604
0.012543
0.012471
0.012432
0.012398
0.012260
0.012260
0.012190
0.012083
0.012021
0.012021
0.011989
0.011911
0.011854
0.011762
0.011710
0.011710
0.011616
0.011582
0.011504
0.011472
0.011472
0.011410
0.011304
0.011233
0.011233
0.011233
0.011099
0.011099
0.011065
0.011027
0.010994
0.010934
0.010860
0.010860
0.010794
0.010755
0.010716
0.010693
0.010660
0.010622
0.010622
0.010549
0.010489
0.010440
0.010417
0.010417
0.010339
0.010339
0.010306
0.010234
0.010234
0.010211
0.010171
0.010100
0.010100
0.010068
0.010068
0.010033
0.009899
0.009899
0.009899
0.009899
0.009861
0.009861
0.009829
0.009789
0.009789
0.009728
0.009728
0.009728
0.009695
0.009683
0.009645
0.009645
0.009645
0.009645
0.009622
0.009551
0.009551
0.009551
0.009551
0.009551
0.009551
0.009512
0.009512
0.009480
0.009480
0.009457
0.009457
0.009457
0.009407
0.009407
0.009407
0.009374
0.009374
0.009374
0.009336
0.009336
0.009336
0.009336
0.009336
0.009336
0.009336
0.009336
0.009298
0.009298
0.009298
0.009298
0.009298
0.009298
0.009298
0.009298
0.009298
0.009298
0.009298
0.009298
0.009298
0.009298
0.009298
0.009298
0.009298
0.009298
0.009298
0.009298
0.009298
0.009298
0.009298
0.009298
0.009298
0.009298
0.009298
0.009298
0.009298
0.009298
0.009298
0.009298
0.009298
0.009298
0.009298
0.009298
0.009298
0.009298
0.009298
0.009298
0.009298
0.009298
0.009298
0.009298
0.009298
0.009298
0.009298
0.009298
0.009298
0.009298
0.009298
0.009298
0.009298
0.009298
0.009298
0.009298
0.009298
0.009298
0.009298
0.009298
0.009298
0.009298
0.009298
0.009298
0.009298
0.009298
0.009298
0.009298
0.009298
0.009298
0.009298
0.009298
0.009298
0.009298
0.009298
0.009298
0.009298
0.009298
0.009298
0.009298
0.009298
0.009298
0.009298
0.009298
0.009298
