0.553588
0.553588
0.553588
0.553588
0.553588
0.553588
0.553588
0.553588
0.553588
0.553543
0.553499
0.553456
0.553326
0.553194
0.553019
0.552822
0.552669
0.552427
0.552254
0.552037
0.551935
0.551767
0.551504
0.551309
0.551179
0.550933
0.550670
0.550455
0.550446
0.550232
0.550154
0.550032
0.549858
0.549591
0.549411
0.549237
0.549070
0.548873
0.548723
0.548400
0.548315
0.548091
0.547827
0.547743
0.547502
0.547304
0.547086
0.547168
0.546962
0.546750
0.546580
0.546497
0.546279
0.546294
0.546140
0.546024
0.545938
0.545750
0.545635
0.545535
0.545415
0.545305
0.545140
0.545166
0.544952
0.544894
0.544774
0.544664
0.544621
0.544643
0.544577
0.544456
0.544400
0.544249
0.544242
0.544232
0.544137
0.544125
0.544010
0.544000
0.543942
0.543828
0.543821
0.543813
0.543763
0.543710
0.543654
0.543631
0.543619
0.543555
0.543516
0.543493
0.543477
0.543483
0.543471
0.543464
0.543454
0.543403
0.543437
0.543506
0.543500
0.543498
0.543523
0.543634
0.543586
0.543593
0.543641
0.543626
0.543650
0.543654
0.543681
0.543660
0.543667
0.543729
0.543799
0.543806
0.543849
0.543998
0.544033
0.543996
0.543946
0.543926
0.543714
0.543479
0.543333
0.543133
0.542916
0.542733
0.542531
0.542240
0.541940
0.541635
0.541189
0.540801
0.540371
0.539917
0.539516
0.539138
0.538744
0.538242
0.537873
0.537378
0.537041
0.536570
0.536195
0.535727
0.535358
0.534952
0.534580
0.534159
0.533820
0.533417
0.533042
0.532694
0.532281
0.531931
0.531538
0.531147
0.530806
0.530427
0.530125
0.529804
0.529418
0.529061
0.528649
0.528348
0.528055
0.527651
0.527311
0.527014
0.526659
0.526347
0.525973
0.525726
0.525422
0.525054
0.524747
0.524476
0.524091
0.523788
0.523441
0.523139
0.522859
0.522507
0.522210
0.521934
0.521589
0.521254
0.521012
0.520713
0.520359
0.520105
0.519823
0.519625
0.519343
0.519071
0.518784
0.518545
0.518264
0.517967
0.517708
0.517522
0.517170
0.516903
0.516607
0.516420
0.516108
0.515781
0.515567
0.515336
0.515052
0.514742
0.514488
0.514270
0.514022
0.513668
0.513449
0.513203
0.512932
0.512695
0.512392
0.512141
0.511900
0.511604
0.511422
0.511087
0.510825
0.510592
0.510373
0.510139
0.509889
0.509592
0.509327
0.509126
0.508792
0.508574
0.508280
0.507974
0.507772
0.507545
0.507314
0.507094
0.506905
0.506680
0.506403
0.506228
0.506023
0.505858
0.505661
0.505399
0.505206
0.505042
0.504857
0.504647
0.504448
0.504347
0.504151
0.503948
0.503786
0.503623
0.503452
0.503338
0.503200
0.502995
0.502911
0.502763
0.502616
0.502481
0.502337
0.502241
0.502105
0.502002
0.501835
0.501695
0.501589
0.501427
0.501325
0.501197
0.501133
0.501014
0.500884
0.500750
0.500660
0.500535
0.500436
0.500339
0.500332
0.500231
0.500199
0.500126
0.500025
0.499967
0.499856
0.499785
0.499709
0.499599
0.499561
0.499441
0.499405
0.499269
0.499214
0.499180
0.499051
0.499008
0.498902
0.498846
0.498785
0.498652
0.498610
0.498599
0.498505
0.498406
0.498356
0.498276
0.498219
0.498126
0.498036
0.498018
0.497954
0.497875
0.497844
0.497786
0.497725
0.497660
0.497596
0.497512
0.497441
0.497254
0.497174
0.497092
0.414834
0.414804
0.414730
0.414639
0.414547
0.414494
0.414441
0.414357
0.414289
0.414235
0.414175
0.414168
0.414108
0.414026
0.413989
0.413928
0.413914
0.413834
0.413796
0.413735
0.413745
0.413662
0.413594
0.413533
0.413543
0.413505
0.413444
0.413417
0.413367
0.413326
0.413303
0.413276
0.413261
0.413212
0.413174
0.413148
0.413124
0.413087
0.413064
0.413002
0.413002
0.412934
0.412908
0.412908
0.412848
0.412848
0.412787
0.412764
0.412727
0.412727
0.412755
0.412799
0.412784
0.412774
0.412747
0.412747
0.412732
0.412731
0.412716
0.412716
0.412738
0.412677
0.412700
0.412662
0.412639
0.412624
0.412624
0.412624
0.412586
0.412586
0.283189
0.283189
0.283189
0.283151
0.283151
0.283129
0.283087
0.283033
0.283015
0.282843
0.282665
0.282443
0.282017
0.281591
0.281114
0.280600
0.279997
0.279405
0.278677
0.277985
0.277184
0.276257
0.275503
0.274601
0.273820
0.272914
0.272096
0.271059
0.270054
0.269011
0.267881
0.266866
0.265651
0.264507
0.263395
0.262277
0.261010
0.259997
0.258797
0.257712
0.256576
0.255397
0.254373
0.253242
0.252149
0.251033
0.249849
0.248823
0.247593
0.246551
0.245460
0.244233
0.243218
0.241976
0.240923
0.239828
0.238634
0.237585
0.236349
0.235311
0.234142
0.232957
0.231901
0.230689
0.229635
0.228486
0.227322
0.226217
0.224968
0.223930
0.222788
0.221620
0.220568
0.219274
0.218315
0.217175
0.216039
0.214989
0.213753
0.212719
0.211571
0.210379
0.209321
0.208088
0.207045
0.205846
0.204704
0.203647
0.202342
0.201285
0.200119
0.198935
0.197861
0.196602
0.195511
0.194365
0.193179
0.192083
0.190848
0.189696
0.188502
0.187368
0.186243
0.184994
0.183897
0.182610
0.181497
0.180374
0.179100
0.178026
0.176721
0.175598
0.174480
0.173210
0.172137
0.170726
0.169598
0.168387
0.167123
0.166016
0.164674
0.163525
0.162262
0.160993
0.159852
0.158500
0.157382
0.156147
0.154878
0.153718
0.152356
0.151210
0.149977
0.148740
0.147573
0.146198
0.145064
0.143829
0.142536
0.141365
0.140065
0.138914
0.137671
0.136403
0.135248
0.133928
0.132779
0.131521
0.130293
0.129148
0.127800
0.126653
0.125433
0.124195
0.123042
0.121708
0.120565
0.119271
0.118096
0.116916
0.115619
0.114470
0.113198
0.112018
0.110864
0.109562
0.108453
0.107326
0.106211
0.105080
0.103911
0.102811
0.101695
0.100556
0.099471
0.098483
0.097360
0.096319
0.095279
0.094250
0.093233
0.092201
0.091292
0.090231
0.089225
0.088296
0.087331
0.086392
0.085514
0.084498
0.083632
0.082708
0.081809
0.080947
0.080105
0.079198
0.078322
0.077495
0.076685
0.075888
0.075048
0.074239
0.073479
0.072642
0.071847
0.071139
0.070344
0.069635
0.068863
0.067978
0.067272
0.066503
0.065788
0.065069
0.064354
0.063655
0.062944
0.062283
0.061598
0.060939
0.060294
0.059611
0.058973
0.058334
0.057712
0.057108
0.056521
0.055937
0.055284
0.054703
0.054137
0.053530
0.052956
0.052380
0.051850
0.051260
0.050726
0.050218
0.049687
0.049157
0.048626
0.048096
0.047600
0.047103
0.046650
0.046121
0.045642
0.045152
0.044682
0.044248
0.043712
0.043289
0.042837
0.042340
0.042005
0.041479
0.041036
0.040610
0.040309
0.039862
0.039461
0.039103
0.038715
0.038307
0.037911
0.037548
0.037186
0.036799
0.036421
0.036009
0.035675
0.035324
0.034961
0.034605
0.034170
0.033837
0.033546
0.033189
0.032867
0.032533
0.032197
0.031864
0.031563
0.031214
0.030894
0.030583
0.030299
0.029976
0.029643
0.029404
0.029128
0.028882
0.028582
0.028277
0.028031
0.027742
0.027481
0.027214
0.026959
0.026690
0.026430
0.026073
0.025827
0.025472
0.025202
0.025021
0.024732
0.024442
0.024227
0.024024
0.023733
0.023509
0.023309
0.023048
0.022848
0.022646
0.022430
0.022238
0.022026
0.021826
0.021611
0.021410
0.021252
0.021017
0.020887
0.020657
0.020498
0.020321
0.020136
0.019958
0.019801
0.019651
0.019472
0.019316
0.019147
0.019032
0.018841
0.018726
0.018548
0.018440
0.018254
0.018103
0.017990
0.017813
0.017672
0.017515
0.017410
0.017285
0.017096
0.017134
0.016986
0.016899
0.016858
0.016704
0.016620
0.016518
0.016409
0.016341
0.016172
0.016102
0.016020
0.015895
0.015825
0.015713
0.015581
0.015519
0.015412
0.015325
0.015223
0.015135
0.015030
0.014961
0.014899
0.014778
0.014707
0.014645
0.014517
0.014435
0.014370
0.014266
0.014204
0.014144
0.014072
0.013995
0.013893
0.013843
0.013745
0.013663
0.013617
0.013555
0.013458
0.013416
0.013197
0.013092
0.012989
0.012901
0.012836
0.012758
0.012662
0.012610
0.012509
0.012466
0.012367
0.012307
0.012242
0.012157
0.012142
0.012054
0.011982
0.011943
0.011859
0.011808
0.011793
0.011702
0.011643
0.011599
0.011513
0.011492
0.011478
0.011403
0.011344
0.011288
0.011266
0.011224
0.011224
0.011171
0.011130
0.011095
0.011003
0.011003
0.010962
0.010943
0.010922
0.010881
0.010839
0.010820
0.010770
0.010770
0.010759
0.010738
0.010827
0.010828
0.010873
0.010867
0.010889
0.010889
0.010890
0.010913
0.010914
0.010914
0.010929
0.010908
0.010930
0.010909
0.010909
0.010931
0.010911
0.010903
0.010925
0.010904
0.010904
0.010904
0.010883
0.010906
0.010906
0.010885
0.010877
0.010877
0.010857
0.010857
0.010857
0.010836
0.010858
0.010858
0.010858
0.010830
0.010830
0.010830
0.010830
0.010809
0.010809
0.010809
0.010809
0.010788
0.010655
0.010632
0.010581
0.010538
0.010515
0.010515
0.010493
0.010450
0.010450
0.010428
0.010406
0.010385
0.010363
0.010363
0.010363
0.010333
0.010312
0.010312
0.010290
0.010290
0.010290
0.010269
0.010269
0.010247
0.010247
0.010247
0.010247
0.010226
0.010226
0.010226
0.010219
0.010219
0.010219
0.010220
0.010220
0.010220
0.010220
0.010220
0.010220
0.010220
0.010200
0.010200
0.010200
0.010200
0.010200
0.010200
0.010289
0.010291
0.010335
0.010350
0.010372
0.010372
0.010394
0.010416
0.010439
0.010418
0.010440
0.010440
0.010462
0.010462
0.010462
0.010485
0.010485
0.010485
0.010507
0.010507
0.010507
0.010507
0.010507
0.010529
0.010529
0.010529
0.010529
0.010529
0.010529
0.010529
0.010529
0.010529
0.010551
0.010551
0.010551
0.010551
0.010551
0.010551
0.010551
0.010551
0.010551
0.010551
0.010551
0.010551
0.010551
0.010418
0.010396
0.010351
0.010329
0.010307
0.010307
0.010285
0.010262
0.010262
0.010240
0.010218
0.010218
0.010196
0.010196
0.010196
0.010174
0.010174
0.010174
0.010151
0.010151
0.010151
0.010151
0.010151
0.010129
0.010129
