0.379309
0.379309
0.379309
0.379309
0.379309
0.379309
0.379309
0.379309
0.379309
0.379309
0.379309
0.379309
0.379309
0.379309
0.379309
0.379309
0.379309
0.379309
0.379309
0.379309
0.379309
0.379309
0.379309
0.379182
0.379296
0.378976
0.378261
0.376934
0.374674
0.371537
0.368080
0.364442
0.360772
0.357316
0.354085
0.351149
0.348246
0.345247
0.342160
0.339062
0.335530
0.332334
0.328732
0.325456
0.322322
0.319049
0.315888
0.312476
0.309404
0.306211
0.303084
0.299917
0.296735
0.293368
0.290309
0.287214
0.284006
0.281042
0.277849
0.274862
0.271661
0.268747
0.265679
0.262719
0.259548
0.256560
0.253708
0.250746
0.247703
0.244820
0.242248
0.239102
0.236249
0.233543
0.230790
0.227876
0.225320
0.222526
0.220084
0.217300
0.214411
0.211975
0.209455
0.206739
0.204300
0.201666
0.199094
0.196731
0.194312
0.191844
0.189414
0.187104
0.184685
0.182298
0.179989
0.177913
0.175505
0.173273
0.170892
0.168855
0.166736
0.164546
0.162398
0.160434
0.158251
0.156172
0.154070
0.152222
0.150180
0.148259
0.146243
0.144372
0.142476
0.140626
0.138684
0.137001
0.135217
0.133392
0.131607
0.129929
0.128180
0.126473
0.125036
0.123168
0.121568
0.120058
0.118348
0.116751
0.115462
0.113901
0.112410
0.110964
0.109339
0.107959
0.106579
0.105277
0.103965
0.102649
0.101180
0.099857
0.098556
0.097233
0.095866
0.094703
0.093448
0.092130
0.091130
0.089820
0.088758
0.087551
0.086378
0.085105
0.084154
0.083069
0.081878
0.080795
0.079743
0.078925
0.077693
0.076629
0.075723
0.074673
0.073640
0.072640
0.071794
0.070825
0.069869
0.068977
0.068047
0.067177
0.066256
0.065390
0.064695
0.063617
0.062984
0.062221
0.061322
0.060544
0.059651
0.058996
0.058050
0.057207
0.056657
0.056072
0.055096
0.054443
0.053650
0.053133
0.052308
0.051652
0.050877
0.050373
0.049587
0.048949
0.048525
0.047750
0.047159
0.046637
0.045927
0.045321
0.044734
0.044243
0.043445
0.042941
0.042293
0.041912
0.041363
0.040670
0.040344
0.039823
0.039179
0.038660
0.038083
0.037750
0.036978
0.036581
0.036171
0.035895
0.035033
0.034733
0.034245
0.034003
0.033272
0.032999
0.032591
0.032188
0.031796
0.031401
0.030825
0.030510
0.030170
0.029666
0.029169
0.028964
0.028516
0.028191
0.027889
0.027547
0.027091
0.026510
0.026409
0.026093
0.025750
0.025426
0.024997
0.024648
0.024540
0.024073
0.023893
0.023592
0.023236
0.022829
0.022721
0.022315
0.022123
0.021963
0.021476
0.021121
0.020964
0.020663
0.020554
0.020339
0.019927
0.019737
0.019418
0.019418
0.019118
0.018902
0.018655
0.018413
0.018097
0.018097
0.017716
0.017538
0.017164
0.017055
0.016930
0.016727
0.016519
0.016221
0.016193
0.015824
0.015824
0.015653
0.015415
0.015363
0.014970
0.014871
0.014762
0.014598
0.014498
0.014184
0.014003
0.013897
0.013737
0.013628
0.013533
0.013368
0.013161
0.013089
0.012897
0.012773
0.012665
0.012535
0.012439
0.012386
0.012223
0.012016
0.011859
0.011752
0.011653
0.011544
0.011544
0.011314
0.011314
0.011314
0.011097
0.010944
0.010809
0.010734
0.010530
0.010421
0.010421
0.010421
0.010215
0.010215
0.010107
0.010107
0.009906
0.009857
0.009799
0.009799
0.009689
0.009581
0.009431
0.009431
0.009335
0.009228
0.009173
0.009118
0.009118
0.009118
0.009011
0.009011
0.009011
0.008902
0.008902
0.008902
0.008767
0.008767
0.008767
0.008767
0.008767
0.008767
0.008550
0.008550
0.008550
0.008550
0.008550
0.008550
0.008442
0.008442
0.008442
0.008442
0.008442
0.008442
0.008442
0.008335
0.008335
0.008335
0.008335
0.008335
0.008335
0.008309
0.008309
0.008200
0.008200
0.008200
0.008200
0.008200
0.008200
0.008200
0.008200
0.008200
0.008200
0.008200
0.008200
0.008200
0.008200
0.008200
0.008200
0.008200
0.008200
0.008200
0.008200
0.008200
0.008200
0.008200
0.008200
0.008200
0.008200
0.008200
0.008200
0.008200
0.008200
0.008200
0.008200
0.008200
0.008200
0.008200
0.008200
0.008200
0.008200
0.008200
0.008200
0.008200
0.008200
0.008200
0.008200
0.008200
0.008200
0.008200
0.008200
0.008200
0.008200
0.008200
0.008200
0.008200
0.008200
0.008200
0.008200
0.008200
0.008200
0.008200
0.008200
0.008200
0.008200
0.008200
0.008200
0.008200
0.008200
0.008200
0.008200
0.008200
0.008200
0.008200
0.008200
0.008200
0.008200
0.008200
0.008200
0.008200
0.008200
0.008200
0.008200
0.008200
0.008200
0.008200
0.008200
0.008200
0.008200
0.008200
0.008200
0.008200
0.008200
0.008200
0.008200
0.008200
0.008200
0.008200
0.008200
0.008200
0.008200
0.008200
0.008200
0.008200
0.008200
0.008200
0.008200
0.008200
0.008200
0.008200
0.008200
0.008200
0.008200
0.008200
0.008200
0.008200
0.008200
0.008200
0.008200
0.008200
0.008200
0.008200
0.008200
0.008200
0.008200
0.008200
0.008200
0.008200
0.008200
0.008200
0.008200
0.008200
0.008200
0.008200
0.008200
0.008200
0.008200
0.008200
0.008200
0.008200
0.008200
0.008200
0.008200
0.008200
0.008200
0.008200
0.008200
0.008200
0.008200
0.008200
0.008200
0.008200
0.008200
0.008200
0.008200
0.008200
0.008200
0.008200
0.008200
0.008200
0.008200
0.008200
0.008200
0.008200
0.008200
0.008200
0.008200
0.008200
0.008200
0.008200
0.008200
0.008200
0.008200
0.008200
0.008200
0.008200
0.008200
0.008200
0.008200
0.008200
0.008200
0.008200
0.008200
0.008200
0.008200
0.008200
0.008200
0.008200
0.008200
0.008200
0.008200
0.008200
0.008200
0.008200
0.008200
0.008200
0.008200
0.008200
0.008200
0.008200
0.008200
0.008200
0.008200
0.008200
0.008200
0.008200
0.008200
0.008200
0.008200
0.008200
0.008200
0.008200
0.008200
0.008200
0.008200
0.008200
0.008200
0.008200
0.008200
0.008200
0.008200
0.008200
0.008200
0.008200
0.008200
0.008200
0.008200
0.008200
0.008200
0.008200
0.008200
0.008200
0.008200
0.008200
0.008200
0.008200
0.008200
0.008200
0.008200
0.008200
0.008200
0.008200
0.008200
0.008200
0.008200
0.008200
0.008200
0.008200
0.008200
0.008200
0.008200
0.008200
0.008200
0.008200
0.008200
0.008200
0.008200
0.008200
0.008200
0.008200
0.008200
0.008200
0.008200
0.008200
0.008200
0.008200
0.008200
0.008200
0.008200
0.008200
0.008200
0.008200
0.008200
0.008200
0.008200
0.008200
0.008200
0.008200
0.008200
0.008200
0.008200
0.008200
0.008200
0.008200
0.008200
0.008200
0.008200
0.008200
0.008200
0.008200
0.008200
0.008200
0.008200
0.008200
0.008200
0.008200
0.008200
0.008200
0.008200
0.008200
0.008200
0.008200
0.008200
0.008200
0.008200
0.008200
0.008200
0.008200
0.008200
0.008200
0.008200
0.008200
0.008200
0.008200
0.008200
0.008200
0.008200
0.008200
0.008200
0.008200
0.008200
0.008200
0.008200
0.008200
0.008200
0.008200
0.008200
0.008200
