0.690960
0.690960
0.690960
0.690960
0.690960
0.690960
0.690960
0.690960
0.690852
0.690645
0.690522
0.690368
0.690208
0.689994
0.689463
0.688557
0.687069
0.685619
0.683420
0.680775
0.677409
0.674151
0.670785
0.667312
0.663888
0.660422
0.656903
0.653120
0.649195
0.645300
0.641493
0.637738
0.633648
0.629927
0.626213
0.622318
0.618368
0.614378
0.610723
0.606646
0.602711
0.598952
0.594940
0.590948
0.587147
0.583278
0.579281
0.575441
0.571258
0.567628
0.563734
0.559601
0.555805
0.552082
0.547956
0.544052
0.540148
0.536188
0.532404
0.528383
0.524492
0.520624
0.516741
0.512727
0.508735
0.505065
0.501197
0.497053
0.493191
0.489520
0.485593
0.481601
0.477714
0.474046
0.470216
0.466227
0.462614
0.458496
0.454873
0.451217
0.447052
0.443391
0.439778
0.435888
0.432164
0.428391
0.424459
0.421127
0.417263
0.413355
0.409793
0.405930
0.402398
0.398693
0.395132
0.391704
0.387952
0.384363
0.380801
0.377500
0.373642
0.370137
0.366935
0.363392
0.359869
0.356504
0.353285
0.349722
0.346395
0.342857
0.339740
0.336520
0.332942
0.329944
0.326728
0.323514
0.320297
0.316963
0.313767
0.310864
0.307426
0.304322
0.301452
0.298316
0.295336
0.292228
0.289265
0.286302
0.283457
0.280396
0.277495
0.274586
0.271710
0.268747
0.265969
0.263164
0.260205
0.257644
0.254676
0.251964
0.249127
0.246584
0.243810
0.241226
0.238389
0.235844
0.233196
0.230630
0.227855
0.225124
0.222839
0.220200
0.217543
0.215132
0.212406
0.210088
0.207787
0.205037
0.202580
0.200246
0.197846
0.195309
0.192945
0.190656
0.188431
0.185931
0.183667
0.181487
0.179135
0.176914
0.174496
0.172415
0.170096
0.167872
0.165773
0.163595
0.161589
0.159619
0.157428
0.155346
0.153335
0.151286
0.149316
0.147497
0.145510
0.143500
0.141618
0.139785
0.138020
0.136342
0.134540
0.132507
0.130911
0.129232
0.127526
0.125936
0.124129
0.122687
0.120997
0.119481
0.117775
0.116346
0.114829
0.113152
0.111800
0.110314
0.108764
0.107472
0.106060
0.104631
0.103298
0.101856
0.100576
0.099336
0.097815
0.096560
0.095422
0.094142
0.092993
0.091864
0.090742
0.089408
0.088151
0.086934
0.086006
0.084851
0.083675
0.082492
0.081536
0.080424
0.079373
0.078381
0.077157
0.076475
0.075409
0.074186
0.073533
0.072386
0.071338
0.070491
0.069538
0.068782
0.067815
0.066907
0.065939
0.064966
0.064435
0.063287
0.062647
0.061564
0.061144
0.060357
0.059401
0.058557
0.057816
0.057054
0.056207
0.055613
0.054731
0.054092
0.053561
0.052811
0.052023
0.051475
0.050596
0.050164
0.049265
0.048625
0.048170
0.047477
0.047126
0.046171
0.045698
0.045133
0.044353
0.043757
0.043227
0.042780
0.042161
0.041632
0.040973
0.040574
0.039906
0.039433
0.039013
0.038506
0.037935
0.037277
0.036989
0.036432
0.036239
0.035378
0.035099
0.034754
0.034171
0.033578
0.033216
0.032891
0.032563
0.031905
0.031577
0.031033
0.030838
0.030336
0.029881
0.029696
0.029241
0.028851
0.028285
0.028115
0.027800
0.027270
0.026938
0.026409
0.026397
0.025924
0.025552
0.025173
0.024968
0.024438
0.024219
0.023938
0.023781
0.023355
0.023013
0.022586
0.022299
0.022056
0.021879
0.021472
0.021268
0.021019
0.020733
0.020639
0.020156
0.019970
0.019683
0.019516
0.019224
0.019031
0.018826
0.018694
0.018390
0.018075
0.017697
0.017656
0.017545
0.017138
0.017055
0.016998
0.016683
0.016526
0.016320
0.016042
0.015886
0.015790
0.015680
0.015433
0.015140
0.015029
0.014712
0.014631
0.014499
0.014292
0.014182
0.014212
0.014042
0.013763
0.013763
0.013681
0.013476
0.013290
0.013290
0.013056
0.013056
0.012946
0.012665
0.012556
0.012474
0.012307
0.012211
0.012136
0.012054
0.011943
0.011849
0.011682
0.011608
0.011525
0.011320
0.011320
0.011320
0.011320
0.011093
0.010900
0.010900
0.010900
0.010805
0.010793
0.010609
0.010469
0.010469
0.010373
0.010373
0.010373
0.010262
0.010105
0.010011
0.010011
0.009953
0.009953
0.009953
0.009842
0.009666
0.009590
0.009590
0.009590
0.009590
0.009437
0.009327
0.009246
0.009246
0.009170
0.009170
0.009170
0.009075
0.009075
0.008964
0.008964
0.008827
0.008938
0.008938
0.008765
0.008765
0.008655
0.008655
0.008655
0.008655
0.008573
0.008480
0.008480
0.008480
0.008422
0.008346
0.008346
0.008346
0.008346
0.008346
0.008250
0.008250
0.008250
0.008250
0.008250
0.008250
0.008250
0.008250
0.008250
0.008250
0.008250
0.008250
0.008250
0.008250
0.008250
0.008250
0.008250
0.008250
0.008250
0.008250
0.008250
0.008250
0.008250
0.008250
0.008250
0.008250
0.008250
0.008250
0.008250
0.008250
0.008250
0.008250
0.008250
0.008250
0.008250
0.008250
0.008250
0.008250
0.008250
0.008250
0.008250
0.008250
0.008250
0.008250
0.008250
0.008250
0.008250
0.008250
0.008250
0.008250
0.008250
0.008250
0.008250
0.008250
0.008250
0.008250
0.008250
0.008250
0.008250
0.008250
0.008250
0.008250
0.008250
0.008250
0.008250
0.008250
0.008250
0.008250
0.008250
0.008250
0.008250
0.008250
0.008250
0.008250
0.008250
0.008250
0.008250
0.008250
0.008250
0.008250
0.008250
0.008250
0.008250
0.008250
0.008250
0.008250
0.008250
0.008250
0.008250
0.008250
0.008250
0.008250
0.008250
0.008250
0.008250
0.008250
0.008250
0.008250
0.008250
0.008250
0.008250
0.008250
0.008250
0.008250
0.008250
0.008250
0.008250
0.008250
0.008250
0.008250
0.008250
0.008250
0.008250
0.008250
0.008250
0.008250
0.008250
0.008250
0.008250
0.008250
0.008250
0.008250
0.008250
0.008250
0.008250
0.008250
0.008250
0.008250
0.008250
0.008250
0.008250
0.008250
0.008250
0.008250
0.008250
0.008250
0.008250
0.008250
0.008250
0.008250
0.008250
0.008250
0.008250
0.008250
0.008250
0.008250
0.008250
0.008250
0.008250
0.008250
0.008250
0.008250
0.008250
0.008250
0.008250
0.008250
0.008250
0.008250
0.008250
0.008250
0.008250
0.008250
0.008250
0.008250
0.008250
0.008250
0.008250
0.008250
0.008250
0.008250
0.008250
0.008250
0.008250
0.008250
0.008250
0.008250
0.008250
0.008250
0.008250
0.008250
0.008250
0.008250
0.008250
0.008250
0.008250
0.008250
0.008250
0.008250
0.008250
0.008250
0.008250
0.008250
0.008250
0.008250
0.008250
0.008250
0.008250
0.008250
0.008250
0.008250
0.008250
0.008250
0.008250
0.008250
0.008250
0.008250
0.008250
0.008250
0.008250
0.008250
0.008250
0.008250
0.008250
0.008250
0.008250
0.008250
0.008250
0.008250
0.008250
0.008250
0.008250
0.008250
0.008250
0.008250
0.008250
0.008250
0.008250
0.008250
0.008250
0.008250
0.008250
0.008250
0.008250
0.008250
0.008250
0.008250
0.008250
0.008250
0.008250
0.008250
0.008250
0.008250
0.008250
0.008250
0.008250
0.008250
0.008250
0.008250
0.008250
0.008250
0.008250
0.008250
0.008250
