0.497672
0.497672
0.497672
0.497672
0.497672
0.497672
0.497672
0.497672
0.497672
0.497672
0.497672
0.497672
0.497672
0.497672
0.497672
0.497672
0.497672
0.497672
0.497672
0.497672
0.497672
0.497672
0.497672
0.496877
0.495297
0.492613
0.489030
0.484961
0.480891
0.476772
0.473146
0.469787
0.466419
0.463309
0.459945
0.456495
0.452871
0.449170
0.445570
0.441632
0.437923
0.434476
0.430878
0.427299
0.423772
0.420315
0.416599
0.413290
0.409621
0.406054
0.402515
0.399014
0.395560
0.392011
0.388657
0.385120
0.381829
0.378352
0.374787
0.371512
0.368041
0.364654
0.361313
0.357858
0.354560
0.351279
0.347960
0.344744
0.341377
0.338077
0.334899
0.331568
0.328287
0.324915
0.321875
0.318716
0.315451
0.312351
0.309360
0.306062
0.303011
0.299933
0.296808
0.293948
0.290718
0.287745
0.284696
0.281735
0.278769
0.275722
0.272789
0.269868
0.266912
0.263995
0.261146
0.258282
0.255487
0.252688
0.249906
0.246988
0.244233
0.241603
0.238909
0.236150
0.233359
0.230852
0.228379
0.225696
0.223066
0.220638
0.217952
0.215501
0.213088
0.210583
0.208380
0.205788
0.203385
0.200897
0.198721
0.196362
0.194042
0.191903
0.189570
0.187282
0.185096
0.182890
0.180851
0.178490
0.176378
0.174326
0.172221
0.170122
0.168253
0.166128
0.164226
0.162090
0.160222
0.158298
0.156356
0.154351
0.152497
0.150601
0.148951
0.146999
0.145131
0.143396
0.141686
0.139787
0.138189
0.136295
0.134721
0.132980
0.131274
0.129634
0.128059
0.126431
0.124854
0.123393
0.121857
0.120209
0.118694
0.117206
0.115707
0.114275
0.112787
0.111440
0.109954
0.108580
0.107235
0.105740
0.104421
0.103185
0.101830
0.100284
0.099058
0.097827
0.096524
0.095172
0.094076
0.092729
0.091521
0.090281
0.089226
0.088020
0.086854
0.085613
0.084569
0.083525
0.082518
0.081362
0.080136
0.079092
0.078133
0.077155
0.076184
0.075099
0.074150
0.073284
0.072264
0.071313
0.070315
0.069432
0.068573
0.067655
0.066758
0.065863
0.064881
0.064257
0.063398
0.062450
0.061798
0.060743
0.059946
0.059400
0.058396
0.057732
0.057005
0.056208
0.055482
0.054812
0.053940
0.053295
0.052605
0.052034
0.051297
0.050633
0.049909
0.049200
0.048655
0.048034
0.047338
0.046765
0.046139
0.045535
0.044974
0.044181
0.043647
0.043211
0.042683
0.042123
0.041570
0.041096
0.040343
0.039894
0.039441
0.038871
0.038384
0.037807
0.037440
0.036832
0.036271
0.035971
0.035372
0.035042
0.034549
0.034146
0.033614
0.033160
0.032790
0.032382
0.031976
0.031601
0.031110
0.030755
0.030300
0.030005
0.029652
0.029206
0.028922
0.028557
0.028148
0.027832
0.027362
0.027154
0.026719
0.026439
0.026267
0.025772
0.025440
0.025168
0.024816
0.024632
0.024263
0.023964
0.023634
0.023455
0.023171
0.022876
0.022610
0.022392
0.022163
0.021694
0.021554
0.021295
0.021001
0.020938
0.020619
0.020307
0.020063
0.019945
0.019591
0.019365
0.019188
0.019077
0.018807
0.018570
0.018278
0.018178
0.017998
0.017835
0.017623
0.017348
0.017113
0.016929
0.016867
0.016568
0.016506
0.016252
0.016015
0.015816
0.015632
0.015439
0.015439
0.015215
0.015093
0.014880
0.014703
0.014647
0.014434
0.014375
0.014203
0.013970
0.013970
0.013759
0.013637
0.013397
0.013341
0.013264
0.013151
0.013000
0.012945
0.012761
0.012645
0.012492
0.012433
0.012253
0.012205
0.012205
0.012028
0.011904
0.011904
0.011788
0.011639
0.011579
0.011489
0.011371
0.011206
0.011144
0.011084
0.011022
0.010962
0.010962
0.010885
0.010707
0.010644
0.010586
0.010538
0.010448
0.010448
0.010389
0.010208
0.010208
0.010208
0.010146
0.010086
0.010086
0.010024
0.009969
0.009969
0.009969
0.009848
0.009771
0.009743
0.009681
0.009681
0.009681
0.009621
0.009616
0.009616
0.009559
0.009559
0.009497
0.009438
0.009438
0.009438
0.009376
0.009376
0.009376
0.009376
0.009255
0.009235
0.009235
0.009229
0.009167
0.009167
0.009167
0.009107
0.009107
0.009045
0.009045
0.009045
0.009045
0.009045
0.008982
0.008982
0.008982
0.008982
0.008982
0.008920
0.008920
0.008920
0.008920
0.008920
0.008920
0.008858
0.008858
0.008858
0.008858
0.008858
0.008858
0.008858
0.008796
0.008796
0.008796
0.008796
0.008796
0.008796
0.008796
0.008733
0.008733
0.008733
0.008733
0.008733
0.008733
0.008733
0.008733
0.008671
0.008671
0.008671
0.008733
0.008733
0.008733
0.008733
0.008671
0.008671
0.008671
0.008671
0.008671
0.008671
0.008671
0.008671
0.008671
0.008671
0.008671
0.008671
0.008671
0.008671
0.008671
0.008671
0.008671
0.008671
0.008671
0.008671
0.008671
0.008671
0.008671
0.008671
0.008671
0.008671
0.008671
0.008671
0.008671
0.008671
0.008671
0.008671
0.008671
0.008671
0.008671
0.008671
0.008671
0.008671
0.008671
0.008671
0.008671
0.008671
0.008671
0.008671
0.008671
0.008671
0.008671
0.008671
0.008671
0.008671
0.008671
0.008671
0.008671
0.008671
0.008671
0.008671
0.008671
0.008671
0.008671
0.008671
0.008671
0.008671
0.008671
0.008671
0.008671
0.008671
0.008671
0.008671
0.008671
0.008671
0.008671
0.008671
0.008671
0.008671
0.008671
0.008671
0.008671
0.008671
0.008671
0.008671
0.008671
0.008671
0.008671
0.008671
0.008671
0.008671
0.008671
0.008671
0.008671
0.008671
0.008671
0.008671
0.008671
0.008671
0.008671
0.008671
0.008671
0.008671
0.008671
0.008671
0.008671
0.008671
0.008671
0.008671
0.008671
0.008671
0.008671
0.008671
0.008671
0.008671
0.008671
0.008671
0.008671
0.008671
0.008671
0.008671
0.008671
0.008671
0.008671
0.008671
0.008671
0.008671
0.008671
0.008671
0.008671
0.008671
0.008671
0.008671
0.008671
0.008671
0.008671
0.008671
0.008671
0.008671
0.008671
0.008671
0.008671
0.008671
0.008671
0.008671
0.008671
0.008671
0.008671
0.008671
0.008671
0.008671
0.008671
0.008671
0.008671
0.008671
0.008671
0.008671
0.008671
0.008671
0.008671
0.008671
0.008671
0.008671
0.008671
0.008671
0.008671
0.008671
0.008671
0.008671
0.008671
0.008671
0.008671
0.008671
0.008671
0.008671
0.008671
0.008671
0.008671
0.008671
0.008671
0.008671
0.008671
0.008671
0.008671
0.008671
0.008671
0.008671
0.008671
0.008671
0.008671
0.008671
0.008671
0.008671
0.008671
0.008671
0.008671
0.008671
0.008671
0.008671
0.008671
0.008671
0.008671
0.008671
0.008671
0.008671
0.008671
0.008671
0.008671
0.008671
0.008671
0.008671
0.008671
0.008671
0.008671
0.008671
0.008671
0.008671
0.008671
0.008671
0.008671
0.008671
0.008671
0.008671
0.008671
0.008671
0.008671
0.008671
0.008671
0.008671
0.008671
0.008671
0.008671
0.008671
0.008671
0.008671
0.008671
0.008671
0.008671
0.008671
0.008671
0.008671
0.008671
0.008671
0.008671
0.008671
0.008671
0.008671
0.008671
0.008671
0.008671
0.008671
0.008671
