0.521291
0.521291
0.521291
0.521291
0.521291
0.521291
0.521291
0.521291
0.521291
0.521291
0.521291
0.521291
0.521291
0.521291
0.521291
0.521291
0.521291
0.521291
0.521291
0.521291
0.521291
0.521291
0.521305
0.521264
0.521384
0.521420
0.521433
0.521259
0.520652
0.519581
0.518123
0.516221
0.514382
0.512715
0.511030
0.509406
0.507790
0.505897
0.503507
0.500819
0.498070
0.495090
0.492176
0.489339
0.486747
0.484361
0.481536
0.478910
0.475976
0.472562
0.469124
0.465438
0.461801
0.458128
0.454564
0.451002
0.447533
0.444122
0.440861
0.437433
0.433942
0.430566
0.427142
0.423796
0.420442
0.417095
0.413885
0.410509
0.407240
0.403967
0.400818
0.397477
0.394312
0.391099
0.387988
0.384797
0.381642
0.378607
0.375332
0.372289
0.369319
0.366122
0.363108
0.360128
0.357014
0.354001
0.351146
0.348151
0.345057
0.342253
0.339317
0.336373
0.333449
0.330588
0.327634
0.324915
0.321984
0.319345
0.316570
0.313601
0.310976
0.308215
0.305537
0.302822
0.300057
0.297298
0.294823
0.292180
0.289441
0.286848
0.284149
0.281580
0.278980
0.276478
0.273959
0.271442
0.268918
0.266532
0.263928
0.261462
0.259020
0.256584
0.254297
0.251840
0.249501
0.247006
0.244769
0.242437
0.240061
0.237809
0.235532
0.233209
0.230991
0.228711
0.226560
0.224286
0.222025
0.219913
0.217662
0.215564
0.213338
0.211248
0.209179
0.207050
0.205000
0.202938
0.200808
0.198725
0.196733
0.194676
0.192675
0.190675
0.188664
0.186778
0.184760
0.182809
0.180986
0.178978
0.177044
0.175167
0.173140
0.171390
0.169403
0.167608
0.165793
0.163945
0.162227
0.160295
0.158652
0.156902
0.155140
0.153226
0.151593
0.149816
0.148086
0.146457
0.144758
0.143024
0.141409
0.139888
0.138138
0.136525
0.135053
0.133462
0.131849
0.130372
0.128837
0.127329
0.125901
0.124380
0.122896
0.121417
0.120062
0.118550
0.117391
0.115816
0.114485
0.113130
0.111752
0.110441
0.109040
0.107833
0.106496
0.105245
0.103877
0.102743
0.101447
0.100141
0.098937
0.097794
0.096573
0.095424
0.094254
0.093006
0.091994
0.090783
0.089691
0.088616
0.087515
0.086436
0.085442
0.084276
0.083309
0.082337
0.081232
0.080238
0.079116
0.078270
0.077195
0.076321
0.075399
0.074360
0.073511
0.072521
0.071607
0.070658
0.069763
0.069008
0.068017
0.067317
0.066387
0.065424
0.064631
0.063929
0.062948
0.062183
0.061552
0.060647
0.059790
0.059014
0.058207
0.057561
0.056777
0.056016
0.055381
0.054650
0.053720
0.053122
0.052491
0.051912
0.051130
0.050418
0.049782
0.049153
0.048459
0.047949
0.047289
0.046611
0.046064
0.045456
0.044829
0.044171
0.043722
0.043152
0.042640
0.041965
0.041405
0.040995
0.040453
0.039987
0.039449
0.038984
0.038469
0.037945
0.037543
0.036978
0.036465
0.036098
0.035727
0.035179
0.034688
0.034235
0.033789
0.033529
0.033081
0.032575
0.032242
0.031938
0.031488
0.031083
0.030760
0.030381
0.029870
0.029635
0.029314
0.028901
0.028538
0.028298
0.027923
0.027579
0.027181
0.026966
0.026615
0.026443
0.026074
0.025733
0.025425
0.025156
0.024908
0.024707
0.024300
0.024025
0.023832
0.023488
0.023385
0.022959
0.022809
0.022490
0.022322
0.021998
0.021768
0.021500
0.021400
0.021195
0.020904
0.020813
0.020476
0.020239
0.020060
0.019964
0.019794
0.019492
0.019390
0.019146
0.018958
0.018811
0.018586
0.018473
0.018238
0.018154
0.017943
0.017758
0.017585
0.017486
0.017342
0.017173
0.017100
0.016836
0.016785
0.016614
0.016405
0.016329
0.016182
0.016052
0.015947
0.015731
0.015658
0.015529
0.015456
0.015286
0.015202
0.015017
0.014932
0.014803
0.014706
0.014590
0.014456
0.014369
0.014278
0.014155
0.014055
0.013923
0.013868
0.013801
0.013671
0.013559
0.013489
0.013362
0.013340
0.013213
0.013143
0.013070
0.012957
0.012901
0.012799
0.012673
0.012618
0.012586
0.012477
0.012339
0.012269
0.012216
0.012128
0.012128
0.012050
0.011932
0.011910
0.011877
0.011728
0.011673
0.011633
0.011562
0.011526
0.011504
0.011432
0.011401
0.011252
0.011190
0.011190
0.011106
0.011049
0.011015
0.010983
0.010944
0.010844
0.010747
0.010723
0.010689
0.010689
0.010636
0.010566
0.010488
0.010444
0.010410
0.010371
0.010335
0.010301
0.010277
0.010206
0.010151
0.010116
0.010116
0.010116
0.010082
0.010060
0.010043
0.009935
0.009935
0.009935
0.009935
0.009879
0.009879
0.009844
0.009844
0.009810
0.009810
0.009789
0.009771
0.009737
0.009701
0.009701
0.009701
0.009701
0.009646
0.009646
0.009646
0.009646
0.009577
0.009577
0.009577
0.009577
0.009555
0.009555
0.009503
0.009503
0.009503
0.009467
0.009467
0.009470
0.009448
0.009448
0.009448
0.009448
0.009412
0.009378
0.009378
0.009378
0.009378
0.009378
0.009357
0.009323
0.009323
0.009323
0.009323
0.009323
0.009323
0.009323
0.009290
0.009290
0.009290
0.009268
0.009268
0.009268
0.009268
0.009268
0.009234
0.009234
0.009234
0.009234
0.009234
0.009234
0.009234
0.009213
0.009179
0.009179
0.009179
0.009179
0.009179
0.009179
0.009179
0.009179
0.009179
0.009179
0.009179
0.009179
0.009179
0.009179
0.009179
0.009179
0.009179
0.009179
0.009179
0.009179
0.009179
0.009179
0.009179
0.009179
0.009179
0.009179
0.009179
0.009179
0.009179
0.009179
0.009179
0.009179
0.009179
0.009179
0.009179
0.009179
0.009179
0.009179
0.009179
0.009179
0.009179
0.009179
0.009179
0.009179
0.009179
0.009179
0.009179
0.009179
0.009179
0.009179
0.009179
0.009179
0.009179
0.009179
0.009179
0.009179
0.009179
0.009179
0.009179
0.009179
0.009179
0.009179
0.009179
0.009179
0.009179
0.009179
0.009179
0.009179
0.009179
0.009179
0.009179
0.009179
0.009179
0.009179
0.009179
0.009179
0.009179
0.009179
0.009179
0.009179
0.009179
0.009179
0.009179
0.009179
0.009179
0.009179
0.009179
0.009179
0.009179
0.009179
0.009179
0.009179
0.009179
0.009179
0.009179
0.009179
0.009179
0.009179
0.009179
0.009179
0.009179
0.009179
0.009179
0.009179
0.009179
0.009179
0.009179
0.009179
0.009179
0.009179
0.009179
0.009179
0.009179
0.009179
0.009179
0.009179
0.009179
0.009179
0.009179
0.009179
0.009179
0.009179
0.009179
0.009179
0.009179
0.009179
0.009179
0.009179
0.009179
0.009179
0.009179
0.009179
0.009179
0.009179
0.009179
0.009179
0.009179
0.009179
0.009179
0.009179
0.009179
0.009179
0.009179
0.009179
0.009179
0.009179
0.009179
0.009179
0.009179
0.009179
0.009179
0.009179
0.009179
0.009179
0.009179
0.009179
0.009179
0.009179
0.009179
0.009179
0.009179
0.009179
0.009179
0.009179
0.009179
0.009179
0.009179
0.009179
0.009179
0.009179
0.009179
0.009179
0.009179
0.009179
0.009179
0.009179
0.009179
0.009179
0.009179
0.009179
0.009179
0.009179
0.009179
0.009179
0.009179
0.009179
0.009179
