0.423614
0.423614
0.423614
0.423614
0.423614
0.423614
0.423614
0.423614
0.423614
0.423570
0.423526
0.423484
0.423357
0.423228
0.423100
0.422949
0.422886
0.422778
0.422740
0.422613
0.422560
0.422398
0.422094
0.421856
0.421596
0.421349
0.421155
0.421031
0.420841
0.420542
0.420293
0.420021
0.419629
0.419273
0.418958
0.418697
0.418448
0.418229
0.417906
0.417721
0.417438
0.416985
0.416636
0.416244
0.415911
0.415647
0.415384
0.415229
0.414849
0.414554
0.414027
0.413592
0.413192
0.412823
0.412609
0.412133
0.411916
0.411339
0.410981
0.410592
0.409943
0.409565
0.409044
0.408781
0.408287
0.407879
0.407384
0.406877
0.406302
0.405931
0.405379
0.404859
0.404405
0.403858
0.403457
0.402876
0.402384
0.401712
0.400972
0.400472
0.399886
0.399369
0.398791
0.398300
0.397722
0.397052
0.396280
0.395631
0.394953
0.394268
0.393614
0.392968
0.392329
0.391589
0.390869
0.390063
0.389250
0.388380
0.387560
0.386810
0.385991
0.385234
0.384422
0.383838
0.382993
0.382325
0.381603
0.381051
0.380373
0.379653
0.379024
0.378279
0.377492
0.376717
0.375922
0.375083
0.374197
0.373661
0.372854
0.372110
0.371264
0.370422
0.369409
0.368472
0.367565
0.366527
0.365557
0.364661
0.363706
0.362641
0.361771
0.360666
0.359551
0.358495
0.357449
0.356241
0.355211
0.354083
0.353071
0.352166
0.351064
0.350037
0.349146
0.348052
0.347075
0.346101
0.345222
0.344147
0.343310
0.342245
0.341370
0.340526
0.339505
0.338675
0.337746
0.336871
0.336026
0.335196
0.334390
0.333480
0.332684
0.331875
0.331096
0.330222
0.329419
0.328624
0.327932
0.326996
0.326256
0.325516
0.324760
0.324053
0.323232
0.322590
0.321868
0.321147
0.320386
0.319721
0.318984
0.318280
0.317624
0.316965
0.316298
0.315625
0.314980
0.314345
0.313645
0.312869
0.312448
0.311761
0.311092
0.310526
0.309898
0.309384
0.308747
0.308151
0.307441
0.306998
0.306364
0.305653
0.305285
0.304717
0.304063
0.303512
0.302952
0.302519
0.301937
0.301396
0.300853
0.300360
0.299854
0.299215
0.298784
0.298302
0.297791
0.297263
0.296804
0.296297
0.295752
0.295383
0.294823
0.294358
0.293895
0.293508
0.292956
0.292501
0.292051
0.291601
0.291165
0.290763
0.290330
0.289771
0.289457
0.289000
0.288579
0.288249
0.287869
0.287374
0.286993
0.286606
0.286225
0.285984
0.285540
0.285214
0.284693
0.284475
0.284177
0.283737
0.283455
0.283087
0.282722
0.282470
0.282033
0.281845
0.281470
0.281199
0.280907
0.280539
0.280229
0.280020
0.279765
0.279479
0.279165
0.278876
0.278629
0.278480
0.278171
0.277944
0.277606
0.277423
0.277246
0.276939
0.276689
0.276458
0.276265
0.276024
0.275829
0.275575
0.275393
0.275227
0.275012
0.274837
0.274619
0.274328
0.274230
0.274086
0.273914
0.273639
0.273501
0.273365
0.273121
0.273063
0.272844
0.272625
0.272478
0.272367
0.272265
0.272022
0.271879
0.271707
0.271609
0.271513
0.271302
0.271220
0.271048
0.270909
0.270848
0.270672
0.270510
0.270439
0.270301
0.270203
0.270113
0.269992
0.269859
0.269727
0.269637
0.269594
0.269483
0.269288
0.269256
0.269157
0.269096
0.268993
0.268891
0.268770
0.268700
0.268606
0.268507
0.268469
0.239761
0.239693
0.239611
0.239538
0.239469
0.239393
0.239289
0.239228
0.239159
0.239067
0.239029
0.238964
0.238927
0.238809
0.238771
0.238710
0.238683
0.238581
0.238543
0.238482
0.238457
0.238396
0.238290
0.238229
0.238216
0.238179
0.238118
0.238091
0.238006
0.237966
0.237943
0.237893
0.237856
0.237807
0.237769
0.237709
0.237686
0.237648
0.237625
0.237564
0.237564
0.237496
0.237437
0.237437
0.237376
0.237376
0.237316
0.237293
0.237255
0.237255
0.237195
0.237195
0.237158
0.237126
0.237077
0.237077
0.237040
0.237017
0.236980
0.236980
0.236980
0.236920
0.236920
0.236883
0.236860
0.236822
0.236822
0.236822
0.236763
0.236763
0.167773
0.167773
0.167773
0.167713
0.167713
0.167717
0.167696
0.167699
0.167683
0.167626
0.167585
0.167487
0.167374
0.167274
0.167191
0.167049
0.166932
0.166845
0.166671
0.166688
0.166741
0.166773
0.166853
0.166915
0.166921
0.166674
0.166294
0.165699
0.165016
0.164396
0.163785
0.163178
0.162725
0.162219
0.161852
0.161363
0.160813
0.160349
0.159919
0.159365
0.158734
0.158308
0.157805
0.157315
0.156972
0.156536
0.156127
0.155699
0.155183
0.154859
0.154402
0.154001
0.153674
0.153285
0.152976
0.152592
0.152269
0.151950
0.151567
0.151160
0.150779
0.150381
0.149926
0.149486
0.148937
0.148542
0.148142
0.147636
0.146839
0.146114
0.145143
0.144262
0.143355
0.142321
0.141436
0.140700
0.139803
0.139004
0.138130
0.137198
0.136325
0.135513
0.134662
0.133731
0.132876
0.131936
0.131059
0.130227
0.129423
0.128536
0.127662
0.126790
0.125944
0.125082
0.124298
0.123414
0.122614
0.121771
0.120933
0.120083
0.119242
0.118386
0.117642
0.116846
0.116015
0.115172
0.114303
0.113548
0.112775
0.111952
0.111153
0.110309
0.109502
0.108765
0.107950
0.107142
0.106405
0.105598
0.104846
0.104032
0.103266
0.102466
0.101669
0.100954
0.100167
0.099323
0.098575
0.097847
0.097055
0.096265
0.095500
0.094778
0.093989
0.093174
0.092460
0.091731
0.090921
0.090131
0.089388
0.088604
0.087907
0.087162
0.086374
0.085560
0.084888
0.084116
0.083351
0.082592
0.081848
0.081134
0.080399
0.079595
0.078829
0.078128
0.077413
0.076674
0.075892
0.075144
0.074421
0.073729
0.072993
0.072204
0.071418
0.070717
0.070047
0.069331
0.068570
0.067789
0.067040
0.066348
0.065676
0.064955
0.064200
0.063506
0.062826
0.062156
0.061500
0.060812
0.060117
0.059446
0.058847
0.058228
0.057581
0.056960
0.056268
0.055686
0.055079
0.054474
0.053928
0.053317
0.052778
0.052138
0.051619
0.051058
0.050503
0.049958
0.049439
0.048923
0.048446
0.047969
0.047433
0.046943
0.046469
0.045980
0.045486
0.045034
0.044556
0.044090
0.043683
0.043239
0.042744
0.042365
0.041895
0.041517
0.041092
0.040689
0.040258
0.039898
0.039452
0.039047
0.038719
0.038317
0.037955
0.037598
0.037216
0.036836
0.036521
0.036139
0.035803
0.035491
0.035151
0.034795
0.034477
0.034170
0.033855
0.033537
0.033203
0.032896
0.032622
0.032330
0.032050
0.031758
0.031412
0.031171
0.030900
0.030606
0.030365
0.030074
0.029778
0.029558
0.029288
0.029022
0.028776
0.028572
0.028287
0.028083
0.027838
0.027571
0.027323
0.027126
0.026911
0.026651
0.026446
0.026230
0.026021
0.025824
0.025600
0.025426
0.025216
0.024998
0.024797
0.024622
0.024421
0.024219
0.024015
0.023840
0.023686
0.023508
0.023311
0.023150
0.022997
0.022859
0.022684
0.022531
0.022367
0.022195
0.022042
0.021861
0.021708
0.021570
0.021412
0.021259
0.021099
0.020947
0.020837
0.020677
0.020564
0.020434
0.020315
0.020163
0.020031
0.019871
0.019785
0.019650
0.019534
0.019403
0.019316
0.019186
0.019091
0.018939
0.018826
0.018732
0.018601
0.018536
0.018427
0.018290
0.018204
0.018116
0.018008
0.017889
0.017801
0.017692
0.017627
0.017490
0.017426
0.017339
0.017209
0.017137
0.017024
0.016981
0.016873
0.016830
0.016715
0.016672
0.016564
0.016499
0.016413
0.016341
0.016255
0.016186
0.016100
0.016057
0.015922
0.015900
0.015771
0.015749
0.015662
0.015599
0.015549
0.015464
0.015421
0.015336
0.015267
0.015201
0.015132
0.015089
0.015023
0.014983
0.014939
0.014856
0.014834
0.014718
0.014678
0.014636
0.014569
0.014530
0.014487
0.014417
0.014350
0.014328
0.014284
0.014202
0.014180
0.014136
0.014072
0.014033
0.013961
0.013939
0.013880
0.013859
0.013814
0.013793
0.013712
0.013712
0.013668
0.013624
0.013555
0.013511
0.013490
0.013432
0.013432
0.013366
0.013324
0.013303
0.013288
0.013266
0.013194
0.013173
0.013137
0.013137
0.013050
0.013029
0.013008
0.012994
0.012974
0.012929
0.012887
0.012866
0.012825
0.012825
0.012781
0.012760
0.012693
0.012680
0.012680
0.012635
0.012615
0.012574
0.012552
0.012540
0.012540
0.012496
0.012448
0.012428
0.012428
0.012395
0.012395
0.012351
0.012310
0.012291
0.012291
0.012291
0.012280
0.012238
0.012193
0.012174
0.012155
0.012155
0.012155
0.012155
0.012128
0.012128
0.012128
0.012128
0.012128
0.012128
0.012128
0.012107
0.012107
0.012107
0.012107
0.012107
0.012107
0.012107
0.012087
0.012087
0.012087
0.012087
0.012087
0.012087
0.012087
0.012087
0.012087
0.012087
0.012087
0.012087
0.012087
0.012087
0.012087
0.012087
0.012087
0.012087
0.012087
0.012087
0.012087
0.012087
0.012087
0.012087
0.012087
0.012087
0.012087
0.012087
0.012087
0.012087
0.012087
0.012087
0.012087
0.012087
0.012087
0.012087
0.012087
0.012087
0.012087
0.012087
0.012087
0.012087
0.012087
0.012087
0.012087
0.012087
0.012087
0.012087
0.012087
0.012087
0.012087
0.012087
0.012087
0.012087
0.012087
0.012087
0.012087
0.012087
0.012087
0.012087
0.012087
0.012087
0.012087
0.012087
0.012087
0.012087
0.012087
0.012087
0.012087
0.012087
0.012087
0.012087
0.012087
0.012087
0.012087
0.012087
0.012087
0.012087
0.012087
0.012087
0.012087
0.012087
0.012087
0.012087
0.012087
0.012087
0.012087
0.012087
0.012087
0.012087
0.012087
0.012087
0.012087
0.012087
0.012087
0.012087
0.012087
0.012087
0.012087
0.012087
0.012087
0.012087
0.012087
0.012087
0.012087
0.012087
0.012087
0.012087
0.012087
0.012087
0.012087
0.012087
0.012087
0.012087
0.012087
0.012087
0.012087
0.012087
0.012087
0.012087
0.012087
0.012087
0.012087
0.012087
0.012087
0.012087
0.012087
0.012087
0.012087
0.012087
0.012087
0.012087
0.012087
0.012087
0.012087
0.012087
0.012087
0.012087
0.012087
0.012087
0.012087
0.012087
0.012087
0.012087
0.012087
0.012087
