0.724840
0.724840
0.724840
0.724840
0.724840
0.724840
0.724840
0.724639
0.723698
0.721408
0.718038
0.713658
0.709158
0.704741
0.700500
0.696887
0.693181
0.689811
0.686316
0.682791
0.678961
0.674896
0.670837
0.666943
0.663040
0.658871
0.655023
0.651239
0.647268
0.643620
0.639630
0.635786
0.631753
0.627766
0.623907
0.619928
0.616313
0.612357
0.608348
0.604471
0.600695
0.596808
0.593194
0.589036
0.585252
0.581518
0.577593
0.573726
0.570017
0.566162
0.562355
0.558476
0.554741
0.551124
0.547181
0.543380
0.539531
0.535910
0.531928
0.528468
0.524572
0.520818
0.517120
0.513137
0.509558
0.505872
0.502062
0.498371
0.494542
0.490609
0.487211
0.483352
0.479897
0.475893
0.472230
0.468611
0.465034
0.461408
0.457531
0.453686
0.450195
0.446393
0.442884
0.439244
0.435375
0.431742
0.428020
0.424487
0.420945
0.417164
0.413391
0.409930
0.406222
0.402698
0.399040
0.395393
0.391806
0.388288
0.384750
0.381170
0.377657
0.373971
0.370613
0.367240
0.363751
0.360107
0.356751
0.353494
0.350013
0.346544
0.343061
0.339610
0.336344
0.332895
0.329651
0.326272
0.322996
0.319590
0.316341
0.313132
0.309887
0.306511
0.303327
0.300076
0.297081
0.293947
0.290630
0.287523
0.284333
0.281251
0.278184
0.274976
0.272071
0.268852
0.265827
0.262814
0.259904
0.256873
0.253933
0.250983
0.248012
0.245192
0.242566
0.239701
0.236779
0.233995
0.231302
0.228638
0.225832
0.223209
0.220561
0.218060
0.215449
0.212762
0.210501
0.207783
0.205254
0.202828
0.200503
0.198266
0.195618
0.193560
0.191025
0.188868
0.186510
0.184154
0.182068
0.179850
0.177547
0.175526
0.173198
0.171235
0.169116
0.167100
0.164958
0.163072
0.161063
0.159036
0.156871
0.155019
0.153156
0.151233
0.149466
0.147309
0.145558
0.143473
0.141923
0.140088
0.138177
0.136478
0.134636
0.132947
0.131331
0.129495
0.127857
0.126292
0.124536
0.122867
0.121331
0.119818
0.118268
0.116787
0.115186
0.113474
0.112149
0.110505
0.109136
0.107887
0.106466
0.104951
0.103667
0.102343
0.100795
0.099446
0.098317
0.097105
0.095745
0.094535
0.093183
0.092113
0.090961
0.089516
0.088398
0.087320
0.086148
0.084973
0.083910
0.082860
0.081666
0.080698
0.079443
0.078576
0.077449
0.076411
0.075505
0.074604
0.073561
0.072503
0.071597
0.070811
0.069729
0.068702
0.068055
0.067094
0.066353
0.065292
0.064486
0.063629
0.062888
0.062023
0.060976
0.060314
0.059496
0.058925
0.057946
0.057282
0.056376
0.055844
0.055273
0.054434
0.053527
0.052917
0.052308
0.051536
0.050949
0.050193
0.049438
0.049066
0.048169
0.047615
0.047054
0.046256
0.045868
0.045123
0.044495
0.044003
0.043409
0.042984
0.042224
0.041647
0.041245
0.040523
0.040176
0.039661
0.039011
0.038568
0.038177
0.037502
0.036993
0.036712
0.035986
0.035577
0.035384
0.034769
0.034285
0.033936
0.033292
0.033030
0.032514
0.032239
0.031518
0.031366
0.030849
0.030442
0.030036
0.029720
0.029429
0.028954
0.028545
0.028185
0.027983
0.027532
0.027067
0.026771
0.026568
0.026232
0.025887
0.025365
0.025114
0.025018
0.024480
0.024167
0.024044
0.023539
0.023444
0.023195
0.022766
0.022503
0.022184
0.021804
0.021547
0.021441
0.021235
0.020891
0.020541
0.020285
0.020132
0.019833
0.019570
0.019482
0.019129
0.018808
0.018656
0.018415
0.018085
0.017932
0.017730
0.017474
0.017322
0.017202
0.016813
0.016641
0.016448
0.016343
0.016047
0.015903
0.015709
0.015447
0.015297
0.015144
0.015048
0.014846
0.014703
0.014408
0.014408
0.014112
0.014014
0.013802
0.013706
0.013706
0.013504
0.013166
0.013166
0.013014
0.013014
0.012908
0.012756
0.012500
0.012443
0.012257
0.012152
0.012096
0.011965
0.011965
0.011718
0.011516
0.011516
0.011459
0.011363
0.011363
0.011267
0.011009
0.010914
0.010857
0.010857
0.010761
0.010708
0.010603
0.010505
0.010352
0.010257
0.010257
0.010223
0.010127
0.010021
0.010021
0.009869
0.009772
0.009772
0.009772
0.009772
0.009772
0.009572
0.009515
0.009515
0.009515
0.009515
0.009419
0.009419
0.009419
0.009419
0.009419
0.009267
0.009267
0.009267
0.009267
0.009267
0.009171
0.009171
0.009171
0.009171
0.009116
0.009116
0.009019
0.009019
0.009019
0.009019
0.009019
0.009019
0.008924
0.008924
0.008924
0.008867
0.008867
0.008867
0.008867
0.008771
0.008771
0.008771
0.008771
0.008771
0.008771
0.008771
0.008771
0.008677
0.008619
0.008619
0.008619
0.008619
0.008619
0.008619
0.008619
0.008523
0.008523
0.008523
0.008523
0.008523
0.008523
0.008523
0.008523
0.008523
0.008523
0.008523
0.008523
0.008523
0.008523
0.008523
0.008523
0.008523
0.008523
0.008523
0.008523
0.008523
0.008523
0.008523
0.008523
0.008523
0.008523
0.008523
0.008523
0.008523
0.008523
0.008523
0.008523
0.008523
0.008523
0.008523
0.008523
0.008523
0.008523
0.008523
0.008523
0.008523
0.008523
0.008523
0.008523
0.008523
0.008523
0.008523
0.008523
0.008523
0.008523
0.008523
0.008523
0.008523
0.008523
0.008523
0.008523
0.008523
0.008523
0.008523
0.008523
0.008523
0.008523
0.008523
0.008523
0.008523
0.008523
0.008523
0.008523
0.008523
0.008523
0.008523
0.008523
0.008523
0.008523
0.008523
0.008523
0.008523
0.008523
0.008523
0.008523
0.008523
0.008523
0.008523
0.008523
0.008523
0.008523
0.008523
0.008523
0.008523
0.008523
0.008523
0.008523
0.008523
0.008523
0.008523
0.008523
0.008523
0.008523
0.008523
0.008523
0.008523
0.008523
0.008523
0.008523
0.008523
0.008523
0.008523
0.008523
0.008523
0.008523
0.008523
0.008523
0.008523
0.008523
0.008523
0.008523
0.008523
0.008523
0.008523
0.008523
0.008523
0.008523
0.008523
0.008523
0.008523
0.008523
0.008523
0.008523
0.008523
0.008523
0.008523
0.008523
0.008523
0.008523
0.008523
0.008523
0.008523
0.008523
0.008523
0.008523
0.008523
0.008523
0.008523
0.008523
0.008523
0.008523
0.008523
0.008523
0.008523
0.008523
0.008523
0.008523
0.008523
0.008523
0.008523
0.008523
0.008523
0.008523
0.008523
0.008523
0.008523
0.008523
0.008523
0.008523
0.008523
0.008523
0.008523
0.008523
0.008523
0.008523
0.008523
0.008523
0.008523
0.008523
0.008523
0.008523
0.008523
0.008523
0.008523
0.008523
0.008523
0.008523
0.008523
0.008523
0.008523
0.008523
0.008523
0.008523
0.008523
0.008523
0.008523
0.008523
0.008523
0.008523
0.008523
0.008523
0.008523
0.008523
0.008523
0.008523
0.008523
0.008523
0.008523
0.008523
0.008523
0.008523
0.008523
0.008523
0.008523
0.008523
0.008523
0.008523
0.008523
0.008523
0.008523
0.008523
0.008523
0.008523
0.008523
0.008523
0.008523
0.008523
0.008523
0.008523
0.008523
0.008523
0.008523
0.008523
0.008523
0.008523
0.008523
0.008523
0.008523
0.008523
0.008523
0.008523
0.008523
0.008523
