1.480488
1.388269
1.207048
1.041280
0.931548
0.877301
0.858715
0.855593
0.853758
0.851877
0.849811
0.847274
0.844464
0.841596
0.838651
0.835767
0.832543
0.830022
0.826991
0.823721
0.820727
0.817209
0.813829
0.810404
0.806865
0.803283
0.799431
0.795766
0.791863
0.788004
0.783971
0.780000
0.776034
0.771963
0.767991
0.763913
0.759789
0.755556
0.751482
0.747419
0.743412
0.739270
0.735048
0.731088
0.727126
0.723007
0.718939
0.714929
0.710862
0.706715
0.702720
0.698548
0.694801
0.690586
0.686504
0.682810
0.678709
0.674762
0.670661
0.666673
0.662668
0.658633
0.654660
0.650790
0.646827
0.642674
0.638909
0.634901
0.631094
0.627129
0.623410
0.619442
0.616207
0.613030
0.610213
0.607593
0.604747
0.602041
0.599295
0.596183
0.592748
0.588794
0.585127
0.580994
0.578329
0.574861
0.571220
0.567685
0.564100
0.560607
0.557038
0.553215
0.549326
0.545937
0.542045
0.538183
0.534349
0.530590
0.526798
0.523015
0.519280
0.515401
0.511446
0.507705
0.504040
0.500267
0.496471
0.492542
0.488759
0.485076
0.481302
0.477432
0.473994
0.470113
0.466468
0.462773
0.458923
0.455229
0.451573
0.447832
0.444152
0.440673
0.436963
0.433236
0.429472
0.425929
0.422516
0.418846
0.415452
0.411709
0.408318
0.404787
0.401272
0.397731
0.394427
0.390797
0.387661
0.384218
0.380763
0.377589
0.374066
0.370949
0.367415
0.364254
0.361024
0.357707
0.354574
0.351317
0.348165
0.344891
0.341852
0.338844
0.335722
0.332511
0.329486
0.326403
0.323577
0.320361
0.317264
0.314347
0.311244
0.308525
0.305437
0.302549
0.299688
0.297111
0.294216
0.291410
0.288506
0.285861
0.283135
0.280425
0.277765
0.275043
0.272426
0.269839
0.267174
0.264728
0.262275
0.259693
0.257070
0.254576
0.252259
0.249736
0.247320
0.244838
0.242423
0.239934
0.237582
0.235219
0.232749
0.230406
0.227976
0.225523
0.223515
0.221276
0.218859
0.216796
0.214508
0.212086
0.210009
0.207814
0.205562
0.203459
0.201326
0.199197
0.197019
0.194896
0.192785
0.190595
0.188487
0.186476
0.184371
0.182286
0.180380
0.178095
0.176158
0.174316
0.172212
0.170265
0.168200
0.166063
0.164133
0.162227
0.160169
0.158328
0.156246
0.154461
0.152505
0.150457
0.148568
0.146612
0.144566
0.142678
0.140894
0.139070
0.137322
0.135335
0.133551
0.131498
0.129798
0.127985
0.126202
0.124254
0.122454
0.120743
0.118860
0.117305
0.115401
0.113686
0.112082
0.110378
0.108612
0.107022
0.105608
0.104039
0.102404
0.100643
0.099123
0.097519
0.096137
0.094505
0.093072
0.091558
0.090028
0.088494
0.087213
0.085705
0.084324
0.082958
0.081488
0.080185
0.078980
0.077507
0.076425
0.075169
0.073941
0.072651
0.071571
0.070369
0.069107
0.068127
0.066901
0.065934
0.064890
0.063772
0.062747
0.061887
0.060713
0.059806
0.059033
0.057965
0.057037
0.056150
0.055434
0.054365
0.053509
0.052748
0.051862
0.051032
0.050286
0.049646
0.048857
0.047933
0.047218
0.046527
0.045729
0.044886
0.044343
0.043695
0.043088
0.042372
0.041722
0.041153
0.040610
0.040067
0.039252
0.038603
0.038184
0.037644
0.037076
0.036591
0.036086
0.035562
0.034928
0.034560
0.034141
0.033622
0.033202
0.032676
0.032153
0.031736
0.031384
0.031074
0.030569
0.030088
0.029671
0.029443
0.029114
0.028675
0.028348
0.027931
0.027502
0.027150
0.026799
0.026524
0.026173
0.025865
0.025637
0.025221
0.025040
0.024663
0.024313
0.024005
0.023882
0.023533
0.023241
0.023118
0.022827
0.022585
0.022398
0.022049
0.021926
0.021636
0.021411
0.021288
0.020983
0.020860
0.020572
0.020449
0.020225
0.020040
0.019815
0.019815
0.019576
0.019390
0.019167
0.019045
0.018759
0.018637
0.018537
0.018415
0.018131
0.018010
0.017995
0.017712
0.017591
0.017492
0.017371
0.017190
0.017091
0.016970
0.016849
0.016752
0.016572
0.016340
0.016340
0.016220
0.016125
0.015946
0.015946
0.015826
0.015732
0.015613
0.015437
0.015344
0.015344
0.015225
0.015194
0.014972
0.014916
0.014798
0.014709
0.014591
0.014591
0.014474
0.014422
0.014335
0.014218
0.014218
0.014102
0.014020
0.014020
0.013855
0.013855
0.013855
0.013661
0.013661
0.013661
0.013534
0.013534
0.013414
0.013301
0.013301
0.013301
0.013301
0.013189
0.013121
0.013121
0.013010
0.012972
0.012972
0.012972
0.012800
0.012800
0.012800
0.012800
0.012692
0.012692
0.012692
0.012692
0.012692
0.012587
0.012587
0.012587
0.012535
0.012632
0.012570
0.012509
0.012432
0.012352
0.012695
0.012994
0.013156
0.013331
0.013352
0.013815
0.014161
0.014582
0.014944
0.015351
0.015888
0.016239
0.016715
0.017154
0.017447
0.017361
0.017281
0.017126
0.017287
0.017595
0.017717
0.017687
0.017410
0.017379
0.017502
0.017483
0.017687
0.017712
0.017916
0.017966
0.018407
0.018394
0.018580
0.018500
0.018300
0.018555
0.018684
0.018585
0.019033
0.019012
0.019024
0.019268
0.019186
0.018660
0.017727
0.017449
0.017640
0.017981
0.018945
0.020444
0.021332
0.021397
0.020658
0.019588
0.018994
0.018611
0.018920
0.019106
0.019746
0.019882
0.020496
0.020532
0.020913
0.020511
0.020843
0.020792
0.020522
0.020580
0.020830
0.020917
0.021434
0.021293
0.021189
0.021524
0.020235
0.019191
0.018096
0.017748
0.018394
0.020103
0.022166
0.023751
0.023802
0.022608
0.021548
0.020761
0.020162
0.020097
0.020913
0.021298
0.022296
0.022929
0.023049
0.022901
0.023120
0.022932
0.022887
0.023175
0.023205
0.023251
0.023779
0.023609
0.024376
0.024376
0.022887
0.021595
0.020601
0.020855
0.020674
0.023204
0.024821
0.026541
0.026504
0.025158
0.023976
0.023212
0.022816
0.023020
0.023369
0.024455
0.024847
0.025722
0.025605
0.025924
0.025514
0.025299
0.025834
0.025545
0.025456
0.026082
0.026141
0.025992
0.026447
0.026340
0.025621
0.023644
0.022460
0.022839
0.023306
0.025099
0.027479
0.028631
0.028636
0.027163
0.025837
0.024961
0.024477
0.024808
0.024943
0.026064
0.026460
0.026997
0.027541
0.027400
0.027116
0.027233
0.027110
0.026835
0.027539
0.027283
0.027081
0.027725
0.027519
0.028077
0.026446
0.025215
0.023989
0.023689
0.024256
0.025956
0.028265
0.029416
0.029549
0.028747
0.027279
0.026299
0.025885
0.025344
0.025705
0.026839
0.027704
0.027814
0.028179
0.028034
0.027720
0.027989
0.027521
0.027349
0.027939
0.027811
0.028395
0.028211
0.028123
0.028604
0.027039
0.025563
0.024603
0.023926
0.024655
0.026465
0.028794
0.030323
0.029765
0.029182
0.027824
0.026808
0.026170
0.025880
0.026794
0.027150
0.028005
0.028020
0.028734
0.028351
0.028608
0.028227
0.028010
0.028256
0.028186
0.028133
0.028692
0.028396
0.029116
0.028995
0.028546
0.027667
0.025646
0.024441
0.024809
0.025282
0.027219
0.029567
0.030615
0.030464
0.029193
0.027952
0.026689
0.026715
0.026664
0.026792
0.027826
0.028022
0.028830
0.029188
0.029043
0.028723
0.029008
0.028504
0.028465
0.028960
0.028816
0.028662
0.029402
0.029136
0.029606
0.029329
0.027877
0.026314
0.025104
0.024467
0.024853
0.026842
0.029194
0.030952
0.031078
0.029706
0.027966
0.027051
0.026607
0.026195
0.027037
0.027516
0.028618
0.029072
0.028891
0.029361
0.029039
0.028487
0.028124
0.028779
0.028342
0.029107
0.028979
0.028909
0.029290
0.029010
0.029549
0.027960
0.026590
0.025340
0.024915
0.025324
0.027493
0.029759
0.030818
0.030775
0.030183
0.028580
0.027535
0.026865
0.026675
0.026835
0.028007
0.028883
0.028758
0.029386
0.029115
0.028686
0.028939
0.028691
0.028533
0.028737
0.028806
0.029494
0.029076
0.028969
0.029600
0.027888
0.026396
0.025456
0.024764
0.025404
0.027141
0.029564
0.031311
0.030740
0.030024
0.028589
0.027327
0.026655
0.026584
0.027409
0.027679
0.028666
0.028670
0.029283
0.028911
0.029286
0.028851
0.028603
0.028832
0.028748
0.028588
0.029257
0.028964
0.029591
0.029470
0.029206
0.028297
0.026123
0.024898
0.025178
0.025693
0.027715
0.029934
0.031005
0.031022
0.029667
0.028854
0.027012
0.027132
0.026959
0.027092
0.028055
0.028471
0.029056
0.029669
0.029298
0.029092
0.029118
0.028971
0.028708
0.029323
0.029045
0.029011
0.029665
0.029345
0.029926
0.029599
0.028051
0.026503
0.025384
0.024808
0.025452
0.027344
0.029745
0.031531
0.031538
0.030238
0.028730
0.027459
0.026888
0.026714
0.027786
0.027931
0.028928
0.029632
0.029669
0.029754
0.029551
0.029048
0.028781
0.029100
0.029006
0.029662
0.029407
0.029227
0.029795
0.029549
0.029879
0.029843
0.028221
0.026651
0.025527
0.024955
0.025719
0.027380
0.029972
0.031881
0.031568
0.030151
0.028714
0.027641
0.026856
0.026690
0.027645
0.027783
0.028925
0.029621
0.029537
0.029737
0.029533
0.029083
0.028721
0.029146
0.028936
0.029499
0.029585
0.029395
0.029834
0.029563
0.029283
0.028487
0.026189
0.025104
0.025237
0.025854
0.027782
0.030300
0.031382
0.031059
0.030460
0.029180
0.027880
0.027316
0.027145
0.027218
0.028242
0.029135
0.029270
0.029769
0.029383
0.029057
0.029333
0.029061
0.028791
0.029292
0.029135
0.029702
0.029636
0.029441
0.029916
0.029754
0.028129
0.026657
0.025508
0.025571
0.025502
0.028027
0.029835
0.031530
0.031299
0.029992
0.028709
0.027529
0.026951
0.027373
0.027635
0.028472
0.028786
0.029503
0.029414
0.029732
0.029411
0.028859
0.029175
0.029026
0.028832
0.029371
0.029338
0.029812
0.029573
0.029447
0.028536
0.026425
0.024999
0.025439
0.025850
0.027879
0.030302
0.031388
0.031294
0.029873
0.028470
0.027412
0.027324
0.027136
0.027393
0.028180
0.028601
0.029430
0.029944
0.029392
0.029184
0.029448
0.029088
0.028794
0.029542
0.029144
0.029119
0.029765
0.029556
0.029924
0.028415
0.027129
0.025650
0.025320
0.025613
0.027800
0.029898
0.031049
0.031070
0.030470
0.028935
0.027769
0.027198
0.026868
0.027253
0.028118
0.029250
0.029128
0.029874
0.029376
0.029050
0.029314
0.028946
0.028782
0.029287
0.029236
0.029698
0.029632
0.029422
0.028547
0.026390
0.025071
0.025324
0.025812
0.027718
0.030275
0.031246
0.031040
0.029866
0.029184
0.027857
0.027304
0.027133
0.027375
0.028337
0.029359
0.029249
0.029996
0.029603
0.029280
0.029436
0.029184
0.028890
0.029518
0.029362
0.029329
0.029863
0.029600
0.030204
0.029809
0.029646
0.028692
0.026546
0.025413
0.025472
0.026178
0.028217
0.030546
0.031528
0.031528
0.030313
0.029631
0.027424
0.027583
0.027516
0.027424
0.028634
0.028966
0.029783
0.030053
0.029903
0.029583
0.029849
0.029298
0.029147
0.029894
0.029604
0.029347
0.030119
0.029909
0.030278
0.030119
0.029955
0.028877
0.026672
0.025595
0.025644
0.026197
0.028229
0.030691
0.031667
0.031674
0.030333
0.028704
0.027505
0.027652
0.027464
0.027618
0.028716
0.029038
0.029571
0.030085
0.029935
0.029482
0.029759
0.029374
0.029089
0.029731
0.029448
0.029538
0.029956
0.029753
0.030309
0.029916
0.028279
0.026956
0.025607
0.025183
0.025597
0.027659
0.030093
0.031687
0.031698
0.030379
0.028842
0.027536
0.026909
0.026734
0.027598
0.027975
0.028766
0.029602
0.029524
0.029724
0.029396
0.028949
0.028566
0.029002
0.028914
0.029545
0.029282
0.029091
0.029733
0.028132
0.026475
0.025439
0.024739
0.025376
0.027406
0.029627
0.031579
0.031484
0.029927
0.028524
0.027442
0.026513
0.026569
0.027428
0.027805
0.028587
0.028599
0.029233
0.028957
0.029226
0.028788
0.028414
0.028832
0.028642
0.028592
0.029282
0.029091
0.029497
0.029331
0.027804
0.026280
0.025004
0.024560
0.025091
0.027139
0.029595
0.031311
0.031324
0.029880
0.028341
0.027268
0.026581
0.026274
0.027253
0.028347
0.028307
0.029145
0.029179
0.029627
0.028947
0.028613
0.029079
0.028673
0.028464
0.029257
0.029230
0.028892
0.029407
0.029404
0.028318
0.025953
0.024905
0.025102
0.025748
0.027702
0.030050
0.031270
0.030921
0.029477
0.028134
0.027059
0.026145
0.026775
0.027161
0.028020
0.028097
0.029062
0.028975
0.029187
0.028738
0.028531
0.028756
0.028343
0.028381
0.029055
0.028902
0.029328
0.029365
0.027752
0.026102
0.025063
0.024953
0.024952
0.027481
0.029335
0.031057
0.031191
0.029755
0.028112
0.027017
0.026450
0.026751
0.027002
0.028101
0.028413
0.028901
0.028935
0.029385
0.028930
0.028369
0.028960
0.028782
0.028340
0.029016
0.028985
0.029643
0.029205
0.029201
0.028394
0.026020
0.024861
0.024892
0.025653
0.027736
0.029953
0.031065
0.031087
0.029756
0.028088
0.027017
0.027167
0.026839
0.026998
0.028101
0.028409
0.029134
0.029659
0.029385
0.029052
0.029208
0.028960
0.028778
0.029173
0.029016
0.029107
0.029644
0.029317
0.029925
0.029730
0.029324
0.028520
0.026425
0.024916
0.025440
0.025633
0.027957
0.030179
0.031301
0.031295
0.030063
0.028289
0.027075
0.026627
0.027165
0.027196
0.028302
0.028630
0.029226
0.029138
0.029589
0.029255
0.029259
0.028986
0.028823
0.028627
0.029184
0.029031
0.029696
0.029369
0.029369
0.029696
0.028279
0.026608
0.025316
0.024999
0.025304
0.027510
0.029734
0.031583
0.031474
0.030142
0.028702
0.027502
0.026675
0.026610
0.027370
0.027752
0.028668
0.029637
0.029195
0.029040
0.029314
0.028867
0.028472
0.029038
0.028833
0.028670
0.029368
0.029178
0.029584
0.029459
0.027924
0.026155
0.025100
0.025254
0.025190
0.027873
0.029492
0.031460
0.031353
0.029657
0.028346
0.027386
0.026463
0.026978
0.027339
0.028206
0.028281
0.029250
0.029163
0.029497
0.028924
0.028716
0.028947
0.028530
0.028531
0.029094
0.028823
0.029486
0.029402
0.029153
0.028225
0.025956
0.024555
0.024818
0.025354
0.027356
0.029909
0.030905
0.030807
0.029470
0.028037
0.026717
0.026747
0.026667
0.026814
0.027686
0.027999
0.028972
0.029490
0.028977
0.028645
0.029164
0.028548
0.028248
0.029013
0.028723
0.028696
0.029240
0.029274
0.029519
0.029240
0.027822
0.026036
0.024977
0.024187
0.024963
0.027055
0.029279
0.031132
0.031267
0.029811
0.028128
0.027047
0.026457
0.026034
0.027032
0.027415
0.028333
0.028945
0.028983
0.029313
0.028740
0.028528
0.028137
0.028705
0.028377
0.029062
0.028913
0.028845
0.029370
0.029005
0.028967
0.027916
0.025671
0.024499
0.024665
0.025318
0.027293
0.029642
0.030731
0.030754
0.029903
0.028464
0.027380
0.026546
0.026360
0.026754
0.027749
0.028426
0.028673
0.029437
0.028918
0.028346
0.028865
0.028588
0.028067
0.028714
0.028786
0.029125
0.028942
0.028976
0.029705
0.029057
0.027521
0.026214
0.024697
0.025110
0.024806
0.027642
0.029370
0.031105
0.031119
0.029779
0.028339
0.027012
0.026304
0.026963
0.026972
0.027966
0.028403
0.029133
0.028925
0.029262
0.029048
0.028596
0.028534
0.028377
0.028166
0.028732
0.028583
0.029375
0.029046
0.028799
0.029375
0.027823
0.026158
0.024986
0.024286
0.024961
0.026954
0.029321
0.031311
0.030470
0.029613
0.028159
0.027037
0.026078
0.026135
0.027145
0.027295
0.028220
0.028465
0.028995
0.028350
0.028874
0.028540
0.028020
0.028471
0.028510
0.028340
0.028927
0.028736
0.029387
0.029023
0.028613
0.027917
0.025529
0.024215
0.024267
0.024926
0.026942
0.029416
0.030311
0.030445
0.028851
0.027401
0.026061
0.025228
0.026015
0.025923
0.026806
0.027121
0.027981
0.028384
0.027866
0.027653
0.027933
0.027299
0.027257
0.027918
0.027767
0.027494
0.028182
0.028240
0.027662
0.028354
0.026724
0.025300
0.024154
0.023945
0.024365
0.026704
0.028727
0.030704
0.030758
0.029584
0.027542
0.026631
0.026165
0.025806
0.026669
0.027226
0.028136
0.028735
0.028826
0.029394
0.028822
0.028347
0.028088
0.028475
0.028388
0.028218
0.029037
0.028676
0.029318
0.029147
0.027257
0.025922
0.024863
0.024891
0.024658
0.027351
0.029097
0.030831
0.030843
0.029385
0.028068
0.026738
0.025932
0.026694
0.026728
0.027598
0.028034
0.029007
0.028558
0.028892
0.028679
0.028232
0.028584
0.028284
0.028203
0.028641
0.028489
0.029160
0.029075
0.028868
0.027937
0.025682
0.024389
0.024778
0.025189
0.027138
0.029503
0.030741
0.030642
0.029180
0.027629
0.026544
0.026624
0.026306
0.026573
0.027562
0.027636
0.028609
0.029248
0.028730
0.028396
0.028679
0.028424
0.027999
0.028764
0.028603
0.028328
0.028991
0.028903
0.029394
0.027616
0.026199
0.025031
0.024466
0.025106
0.027053
0.029416
0.030530
0.030552
0.029822
0.028269
0.027302
0.026369
0.026170
0.026563
0.027431
0.028468
0.028474
0.029199
0.028555
0.029076
0.028628
0.028491
0.027929
0.028573
0.028529
0.028988
0.028785
0.028819
0.029434
0.028904
0.028705
0.028014
0.025542
0.025112
0.024797
0.025104
0.027429
0.029438
0.030680
0.030807
0.029937
0.028267
0.027280
0.026590
0.026157
0.026553
0.027675
0.028457
0.028442
0.029090
0.028933
0.028236
0.028635
0.028361
0.028078
0.028481
0.028435
0.029142
0.028831
0.028626
0.029359
0.028950
0.027284
0.025884
0.024580
0.024752
0.024686
0.027408
0.029891
0.030882
0.030773
0.029432
0.027864
0.026652
0.025944
0.026486
0.026637
0.027757
0.027953
0.028806
0.028596
0.028936
0.028478
0.028268
0.028485
0.028326
0.028116
0.028561
0.028531
0.029076
0.029115
0.028627
0.029198
0.027650
0.026244
0.024834
0.024261
0.024807
0.027029
0.029142
0.031004
0.030409
0.029798
0.028109
0.027018
0.026426
0.026000
0.027003
0.027376
0.028302
0.028180
0.028951
0.028672
0.028710
0.028377
0.028221
0.028761
0.028192
0.028264
0.028971
0.028662
0.029189
0.029067
0.027517
0.025851
0.024663
0.023966
0.024628
0.026714
0.028972
0.030959
0.031095
0.029509
0.027815
0.026845
0.026032
0.025704
0.026830
0.027220
0.028147
0.028758
0.028796
0.029132
0.028555
0.028219
0.028085
0.028399
0.028189
0.028876
0.028730
0.028540
0.029189
0.027675
0.026009
0.024821
0.024225
0.024751
0.026699
0.029196
0.030928
0.031076
0.029496
0.028064
0.026830
0.026134
0.025952
0.026815
0.027323
0.028130
0.028868
0.028784
0.028505
0.028784
0.028329
0.028073
0.028505
0.028180
0.028252
0.028837
0.028646
0.029177
0.029055
0.027382
0.025715
0.024647
0.024561
0.024612
0.026462
0.029081
0.030823
0.030837
0.029488
0.027922
0.026709
0.026012
0.025811
0.026694
0.027812
0.028006
0.028622
0.028534
0.029115
0.028660
0.028083
0.028560
0.028380
0.027930
0.028617
0.028713
0.028399
0.028931
0.027417
0.025867
0.024684
0.023961
0.024492
0.026680
0.029179
0.030682
0.030818
0.029615
0.027937
0.026586
0.026133
0.025946
0.026689
0.027080
0.028128
0.028740
0.028656
0.028381
0.028782
0.028201
0.027945
0.026996
0.024917
0.023611
0.024092
0.024463
0.026693
0.029052
0.030016
0.029983
0.029455
0.027884
0.026552
0.025977
0.025805
0.026099
0.026980
0.028147
0.028152
0.028660
0.028258
0.028029
0.026922
0.024315
0.023378
0.023207
0.024192
0.026236
0.028670
0.029934
0.029816
0.029046
0.027457
0.026449
0.025496
0.025430
0.025701
0.026878
0.027699
0.027825
0.028450
0.028198
0.027599
0.026494
0.024241
0.023170
0.023135
0.023998
0.025928
0.028587
0.029605
0.029623
0.028118
0.026662
0.025538
0.025431
0.025379
0.025534
0.026546
0.026876
0.027614
0.028239
0.027983
0.027628
0.026288
0.024159
0.022964
0.023053
0.023931
0.024343
0.026365
0.028462
0.029089
0.028857
0.027404
0.026028
0.024705
0.024406
0.023821
0.022190
0.021924
0.022078
0.024787
0.026724
0.028890
0.029019
0.027479
0.026003
0.024890
0.024350
0.024594
0.024707
0.025972
0.026324
0.027140
0.026827
0.027420
0.027225
0.026765
0.026972
0.025428
0.024097
0.022935
0.022585
0.023310
0.025256
0.027708
0.029514
0.029590
0.027976
0.026429
0.025336
0.024788
0.024618
0.024219
0.023309
0.022609
0.022987
0.025046
0.026838
0.028719
0.028911
0.027797
0.026432
0.025078
0.024370
0.024945
0.025297
0.026132
0.026332
0.027334
0.027264
0.027681
0.027118
0.026912
0.027360
0.027180
0.026973
0.027538
0.027487
0.028164
0.027957
0.027722
0.028285
0.028123
0.027859
0.028254
0.028137
0.027392
0.025204
0.024077
0.024244
0.024786
0.026849
0.029295
0.030376
0.030248
0.028802
0.027326
0.026128
0.025465
0.026121
0.026372
0.027253
0.027568
0.028400
0.028312
0.028522
0.028172
0.027843
0.028296
0.027889
0.027813
0.028494
0.028217
0.028881
0.028804
0.028557
0.028862
0.027445
0.026062
0.024592
0.024162
0.024575
0.026784
0.029008
0.030985
0.031008
0.029538
0.027857
0.026772
0.026184
0.025761
0.026879
0.027142
0.028061
0.028795
0.028833
0.028312
0.028471
0.028259
0.028107
0.028311
0.028111
0.028183
0.028885
0.028451
0.029102
0.029102
0.028694
0.027763
0.025645
0.024350
0.024636
0.025049
0.027141
0.029613
0.030608
0.030630
0.029290
0.028342
0.027254
0.026543
0.026242
0.026510
0.027623
0.028547
0.028551
0.029193
0.028918
0.028467
0.028744
0.028470
0.028069
0.028592
0.028546
0.028521
0.028941
0.028854
0.029462
0.027684
0.026143
0.025153
0.024336
0.024985
0.026828
0.029437
0.030557
0.030464
0.029608
0.028283
0.026957
0.026261
0.026178
0.026942
0.027452
0.028248
0.028492
0.028901
0.028745
0.028899
0.028452
0.028173
0.027871
0.028518
0.028230
0.029056
0.028868
0.027161
0.025778
0.024594
0.024715
0.024505
0.027192
0.028775
0.030749
0.030781
0.029322
0.027898
0.026568
0.026001
0.026661
0.026673
0.027671
0.027986
0.028837
0.028493
0.028968
0.028632
0.028178
0.028537
0.028359
0.028148
0.028594
0.028528
0.029317
0.027602
0.026097
0.024924
0.024190
0.024823
0.026764
0.029345
0.030341
0.030264
0.029535
0.028227
0.026751
0.025812
0.025868
0.026736
0.027004
0.027935
0.028181
0.028690
0.028311
0.028590
0.028379
0.027996
0.027453
0.028226
0.028054
0.028885
0.028456
0.027099
0.025585
0.024277
0.024389
0.024187
0.027007
0.028724
0.030354
0.030386
0.029158
0.027601
0.026388
0.025689
0.026355
0.026373
0.027371
0.027811
0.028669
0.028321
0.028677
0.028339
0.027888
0.028244
0.028064
0.027975
0.028547
0.028394
0.029064
0.027465
0.025828
0.024769
0.024152
0.024788
0.026742
0.029092
0.030218
0.030260
0.029524
0.027850
0.026872
0.026052
0.025991
0.026124
0.027248
0.028057
0.028180
0.028812
0.028550
0.028712
0.028255
0.028117
0.027693
0.028225
0.028175
0.028883
0.027306
0.025828
0.024664
0.023934
0.024580
0.026497
0.028969
0.030839
0.029995
0.029382
0.027969
0.026749
0.025929
0.025868
0.026755
0.027024
0.028054
0.028058
0.028690
0.028307
0.028709
0.028257
0.027873
0.028429
0.028104
0.028054
0.028640
0.028571
0.029104
0.027463
0.026028
0.024569
0.024208
0.024727
0.026688
0.029075
0.030201
0.030107
0.029512
0.028076
0.026710
0.026018
0.026071
0.025961
0.026969
0.028141
0.028268
0.028672
0.028272
0.028798
0.028217
0.027838
0.027658
0.028187
0.028136
0.028606
0.027270
0.025660
0.024501
0.023885
0.024418
0.026461
0.028814
0.030686
0.029846
0.029109
0.027688
0.026351
0.025773
0.025466
0.026598
0.026747
0.027535
0.027781
0.028536
0.027911
0.028190
0.027860
0.027477
0.028033
0.027707
0.027780
0.028244
0.028060
0.027971
0.027068
0.025514
0.024330
0.023732
0.024249
0.026212
0.028597
0.029728
0.029629
0.029033
0.027479
0.026362
0.025662
0.025477
0.025611
0.026614
0.027667
0.027794
0.028196
0.027798
0.027586
0.027624
0.027241
0.027184
0.027839
0.027388
0.028097
0.026641
0.025159
0.023871
0.023516
0.023791
0.025963
0.028188
0.029197
0.029343
0.028726
0.026942
0.025843
0.025387
0.025085
0.025847
0.026363
0.027153
0.027399
0.027785
0.027528
0.027808
0.027474
0.026971
0.027405
0.027443
0.027029
0.027860
0.027673
0.027590
0.026561
0.024261
0.023827
0.023105
0.023871
0.025705
0.028219
0.029467
0.029245
0.028498
0.027061
0.026065
0.024986
0.024919
0.025299
0.026186
0.026991
0.027241
0.027894
0.027490
0.026910
0.027316
0.027054
0.026630
0.027039
0.026989
0.027700
0.025878
0.024516
0.023357
0.022639
0.023158
0.025078
0.027653
0.028538
0.028560
0.027821
0.026401
0.025069
0.024371
0.024212
0.025224
0.025388
0.026414
0.026316
0.027069
0.026708
0.026987
0.026686
0.026217
0.025915
0.026360
0.026309
0.026565
0.026020
0.025838
0.024819
0.022034
0.021013
0.020780
0.021403
0.023570
0.025804
0.026916
0.027106
0.026147
0.024609
0.023340
0.022299
0.022002
0.022209
0.023081
0.023647
0.023567
0.023986
0.023746
0.023105
0.023238
0.023124
0.023167
0.023610
0.023578
0.023728
0.024225
0.023106
0.022191
0.021642
0.021363
0.021836
0.023149
0.025264
0.026491
0.026071
0.025196
0.024412
0.023649
0.023592
0.023750
0.024481
0.024823
0.025852
0.026498
0.026632
0.027029
0.027136
0.027001
0.027038
0.027490
0.027395
0.028156
0.028344
0.028271
0.028870
0.028086
0.027048
0.026337
0.026189
0.026773
0.028053
0.029915
0.030978
0.030830
0.030023
0.029169
0.028650
0.028494
0.028780
0.029388
0.029730
0.030743
0.031524
0.031552
0.031340
0.031933
0.031796
0.032003
0.032340
0.032475
0.032648
0.033439
0.033243
0.033998
0.033225
0.032062
0.031367
0.031324
0.031900
0.033166
0.034907
0.036212
0.035568
0.035026
0.034296
0.033903
0.033508
0.033674
0.034644
0.035103
0.035751
0.035917
0.036673
0.036696
0.037052
0.036923
0.036960
0.037530
0.037568
0.037744
0.038292
0.038575
0.038727
0.038934
0.038130
0.037213
0.036373
0.036482
0.036951
0.038106
0.039977
0.041160
0.041124
0.039961
0.039219
0.038715
0.038560
0.038595
0.039579
0.039919
