1.426326
1.321252
1.108274
0.901534
0.752665
0.670155
0.635786
0.627956
0.628061
0.628476
0.628143
0.626723
0.625788
0.625000
0.624426
0.624290
0.624047
0.623501
0.623462
0.623515
0.623636
0.623607
0.623917
0.623610
0.624075
0.624421
0.624627
0.624949
0.625354
0.625561
0.625885
0.626391
0.626790
0.627194
0.627583
0.627825
0.628350
0.628715
0.629305
0.629558
0.630060
0.630480
0.631180
0.631433
0.631778
0.632322
0.632987
0.633411
0.633813
0.634319
0.635014
0.635582
0.636233
0.636795
0.637461
0.638320
0.638925
0.639579
0.640487
0.641300
0.642047
0.642801
0.643944
0.644971
0.645824
0.646797
0.647969
0.648927
0.650072
0.651369
0.652629
0.653903
0.654108
0.654441
0.654683
0.655081
0.655551
0.655792
0.655722
0.656034
0.657075
0.658138
0.659397
0.660809
0.661031
0.662286
0.663559
0.664805
0.666086
0.667472
0.668855
0.670100
0.671677
0.672837
0.674366
0.675755
0.677394
0.678892
0.680397
0.681835
0.683417
0.684945
0.686409
0.687760
0.689356
0.690848
0.692519
0.693989
0.695754
0.696950
0.698620
0.700189
0.701815
0.703404
0.705055
0.706511
0.708299
0.710051
0.711575
0.713042
0.715099
0.716611
0.718393
0.720188
0.721814
0.723465
0.725342
0.726986
0.728770
0.730722
0.732441
0.734135
0.736034
0.737874
0.739555
0.741415
0.743070
0.745266
0.746948
0.748698
0.750526
0.752407
0.754136
0.756060
0.757935
0.759748
0.761540
0.763613
0.765366
0.767207
0.769014
0.770818
0.772678
0.774602
0.776341
0.778275
0.780127
0.782048
0.783847
0.785712
0.787578
0.789350
0.791299
0.793219
0.794861
0.796600
0.798493
0.800527
0.802104
0.803809
0.805687
0.807615
0.809105
0.810891
0.812614
0.814506
0.816270
0.817864
0.819366
0.821019
0.822935
0.824550
0.826239
0.827969
0.829657
0.831349
0.832978
0.834621
0.836227
0.837979
0.839602
0.841482
0.843188
0.844837
0.846179
0.847769
0.849459
0.850967
0.852577
0.854311
0.855869
0.857396
0.859171
0.860716
0.862195
0.863825
0.865491
0.866980
0.868541
0.870162
0.871716
0.873191
0.874706
0.876452
0.877938
0.879506
0.880993
0.882497
0.884075
0.885448
0.887072
0.888468
0.889859
0.891421
0.893055
0.894359
0.895968
0.897367
0.898980
0.900412
0.901905
0.903622
0.905062
0.906562
0.907978
0.909574
0.910780
0.912322
0.913747
0.915471
0.916725
0.918122
0.919556
0.921203
0.922551
0.923871
0.925399
0.926735
0.928234
0.929579
0.930898
0.932298
0.933819
0.935130
0.936199
0.937634
0.938917
0.940445
0.941638
0.942961
0.944170
0.945459
0.946797
0.948053
0.949262
0.950469
0.951647
0.952924
0.954139
0.955132
0.956403
0.957588
0.958617
0.959923
0.960933
0.962027
0.962964
0.964033
0.964985
0.966019
0.967084
0.968001
0.968859
0.969776
0.970693
0.971610
0.972560
0.973321
0.974272
0.974974
0.975649
0.976574
0.977456
0.978167
0.978840
0.979763
0.980527
0.981111
0.981823
0.982588
0.983226
0.983788
0.984464
0.985266
0.985941
0.986493
0.987078
0.987842
0.988368
0.988922
0.989446
0.990119
0.990738
0.991083
0.991608
0.992134
0.992718
0.993337
0.993738
0.994168
0.994610
0.995130
0.995618
0.996049
0.996614
0.996892
0.997294
0.997725
0.998093
0.998532
0.998964
0.999366
0.999646
0.999922
1.000360
1.000850
1.001252
1.001407
1.001778
1.002097
1.002285
1.002687
1.003086
1.003451
1.003733
1.004017
1.004298
1.004575
1.004731
1.005134
1.005378
1.005694
1.005975
1.006252
1.006377
1.006659
1.006936
1.007061
1.007339
1.007495
1.007741
1.008023
1.008148
1.008426
1.008583
1.008708
1.008985
1.009110
1.009388
1.009513
1.009671
1.009916
1.010074
1.010074
1.010231
1.010476
1.010634
1.010759
1.011037
1.011162
1.011194
1.011319
1.011598
1.011723
1.011722
1.012001
1.012126
1.012158
1.012283
1.012529
1.012562
1.012687
1.012812
1.012845
1.013090
1.013248
1.013248
1.013373
1.013406
1.013651
1.013651
1.013776
1.013809
1.013934
1.014180
1.014213
1.014213
1.014338
1.014228
1.014386
1.014506
1.014631
1.014664
1.014789
1.014789
1.014914
1.015035
1.015068
1.015193
1.015193
1.015318
1.015351
1.015351
1.015597
1.015597
1.015597
1.015755
1.015755
1.015755
1.015880
1.015880
1.016034
1.016159
1.016159
1.016159
1.016159
1.016284
1.016317
1.016317
1.016442
1.016563
1.016563
1.016563
1.016721
1.016721
1.016721
1.016721
1.016846
1.016846
1.016846
1.016846
1.016846
1.016971
1.016971
1.016971
1.016925
1.016769
1.017022
1.017221
1.017421
1.017853
1.018088
1.018463
1.018694
1.018827
1.018896
1.019510
1.019879
1.020249
1.020590
1.021134
1.021613
1.021808
1.022105
1.022659
1.023029
1.023304
1.023190
1.023400
1.023314
1.023621
1.023715
1.024025
1.024475
1.024728
1.024735
1.025167
1.025486
1.025697
1.025685
1.025751
1.026124
1.026144
1.025985
1.026223
1.026177
1.026330
1.026425
1.026460
1.026561
1.026359
1.026329
1.026435
1.026432
1.026347
1.026531
1.026614
1.026686
1.026737
1.026633
1.026350
1.026228
1.026136
1.025959
1.025777
1.025886
1.025863
1.025710
1.025710
1.025553
1.025499
1.025311
1.025128
1.025158
1.024947
1.024981
1.024886
1.024637
1.024416
1.024635
1.024664
1.024609
1.024294
1.024169
1.024235
1.024056
1.024261
1.024354
1.024395
1.024371
1.024520
1.024245
1.024312
1.024056
1.023958
1.023840
1.023982
1.024077
1.024069
1.024095
1.024066
1.024127
1.024188
1.024313
1.024321
1.024270
1.024186
1.024314
1.024520
1.024431
1.024471
1.024541
1.024534
1.024731
1.024731
1.024748
1.024860
1.024919
1.024958
1.024927
1.024908
1.024607
1.024605
1.024713
1.024735
1.024856
1.025002
1.025012
1.024982
1.024973
1.025190
1.025180
1.025160
1.025270
1.025253
1.025204
1.025089
1.025165
1.025239
1.025058
1.025249
1.025288
1.025161
1.025251
1.025282
1.025260
1.025304
1.025551
1.025627
1.025605
1.025752
1.025396
1.025374
1.025198
1.025268
1.025258
1.025278
1.025286
1.025292
1.025278
1.025341
1.025244
1.025294
1.025276
1.025279
1.025193
1.025252
1.025255
1.025203
1.025276
1.025144
1.025321
1.025270
1.025004
1.025043
1.025296
1.025408
1.025385
1.025623
1.025475
1.025569
1.025303
1.025193
1.025190
1.025197
1.025238
1.025256
1.025265
1.025192
1.025184
1.025247
1.025187
1.025090
1.025220
1.025135
1.025103
1.025087
1.025145
1.025110
1.025091
1.025119
1.025340
1.025218
1.025037
1.025229
1.025241
1.025264
1.025403
1.025265
1.025452
1.025476
1.025163
1.025210
1.025131
1.025249
1.025092
1.025027
1.025119
1.025134
1.025115
1.025069
1.025074
1.025088
1.025163
1.024957
1.025062
1.025125
1.025126
1.024869
1.024987
1.025007
1.025043
1.024895
1.024970
1.025079
1.024736
1.024871
1.025017
1.025191
1.025232
1.025366
1.025142
1.025115
1.024970
1.025032
1.024880
1.024904
1.024903
1.024901
1.025018
1.024996
1.024968
1.024785
1.024975
1.024942
1.024945
1.024776
1.024972
1.024955
1.024867
1.024976
1.024880
1.024864
1.024938
1.024758
1.024739
1.024813
1.024870
1.024889
1.025101
1.025136
1.025305
1.025172
1.024909
1.024986
1.024895
1.025032
1.024863
1.024881
1.024890
1.024941
1.024969
1.024871
1.024939
1.024972
1.024933
1.024799
1.024912
1.024769
1.024733
1.024809
1.024771
1.024846
1.024806
1.024826
1.024842
1.024755
1.024940
1.024992
1.025017
1.025276
1.025103
1.025275
1.025262
1.025006
1.025007
1.024998
1.024913
1.024813
1.024852
1.024976
1.024766
1.024866
1.024931
1.024936
1.024921
1.024905
1.024727
1.024813
1.024917
1.024830
1.024738
1.024959
1.024869
1.024941
1.025040
1.024746
1.024697
1.024503
1.024930
1.024989
1.025053
1.025037
1.025091
1.024990
1.024864
1.024785
1.024809
1.024900
1.024795
1.024821
1.024939
1.024886
1.024984
1.024870
1.024861
1.024851
1.024873
1.024859
1.024858
1.024775
1.024741
1.024705
1.024649
1.024833
1.024612
1.024807
1.024722
1.024741
1.024713
1.024782
1.024904
1.025065
1.025070
1.025102
1.025031
1.024887
1.024792
1.024717
1.024840
1.024744
1.024735
1.024962
1.024746
1.024717
1.024621
1.024885
1.024787
1.024695
1.024610
1.024797
1.024799
1.024617
1.024802
1.024798
1.024616
1.024689
1.024792
1.024783
1.024564
1.024648
1.024805
1.024729
1.024966
1.024942
1.025089
1.024870
1.024803
1.024620
1.024748
1.024715
1.024602
1.024720
1.024754
1.024821
1.024593
1.024770
1.024788
1.024787
1.024756
1.024759
1.024584
1.024550
1.024641
1.024551
1.024542
1.024409
1.024548
1.024577
1.024360
1.024663
1.024664
1.024422
1.024699
1.024742
1.024696
1.024875
1.024735
1.024837
1.024807
1.024377
1.024513
1.024594
1.024519
1.024526
1.024632
1.024607
1.024508
1.024576
1.024667
1.024574
1.024562
1.024565
1.024497
1.024616
1.024572
1.024500
1.024691
1.024606
1.024396
1.024363
1.024430
1.024310
1.024317
1.024576
1.024467
1.024860
1.024722
1.024703
1.024683
1.024539
1.024475
1.024592
1.024613
1.024416
1.024543
1.024561
1.024301
1.024321
1.024530
1.024523
1.024382
1.024330
1.024443
1.024428
1.024306
1.024340
1.024432
1.024305
1.024413
1.024522
1.024338
1.024497
1.024324
1.024365
1.024678
1.024575
1.024787
1.024663
1.024828
1.024586
1.024469
1.024394
1.024407
1.024428
1.024470
1.024386
1.024541
1.024643
1.024443
1.024555
1.024500
1.024521
1.024422
1.024456
1.024530
1.024431
1.024551
1.024569
1.024515
1.024340
1.024519
1.024519
1.024338
1.024471
1.024613
1.024584
1.024897
1.024868
1.024939
1.024683
1.024483
1.024515
1.024551
1.024537
1.024461
1.024688
1.024649
1.024461
1.024546
1.024451
1.024487
1.024380
1.024564
1.024479
1.024430
1.024539
1.024486
1.024562
1.024538
1.024567
1.024558
1.024340
1.024643
1.024581
1.024689
1.024892
1.024811
1.024892
1.024726
1.024857
1.024626
1.024587
1.024509
1.024546
1.024590
1.024531
1.024374
1.024367
1.024514
1.024495
1.024423
1.024411
1.024405
1.024518
1.024420
1.024416
1.024415
1.024515
1.024333
1.024488
1.024597
1.024330
1.024512
1.024416
1.024699
1.024740
1.024655
1.024694
1.024675
1.024447
1.024468
1.024397
1.024604
1.024406
1.024533
1.024639
1.024508
1.024398
1.024498
1.024565
1.024553
1.024377
1.024411
1.024562
1.024471
1.024417
1.024603
1.024563
1.024380
1.024490
1.024349
1.024424
1.024365
1.024387
1.024487
1.024505
1.024635
1.024702
1.024834
1.024755
1.024568
1.024423
1.024530
1.024460
1.024464
1.024386
1.024467
1.024374
1.024386
1.024453
1.024355
1.024335
1.024430
1.024433
1.024345
1.024296
1.024481
1.024391
1.024528
1.024507
1.024448
1.024525
1.024307
1.024609
1.024525
1.024344
1.024399
1.024541
1.024709
1.024774
1.024782
1.024814
1.024600
1.024365
1.024482
1.024520
1.024360
1.024459
1.024652
1.024473
1.024340
1.024527
1.024540
1.024308
1.024379
1.024381
1.024313
1.024305
1.024390
1.024319
1.024393
1.024389
1.024299
1.024389
1.024334
1.024415
1.024429
1.024397
1.024467
1.024544
1.024461
1.024632
1.024503
1.024247
1.024444
1.024268
1.024249
1.024086
1.024245
1.024256
1.024160
1.024263
1.024276
1.024214
1.024114
1.024232
1.024174
1.024084
1.024033
1.024142
1.024090
1.023916
1.023986
1.024055
1.023788
1.023983
1.024024
1.024006
1.024141
1.024076
1.024230
1.024296
1.024073
1.024045
1.024149
1.023863
1.023914
1.023928
1.023832
1.023831
1.024016
1.024029
1.023884
1.023908
1.024094
1.023923
1.023874
1.023905
1.023932
1.023880
1.023996
1.024016
1.024006
1.023788
1.024090
1.023880
1.023722
1.024000
1.024040
1.024070
1.024129
1.024113
1.024058
1.023941
1.023758
1.023769
1.023897
1.023828
1.023708
1.023933
1.023917
1.023803
1.023986
1.023885
1.023796
1.023783
1.023976
1.023714
1.023700
1.023927
1.023716
1.023792
1.023698
1.023874
1.023829
1.023741
1.023850
1.023846
1.023771
1.023954
1.023899
1.024082
1.023831
1.023725
1.023733
1.023575
1.023635
1.023558
1.023756
1.023746
1.023651
1.023700
1.023635
1.023708
1.023583
1.023677
1.023625
1.023629
1.023688
1.023632
1.023631
1.023671
1.023597
1.023704
1.023704
1.023711
1.023848
1.023863
1.023957
1.023827
1.023961
1.023671
1.023604
1.023513
1.023458
1.023510
1.023490
1.023607
1.023621
1.023579
1.023667
1.023567
1.023547
1.023458
1.023647
1.023384
1.023467
1.023546
1.023657
1.023506
1.023546
1.023565
1.023548
1.023543
1.023454
1.023663
1.023635
1.023703
1.023832
1.023780
1.023934
1.023624
1.023515
1.023622
1.023515
1.023476
1.023490
1.023683
1.023469
1.023490
1.023667
1.023536
1.023431
1.023536
1.023647
1.023526
1.023547
1.023546
1.023568
1.023431
1.023546
1.023456
1.023605
1.023457
1.023532
1.023517
1.023214
1.023432
1.023548
1.023580
1.023658
1.023654
1.023702
1.023620
1.023566
1.023391
1.023320
1.023318
1.023368
1.023375
1.023356
1.023453
1.023435
1.023247
1.023401
1.023421
1.023415
1.023237
1.023547
1.023464
1.023283
1.023399
1.023548
1.023280
1.023475
1.023457
1.023457
1.023475
1.023409
1.023550
1.023508
1.023620
1.023596
1.023664
1.023524
1.023411
1.023427
1.023408
1.023247
1.023296
1.023375
1.023281
1.023382
1.023395
1.023335
1.023321
1.023460
1.023374
1.023326
1.023357
1.023383
1.023368
1.023362
1.023467
1.023458
1.023239
1.023542
1.023368
1.023298
1.023683
1.023615
1.023829
1.023788
1.023764
1.023631
1.023603
1.023334
1.023452
1.023472
1.023488
1.023435
1.023583
1.023451
1.023251
1.023436
1.023421
1.023247
1.023231
1.023338
1.023341
1.023240
1.023432
1.023383
1.023371
1.023417
1.023457
1.023371
1.023068
1.023395
1.023304
1.023543
1.023501
1.023509
1.023505
1.023328
1.023247
1.023318
1.023162
1.023180
1.023331
1.023294
1.023291
1.023213
1.023278
1.023180
1.023253
1.023258
1.023258
1.023170
1.023251
1.023302
1.023177
1.023253
1.023183
1.023212
1.023250
1.023161
1.023288
1.023250
1.023184
1.023304
1.023285
1.023337
1.023373
1.023244
1.023216
1.023185
1.023095
1.022990
1.023057
1.023071
1.022994
1.023092
1.023159
1.022977
1.023120
1.023128
1.023128
1.022998
1.023015
1.022930
1.022966
1.023007
1.022932
1.023127
1.023004
1.023024
1.023006
1.022914
1.022915
1.023028
1.023093
1.023272
1.023171
1.023237
1.023211
1.023081
1.023013
1.023120
1.022912
1.023050
1.023064
1.023052
1.022997
1.022990
1.023165
1.023051
1.023047
1.023036
1.023020
1.022964
1.023044
1.023068
1.022852
1.023047
1.022957
1.023019
1.023043
1.022954
1.023032
1.022836
1.022977
1.023047
1.023083
1.023280
1.023263
1.023324
1.023228
1.023079
1.022895
1.022942
1.022926
1.022964
1.022998
1.023037
1.022927
1.022933
1.022926
1.022790
1.022808
1.022913
1.022828
1.022710
1.022796
1.022915
1.022705
1.022797
1.022823
1.022900
1.022685
1.022824
1.022900
1.022837
1.022923
1.023144
1.022956
1.023144
1.022890
1.022988
1.022961
1.022751
1.022900
1.022829
1.022792
1.022907
1.022906
1.022973
1.022955
1.022961
1.022869
1.022850
1.022870
1.022951
1.022861
1.023001
1.022957
1.022956
1.022893
1.023075
1.022865
1.022849
1.023074
1.022772
1.022871
1.023125
1.022878
1.023057
1.022953
1.022982
1.022883
1.022651
1.022561
1.022624
1.022642
1.022445
1.022505
1.022579
1.022269
1.022472
1.022284
1.022438
1.022213
1.022350
1.022350
1.022336
1.022529
1.022442
1.022600
1.022506
1.022608
1.022766
1.022762
1.022862
1.022939
1.022869
1.023217
1.023411
1.023702
1.023767
1.023722
1.023687
1.023655
1.023558
1.023663
1.023611
1.023715
1.023725
1.023945
1.023890
1.023878
1.024172
1.024031
1.024116
1.024106
1.024335
1.024004
1.023916
1.024133
1.024042
1.023919
1.023993
1.024043
1.024033
1.023823
1.023983
1.024096
1.024030
1.024297
1.023996
1.024251
1.023866
1.023796
1.023814
1.023772
1.023794
1.023689
1.023834
1.023908
1.023688
1.023891
1.023883
1.023867
1.023563
1.023869
1.023784
1.023660
1.023651
1.023879
1.023699
1.023650
1.023787
1.023771
1.023734
1.023644
1.023972
1.023881
1.024011
1.024207
1.023975
1.024121
1.023809
1.023701
1.023771
1.023818
1.023665
1.023647
1.024044
1.023866
1.023734
1.024026
1.023752
1.023822
1.023773
1.023918
1.023831
1.023783
1.023895
1.023838
1.023913
1.023784
1.023837
1.023909
1.023784
1.023683
1.023934
1.024009
1.024140
1.024170
1.024031
1.024210
1.023864
1.023753
1.023860
1.023950
1.023796
1.023726
1.023924
1.023747
1.023739
1.023875
1.023973
1.023704
1.023694
1.023797
1.023877
1.023704
1.023618
1.023848
1.023838
1.023657
1.023802
1.023709
1.023620
1.023605
1.023706
1.023536
1.023637
1.023651
1.023865
1.023778
1.023864
1.023820
1.023700
1.023592
1.023591
1.023468
1.023632
1.023649
1.023531
1.023582
1.023574
1.023549
1.023523
1.023543
1.023439
1.023353
1.023351
1.023540
1.023363
1.023507
1.023604
1.023423
1.023616
1.023602
1.023419
1.023496
1.023599
1.023536
1.023643
1.023804
1.023753
1.023976
1.023884
1.023780
1.023746
1.023567
1.023406
1.023655
1.023552
1.023467
1.023768
1.023640
1.023527
1.023635
1.023728
1.023518
1.023623
1.023645
1.023649
1.023514
1.023633
1.023651
1.023513
1.023542
1.023724
1.023723
1.023540
1.023726
1.023660
1.023772
1.023979
1.023926
1.023978
1.023932
1.023815
1.023782
1.023702
1.023674
1.023549
1.023675
1.023681
1.023586
1.023763
1.023792
1.023645
1.023694
1.023770
1.023682
1.023667
1.023780
1.023694
1.023684
1.023697
1.023608
1.023680
1.023532
1.023681
1.023679
1.023733
1.023863
1.023843
1.023898
1.023931
1.024114
1.023768
1.023738
1.023648
1.023801
1.023611
1.023628
1.023772
1.023648
1.023716
1.023527
1.023823
1.023683
1.023683
1.023691
1.023725
1.023604
1.023606
1.023819
1.023643
1.023682
1.023698
1.023724
1.023715
1.023614
1.023827
1.023758
1.023864
1.023967
1.023905
1.023890
1.023613
1.023611
1.023436
1.023487
1.023383
1.023498
1.023524
1.023471
1.023374
1.023788
1.023644
1.023558
1.023470
1.023777
1.023564
1.023481
1.023665
1.023655
1.023566
1.023553
1.023691
1.023639
1.023554
1.023596
1.023665
1.023598
1.023775
1.023686
1.023741
1.023728
1.023491
1.023364
1.023403
1.023451
1.023381
1.023462
1.023489
1.023469
1.023412
1.023632
1.023436
1.023311
1.023390
1.023621
1.023357
1.023400
1.023510
1.023360
1.023399
1.023397
1.023450
1.023432
1.023331
1.023552
1.023597
1.023588
1.023684
1.023604
1.023497
1.023455
1.023364
1.023382
1.023337
1.023345
1.023353
1.023376
1.023525
1.023336
1.023319
1.023374
1.023491
1.023314
1.023309
1.023295
1.023415
1.023339
1.023482
1.023576
1.023567
1.023646
1.023517
1.023457
1.023376
1.023289
1.023298
1.023281
1.023434
1.023357
1.023229
1.023331
1.023339
1.023319
1.023276
1.023281
1.023229
1.023233
1.023298
1.023386
1.023493
1.023585
1.023564
1.023389
1.023398
1.023290
1.023250
1.023284
1.023330
1.023348
1.023346
1.023260
1.023274
1.023333
1.023512
1.023422
1.023519
1.023430
1.023425
1.023553
1.023501
1.023727
1.023700
1.023797
1.023825
1.023511
1.023484
1.023440
1.023396
1.023328
1.023465
1.023620
1.023659
1.023591
1.023729
1.023630
1.023525
1.023630
1.023742
1.023621
1.023665
1.023792
1.023837
1.023903
1.024080
1.023964
1.024032
1.023690
1.023499
1.023705
1.023749
1.023736
1.023693
1.023699
1.023907
1.023990
1.024122
1.024030
1.024046
1.023938
1.023900
1.023771
1.023728
1.023668
1.023883
1.023894
1.023875
1.023975
1.023910
1.024020
1.023899
1.023832
1.023909
1.023950
1.023982
1.024047
1.023985
1.024095
1.024344
1.024132
1.024315
1.024254
1.024024
1.024109
1.024019
1.024028
1.023872
1.024010
1.024128
1.024006
1.024093
1.024228
1.024351
1.024207
1.024473
1.024138
1.024006
1.024117
1.024049
1.024142
1.024039
1.024078
1.024261
1.024254
1.024106
1.024125
1.024232
1.024252
1.024327
1.024234
1.024239
1.024425
1.024336
1.024214
1.024315
1.024334
1.024406
1.024284
1.024223
1.024408
1.024318
1.024197
1.024415
1.024236
1.024334
1.024338
1.024585
1.024451
1.024657
1.024572
1.024350
1.024350
1.024342
1.024180
1.024034
1.024280
1.024162
1.024233
1.024140
1.024308
1.024121
1.024190
1.024016
1.024285
1.024150
1.024151
1.024144
1.024248
1.024156
1.024228
1.024126
1.024319
1.024227
1.024051
1.024194
1.024131
1.024239
1.024158
1.024190
1.024246
1.024318
1.023970
1.023938
1.024045
1.024092
1.023814
1.023941
1.024068
1.023853
1.023920
1.024050
1.024030
1.023886
1.023885
1.024025
1.023891
1.023807
1.023809
1.024026
1.023898
1.023808
1.023880
1.023897
1.023881
1.023881
1.023815
1.023998
1.023942
1.024072
1.024231
1.024145
1.024182
1.023873
1.023726
1.023833
1.023882
1.023802
1.023783
1.024020
1.023840
1.023709
1.023883
1.023890
1.023798
1.023749
1.023861
1.023803
1.023795
1.023761
1.023810
1.023798
1.023760
1.023579
1.023796
1.023705
1.023745
1.023906
1.023929
1.023825
1.023845
1.023789
1.023795
1.023660
1.023516
1.023540
1.023569
1.023503
1.023512
1.023545
1.023542
1.023600
1.023591
1.023592
1.023500
1.023566
1.023480
1.023581
1.023612
1.023530
1.023555
1.023628
1.023529
1.023603
1.023626
1.023586
1.023748
1.023791
1.023895
1.023881
1.023936
1.023716
1.023682
1.023710
1.023513
1.023645
1.023694
1.023611
1.023649
1.023784
1.023668
1.023624
1.023717
1.023570
1.023646
1.023525
1.023553
1.023658
1.023656
1.023641
1.023657
1.023479
1.023555
1.023566
1.023702
1.023916
1.023827
1.023916
1.023870
1.023646
1.023645
1.023521
1.023555
1.023489
1.023606
1.023521
1.023520
1.023695
1.023564
1.023571
1.023478
1.023661
1.023398
1.023560
1.023564
1.023585
1.023491
1.023566
1.023584
1.023658
1.023562
1.023498
1.023802
1.023764
1.023914
1.023853
1.023844
1.023864
1.023620
1.023527
1.023458
1.023768
1.023609
1.023580
1.023763
1.023698
1.023637
1.023629
1.023722
1.023575
1.023615
1.023640
1.023670
1.023661
1.023625
1.023646
1.023747
1.023570
1.023609
1.023860
1.023790
1.024005
1.024002
1.023897
1.024045
1.023734
1.023590
1.023697
1.023820
1.023629
1.023558
1.023792
1.023699
1.023571
1.023746
1.023751
1.023622
1.023613
1.023636
1.023740
1.023622
1.023536
1.023762
1.023710
1.023535
1.023719
1.023858
1.023839
1.023969
1.023875
1.023970
1.024006
1.023698
1.023777
1.023658
1.023784
1.023626
1.023667
1.023756
1.023663
1.023694
1.023647
1.023745
1.023670
1.023661
1.023536
1.023735
1.023756
1.023548
1.023623
1.023758
1.023584
1.023619
1.023649
1.023742
1.023705
1.023812
1.023885
1.023792
1.024000
1.023744
1.023838
1.023756
1.023576
1.023581
1.023711
1.023637
1.023640
1.023551
1.023651
1.023623
1.023603
1.023708
1.023692
1.023513
1.023592
1.023584
1.023524
1.023523
1.023622
1.023497
1.023596
1.023618
1.023714
1.023848
1.023786
1.023848
1.023718
1.023568
1.023535
1.023482
1.023368
1.023410
1.023452
1.023376
1.023357
1.023424
1.023446
1.023408
1.023315
1.023391
1.023244
1.023397
1.023309
1.023256
1.023330
1.023311
1.023222
1.023327
1.023343
1.023218
1.023352
1.023368
1.023548
1.023496
1.023549
1.023446
1.023384
1.023184
1.023215
1.023220
1.023115
1.023242
1.023284
1.023101
1.023167
1.023266
1.023154
1.023147
1.023326
1.023063
1.023067
1.023126
1.023073
1.023074
1.023058
1.023072
1.023061
1.022993
1.023219
1.023314
1.023227
1.023314
1.023178
1.023234
1.022949
1.022947
1.022952
1.022986
1.022919
1.022928
1.022952
1.023007
1.022998
1.023002
1.022909
1.022973
1.022796
1.022991
1.022909
1.022805
1.022998
1.022997
1.022804
1.022878
1.022993
1.022813
1.022902
1.022929
1.023060
1.023255
1.023146
1.023086
1.022979
1.022870
1.022743
1.022684
1.022824
1.022843
1.022621
1.022650
1.022643
1.022530
1.022700
1.022696
1.022592
1.022419
1.022614
1.022602
1.022625
1.022657
1.022714
1.022733
1.022661
1.022820
1.022893
1.022825
1.023165
1.022935
1.023115
1.022984
1.022869
1.022864
1.023160
1.023058
1.023071
1.023196
1.023288
1.023264
1.023458
1.023435
1.023385
1.023461
1.023469
1.023655
1.023629
1.023796
1.023710
1.023828
1.023702
1.023908
1.023850
1.023791
1.023939
1.023862
1.023894
1.023811
1.023754
1.023825
1.023621
1.023476
1.023679
1.023557
1.023460
1.023579
1.023544
1.023388
1.023285
1.023189
1.023322
1.023163
1.022989
1.022869
1.022887
1.022721
1.022568
1.022502
1.022784
1.022331
1.022371
1.022492
1.022162
1.022294
1.022308
1.022072
1.022298
1.022147
1.022047
1.021884
1.021899
1.021805
1.021712
1.021685
1.021717
1.021566
1.021471
1.021534
1.021491
1.021229
1.021162
1.021312
1.021254
1.020932
1.020870
1.021107
1.020811
1.020858
1.020792
1.020777
1.020614
1.020497
1.020756
1.020655
1.020718
1.020546
1.020548
1.020469
1.020367
1.020469
1.020409
1.020321
1.020202
1.020232
1.020171
1.020113
1.020059
1.020057
1.019848
1.019936
1.019809
1.019826
1.019719
1.019728
1.019756
1.019653
1.019625
1.019634
1.019418
1.019429
1.019532
1.019503
1.019702
1.019482
1.019512
1.019550
1.019337
1.019284
1.019357
1.019357
1.019165
1.019140
1.019236
1.019067
1.019068
1.019118
1.019080
1.018838
1.018850
1.018833
1.018876
1.018737
1.018720
1.018651
1.018705
1.018594
1.018639
1.018499
1.018445
1.018559
1.018382
1.018535
1.018536
1.018380
1.018528
1.018380
1.018337
1.018301
1.018122
1.018296
1.018320
1.018096
1.018146
1.018125
1.018126
1.017997
1.018114
1.016656
1.015059
1.013836
1.011948
1.010636
1.008695
1.007033
1.005259
1.004419
1.001998
1.000563
0.998253
0.995927
0.993892
0.992174
0.989936
0.987524
0.985238
0.982700
0.979863
0.977266
0.974194
0.971280
0.968174
0.964890
0.961644
0.958531
0.954947
0.951390
0.947987
0.944444
0.940808
0.937150
0.933219
0.929142
0.925306
0.921298
0.916687
0.912360
0.908052
0.903337
0.899318
0.895007
0.891083
0.887043
0.883206
0.879517
0.876111
0.872655
0.869235
0.865584
0.861688
0.857921
0.853799
0.849670
0.845912
0.841957
0.838182
0.834239
0.830305
0.826397
0.822315
0.818382
0.814494
0.810734
0.806553
0.802843
0.798984
0.795203
0.791268
0.787336
0.783698
0.779460
0.775588
0.771581
0.767643
0.763762
0.760003
0.756302
0.753000
0.749337
0.745970
0.742487
0.739064
0.735799
0.732629
0.729181
0.726217
0.722963
0.719698
0.716954
0.713530
0.710477
0.707453
0.704321
0.701070
0.698046
0.695025
0.692050
0.689249
0.686349
0.683395
0.680712
0.677953
0.675049
0.672404
0.669545
0.666801
0.664360
0.661595
0.658987
0.656325
0.653762
0.651070
0.648688
0.646330
0.643673
0.641364
0.638797
0.636466
0.634172
0.631629
0.629439
0.627153
0.624618
0.622461
0.620250
0.618180
0.615702
0.613489
0.611682
0.609589
0.607709
0.605750
0.603735
0.602084
0.600119
0.598192
0.596274
0.594630
0.592649
0.590481
0.588543
0.586560
0.584576
0.582369
0.580591
0.578564
0.576620
0.575058
0.573131
0.571618
0.570005
0.568146
0.566552
0.564906
0.562872
0.561418
0.560137
0.558234
0.557505
0.555950
0.554694
0.553067
0.551406
0.549868
0.548884
0.547531
0.546296
0.545069
0.543869
0.542343
0.541275
0.539814
0.537808
0.535907
0.533886
0.532236
0.530002
0.528012
0.526186
0.523970
0.522237
0.520275
0.518773
0.516842
0.515153
0.513546
0.511568
0.510271
0.508540
0.506882
0.505451
0.503479
0.501825
0.499895
0.497791
0.495740
0.493610
0.491212
0.489116
0.487108
0.485120
0.483581
0.481708
0.480118
0.477979
0.476121
0.474066
0.471965
0.470011
0.467974
0.465597
0.463843
0.461252
0.459176
0.457306
0.455268
0.453401
0.451367
0.449640
0.447549
0.445803
0.443619
0.442120
0.440654
0.439162
0.438098
0.436840
0.435432
0.434746
0.433754
0.433094
0.432274
0.431466
0.430775
0.430099
0.429637
0.428848
0.428158
0.427061
0.426538
0.425847
0.425362
0.424565
0.423936
0.423468
0.422639
0.421926
0.421194
0.420588
0.419828
0.419271
0.418622
0.417927
0.417254
0.416641
0.416040
0.415027
0.414358
0.413581
0.413039
0.412418
0.411628
0.410833
0.410265
0.409407
0.408845
0.407987
0.407272
0.406717
0.405917
0.405238
0.404486
0.403863
0.403203
0.402232
0.401482
0.401072
0.400347
0.399446
0.398728
0.398014
0.397113
0.396838
0.396012
0.395270
0.394591
0.393869
0.393662
0.393000
0.392111
0.391706
0.391234
0.390845
0.390207
0.389589
0.389176
0.388713
0.388401
0.388069
0.387567
0.387054
0.386823
0.386484
0.386172
0.385813
0.385485
0.385145
0.384698
0.384597
0.384467
0.384186
0.383896
0.383725
0.383331
0.383331
0.382961
0.382840
0.382493
0.382264
0.382018
0.381716
0.381207
0.381465
0.381162
0.380898
0.380718
0.380517
0.380586
0.380593
0.380207
0.380150
0.380204
0.380019
0.379946
0.379849
0.379505
0.379443
0.379348
0.379397
0.379152
0.379019
0.378841
0.378493
0.378476
0.378162
0.378198
0.378146
0.377927
0.377841
0.377464
0.377243
0.377318
0.376933
0.376719
0.376642
0.376430
0.376164
0.376023
0.375673
0.375505
0.375333
0.374847
0.374869
0.374676
0.374187
0.373881
0.373815
0.373309
0.373085
0.372732
0.372393
0.372054
0.371639
0.371330
0.371050
0.370624
0.370285
0.369938
0.369681
0.369492
0.368812
0.368452
0.368301
0.367839
0.367449
0.367099
0.366762
0.366479
0.366096
0.365739
0.365289
0.364881
0.364366
0.363960
0.363601
0.363120
0.362743
0.362521
0.362069
0.361586
0.361139
0.360832
0.360544
0.359905
0.359628
0.359107
0.358781
0.358476
0.357962
0.357903
0.357504
0.357128
0.356799
0.356431
0.356048
0.355792
0.355261
0.354861
0.354732
0.354218
0.354079
0.353512
0.353299
0.353051
0.352816
0.352387
0.352248
0.351734
0.351595
0.351184
0.351088
0.350863
0.350370
0.350046
0.349826
0.349293
0.349365
0.349088
0.348736
0.348390
0.348126
0.347815
0.347932
0.347525
0.347282
0.346894
0.346871
0.346349
0.346218
0.345935
0.345879
0.345577
0.345292
0.345217
0.344883
0.344653
0.344258
0.344171
0.344013
0.343899
0.343532
0.343485
0.343169
0.343019
0.342977
0.342665
0.342629
0.342330
0.341918
0.341869
0.341674
0.341379
0.341224
0.341112
0.340855
0.340719
0.340438
0.340318
0.340298
0.339905
0.339923
0.339820
0.339575
0.339263
0.339154
0.338987
0.338653
0.338711
0.338712
0.338238
0.338259
0.338114
0.337981
0.337731
0.337557
0.337574
0.337281
0.337112
0.336902
0.336674
0.336809
0.336601
0.336518
0.336344
0.335974
0.335943
0.335840
0.335631
0.335393
0.335215
0.335148
0.334941
0.335102
0.334904
0.334703
0.334585
0.334336
0.334195
0.334040
0.334044
0.333993
0.333787
0.333708
0.333727
0.333573
0.333453
0.333349
0.333085
0.333237
0.332947
0.332755
0.332777
0.332441
0.332413
0.332167
0.331999
0.332033
0.331900
0.331797
0.331776
0.331611
0.331695
0.331435
0.331298
0.331206
0.331050
0.330951
0.331092
0.330839
0.330737
0.330685
0.330534
0.330456
0.330295
0.330168
0.330245
0.330071
0.329967
0.329986
0.329765
0.329694
0.329798
0.329582
0.329387
0.329291
0.329085
0.329196
0.328970
0.328782
0.328931
0.328667
0.328644
0.328568
0.328472
0.328603
0.328410
0.328277
0.328340
0.328080
0.328080
0.328006
0.327821
0.327888
0.327852
0.327572
0.327775
0.327524
0.327434
0.327360
0.327434
0.327336
0.327272
0.327142
0.327101
0.326981
0.326889
0.327101
0.326957
0.326834
0.326882
0.326729
0.326688
0.326738
0.326465
0.326424
0.326537
0.326311
0.326255
0.326206
0.326274
0.326234
0.326243
0.326165
0.326255
0.326047
0.325946
0.326014
0.325840
0.325784
0.325741
0.325633
0.325684
0.325772
0.325579
0.325543
0.325506
0.325430
0.325417
0.325297
0.325224
0.325203
0.325077
0.325041
0.325131
0.325005
0.324934
0.324939
0.324828
0.324742
0.324876
0.324790
0.324758
0.324808
0.324619
0.324539
0.324669
0.324398
0.324489
0.324327
0.324292
0.324359
0.324192
0.324157
0.324206
0.324086
0.324046
0.324135
0.323914
0.323917
0.323809
0.323724
0.323724
0.323773
0.323688
0.323613
0.323568
0.323440
0.323528
0.323443
0.323369
0.323356
0.323198
0.323197
0.323287
0.323129
0.323094
0.323218
0.323095
0.323061
0.323113
0.323028
0.322957
0.323045
0.322924
0.322889
0.323012
0.322942
0.322905
0.322909
0.322875
0.322927
0.322842
0.322808
0.322860
0.322741
0.322669
0.322795
0.322639
0.322830
0.322795
0.322639
0.322728
0.322659
0.322801
0.322730
0.322453
0.322541
0.322610
0.322490
0.322506
0.322575
0.322615
0.322543
0.322473
0.322543
0.322510
0.322598
0.322543
0.322510
0.322598
0.322508
0.322634
0.322562
0.322510
0.322598
0.322594
0.322510
0.322563
0.322508
0.322598
0.322563
0.322508
0.322598
0.322594
0.322598
0.322563
0.322557
0.322598
0.322526
0.322557
0.322526
0.322592
0.322647
0.322526
0.322521
0.322647
0.322592
0.322521
0.322524
0.322592
0.322609
0.322712
0.322604
0.322730
0.322676
0.322604
0.322796
0.322676
0.322693
0.322796
0.322568
0.322796
0.322726
0.322671
0.322760
0.322654
0.322760
0.322724
0.322757
0.322724
0.322654
0.322599
0.322604
0.322601
0.322604
0.322636
0.322565
0.322568
0.322565
0.322529
0.322600
0.322565
0.322633
0.322671
0.322601
0.322758
0.322637
0.322669
0.322757
0.322704
0.322633
0.322687
0.322669
0.322722
0.322790
0.322634
0.322791
0.322704
0.322597
0.322790
0.322634
0.322666
0.322790
0.322737
0.322791
0.322755
0.322737
0.322790
0.322857
0.322666
0.322790
0.322823
0.322666
0.322790
0.322823
0.322791
0.322857
0.322786
0.322790
0.322857
0.322666
0.322790
0.322857
0.322666
0.322790
0.322700
0.322790
0.322790
0.322597
0.322790
0.322790
0.322597
0.322790
0.322704
0.322633
0.322790
0.322633
0.322598
0.322601
0.322633
0.322723
0.322601
0.322633
0.322723
0.322530
0.322495
0.322637
0.322565
0.322495
0.322499
0.322565
0.322409
0.322499
0.322429
0.322534
0.322463
0.322428
0.322535
0.322463
0.322342
0.322433
0.322429
0.322308
0.322396
0.322276
0.322308
0.322396
0.322276
0.322330
0.322259
0.322241
0.322366
0.322173
0.322139
0.322329
0.322209
0.322139
0.322227
0.322209
0.322175
0.322143
0.322107
0.322036
0.322041
0.322108
0.322197
0.322041
0.322006
0.322009
0.322077
0.322042
0.321975
0.321940
0.321904
0.322012
0.321977
0.321943
0.321909
0.321977
0.321909
0.321909
0.322065
0.321946
0.321995
0.322083
0.322066
0.321995
0.321963
0.322031
0.322120
0.321964
0.322031
0.322049
0.321964
0.322156
0.321963
0.321929
0.322156
0.321963
0.321929
0.322086
0.321929
0.322156
0.322049
0.321809
0.322036
0.321809
0.321911
0.321929
0.321809
0.322036
0.321929
0.321911
0.322000
0.321894
0.321911
0.321965
0.321911
0.322000
0.322031
0.321875
0.322000
0.322031
0.321875
0.322102
0.321960
0.322102
0.321994
0.321875
0.322102
0.321994
0.321977
0.322065
0.321994
0.321940
0.322031
0.322062
0.322065
0.322096
0.322026
0.322065
0.322060
0.321940
0.322097
0.322026
0.322065
0.322060
0.322026
0.321995
0.322026
0.322026
0.322097
0.322026
0.321990
0.322097
0.322026
0.321995
0.322026
0.322026
0.321995
0.322026
0.322026
0.322063
0.322026
0.321956
0.322026
0.322026
0.322081
0.322026
0.322026
0.321960
0.322026
0.322026
0.321960
0.322026
0.321992
0.321924
0.322026
0.322117
0.321924
0.322026
0.322083
0.321960
0.321992
0.321960
0.321961
0.321992
0.321960
0.321961
0.321958
0.321960
0.321926
0.322046
0.321961
0.321926
0.321894
0.321961
0.321926
0.321894
0.321824
0.321892
0.321894
0.321861
0.321769
0.321895
0.321861
0.321792
0.321895
0.321827
0.321829
0.321759
0.321704
0.321830
0.321759
0.321602
0.321830
0.321676
0.321727
0.321830
0.321676
0.321727
0.321694
0.321764
0.321728
0.321608
0.321764
0.321728
0.321676
0.321764
0.321728
0.321764
0.321765
0.321608
0.321764
0.321728
0.321710
0.321764
0.321728
0.321801
0.321765
0.321642
0.321764
0.321765
0.321710
0.321764
0.321830
0.321835
0.321764
0.321710
0.321764
0.321830
0.321710
0.321764
0.321830
0.321835
0.321866
0.321796
0.321801
0.321830
0.321710
0.321764
0.321830
0.321801
0.321829
0.321830
0.321801
0.321829
0.321710
0.321829
0.321830
0.321639
0.321829
0.321830
0.321866
0.321829
0.321793
0.321829
0.321830
0.321639
0.321829
0.321793
0.321866
0.321829
0.321793
0.321866
0.321792
0.321759
0.321829
0.321793
0.321741
0.321829
0.321793
0.321866
0.321829
0.321759
0.321829
0.321830
0.321827
0.321829
0.321796
0.321741
0.321829
0.321796
0.321866
0.321829
0.321762
0.321829
0.321830
0.321762
0.321727
0.321796
0.321762
0.321727
0.321762
0.321639
0.321728
0.321762
0.321764
0.321731
0.321660
0.321764
0.321697
0.321660
0.321765
0.321697
0.321660
0.321663
0.321697
0.321699
0.321595
0.321697
0.321699
0.321595
0.321660
0.321700
0.321595
0.321699
0.321629
0.321697
0.321699
0.321595
0.321697
0.321700
0.321595
0.321699
0.321629
0.321595
0.321699
0.321629
0.321697
0.321699
0.321595
0.321699
0.321663
0.321595
0.321699
0.321629
0.321697
0.321699
0.321595
0.321736
0.321663
0.321697
0.321699
0.321663
0.321697
0.321662
0.321595
0.321736
0.321662
0.321697
0.321699
0.321663
0.321697
0.321662
0.321765
0.321611
0.321662
0.321697
0.321662
0.321765
0.321697
0.321662
0.321765
0.321611
0.321764
0.321731
0.321699
0.321764
0.321697
0.321662
0.321765
0.321660
0.321764
0.321731
0.321574
0.321764
0.321697
0.321662
0.321765
0.321660
0.321662
0.321731
0.321574
0.321662
0.321697
0.321574
0.321662
0.321697
0.321662
0.321663
0.321697
0.321662
0.321595
0.321611
0.321662
0.321595
0.321574
0.321663
0.321595
0.321699
0.321632
0.321595
0.321699
0.321632
0.321509
0.321599
0.321632
0.321472
0.321564
0.321632
0.321597
0.321530
0.321632
0.321597
0.321632
0.321595
0.321564
0.321632
0.321634
0.321530
0.321632
0.321597
0.321530
0.321632
0.321564
0.321632
0.321683
0.321530
0.321632
0.321597
0.321530
0.321595
0.321597
0.321530
0.321683
0.321530
0.321632
0.321597
0.321530
0.321595
0.321597
0.321632
0.321683
0.321599
0.321595
0.321597
0.321530
0.321595
0.321597
0.321595
0.321595
0.321597
0.321595
0.321597
0.321666
0.321595
0.321597
0.321595
0.321595
0.321699
0.321595
0.321597
0.321666
0.321595
0.321597
0.321629
0.321595
0.321699
0.321595
0.321509
0.321699
0.321595
0.321597
0.321666
0.321595
0.321597
0.321595
0.321509
0.321597
0.321595
0.321472
0.321599
0.321595
0.321597
0.321530
0.321595
0.321597
0.321530
0.321509
0.321599
0.321530
0.321472
0.321530
0.321530
0.321597
0.321530
0.321530
0.321597
0.321530
0.321408
0.321564
0.321530
0.321532
0.321530
0.321530
0.321532
0.321530
0.321530
0.321602
0.321530
0.321532
0.321568
0.321530
0.321532
0.321530
0.321530
0.321634
0.321530
0.321618
0.321530
0.321530
0.321532
0.321530
0.321530
0.321597
0.321530
0.321493
0.321530
0.321530
0.321683
0.321530
0.321530
0.321597
0.321530
0.321530
0.321597
0.321530
0.321683
0.321530
0.321530
0.321597
0.321530
0.321493
0.321597
0.321530
0.321683
0.321564
0.321530
0.321597
0.321530
0.321632
0.321597
0.321530
0.321595
0.321597
0.321530
0.321597
0.321530
0.321530
0.321597
0.321530
0.321632
0.321597
0.321530
0.321472
0.321564
0.321530
0.321597
0.321530
0.321530
0.321597
0.321530
0.321444
0.321599
0.321530
0.321408
0.321428
0.321530
0.321532
0.321428
0.321530
0.321532
0.321428
0.321408
0.321500
0.321530
0.321532
0.321466
0.321530
0.321532
0.321466
0.321530
0.321500
0.321530
0.321532
0.321466
0.321530
0.321532
0.321568
0.321530
0.321532
0.321530
0.321493
0.321466
0.321530
0.321532
0.321530
0.321530
0.321532
0.321530
0.321530
0.321568
0.321530
0.321618
0.321530
0.321530
0.321532
0.321530
0.321530
0.321563
0.321530
0.321618
0.321530
0.321530
0.321495
0.321530
0.321530
0.321597
0.321530
0.321493
0.321564
0.321530
0.321532
0.321530
0.321530
0.321495
0.321530
0.321530
0.321597
0.321530
0.321408
0.321530
0.321530
0.321532
0.321530
0.321530
0.321532
0.321530
0.321408
0.321466
0.321530
0.321408
0.321466
0.321530
0.321532
0.321466
0.321530
0.321500
0.321466
0.321408
0.321466
0.321428
0.321532
0.321466
0.321530
0.321499
0.321466
0.321408
0.321466
0.321466
0.321532
0.321466
0.321530
0.321532
0.321466
0.321530
0.321500
0.321466
0.321532
0.321466
0.321530
0.321532
0.321466
0.321530
0.321499
0.321568
0.321493
0.321466
0.321530
0.321532
0.321568
0.321530
0.321499
0.321530
0.321530
0.321466
0.321530
0.321618
0.321568
0.321530
0.321532
0.321530
0.321530
0.321465
0.321530
0.321493
0.321466
0.321530
0.321532
0.321530
0.321530
0.321532
0.321530
0.321493
0.321466
0.321530
0.321408
0.321466
0.321530
0.321532
0.321466
0.321530
0.321532
0.321466
0.321408
0.321466
0.321568
0.321532
0.321466
0.321568
0.321532
0.321466
0.321531
0.321466
0.321466
0.321408
0.321466
0.321466
0.321532
0.321466
0.321466
0.321465
0.321466
0.321408
0.320419
0.318991
0.317535
0.316188
0.315390
0.314768
0.314349
0.312504
0.311499
0.309761
0.308802
0.307265
0.306403
0.304421
0.303647
0.301874
0.300853
0.298464
0.297075
0.294742
0.292794
0.290235
0.288457
0.285710
0.282757
0.279842
0.277197
0.273980
0.271929
0.268598
0.265347
0.261618
0.258104
0.254775
0.251240
0.247576
0.244438
0.240832
0.237257
0.233613
0.230145
0.226674
0.223121
0.219728
0.216130
0.212740
0.209299
0.205965
0.202594
0.199153
0.196020
0.192598
0.189370
0.185952
0.182620
0.179629
0.176644
0.173464
0.170375
0.167051
0.164127
0.161531
0.159133
0.156816
0.154727
0.151864
0.149011
0.145805
0.142589
0.139757
0.137040
0.134627
0.132282
0.129649
0.127033
0.124225
0.121619
0.118828
0.116238
0.113436
0.111171
0.108929
0.106852
0.104510
0.102427
0.100258
0.098272
0.096273
0.094592
0.092612
0.091045
0.089058
0.087727
0.086314
0.084793
0.083614
0.082156
0.080795
0.079548
0.078141
0.077085
0.075853
0.074675
0.073629
0.072439
0.071487
0.070701
0.069533
0.068642
0.067711
0.066508
0.065766
0.064940
0.063916
0.063105
0.062362
0.061194
0.060538
0.059825
0.059082
0.058247
0.057762
0.057743
0.057345
0.056167
0.055190
0.054177
0.053254
0.052515
0.051633
0.051148
0.050348
0.050032
0.049843
0.049486
0.049211
0.048782
0.048365
0.047773
0.047220
0.046463
0.045694
0.045013
0.044209
0.043855
0.043319
0.042877
0.042530
0.041912
0.041794
0.041232
0.040805
0.040653
0.040299
0.039781
0.039436
0.038590
0.038521
0.038603
0.038409
0.038675
0.038532
0.038642
0.038811
0.037957
0.037345
0.036314
0.035795
0.035244
0.034970
0.034570
0.034238
0.034175
0.034063
0.033834
0.033567
0.033109
0.032940
0.032836
0.032486
0.032329
0.032043
0.031810
0.031732
0.031266
0.031036
0.030973
0.030439
0.030340
0.030291
0.029836
0.029759
0.029612
0.029212
0.028970
0.028761
0.028822
0.028566
0.028400
0.028314
0.028119
0.027880
0.027998
0.027724
0.027547
0.027543
0.027184
0.027591
0.027176
0.026977
0.027158
0.027015
0.026856
0.026424
0.025520
0.024000
0.023521
0.023271
0.023333
0.023446
0.024143
0.024730
0.025668
0.026386
0.025804
0.025052
0.024281
0.023014
0.021788
0.021314
0.021540
0.022108
0.023391
0.025351
0.026423
0.026282
0.025251
0.024116
0.023320
0.023138
0.022959
0.023472
0.024201
0.024390
0.024867
0.024793
0.025164
0.024784
0.024532
0.024733
0.023839
0.022741
0.021911
0.021756
0.022330
0.023577
0.025093
0.026010
0.025517
0.025382
0.024630
0.024171
0.023949
0.023769
0.024233
0.024546
0.025204
0.025286
0.025523
0.025452
0.025663
0.025401
0.025106
0.025420
0.025440
0.025472
0.025821
0.025605
0.025978
0.025818
0.025738
0.025890
0.025749
0.025479
0.025905
0.025802
0.026116
0.025936
0.025626
0.025904
0.025784
0.025664
0.025934
0.026000
0.025812
0.025855
0.025820
0.026165
0.025871
0.025631
0.026156
0.025982
0.025507
0.026033
0.025874
0.026208
0.025846
0.025715
0.026186
0.025955
0.025839
0.025139
0.023389
0.021671
0.021724
0.021704
0.022131
0.023252
0.025012
0.025507
0.025499
0.024228
0.022845
0.022029
0.021169
0.019345
0.018801
0.019369
0.019896
0.021926
0.025049
0.025607
0.025415
0.023844
0.022543
0.021402
0.020851
0.019859
0.018836
0.018331
0.020061
0.022875
0.025059
0.025706
0.024671
0.023383
0.022100
0.021223
0.021342
0.021474
0.021810
0.022843
0.023828
0.023621
0.024345
0.024195
0.023790
0.024316
0.023996
0.024023
0.024396
0.024615
0.024445
0.024792
0.024929
0.025244
0.025088
0.024743
0.025300
0.025127
0.024632
0.024991
0.024883
0.024663
0.025206
0.024846
0.025547
0.025256
0.024746
0.025332
0.025152
0.025009
0.025372
0.024942
0.025656
0.025389
0.025266
0.025714
0.025662
0.025542
0.025872
0.025726
0.025710
0.026189
0.025895
0.025294
0.023456
0.022103
0.022419
0.022749
0.024631
0.026618
0.027791
0.027875
0.026579
0.025405
0.024047
0.023420
0.024192
0.023828
0.024747
0.025119
0.025895
0.025561
0.026024
0.025618
0.025891
0.025395
0.025237
0.025147
0.025455
0.025416
0.025939
0.025876
0.025511
0.025948
0.024723
0.023437
0.021964
0.021601
0.021788
0.023786
0.025526
0.027403
0.027507
0.026462
0.024880
0.024053
0.023527
0.023113
0.024034
0.024365
0.025225
0.025648
0.025681
0.025550
0.025844
0.025293
0.025162
0.025679
0.025343
0.025286
0.025958
0.025770
0.026278
0.026152
0.024807
0.023391
0.022159
0.022227
0.021962
0.024293
0.025814
0.027419
0.027701
0.026545
0.025198
0.024009
0.023625
0.024111
0.024104
0.025246
0.025375
0.026177
0.025965
0.026553
0.026355
0.025931
0.026410
0.026341
0.026132
0.026839
0.026917
0.027570
0.027465
0.027218
0.027912
0.026298
0.025135
0.023844
0.023342
0.023768
0.025433
0.027779
0.029557
0.028928
0.028530
0.027388
0.026303
0.025765
0.025860
0.026573
0.026893
0.027878
0.028092
0.028606
0.028231
0.028778
0.028470
0.028216
0.028562
0.028469
0.028535
0.028744
0.028790
0.029307
0.028953
0.027475
0.026049
0.024786
0.024154
0.024581
0.026237
0.028597
0.030135
0.030123
0.029076
0.027921
0.026959
0.026202
0.026295
0.027523
0.027479
0.028590
0.029528
0.029572
0.029680
0.029735
0.029684
0.029324
0.029934
0.030087
0.030994
0.030829
0.030758
0.031520
0.031271
0.030761
0.028853
0.027575
0.027774
0.027487
0.029850
0.032098
0.033031
0.033135
0.031842
0.030575
0.029618
0.028860
0.029426
0.029759
0.030561
0.030820
0.031762
0.031796
0.032151
0.031844
0.031539
0.032294
0.032039
0.032075
0.032852
0.032925
0.033587
0.033494
0.033617
0.032862
0.030959
0.029918
0.030043
0.030589
0.032262
0.034643
0.035695
0.035803
0.034512
0.033981
0.032276
0.032362
0.031667
0.031931
0.032856
0.032991
0.033690
0.034334
0.033951
0.033647
0.033947
0.033831
0.033947
0.034345
0.034407
0.034489
0.035147
0.034935
0.035665
0.034428
0.032890
0.032098
0.031464
0.032242
0.034258
0.036268
0.037575
0.038043
0.037730
0.036837
0.036120
0.035597
0.035743
0.036088
0.037261
0.038495
0.038510
0.039268
0.039137
0.039570
0.039512
0.039265
0.039255
0.039778
0.039597
0.040409
0.040214
0.039877
0.040375
0.040223
0.039333
0.036941
0.035897
0.035628
0.036291
0.037729
0.039973
0.041159
0.041515
0.040093
0.038863
0.038122
0.037461
0.038247
0.038717
0.039897
0.040197
0.041394
0.041430
0.042278
0.041971
0.041906
0.042391
0.042272
0.042430
0.042989
0.043067
0.043490
0.043412
0.043053
0.043532
0.043154
0.041441
0.040045
0.038774
0.038645
0.038363
0.040620
0.043123
0.043937
0.044154
0.043071
0.042066
0.041233
0.040840
0.041503
0.041724
0.043026
0.043670
0.044604
0.044516
0.045244
0.045182
0.045121
0.045356
0.045319
0.045231
0.045542
0.045621
0.046285
0.045944
0.045451
0.044819
0.042539
0.041001
0.041079
0.041377
0.042918
0.045183
0.046116
0.046505
0.045460
0.044814
0.042981
0.043318
0.043352
0.043697
0.044913
0.045282
0.046232
0.047005
0.047111
0.046932
0.047365
0.047286
0.047234
0.047760
0.047700
0.047660
0.048194
0.048100
0.048604
0.047234
0.045824
0.044790
0.044506
0.044559
0.046220
0.048274
0.048594
0.048823
0.048388
0.046885
0.045671
0.045141
0.044807
0.045515
0.045958
0.046952
0.046920
0.047691
0.047544
0.048168
0.047654
0.047575
0.047628
0.048275
0.048339
0.049159
0.049328
0.049126
0.049724
0.048603
0.047175
0.046030
0.045627
0.046353
0.048259
0.050390
0.052547
0.052664
0.051502
0.050127
0.048955
0.048476
0.048308
0.049555
0.049553
0.050117
0.050764
0.050577
0.050025
0.050017
0.049357
0.048873
0.049439
0.049623
0.048963
0.049175
0.048995
0.049476
0.049230
0.047648
0.046357
0.045211
0.045642
0.045454
0.047450
0.049915
0.051850
0.052317
0.051553
0.050654
0.049767
0.049487
0.049515
0.050452
0.051296
0.051554
0.052375
0.051937
0.051935
0.051239
0.050447
0.050311
0.049669
0.049143
0.049318
0.048739
0.048270
0.048369
0.048008
0.048579
0.046774
0.044956
0.043304
0.042585
0.042868
0.044265
0.046979
0.048129
0.048398
0.048141
0.047032
0.046015
0.045760
0.045955
0.046923
0.047512
0.048821
0.049066
0.049863
0.049890
0.050434
0.050180
0.049684
0.049784
0.050583
0.050446
0.051360
0.051340
0.051186
0.051673
0.050276
0.049106
0.047979
0.047739
0.048276
0.050129
0.052498
0.053799
0.053815
0.052649
0.051106
0.049684
0.049351
0.049009
0.050232
0.050711
0.051831
0.052751
0.052936
0.052964
0.053717
0.053496
0.053433
0.054026
0.054040
0.053689
0.054390
0.053962
0.054257
0.053811
0.052045
0.050258
0.048997
0.048960
0.048405
0.050449
0.051576
0.052832
0.052304
0.050686
0.049005
0.047313
0.046341
0.046941
0.046715
0.047367
0.047655
0.048620
0.047855
0.047751
0.047094
0.046829
0.047321
0.047304
0.047386
0.048293
0.048268
0.049197
0.049342
0.049568
0.050381
0.049227
0.047899
0.046860
0.046265
0.046767
0.048469
0.051130
0.053004
0.052876
0.052485
0.051447
0.050665
0.050120
0.050078
0.050386
0.050297
0.050659
0.050064
0.050176
0.049414
0.049207
0.048534
0.048076
0.048911
0.049085
0.048885
0.049140
0.048704
0.047949
0.048293
0.047798
0.046633
0.045043
0.044158
0.044547
0.045587
0.047113
0.049307
0.050321
0.050302
0.049336
0.048129
0.047034
0.046392
0.047220
0.047442
0.048642
0.049123
0.049856
0.049913
0.050413
0.049875
0.050249
0.049899
0.049699
0.049593
0.050457
0.050516
0.051188
0.051146
0.050835
0.050930
0.049467
0.048012
0.046716
0.045768
0.045814
0.046958
0.048743
0.050129
0.049963
0.048429
0.046923
0.045654
0.045276
0.045129
0.046050
0.046264
0.046645
0.047019
0.046310
0.045511
0.045547
0.045026
0.044708
0.045271
0.044623
0.044096
0.044265
0.044125
0.044627
0.044355
0.044196
0.043482
0.041136
0.040068
0.040396
0.040870
0.042567
0.044207
0.045285
0.045142
0.045014
0.044084
0.043095
0.042557
0.042237
0.042436
0.043617
0.044670
0.044653
0.045189
0.045008
0.045006
0.045476
0.045180
0.044891
0.045418
0.045440
0.045393
0.046097
0.045666
0.046395
0.045262
0.043760
0.042559
0.041784
0.041952
0.043463
0.045933
0.047644
0.046962
0.046323
0.045104
0.044176
0.043502
0.043400
0.044313
0.044250
0.045010
0.045151
0.045235
0.044915
0.045423
0.044768
0.044418
0.044670
0.044277
0.044029
0.044288
0.044270
0.044305
0.044184
0.042817
0.041332
0.040156
0.039376
0.039605
0.041089
0.042968
0.044324
0.044370
0.043317
0.042180
0.041035
0.040575
0.040365
0.040848
0.041004
0.041751
0.042361
0.042040
0.042521
0.042013
0.041382
0.041109
0.041411
0.041204
0.041523
0.041254
0.041138
0.041477
0.041097
0.040318
0.038277
0.036890
0.037131
0.036698
0.038758
0.040818
0.041586
0.041201
0.039935
