2.201609
2.201609
2.201609
2.201389
2.201238
2.200689
2.199948
2.199222
2.198641
2.198234
2.198171
2.198286
2.198505
2.198409
2.198280
2.198125
2.198160
2.197615
2.196741
2.195369
2.194332
2.193754
2.193129
2.192252
2.191187
2.190200
2.189398
2.188354
2.187227
2.186337
2.185335
2.184346
2.183461
2.182532
2.181654
2.180656
2.179619
2.178806
2.177798
2.176611
2.175630
2.174534
2.173567
2.172281
2.171199
2.170131
2.168944
2.167585
2.166451
2.165226
2.164040
2.162612
2.161358
2.160172
2.158769
2.157478
2.156422
2.155174
2.153837
2.152577
2.151203
2.149914
2.148482
2.147273
2.146049
2.144441
2.142730
2.141060
2.139554
2.137923
2.135987
2.134438
2.132879
2.131179
2.129418
2.128015
2.126429
2.124417
2.122531
2.120460
2.118596
2.116334
2.114380
2.112354
2.110384
2.108225
2.106254
2.104131
2.102126
2.099829
2.097838
2.095659
2.093381
2.091071
2.088876
2.086802
2.084532
2.082500
2.080261
2.077826
2.075237
2.073166
2.071128
2.069171
2.066843
2.064722
2.062563
2.060410
2.058114
2.056045
2.054058
2.052016
2.049766
2.047641
2.045517
2.043371
2.041022
2.038835
2.036816
2.034737
2.032735
2.030560
2.028458
2.026153
2.024159
2.022090
2.020025
2.017932
2.015748
2.013819
2.011868
2.009664
2.007614
2.005814
2.003780
2.001994
2.000069
1.998296
1.996214
1.994304
1.992638
1.990828
1.988960
1.987327
1.985737
1.984056
1.982266
1.980329
1.978257
1.976153
1.974014
1.971946
1.970094
1.968019
1.965779
1.963784
1.961763
1.959989
1.957781
1.955821
1.953998
1.951795
1.949882
1.947905
1.946137
1.944032
1.942136
1.940323
1.938473
1.936331
1.934544
1.932624
1.930861
1.928766
1.926900
1.925136
1.923509
1.921427
1.919782
1.917966
1.915982
1.914269
1.912484
1.910734
1.908880
1.907042
1.905356
1.903705
1.901899
1.900406
1.899064
1.897708
1.896219
1.894839
1.893721
1.892379
1.890989
1.889724
1.888349
1.886727
1.885382
1.884376
1.883165
1.881758
1.880448
1.879259
1.877835
1.876325
1.874828
1.873697
1.872493
1.870973
1.869916
1.868636
1.867615
1.866287
1.865179
1.863943
1.863103
1.862029
1.861033
1.860035
1.858866
1.857956
1.857242
1.856148
1.854892
1.853871
1.852886
1.851861
1.850607
1.849693
1.848872
1.848162
1.847091
1.846302
1.845486
1.844556
1.843146
1.842154
1.840330
1.838207
1.836318
1.834762
1.833425
1.831568
1.829979
1.828476
1.827015
1.825390
1.823826
1.822270
1.820486
1.818533
1.816955
1.815303
1.813705
1.811957
1.810053
1.808052
1.806205
1.804150
1.802375
1.800521
1.798500
1.796758
1.795076
1.793287
1.791183
1.789272
1.787325
1.785223
1.782964
1.780912
1.778950
1.776787
1.774317
1.772124
1.770136
1.767881
1.765508
1.763252
1.760993
1.758341
1.756026
1.753866
1.751453
1.748702
1.746295
1.743806
1.741367
1.738492
1.736123
1.733591
1.731083
1.728224
1.725526
1.723055
1.720516
1.717674
1.714979
1.712292
1.709450
1.706682
1.703936
1.701154
1.698200
1.695455
1.692651
1.689910
1.686894
1.684158
1.681296
1.678387
1.675384
1.672531
1.669874
1.667005
1.663903
1.660939
1.658005
1.655045
1.651946
1.648987
1.645815
1.642503
1.639469
1.636381
1.633507
1.630303
1.627099
1.624068
1.620811
1.617453
1.614263
1.611202
1.607990
1.604612
1.601342
1.598244
1.595117
1.591595
1.588387
1.585128
1.581868
1.578483
1.575294
1.572274
1.568863
1.565667
1.562675
1.559636
1.556551
1.553362
1.550579
1.547574
1.544298
1.541420
1.538369
1.535249
1.531929
1.528773
1.525866
1.522834
1.519427
1.516337
1.513144
1.509794
1.506577
1.503350
1.500287
1.497031
1.494035
1.491107
1.488330
1.485076
1.482274
1.479437
1.476525
1.473186
1.470281
1.467385
1.464717
1.461646
1.458879
1.455809
1.452705
1.449329
1.446097
1.442826
1.439423
1.436401
1.433347
1.430487
1.427096
1.423904
1.420730
1.417592
1.414119
1.410822
1.407376
1.403953
1.400287
1.396748
1.393665
1.390657
1.387437
1.384428
1.381361
1.378176
1.375064
1.371954
1.368859
1.365668
1.362584
1.359309
1.356194
1.353735
1.351454
1.349339
1.346996
1.344400
1.342003
1.339685
1.337581
1.335271
1.333387
1.331545
1.329869
1.327676
1.326099
1.324582
1.323048
1.321590
1.319816
1.318002
1.316341
1.314695
1.313128
1.311644
1.309845
1.308395
1.306759
1.305160
1.303466
1.301856
1.300486
1.299127
1.297747
1.296335
1.294957
1.292952
1.291621
1.290051
1.288605
1.287087
1.285739
1.284233
1.282951
1.281437
1.279944
1.278619
1.277065
1.275457
1.273973
1.272511
1.271094
1.269545
1.268354
1.267324
1.266335
1.265296
1.264254
1.263365
1.262170
1.261173
1.260146
1.259149
1.258014
1.257204
1.256539
1.255830
1.254919
1.254389
1.253682
1.253127
1.252259
1.251557
1.250998
1.250428
1.249601
1.249185
1.248842
1.248159
1.247767
1.247286
1.246809
1.245922
1.245612
1.245024
1.244453
1.243867
1.243413
1.243071
1.242808
1.242204
1.241871
1.241623
1.241177
1.240655
1.240340
1.239894
1.238984
1.238199
1.237608
1.236432
1.235472
1.234620
1.235054
1.235061
1.235219
1.235189
1.234935
1.234266
1.233358
1.232937
1.232096
1.231298
1.230785
1.230092
1.229738
1.229326
1.228850
1.228370
1.228033
1.227456
1.226990
1.226580
1.226126
1.225391
1.225185
1.225064
1.224670
1.224338
1.224312
1.223979
1.223865
1.223527
1.223311
1.223195
1.223041
1.222437
1.221706
1.221292
1.220411
1.220199
1.219984
1.219638
1.219194
1.218813
1.218587
1.218223
1.217737
1.217326
1.216891
1.216600
1.216092
1.215834
1.215471
1.215145
1.214552
1.213999
1.213552
1.212957
1.212255
1.211847
1.211186
1.210783
1.210392
1.208416
1.206726
1.204255
1.201719
1.200942
1.198965
1.196952
1.194707
1.192416
1.190048
1.187370
1.185196
1.182971
1.180678
1.177738
1.174985
1.172308
1.169533
1.166822
1.164003
1.161338
1.158325
1.155842
1.152993
1.150319
1.147420
1.144342
1.141471
1.138451
1.135435
1.132359
1.129411
1.126635
1.123816
1.121105
1.118272
1.115362
1.112425
1.109639
1.106725
1.103747
1.100721
1.097862
1.094887
1.091773
1.088744
1.085573
1.082390
1.079180
1.076017
1.072889
1.069722
1.066285
1.063046
1.059616
1.056371
1.053050
1.049755
1.046386
1.042755
1.039388
1.036287
1.032782
1.029463
1.026056
1.022744
1.019300
1.015854
1.012463
1.009081
1.005613
1.002395
0.998930
0.995237
0.991675
0.988122
0.984590
0.981050
0.977707
0.974260
0.970899
0.967420
0.963941
0.960486
0.957154
0.953704
0.950156
0.946543
0.943058
0.939798
0.936373
0.932929
0.929695
0.926277
0.922970
0.919709
0.916147
0.912664
0.908897
0.905347
0.901897
0.898312
0.894768
0.891143
0.887510
0.883891
0.880380
0.876538
0.872878
0.869319
0.865763
0.861981
0.858315
0.854711
0.851102
0.847928
0.844885
0.842115
0.839519
0.837270
0.835008
0.832015
0.828124
0.824631
0.821958
0.819329
0.816625
0.813432
0.810816
0.808376
0.805883
0.803529
0.800908
0.798542
0.796163
0.793736
0.791218
0.788919
0.786706
0.784603
0.782502
0.780755
0.779076
0.777892
0.777006
0.776087
0.775340
0.774417
0.772767
0.771277
0.769798
0.767942
0.766346
0.764546
0.763377
0.762505
0.761833
0.761288
0.760064
0.758379
0.756980
0.756084
0.755028
0.753863
0.752205
0.750342
0.748968
0.748274
0.747671
0.746608
0.745561
0.744728
0.744435
0.743973
0.743608
0.743193
0.742841
0.742546
0.741995
0.741725
0.740839
0.739675
0.738944
0.738452
0.737999
0.737435
0.736815
0.736313
0.735794
0.735291
0.734793
0.734159
0.733646
0.733219
0.732890
0.732614
0.732272
0.731869
0.731535
0.731271
0.731096
0.730464
0.729419
0.728493
0.727091
0.726270
0.724751
0.723689
0.722397
0.721844
0.721784
0.721763
0.721248
0.720749
0.720440
0.719985
0.719242
0.718344
0.717382
0.716423
0.715408
0.714562
0.713764
0.713031
0.712153
0.711311
0.710594
0.709689
0.708905
0.707928
0.706911
0.705840
0.704805
0.703666
0.702466
0.700997
0.699856
0.698434
0.697181
0.695640
0.694406
0.693090
0.691704
0.690072
0.688521
0.686926
0.685274
0.683725
0.682131
0.680423
0.678576
0.676846
0.675169
0.673472
0.671403
0.669392
0.667445
0.665559
0.663200
0.661494
0.659622
0.657826
0.655451
0.653568
0.651616
0.649707
0.647527
0.645625
0.643636
0.641486
0.639517
0.637484
0.635401
0.633094
0.631084
0.628877
0.626680
0.624360
0.622062
0.619729
0.617531
0.614928
0.612629
0.610175
0.607780
0.605063
0.602629
0.600181
0.597459
0.595034
0.592431
0.589936
0.587081
0.584636
0.581866
0.579346
0.576474
0.573819
0.571194
0.568582
0.565578
0.562817
0.560174
0.557397
0.554366
0.551503
0.548371
0.545376
0.542240
0.539233
0.536085
0.532619
0.529292
0.526091
0.523047
0.519691
0.516503
0.513221
0.509810
0.506353
0.503202
0.500008
0.496798
0.493259
0.489879
0.486566
0.483301
0.479534
0.476023
0.472459
0.468861
0.465260
0.461381
0.457697
0.453706
0.450127
0.446507
0.442873
0.438989
0.435398
0.431727
0.428072
0.424201
0.420531
0.416870
0.413213
0.409339
0.405701
0.402055
0.398463
0.394643
0.391020
0.387504
0.383646
0.380118
0.376625
0.373062
0.369376
0.365759
0.362276
0.358807
0.355150
0.351627
0.348200
0.344865
0.341294
0.337829
0.334492
0.331133
0.327605
0.324259
0.320898
0.317442
0.314224
0.311028
0.307789
0.304441
0.301241
0.298110
0.295157
0.291762
0.288686
0.285664
0.282633
0.279431
0.276434
0.273457
0.270578
0.267458
0.264566
0.261691
0.258884
0.255893
0.253053
0.250266
0.247246
0.244584
0.241946
0.239292
0.236253
0.233675
0.231037
0.228398
0.225696
0.223187
0.220731
0.218184
0.215523
0.213102
0.210682
0.208329
0.205648
0.203294
0.201098
0.198597
0.196314
0.194069
0.191900
0.189389
0.187340
0.185121
0.183108
0.180546
0.178636
0.176606
0.174528
0.172249
0.170247
0.168316
0.166308
0.164128
0.162322
0.160464
0.158705
0.156472
0.154711
0.152965
0.150809
0.149151
0.147423
0.145742
0.143742
0.142148
0.140455
0.138879
0.136958
0.135370
0.133821
0.132341
0.130440
0.129014
0.127633
0.126206
0.124398
0.123111
0.121731
0.119950
0.118759
0.117466
0.116285
0.114572
0.113362
0.112192
0.111070
0.109503
0.108436
0.107227
0.106235
0.104752
0.103657
0.102604
0.101608
0.100228
0.099300
0.098261
0.096851
0.096013
0.095096
0.094174
0.092939
0.091990
0.091144
0.090388
0.089146
0.088280
0.087674
0.086870
0.085590
0.084883
0.084270
0.083567
0.082350
0.081685
0.081203
0.080429
0.079379
0.078756
0.078161
0.077040
0.076532
0.076112
0.075543
0.074556
0.074122
0.073711
0.073271
0.072303
0.072006
0.071701
0.071238
0.070316
0.070131
0.069826
0.069617
0.068633
0.068420
0.068208
0.067415
0.067283
0.067036
0.066878
0.066101
0.065920
0.065865
0.065870
0.064976
0.064886
0.064786
0.064829
0.064034
0.064023
0.064015
0.064086
0.063273
0.063339
0.063330
0.063391
0.062581
0.062747
0.062874
0.062033
0.062197
0.062235
0.062316
0.061627
0.061788
0.061969
0.061979
0.061256
0.061429
0.061685
0.061686
0.061086
0.061228
0.061354
0.061500
0.060836
0.060981
0.061207
0.060422
0.060607
0.060853
0.060976
0.060360
0.060501
0.060703
0.060809
0.060180
0.060341
0.060616
0.060726
0.060025
0.060173
0.060563
0.060746
0.059958
0.060200
0.060403
0.060644
0.059945
0.060266
0.060453
0.059719
0.059984
0.060235
0.060491
0.059849
0.059963
0.060232
0.060505
0.059842
0.060094
0.060258
0.060609
0.059835
0.060146
0.060443
0.060652
0.059968
0.060280
0.060554
0.059942
0.060101
0.060353
0.060679
0.060000
0.060269
0.060525
0.060736
0.060130
0.060410
0.060576
0.060916
0.060243
0.060505
0.060826
0.061086
0.060463
0.060765
0.061003
0.061243
0.060584
0.060845
0.061109
0.060484
0.060903
0.060988
0.061317
0.060624
0.061040
0.061193
0.061516
0.060784
0.061155
0.061372
0.061679
0.060986
0.061293
0.061424
0.061755
0.061155
0.061443
0.061595
0.061037
0.061367
0.061634
0.061851
0.061158
0.061509
0.061819
0.062040
0.061305
0.061614
0.061947
0.062145
0.061501
0.061854
0.061937
0.062335
0.061712
0.061865
0.062064
0.062484
0.061751
0.061951
0.062325
0.061657
0.061854
0.062097
0.062407
0.061763
0.061985
0.062226
0.062531
0.061819
0.062106
0.062348
0.062547
0.061903
0.062190
0.062389
0.062589
0.061966
0.062296
0.062516
0.061780
0.062158
0.062335
0.062579
0.061868
0.062201
0.062423
0.062709
0.061885
0.062260
0.062526
0.062748
0.062015
0.062370
0.062547
0.062791
0.062124
0.062411
0.062587
0.062898
0.062275
0.062429
0.062651
0.062073
0.062318
0.062518
0.062784
0.062116
0.062361
0.062605
0.062894
0.062160
0.062404
0.062737
0.062936
0.062203
0.062514
0.062780
0.062980
0.062314
0.062580
0.062802
0.062113
0.062447
0.062669
0.062913
0.062136
0.062425
0.062758
0.062958
0.062158
0.062625
0.062714
0.062913
0.062358
0.062602
0.062713
0.062891
0.062424
0.062669
0.062780
0.062180
0.062424
0.062647
0.062914
0.062203
0.062491
0.062669
0.062914
0.062225
0.062515
0.062781
0.062959
0.062248
0.062537
0.062804
0.062982
0.062248
0.062693
0.062826
0.063004
0.062337
0.062693
0.062848
0.062093
0.062493
0.062759
0.062871
0.062226
0.062493
0.062803
0.062981
0.062271
0.062515
0.062826
0.063026
0.062381
0.062537
0.062848
0.063137
0.062360
0.062715
0.062914
0.062226
0.062492
0.062714
0.062981
0.062247
0.062536
0.062825
0.062980
0.062314
0.062647
0.062847
0.063069
0.062403
0.062647
0.062891
0.063114
0.062425
0.062691
0.062957
0.063179
0.062490
0.062801
0.063001
0.062335
0.062579
0.062846
0.063068
0.062379
0.062645
0.062979
0.063156
0.062423
0.062756
0.062956
0.063156
0.062578
0.062778
0.062978
0.063245
0.062601
0.062845
0.063067
0.062423
0.062667
0.062912
0.063134
0.062400
0.062734
0.062978
0.063178
0.062445
0.062800
0.063067
0.063201
0.062534
0.062867
0.063045
0.063245
0.062645
0.062934
0.063089
0.063378
0.062711
0.062889
0.063134
0.062578
0.062756
0.062956
0.063267
0.062556
0.062756
0.063023
0.063289
0.062534
0.062889
0.063156
0.063312
0.062556
0.062934
0.063178
0.063312
0.062601
0.063023
0.063201
0.062445
0.062690
0.063001
0.063267
0.062489
0.062778
0.063045
0.063267
0.062467
0.062778
0.063112
0.063245
0.062534
0.062823
0.063134
0.063312
0.062512
0.062890
0.063045
0.063223
0.062645
0.062979
0.063134
0.062379
0.062645
0.062934
0.063179
0.062423
0.062712
0.062956
0.063134
0.062401
0.062801
0.062979
0.063179
0.062512
0.062779
0.062957
0.063201
0.062556
0.062779
0.062912
0.062334
0.062623
0.062845
0.063046
0.062356
0.062623
0.062845
0.063068
0.062379
0.062645
0.062934
0.063157
0.062356
0.062712
0.062978
0.063178
0.062423
0.062734
0.062956
0.063178
0.062534
0.062845
0.063045
0.062312
0.062556
0.062845
0.063089
0.062312
0.062667
0.062912
0.063112
0.062378
0.062667
0.062978
0.063134
0.062423
0.062734
0.062978
0.063178
0.062423
0.062667
0.062956
0.062289
0.062512
0.062689
0.063001
0.062267
0.062534
0.062779
0.063001
0.062267
0.062556
0.062867
0.063001
0.062334
0.062556
0.062845
0.063067
0.062334
0.062623
0.062823
0.063001
0.062423
0.062689
0.062845
0.062089
0.062489
0.062645
0.062845
0.062111
0.062556
0.062734
0.062845
0.062156
0.062534
0.062756
0.062889
0.062200
0.062511
0.062756
0.062934
0.062245
0.062489
0.062756
0.062089
0.062289
0.062489
0.062756
0.062067
0.062378
0.062556
0.062756
0.062044
0.062422
0.062667
0.062756
0.062133
0.062467
0.062623
0.062800
0.062200
0.062423
0.062645
0.062000
0.062267
0.062445
0.062690
0.062067
0.062245
0.062534
0.062800
0.062045
0.062312
0.062600
0.062845
0.062067
0.062378
0.062600
0.062823
0.062111
0.062423
0.062623
0.062778
0.062200
0.062467
0.062645
0.061956
0.062245
0.062445
0.062645
0.061867
0.061889
0.061645
0.061289
0.059956
0.059378
0.058512
0.057512
0.055623
0.055223
0.054179
0.053223
0.052067
0.052023
0.051179
0.050602
0.050558
0.050625
0.050247
0.048960
0.048582
0.048204
0.047938
0.047760
0.047627
0.047493
0.047493
0.047471
0.047470
0.047470
0.047471
0.047471
0.047471
0.047517
0.047539
0.047516
0.047516
0.047494
0.047494
0.047493
0.047516
0.047516
0.047516
0.047516
0.047493
0.047493
0.047494
0.047516
0.047516
0.047515
0.047515
0.047515
0.047559
0.047559
0.047558
5.264156
5.264156
5.264352
5.264588
5.264871
5.264816
5.263968
5.263798
5.263266
5.261906
5.261295
5.260509
5.259412
5.258017
5.257385
5.256740
5.255425
5.255236
5.253922
5.253360
5.251858
5.251120
5.249523
5.248461
5.246888
5.245709
5.243898
5.242441
5.240069
5.238313
5.235777
5.233895
5.231181
5.229283
5.226410
5.224564
5.223252
5.220719
5.218309
5.216621
5.213904
5.211014
5.207588
5.204297
5.200638
5.197277
5.193744
5.190363
5.187904
5.184699
5.181233
5.178049
5.174626
5.171077
5.167584
5.164082
5.161193
5.157924
5.154681
5.151337
5.147875
5.144829
5.141100
5.137942
5.134546
5.131212
5.128888
5.125053
5.121755
5.118142
5.115453
5.112030
5.108965
5.106780
5.103904
5.100198
5.097217
5.094547
5.091437
5.088298
5.085243
5.082166
5.079172
5.076019
5.072927
5.069799
5.066541
5.063384
5.060285
5.056997
5.053767
5.050590
5.047291
5.043832
5.040459
5.037030
5.033436
5.030009
5.026351
5.022995
5.019474
5.015857
5.012366
5.008694
5.005215
5.001583
4.997990
4.994387
4.990663
4.986840
4.983246
4.979591
4.975715
4.971869
4.968029
4.964257
4.960381
4.956397
4.952545
4.948654
4.944665
4.940686
4.936725
4.932757
4.928780
4.924846
4.920949
4.916987
4.912990
4.908871
4.904827
4.900868
4.896624
4.892607
4.888625
4.884798
4.881138
4.877310
4.873608
4.869782
4.865938
4.862018
4.858095
4.854010
4.850081
4.846113
4.842220
4.838308
4.834320
4.830443
4.826488
4.822523
4.818599
4.814635
4.810637
4.806761
4.803001
4.799086
4.795347
4.791380
4.787417
4.783441
4.779300
4.775375
4.771322
4.767268
4.763298
4.759362
4.755366
4.751445
4.747455
4.743518
4.739404
4.735372
4.731314
4.727341
4.723275
4.719410
4.715454
4.711648
4.707726
4.703970
4.700207
4.696473
4.692659
4.688831
4.684892
4.680854
4.676879
4.672787
4.668757
4.664732
4.660671
4.656624
4.652453
4.648386
4.644249
4.640136
4.636018
4.631794
4.627640
4.623516
4.619331
4.615085
4.611023
4.606791
4.602639
4.598451
4.594269
4.589924
4.585712
4.581310
4.576823
4.572437
4.567961
4.563421
4.559125
4.554713
4.550280
4.546015
4.541655
4.537293
4.532941
4.528637
4.524281
4.520066
4.515674
4.511411
4.507187
4.502883
4.498583
4.494273
4.489893
4.485653
4.481402
4.477371
4.473359
4.469067
4.464687
4.460477
4.456398
4.452158
4.447944
4.443933
4.439866
4.435874
4.431840
4.427658
4.423641
4.419282
4.414988
4.410794
4.406684
4.402488
4.398546
4.394644
4.390780
4.386810
4.382923
4.378784
4.374897
4.371372
4.367666
4.364312
4.360638
4.357035
4.353255
4.349695
4.346043
4.342290
4.338472
4.334899
4.331057
4.327382
4.323695
4.319974
4.316216
4.312400
4.308476
4.304822
4.300881
4.296956
4.293091
4.289200
4.285292
4.281343
4.277436
4.273553
4.269575
4.265649
4.261668
4.257809
4.253907
4.249852
4.245987
4.241931
4.237971
4.233996
4.230002
4.226075
4.222007
4.218030
4.213985
4.210044
4.206043
4.202092
4.198215
4.194221
4.190218
4.186111
4.182080
4.178093
4.174147
4.170124
4.166247
4.162345
4.158495
4.154465
4.150562
4.146721
4.142775
4.138794
4.134974
4.131006
4.127175
4.123003
4.119209
4.115420
4.111547
4.107884
4.104056
4.100483
4.096925
4.093334
4.089700
4.086085
4.082116
4.078241
4.074297
4.070544
4.066677
4.062820
4.059023
4.055273
4.051468
4.047656
4.043932
4.040069
4.036402
4.032755
4.029103
4.025196
4.021464
4.017642
4.013878
4.010221
4.006414
4.002701
3.999023
3.995277
3.991529
3.987860
3.984130
3.980504
3.976684
3.972979
3.969234
3.965608
3.961779
3.958192
3.954425
3.950661
3.947087
3.943325
3.939607
3.935941
3.932222
3.928462
3.924884
3.921261
3.917647
3.913912
3.910158
3.906614
3.902894
3.899221
3.895557
3.891772
3.888148
3.884592
3.880912
3.877227
3.873519
3.869895
3.866232
3.862670
3.858921
3.855438
3.851715
3.848079
3.844413
3.840730
3.837188
3.833474
3.829871
3.826190
3.822512
3.818878
3.815278
3.811823
3.808380
3.804867
3.801473
3.797924
3.794466
3.790985
3.787594
3.784195
3.780671
3.777298
3.773815
3.770455
3.767040
3.763777
3.760253
3.757020
3.753665
3.750290
3.746872
3.743412
3.740092
3.736603
3.733198
3.729753
3.726287
3.722807
3.719394
3.715969
3.712583
3.709170
3.705749
3.702365
3.698889
3.695653
3.692288
3.688968
3.685685
3.682699
3.679588
3.676291
3.673090
3.669780
3.666409
3.663044
3.659717
3.656314
3.652877
3.649616
3.646172
3.642726
3.639287
3.635861
3.632466
3.629100
3.625823
3.622434
3.619045
3.615712
3.612343
3.608913
3.605632
3.602385
3.598978
3.595632
3.592435
3.588987
3.585696
3.582366
3.579023
3.575818
3.572598
3.569187
3.565440
3.561717
3.558294
3.554733
3.551446
3.547963
3.544619
3.541124
3.537779
3.534370
3.531107
3.527877
3.524638
3.521386
3.517985
3.514620
3.511251
3.507934
3.504654
3.501296
3.498035
3.494686
3.491308
3.488062
3.484685
3.481390
3.478148
3.474746
3.471513
3.468190
3.465022
3.461682
3.458481
3.455231
3.451913
3.448531
3.445342
3.442077
3.438815
3.435557
3.432257
3.428873
3.425629
3.422330
3.419092
3.415760
3.412399
3.409227
3.405820
3.402525
3.399228
3.395813
3.392570
3.389117
3.385909
3.382482
3.379193
3.375853
3.372577
3.369270
3.365920
3.362569
3.359189
3.355817
3.352363
3.348979
3.345614
3.342362
3.338950
3.335528
3.332210
3.328823
3.325483
3.322131
3.318741
3.315414
3.312115
3.308813
3.305532
3.302235
3.298894
3.295570
3.292304
3.289088
3.285728
3.282437
3.279429
3.276216
3.272894
3.269650
3.266305
3.263065
3.259756
3.256667
3.253454
3.250219
3.247164
3.243982
3.240840
3.237776
3.234662
3.231483
3.228318
3.225255
3.222127
3.218987
3.215794
3.212535
3.209245
3.205951
3.202710
3.199439
3.196195
3.192902
3.189482
3.186321
3.183024
3.179881
3.176596
3.173334
3.170125
3.166884
3.163530
3.160285
3.156974
3.153756
3.150529
3.147325
3.144047
3.140701
3.137411
3.134002
3.130833
3.127540
3.124251
3.120667
3.117026
3.113375
3.109960
3.106492
3.103159
3.099605
3.096459
3.093067
3.089752
3.086326
3.082920
3.079649
3.076361
3.072974
3.069822
3.066497
3.063196
3.059827
3.056623
3.053197
3.049845
3.046670
3.043541
3.040251
3.037170
3.033758
3.030450
3.027065
3.023943
3.020777
3.017403
3.014100
3.010844
3.007451
3.003970
3.000459
2.997087
2.993730
2.990280
2.986868
2.983452
2.980031
2.976752
2.973420
2.970015
2.966640
2.963276
2.959822
2.956457
2.953095
2.949568
2.946126
2.942733
2.939328
2.935936
2.932548
2.929120
2.925650
2.922277
2.918854
2.915417
2.911964
2.908534
2.905109
2.901555
2.898269
2.894794
2.891227
2.887793
2.884337
2.880792
2.877371
2.873933
2.870373
2.867041
2.863689
2.860210
2.856817
2.853454
2.849830
2.846108
2.842491
2.838998
2.835487
2.831859
2.828412
2.824849
2.821448
2.817825
2.814403
2.811031
2.807486
2.804001
2.800458
2.797015
2.793461
2.790016
2.786561
2.783077
2.779555
2.776078
2.772595
2.769059
2.765620
2.762086
2.758540
2.755075
2.751480
2.747924
2.744534
2.740918
2.737405
2.733978
2.730454
2.727028
2.723535
2.720197
2.716888
2.713589
2.710277
2.707060
2.703676
2.700378
2.697032
2.693780
2.690500
2.687094
2.683891
2.680592
2.677324
2.673934
2.670572
2.667225
2.663920
2.660519
2.657156
2.653855
2.650614
2.647236
2.643956
2.640532
2.637232
2.633790
2.630437
2.627123
2.623796
2.620524
2.617294
2.614017
2.610860
2.607566
2.604334
2.600983
2.597526
2.594125
2.590748
2.587315
2.584039
2.580604
2.577271
2.573887
2.570544
2.567087
2.563747
2.560300
2.556965
2.553504
2.550089
2.546788
2.543312
2.539877
2.536600
2.533255
2.529873
2.526371
2.522977
2.519582
2.516055
2.512568
2.509244
2.505738
2.502318
2.498820
2.495376
2.491932
2.488364
2.484933
2.481406
2.478025
2.474582
2.471104
2.467687
2.464157
2.460791
2.457318
2.453870
2.450478
2.447017
2.443648
2.440181
2.436821
2.433352
2.429914
2.426503
2.423113
2.419756
2.416359
2.412919
2.409538
2.406178
2.402768
2.399404
2.395988
2.392665
2.389319
2.385970
2.382654
2.379292
2.376001
2.372689
2.369410
2.366050
2.362763
2.359515
2.356216
2.352910
2.349683
2.346553
2.343252
2.340045
2.336902
2.333626
2.330446
2.327324
2.324063
2.320874
2.317740
2.314476
2.311340
2.308017
2.304423
2.300813
2.297381
2.294087
2.290770
2.287285
2.283912
2.280700
2.277364
2.273978
2.270892
2.268293
2.265779
2.263108
2.260504
2.257201
2.254386
2.251621
2.248742
2.246062
2.243172
2.240355
2.237677
2.234781
2.231997
2.229112
2.226367
2.223533
2.220663
2.217974
2.214987
2.212230
2.209298
2.206423
2.203551
2.200745
2.198014
2.195204
2.192416
2.189563
2.186754
2.184005
2.181214
2.178423
2.175646
2.172829
2.169971
2.167168
2.164348
2.161545
2.158774
2.155972
2.153154
2.150421
2.147550
2.144703
2.141880
2.139040
2.136170
2.133361
2.130551
2.127611
2.124764
2.121929
2.119000
2.116091
2.113135
2.110137
2.107157
2.104169
2.101226
2.098236
2.095160
2.092171
2.089291
2.086246
2.083305
2.080373
2.077334
2.074362
2.071367
2.068436
2.065494
2.062428
2.059392
2.056490
2.053515
2.050635
2.047643
2.044733
2.041707
2.038854
2.035825
2.032913
2.030057
2.027148
2.024142
2.021177
2.018318
2.015196
2.012402
2.009411
2.006608
2.003615
2.000742
1.997825
1.994776
1.991929
1.989025
1.986088
1.983173
1.980263
1.977401
1.974432
1.971499
1.968686
1.965817
1.962984
1.960188
1.957290
1.954397
1.951565
1.948666
1.945822
1.942964
1.940064
1.937162
1.934219
1.931337
1.928534
1.925687
1.922805
1.919906
1.916931
1.914113
1.911181
1.908369
1.905472
1.902594
1.899750
1.896852
1.893913
1.891044
1.888191
1.885321
1.882395
1.879542
1.876695
1.873793
1.870935
1.868003
1.865178
1.862304
1.859450
1.856572
1.853676
1.850817
1.847980
1.845064
1.842354
1.839468
1.836633
1.833725
1.830796
1.827981
1.825054
1.822203
1.819344
1.816408
1.813630
1.810657
1.807639
1.804577
1.801334
1.798301
1.795350
1.792366
1.789404
1.786539
1.783533
1.780731
1.777718
1.774878
1.772032
1.769120
1.766208
1.763316
1.760445
1.757530
1.754612
1.751690
1.748870
1.745932
1.743002
1.740024
1.737149
1.734210
1.731338
1.728346
1.725461
1.722420
1.719540
1.716639
1.713642
1.710780
1.707781
1.704823
1.701865
1.698917
1.696024
1.693036
1.690073
1.687007
1.684011
1.681099
1.678163
1.675187
1.672306
1.669365
1.666310
1.663430
1.660529
1.657615
1.654589
1.651564
1.648752
1.645679
1.642782
1.639770
1.636753
1.633847
1.630882
1.627845
1.624858
1.621904
1.618864
1.615885
1.612850
1.609909
1.606900
1.603957
1.600949
1.597929
1.594976
1.592006
1.588863
1.585916
1.582979
1.579944
1.576906
1.573877
1.570918
1.567910
1.564905
1.561884
1.558943
1.555844
1.552761
1.549790
1.546793
1.543803
1.540781
1.537742
1.534700
1.531708
1.528746
1.525712
1.522731
1.519732
1.516687
1.513680
1.510619
1.507548
1.504469
1.501472
1.498455
1.495373
1.492384
1.489386
1.486287
1.483168
1.480219
1.477184
1.474079
1.470997
1.467944
1.464953
1.461997
1.458923
1.455880
1.452848
1.449804
1.446743
1.443827
1.440843
1.437699
1.434724
1.431628
1.428577
1.425663
1.422619
1.419589
1.416600
1.413551
1.410575
1.407605
1.404544
1.401672
1.398663
1.395751
1.392714
1.389770
1.386876
1.383805
1.380961
1.377922
1.374954
1.372020
1.369142
1.366168
1.363226
1.360176
1.357293
1.354351
1.351359
1.348312
1.345354
1.342456
1.339511
1.336575
1.333627
1.330690
1.327723
1.324875
1.322009
1.318930
1.316166
1.313232
1.310313
1.307453
1.304545
1.301635
1.298756
1.295922
1.293018
1.290226
1.287377
1.284572
1.281799
1.279052
1.276252
1.273522
1.270747
1.268114
1.265354
1.262599
1.259932
1.257441
1.254665
1.251986
1.249440
1.246865
1.244310
1.241734
1.239187
1.236533
1.234065
1.231636
1.229084
1.226649
1.224013
1.221486
1.219003
1.216474
1.213922
1.211544
1.209088
1.206513
1.204119
1.201632
1.199165
1.196707
1.194151
1.191817
1.189253
1.186735
1.184306
1.181776
1.179329
1.176871
1.174352
1.171964
1.169582
1.167113
1.164771
1.162145
1.159844
1.157409
1.154909
1.152465
1.149926
1.147488
1.145011
1.142506
1.140088
1.137557
1.135134
1.132620
1.130096
1.127490
1.125038
1.122472
1.119907
1.117337
1.114882
1.112276
1.109738
1.107208
1.104607
1.101949
1.099456
1.096796
1.094290
1.091743
1.089206
1.086517
1.084035
1.081484
1.078982
1.076405
1.073916
1.071360
1.068890
1.066385
1.063848
1.061426
1.058815
1.056260
1.053642
1.051191
1.048677
1.046007
1.043388
1.040820
1.038219
1.035584
1.033091
1.030343
1.027747
1.025186
1.022595
1.020074
1.017544
1.014984
1.012565
1.009949
1.007511
1.005038
1.002556
1.000222
0.997772
0.995294
0.992871
0.990545
0.988117
0.985782
0.983399
0.981149
0.978871
0.976506
0.974187
0.971911
0.969540
0.967274
0.964959
0.962540
0.960298
0.957974
0.955643
0.953373
0.951141
0.948844
0.946509
0.944366
0.942015
0.939737
0.937405
0.935122
0.932858
0.930509
0.928241
0.926070
0.923913
0.921774
0.919630
0.917540
0.915260
0.913149
0.910958
0.908806
0.906729
0.904466
0.902363
0.900289
0.898216
0.896073
0.894015
0.891955
0.889801
0.887796
0.885672
0.883641
0.881675
0.879563
0.877521
0.875493
0.873502
0.871481
0.869439
0.867452
0.865608
0.863477
0.861557
0.859573
0.857701
0.855789
0.853831
0.851907
0.850001
0.848132
0.846312
0.844361
0.842539
0.840672
0.838692
0.836851
0.834894
0.833087
0.831083
0.829227
0.827372
0.825545
0.823693
0.821921
0.819990
0.818172
0.816438
0.814520
0.812710
0.810831
0.808956
0.807106
0.805356
0.803550
0.801643
0.799801
0.797628
0.795186
0.792559
0.790247
0.788163
0.786186
0.784209
0.782273
0.780432
0.778595
0.776752
0.774941
0.773141
0.771280
0.769498
0.767653
0.765879
0.764130
0.762246
0.760381
0.758626
0.756765
0.754880
0.753000
0.751298
0.749434
0.747637
0.745897
0.744051
0.742179
0.740330
0.738560
0.736721
0.734820
0.733055
0.731016
0.729273
0.727485
0.725658
0.723738
0.721898
0.719996
0.718290
0.716343
0.714508
0.712685
0.710853
0.709008
0.707216
0.705241
0.703457
0.701586
0.699585
0.697813
0.695940
0.694162
0.692366
0.690551
0.688631
0.686733
0.684952
0.683040
0.681241
0.679405
0.677611
0.675716
0.673782
0.671861
0.669970
0.667969
0.666076
0.664215
0.662289
0.660345
0.658357
0.656388
0.654420
0.652441
0.650514
0.648475
0.646532
0.644549
0.642664
0.640554
0.638603
0.636648
0.634666
0.632649
0.630718
0.628669
0.626762
0.624734
0.622740
0.620778
0.618832
0.616875
0.614860
0.612891
0.610910
0.608932
0.606831
0.604698
0.602573
0.600483
0.598361
0.596228
0.594131
0.591942
0.589797
0.587622
0.585506
0.583295
0.581104
0.578990
0.576656
0.574424
0.572148
0.569862
0.567565
0.565259
0.563012
0.560646
0.558423
0.556186
0.553833
0.551467
0.549277
0.546775
0.544628
0.542183
0.539805
0.537485
0.535090
0.532830
0.530462
0.528080
0.525658
0.523420
0.521112
0.518872
0.516515
0.514396
0.512141
0.510076
0.507753
0.505733
0.503530
0.501339
0.499195
0.497008
0.494799
0.492626
0.490440
0.488200
0.486122
0.483879
0.481769
0.479560
0.477307
0.475182
0.472918
0.470745
0.468457
0.466417
0.464219
0.462165
0.460019
0.457949
0.455946
0.453920
0.451806
0.449814
0.447717
0.445606
0.443609
0.441523
0.439435
0.437401
0.435267
0.433272
0.431229
0.429093
0.427113
0.425024
0.422826
0.420844
0.418662
0.416576
0.414541
0.412529
0.410494
0.408601
0.406807
0.404936
0.403136
0.401335
0.399668
0.397949
0.396162
0.394544
0.392928
0.391382
0.389742
0.388249
0.386717
0.385213
0.383691
0.382129
0.380652
0.379160
0.377678
0.376334
0.374777
0.373383
0.371997
0.370633
0.369278
0.367943
0.366687
0.365442
0.364197
0.362999
0.361850
0.360742
0.359622
0.358521
0.357516
0.356488
0.355444
0.354388
0.353485
0.352556
0.351642
0.350787
0.349883
0.349008
0.348133
0.347466
0.346606
0.345944
0.345225
0.344557
0.343858
0.343157
0.342573
0.341758
0.341180
0.340575
0.339919
0.339211
0.338443
0.337828
0.337218
0.336596
0.335925
0.335301
0.334691
0.334085
0.333559
0.332843
0.332300
0.331700
0.330898
0.330178
0.329382
0.328681
0.327866
0.327127
0.326373
0.325539
0.324901
0.324087
0.323297
0.322548
0.321745
0.320999
0.320128
0.319273
0.318426
0.317531
0.316657
0.315705
0.314819
0.313984
0.312991
0.312082
0.311192
0.310234
0.309293
0.308347
0.307312
0.306280
0.305172
0.304135
0.303011
0.301861
0.300633
0.299387
0.298135
0.296713
0.295520
0.294106
0.292744
0.291440
0.290072
0.288710
0.287338
0.285870
0.284448
0.283040
0.281591
0.280142
0.278729
0.277236
0.275673
0.274234
0.272758
0.271264
0.269695
0.268125
0.266506
0.264936
0.263355
0.261693
0.260105
0.258509
0.256948
0.255398
0.253948
0.252475
0.251068
0.249627
0.248239
0.246690
0.245261
0.243820
0.242322
0.240923
0.239405
0.238047
0.236598
0.235235
0.233971
0.232447
0.231088
0.229673
0.228279
0.226855
0.225534
0.224216
0.222816
0.221589
0.220224
0.218877
0.217669
0.216499
0.215406
0.214299
0.213185
0.212334
0.211527
0.210883
0.210402
0.209782
0.209503
0.209040
0.208678
0.208353
0.207923
0.207659
0.207353
0.207140
0.206991
0.206856
0.206714
0.206449
0.206375
0.206345
0.206129
0.206060
0.206002
0.206051
0.205969
0.206046
0.206127
0.206287
0.206468
0.206683
0.206934
0.207231
0.207505
0.207899
0.208282
0.208638
0.209154
0.209710
0.210292
0.210978
0.211561
0.212265
0.212935
0.213743
0.214554
0.215151
0.215872
0.216049
0.216413
0.216963
0.217220
0.217937
0.218448
0.219000
0.219538
0.219927
0.220187
0.220594
0.220596
0.220579
0.220440
0.220463
0.220146
0.220143
0.220237
0.220141
0.219975
0.219996
0.220084
0.220194
0.220194
0.220024
0.219964
0.220092
0.219743
0.219748
0.219775
0.219792
0.219605
0.219607
0.219624
0.219593
0.219268
0.219243
0.219227
0.219149
0.218898
0.218949
0.219072
0.218922
0.218723
0.218667
0.218586
0.218272
0.218215
0.218035
0.218077
0.217581
0.217485
0.217229
0.217121
0.216584
0.216298
0.216252
0.215997
0.215575
0.215403
0.215153
0.214951
0.214341
0.214151
0.213818
0.213264
0.212975
0.212518
0.212025
0.211390
0.210783
0.210367
0.209798
0.208901
0.208384
0.207806
0.207230
0.206203
0.205457
0.204837
0.204126
0.203032
0.202323
0.201522
0.200728
0.199594
0.198727
0.197898
0.196722
0.195950
0.195039
0.194169
0.192882
0.191988
0.191186
0.190239
0.189053
0.188135
0.187346
0.186372
0.185142
0.184239
0.183347
0.182489
0.181226
0.180153
0.179115
0.177831
0.176769
0.175814
0.174781
0.173414
0.172419
0.171389
0.170272
0.168896
0.167878
0.166886
0.165827
0.164571
0.163562
0.162750
0.161713
0.160414
0.159464
0.158568
0.157623
0.156251
0.155385
0.154447
0.153070
0.152223
0.151346
0.150372
0.148971
0.148118
0.147165
0.146239
0.144939
0.143985
0.143109
0.142214
0.140895
0.139988
0.139089
0.138290
0.136931
0.136081
0.135253
0.133775
0.132999
0.132049
0.131175
0.129799
0.128932
0.127961
0.127044
0.125620
0.124851
0.123898
0.123045
0.121643
0.120832
0.120030
0.119140
0.117700
0.116878
0.116087
0.115308
0.113903
0.113072
0.112225
0.110841
0.110055
0.109304
0.108529
0.107223
0.106349
0.105612
0.104814
0.103459
0.102823
0.101982
0.101178
0.099869
0.099167
0.098480
0.097802
0.096596
0.095835
0.095242
0.093970
0.093280
0.092758
0.092150
0.090848
0.090302
0.089756
0.089241
0.087981
0.087352
0.086924
0.086455
0.085290
0.084866
0.084443
0.083963
0.082925
0.082487
0.082039
0.081039
0.080687
0.080361
0.080121
0.079086
0.078860
0.078491
0.078210
0.077370
0.077128
0.076929
0.076685
0.075808
0.075610
0.075428
0.075208
0.074241
0.074070
0.073940
0.073761
0.072920
0.072718
0.072525
0.071722
0.071598
0.071418
0.071332
0.070439
0.070387
0.070237
0.070164
0.069314
0.069291
0.069108
0.068681
0.067860
0.067835
0.067716
0.067748
0.066998
0.066895
0.066898
0.066128
0.066051
0.066122
0.066027
0.065319
0.065312
0.065319
0.065309
0.064522
0.064569
0.064593
0.064601
0.063785
0.063860
0.063844
0.063791
0.063000
0.063046
0.063056
0.063131
0.062252
0.062303
0.062382
0.061523
0.061592
0.061615
0.061689
0.060902
0.060936
0.061022
0.061145
0.060247
0.060482
0.060517
0.060613
0.059898
0.060051
0.060142
0.060285
0.059632
0.059747
0.059872
0.059207
0.059408
0.059460
0.059700
0.059090
0.059267
0.059411
0.059588
0.058922
0.059148
0.059300
0.059431
0.058821
0.059041
0.059250
0.059398
0.058760
0.058916
0.059135
0.059351
0.058670
0.058876
0.059082
0.058488
0.058669
0.058793
0.059088
0.058489
0.058659
0.058997
0.059128
0.058559
0.058792
0.059033
0.059212
0.058624
0.058863
0.059080
0.059374
0.058700
0.058891
0.059133
0.058564
0.058776
0.058981
0.059269
0.058577
0.058760
0.059057
0.059246
0.058632
0.058831
0.059068
0.059301
0.058698
0.058886
0.059079
0.059387
0.058710
0.058988
0.059169
0.059374
0.058836
0.059033
0.059182
0.058589
0.058786
0.058896
0.059190
0.058577
0.058743
0.058944
0.059134
0.058534
0.058733
0.058909
0.059102
0.058480
0.058710
0.058982
0.059100
0.058522
0.058754
0.058865
0.058371
0.058480
0.058725
0.058983
0.058419
0.058578
0.058844
0.059101
0.058469
0.058609
0.058929
0.059242
0.058459
0.058733
0.059028
0.059262
0.058585
0.058892
0.059065
0.059326
0.058682
0.058929
0.059162
0.058464
0.058753
0.059044
0.059266
0.058645
0.058910
0.059146
0.059324
0.058774
0.058952
0.059178
0.059535
0.058899
0.059007
0.059341
0.059654
0.058936
0.059184
0.059498
0.058857
0.059167
0.059347
0.059618
0.058938
0.059205
0.059452
0.059589
0.059080
0.059275
0.059562
0.059746
0.059137
0.059331
0.059663
0.059847
0.059240
0.059414
0.059631
0.059858
0.059250
0.059426
0.059630
0.059089
0.059247
0.059466
0.059552
0.058992
0.059153
0.059397
0.059596
0.058965
0.059243
0.059446
0.059557
0.058990
0.059178
0.059444
0.059534
0.058970
0.059114
0.059335
0.058711
0.058903
0.059160
0.059337
0.058698
0.058972
0.059035
0.059213
0.058683
0.058777
0.058950
0.059172
0.058516
0.058626
0.058871
0.059006
0.058454
0.058479
0.058685
0.058080
0.058216
0.058404
0.058503
0.057935
0.058109
0.058163
0.058426
0.057804
0.057938
0.058036
0.058215
0.057674
0.057890
0.058024
0.058142
0.057578
0.057865
0.057980
0.058097
0.057474
0.057806
0.057945
0.057313
0.057530
0.057775
0.057937
0.057343
0.057585
0.057786
0.057943
0.057346
0.057517
0.057767
0.057961
0.057411
0.057648
0.057741
0.058123
0.057454
0.057606
0.057801
0.057298
0.057394
0.057613
0.057892
0.057241
0.057420
0.057641
0.057936
0.057276
0.057501
0.057676
0.057911
0.057245
0.057480
0.057619
0.057872
0.057264
0.057486
0.057705
0.057951
0.057264
0.057552
0.057836
0.057188
0.057520
0.057759
0.057989
0.057377
0.057572
0.057839
0.058101
0.057471
0.057712
0.058004
0.058216
0.057550
0.057862
0.058043
0.058258
0.057633
0.057944
0.058103
0.057612
0.057895
0.058051
0.058232
0.057722
0.057945
0.058211
0.058479
0.057832
0.058008
0.058320
0.058453
0.057808
0.058139
0.058318
0.058456
0.057871
0.058096
0.058277
0.058437
0.057918
0.058143
0.058300
0.057755
0.057851
0.058118
0.058322
0.057680
0.057874
0.058118
0.058260
0.057615
0.057746
0.057956
0.058186
0.057538
0.057710
0.057940
0.058065
0.057480
0.057728
0.057808
0.057162
0.057385
0.057529
0.057806
0.057005
0.057252
0.057450
0.057556
0.056919
0.057063
0.057272
0.057513
0.056796
0.057092
0.057259
0.057431
0.056733
0.057113
0.057345
0.057561
0.056921
0.057143
0.057402
0.056798
0.056992
0.057207
0.057518
0.056804
0.057057
0.057355
0.057535
0.056899
0.057144
0.057363
0.057519
0.056898
0.057112
0.057405
0.057491
0.056885
0.057144
0.057371
0.056664
0.056841
0.057063
0.057323
0.056668
0.056749
0.057117
0.057324
0.056670
0.056930
0.057132
0.057301
0.056672
0.056878
0.057147
0.057412
0.056726
0.056975
0.057228
0.057460
0.056810
0.057088
0.057347
0.056638
0.056831
0.057174
0.057436
0.056881
0.057057
0.057319
0.057582
0.057006
0.057167
0.057431
0.057697
0.057137
0.057319
0.057592
0.057816
0.057250
0.057477
0.057747
0.057155
0.057323
0.057600
0.057892
0.057209
0.057554
0.057738
0.057896
0.057360
0.057605
0.057793
0.057971
0.057482
0.057689
0.057829
0.058096
0.057422
0.057738
0.057918
0.058124
0.057553
0.057723
0.057975
0.057252
0.057607
0.057786
0.057968
0.057274
0.057517
0.057780
0.057898
0.057307
0.057493
0.057641
0.057870
0.057240
0.057361
0.057601
0.057798
0.057190
0.057376
0.057482
0.056917
0.057115
0.057211
0.057491
0.056957
0.057115
0.057274
0.057716
0.057010
0.057188
0.057524
0.057881
0.057270
0.057452
0.057727
0.058049
0.057534
0.057681
0.057995
0.057471
0.057735
0.057937
0.058213
0.057634
0.057967
0.058173
0.058503
0.057913
0.058096
0.058313
0.058572
0.058055
0.058221
0.058468
0.058731
0.058110
0.058315
0.058571
0.058773
0.058127
0.058402
0.058524
0.058014
0.058211
0.058371
0.058597
0.057982
0.058146
0.058330
0.058484
0.057915
0.058031
0.058309
0.058514
0.057788
0.057957
0.058125
0.058221
0.057641
0.057842
0.057929
0.057277
0.057494
0.057802
0.057932
0.057409
0.057712
0.057957
0.058202
0.057762
0.057907
0.058085
0.058532
0.057893
0.058056
0.058369
0.058616
0.058093
0.058267
0.058563
0.058788
0.058169
0.058435
0.058682
0.058074
0.058224
0.058490
0.058773
0.058208
0.058371
0.058590
0.058808
0.058170
0.058353
0.058595
0.058761
0.058191
0.058362
0.058615
0.058788
0.058054
0.058245
0.058570
0.057847
0.058011
0.058211
0.058427
0.057856
0.057958
0.058153
0.058263
0.057627
0.057849
0.058050
0.058233
0.057625
0.057802
0.057922
0.058016
0.057476
0.057643
0.057848
0.057978
0.057442
0.057647
0.057685
0.057131
0.057367
0.057400
0.057610
0.056983
0.057170
0.057248
0.057467
0.056874
0.057022
0.057252
0.057412
0.056760
0.056968
0.057146
0.057335
0.056672
0.056826
0.057066
0.056427
0.056654
0.056830
0.057060
0.056455
0.056609
0.056855
0.057070
0.056428
0.056669
0.056853
0.057063
0.056439
0.056650
0.056864
0.057074
0.056337
0.056675
0.056823
0.056995
0.056426
0.056584
0.056716
0.056101
0.056380
0.056489
0.056708
0.056160
0.056342
0.056519
0.056711
0.056081
0.056252
0.056446
0.056663
0.056012
0.056208
0.056451
0.056558
0.055952
0.056105
0.056321
0.055637
0.055882
0.056001
0.056295
0.055582
0.055762
0.055999
0.056182
0.055579
0.055893
0.055944
0.056243
0.055761
0.055918
0.056147
0.056405
0.055830
0.056118
0.056381
0.056575
0.055999
0.056351
0.056521
0.055972
0.056152
0.056475
0.056706
0.056118
0.056360
0.056631
0.056912
0.056278
0.056565
0.056767
0.056999
0.056408
0.056721
0.056974
0.057153
0.056522
0.056791
0.056997
0.056473
0.056782
0.056920
0.057128
0.056557
0.056825
0.056941
0.057176
0.056693
0.056831
0.057081
0.057322
0.056841
0.056951
0.057260
0.057525
0.056829
0.057095
0.057357
0.057626
0.056884
0.057220
0.057463
0.056898
0.057107
0.057311
0.057552
0.056908
0.057229
0.057519
0.057718
0.057077
0.057346
0.057643
0.057844
0.057311
0.057500
0.057770
0.058020
0.057458
0.057662
0.058028
0.057423
0.057583
0.057963
0.058099
0.057533
0.057896
0.058091
0.058364
0.057833
0.058036
0.058280
0.058493
0.057937
0.058207
0.058435
0.058665
0.058136
0.058377
0.058601
0.058098
0.058372
0.058661
0.058789
0.058280
0.058587
0.058759
0.059023
0.058438
0.058661
0.058923
0.059176
0.058507
0.058879
0.058983
0.059281
0.058689
0.058910
0.059194
0.059367
0.058765
0.059003
0.059290
0.058656
0.058951
0.059114
0.059304
0.058770
0.058980
0.059169
0.059387
0.058804
0.059080
0.059326
0.059450
0.058912
0.059101
0.059296
0.059537
0.058992
0.059301
0.059387
0.058778
0.058892
0.059247
0.059395
0.058842
0.059032
0.059213
0.059430
0.058899
0.059113
0.059297
0.059471
0.058917
0.059172
0.059285
0.059480
0.059006
0.059161
0.059459
0.059567
0.059001
0.059206
0.059437
0.058870
0.058998
0.059202
0.059435
0.058890
0.059040
0.059241
0.059503
0.058894
0.059156
0.059307
0.059484
0.058875
0.059158
0.059330
0.059508
0.058985
0.059099
0.059332
0.058811
0.058987
0.059127
0.059361
0.058797
0.058948
0.059154
0.059411
0.058734
0.058908
0.059181
0.059328
0.058739
0.058938
0.059127
0.059318
0.058730
0.058869
0.059173
0.059281
0.058711
0.058964
0.059205
0.058630
0.058756
0.059016
0.059257
0.058632
0.058801
0.059058
0.059306
0.058705
0.058848
0.059042
0.059237
0.058746
0.058914
0.059153
0.059284
0.058728
0.058918
0.059073
0.058535
0.058777
0.058899
0.059094
0.058516
0.058755
0.058897
0.059157
0.058550
0.058672
0.058845
0.059106
0.058544
0.058691
0.058818
0.059107
0.058525
0.058666
0.058908
0.059081
0.058388
0.058578
0.058883
0.058210
0.058404
0.058546
0.058782
0.058096
0.058337
0.058519
0.058710
0.058048
0.058187
0.058420
0.058597
0.057923
0.058186
0.058365
0.058450
0.057880
0.057989
0.058205
0.057622
0.057760
0.058058
0.058178
0.057591
0.057799
0.058022
0.058223
0.057654
0.057902
0.058127
0.058258
0.057743
0.057949
0.058141
0.058301
0.057754
0.057958
0.058135
0.058339
0.057748
0.057957
0.058153
0.057557
0.057805
0.058016
0.058100
0.057592
0.057815
0.058027
0.058137
0.057642
0.057811
0.057959
0.058136
0.057598
0.057753
0.057862
0.058105
0.057514
0.057644
0.057797
0.057390
0.057475
0.057682
0.057926
0.057348
0.057533
0.057790
0.058014
0.057488
0.057682
0.057901
0.058122
0.057543
0.057704
0.057967
0.058236
0.057656
0.057796
0.058106
0.058372
0.057718
0.057932
0.058221
0.057726
0.057830
0.057979
0.058273
0.057822
0.057990
0.058207
0.058454
0.057848
0.058017
0.058283
0.058506
0.057964
0.058133
0.058419
0.058598
0.057967
0.058225
0.058428
0.057935
0.058062
0.058257
0.058503
0.057916
0.058138
0.058288
0.058531
0.057945
0.058182
0.058402
0.058580
0.058024
0.058150
0.058415
0.058620
0.058078
0.058135
0.058426
0.058627
0.058021
0.058193
0.058393
0.057895
0.058001
0.058155
0.058431
0.057803
0.057977
0.058064
0.058310
0.057776
0.057901
0.058079
0.058345
0.057793
0.057847
0.058070
0.058316
0.057675
0.057935
0.058088
0.057520
0.057766
0.057937
0.058066
0.057525
0.057610
0.057818
0.058147
0.057492
0.057666
0.057840
0.058095
0.057525
0.057761
0.057945
0.058191
0.057628
0.057810
0.058067
0.057498
0.057710
0.058010
0.058179
0.057584
0.057854
0.058088
0.058235
0.057746
0.057973
0.058183
0.058328
0.057783
0.058051
0.058267
0.058391
0.057829
0.058030
0.058288
0.058500
0.057904
0.058054
0.058334
0.057736
0.057958
0.058095
0.058303
0.057762
0.057918
0.058179
0.058325
0.057815
0.057941
0.058094
0.058312
0.057797
0.057999
0.058151
0.058409
0.057841
0.057964
0.058184
0.057673
0.057821
0.058137
0.058339
0.057766
0.057972
0.058207
0.058362
0.057914
0.058101
0.058281
0.058571
0.058026
0.058286
0.058421
0.058732
0.058117
0.058360
0.058652
0.058837
0.058311
0.058486
0.058689
0.058191
0.058408
0.058586
0.058788
0.058312
0.058457
0.058725
0.058999
0.058315
0.058602
0.058776
0.059139
0.058472
0.058717
0.058920
0.059121
0.058520
0.058760
0.058958
0.058303
0.058534
0.058802
0.058979
0.058385
0.058620
0.058775
0.059064
0.058356
0.058613
0.058832
0.058970
0.058442
0.058640
0.058814
0.059017
0.058375
0.058552
0.058821
0.059026
0.058358
0.058513
0.058714
0.058169
0.058278
0.058480
0.058682
0.058078
0.058182
0.058431
0.058711
0.058094
0.058203
0.058450
0.058608
0.057996
0.058229
0.058391
0.058576
0.058090
0.058245
0.058401
0.057947
0.058227
0.058320
0.058485
0.058055
0.058283
0.058435
0.058613
0.058153
0.058409
0.058578
0.058798
0.058340
0.058594
0.058697
0.058997
0.058461
0.058648
0.058936
0.059172
0.058603
0.058705
0.059051
0.058494
0.058652
0.058859
0.059095
0.058561
0.058751
0.058945
0.059158
0.058613
0.058774
0.058940
0.059149
0.058676
0.058819
0.058987
0.059176
0.058574
0.058857
0.059012
0.058477
0.058541
0.058779
0.058968
0.058405
0.058549
0.058701
0.058964
0.058490
0.058571
0.058710
0.058950
0.058402
0.058481
0.058860
0.059077
0.058419
0.058723
0.058900
0.059120
0.058577
0.058841
0.059040
0.058427
0.058712
0.058916
0.059160
0.058625
0.058786
0.059123
0.059302
0.058651
0.059016
0.059290
0.059380
0.058834
0.059164
0.059365
0.059542
0.058967
0.059279
0.059440
0.058864
0.059069
0.059358
0.059601
0.059016
0.059249
0.059385
0.059668
0.059151
0.059247
0.059446
0.059693
0.059170
0.059335
0.059468
0.059736
0.059210
0.059356
0.059622
0.059822
0.059167
0.059408
0.059718
0.059112
0.059214
0.059476
0.059767
0.059070
0.059238
0.059572
0.059772
0.059209
0.059311
0.059647
0.059827
0.059176
0.059328
0.059703
0.059770
0.059187
0.059407
0.059605
0.058912
0.059130
0.059401
0.059599
0.058912
0.059129
0.059395
0.059508
0.058885
0.059196
0.059366
0.059431
0.058882
0.059091
0.059251
0.059428
0.058826
0.059061
0.059237
0.058659
0.058807
0.059021
0.059264
0.058622
0.058816
0.058993
0.059188
0.058546
0.058796
0.059028
0.059138
0.058473
0.058830
0.058907
0.059060
0.058515
0.058703
0.058896
0.059067
0.058567
0.058704
0.058826
0.058349
0.058561
0.058727
0.058956
0.058347
0.058558
0.058791
0.058987
0.058371
0.058602
0.058812
0.058974
0.058392
0.058644
0.058839
0.058999
0.058253
0.058374
0.058580
0.057983
0.058208
0.058465
0.058601
0.057987
0.058164
0.058430
0.058552
0.057948
0.058245
0.058377
0.058543
0.057898
0.058218
0.058352
0.058496
0.057978
0.058125
0.058278
0.058494
0.057898
0.058034
0.058169
0.057694
0.057814
0.057946
0.058279
0.057783
0.057838
0.058107
0.058448
0.057725
0.057887
0.058224
0.058384
0.057809
0.058028
0.058229
0.058454
0.057903
0.058100
0.058324
0.057810
0.057927
0.058237
0.058414
0.057835
0.058085
0.058287
0.058507
0.057925
0.058176
0.058308
0.058509
0.057992
0.058248
0.058425
0.058601
0.058166
0.058290
0.058487
0.058799
0.058187
0.058328
0.058660
0.058126
0.058255
0.058354
0.058730
0.058188
0.058290
0.058508
0.058667
0.058176
0.058342
0.058539
0.058785
0.058223
0.058369
0.058592
0.058835
0.058272
0.058446
0.058577
0.058020
0.058219
0.058409
0.058609
0.058122
0.058165
0.058382
0.058580
0.058055
0.058200
0.058373
0.058534
0.058096
0.058155
0.058308
0.058533
0.057930
0.058106
0.058260
0.058504
0.057873
0.058137
0.058229
0.057643
0.057874
0.058128
0.058225
0.057687
0.057845
0.058030
0.058274
0.057692
0.057925
0.058041
0.058309
0.057736
0.057947
0.058125
0.058302
0.057789
0.057965
0.058191
0.057645
0.057873
0.057981
0.058230
0.057631
0.057884
0.058012
0.058253
0.057561
0.057773
0.058125
0.058211
0.057559
0.057949
0.058076
0.058166
0.057556
0.057964
0.058074
0.058237
0.057638
0.057857
0.058027
0.057443
0.057637
0.057792
0.057968
0.057388
0.057622
0.057795
0.058019
0.057355
0.057496
0.057827
0.057922
0.057319
0.057619
0.057815
0.058077
0.057398
0.057612
0.057832
0.057241
0.057455
0.057763
0.057877
0.057306
0.057546
0.057770
0.057974
0.057331
0.057659
0.057837
0.058000
0.057509
0.057686
0.057885
0.058118
0.057583
0.057670
0.057982
0.058191
0.057590
0.057830
0.057966
0.057504
0.057700
0.057812
0.058079
0.057551
0.057637
0.057812
0.058173
0.057506
0.057658
0.057861
0.058199
0.057530
0.057680
0.057941
0.058191
0.057523
0.057725
0.057994
0.057420
0.057572
0.057772
0.058018
0.057465
0.057661
0.057864
0.058117
0.057472
0.057647
0.057913
0.058165
0.057499
0.057763
0.058011
0.058109
0.057485
0.057780
0.057960
0.057301
0.057590
0.057791
0.057983
0.057364
0.057648
0.057808
0.058040
0.057534
0.057690
0.057847
0.058061
0.057484
0.057685
0.057932
0.058192
0.057477
0.057770
0.057956
0.058256
0.057531
0.057911
0.058143
0.057452
0.057629
0.057854
0.058151
0.057455
0.057719
0.057924
0.058109
0.057540
0.057778
0.057972
0.058113
0.057592
0.057774
0.058023
0.058291
0.057655
0.057832
0.058098
0.057502
0.057707
0.057816
0.058106
0.057545
0.057711
0.057931
0.058150
0.057613
0.057767
0.058006
0.058185
0.057554
0.057836
0.058038
0.058219
0.057562
0.057779
0.058028
0.058274
0.057642
0.057816
0.058016
0.057485
0.057674
0.057918
0.058078
0.057470
0.057711
0.057915
0.058099
0.057471
0.057733
0.057935
0.058165
0.057605
0.057761
0.058000
0.058187
0.057583
0.057868
0.058089
0.057475
0.057669
0.057911
0.058182
0.057523
0.057804
0.057937
0.058252
0.057631
0.057829
0.058075
0.058194
0.057726
0.057923
0.058120
0.058325
0.057723
0.057964
0.058185
0.058391
0.057834
0.058053
0.058238
0.057664
0.057977
0.058172
0.058288
0.057775
0.057972
0.058194
0.058426
0.057851
0.057981
0.058155
0.058500
0.057870
0.058023
0.058309
0.058571
0.057872
0.058070
0.058315
0.057744
0.057983
0.058160
0.058365
0.057785
0.057983
0.058229
0.058442
0.057787
0.058024
0.058205
0.058484
0.057811
0.058005
0.058296
0.058440
0.057852
0.058069
0.058322
0.058536
0.057883
0.058079
0.058285
0.057727
0.057946
0.058099
0.058240
0.057726
0.057875
0.058074
0.058266
0.057718
0.057866
0.058064
0.058302
0.057648
0.057824
0.058117
0.058304
0.057738
0.057824
0.058072
0.057446
0.057646
0.057840
0.058156
0.057486
0.057681
0.057813
0.058065
0.057416
0.057656
0.057879
0.058071
0.057413
0.057625
0.057847
0.058037
0.057382
0.057668
0.057828
0.058036
0.057425
0.057666
0.057801
0.057109
0.057416
0.057638
0.057825
0.057171
0.057386
0.057543
0.057847
0.057168
0.057342
0.057545
0.057845
0.057165
0.057316
0.057542
0.057776
0.057163
0.057336
0.057544
0.057009
0.057163
0.057382
0.057548
0.056925
0.057120
0.057406
0.057569
0.056902
0.057230
0.057472
0.057621
0.056921
0.057210
0.057449
0.057642
0.057008
0.057342
0.057455
0.057689
0.057167
0.057364
0.057456
0.056993
0.057281
0.057434
0.057578
0.057177
0.057345
0.057541
0.057824
0.057256
0.057412
0.057609
0.057913
0.057280
0.057479
0.057785
0.057999
0.057365
0.057566
0.057856
0.057261
0.057480
0.057720
0.057929
0.057347
0.057611
0.057784
0.057992
0.057499
0.057719
0.057871
0.058238
0.057628
0.057784
0.058068
0.058285
0.057629
0.057940
0.058228
0.058444
0.057696
0.058026
0.058268
0.057630
0.057897
0.058157
0.058358
0.057807
0.058051
0.058270
0.058508
0.057941
0.058116
0.058358
0.058640
0.058048
0.058226
0.058512
0.058753
0.058095
0.058404
0.058646
0.057988
0.058317
0.058471
0.058738
0.058146
0.058432
0.058609
0.058787
0.058259
0.058412
0.058700
0.058951
0.058326
0.058526
0.058812
0.059041
0.058460
0.058574
0.058884
0.058270
0.058465
0.058665
0.058931
0.058318
0.058535
0.058710
0.059042
0.058380
0.058649
0.058891
0.059070
0.058498
0.058719
0.058940
0.059125
0.058747
0.058813
0.058985
0.059346
0.058766
0.058878
0.059168
0.058675
0.058791
0.058946
0.059323
0.058753
0.058795
0.059149
0.059437
0.058754
0.058951
0.059395
0.059532
0.058801
0.059091
0.059398
0.059581
0.059004
0.059270
0.059442
0.058928
0.059201
0.059354
0.059575
0.059099
0.059291
0.059510
0.059797
0.059205
0.059334
0.059665
0.059929
0.059226
0.059488
0.059748
0.059996
0.059378
0.059664
0.059904
0.060062
0.059484
0.059856
0.059965
0.059420
0.059702
0.059855
0.060029
0.059547
0.059721
0.059959
0.060181
0.059608
0.059848
0.060022
0.060218
0.059650
0.059869
0.060110
0.060292
0.059651
0.059977
0.060107
0.059558
0.059711
0.059952
0.060103
0.059512
0.059775
0.059971
0.060167
0.059575
0.059771
0.060031
0.060139
0.059635
0.059742
0.060003
0.060160
0.059541
0.059738
0.059956
0.060148
0.059540
0.059693
0.059913
0.059371
0.059537
0.059734
0.059889
0.059303
0.059492
0.059691
0.059846
0.059305
0.059401
0.059620
0.059909
0.059291
0.059378
0.059711
0.059893
0.059204
0.059401
0.059688
0.059097
0.059224
0.059511
0.059734
0.059106
0.059315
0.059490
0.059646
0.059058
0.059359
0.059489
0.059578
0.059030
0.059272
0.059405
0.059626
0.059030
0.059183
0.059296
0.059560
0.058961
0.059137
0.059316
0.058725
0.058853
0.059052
0.059253
0.058711
0.058855
0.058917
0.059119
0.058480
0.058655
0.058875
0.059052
0.058412
0.058588
0.058766
0.058919
0.058321
0.058565
0.058721
0.058126
0.058259
0.058391
0.058591
0.057999
0.058126
0.058304
0.058480
0.057867
0.057951
0.058264
0.058443
0.057799
0.057867
0.058000
0.058348
0.057602
0.057734
0.057933
0.058199
0.057493
0.057695
0.057807
0.057191
0.057296
0.057562
0.057786
0.057079
0.057229
0.057431
0.057634
0.057010
0.057142
0.057258
0.057559
0.056900
0.057011
0.057193
0.057526
0.056811
0.057010
0.057126
0.056503
0.056767
0.056831
0.057069
0.056450
0.056696
0.056923
0.057144
0.056384
0.056672
0.056790
0.057072
0.056404
0.056647
0.056852
0.057026
0.056334
0.056645
0.056872
0.057064
0.056371
0.056548
0.056859
0.056236
0.056434
0.056519
0.056966
0.056272
0.056426
0.056562
0.056960
0.056221
0.056421
0.056649
0.056998
0.056286
0.056458
0.056732
0.056970
0.056324
0.056563
0.056750
0.056095
0.056451
0.056673
0.056795
0.056227
0.056495
0.056695
0.056990
0.056317
0.056606
0.056805
0.057028
0.056449
0.056738
0.056896
0.057095
0.056516
0.056762
0.056992
0.056384
0.056740
0.056829
0.057104
0.056542
0.056743
0.057009
0.057219
0.056611
0.056834
0.057106
0.057339
0.056770
0.056992
0.057196
0.057410
0.056844
0.057000
0.057269
0.057486
0.056936
0.057137
0.057278
0.056763
0.056986
0.057186
0.057440
0.056837
0.057100
0.057257
0.057537
0.056948
0.057126
0.057369
0.057720
0.057083
0.057194
0.057505
0.057812
0.057089
0.057313
0.057654
0.057028
0.057179
0.057443
0.057675
0.057071
0.057316
0.057538
0.057819
0.057141
0.057428
0.057650
0.057937
0.057276
0.057429
0.057675
0.057979
0.057359
0.057536
0.057745
0.058091
0.057476
0.057655
0.057907
0.057325
0.057521
0.057699
0.058001
0.057394
0.057543
0.057854
0.058073
0.057348
0.057653
0.057943
0.058185
0.057542
0.057784
0.057969
0.058269
0.057675
0.057875
0.058039
0.057453
0.057762
0.057964
0.058172
0.057612
0.057877
0.058032
0.058398
0.057811
0.057963
0.058163
0.058469
0.057900
0.058074
0.058336
0.058642
0.057936
0.058202
0.058451
0.058733
0.058088
0.058355
0.058605
0.057956
0.058308
0.058463
0.058760
0.058067
0.058331
0.058553
0.058804
0.058220
0.058418
0.058684
0.058849
0.058288
0.058512
0.058689
0.058948
0.058375
0.058553
0.058774
0.058225
0.058417
0.058705
0.058815
0.058308
0.058501
0.058701
0.058923
0.058371
0.058499
0.058676
0.059056
0.058414
0.058546
0.058860
0.059127
0.058457
0.058613
0.058879
0.059115
0.058414
0.058681
0.058926
0.058294
0.058526
0.058770
0.058971
0.058308
0.058503
0.058857
0.058973
0.058373
0.058548
0.058793
0.059020
0.058397
0.058572
0.058816
0.059047
0.058418
0.058592
0.058880
0.058315
0.058480
0.058699
0.058904
0.058329
0.058505
0.058636
0.058980
0.058290
0.058483
0.058638
0.058892
0.058242
0.058371
0.058663
0.058937
0.058261
0.058414
0.058691
0.058896
0.058218
0.058391
0.058690
0.058109
0.058192
0.058366
0.058643
0.058017
0.058191
0.058353
0.058532
0.057949
0.058209
0.058375
0.058596
0.057944
0.058185
0.058306
0.058578
0.057921
0.058101
0.058260
0.057701
0.057897
0.058077
0.058327
0.057633
0.057829
0.058037
0.058260
0.057680
0.057762
0.058017
0.058288
0.057587
0.057702
0.058016
0.058266
0.057587
0.057721
0.057925
0.058219
0.057540
0.057809
0.058000
0.057345
0.057547
0.057817
0.058025
0.057326
0.057657
0.057841
0.058068
0.057348
0.057700
0.057862
0.058069
0.057547
0.057748
0.057908
0.058090
0.057568
0.057791
0.057954
0.057392
0.057612
0.057792
0.058023
0.057347
0.057566
0.057791
0.058048
0.057373
0.057658
0.057822
0.058090
0.057389
0.057631
0.057908
0.058068
0.057431
0.057657
0.057907
0.058099
0.057496
0.057698
0.057902
0.057276
0.057561
0.057763
0.057950
0.057363
0.057583
0.057718
0.058105
0.057406
0.057626
0.057785
0.058148
0.057494
0.057716
0.058054
0.058149
0.057475
0.057782
0.058054
0.057433
0.057605
0.057935
0.058122
0.057433
0.057695
0.057922
0.058189
0.057567
0.057849
0.057988
0.058203
0.057767
0.057851
0.058056
0.058359
0.057807
0.057895
0.058168
0.057593
0.057832
0.058030
0.058291
0.057681
0.057880
0.058097
0.058315
0.057703
0.058012
0.058166
0.058456
0.057863
0.058103
0.058192
0.058593
0.057934
0.058132
0.058338
0.058577
0.058001
0.058198
0.058517
0.057783
0.058003
0.058290
0.058573
0.057900
0.058054
0.058317
0.058548
0.057881
0.058208
0.058386
0.058602
0.057988
0.058207
0.058433
0.058719
0.058151
0.058281
0.058515
0.057984
0.058152
0.058327
0.058606
0.058060
0.058153
0.058398
0.058737
0.058046
0.058223
0.058510
0.058805
0.058136
0.058332
0.058598
0.058917
0.058312
0.058418
0.058642
0.059055
0.058333
0.058552
0.058772
0.058253
0.058421
0.058640
0.058913
0.058277
0.058489
0.058752
0.058935
0.058319
0.058620
0.058772
0.059071
0.058429
0.058635
0.058856
0.059134
0.058457
0.058608
0.058919
0.058369
0.058499
0.058712
0.058956
0.058307
0.058496
0.058738
0.058972
0.058315
0.058549
0.058772
0.058993
0.058383
0.058553
0.058829
0.058969
0.058487
0.058749
0.058875
0.059082
0.058571
0.058789
0.058940
0.058305
0.058587
0.058852
0.058983
0.058366
0.058630
0.058829
0.058982
0.058497
0.058628
0.058894
0.059097
0.058499
0.058608
0.058807
0.059141
0.058454
0.058541
0.058848
0.058338
0.058425
0.058648
0.058891
0.058267
0.058385
0.058651
0.058896
0.058248
0.058430
0.058652
0.058854
0.058233
0.058408
0.058675
0.058809
0.058211
0.058431
0.058588
0.058811
0.058212
0.058410
0.058521
0.057987
0.058123
0.058409
0.058476
0.057987
0.058168
0.058254
0.058482
0.057948
0.058131
0.058263
0.058440
0.057914
0.058041
0.058312
0.058492
0.057833
0.058068
0.058295
0.057769
0.057880
0.058164
0.058322
0.057688
0.057881
0.058148
0.058331
0.057708
0.057911
0.058225
0.058360
0.057799
0.058011
0.058211
0.058436
0.057899
0.058094
0.058273
0.058454
0.057964
0.058106
0.058286
0.057805
0.058014
0.058134
0.058359
0.057902
0.058015
0.058209
0.058498
0.057899
0.058065
0.058279
0.058547
0.057946
0.058199
0.058393
0.058617
0.058033
0.058254
0.058484
0.057893
0.058117
0.058332
0.058455
0.058044
0.058133
0.058439
0.058608
0.058025
0.058284
0.058430
0.058643
0.058059
0.058231
0.058467
0.058639
0.058095
0.058283
0.058475
0.058648
0.058099
0.058229
0.058470
0.057957
0.058090
0.058257
0.058584
5.414538
5.414357
5.414134
5.414025
5.413350
5.412203
5.410413
5.408986
5.407097
5.406335
5.405899
5.405748
5.406495
5.406323
5.406971
5.406580
5.406235
5.405890
5.405482
5.404934
5.404438
5.403993
5.403496
5.402899
5.402260
5.401636
5.400838
5.400112
5.399265
5.398450
5.397481
5.396565
5.395503
5.394345
5.393246
5.392036
5.390693
5.389477
5.388086
5.386666
5.385321
5.383777
5.382177
5.380654
5.378982
5.377280
5.375527
5.373844
5.372006
5.370058
5.368200
5.366317
5.364417
5.362484
5.360495
5.358454
5.356438
5.354365
5.352277
5.350109
5.347966
5.345789
5.343558
5.341318
5.339098
5.336860
5.334452
5.332226
5.329833
5.327431
5.325013
5.322523
5.320129
5.317597
5.315294
5.312754
5.310420
5.307879
5.305354
5.302811
5.300219
5.297611
5.294916
5.292183
5.289561
5.286764
5.284125
5.281336
5.278575
5.275756
5.272956
5.270114
5.267273
5.264411
5.261528
5.258542
5.255651
5.252717
5.249834
5.246850
5.243900
5.240883
5.237759
5.234756
5.231793
5.228715
5.225728
5.222678
5.219727
5.216633
5.213634
5.210547
5.207529
5.204472
5.201317
5.198165
5.195049
5.191962
5.188836
5.185662
5.182548
5.179403
5.176253
5.173171
5.170034
5.166871
5.163668
5.160331
5.157073
5.153824
5.150614
5.147303
5.144065
5.140812
5.137469
5.134188
5.131033
5.127723
5.124383
5.121041
5.117712
5.114426
5.111235
5.107806
5.104495
5.101225
5.097923
5.094541
5.091204
5.087899
5.084572
5.081330
5.078041
5.074617
5.071332
5.068069
5.064732
5.061490
5.058240
5.054959
5.051705
5.048418
5.045066
5.041686
5.038447
5.035091
5.031697
5.028535
5.025074
5.021508
5.017966
5.014428
5.010781
5.007323
5.003973
5.000714
4.997412
4.994057
4.991042
4.987992
4.985044
4.982147
4.979334
4.976338
4.973481
4.970515
4.967520
4.964365
4.961359
4.958210
4.955211
4.952221
4.949347
4.946543
4.943561
4.940831
4.937860
4.934939
4.932138
4.929326
4.926513
4.923581
4.920705
4.917693
4.914882
4.911869
4.908890
4.905739
4.902502
4.899280
4.896099
4.892755
4.889514
4.886470
4.883528
4.880473
4.877327
4.874006
4.870743
4.867373
4.863938
4.860560
4.857008
4.853494
4.850043
4.846563
4.843031
4.839570
4.836121
4.832687
4.829298
4.825751
4.822216
4.818644
4.815104
4.811527
4.808147
4.804627
4.800967
4.797451
4.793979
4.790387
4.786844
4.783305
4.779758
4.776258
4.772715
4.769184
4.765621
4.762259
4.758793
4.755442
4.752075
4.748642
4.745335
4.741982
4.738484
4.735060
4.731523
4.728050
4.724534
4.720946
4.717515
4.714248
4.710774
4.707421
4.704082
4.700504
4.697025
4.693540
4.690119
4.686527
4.683069
4.679581
4.676209
4.672900
4.669511
4.666233
4.662884
4.659549
4.656244
4.652891
4.649624
4.646301
4.643058
4.639811
4.636582
4.633418
4.630176
4.626811
4.623565
4.620298
4.616887
4.613552
4.610287
4.607009
4.603732
4.600401
4.597214
4.593938
4.590667
4.587391
4.584083
4.580666
4.577375
4.573961
4.570613
4.567286
4.563919
4.560703
4.557380
4.554166
4.550803
4.547561
4.544261
4.540860
4.537455
4.534020
4.530632
4.527312
4.523932
4.520637
4.517293
4.514042
4.510832
4.507683
4.504342
4.501123
4.497801
4.494550
4.491269
4.487991
4.484756
4.481600
4.478422
4.475272
4.472088
4.468887
4.465649
4.462417
4.459146
4.455853
4.452550
4.449260
4.446074
4.442794
4.439586
4.436194
4.432942
4.429694
4.426462
4.423167
4.419912
4.416638
4.413445
4.410247
4.407019
4.403867
4.400569
4.397425
4.394176
4.390896
4.387667
4.384442
4.381148
4.378005
4.374698
4.371541
4.368422
4.365237
4.362065
4.358831
4.355829
4.352710
4.349680
4.346676
4.343613
4.340653
4.337579
4.334394
4.331316
4.328261
4.325122
4.321914
4.318970
4.316042
4.313077
4.310194
4.307308
4.304447
4.301434
4.298385
4.295333
4.292472
4.289521
4.286654
4.283767
4.280901
4.278179
4.275293
4.272573
4.269674
4.266822
4.263864
4.260936
4.258021
4.255232
4.252215
4.249450
4.246638
4.243843
4.241176
4.238303
4.235471
4.232735
4.229868
4.226916
4.224063
4.221208
4.218316
4.215496
4.212610
4.209716
4.206821
4.204008
4.201055
4.198212
4.195283
4.192359
4.189571
4.186811
4.183985
4.181121
4.178275
4.175506
4.172504
4.169601
4.166796
4.163934
4.161091
4.158574
4.156167
4.153211
4.149780
4.146375
4.143129
4.139929
4.137056
4.134103
4.130992
4.128296
4.125503
4.122928
4.120319
4.117564
4.114900
4.112244
4.109406
4.106467
4.103546
4.100716
4.097756
4.094884
4.092214
4.089489
4.086881
4.084264
4.081533
4.078664
4.075936
4.073159
4.070399
4.067556
4.064722
4.062105
4.059209
4.056717
4.054124
4.051523
4.048815
4.045994
4.043425
4.040976
4.038427
4.035984
4.033445
4.030760
4.028064
4.025502
4.022806
4.019826
4.016822
4.013799
4.010656
4.007631
4.004868
4.002115
3.999410
3.996542
3.993472
3.990474
3.987554
3.984528
3.981565
3.978526
3.975534
3.972765
3.969924
3.967192
3.964505
3.961725
3.958803
3.955694
3.952639
3.949625
3.946608
3.943829
3.940849
3.938252
3.935341
3.932674
3.929744
3.927064
3.924036
3.921238
3.918323
3.915296
3.912345
3.909407
3.906562
3.903445
3.900347
3.897358
3.894326
3.891409
3.888500
3.885478
3.882193
3.879074
3.875985
3.872898
3.869723
3.866863
3.863791
3.860885
3.857949
3.854907
3.851633
3.848552
3.845600
3.842704
3.839711
3.836919
3.833969
3.831069
3.828059
3.824948
3.821699
3.818455
3.815481
3.812594
3.809605
3.806702
3.803909
3.801192
3.798349
3.795394
3.792183
3.789007
3.785673
3.782657
3.779520
3.776569
3.773625
3.770791
3.768053
3.765329
3.762375
3.759603
3.756496
3.753289
3.750219
3.747003
3.743865
3.740813
3.737827
3.734938
3.732021
3.729086
3.726061
3.723026
3.719988
3.716937
3.713888
3.710919
3.707777
3.704762
3.701835
3.698912
3.695908
3.692899
3.689699
3.686624
3.683407
3.680302
3.677151
3.674193
3.671167
3.668104
3.665241
3.662099
3.659087
3.655921
3.652800
3.649609
3.646544
3.643508
3.640533
3.637362
3.634364
3.631384
3.628343
3.625235
3.622238
3.619173
3.616052
3.612873
3.609687
3.606573
3.603531
3.600549
3.597623
3.594664
3.591792
3.588833
3.585786
3.582917
3.579917
3.576999
3.574029
3.571072
3.568244
3.565444
3.562652
3.559906
3.557151
3.554370
3.551629
3.548912
3.546008
3.543349
3.540496
3.537616
3.534800
3.531959
3.529060
3.526205
3.523489
3.520759
3.517870
3.515072
3.512344
3.509514
3.506602
3.503757
3.500936
3.498102
3.495305
3.492581
3.489810
3.487320
3.484622
3.481961
3.479369
3.476645
3.473836
3.471026
3.468263
3.465566
3.462766
3.460071
3.457449
3.454834
3.452164
3.449694
3.447073
3.444353
3.441637
3.438738
3.436088
3.433296
3.430538
3.428368
3.426139
3.423998
3.421749
3.419559
3.417545
3.415262
3.413009
3.410832
3.408478
3.406333
3.403853
3.401482
3.399065
3.396776
3.394643
3.392736
3.390682
3.388260
3.386096
3.383629
3.381173
3.378843
3.376340
3.373911
3.371573
3.369098
3.366601
3.364127
3.361581
3.359382
3.357181
3.354907
3.352684
3.350599
3.348260
3.346067
3.343714
3.341420
3.339223
3.337030
3.334589
3.332427
3.330243
3.328012
3.325857
3.323672
3.321439
3.319155
3.316857
3.314628
3.312285
3.310127
3.307928
3.305624
3.303383
3.301244
3.299131
3.296832
3.294504
3.292238
3.289946
3.287608
3.285293
3.283144
3.280820
3.278405
3.276039
3.273492
3.270831
3.268206
3.265587
3.262938
3.260287
3.257761
3.255363
3.253026
3.250607
3.248205
3.245637
3.243305
3.240795
3.238315
3.235679
3.233094
3.230527
3.227969
3.225444
3.222978
3.220381
3.217906
3.215298
3.212807
3.210466
3.207848
3.205421
3.202746
3.200242
3.197807
3.195301
3.192678
3.190147
3.187571
3.184885
3.182249
3.179574
3.176900
3.174247
3.171519
3.169042
3.166700
3.164262
3.161951
3.159567
3.157120
3.154433
3.151714
3.148884
3.146117
3.143397
3.140741
3.138157
3.135574
3.132915
3.130546
3.128154
3.125589
3.123108
3.120281
3.117560
3.114816
3.112134
3.109284
3.106618
3.103969
3.101251
3.098617
3.096206
3.093688
3.091138
3.088460
3.085822
3.083116
3.080399
3.077607
3.074961
3.072256
3.069629
3.066986
3.064415
3.061704
3.059080
3.056337
3.053796
3.051078
3.048276
3.045447
3.042729
3.040020
3.037303
3.034665
3.032041
3.029672
3.027186
3.024788
3.022320
3.019857
3.017342
3.014867
3.012232
3.009669
3.007115
3.004663
3.002313
3.000169
2.998017
2.996077
2.993939
2.991791
2.989601
2.987329
2.984959
2.982737
2.980296
2.977980
2.975811
2.973572
2.971750
2.969773
2.967813
2.965694
2.963485
2.961223
2.959005
2.956678
2.954459
2.952185
2.949951
2.947703
2.945614
2.943479
2.941412
2.939177
2.937068
2.935004
2.932744
2.930506
2.928333
2.926110
2.923965
2.921861
2.919841
2.917897
2.915694
2.913745
2.911732
2.909580
2.907434
2.905362
2.903133
2.901152
2.898993
2.897012
2.895084
2.893198
2.891191
2.889240
2.887323
2.885372
2.883326
2.881130
2.879034
2.877020
2.874934
2.872851
2.870878
2.868930
2.866883
2.864898
2.862770
2.860727
2.858722
2.856810
2.854894
2.853129
2.851283
2.849342
2.847510
2.845731
2.843849
2.842015
2.840123
2.838329
2.836470
2.834575
2.832763
2.830994
2.829358
2.827747
2.826050
2.824413
2.822611
2.820697
2.818810
2.816828
2.814937
2.813085
2.811215
2.809428
2.807582
2.805489
2.803718
2.801575
2.799601
2.797417
2.795509
2.794275
2.792731
2.791260
2.789552
2.787672
2.785577
2.783745
2.781726
2.779714
2.777746
2.775748
2.773834
2.771906
2.769857
2.767849
2.765802
2.763684
2.761738
2.759688
2.757678
2.755680
2.753703
2.751735
2.749703
2.747725
2.745802
2.743690
2.741859
2.739955
2.738006
2.736156
2.734056
2.732181
2.730138
2.727898
2.726040
2.724334
2.722615
2.721057
2.719354
2.717600
2.715845
2.714093
2.712147
2.710333
2.708381
2.706406
2.704392
2.702314
2.700398
2.698246
2.696373
2.694263
2.692086
2.690000
2.687764
2.685718
2.683663
2.681416
2.679128
2.677120
2.674953
2.672834
2.670714
2.668679
2.666384
2.664122
2.661996
2.659620
2.657133
2.654680
2.652408
2.650112
2.647810
2.645589
2.642978
2.640554
2.638087
2.635526
2.632969
2.630382
2.627771
2.625128
2.622370
2.619651
2.616944
2.614063
2.611371
2.608718
2.606002
2.603432
2.600848
2.598235
2.595406
2.592728
2.589797
2.586829
2.584268
2.582059
2.579718
2.577367
2.575336
2.573408
2.571385
2.569248
2.566753
2.564147
2.561250
2.558384
2.555522
2.552755
2.549834
2.546881
2.544114
2.541180
2.538267
2.535387
2.532734
2.529935
2.527721
2.525776
2.523798
2.521775
2.519725
2.517453
2.515203
2.512810
2.510286
2.507907
2.505482
2.502889
2.500084
2.497350
2.494515
2.491771
2.488965
2.486178
2.483421
2.480794
2.478148
2.475896
2.473631
2.471275
2.469071
2.466754
2.464411
2.462009
2.459736
2.457119
2.454543
2.451869
2.449329
2.446825
2.444590
2.442414
2.440249
2.438278
2.436275
2.434262
2.431910
2.429566
2.427210
2.424640
2.422159
2.419698
2.417249
2.414960
2.412754
2.410779
2.408842
2.406715
2.404447
2.402034
2.399592
2.396972
2.394480
2.391765
2.388969
2.386205
2.383611
2.380874
2.378220
2.375535
2.372793
2.370081
2.367340
2.364552
2.361736
2.358907
2.356134
2.353357
2.350553
2.347839
2.345309
2.343008
2.340994
2.338760
2.336488
2.333896
2.331515
2.329138
2.327067
2.324928
2.322803
2.320871
2.318723
2.316768
2.314816
2.312718
2.310577
2.308456
2.306115
2.303862
2.301565
2.299255
2.296950
2.294815
2.292502
2.290394
2.288346
2.286379
2.284447
2.282360
2.280255
2.278110
2.276091
2.273869
2.271720
2.269612
2.267511
2.265367
2.263361
2.261405
2.259264
2.257216
2.255165
2.252975
2.250739
2.248582
2.246489
2.244400
2.242384
2.240820
2.238807
2.237071
2.234842
2.233159
2.231689
2.229619
2.228092
2.225387
2.223537
2.221554
2.219628
2.217704
2.215596
2.213188
2.210922
2.208458
2.206084
2.203658
2.201314
2.198922
2.196721
2.194436
2.191959
2.189710
2.187530
2.185458
2.183124
2.180774
2.178379
2.175818
2.173407
2.170669
2.168022
2.165414
2.162708
2.159970
2.157239
2.154521
2.151725
2.149008
2.146284
2.143597
2.140813
2.138081
2.135354
2.132835
2.130178
2.127529
2.124948
2.122325
2.119699
2.116998
2.114423
2.112161
2.109897
2.107546
2.105377
2.103163
2.100934
2.098683
2.096311
2.093859
2.091453
2.089130
2.086734
2.084177
2.081716
2.079396
2.077023
2.074665
2.072320
2.069835
2.067323
2.064851
2.062273
2.059480
2.056975
2.054251
2.051567
2.048942
2.046247
2.043672
2.040909
2.038182
2.035254
2.032538
2.029708
2.026772
2.023994
2.021267
2.018369
2.015531
2.012650
2.009911
2.007000
2.004161
2.001345
1.998532
1.995595
1.992746
1.989975
1.987209
1.984314
1.981620
1.978641
1.975932
1.973067
1.970390
1.967636
1.964882
1.962151
1.959510
1.956809
1.954208
1.951457
1.948882
1.946226
1.943563
1.940840
1.938119
1.935236
1.932453
1.929687
1.926921
1.924266
1.921509
1.918929
1.916273
1.913453
1.910654
1.907866
1.904918
1.901987
1.898902
1.896060
1.893082
1.890226
1.887420
1.884689
1.881913
1.878993
1.876083
1.873320
1.870518
1.867580
1.864648
1.861609
1.858816
1.855867
1.853080
1.850127
1.847279
1.844455
1.841658
1.838875
1.836123
1.833098
1.830071
1.827357
1.824592
1.821919
1.819026
1.816262
1.813316
1.810633
1.808064
1.805365
1.802744
1.799958
1.797237
1.794315
1.791698
1.788994
1.786379
1.783563
1.780814
1.777985
1.775402
1.772720
1.770020
1.767252
1.764394
1.761733
1.758914
1.756406
1.753773
1.751236
1.748656
1.746038
1.743487
1.741135
1.738563
1.736127
1.733542
1.730935
1.728439
1.725843
1.723358
1.720816
1.718343
1.715902
1.713499
1.711083
1.708659
1.706256
1.703810
1.701344
1.698898
1.696165
1.693856
1.691435
1.689164
1.687176
1.685063
1.682991
1.681010
1.678950
1.676911
1.674797
1.672609
1.670497
1.668572
1.666043
1.663600
1.661118
1.658987
1.657031
1.654850
1.652612
1.649554
1.646921
1.644410
1.641873
1.639195
1.636371
1.633775
1.631266
1.628973
1.626671
1.624294
1.621885
1.619262
1.616534
1.613666
1.610929
1.608219
1.605409
1.602632
1.599785
1.596911
1.594162
1.591263
1.588402
1.585543
1.582639
1.579811
1.576898
1.573942
1.571174
1.568563
1.565823
1.563230
1.560436
1.557797
1.555043
1.552315
1.549529
1.546606
1.543593
1.540754
1.537738
1.534750
1.531799
1.528956
1.526138
1.522961
1.520269
1.517656
1.514836
1.511859
1.508836
1.505871
1.503104
1.500242
1.497309
1.494422
1.491447
1.488522
1.485527
1.482617
1.479692
1.476691
1.473593
1.470457
1.467259
1.464083
1.460812
1.457617
1.454483
1.451278
1.447975
1.444673
1.441362
1.437973
1.434715
1.431291
1.428019
1.424652
1.421236
1.417772
1.414470
1.411032
1.407673
1.404495
1.401285
1.398252
1.395112
1.391977
1.388802
1.385693
1.382622
1.379543
1.376421
1.373459
1.370209
1.367154
1.364105
1.361105
1.357927
1.354943
1.351895
1.348706
1.345761
1.342712
1.339669
1.336596
1.333550
1.330467
1.327414
1.324386
1.321223
1.318187
1.314995
1.311905
1.308803
1.305710
1.302640
1.299506
1.296279
1.293160
1.290061
1.286974
1.283962
1.280893
1.277822
1.274644
1.271708
1.268675
1.265818
1.262667
1.259563
1.256550
1.253511
1.250442
1.247509
1.244515
1.241467
1.238484
1.235501
1.232502
1.229495
1.226468
1.223510
1.220578
1.217633
1.214634
1.211654
1.208763
1.205782
1.202845
1.199899
1.196996
1.194083
1.191096
1.188294
1.185293
1.182474
1.179604
1.176520
1.173694
1.170898
1.168002
1.165201
1.162381
1.159508
1.156735
1.153830
1.151004
1.148171
1.145350
1.142594
1.139827
1.137108
1.134472
1.131765
1.129143
1.126605
1.124025
1.121350
1.118716
1.116111
1.113532
1.110939
1.108353
1.105818
1.103398
1.100936
1.098479
1.096111
1.093554
1.091207
1.088694
1.086204
1.083782
1.081260
1.078999
1.076832
1.074532
1.072409
1.070199
1.067907
1.065635
1.063342
1.060967
1.058655
1.056294
1.054024
1.051893
1.049885
1.047652
1.045631
1.043681
1.041524
1.039324
1.036790
1.034595
1.032249
1.030601
1.028720
1.026644
1.024471
1.021667
1.019450
1.017680
1.015968
1.014108
1.012165
1.009981
1.008108
1.006034
1.003872
1.001525
0.999304
0.997379
0.995406
0.993466
0.991570
0.989642
0.987737
0.985833
0.983888
0.982068
0.980291
0.978489
0.976738
0.975020
0.973393
0.971672
0.970163
0.968522
0.966955
0.965414
0.963777
0.962246
0.960740
0.959321
0.957769
0.956103
0.954136
0.952236
0.951036
0.949654
0.948369
0.947092
0.945391
0.943896
0.942664
0.941108
0.939359
0.937495
0.935820
0.934009
0.932271
0.930464
0.928692
0.926975
0.924927
0.922968
0.920987
0.918916
0.916893
0.914887
0.912912
0.910856
0.908887
0.906868
0.904786
0.902790
0.900575
0.898532
0.896404
0.894095
0.891778
0.889608
0.887354
0.885081
0.882755
0.880383
0.878013
0.875612
0.873089
0.870639
0.868196
0.865736
0.863235
0.860715
0.858235
0.855638
0.853132
0.850678
0.848220
0.845652
0.843091
0.840559
0.837870
0.835349
0.832726
0.830122
0.827345
0.824680
0.822108
0.819217
0.816458
0.813596
0.810817
0.807836
0.804939
0.801844
0.798806
0.795841
0.792892
0.789939
0.786877
0.783886
0.781033
0.778039
0.775167
0.772193
0.769241
0.766338
0.763302
0.760353
0.757621
0.754662
0.751690
0.748815
0.745950
0.743116
0.740318
0.737430
0.734649
0.731792
0.728958
0.726169
0.723544
0.720725
0.717909
0.715014
0.712122
0.709467
0.706565
0.703794
0.701121
0.698390
0.695494
0.692780
0.690044
0.687292
0.684496
0.681819
0.679119
0.676402
0.673806
0.671061
0.668422
0.665938
0.663252
0.660686
0.658131
0.655691
0.653047
0.650534
0.648019
0.645410
0.642791
0.640272
0.637673
0.635145
0.632586
0.629995
0.627399
0.624930
0.622262
0.619788
0.617225
0.614646
0.612178
0.609736
0.607269
0.604779
0.602363
0.599914
0.597479
0.595065
0.592564
0.590305
0.587758
0.586128
0.584668
0.582931
0.581186
0.579511
0.577304
0.575699
0.573681
0.571362
0.569467
0.567697
0.565814
0.564263
0.562678
0.561222
0.559531
0.557967
0.556367
0.554620
0.552954
0.551312
0.549618
0.547826
0.546260
0.544480
0.542823
0.541144
0.539569
0.537711
0.536080
0.534473
0.532783
0.531145
0.529512
0.527754
0.526148
0.524260
0.522670
0.520970
0.519175
0.517719
0.516136
0.514477
0.512988
0.511502
0.509819
0.508320
0.506736
0.505107
0.503556
0.501936
0.500353
0.498685
0.496939
0.495406
0.493748
0.492032
0.490391
0.488759
0.487077
0.485366
0.483732
0.481998
0.480216
0.478530
0.476803
0.475058
0.473251
0.471462
0.469613
0.467765
0.465918
0.464063
0.462153
0.460336
0.458449
0.456486
0.454669
0.452759
0.450770
0.448919
0.447028
0.445003
0.443097
0.441139
0.439170
0.437252
0.435192
0.433326
0.431347
0.429276
0.427127
0.425009
0.422910
0.420630
0.418620
0.416432
0.414115
0.411931
0.409750
0.407561
0.405332
0.403256
0.401108
0.398993
0.396740
0.394515
0.392247
0.390006
0.387758
0.385519
0.383374
0.381020
0.378811
0.376611
0.374365
0.372168
0.370001
0.367812
0.365552
0.363337
0.361115
0.358971
0.356864
0.354726
0.352565
0.350335
0.348224
0.346104
0.344010
0.341857
0.339756
0.337601
0.335544
0.333407
0.331387
0.329259
0.327194
0.325110
0.323049
0.321077
0.318953
0.317074
0.314977
0.313060
0.311078
0.309136
0.306983
0.305004
0.303098
0.301086
0.299128
0.297095
0.295100
0.293209
0.291280
0.289279
0.287320
0.285312
0.283409
0.281571
0.279720
0.278031
0.276279
0.274393
0.272491
0.270666
0.268737
0.266697
0.264814
0.262922
0.261073
0.259273
0.257502
0.255540
0.253798
0.251851
0.250071
0.248096
0.246219
0.244288
0.242380
0.240442
0.238482
0.236595
0.234577
0.232607
0.230658
0.228675
0.226683
0.224746
0.222850
0.220836
0.218870
0.216933
0.215031
0.213015
0.211229
0.209278
0.207432
0.205581
0.203668
0.201799
0.199963
0.198000
0.196221
0.194357
0.192565
0.190784
0.188948
0.187191
0.185453
0.183748
0.182056
0.180351
0.178719
0.177071
0.175501
0.173955
0.172417
0.170968
0.169478
0.168029
0.166660
0.165110
0.163725
0.162350
0.160938
0.159647
0.158236
0.157094
0.155787
0.154518
0.153282
0.151973
0.150806
0.149589
0.148373
0.147145
0.145969
0.144773
0.143566
0.142344
0.141171
0.140100
0.138932
0.137860
0.136762
0.135559
0.134408
0.133428
0.132218
0.131101
0.130005
0.129005
0.127860
0.126735
0.125686
0.124632
0.123610
0.122545
0.121513
0.120440
0.119451
0.118472
0.117528
0.116671
0.115626
0.114747
0.113887
0.112823
0.111862
0.110895
0.109937
0.109109
0.108170
0.107258
0.106391
0.105583
0.104774
0.103894
0.103008
0.102034
0.101245
0.100435
0.099567
0.098671
0.097920
0.097114
0.096197
0.095524
0.094838
0.094002
0.093195
0.092516
0.091781
0.090921
0.090135
0.089405
0.088556
0.087780
0.086988
0.086369
0.085657
0.084934
0.084293
0.083591
0.082860
0.082208
0.081512
0.080847
0.080248
0.079582
0.078916
0.078278
0.077608
0.077021
0.076544
0.075951
0.075345
0.074917
0.074210
0.073651
0.073084
0.072411
0.071927
0.071325
0.070805
0.070244
0.069780
0.069356
0.068922
0.068408
0.068022
0.067537
0.067006
0.066581
0.066143
0.065786
0.065340
0.064949
0.064523
0.064104
0.063686
0.063176
0.062751
0.062261
0.061876
0.061479
0.061062
0.060620
0.060194
0.059752
0.059318
0.058821
0.058405
0.058044
0.057591
0.057219
0.056726
0.056365
0.055972
0.055593
0.055244
0.054923
0.054544
0.054185
0.053727
0.053288
0.052879
0.052494
0.051989
0.051625
0.051229
0.050857
0.050453
0.050138
0.049786
0.049351
0.048878
0.048510
0.048245
0.047868
0.047481
0.047123
0.046872
0.046526
0.046237
0.046014
0.045741
0.045400
0.045143
0.044883
0.044551
0.044272
0.043986
0.043694
0.043317
0.043152
0.042740
0.042498
0.042165
0.041939
0.041619
0.041456
0.041205
0.040868
0.040652
0.040447
0.040090
0.039896
0.039663
0.039416
0.039281
0.039059
0.038888
0.038649
0.038409
0.038236
0.037967
0.037791
0.037661
0.037388
0.037162
0.037018
0.036893
0.036621
0.036568
0.036303
0.036104
0.035893
0.035785
0.035551
0.035394
0.035176
0.035016
0.034824
0.034718
0.034570
0.034417
0.034211
0.034083
0.033848
0.033745
0.033530
0.033415
0.033306
0.033073
0.033016
0.032781
0.032661
0.032525
0.032307
0.032199
0.032084
0.031938
0.031851
0.031642
0.031486
0.031263
0.031121
0.031058
0.030881
0.030681
0.030554
0.030473
0.030292
0.030174
0.030046
0.029933
0.029954
0.029838
0.029717
0.029572
0.029463
0.029348
0.029152
0.029057
0.028906
0.028873
0.028649
0.028525
0.028520
0.028422
0.028272
0.028198
0.028223
0.028160
0.028088
0.028011
0.027952
0.027884
0.027872
0.027756
0.027748
0.027614
0.027629
0.027601
0.027573
0.027460
0.027442
0.027396
0.027360
0.027333
0.027274
0.027238
0.027190
0.027227
0.027250
0.027285
0.027249
0.027247
0.027273
0.027248
0.027287
0.027305
0.027235
0.027273
0.027317
0.027370
0.027392
0.027385
0.027372
0.027431
0.027434
0.027433
0.027436
0.027417
0.027434
0.027348
0.027408
0.027376
0.027377
0.027398
0.027338
0.027356
0.027307
0.027342
0.027276
0.027224
0.027172
0.027132
0.027109
0.027023
0.027109
0.027055
0.027083
0.027074
0.027126
0.027112
0.027107
0.027088
0.026988
0.026983
0.027049
0.026903
0.026791
0.026739
0.026641
0.026479
0.026310
0.026202
0.026255
0.026163
0.026075
0.026109
0.026094
0.026164
0.026105
0.026184
0.026134
0.026161
0.026190
0.026202
0.026280
0.026244
0.026258
0.026256
0.026238
0.026190
0.026276
0.026226
0.026091
0.025977
0.025964
0.025910
0.025740
0.025713
0.025547
0.025368
0.025243
0.024966
0.024697
0.024428
0.024198
0.023987
0.023711
0.023476
0.023149
0.023009
0.022827
0.022535
0.022431
0.022281
0.022078
0.021922
0.021791
0.021630
0.021376
0.021307
0.021108
0.020993
0.020879
0.020655
0.020492
0.020355
0.020180
0.020061
0.019934
0.019860
0.019751
0.019602
0.019425
0.019259
0.019106
0.019076
0.018947
0.018918
0.018879
0.018842
0.018941
0.018831
0.019044
0.019036
0.019075
0.019209
0.019254
0.019276
0.019349
0.019453
0.019527
0.019703
0.019718
0.019878
0.020032
0.020092
0.020284
0.020387
0.020322
0.020443
0.020535
0.020656
0.020751
0.020892
0.021089
0.021230
0.021429
0.021573
0.021746
0.022000
0.022152
0.022448
0.022647
0.023001
0.023285
0.023539
0.023893
0.024098
0.024412
0.024561
0.024810
0.025050
0.025273
0.025453
0.025748
0.025959
0.026171
0.026378
0.026648
0.026836
0.027029
0.027245
0.027393
0.027600
0.027769
0.027938
0.028062
0.028309
0.028483
0.028682
0.028889
0.029127
0.029311
0.029533
0.029706
0.029847
0.030076
0.030131
0.030348
0.030472
0.030675
0.030900
0.031118
0.031234
0.031479
0.031581
0.031732
0.031874
0.032029
0.032200
0.032387
0.032466
0.032557
0.032813
0.032933
0.033074
0.033229
0.033324
0.033396
0.033546
0.033634
0.033732
0.033811
0.033858
0.033878
0.034134
0.034147
0.034249
0.034247
0.034352
0.034400
0.034474
0.034509
0.034576
0.034614
0.034671
0.034701
0.034705
0.034782
0.034924
0.034912
0.035029
0.035147
0.035198
0.035347
0.035401
0.035470
0.035615
0.035645
0.035723
0.035772
0.035866
0.035901
0.036064
0.036186
0.036462
0.036526
0.036670
0.036816
0.036840
0.036865
0.036904
0.036873
0.036955
0.036975
0.036987
0.036955
0.037017
0.036958
0.036840
0.036889
0.036933
0.036945
0.036962
0.036907
0.036882
0.036946
0.036914
0.036916
0.036890
0.036856
0.036852
0.036828
0.036805
0.036742
0.036734
0.036766
0.036825
0.036823
0.036897
0.036816
0.036925
0.036946
0.036947
0.037119
0.037166
0.037269
0.037375
0.037392
0.037393
0.037523
0.037582
0.037653
0.037674
0.037794
0.037760
0.037841
0.037831
0.037899
0.037980
0.038044
0.038052
0.038192
0.038193
0.038228
0.038297
0.038279
0.038360
0.038353
0.038371
0.038350
0.038401
0.038405
0.038527
0.038544
0.038558
0.038547
0.038601
0.038563
0.038584
0.038615
0.038625
0.038543
0.038405
0.038363
0.038219
0.038136
0.038045
0.037907
0.037892
0.037800
0.037567
0.037374
0.037065
0.036962
0.036654
0.036289
0.036001
0.035734
0.035473
0.035204
0.034922
0.034601
0.034215
0.033827
0.033546
0.033174
0.032948
0.032644
0.032390
0.032066
0.031781
0.031618
0.031308
0.031017
0.030800
0.030569
0.030398
0.030170
0.029962
0.029725
0.029482
0.029272
0.029079
0.028780
0.028557
0.028395
0.028190
0.027959
0.027860
0.027692
0.027549
0.027353
0.027179
0.027076
0.026949
0.026698
0.026558
0.026350
0.026178
0.026058
0.025976
0.025992
0.025869
0.025907
0.025823
0.025831
0.025849
0.025990
0.026024
0.026251
0.026405
0.026680
0.026926
0.027253
0.027468
0.027842
0.028075
0.028267
0.028475
0.028663
0.028833
0.029112
0.029297
0.029493
0.029760
0.030086
0.030300
0.030414
0.030686
0.030793
0.030994
0.031166
0.031277
0.031446
0.031682
0.031779
0.032003
0.032175
0.032252
0.032477
0.032592
0.032743
0.032859
0.032984
0.033163
0.033343
0.033488
0.033625
0.033753
0.033938
0.034055
0.034278
0.034353
0.034465
0.034557
0.034689
0.034772
0.034894
0.034931
0.035004
0.035148
0.035224
0.035254
0.035347
0.035441
0.035558
0.035726
0.035774
0.035771
0.035948
0.035931
0.036081
0.036073
0.036101
0.036076
0.036166
0.036299
0.036364
0.036323
0.036474
0.036497
0.036500
0.036611
0.036567
0.036579
0.036622
0.036618
0.036629
0.036714
0.036776
0.036885
0.036962
0.037056
0.037115
0.037186
0.037323
0.037282
0.037333
0.037411
0.037453
0.037587
0.037637
0.037740
0.037883
0.038012
0.038056
0.038132
0.038139
0.038279
0.038307
0.038353
0.038424
0.038471
0.038519
0.038559
0.038578
0.038619
0.038662
0.038673
0.038659
0.038692
0.038667
0.038638
0.038614
0.038648
0.038545
0.038516
0.038489
0.038437
0.038424
0.038322
0.038123
0.038238
0.038141
0.037980
0.037999
0.037842
0.037795
0.037701
0.037698
0.037554
0.037515
0.037382
0.037320
0.037302
0.037282
0.037245
0.037241
0.037212
0.037179
0.037109
0.037071
0.037024
0.036950
0.036851
0.036857
0.036748
0.036687
0.036682
0.036666
0.036581
0.036480
0.036508
0.036476
0.036489
0.036424
0.036386
0.036448
0.036448
0.036542
0.036619
0.036656
0.036731
0.036687
0.036713
0.036757
0.036813
0.036754
0.036779
0.036766
0.036814
0.036823
0.036827
0.036936
0.036868
0.036900
0.036882
0.036873
0.036882
0.036818
0.036894
0.036831
0.036838
0.036868
0.036915
0.036944
0.036953
0.036949
0.036945
0.036912
0.036930
0.036983
0.037025
0.037003
0.037075
0.037034
0.037070
0.037118
0.037119
0.037145
0.037140
0.037146
0.037103
0.037095
0.037053
0.037121
0.037066
0.037096
0.037066
0.037030
0.036992
0.037015
0.037024
0.036915
0.036902
0.036930
0.036925
0.036856
0.036776
0.036834
0.036751
0.036731
0.036677
0.036568
0.036526
0.036476
0.036356
0.036346
0.036315
0.036218
0.036179
0.036122
0.036109
0.036051
0.036019
0.036020
0.036008
0.036021
0.035987
0.036008
0.036033
0.035961
0.035969
0.035977
0.036009
0.035906
0.035997
0.035951
0.036003
0.035995
0.035994
0.036060
0.035936
0.035996
0.036015
0.036107
0.035989
0.035950
0.036039
0.036024
0.035941
0.036005
0.036039
0.036015
0.036087
0.036075
0.036137
0.036065
0.036099
0.036169
0.036093
0.036058
0.036070
0.036131
0.036068
0.036085
0.036163
0.036185
0.036162
0.036252
0.036233
0.036372
0.036318
0.036377
0.036396
0.036448
0.036448
0.036399
0.036479
0.036515
0.036585
0.036705
0.036784
0.036846
0.036866
0.036975
0.037040
0.037054
0.037031
0.037008
0.037157
0.037150
0.037265
0.037300
0.037334
0.037392
0.037420
0.037475
0.037497
0.037468
0.037531
0.037558
0.037543
0.037515
0.037566
0.037563
0.037514
0.037582
0.037550
0.037477
0.037566
0.037510
0.037493
0.037429
0.037392
0.037247
0.037275
0.037237
0.037171
0.037103
0.037067
0.037056
0.037020
0.036968
0.036905
0.036820
0.036849
0.036793
0.036754
0.036718
0.036666
0.036647
0.036530
0.036499
0.036489
0.036454
0.036400
0.036346
0.036346
0.036377
0.036247
0.036278
0.036282
0.036275
0.036175
0.036216
0.036205
0.036234
0.036208
0.036204
0.036151
0.036132
0.036180
0.036143
0.036145
0.036106
0.036154
0.036147
0.036142
0.036181
0.036139
0.036116
0.036181
0.036177
0.036091
0.036056
0.036078
0.036122
0.036070
0.036082
0.036049
0.036116
0.036082
0.036087
0.036111
0.036095
0.036173
0.036169
0.036204
0.036240
0.036307
0.036281
0.036308
0.036366
0.036353
0.036391
0.036433
0.036378
0.036400
0.036427
0.036543
0.036531
0.036579
0.036610
0.036553
0.036638
0.036676
0.036591
0.036673
0.036644
0.036621
0.036601
0.036623
0.036574
0.036577
0.036590
0.036586
0.036509
0.036537
0.036469
0.036419
0.036387
0.036345
0.036336
0.036283
0.036205
0.036203
0.036212
0.036189
0.036191
0.036196
0.036189
0.036102
0.036093
0.036046
0.036052
0.036037
0.035906
0.035890
0.035858
0.035821
0.035767
0.035755
0.035741
0.035739
0.035754
0.035725
0.035703
0.035728
0.035673
0.035746
0.035706
0.035788
0.035715
0.035713
0.035749
0.035718
0.035733
0.035684
0.035699
0.035675
0.035648
0.035682
0.035704
0.035665
0.035687
0.035595
0.035656
0.035609
0.035536
0.035503
0.035461
0.035439
0.035403
0.035423
0.035419
0.035432
0.035357
0.035437
0.035389
0.035356
0.035381
0.035403
0.035380
0.035404
0.035452
0.035526
0.035544
0.035557
0.035564
0.035651
0.035628
0.035571
0.035593
0.035649
0.035687
0.035633
0.035700
0.035819
0.035783
0.035774
0.035867
0.035875
0.035968
0.035901
0.035952
0.035895
0.035921
0.035886
0.035897
0.035950
0.035981
0.035983
0.035974
0.035957
0.035987
0.035856
0.035845
0.035929
0.035866
0.035850
0.035805
0.035797
0.035794
0.035732
0.035825
0.035831
0.035832
0.035899
0.035901
0.035864
0.035841
0.035790
0.035796
0.035731
0.035740
0.035698
0.035721
0.035753
0.035721
0.035698
0.035672
0.035656
0.035638
0.035659
0.035663
0.035673
0.035680
0.035720
0.035740
0.035736
0.035750
0.035684
0.035608
0.035681
0.035648
0.035577
0.035583
0.035539
0.035556
0.035511
0.035549
0.035521
0.035387
0.035455
0.035403
0.035393
0.035455
0.035404
0.035380
0.035346
0.035316
0.035282
0.035278
0.035324
0.035314
0.035353
0.035390
0.035429
0.035401
0.035396
0.035351
0.035340
0.035322
0.035380
0.035336
0.035383
0.035390
0.035380
0.035426
0.035535
0.035540
0.035524
0.035608
0.035679
0.035543
0.035650
0.035608
0.035607
0.035620
0.035671
0.035644
0.035661
0.035722
0.035686
0.035619
0.035738
0.035673
0.035671
0.035614
0.035601
0.035530
0.035539
0.035525
0.035526
0.035578
0.035548
0.035544
0.035513
0.035504
0.035526
0.035540
0.035473
0.035498
0.035502
0.035453
0.035480
0.035449
0.035426
0.035441
0.035371
0.035387
0.035359
0.035402
0.035452
0.035470
0.035455
0.035420
0.035347
0.035412
0.035394
0.035401
0.035429
0.035451
0.035465
0.035530
0.035537
0.035620
0.035548
0.035532
0.035532
0.035487
0.035489
0.035489
0.035498
0.035475
0.035432
0.035465
0.035442
0.035399
0.035401
0.035426
0.035393
0.035336
0.035360
0.035295
0.035288
0.035339
0.035315
0.035370
0.035366
0.035374
0.035366
0.035360
0.035342
0.035355
0.035332
0.035326
0.035337
0.035387
0.035449
0.035476
0.035563
0.035535
0.035540
0.035532
0.035481
0.035537
0.035524
0.035563
0.035587
0.035581
0.035657
0.035678
0.035654
0.035684
0.035701
0.035602
0.035630
0.035689
0.035638
0.035619
0.035627
0.035614
0.035567
0.035561
0.035564
0.035522
0.035477
0.035444
0.035431
0.035426
0.035368
0.035369
0.035330
0.035317
0.035298
0.035321
0.035375
0.035391
0.035304
0.035291
0.035293
0.035243
0.035189
0.035190
0.035189
0.035164
0.035153
0.035151
0.035190
0.035203
0.035213
0.035162
0.035156
0.035160
0.035201
0.035249
0.035244
0.035239
0.035356
0.035323
0.035369
0.035382
0.035372
0.035368
0.035323
0.035294
0.035241
0.035272
0.035291
0.035269
0.035290
0.035291
0.035292
0.035353
0.035380
0.035368
0.035392
0.035458
0.035501
0.035511
0.035582
0.035542
0.035582
0.035639
0.035607
0.035611
0.035692
0.035752
0.035740
0.035791
0.035741
0.035780
0.035774
0.035813
0.035812
0.035738
0.035784
0.035725
0.035740
0.035681
0.035663
0.035680
0.035599
0.035588
0.035542
0.035552
0.035544
0.035522
0.035428
0.035503
0.035451
0.035385
0.035329
0.035310
0.035173
0.035148
0.035122
0.035101
0.035060
0.035045
0.034983
0.034889
0.034790
0.034778
0.034768
0.034723
0.034700
0.034713
0.034745
0.034682
0.034757
0.034751
0.034915
0.035029
0.035093
0.035095
0.035344
0.035392
0.035536
0.035627
0.035737
0.035841
0.035947
0.036114
0.036173
0.036261
0.036393
0.036512
0.036660
0.036799
0.036893
0.036959
0.037030
0.037038
0.037118
0.037167
0.037338
0.037471
0.037520
0.037656
0.037723
0.037704
0.037820
0.037879
0.037902
0.037973
0.038001
0.038017
0.038084
0.038093
0.038107
0.038139
0.038196
0.038355
0.038251
0.038311
0.038309
0.038300
0.038323
0.038289
0.038167
0.038187
0.038088
0.038107
0.038020
0.037971
0.037807
0.037673
0.037575
0.037448
0.037278
0.037136
0.037022
0.036965
0.036813
0.036698
0.036576
0.036481
0.036386
0.036272
0.036042
0.035898
0.035724
0.035619
0.035442
0.035206
0.035030
0.034847
0.034637
0.034420
0.034125
0.034021
0.033792
0.033606
0.033403
0.033270
0.032937
0.032797
0.032558
0.032426
0.032228
0.032060
0.031836
0.031747
0.031569
0.031446
0.031267
0.031187
0.031036
0.030970
0.030801
0.030742
0.030605
0.030448
0.030309
0.030174
0.030080
0.029894
0.029815
0.029722
0.029673
0.029531
0.029461
0.029302
0.029110
0.029020
0.028940
0.028836
0.028716
0.028598
0.028470
0.028345
0.028272
0.028153
0.028040
0.027898
0.027762
0.027663
0.027537
0.027482
0.027401
0.027343
0.027373
0.027302
0.027320
0.027317
0.027298
0.027337
0.027392
0.027325
0.027341
0.027368
0.027453
0.027453
0.027482
0.027374
0.027489
0.027504
0.027559
0.027612
0.027626
0.027598
0.027646
0.027709
0.027711
0.027715
0.027797
0.027851
0.027848
0.027942
0.028035
0.028083
0.028114
0.028138
0.028117
0.028147
0.028273
0.028288
0.028228
0.028284
0.028299
0.028293
0.028385
0.028488
0.028581
0.028652
0.028657
0.028841
0.028942
0.029013
0.029044
0.029131
0.029193
0.029213
0.029344
0.029411
0.029475
0.029545
0.029583
0.029712
0.029769
0.029903
0.030052
0.030231
0.030374
0.030519
0.030735
0.030879
0.031040
0.031183
0.031310
0.031420
0.031610
0.031677
0.031811
0.031940
0.032041
0.032196
0.032272
0.032404
0.032491
0.032546
0.032746
0.032861
0.033026
0.033123
0.033339
0.033479
0.033630
0.033771
0.034067
0.034138
0.034382
0.034584
0.034713
0.034981
0.035172
0.035338
0.035584
0.035753
0.035965
0.036170
0.036297
0.036595
0.036806
0.036995
0.037186
0.037473
0.037641
0.037822
0.038010
0.038151
0.038308
0.038478
0.038718
0.038915
0.039120
0.039319
0.039396
0.039532
0.039745
0.039757
0.039857
0.039929
0.040098
0.040180
0.040244
0.040353
0.040426
0.040443
0.040552
0.040557
0.040622
0.040670
0.040623
0.040696
0.040708
0.040691
0.040672
0.040664
0.040675
0.040572
0.040626
0.040569
0.040547
0.040523
0.040501
0.040479
0.040527
0.040489
0.040471
0.040392
0.040337
0.040313
0.040253
0.040266
0.040249
0.040238
0.040238
0.040254
0.040247
0.040293
0.040275
0.040335
0.040330
0.040344
0.040249
0.040296
0.040389
0.040423
0.040425
0.040551
0.040571
0.040683
0.040782
0.040846
0.040874
0.040949
0.041046
0.041190
0.041203
0.041340
0.041426
0.041510
0.041584
0.041704
0.041757
0.041879
0.041906
0.042084
0.042107
0.042191
0.042269
0.042390
0.042512
0.042627
0.042713
0.042835
0.042970
0.043088
