1.157447
1.046206
0.816588
0.584691
0.406890
0.300435
0.252124
0.239915
0.237672
0.236032
0.232870
0.228878
0.225226
0.221296
0.217984
0.214759
0.211861
0.208889
0.205201
0.202014
0.198844
0.195909
0.192727
0.189456
0.186330
0.183274
0.180345
0.176890
0.173729
0.170777
0.167547
0.164882
0.161816
0.158963
0.156113
0.153667
0.150623
0.148167
0.145515
0.142889
0.140443
0.137857
0.135613
0.133178
0.130593
0.128547
0.126096
0.123944
0.121898
0.119450
0.117646
0.115197
0.113553
0.111491
0.109572
0.107375
0.105601
0.103754
0.101958
0.099953
0.098507
0.096663
0.094891
0.093017
0.091572
0.089930
0.088206
0.086762
0.085138
0.083801
0.082478
0.080640
0.079413
0.077929
0.076410
0.075214
0.073546
0.072504
0.071309
0.069950
0.068755
0.067682
0.066488
0.065258
0.063939
0.062867
0.061484
0.060640
0.059447
0.058534
0.057470
0.056431
0.055238
0.054459
0.053388
0.052427
0.051481
0.050639
0.049666
0.048792
0.048000
0.047158
0.046078
0.045482
0.044609
0.044014
0.043223
0.042213
0.041618
0.041024
0.040093
0.039253
0.038494
0.037900
0.037307
0.036714
0.036241
0.035403
0.034552
0.033960
0.033368
0.032928
0.032336
0.031713
0.031122
0.030683
0.030336
0.029745
0.029308
0.028718
0.028323
0.027886
0.027266
0.026678
0.026484
0.026091
0.025655
0.025068
0.024876
0.024483
0.023898
0.023465
0.023284
0.022850
0.022268
0.022268
0.021686
0.021256
0.021106
0.020676
0.020290
0.020098
0.019673
0.019522
0.019067
0.018918
0.018493
0.018111
0.017921
0.017688
0.017352
0.017120
0.016785
0.016555
0.016369
0.015994
0.015807
0.015807
0.015436
0.015250
0.014996
0.014668
0.014444
0.014444
0.014263
0.013898
0.013718
0.013500
0.013359
0.013179
0.012965
0.012965
0.012649
0.012438
0.012438
0.012266
0.011921
0.011921
0.011921
0.011550
0.011550
0.011416
0.011195
0.011027
0.011027
0.010838
0.010710
0.010545
0.010545
0.010365
0.010365
0.010083
0.010083
0.009912
0.009912
0.009762
0.009762
0.009484
0.009484
0.009484
0.009342
0.009342
0.009196
0.009088
0.009088
0.009088
0.008954
0.008825
0.008825
0.008825
0.008825
0.008729
0.008496
0.008496
0.008496
0.008496
0.008496
0.008496
0.008392
0.008308
0.008308
0.008308
0.008308
0.008308
0.008308
0.008308
0.008308
0.008308
0.008308
0.008308
0.008308
0.008308
0.008308
0.008308
0.008308
0.008308
0.008308
0.008308
0.008308
0.008308
0.008308
0.008308
0.008308
0.008308
0.008308
0.008308
0.008308
0.008308
0.008308
0.008308
0.008308
0.008308
0.008308
0.008308
0.008308
0.008308
0.008308
0.008308
0.008308
0.008308
0.008308
0.008161
0.008161
0.008161
0.008161
0.008308
0.008308
0.008308
0.008308
0.008308
0.008308
0.008308
0.008308
0.008308
0.008308
0.008308
0.008308
0.008308
0.008308
0.008308
0.008308
0.008308
0.008308
0.008308
0.008308
0.008308
0.008308
0.008308
0.008308
0.008308
0.008308
0.008308
0.008308
0.008308
0.008308
0.008308
0.008308
0.008308
0.008308
0.008308
0.008308
0.008308
0.008308
0.008308
0.008308
0.008308
0.008308
0.008308
0.008308
0.008308
0.008308
0.008308
0.008308
0.008308
0.008308
0.008308
0.008308
0.008308
0.008308
0.008308
0.008308
0.008308
0.008308
0.008308
0.008308
0.008308
0.008308
0.008308
0.008308
0.008308
0.008308
0.008308
0.008308
0.008308
0.008308
0.008308
0.008308
0.008308
0.008308
0.008308
0.008308
0.008308
0.008308
0.008308
0.008308
0.008308
0.008308
0.008308
0.008308
0.008308
0.008308
0.008308
0.008308
0.008308
0.008308
0.008308
0.008308
0.008308
0.008308
0.008308
0.008308
0.008308
0.008308
0.008308
0.008308
0.008308
0.008308
0.008308
0.008308
0.008308
0.008308
0.008308
0.008308
0.008308
0.008308
0.008308
0.008308
0.008308
0.008308
0.008308
0.008308
0.008308
0.008308
0.008308
0.008222
0.008222
0.008222
0.008308
0.008070
0.007983
0.007983
0.007983
0.007983
0.007983
0.007983
0.007983
0.007983
0.007983
0.007983
0.007983
0.007983
0.007983
0.007983
0.007983
0.007983
0.007983
0.007983
0.007983
0.007983
0.007983
0.007983
0.007983
0.007983
0.007983
0.007983
0.007983
0.007983
0.007983
0.007983
0.007983
0.007983
0.007983
0.007983
0.007983
0.007983
0.007983
0.007983
0.007983
0.007983
0.007983
0.007983
0.007983
0.007983
0.007983
0.007983
0.007983
0.007983
0.007983
0.007983
0.007983
0.007983
0.007983
0.007983
0.007983
0.007983
0.008284
0.009160
0.009394
0.009465
0.009150
0.009069
0.009217
0.009394
0.009814
0.010096
0.010799
0.011350
0.011791
0.012217
0.012389
0.012707
0.012873
0.013277
0.012885
0.012545
0.012488
0.012526
0.012706
0.013036
0.014271
0.015276
0.015177
0.014660
0.013743
0.013256
0.012872
0.012896
0.013169
0.013243
0.013911
0.013897
0.014350
0.014053
0.014219
0.013829
0.013737
0.014047
0.013676
0.013598
0.014022
0.014017
0.013775
0.014336
0.014305
0.013461
0.011580
0.010973
0.011341
0.011753
0.013536
0.015880
0.016968
0.016983
0.015897
0.014741
0.013722
0.013500
0.014136
0.014477
0.015441
0.015825
0.016778
0.016812
0.017080
0.016688
0.017137
0.017107
0.017073
0.017107
0.017712
0.017595
0.018162
0.018197
0.018229
0.017590
0.015258
0.014063
0.014601
0.015208
0.017022
0.019434
0.020695
0.020822
0.020156
0.019074
0.018212
0.017812
0.017553
0.018021
0.018891
0.020036
0.020256
0.020968
0.020392
0.020007
0.020585
0.020467
0.020416
0.020851
0.020517
0.020602
0.021403
0.021437
0.021735
0.020256
0.018502
0.017483
0.017147
0.017716
0.019620
0.022122
0.023912
0.023162
0.022712
0.021279
0.020409
0.020005
0.019839
0.020392
0.020851
0.021891
0.021906
0.022593
0.022217
0.022681
0.022282
0.021949
0.022550
0.022348
0.022418
0.022644
0.022581
0.023045
0.023045
0.021509
0.019680
0.018755
0.018394
0.018754
0.020827
0.023326
0.024914
0.025048
0.023915
0.022473
0.021584
0.020934
0.020765
0.021566
0.022036
0.022863
0.023761
0.023578
0.023892
0.023696
0.023263
0.022922
0.023323
0.023359
0.023861
0.023731
0.023572
0.024278
0.024040
0.023157
0.020649
0.019574
0.019630
0.020206
0.022120
0.024796
0.025969
0.025867
0.024496
0.023347
0.022447
0.021374
0.022062
0.022549
0.023686
0.023665
0.024325
0.024361
0.024890
0.024261
0.023827
0.024372
0.024318
0.023924
0.024425
0.024515
0.025243
0.024604
0.024604
0.025243
0.025099
0.023087
0.021495
0.020460
0.020494
0.020687
0.022823
0.025817
0.026995
0.027115
0.025265
0.024043
0.023120
0.022482
0.022750
0.023120
0.024269
0.024477
0.025131
0.024951
0.025486
0.025063
0.024627
0.024945
0.024577
0.024613
0.025127
0.024999
0.025511
0.025308
0.025308
0.025737
0.025475
0.023884
0.022028
0.020972
0.021012
0.021123
0.023488
0.025817
0.027586
0.027476
0.026061
0.024750
0.023374
0.022946
0.023434
0.023374
0.024536
0.024971
0.025636
0.025445
0.025766
0.025565
0.025125
0.025439
0.025183
0.024980
0.025512
0.025383
0.026126
0.025922
0.025694
0.024798
0.022190
0.020898
0.020902
0.021320
0.023519
0.026343
0.027309
0.027451
0.025819
0.024553
0.023401
0.023410
0.023228
0.023383
0.024558
0.024737
0.025446
0.025946
0.025557
0.025355
0.025395
0.025266
0.024970
0.025478
0.025321
0.025172
0.025921
0.025735
0.025958
0.024583
0.022650
0.021305
0.020902
0.021293
0.023497
0.026103
0.027068
0.027210
0.026739
0.025003
0.023845
0.023410
0.023446
0.023143
0.024317
0.025429
0.025427
0.025705
0.025557
0.025355
0.025376
0.025025
0.024970
0.025459
0.025303
0.025866
0.025680
0.025717
0.025958
0.024515
0.022553
0.021225
0.020795
0.021212
0.023185
0.026263
0.027935
0.027149
0.026436
0.025159
0.023994
0.023098
0.023134
0.023976
0.024469
0.025122
0.025362
0.025863
0.025475
0.025745
0.025310
0.025149
0.025549
0.025362
0.025204
0.025753
0.025584
0.026320
0.024741
0.022772
0.021658
0.020986
0.021610
0.023351
0.026214
0.027420
0.027326
0.026630
0.025369
0.024189
0.023282
0.023337
0.024393
0.024436
0.025313
0.025553
0.026290
0.025684
0.025938
0.025734
0.025373
0.024852
0.025586
0.025660
0.025995
0.025808
0.025845
0.026546
0.024365
0.022736
0.021622
0.020969
0.021610
0.023369
0.026457
0.028371
0.028278
0.026630
0.025350
0.024411
0.023503
0.023319
0.024393
0.024659
0.025313
0.026253
0.026290
0.025909
0.025938
0.025734
0.025373
0.025549
0.025586
0.025660
0.025995
0.025808
0.026455
0.024873
0.022772
0.021658
0.020986
0.021610
0.023820
0.026438
0.028074
0.027511
0.026818
0.025311
0.024129
0.023690
0.023274
0.024111
0.024608
0.025497
0.025497
0.025916
0.025767
0.026031
0.025358
0.025227
0.025640
0.025677
0.025283
0.026079
0.025900
0.026173
0.026173
0.026135
0.026341
0.026061
0.024686
0.022532
0.021425
0.021730
0.021467
0.023491
0.026103
0.028005
0.028150
0.026718
0.025214
0.024010
0.023347
0.023172
0.024010
0.025227
0.025430
0.026121
0.025916
0.026472
0.025804
0.025509
0.025823
0.025557
0.025360
0.026140
0.025763
0.025819
0.026327
0.026085
0.026526
0.024892
0.023160
0.021785
0.020922
0.021792
0.023838
0.026475
0.027693
0.027837
0.027121
0.025357
0.024408
0.023714
0.023303
0.024389
0.024657
0.025547
0.025562
0.026306
0.025678
0.026179
0.025744
0.025548
0.025033
0.025548
0.025623
0.025945
0.025773
0.025810
0.026276
0.026001
0.025077
0.022400
0.021042
0.021310
0.021735
0.023780
0.026898
0.027650
0.027794
0.026363
0.025068
0.023658
0.022955
0.023709
0.023865
0.024843
0.025030
0.025981
0.025781
0.025868
0.025662
0.025219
0.025548
0.025184
0.025221
0.025538
0.025365
0.026132
0.026170
0.024091
0.022332
0.020965
0.021199
0.021018
0.023717
0.026145
0.028002
0.027432
0.026257
0.024976
0.023768
0.022853
0.023611
0.023984
0.024488
0.024920
0.025874
0.025911
0.025760
0.025553
0.025346
0.025682
0.025159
0.025196
0.025982
0.025365
0.025422
0.026170
0.025927
0.024760
0.022295
0.020688
0.021181
0.021368
0.023646
0.026794
0.027547
0.027451
0.026257
0.024957
0.023761
0.022853
0.023592
0.023742
0.024488
0.024920
0.025874
0.026381
0.025760
0.025553
0.026057
0.025682
0.025159
0.025906
0.025739
0.025365
0.026132
0.025927
0.025264
0.022332
0.021175
0.021199
0.021822
0.023627
0.026775
0.028002
0.027905
0.026257
0.024976
0.023761
0.023313
0.023611
0.023984
0.024954
0.025149
0.025874
0.025911
0.025998
0.025553
0.025117
0.025222
0.024938
0.024511
0.025066
0.024691
0.024990
0.024803
0.024245
0.023323
0.020433
0.019006
0.019059
0.019475
0.021380
0.024116
0.025102
0.024997
0.023506
0.022473
0.021337
0.020465
0.020267
0.020450
0.021367
0.022588
0.022714
0.023696
0.023789
0.023903
0.024800
0.025024
0.025090
0.025739
0.025655
0.025544
0.026273
0.025796
0.025314
0.023118
0.022135
0.022285
0.022553
0.024112
0.026701
0.027591
0.027781
0.026980
0.025762
0.024854
0.024410
0.024688
0.024751
0.025862
0.026209
0.026645
0.026437
0.026890
0.026721
0.026220
0.026447
0.026401
0.025963
0.026603
0.026343
0.026748
0.026536
0.026298
0.025499
0.023183
0.022385
0.022625
0.023018
0.024548
0.026864
0.027674
0.027594
0.026932
0.025602
0.024216
0.023382
0.023414
0.023537
0.023899
0.024900
0.024925
0.025407
0.024790
0.024420
0.024713
0.024170
0.023703
0.024385
0.024285
0.023892
0.024442
0.024477
0.024750
0.024475
0.024102
0.023154
0.020857
0.020193
0.020030
0.021035
0.022923
0.025662
0.026698
0.026574
0.026392
0.024917
0.023741
0.023278
0.023094
0.023380
0.024523
0.025774
0.025749
0.026178
0.026036
0.025999
0.026232
0.025664
0.025794
0.026492
0.025899
0.025987
0.026703
0.026242
0.026903
0.026868
0.026655
0.025524
0.023293
0.021852
0.022314
0.022736
0.024764
0.027671
0.028229
0.028102
0.026968
0.026435
0.025286
0.024634
0.024516
0.024461
0.025348
0.026433
0.026645
0.027107
0.026539
0.026344
0.026658
0.026273
0.025812
0.026516
0.026345
0.026040
0.026576
0.026351
0.027028
0.025294
0.023776
0.022493
0.022250
0.022659
0.024722
0.027291
0.028459
0.028597
0.027894
0.026409
0.025312
0.024651
0.024444
0.025482
0.026118
0.026960
0.026759
0.027469
0.027326
0.027717
0.027088
0.026963
0.026670
0.026946
0.027176
0.027935
0.027561
0.027354
0.028024
0.026695
0.024388
0.023370
0.022713
0.023361
0.025236
0.027942
0.029778
0.029723
0.028350
0.026881
0.025984
0.025388
0.024944
0.025967
0.026440
0.027089
0.027744
0.027780
0.027638
0.027686
0.027247
0.027123
0.027739
0.027106
0.027176
0.027778
0.027643
0.027868
0.026569
0.024728
0.023570
0.023204
0.023706
0.025803
0.028327
0.029913
0.029219
0.028781
0.027567
0.026165
0.025744
0.025617
0.026148
0.026623
0.027701
0.027744
0.027968
0.027825
0.028459
0.028077
0.027470
0.028086
0.028121
0.028007
0.028281
0.028335
0.028855
0.028370
0.026880
0.025213
0.023883
0.023533
0.023873
0.025821
0.028772
0.030609
0.030260
0.029126
0.027895
0.026570
0.025912
0.025947
0.026795
0.026787
0.027860
0.028763
0.028610
0.028655
0.028459
0.028263
0.027710
0.028086
0.028121
0.028710
0.028365
0.028177
0.028889
0.027154
0.025252
0.024151
0.023716
0.024108
0.026389
0.028942
0.030542
0.029999
0.029559
0.027913
0.026751
0.026329
0.026382
0.026733
0.027210
0.028287
0.028519
0.028555
0.028412
0.028890
0.028450
0.027896
0.028514
0.028307
0.027949
0.028711
0.028765
0.029233
0.028800
0.027306
0.025559
0.024287
0.023692
0.024277
0.026342
0.028960
0.030560
0.030698
0.029317
0.028080
0.026751
0.026087
0.026122
0.027157
0.026967
0.028045
0.028951
0.028987
0.028844
0.028647
0.028450
0.029000
0.028271
0.028307
0.029054
0.028555
0.028367
0.029081
0.027528
0.025427
0.024730
0.023878
0.024687
0.026565
0.029133
0.030982
0.030877
0.029753
0.028098
0.027174
0.026508
0.026561
0.027157
0.027393
0.028475
0.029386
0.029180
0.028601
0.029080
0.028882
0.028325
0.028703
0.028739
0.028569
0.028900
0.028954
0.029520
0.029081
0.027493
0.025977
0.024455
0.024922
0.024446
0.027425
0.029394
0.031244
0.030895
0.029753
0.028511
0.027359
0.026508
0.027211
0.027583
0.028255
0.028475
0.029386
0.029422
0.029472
0.029080
0.028882
0.029191
0.028896
0.028739
0.029488
0.029335
0.028802
0.029520
0.029276
0.029726
0.028132
0.026462
0.025091
0.024922
0.025338
0.027443
0.030024
0.031887
0.030895
0.030434
0.028945
0.028031
0.027345
0.026968
0.028013
0.028496
0.029346
0.029143
0.029859
0.029714
0.029759
0.029317
0.029173
0.029380
0.029416
0.029245
0.029821
0.029633
0.029426
0.029762
0.029483
0.028811
0.026038
0.024923
0.024991
0.025592
0.027527
0.030121
0.031302
0.031442
0.029606
0.028360
0.027420
0.026546
0.027027
0.027402
0.028564
0.028299
0.029214
0.029251
0.029595
0.028755
0.029241
0.028900
0.028619
0.028411
0.028972
0.028819
0.029314
0.029350
0.028760
0.029412
0.027804
0.025848
0.024788
0.024133
0.024966
0.026909
0.029656
0.031523
0.031521
0.029677
0.028425
0.027506
0.026572
0.026437
0.027488
0.027730
0.028584
0.029308
0.029345
0.028955
0.029000
0.028800
0.028412
0.028619
0.028656
0.028728
0.029015
0.028873
0.029595
0.029106
0.027557
0.025866
0.024322
0.024795
0.024482
0.027320
0.029219
0.030834
0.030829
0.029677
0.027937
0.026829
0.026401
0.026625
0.026811
0.027974
0.028389
0.028819
0.028660
0.029199
0.028511
0.028118
0.028674
0.028619
0.027974
0.028728
0.028669
0.028923
0.028760
0.028760
0.029167
0.027366
0.025686
0.024136
0.024133
0.024551
0.026665
0.029263
0.031136
0.030139
0.029677
0.028180
0.027019
0.026572
0.026437
0.027001
0.027486
0.028584
0.028379
0.028856
0.028711
0.029000
0.028556
0.028167
0.028815
0.028411
0.028240
0.029015
0.028628
0.029350
0.029106
0.028873
0.027945
0.025363
0.024062
0.024133
0.024974
0.027094
0.029507
0.030689
0.030575
0.029422
0.027926
0.026573
0.026127
0.026614
0.026800
0.027718
0.027890
0.028809
0.028405
0.028944
0.028500
0.028790
0.028400
0.028120
0.028007
0.028323
0.028414
0.028913
0.028750
0.028505
0.029157
0.027204
0.025430
0.024123
0.023876
0.024538
0.026492
0.029235
0.031110
0.031004
0.029848
0.028151
0.026988
0.026540
0.026349
0.027213
0.027456
0.028310
0.029233
0.029072
0.028682
0.028924
0.028723
0.028138
0.028787
0.028578
0.028455
0.028987
0.028796
0.029322
0.029078
0.027719
0.025589
0.024468
0.024517
0.024697
0.026886
0.029235
0.031110
0.031004
0.029604
0.028151
0.027231
0.026558
0.026837
0.027213
0.028138
0.028310
0.029035
0.029072
0.029369
0.028924
0.028527
0.029086
0.028787
0.028382
0.028993
0.028840
0.029139
0.029176
0.029176
0.029586
0.027627
0.026085
0.024769
0.024517
0.024940
0.026904
0.029923
0.031557
0.030760
0.030094
0.028835
0.027668
0.026974
0.026837
0.027650
0.027893
0.028996
0.029035
0.029515
0.029124
0.029612
0.029213
0.028823
0.029229
0.029067
0.029140
0.029476
0.029286
0.030011
0.029567
0.029286
0.028610
0.026057
0.024690
0.025002
0.025364
0.027551
0.030413
0.031110
0.031049
0.029895
0.028640
0.027231
0.026594
0.027324
0.027213
0.028188
0.028604
0.029280
0.029072
0.029416
0.028971
0.029213
0.028722
0.028685
0.028232
0.028794
0.028886
0.029384
0.028977
0.028832
0.029242
0.027429
0.025896
0.024342
0.024169
0.024758
0.026716
0.029481
0.031110
0.031112
0.029749
0.028245
0.027077
0.026627
0.026245
0.027059
0.027547
0.028651
0.028888
0.028925
0.028779
0.028823
0.028527
0.028382
0.029031
0.028382
0.028455
0.029231
0.028600
0.029322
0.029176
0.028695
0.027775
0.025387
0.024026
0.024338
0.024938
0.026716
0.029725
0.030418
0.030558
0.029895
0.028640
0.027231
0.026783
0.026648
0.026536
0.027699
0.028604
0.028840
0.029072
0.028926
0.028381
0.028378
0.028232
0.028000
0.028477
0.028305
0.028199
0.028940
0.028487
0.029034
0.028795
0.027186
0.025062
0.024342
0.024169
0.024517
0.026904
0.029039
0.030908
0.030661
0.029259
0.028001
0.026884
0.025948
0.026680
0.027059
0.027792
0.027964
0.028888
0.028925
0.028779
0.028578
0.028378
0.028676
0.028196
0.028232
0.029140
0.028396
0.028451
0.029176
0.028732
0.029139
0.027775
0.025896
0.024690
0.024338
0.024697
0.026716
0.029479
0.031110
0.030558
0.029895
0.028396
0.027231
0.026783
0.026405
0.027213
0.027699
0.028799
0.028595
0.029072
0.028926
0.028823
0.028378
0.028232
0.028884
0.028477
0.028305
0.029085
0.028940
0.028732
0.029034
0.027465
0.025672
0.024359
0.023928
0.024517
0.026698
0.029235
0.031110
0.031112
0.029749
0.028245
0.027077
0.026644
0.026246
0.027059
0.027547
0.028651
0.029334
0.028925
0.029469
0.029023
0.028623
0.028251
0.028884
0.028676
0.028305
0.029085
0.029139
0.029421
0.029176
0.029139
0.029348
0.027739
0.026067
0.024769
0.024517
0.024958
0.026904
0.029743
0.031373
0.031495
0.030075
0.028835
0.027458
0.026627
0.026680
0.027742
0.027792
0.028669
0.029579
0.029370
0.029024
0.029267
0.029066
0.028676
0.028884
0.028920
0.028983
0.029074
0.029129
0.029857
0.029268
0.028986
0.028305
0.025726
0.024512
0.024823
0.025190
0.027381
0.029769
0.030960
0.031102
0.030634
0.028922
0.027749
0.027297
0.026912
0.027048
0.028221
0.029085
0.028878
0.029605
0.029213
0.028812
0.029056
0.028910
0.028430
0.028910
0.028983
0.028485
0.028986
0.029023
0.029268
0.028986
0.027616
0.025481
0.024512
0.024579
0.024518
0.026546
0.029324
0.030960
0.031102
0.029739
0.028234
0.027066
0.026615
0.025990
0.027048
0.028075
0.028251
0.028734
0.028771
0.029317
0.028423
0.028222
0.028766
0.028284
0.028075
0.028840
0.028485
0.028295
0.029023
0.028680
0.027508
0.025257
0.023938
0.024175
0.024842
0.026719
0.029568
0.030619
0.030269
0.029107
0.027843
0.026475
0.025799
0.026517
0.026897
0.027387
0.027806
0.028734
0.028281
0.028624
0.028423
0.028913
0.028094
0.028039
0.028075
0.028148
0.028240
0.028848
0.028680
0.028190
0.027508
0.024910
0.023697
0.023990
0.024357
0.026373
0.029180
0.030128
0.030269
0.029801
0.028087
0.026915
0.026480
0.026517
0.026213
0.027387
0.028496
0.028288
0.028771
0.028624
0.028423
0.028222
0.028094
0.027897
0.028178
0.028007
0.028098
0.028848
0.028190
0.027545
0.024946
0.023571
0.024007
0.024357
0.026355
0.029407
0.030354
0.030250
0.029107
0.027861
0.026231
0.026480
0.026535
0.026308
0.027242
0.027663
0.028595
0.028876
0.028484
0.028282
0.028529
0.027952
0.027897
0.028627
0.028251
0.028098
0.028848
0.028680
0.029130
0.027508
0.025590
0.024210
0.023828
0.024600
0.026373
0.029426
0.030372
0.030135
0.029665
0.028392
0.027013
0.026332
0.026368
0.026308
0.027242
0.028355
0.028595
0.028876
0.028484
0.028977
0.028774
0.028196
0.027897
0.028627
0.028251
0.029038
0.028848
0.028885
0.029130
0.028713
0.028676
0.027540
0.025161
0.024677
0.024260
0.024702
0.026829
0.029511
0.030711
0.030626
0.029892
0.028392
0.027439
0.026757
0.026368
0.026750
0.027933
0.028579
0.028595
0.029327
0.029180
0.028487
0.028774
0.028627
0.028345
0.028627
0.028700
0.029244
0.028848
0.028750
0.029204
0.028958
0.028676
0.027990
0.025159
0.024192
0.024258
0.024894
0.026682
0.029511
0.030711
0.030590
0.029893
0.028392
0.027439
0.026756
0.026368
0.026607
0.027550
0.028237
0.028459
0.028949
0.028801
0.028145
0.028639
0.028246
0.027758
0.028491
0.028320
0.028658
0.028713
0.028750
0.028865
0.027233
0.025495
0.023906
0.023710
0.024093
0.026135
0.028742
0.030656
0.030093
0.029619
0.027634
0.026561
0.026118
0.025704
0.026543
0.027042
0.028050
0.027588
0.028331
0.028065
0.028345
0.027649
0.027517
0.028058
0.027385
0.027461
0.028160
0.027749
0.028255
0.028155
0.026511
0.024137
0.023205
0.022301
0.023195
0.025041
0.027971
0.029696
0.029842
0.028392
0.026609
0.025644
0.024726
0.024519
0.025402
0.025912
0.026571
0.027307
0.027345
0.027909
0.026985
0.026776
0.026420
0.026587
0.026625
0.027190
0.027040
0.026852
0.027481
0.027481
0.026534
0.023809
0.022673
0.022687
0.023362
0.025171
0.028108
0.029336
0.029234
0.027792
0.026267
0.025309
0.024489
0.025014
0.025406
0.026372
0.026341
0.027293
0.027331
0.027511
0.026837
0.026629
0.027210
0.026661
0.026479
0.027266
0.027115
0.027639
0.027455
0.026080
0.023943
0.022768
0.022793
0.022718
0.024758
0.027461
0.029413
0.029559
0.027904
0.026367
0.025385
0.024715
0.024526
0.025367
0.026590
0.026557
0.027272
0.027310
0.027550
0.027094
0.026639
0.027225
0.026941
0.026733
0.027282
0.027377
0.026961
0.027719
0.027472
0.026765
0.023792
0.022500
0.022763
0.023198
0.025528
0.028253
0.029249
0.029397
0.028187
0.026392
0.025176
0.024721
0.025005
0.025157
0.026390
0.026600
0.027323
0.027115
0.027455
0.027245
0.026542
0.027130
0.026844
0.026390
0.027187
0.027282
0.027586
0.027378
0.025986
0.024189
0.022537
0.023026
0.022488
0.025509
0.027514
0.029230
0.029378
0.028187
0.026412
0.025176
0.024721
0.025023
0.025157
0.026390
0.026582
0.027323
0.027115
0.027438
0.027227
0.026542
0.027130
0.026826
0.026390
0.027187
0.027036
0.027816
0.027378
0.027132
0.027816
0.026138
0.024033
0.022600
0.022414
0.022850
0.024962
0.027675
0.029400
0.028821
0.028333
0.026530
0.025310
0.024605
0.024416
0.025291
0.025806
0.026492
0.026741
0.027257
0.026872
0.027139
0.026682
0.026298
0.026736
0.026529
0.026605
0.027193
0.027005
0.027521
0.027289
0.027005
0.027363
0.025691
0.023920
0.022503
0.022089
0.022528
0.024874
0.027366
0.029343
0.028743
0.028001
0.026200
0.025203
0.024514
0.024080
0.025203
0.025488
0.026673
0.026411
0.026942
0.026788
0.026810
0.026366
0.026212
0.026899
0.026445
0.026289
0.027033
0.026599
0.026402
0.027130
0.025687
0.023381
0.022202
0.021508
0.022190
0.024049
0.027037
0.029017
0.029165
0.027453
0.025887
0.024908
0.023957
0.023764
0.024889
0.025407
0.025849
0.026826
0.026864
0.027192
0.026498
0.026287
0.026152
0.026094
0.026133
0.026210
0.026787
0.026364
0.027130
0.027130
0.024962
0.023150
0.021959
0.021996
0.022190
0.024540
0.027037
0.028951
0.028852
0.027147
0.025813
0.024831
0.023645
0.024408
0.024812
0.025578
0.025775
0.026754
0.026793
0.026885
0.026426
0.026214
0.026325
0.026021
0.026059
0.026866
0.026479
0.027020
0.027059
0.026576
0.027020
0.025570
0.023773
0.022097
0.021910
0.022350
0.024482
0.027448
0.029193
0.028365
0.027873
0.026538
0.024827
0.024347
0.024405
0.025054
0.025328
0.026500
0.026514
0.027036
0.026635
0.027152
0.026456
0.026302
0.026746
0.026548
0.026379
0.026959
0.027017
0.027549
0.027238
0.026952
0.026233
0.023215
0.022015
0.022072
0.022746
0.025135
0.027875
0.028887
0.029036
0.027811
0.025988
0.024757
0.024276
0.024580
0.024738
0.025989
0.026196
0.026932
0.027456
0.027301
0.026849
0.026875
0.026720
0.026443
0.026720
0.026797
0.026894
0.027199
0.026991
0.027723
0.027199
0.025502
0.023695
0.022258
0.021827
0.022266
0.024407
0.027629
0.029135
0.029284
0.027811
0.026227
0.025003
0.024276
0.024088
0.025221
0.025505
