1.151959
1.040166
0.808991
0.574584
0.394129
0.288141
0.245541
0.236629
0.477167
0.475514
0.473008
0.470216
0.467281
0.465060
0.462382
0.460165
0.457516
0.455077
0.452434
0.450536
0.449320
0.448982
0.448844
0.448593
0.448155
0.447799
0.446985
0.446165
0.444442
0.443386
0.441672
0.440196
0.412688
0.409761
0.407168
0.405182
0.403464
0.401074
0.398618
0.396591
0.394632
0.392088
0.389802
0.387517
0.384783
0.382426
0.380068
0.377357
0.374765
0.371804
0.369195
0.365993
0.362683
0.359995
0.356911
0.353728
0.350448
0.347606
0.344412
0.341002
0.337928
0.334740
0.331432
0.328492
0.325318
0.322011
0.319074
0.315800
0.312633
0.309743
0.306689
0.303525
0.300931
0.297762
0.294714
0.292037
0.288988
0.286191
0.283264
0.280467
0.277522
0.274960
0.272048
0.269251
0.266908
0.263996
0.261200
0.258781
0.256202
0.253406
0.250982
0.248403
0.245866
0.243193
0.240864
0.238071
0.235874
0.233330
0.230787
0.228580
0.226037
0.223721
0.221303
0.219056
0.216515
0.214422
0.211770
0.209691
0.207403
0.205076
0.202675
0.200583
0.198295
0.195968
0.193806
0.191727
0.189193
0.187351
0.185164
0.182878
0.180788
0.178505
0.176428
0.174479
0.172196
0.170119
0.168077
0.165977
0.163793
0.161751
0.159674
0.157927
0.155889
0.153813
0.151632
0.150016
0.147743
0.145915
0.144075
0.141808
0.139877
0.138038
0.136186
0.133920
0.132328
0.130501
0.128241
0.126551
0.124700
0.122626
0.121035
0.119025
0.117198
0.115361
0.113534
0.111416
0.109825
0.107999
0.106172
0.104664
0.102422
0.100596
0.098985
0.097159
0.095570
0.093734
0.092389
0.090646
0.089057
0.087704
0.086116
0.084458
0.082850
0.081580
0.079992
0.078966
0.077541
0.076036
0.074686
0.073660
0.072309
0.071041
0.069774
0.068666
0.067635
0.066369
0.065261
0.064213
0.062947
0.062157
0.060892
0.059782
0.058992
0.057965
0.056939
0.055913
0.054887
0.054098
0.053073
0.052284
0.051496
0.050707
0.049685
0.048895
0.048111
0.047321
0.046539
0.045831
0.045050
0.044261
0.043482
0.042929
0.042140
0.041426
0.040873
0.040098
0.039545
0.039074
0.038066
0.037513
0.036827
0.036274
0.035957
0.035274
0.034721
0.034169
0.033491
0.033174
0.032703
0.031948
0.031396
0.031161
0.030609
0.030178
0.029626
0.029391
0.028650
0.028415
0.027864
0.027629
0.026897
0.026662
0.026346
0.025877
0.025390
0.025155
0.024839
0.024370
0.024136
0.023661
0.023426
0.023111
0.022877
0.022409
0.021948
0.021714
0.021480
0.021165
0.020932
0.020488
0.020242
0.020008
0.019694
0.019461
0.019461
0.019228
0.018914
0.018540
0.018308
0.017995
0.017762
0.017762
0.017530
0.017218
0.016986
0.016986
0.016675
0.016442
0.016211
0.016211
0.015981
0.015670
0.015670
0.015439
0.015210
0.015130
0.014900
0.014900
0.014671
0.014442
0.014363
0.014134
0.014134
0.013906
0.013906
0.013600
0.013600
0.013372
0.013372
0.013146
0.013146
0.012843
0.012843
0.012617
0.012617
0.012617
0.012394
0.012394
0.012093
0.012093
0.012093
0.011871
0.011871
0.011650
0.011650
0.011716
0.011495
0.011495
0.011495
0.011277
0.011277
0.011277
0.011061
0.011061
0.010987
0.010630
0.010630
0.010630
0.010630
0.010418
0.010418
0.010418
0.010208
0.010208
0.010137
0.010137
0.009929
0.009929
0.009929
0.009929
0.009725
0.009725
0.009725
0.009725
0.009725
0.009526
0.009526
0.009458
0.009458
0.009458
0.009261
0.009261
0.009261
0.009261
0.009261
0.009261
0.009071
0.009071
0.009071
0.009071
0.009071
0.009071
0.009071
0.009071
0.009071
0.009071
0.009071
0.009071
0.009071
0.009071
0.009071
0.009071
0.009071
0.009071
0.009071
0.009071
0.009071
0.009071
0.009071
0.009071
0.009071
0.009071
0.009071
0.009071
0.009071
0.009071
0.009071
0.009071
0.009071
0.009071
0.009071
0.009071
0.009071
0.009071
0.009071
0.009071
0.009071
0.009071
0.009071
0.009071
0.009071
0.009071
0.009071
0.009071
0.009071
0.009071
0.009071
0.009071
0.009071
0.009071
0.009071
0.009071
0.009071
0.009071
0.009071
0.009071
0.009071
0.009071
0.009071
0.008960
0.008960
0.008960
0.008960
0.008960
0.008960
0.008960
0.008960
0.008960
0.008960
0.008960
0.008960
0.008960
0.008960
0.008960
0.008960
0.008960
0.008960
0.008960
0.008960
0.008960
0.008960
0.008960
0.008960
0.008960
0.008960
0.008960
0.008960
0.008960
0.008960
0.008960
0.008960
0.008960
0.008960
0.008960
0.008960
0.008740
0.008468
0.008180
0.008036
0.008197
0.008426
0.008860
0.009319
0.009613
0.009646
0.009528
0.009944
0.010006
0.010241
0.010674
0.011122
0.011473
0.011459
0.012239
0.013073
0.013580
0.013698
0.013004
0.012220
0.011523
0.011252
0.011212
0.011145
0.010986
0.011032
0.010766
0.010649
0.010430
0.010226
0.010309
0.010330
0.010346
0.010013
0.009969
0.009910
0.009790
0.010061
0.010132
0.009892
0.010120
0.010026
0.010429
0.010582
0.010462
0.010166
0.009435
0.009282
0.009225
0.009452
0.010258
0.011851
0.012633
0.012965
0.012215
0.011397
0.010636
0.010394
0.010790
0.010851
0.011625
0.011924
0.012779
0.012803
0.013245
0.013079
0.013593
0.013471
0.013440
0.013433
0.014078
0.014276
0.014923
0.014955
0.014955
0.014121
0.012185
0.011294
0.011579
0.012220
0.013698
0.016313
0.017411
0.017541
0.017201
0.016022
0.015308
0.014920
0.014952
0.015200
0.016256
0.017107
0.017327
0.018138
0.018001
0.017587
0.017799
0.017679
0.017771
0.018272
0.018340
0.018187
0.018881
0.018685
0.019335
0.017636
0.016077
0.015290
0.014552
0.015295
0.017291
0.019690
0.021503
0.020964
0.020506
0.019121
0.018007
0.017372
0.017406
0.018401
0.018630
0.019687
0.019916
0.020191
0.019810
0.020279
0.020108
0.019984
0.020364
0.019967
0.020037
0.020793
0.020846
0.021081
0.021081
0.019553
0.017916
0.016615
0.016284
0.016620
0.018723
0.021248
0.023098
0.023234
0.021849
0.020606
0.019460
0.019037
0.018655
0.019681
0.019921
0.021003
0.021916
0.021718
0.021807
0.021608
0.021409
0.021048
0.021432
0.021264
0.022016
0.021872
0.021802
0.022314
0.022314
0.021518
0.018821
0.017789
0.017785
0.018434
0.020355
0.023137
0.024322
0.024245
0.023088
0.021595
0.020446
0.020018
0.020287
0.020428
0.021585
0.022002
0.022680
0.022510
0.022811
0.022610
0.022170
0.022519
0.022228
0.022264
0.022780
0.022664
0.023168
0.023204
0.022963
0.023405
0.023131
0.021525
0.019676
0.018594
0.018661
0.018632
0.021242
0.024078
0.025270
0.025152
0.023727
0.022479
0.021334
0.020429
0.021155
0.021535
0.022501
0.022461
0.023367
0.023404
0.023735
0.023055
0.022853
0.023394
0.023148
0.022707
0.023468
0.023560
0.023853
0.023652
0.023652
0.024307
0.023816
0.022094
0.020536
0.019011
0.019504
0.019281
0.021918
0.024078
0.025726
0.025608
0.024418
0.023165
0.021770
0.021101
0.021833
0.021975
0.022944
0.023147
0.024057
0.023853
0.024185
0.023744
0.023435
0.023740
0.023488
0.023287
0.024055
0.023907
0.024204
0.024241
0.023999
0.023094
0.020452
0.019326
0.019133
0.019882
0.021915
0.024769
0.025881
0.025779
0.024372
0.022847
0.021662
0.021912
0.021499
0.021885
0.022838
0.023049
0.023750
0.024491
0.024098
0.023674
0.023930
0.023799
0.023500
0.024021
0.023855
0.023705
0.024245
0.024042
0.024746
0.023102
0.021146
0.020004
0.019370
0.019999
0.021799
0.024667
0.025881
0.026022
0.025077
0.023786
0.022598
0.021912
0.021738
0.021885
0.023080
0.023967
0.023991
0.024491
0.024341
0.023892
0.024170
0.023799
0.023743
0.024021
0.024096
0.024652
0.024465
0.024282
0.024746
0.023346
0.021146
0.020004
0.019370
0.019999
0.022040
0.024906
0.026831
0.026022
0.025542
0.023786
0.022838
0.022155
0.021738
0.022820
0.023080
0.024210
0.023991
0.024731
0.024341
0.024839
0.024170
0.024040
0.024446
0.024021
0.024096
0.024893
0.024708
0.024987
0.023624
0.021633
0.020278
0.019829
0.020237
0.022473
0.025130
0.026345
0.026244
0.025783
0.024266
0.022838
0.022394
0.022450
0.023063
0.023320
0.024451
0.024694
0.024975
0.024582
0.025081
0.024633
0.024283
0.023984
0.024725
0.024339
0.024893
0.024949
0.024987
0.025137
0.023487
0.021489
0.020246
0.019574
0.019979
0.021755
0.024650
0.026334
0.026232
0.024822
0.023291
0.021646
0.020969
0.020539
0.020822
0.021090
0.021982
0.022692
0.022031
0.021652
0.021686
0.020980
0.020405
0.020815
0.020388
0.020240
0.020798
0.020890
0.021479
0.020002
0.018626
0.017629
0.017884
0.018555
0.021124
0.024230
0.026123
0.025314
0.024518
0.022940
0.021761
0.021015
0.020764
0.021739
0.021822
0.022494
0.022587
0.022985
0.022470
0.022758
0.022481
0.022341
0.022534
0.022508
0.022797
0.023105
0.023125
0.023633
0.023633
0.023139
0.022888
0.021329
0.020091
0.020398
0.020727
0.021978
0.023695
0.024596
0.024698
0.023808
0.022627
0.021501
0.021182
0.021698
0.021276
0.022138
0.022224
0.022691
0.022811
0.022693
0.022533
0.022452
0.022110
0.022080
0.022203
0.022039
0.022216
0.022839
0.022627
0.022521
0.023083
0.021567
0.020127
0.019401
0.018818
0.019303
0.020752
0.023633
0.025690
0.025745
0.024860
0.023690
0.022872
0.022439
0.022476
0.023263
0.023651
0.024615
0.025208
0.025215
0.025450
0.025271
0.024867
0.024495
0.024932
0.024738
0.024803
0.025249
0.025158
0.025434
0.024927
0.024771
0.023964
0.021902
0.020896
0.021253
0.021604
0.023066
0.025009
0.026098
0.025875
0.025383
0.023729
0.022901
0.022026
0.021813
0.022090
0.022662
0.022967
0.022943
0.023535
0.023583
0.023413
0.022994
0.022482
0.022788
0.023491
0.024482
0.024828
0.025599
0.025357
0.025999
0.025197
0.024605
0.024387
0.024659
0.024753
0.025620
0.026505
0.027160
0.026853
0.027005
0.026812
0.027257
0.027210
0.027061
0.027668
0.028277
0.028807
0.029165
0.029865
0.030027
0.030414
0.030538
0.030936
0.031384
0.031603
0.032083
0.032814
0.033159
0.033628
0.034086
0.033844
0.033730
0.033447
0.033619
0.033655
0.034175
0.034985
0.035650
0.035465
0.035516
0.035299
0.035451
0.035554
0.036039
0.036625
0.037264
0.037885
0.038674
0.038918
0.039579
0.039520
0.039687
0.040123
0.040521
0.041015
0.041508
0.041884
0.042641
0.043856
0.043855
0.043901
0.044131
0.043918
0.043634
0.043789
0.043517
0.044035
0.044643
0.045588
0.045981
0.046265
0.045866
0.045463
0.045588
0.045448
0.045975
0.046860
0.047754
0.048127
0.048639
0.049096
0.049524
0.049906
0.050390
0.050837
0.051298
0.051286
0.051803
0.052063
0.052536
0.053533
0.054490
0.054726
0.054560
0.054017
0.053984
0.053896
0.054410
0.054437
0.055428
0.055857
0.056151
0.055767
0.055600
0.055546
0.055179
0.056403
0.057487
0.057872
0.058280
0.058606
0.059097
0.059575
0.059526
0.060214
0.060203
0.060489
0.061009
0.061357
0.061671
0.062259
0.062404
0.063217
0.063369
0.062963
0.062538
0.062665
0.063056
0.063854
0.064994
0.065874
0.066231
0.066326
0.066088
0.066268
0.066386
0.066642
0.067479
0.067884
0.068266
0.068533
0.069020
0.069459
0.069393
0.069814
0.070016
0.070474
0.070499
0.070699
0.071451
0.071289
0.071778
0.072075
0.072307
0.072149
0.071118
0.070363
0.070575
0.070386
0.071003
0.072555
0.073086
0.073743
0.073958
0.074143
0.073907
0.074535
0.074860
0.075292
0.076007
0.076457
0.077080
0.077569
0.077766
0.078178
0.078412
0.078912
0.079387
0.079941
0.080515
0.080863
0.081668
0.081987
0.082848
0.083152
0.082829
0.082165
0.081238
0.080851
0.080516
0.080483
0.081005
0.081472
0.081012
0.080082
0.079038
0.077986
0.077226
0.076765
0.076565
0.076395
0.076212
0.075991
0.075438
0.075069
0.074450
0.074176
0.073356
0.072832
0.072455
0.072136
0.071563
0.071232
0.071180
0.070622
0.070107
0.069736
0.068166
0.067174
0.066896
0.066594
0.067252
0.067691
0.067544
0.067046
0.066295
0.064805
0.063451
0.062541
0.061445
0.060474
0.060089
0.059682
0.058667
0.058212
0.057267
0.056473
0.055748
0.054735
0.053839
0.053454
0.052302
0.051943
0.051262
0.050521
0.049993
0.049271
0.047957
0.046391
0.045647
0.045122
0.044677
0.045231
0.045172
0.045502
0.044815
0.043488
0.042120
0.041157
0.040601
0.039922
0.039555
0.039741
0.039158
0.038831
0.038306
0.038210
0.037337
0.036650
0.036553
0.035994
0.035182
0.035188
0.035038
0.034803
0.034033
0.033684
0.033015
0.031514
0.030703
0.030533
0.030532
0.031213
0.032076
0.032131
0.031651
0.030718
0.029402
0.028406
0.028326
0.027765
0.027508
0.027880
0.027744
0.027764
0.027544
0.027265
0.026824
0.026587
0.026184
0.025952
0.025503
0.025541
0.025256
0.025191
0.024857
0.025012
0.024780
0.023448
0.022577
0.022093
0.021645
0.021839
0.022801
0.024243
0.024902
0.024524
0.023254
0.021982
0.021200
0.020933
0.020276
0.020678
0.020764
0.021161
0.021313
0.021339
0.021489
0.020865
0.020514
0.020399
0.020650
0.020197
0.020560
0.020632
0.020194
0.020640
0.020640
0.020365
0.019538
0.017746
0.016904
0.017020
0.017400
0.018938
0.021423
0.022278
0.022153
0.021689
0.020646
0.019537
0.018887
0.018936
0.019043
0.020123
0.020929
0.020916
0.021790
0.021645
0.021210
0.021434
0.021289
0.021017
0.021480
0.021553
0.022322
0.022139
0.021932
0.022616
0.022579
0.020723
0.019049
0.017715
0.018205
0.017995
0.020626
0.022986
0.024883
0.024534
0.023445
0.022166
0.020988
0.020298
0.021030
0.021415
0.022357
0.022547
0.023483
0.023278
0.023826
0.023382
0.023128
0.023435
0.022941
0.022978
0.023510
0.023604
0.024124
0.024162
0.023918
0.022974
0.020524
0.019377
0.019430
0.020067
0.022110
0.025007
0.026231
0.026372
0.024707
0.023404
0.022205
0.022549
0.022350
0.022499
0.023484
0.023677
0.024625
0.025127
0.024976
0.024529
0.024786
0.024429
0.024372
0.024878
0.024710
0.024804
0.025571
0.024899
0.025609
0.025571
0.023917
0.021924
0.021005
0.020138
0.021023
0.022858
0.025764
0.027705
0.027848
0.026161
0.024852
0.023663
0.023194
0.022771
0.023870
0.024379
0.024898
0.025852
0.025890
0.026450
0.025758
0.025323
0.025172
0.025843
0.025398
0.026185
0.026052
0.025865
0.026375
0.026375
0.026337
0.024919
0.022462
0.021300
0.021585
0.022255
0.024013
0.027166
0.028168
0.028068
0.027338
0.026023
0.025055
0.024110
0.023929
0.024408
0.025383
0.026292
0.026309
0.027060
0.026665
0.026216
0.026721
0.026339
0.026057
0.026569
0.026645
0.026980
0.027037
0.026835
0.027551
0.027037
0.025376
0.023614
0.022219
0.022506
0.022235
0.025029
0.027470
0.029178
0.029089
0.027643
0.026330
0.025121
0.024649
0.024949
0.025345
0.026326
0.026763
0.027253
0.027292
0.027612
0.027402
0.026563
0.026884
0.026846
0.026643
0.026961
0.027056
0.027835
0.027631
0.027152
0.027835
0.026402
0.023907
0.022970
0.022079
0.022981
0.024614
0.027787
0.029751
0.028928
0.027963
0.026642
0.025670
0.024719
0.024536
0.025651
0.025920
0.026846
0.026852
0.027366
0.026980
0.027247
0.027037
0.026639
0.026846
0.026811
0.026643
0.027226
0.027041
0.027557
0.027322
0.027041
0.026082
0.023349
0.022173
0.021991
0.022896
0.024855
0.027716
0.028960
0.028861
0.027405
0.025848
0.024875
0.023916
0.024457
0.024815
0.025806
0.026004
0.026741
0.027258
0.026861
0.026415
0.026927
0.026528
0.026247
0.026283
0.026116
0.025238
0.025538
0.025091
0.024126
0.024090
0.022182
0.019939
0.018331
0.017707
0.018150
0.020226
0.023367
0.025075
0.025213
0.023295
0.021752
0.020103
0.018775
0.018306
0.018744
0.019066
0.019558
0.020258
0.019843
0.019951
0.019869
0.020306
0.020377
0.020368
0.020579
0.020710
0.020985
0.021439
0.022155
0.021900
0.021849
0.021732
0.021534
0.022049
0.022102
0.023476
0.024129
0.025128
0.025305
0.025314
0.025015
0.024679
0.024960
0.025653
0.025522
0.026390
0.026781
0.027335
0.027340
0.028012
0.028438
0.028145
0.028840
0.029333
0.029644
0.029948
0.030262
0.031047
0.031161
0.031456
0.031756
0.030518
0.030516
0.030210
0.030564
0.031406
0.032560
0.033536
0.034367
0.034418
0.034276
0.034116
0.034680
0.034456
0.035002
0.036130
0.036698
0.037081
0.037574
0.038006
0.038122
0.038486
0.039126
0.039597
0.040100
0.040615
0.041383
0.041885
0.042152
0.042878
0.042660
0.041610
0.041313
0.040779
0.041061
0.041328
0.042649
0.043346
0.043685
0.043817
0.043441
0.043176
0.043085
0.043160
0.043346
0.044049
0.044250
0.044337
0.044893
0.044842
0.045044
0.044977
0.045240
0.045287
0.045850
0.045949
0.046612
0.046702
0.046722
0.047375
0.047296
0.046157
0.046026
0.045677
0.045956
0.046734
0.048192
0.049344
0.049731
0.049278
0.048922
0.049040
0.048674
0.048870
0.049803
0.050952
0.052222
0.052676
0.052840
0.053020
0.053329
0.053638
0.054060
0.055160
0.055485
0.055977
0.056491
0.056737
0.057148
0.057382
0.057784
0.057855
0.056776
0.056058
0.056313
0.056374
0.056918
0.058149
0.059045
0.059169
0.059227
0.059024
0.059250
0.059322
0.059279
0.059966
0.060620
0.061008
0.061170
0.061666
0.061614
0.061535
0.061471
0.061419
0.061399
0.061658
0.061681
0.061950
0.062290
0.062299
0.062783
0.062762
0.062276
0.061915
0.061600
0.061538
0.061834
0.062696
0.063696
0.064370
0.063855
0.063679
0.063546
0.063456
0.063293
0.063864
0.064239
0.064407
0.065036
0.065603
0.065614
0.065802
0.065969
0.065735
0.066006
0.065829
0.066003
0.065970
0.065786
0.065846
0.065796
0.065980
0.065936
0.064820
0.064027
0.064067
0.064014
0.064366
0.065367
0.065591
0.065316
0.064091
0.062609
0.061288
0.059714
0.058684
0.057642
0.057269
0.056576
0.056151
0.055553
0.054983
0.054052
0.053420
0.052901
0.051999
0.051269
0.050843
0.049870
0.049373
0.048611
0.048000
0.047847
0.046887
0.045544
0.044726
0.044232
0.044257
0.044849
0.045859
0.046589
0.046652
0.045790
0.044547
0.044148
0.043629
0.043025
0.043397
0.043495
0.043666
0.043621
0.043296
0.043091
0.042731
0.042286
0.041960
0.041720
0.041380
0.041081
0.041162
0.040595
0.040655
0.040323
0.039488
0.038761
0.037166
0.036098
0.036030
0.035685
0.036820
0.038075
0.038210
0.037821
0.036889
0.036005
0.034759
0.033948
0.033748
0.032928
0.033367
0.033691
0.033361
0.032989
0.032666
0.031998
0.031807
0.031168
0.030910
0.030791
0.030119
0.029869
0.030084
0.029562
0.029509
0.029246
0.027855
0.026591
0.025750
0.024938
0.025374
0.026280
0.028010
0.028798
0.028645
0.027384
0.026064
0.025226
0.024459
0.024016
0.024447
0.024281
0.024493
0.024642
0.024427
0.024556
0.024172
0.023548
0.023692
0.023184
0.022733
0.023314
0.022907
0.022718
0.023037
0.022810
0.023154
0.021525
0.020207
0.019083
0.018754
0.019113
0.020328
0.022575
0.023420
0.023532
0.022742
0.021443
0.020208
0.019589
0.019431
0.019317
0.020090
0.020922
0.021000
0.021435
0.021099
0.021568
0.021020
0.020873
0.020595
0.021226
0.021261
0.021809
0.021808
0.021602
0.022306
0.022026
0.021304
0.018568
0.017424
0.017701
0.018594
0.020449
0.023610
0.024849
0.024978
0.023514
0.022185
0.020739
0.020262
0.020786
0.020983
0.022212
0.022653
0.023377
0.023174
0.023739
0.023283
0.023071
0.023395
0.023356
0.023151
0.023745
0.023842
0.024386
0.024180
0.023938
0.024621
0.024338
0.022896
0.020886
0.019496
0.019786
0.019766
0.022355
0.025568
0.026570
0.026452
0.025212
0.023945
0.022463
0.021772
0.022545
0.022706
0.023699
0.024161
0.025114
0.024675
0.024998
0.024838
0.024346
0.024669
0.024631
0.024192
0.024991
0.024842
0.025624
0.025419
0.024939
0.024219
0.021450
0.020040
0.020310
0.020980
0.023096
0.025822
0.027069
0.027214
0.025752
0.024900
0.022964
0.022982
0.022777
0.023179
0.023941
0.024139
0.025112
0.025875
0.025478
0.025022
0.025296
0.024919
0.024617
0.025380
0.024977
0.024829
0.025611
0.025650
0.026133
0.024206
0.022393
0.020966
0.020531
0.020962
0.023078
0.026295
0.027056
0.027201
0.026708
0.024895
0.023671
0.023210
0.023249
0.022931
0.024170
0.025337
0.025345
0.025865
0.025472
0.025985
0.025286
0.025151
0.024855
0.025132
0.025209
0.026031
0.025850
0.025384
0.026110
0.024664
0.022127
0.021180
0.020263
0.021175
0.023305
0.026028
0.028006
0.028153
0.026685
0.025109
0.023889
0.023185
0.022982
0.024108
0.024389
0.025071
0.026048
0.026087
0.025693
0.025720
0.025507
0.025372
0.025314
0.025353
0.025430
0.026254
0.025585
0.026350
0.026350
0.024627
0.022327
0.021377
0.021174
0.021372
0.023247
0.026236
0.028217
0.028118
0.026652
0.025077
0.024093
0.023146
0.023185
0.024074
0.025077
0.025278
0.026257
0.026055
0.026384
0.025928
0.025715
0.026068
0.025522
0.025561
0.026366
0.025978
0.025792
0.026560
0.026560
0.026521
0.026482
0.025033
0.022769
0.021595
0.020933
0.021627
0.023745
0.026737
0.028477
0.028605
0.027116
0.025559
0.024313
0.023851
0.023666
0.024313
0.024834
0.025780
0.026741
0.026295
0.026870
0.026412
0.025956
0.026289
0.026250
0.026044
0.026607
0.026463
0.026276
0.027045
0.026560
0.027251
0.026967
0.025274
0.023250
0.022075
0.021410
0.022106
0.024227
0.027223
0.028962
0.029090
0.027603
0.026044
0.024796
0.024090
0.023909
0.024796
0.025316
0.026265
0.027227
0.026780
0.027111
0.026898
0.026444
0.026044
0.026491
0.026530
0.026851
0.026704
0.026762
0.027531
0.026801
0.026080
0.023528
0.021852
0.022369
0.022566
0.024933
0.028174
0.028699
0.028846
0.027622
0.026041
0.024572
0.024110
0.024632
0.025037
0.025801
0.026246
0.026984
0.027022
0.027111
0.026654
0.026441
0.026791
0.026248
0.026286
0.026849
0.026946
0.027249
0.027042
0.027042
0.025836
0.023285
0.022091
0.021886
0.022805
0.024691
0.027685
0.028941
0.028845
0.027863
0.026526
0.025297
0.024563
0.024361
0.024766
0.025773
0.026704
0.026714
0.027239
0.026839
0.026626
0.026902
0.026522
0.026219
0.026747
0.026580
0.026432
0.027221
0.027018
0.027260
0.025808
0.023740
0.022301
0.021856
0.022292
0.024420
0.027172
0.028428
0.028334
0.027840
0.026012
0.025026
0.024323
0.024118
0.025007
0.025288
0.026462
0.026225
0.026753
0.026598
0.027115
0.026413
0.026036
0.025978
0.026220
0.026055
0.026883
0.026697
0.026249
0.025565
0.023009
0.022053
0.021828
0.022007
0.024359
0.027117
0.028131
0.028278
0.027803
0.025995
0.024744
0.024280
0.023854
0.023997
0.025102
0.026284
0.026048
0.026576
0.026420
0.025963
0.025992
0.025856
0.025798
0.026082
0.025914
0.026747
0.026561
0.026109
0.026844
0.025142
0.023061
0.021854
0.021162
0.021843
0.023738
0.026751
0.028750
0.027920
0.027178
0.025834
0.024597
0.023889
0.023683
0.024578
0.024859
0.025795
0.026048
0.026576
0.026177
0.026452
0.025992
0.025613
0.026289
0.026082
0.025914
0.026503
0.026315
0.027090
0.026600
0.025142
0.023061
0.021612
0.021162
0.021602
0.023738
0.026753
0.028506
0.028656
0.027178
0.025834
0.024355
0.023889
0.023683
0.024335
0.024859
0.025795
0.026783
0.026333
0.026912
0.026452
0.025994
0.025613
0.026289
0.026082
0.026406
0.026503
0.026315
0.026846
0.026600
0.027297
0.025592
0.023531
0.022323
0.021648
0.022330
0.024247
0.027243
0.028506
0.028408
0.027670
0.026080
0.025088
0.024115
0.023928
0.024335
0.025348
0.026041
0.026294
0.027068
0.026420
0.025963
0.026483
0.026328
0.025554
0.026328
0.026406
0.026993
0.026561
0.026600
0.027090
0.026805
0.025069
0.023040
0.021593
0.021889
0.021602
0.024735
0.027733
0.028997
0.028656
0.027179
0.025834
0.024319
0.023589
0.024381
0.024789
0.025560
0.025763
0.026752
0.026791
0.026635
0.026420
0.026206
0.026295
0.026011
0.026050
0.026618
0.026225
0.027010
0.026802
0.026802
0.027010
0.025529
0.023460
0.022005
0.021572
0.022014
0.024179
0.026939
0.028942
0.028107
0.027611
0.026017
0.024533
0.024046
0.023859
0.024759
0.025039
0.026223
0.026232
0.026516
0.026360
0.026636
0.026422
0.025775
0.026472
0.026266
0.025853
0.026687
0.026500
0.027030
0.026785
0.025323
0.022990
0.021781
0.021084
0.021770
0.023915
0.026936
0.028694
0.028844
0.027365
0.025771
0.024533
0.023820
0.023614
0.024758
0.025039
0.025732
0.026722
0.026761
0.026851
0.026390
0.026176
0.025794
0.025981
0.026020
0.026835
0.026687
0.026254
0.027030
0.026785
0.026991
0.025529
0.023705
0.022006
0.021572
0.022013
0.024423
0.027428
0.028201
0.028351
0.027611
0.026263
0.024777
0.024046
0.024105
0.024023
0.025283
0.026223
0.026477
0.026761
0.026360
0.026145
0.026421
0.025775
0.025736
0.026512
0.026098
0.026687
0.026746
0.026538
0.026785
0.026746
0.026020
0.022727
0.021762
0.021817
0.021770
0.024424
0.027428
0.028694
0.028844
0.027119
0.025526
0.024533
0.023558
0.024105
0.024513
0.025775
0.025733
0.026477
0.026516
0.026852
0.026391
0.025931
0.026512
0.025982
0.026021
0.026590
0.026442
0.026992
0.026785
0.026540
0.025569
0.022992
0.021538
0.021817
0.022259
0.024405
0.027428
0.028450
0.028600
0.027119
0.026508
0.024289
0.024311
0.024350
0.024269
0.025530
0.025733
0.026723
0.027009
0.026852
0.026391
0.026423
0.026286
0.025982
0.026512
0.026320
0.026417
0.026967
0.026515
0.027253
0.026967
0.026437
0.208701
0.205621
0.388827
0.388487
0.456289
0.456697
0.449325
0.448661
0.446990
0.444890
0.444271
0.440750
0.438890
0.436726
0.434603
0.433214
0.430905
0.429227
0.426915
0.424001
0.420706
0.418014
0.414761
0.411401
0.408558
0.405138
0.401735
0.398482
0.394724
0.391337
0.387676
0.382918
0.378614
0.374084
0.370632
0.367668
0.365520
0.363022
0.360301
0.355907
0.350724
0.345437
0.340632
0.336145
0.331894
0.328699
0.324865
0.321459
0.318184
0.314034
0.310498
0.306415
0.302368
0.298222
0.294752
0.291096
0.287682
0.284172
0.280413
0.277097
0.273181
0.269363
0.265256
0.260988
0.257441
0.254090
0.251718
0.249599
0.247577
0.244816
0.241191
0.237090
0.232383
0.228263
0.224350
0.220830
0.217358
0.214709
0.211971
0.208546
0.205592
0.201889
0.198299
0.195038
0.191585
0.188625
0.185768
0.182562
0.180309
0.176844
0.173946
0.171502
0.167668
0.164510
0.161292
0.159018
0.157102
0.156566
0.155549
0.154055
0.150941
0.148221
0.144519
0.141481
0.138786
0.136218
0.134562
0.132731
0.131233
0.129228
0.127821
0.125458
0.123635
0.121490
0.119343
0.117968
0.116060
0.114293
0.112821
0.111221
0.109806
0.107798
0.105498
0.103360
0.101876
0.100813
0.100371
0.101179
0.101417
0.101405
0.099450
0.097009
0.094858
0.092596
0.091032
0.089670
0.089268
0.088455
0.087759
0.087460
0.086331
0.085577
0.084060
0.082766
0.082382
0.081309
0.080188
0.079481
0.078588
0.077485
0.076874
0.075922
0.074704
0.073041
0.072376
0.072817
0.073223
0.074603
0.075585
0.075817
0.075190
0.073242
0.071576
0.069965
0.068596
0.068424
0.067827
0.067819
0.067389
0.066809
0.066317
0.065785
0.064903
0.063710
0.063778
0.062794
0.062121
0.061779
0.061681
0.061176
0.060857
0.060234
0.060373
0.058520
0.058095
0.057273
0.057512
0.057895
0.059767
0.060802
0.061688
0.061463
0.060387
0.059103
0.058224
0.057746
0.057454
0.058041
0.058368
0.058872
0.059247
0.059624
0.059358
0.059571
0.059765
0.059270
0.060015
0.059881
0.059725
0.060399
0.060488
0.060685
0.060739
0.059438
0.058903
0.058259
0.057691
0.058551
0.060345
0.062198
0.063950
0.064097
0.063285
0.062233
0.061274
0.061041
0.060687
0.061748
0.062449
0.062968
0.063617
0.063488
0.064159
0.063510
0.063084
0.063586
0.063304
0.063092
0.063336
0.063144
0.063187
0.063654
0.063343
0.063766
0.062172
0.061364
0.060350
0.060231
0.060616
0.062676
0.064320
0.064898
0.065047
0.064241
0.062778
0.061335
0.060813
0.060415
0.060829
0.060984
0.061701
0.061438
0.061784
0.061446
0.061493
0.061075
0.060645
0.060270
0.060701
0.060566
0.060856
0.060770
0.060390
0.060876
0.059492
0.058794
0.057331
0.057137
0.057533
0.059439
0.061210
0.062432
0.062838
0.061524
0.060068
0.059230
0.058454
0.058200
0.058782
0.058918
0.059772
0.060484
0.060189
0.059897
0.060185
0.059926
0.059404
0.059828
0.059618
0.059456
0.060017
0.059892
0.060261
0.060085
0.059878
0.058958
0.057498
0.056478
0.056796
0.057765
0.059437
0.061233
0.062086
0.062031
0.061870
0.060281
0.059458
0.058889
0.058664
0.058620
0.059440
0.060458
0.060486
0.060768
0.060636
0.060388
0.060825
0.060116
0.059675
0.060343
0.059912
0.059993
0.060328
0.059973
0.060423
0.058608
0.057630
0.056465
0.055927
0.056219
0.058027
0.059586
0.060506
0.060675
0.060280
0.058643
0.057688
0.057171
0.056986
0.057778
0.058057
0.058562
0.058640
0.059288
0.058795
0.059092
0.058670
0.058221
0.058782
0.058674
0.058487
0.058836
0.058882
0.058776
0.058914
0.058768
0.058214
0.056345
0.055372
0.055462
0.056046
0.057430
0.058930
0.059724
0.059742
0.058417
0.057346
0.056190
0.055841
0.055886
0.056201
0.057076
0.057179
0.057787
0.057684
0.057916
0.057745
0.057225
0.057453
0.057422
0.056992
0.057406
0.057483
0.057569
0.057352
0.057352
0.057931
0.055956
0.055264
0.054162
0.053561
0.053940
0.055470
0.057079
0.058504
0.058421
0.057413
0.055939
0.055153
0.054427
0.054472
0.055138
0.055420
0.056127
0.056801
0.056584
0.056459
0.056536
0.056117
0.055993
0.056211
0.056242
0.055923
0.056605
0.056427
0.057041
0.056655
0.056400
0.055847
0.054436
0.053218
0.053656
0.053906
0.055656
0.056846
0.057750
0.057894
0.057511
0.056175
0.055031
0.054651
0.054697
0.054548
0.055429
0.056392
0.056596
0.057017
0.056502
0.056330
0.056770
0.056420
0.056003
0.056644
0.056483
0.056561
0.056630
0.056662
0.056956
0.056924
0.055289
0.054223
0.053558
0.052719
0.053340
0.054790
0.056492
0.057797
0.057945
0.056754
0.055425
0.054622
0.053845
0.053672
0.054606
0.055500
0.055616
0.056224
0.056002
0.056502
0.056325
0.055524
0.056020
0.055988
0.056071
0.056281
0.056360
0.056408
0.056688
0.056440
0.057036
0.055614
0.054561
0.053521
0.053162
0.053512
0.055337
0.057145
0.057817
0.057964
0.057342
0.056146
0.055181
0.054786
0.054361
0.055312
0.055594
0.056590
0.056572
0.057238
0.056703
0.057157
0.056750
0.056620
0.056588
0.056676
0.056493
0.057212
0.057261
0.057066
0.057542
0.057261
0.056256
0.054901
0.053868
0.053872
0.054263
0.056067
0.057874
0.058998
0.058917
0.057662
0.056505
0.055413
0.054779
0.055468
0.055814
0.056737
0.056894
0.057767
0.057553
0.058076
0.057831
0.057646
0.058167
0.057478
0.057512
0.058235
0.057875
0.058585
0.058526
0.058048
0.058460
0.057190
0.055977
0.055275
0.054628
0.054993
0.056832
0.058585
0.060393
0.060103
0.058784
0.057606
0.056398
0.055751
0.055376
0.056382
0.056590
0.057415
0.058082
0.057869
0.057502
0.057732
0.057355
0.056742
0.057372
0.056998
0.056876
0.057153
0.057173
0.057631
0.057207
0.056925
0.056305
0.054428
0.053160
0.053008
0.053814
0.055262
0.056935
0.057856
0.057763
0.056426
0.055901
0.054578
0.053890
0.053504
0.053613
0.054744
0.055141
0.055366
0.055829
0.055262
0.054824
0.055187
0.054604
0.054338
0.054800
0.054674
0.054281
0.055009
0.054599
0.054766
0.054582
0.052835
0.051860
0.050745
0.049933
0.050493
0.052191
0.053872
0.055238
0.055394
0.054279
0.052391
0.051510
0.050802
0.050187
0.051214
0.051237
0.052309
0.052734
0.052570
0.052862
0.052437
0.051771
0.052309
0.052026
0.051632
0.052130
0.052020
0.051592
0.052130
0.051681
0.050824
0.049139
0.047836
0.048096
0.048471
0.049958
0.051862
0.052752
0.052674
0.051106
0.049900
0.048770
0.047909
0.048362
0.048530
0.049420
0.049588
0.050294
0.050081
0.050389
0.049750
0.049558
0.049669
0.049358
0.048996
0.049546
0.049067
0.049804
0.049389
0.049389
0.048527
0.046641
0.045548
0.045509
0.045849
0.047519
0.049624
0.050075
0.050233
0.049724
0.048056
0.047169
0.046274
0.046116
0.046228
0.046942
0.048021
0.048000
0.048493
0.047869
0.047677
0.047967
0.047597
0.047165
0.047434
0.047504
0.047358
0.047644
0.047679
0.048118
0.047620
0.046312
0.045310
0.043863
0.043889
0.043597
0.045735
0.047116
0.048985
0.048933
0.047562
0.046346
0.045030
0.044352
0.044379
0.044739
0.045885
0.046287
0.046749
0.046550
0.046960
0.046516
0.046117
0.046429
0.046145
0.046181
0.046707
0.046339
0.046392
0.047119
0.046636
0.047294
0.045943
0.044364
0.043497
0.042827
0.043658
0.045150
0.047244
0.048187
0.048348
0.047911
0.046186
0.045278
0.044835
0.044198
0.045260
0.045740
0.046601
0.046600
0.047338
0.047171
0.047428
0.046994
0.046850
0.046565
0.047305
0.047142
0.047614
0.047669
0.047468
0.047929
0.047892
0.046779
0.045055
0.043914
0.044163
0.044631
0.046639
0.048517
0.049169
0.049332
0.048172
0.046437
0.045278
0.044579
0.045337
0.045012
0.046206
0.046376
0.047324
0.046875
0.047214
0.046765
0.046079
0.046644
0.046133
0.046040
0.046572
0.046641
0.046932
0.046380
0.046380
0.046808
0.044978
0.043955
0.042559
0.041891
0.042520
0.044308
0.046194
0.047638
0.047549
0.046138
0.044874
0.043240
0.042540
0.042594
0.042973
0.043213
0.044340
0.044814
0.044614
0.044198
0.044134
0.043697
0.043228
0.043678
0.043466
0.043053
0.043631
0.043437
0.043702
0.043455
0.043169
0.042176
0.040210
0.038807
0.038838
0.039243
0.041271
0.043173
0.043914
0.043838
0.043122
0.041372
0.040439
0.039274
0.039328
0.039362
0.039855
0.040993
0.040983
0.041508
0.040873
0.040173
0.040688
0.040054
0.039788
0.040292
0.039887
0.039741
0.040264
0.040070
0.040300
0.039927
0.038319
0.037042
0.035907
0.035225
0.035614
0.037384
0.039051
0.040997
0.040678
0.039510
0.037752
0.036593
0.035873
0.035219
0.036309
0.037266
0.037458
0.037926
0.037733
0.037967
0.037526
0.036843
0.037414
0.036897
0.036447
0.037239
0.036850
0.036601
0.037109
0.036877
0.037312
0.035451
0.034422
0.033260
0.032599
0.032833
0.034829
0.036745
0.037416
0.037333
0.036571
0.035281
0.033629
0.032926
0.032980
0.033600
0.033855
0.034746
0.034754
0.035262
0.034644
0.035161
0.034710
0.034333
0.033808
0.034563
0.034157
0.034728
0.034534
0.034341
0.034571
0.034453
0.033314
0.031818
0.030407
0.030685
0.031067
0.033084
0.034525
0.035755
0.035923
0.034500
0.032752
0.031570
0.031115
0.031636
0.031782
0.032515
0.032938
0.033651
0.033448
0.034024
0.033559
0.033355
0.033442
0.033405
0.032959
0.033516
0.033609
0.034141
0.034111
0.033621
0.034312
0.032919
0.031648
0.030708
0.030017
0.030411
0.032463
0.034392
0.036366
0.036284
0.035099
0.033567
0.032370
0.031907
0.031476
0.032351
0.032604
0.033761
0.034494
0.034342
0.034192
0.034467
0.034021
0.033623
0.034315
0.033863
0.033698
0.034271
0.034087
0.034605
0.034549
0.032658
0.031361
0.030249
0.029775
0.029936
0.031963
0.034163
0.035404
0.035323
0.034138
0.032597
0.030922
0.030413
0.030202
0.030591
0.031822
0.032003
0.032729
0.032284
0.032617
0.032162
0.031475
0.031825
0.031521
0.031077
0.031633
0.031478
0.031294
0.031572
0.031323
0.030402
0.028381
0.027190
0.026977
0.027612
0.029164
0.031119
0.032119
0.032039
0.030110
0.028823
0.027629
0.026461
0.026975
0.027362
0.028103
0.028041
0.028524
0.028561
0.028652
0.027960
0.027695
0.028047
0.027262
0.027299
0.027614
0.027219
0.027763
0.027553
0.027312
0.027516
0.026126
0.024619
0.023434
0.022751
0.023378
0.025171
0.026858
0.028587
0.028509
0.027088
0.025507
0.024318
0.023619
0.023190
0.024060
0.024311
0.025223
0.025952
0.025742
0.025353
0.025631
0.024946
0.024798
0.025002
0.024798
0.024872
0.025153
0.024966
0.025493
0.025246
0.024915
0.024015
0.022261
0.020847
0.021353
0.021504
0.023601
0.025478
0.026477
0.026156
0.025710
0.024185
0.023002
0.022060
0.022114
0.022261
0.023241
0.024148
0.024148
0.024916
0.024284
0.024080
0.024359
0.023729
0.023692
0.024218
0.024046
0.023895
0.024440
0.024477
0.024964
0.024440
0.023060
0.022280
0.020870
0.020412
0.020805
0.023071
0.024515
0.026487
0.026612
0.025431
0.023657
0.022478
0.022020
0.022075
0.022945
0.023684
0.024110
0.025083
0.024877
0.025460
0.025256
0.024567
0.024902
0.024865
0.024902
0.025466
0.025559
0.025615
0.025652
0.025652
0.026348
0.026311
0.024675
0.023908
0.022495
0.022044
0.022454
0.024728
0.026937
0.028428
0.028336
0.027130
0.025857
0.024890
0.024204
0.024260
0.025132
0.025392
0.026573
0.027533
0.027571
0.027913
0.027707
0.027253
0.027593
0.027313
0.027351
0.028161
0.028255
0.028068
0.028593
0.028549
0.029005
0.027597
0.026552
0.025356
0.024955
0.025357
0.027427
0.029137
0.030387
0.030309
0.029812
0.028020
0.027063
0.026349
0.026162
0.026062
0.027303
0.028228
0.028225
0.028755
0.028604
0.028642
0.028190
0.027792
0.027511
0.028053
0.027867
0.028454
0.028263
0.028055
0.028300
0.026894
0.025589
0.024395
0.023675
0.024076
0.026125
0.027854
0.029350
0.029521
0.028081
0.026537
0.025094
0.024403
0.024194
0.025075
0.025088
0.026253
0.026496
0.026534
0.026137
0.026422
0.025725
0.025350
0.025782
0.025329
0.025159
0.025741
0.025552
0.025834
0.025590
0.023948
0.022657
0.021466
0.021478
0.021386
0.022928
0.024644
0.026628
0.026800
0.024878
0.023554
0.022119
0.021435
0.020985
0.022101
0.023089
0.023027
0.024003
0.023550
0.024135
0.023442
0.022992
0.023351
0.023052
0.022600
0.023407
0.023256
0.022822
0.023592
0.023349
0.022204
0.020435
0.019255
0.019261
0.019651
0.021666
0.023625
0.024622
0.024305
0.023126
0.021602
0.020179
0.019502
0.020263
0.020403
0.021142
0.021565
0.022295
0.022332
0.022393
0.021945
0.022474
0.021858
0.021557
0.021594
0.022157
0.022006
0.022548
0.022304
0.022059
0.021406
0.019638
0.018215
0.018748
0.018746
0.021033
0.022763
0.023771
0.023905
0.023450
0.021904
0.020458
0.020012
0.020049
0.020196
0.021190
0.022111
0.022356
0.023132
0.022735
0.022283
0.022567
0.022190
0.022134
0.022909
0.022739
0.022340
0.023135
0.023173
0.023666
0.023628
0.022219
0.020930
0.019732
0.020250
0.019918
0.022734
0.023716
0.025715
0.025885
0.024686
0.023134
0.021930
0.021216
0.022008
0.022156
0.023402
0.023588
0.024574
0.024366
0.024955
0.024500
0.024046
0.024387
0.024350
0.024387
0.024957
0.025052
0.025109
0.025640
0.025393
0.025849
0.024432
0.023382
0.022176
0.021719
0.022371
0.024218
0.026442
0.028197
0.027622
0.027162
0.025603
0.024638
0.024166
0.023484
0.024619
0.025130
0.026307
0.026308
0.026839
0.026687
0.026974
0.026517
0.026118
0.026821
0.026613
0.026193
0.027030
0.026841
0.026631
0.027125
0.026593
0.025912
0.024367
0.022669
0.023193
0.023357
0.025702
0.027186
0.028447
0.028119
0.026915
0.025357
0.023898
0.023427
0.023731
0.023879
0.025129
0.025070
0.025812
0.025850
0.026192
0.025489
0.025774
0.025622
0.025091
0.024882
0.025698
0.025298
0.025850
0.025641
0.025393
0.024223
0.022664
0.021216
0.021473
0.021635
0.023704
0.025697
0.026461
0.026382
0.025676
0.024367
0.023159
0.022216
0.022008
0.022157
0.022909
0.024082
0.024328
0.024366
0.024215
0.023760
0.024292
0.023421
0.023364
0.023873
0.023422
0.024011
0.024068
0.023859
0.024106
0.024068
0.023783
0.022616
0.020850
0.019667
0.019697
0.020364
0.022183
0.024425
0.024941
0.025092
0.024616
0.023079
0.021607
0.021157
0.020968
0.021115
0.022114
0.023061
0.023287
0.023572
0.023421
0.022966
0.023251
0.022854
0.022570
0.023348
0.022929
0.023024
0.023575
0.023612
0.023859
0.023575
0.022162
0.020869
0.019912
0.019943
0.019855
0.021937
0.023662
0.025418
0.025340
0.024139
0.022585
0.021625
0.020666
0.021213
0.021607
0.022854
0.023041
0.023534
0.023572
0.024162
0.023459
0.023251
0.023594
0.023309
0.023100
0.023916
0.024011
0.023327
0.024106
0.024106
0.024809
0.022653
0.021850
0.020645
0.020185
0.020836
0.022677
0.024654
0.025665
0.025589
0.025130
0.023820
0.022609
0.021647
0.021704
0.022837
0.022853
0.024029
0.024028
0.024808
0.024162
0.024695
0.024486
0.024088
0.024297
0.024335
0.024410
0.024753
0.024809
0.024600
0.025342
0.023429
0.022605
0.021399
0.020675
0.021573
0.023153
0.025398
0.027156
0.027078
0.025874
0.024314
0.023349
0.022404
0.022442
0.023577
0.023347
0.024524
0.025513
0.025551
0.025152
0.025438
0.024981
0.024848
0.025287
0.025077
0.025153
0.025495
0.025552
0.026333
0.026085
0.024170
0.023344
0.022136
0.022149
0.021821
0.024639
0.025895
0.027406
0.027576
0.026371
0.024809
0.023597
0.022885
0.023416
0.023566
0.024323
0.024760
0.025502
0.025541
0.025635
0.025426
0.024970
0.025332
0.025027
0.024819
0.025389
0.025236
0.025789
0.025579
0.024196
0.022877
0.021668
0.021173
0.021561
0.023618
0.025369
0.027376
0.027297
0.025616
0.024322
0.023338
0.022391
0.022202
0.023319
0.023334
0.024265
0.025254
0.025292
0.025387
0.024931
0.024723
0.024069
0.024507
0.024545
0.025116
0.024963
0.024773
0.025554
0.025059
0.024132
0.022564
0.020863
0.021368
0.021777
0.023857
0.025611
0.026874
0.026796
0.025094
0.023782
0.022570
0.022117
0.022401
0.022797
0.023803
0.023744
0.024734
0.024772
0.024867
0.024411
0.024202
0.024564
0.024012
0.024050
0.024610
0.024209
0.025009
0.025047
0.024552
0.025009
0.024971
0.023303
0.022022
0.021077
0.021109
0.021043
0.023368
0.025619
0.026634
0.026536
0.025064
0.023770
0.022538
0.021592
0.022389
0.022538
0.023296
0.023751
0.024722
0.024512
0.024608
0.024399
0.023942
0.024533
0.024000
0.023791
0.024609
0.024209
0.025009
0.024799
0.024551
0.025009
0.023341
0.022533
0.021077
0.020617
0.021024
0.023120
0.024855
0.026615
0.026039
0.025579
0.024017
0.022557
0.022085
0.021895
0.022538
0.023048
0.024227
0.023978
0.024512
0.024360
0.024646
0.024190
0.023791
0.024495
0.024038
0.023866
0.024704
0.024266
0.025047
0.024799
0.023378
0.022059
0.020850
0.020125
0.020778
0.022853
0.024606
0.026615
0.026287
0.025083
0.023769
0.022557
0.021611
0.021648
0.022538
0.022801
0.023731
0.024722
0.024264
0.024855
0.024398
0.024190
0.023562
0.024000
0.024038
0.024609
0.024456
0.024266
0.025047
0.024799
0.023873
0.022305
0.020850
0.021355
0.021764
0.023844
0.026097
0.026864
0.027034
0.025828
0.024513
0.023051
0.022598
0.023377
0.023774
0.024534
0.024971
0.025962
0.025753
0.026096
0.025887
0.025677
0.025792
0.025735
0.025773
0.026097
0.026193
0.026746
0.026536
0.026536
0.026994
0.025320
0.024261
0.023295
0.022589
0.023247
0.025106
0.027093
0.028856
0.028777
0.027568
0.026002
0.024785
0.024059
0.024116
0.024762
0.025027
0.026208
0.026208
0.026743
0.026342
0.026876
0.026171
0.026018
0.026476
0.026267
0.026095
0.026686
0.026743
0.027029
0.027029
0.026743
0.025564
0.024011
0.022798
0.022832
0.023490
0.025351
0.027339
0.028355
0.028277
0.026820
0.026246
0.024038
0.024059
0.023868
0.024266
0.025027
0.025464
0.026208
0.026494
0.026342
0.025884
0.026170
0.025752
0.025466
0.026000
0.025828
0.025675
0.026228
0.026267
0.026515
0.026228
0.024802
0.023496
0.022283
0.021576
0.022233
0.024090
0.026077
0.027840
0.028010
0.026305
0.024987
0.023770
0.022802
0.022612
0.023751
0.024016
0.024701
0.025693
0.025483
0.026075
0.025369
0.024912
0.025503
0.024969
0.024759
0.025580
0.025427
0.024988
0.025770
0.025522
0.025732
0.024307
0.023249
0.021789
0.021329
0.021738
0.023593
0.025828
0.026595
0.026517
0.026056
0.024491
0.023028
0.022555
0.022365
0.022267
0.023520
0.024453
0.024452
0.024986
0.024586
0.068697
0.070362
0.071551
0.073028
0.075780
0.177428
0.273914
0.269932
0.265922
0.261458
0.257527
0.253899
0.250823
0.249628
0.246852
0.242591
0.238421
0.232277
0.225263
0.220482
0.216565
0.213282
0.210994
0.208463
0.205079
0.201430
0.197500
0.192594
0.188108
0.184288
0.180407
0.177211
0.174379
0.170442
0.167793
0.164971
0.161092
0.158214
0.154517
0.151844
0.149004
0.145470
0.143067
0.141700
0.141195
0.139660
0.137121
0.134624
0.129275
0.123690
0.120375
0.117898
0.116721
0.116210
0.115117
0.113526
0.110659
0.108429
0.105354
0.102846
0.100038
0.098172
0.096006
0.094388
0.092771
0.090606
0.088884
0.087323
0.084929
0.083247
0.080872
0.079629
0.078043
0.077397
0.078493
0.078423
0.076629
0.074440
0.070884
0.066329
0.064131
0.062623
0.062470
0.063060
0.062682
0.061132
0.060304
0.058558
0.056528
0.055052
0.053050
0.051240
0.050534
0.049773
0.048396
0.047560
0.046760
0.045273
0.044092
0.043518
0.041875
0.040871
0.039525
0.040224
0.041553
0.042029
0.041698
0.040066
0.037263
0.033295
0.031518
0.030809
0.030712
0.031282
0.031690
0.031591
0.031006
0.030052
0.028344
0.026569
0.026088
0.024612
0.024137
0.023384
0.023115
0.022861
0.022197
0.021204
0.020747
0.019462
0.018927
0.018345
0.017319
0.018466
0.019765
0.020720
0.020699
0.019737
0.017218
0.013909
0.011627
0.011147
0.011914
0.012902
0.013507
0.013709
0.013369
0.012283
0.011490
0.010163
0.009045
0.008617
0.008753
0.008269
0.008234
0.008352
0.007584
0.007551
0.007484
0.006540
0.006493
0.005567
0.005567
0.005322
0.005843
0.008122
0.009275
0.008774
0.007930
0.005896
0.004020
0.003683
0.003703
0.003758
0.003863
0.004302
0.004476
0.004301
0.004325
0.003891
0.003936
0.003977
0.004268
0.004215
0.004328
0.004473
0.004091
0.004268
0.004535
0.004569
0.004611
0.004974
0.005100
0.005452
0.005430
0.004820
0.004166
0.004056
0.003972
0.004291
0.004912
0.006388
0.007964
0.008128
0.007092
0.006245
0.005802
0.005614
0.005636
0.006327
0.006549
0.007133
0.007606
0.007634
0.007987
0.007600
0.007537
0.007918
0.007889
0.007898
0.008441
0.008591
0.008635
0.008782
0.008665
0.009215
0.008094
0.007155
0.006804
0.006555
0.007060
0.007791
0.010081
0.011223
0.010918
0.010485
0.009416
0.008465
0.008248
0.008277
0.008260
0.009045
0.009931
0.009900
0.010539
0.010404
0.010851
0.010274
0.010146
0.009881
0.010523
0.010443
0.011147
0.011199
0.010999
0.011234
0.011199
0.010554
0.008827
0.008149
0.008352
0.008900
0.009766
0.012514
0.013487
0.013624
0.012468
0.011024
0.009933
0.009627
0.010126
0.010429
0.010848
0.011226
0.012096
0.012131
0.012465
0.012032
0.011602
0.012118
0.011874
0.011909
0.012403
0.012066
0.012786
0.012823
0.012584
0.011736
0.009719
0.009067
0.009458
0.009636
0.010881
0.013687
0.014647
0.014788
0.013400
0.012588
0.011465
0.011073
0.011026
0.011097
0.011909
0.012987
0.013025
0.013743
0.013356
0.012914
0.013193
0.013066
0.012772
0.013047
0.013120
0.013211
0.013714
0.013302
0.013992
0.013955
0.013677
0.012549
0.010560
0.009982
0.009988
0.010251
0.011921
0.014641
0.015858
0.015513
0.014311
0.013504
0.011924
0.011770
0.011579
0.011924
0.012864
0.013049
0.013706
0.014441
0.014077
0.013634
0.013880
0.013732
0.013492
0.013973
0.013806
0.013899
0.014437
0.014233
0.014695
0.014437
0.013065
0.011056
0.010530
0.010222
0.010569
0.011921
0.014622
0.016324
0.016468
0.015273
0.013504
0.012418
0.012008
0.011818
0.012564
0.012864
0.013948
0.014403
0.014441
0.014774
0.014568
0.013880
0.013528
0.014177
0.014214
0.014506
0.014381
0.014437
0.014936
0.014421
0.013722
0.011482
0.010539
0.010813
0.010929
0.012757
0.015569
0.016555
0.016468
0.015222
0.013930
0.012521
0.011962
0.012616
0.012504
0.013472
0.013894
0.014834
0.014387
0.014722
0.014515
0.014309
0.014396
0.014123
0.014160
0.014453
0.014328
0.015089
0.015127
0.014642
0.015089
0.013685
0.011799
0.010836
0.010505
0.010878
0.012715
0.015276
0.016994
0.016420
0.015934
0.014143
0.013003
0.012325
0.012135
0.012985
0.013232
0.014349
0.014349
0.014872
0.014722
0.015222
0.015256
0.014888
0.015798
0.015836
0.015669
0.016133
0.015794
0.016262
0.014697
0.013074
0.012416
0.011857
0.012424
0.013940
0.016925
0.017428
0.017342
0.016886
0.014951
0.013818
0.012959
0.012417
0.013345
0.013174
0.013761
0.013992
0.013979
0.013592
0.014065
0.013416
0.013049
0.012997
0.013247
0.013180
0.013945
0.013548
0.013811
0.014249
0.012897
0.011359
0.010844
0.010310
0.010683
0.012210
0.014871
0.017030
0.017174
0.015753
0.014472
0.013262
0.012620
0.012654
0.013675
0.013733
0.014750
0.015236
0.015273
0.014889
0.015165
0.014649
0.014283
0.014678
0.014265
0.014339
0.014822
0.014423
0.015161
0.014923
0.014430
0.015276
0.013639
0.012187
0.011093
0.011110
0.011621
0.013063
0.016029
0.017971
0.017576
0.016355
0.014834
0.013730
0.013090
0.013138
0.013728
0.014003
0.014520
0.014611
0.014504
0.014114
0.014385
0.013943
0.013801
0.013990
0.013801
0.013446
0.013961
0.013584
0.014050
0.013828
0.013361
0.012466
0.010724
0.010339
0.010104
0.010614
0.011420
0.013675
0.014817
0.014489
0.013574
0.012406
0.011433
0.010860
0.010892
0.011330
0.012070
0.012963
0.013034
0.013412
0.013280
0.012982
0.013587
0.013461
0.013342
0.013919
0.013736
0.013816
0.014483
0.014359
0.014983
0.013764
0.012576
0.012157
0.012422
0.012772
0.014062
0.015695
0.015735
0.016256
0.015792
0.014160
0.013240
0.012902
0.012811
0.013220
0.013423
0.014210
0.014195
0.014820
0.014196
0.014605
0.013961
0.013591
0.013229
0.013704
0.013576
0.013814
0.013869
0.013478
0.014178
0.012300
0.010513
0.009643
0.009305
0.009587
0.011178
0.014043
0.015990
0.015698
0.014503
0.012974
0.011868
0.011221
0.011133
0.011856
0.012330
0.013225
0.013911
0.014194
0.013358
0.013842
0.013401
0.013272
0.013463
0.013538
0.013373
0.014155
0.014001
0.014493
0.014493
0.013047
0.011428
0.010714
0.011288
0.011454
0.013894
0.016273
0.017849
0.017212
0.015463
0.014130
0.013067
0.012679
0.012777
0.013122
0.014230
0.014223
0.014873
0.014575
0.014677
0.014261
0.013818
0.014147
0.013674
0.013125
0.013776
0.013247
0.013508
0.013136
0.013136
0.012094
0.010264
0.009582
0.009965
0.010089
0.011704
0.013980
0.015156
0.015518
0.013904
0.012913
0.011937
0.011767
0.011949
0.012409
0.013157
0.013541
0.014169
0.015112
0.014733
0.013961
0.014300
0.014177
0.013702
0.014383
0.014454
0.014296
0.014822
0.014835
0.014208
0.011887
0.010894
0.011166
0.011529
0.013219
0.015894
0.016866
0.016777
0.015642
0.014432
0.012954
0.012592
0.012992
0.013186
0.014013
0.014407
0.015074
0.015053
0.015569
0.015375
0.015001
0.015060
0.015008
0.015043
0.015578
0.015666
0.016138
0.016397
0.015950
0.015292
0.013225
0.012371
0.012474
0.013176
0.014548
0.017310
0.018497
0.018391
0.017003
0.015982
0.015121
0.014133
0.014022
0.014142
0.014992
0.015846
0.015776
0.016018
0.015872
0.015557
0.015494
0.015139
0.015086
0.015317
0.015192
0.014960
0.015444
0.015481
0.015856
0.015364
0.014016
0.012355
0.011446
0.011064
0.011473
0.013306
0.016004
0.018155
0.018300
0.016592
0.015320
0.014064
0.013246
0.013296
0.013881
0.014346
0.015420
0.016069
0.015859
0.016403
0.015960
0.015632
0.016167
0.015648
0.015684
0.016210
0.016064
0.016119
0.016612
0.016403
0.016823
0.015451
0.013817
0.012489
0.012133
0.012760
0.014518
0.017266
0.018016
0.018159
0.017449
0.015928
0.014587
0.014007
0.013902
0.013781
0.014893
0.015531
0.015765
0.016032
0.015657
0.016137
0.015494
0.015352
0.015070
0.015352
0.015272
0.016033
0.015642
0.015678
0.016107
0.015784
0.014873
0.012729
0.011584
0.011794
0.012440
0.014011
0.016687
0.017882
0.017805
0.016401
0.014919
0.013853
0.013208
0.013727
0.013916
0.014768
0.015155
0.015824
0.015666
0.015962
0.015765
0.015153
0.015672
0.015636
0.015261
0.015990
0.015945
0.016474
0.016756
0.016528
0.015868
0.013448
0.012837
0.012971
0.013549
0.015154
0.017125
0.017331
0.017470
0.016369
0.015588
0.014322
0.013722
0.013874
0.014090
0.014640
0.015663
0.015242
0.015924
0.015317
0.015127
0.015157
0.014818
0.014521
0.014955
0.014842
0.014682
0.015165
0.014954
0.015375
0.014275
0.012372
0.011701
0.011334
0.011688
0.013616
0.016041
0.016445
0.016581
0.016227
0.014774
0.013690
0.013173
0.012990
0.013852
0.014389
0.015121
0.015354
0.015638
0.015266
0.015697
0.015270
0.015146
0.014588
0.015283
0.015371
0.015857
0.015676
0.015712
0.016395
0.015848
0.015177
0.013031
0.012150
0.012497
0.013005
0.014608
0.017475
0.018433
0.018358
0.017190
0.015457
0.014320
0.013771
0.014183
0.014539
0.015425
0.015650
0.016385
0.016421
0.016716
0.016314
0.015869
0.016480
0.016198
0.016039
0.016780
0.016949
0.017179
0.016973
0.016727
0.017159
0.015841
0.014093
0.012877
0.012767
0.012904
0.014705
0.017349
0.018993
0.018996
0.017631
0.016406
0.015287
0.014886
0.014358
0.015415
0.015656
0.016488
0.017148
0.016936
0.016595
0.016652
0.016465
0.016288
0.016694
0.016288
0.016355
0.016530
0.016581
0.016862
0.016862
0.015188
0.013737
0.013064
0.013218
0.012938
0.014568
0.016820
0.018406
0.018080
0.016997
0.015860
0.014787
0.014455
0.014187
0.014804
0.015821
0.016051
0.016587
0.016621
0.017131
0.016569
0.016421
0.016830
0.016779
0.016508
0.016635
0.016222
0.016106
0.016300
0.016290
0.016864
0.016653
0.015335
0.013953
0.013258
0.013046
0.013282
0.014435
0.016667
0.017996
0.017919
0.016603
0.015208
0.014296
0.013585
0.013577
0.014050
0.014254
0.015156
0.015514
0.015372
0.015424
0.015247
0.015097
0.015317
0.015285
0.014916
0.015575
0.015710
0.015352
0.016000
0.016000
0.016391
0.016358
0.015017
0.013593
0.013280
