0.403448
0.403448
0.403448
0.403448
0.403448
0.403448
0.403448
0.403448
0.403448
0.403448
0.403448
0.403448
0.403448
0.403448
0.403448
0.403448
0.403448
0.403448
0.403448
0.403448
0.403448
0.403448
0.403406
0.402809
0.401264
0.398721
0.395227
0.391344
0.387411
0.383541
0.379812
0.376618
0.373661
0.370416
0.367350
0.364001
0.360494
0.357120
0.353298
0.349807
0.346208
0.342778
0.339336
0.335862
0.332560
0.329289
0.325723
0.322358
0.318820
0.315466
0.311958
0.308575
0.305343
0.301926
0.298598
0.295299
0.292075
0.288787
0.285402
0.282385
0.279100
0.275832
0.272745
0.269638
0.266401
0.263360
0.260391
0.257316
0.254323
0.251243
0.248307
0.245438
0.242358
0.239453
0.236590
0.233697
0.230815
0.227862
0.225138
0.222385
0.219565
0.216861
0.214300
0.211580
0.208877
0.206140
0.203622
0.201054
0.198546
0.195928
0.193424
0.190940
0.188428
0.186170
0.183705
0.181324
0.179002
0.176616
0.174506
0.172017
0.170015
0.167691
0.165517
0.163296
0.161359
0.159047
0.157121
0.155011
0.152913
0.151013
0.148898
0.147003
0.144912
0.143214
0.141336
0.139403
0.137723
0.135845
0.134015
0.132209
0.130587
0.128864
0.127340
0.125616
0.123794
0.122227
0.120504
0.119049
0.117601
0.115923
0.114554
0.113046
0.111492
0.110067
0.108653
0.107099
0.105837
0.104405
0.103116
0.101773
0.100350
0.099219
0.097860
0.096554
0.095208
0.094105
0.092797
0.091567
0.090394
0.089276
0.087977
0.086886
0.085809
0.084648
0.083622
0.082621
0.081465
0.080355
0.079292
0.078384
0.077266
0.076342
0.075423
0.074323
0.073372
0.072376
0.071416
0.070548
0.069610
0.068642
0.067898
0.066976
0.066047
0.065255
0.064440
0.063664
0.062729
0.061986
0.061100
0.060265
0.059552
0.058677
0.058031
0.057286
0.056460
0.055838
0.055029
0.054346
0.053635
0.052992
0.052247
0.051589
0.051036
0.050263
0.049581
0.049006
0.048333
0.047642
0.047155
0.046437
0.045807
0.045172
0.044669
0.044275
0.043393
0.042934
0.042516
0.041871
0.041404
0.040780
0.040235
0.039716
0.039225
0.038729
0.038389
0.037690
0.037291
0.036792
0.036269
0.035769
0.035451
0.034887
0.034515
0.034085
0.033485
0.033247
0.032754
0.032300
0.031798
0.031625
0.031041
0.030672
0.030250
0.029969
0.029587
0.029123
0.028757
0.028522
0.028058
0.027645
0.027388
0.027133
0.026726
0.026196
0.026083
0.025690
0.025321
0.025085
0.024823
0.024428
0.024219
0.023790
0.023440
0.023257
0.022979
0.022727
0.022378
0.022100
0.021836
0.021515
0.021245
0.021025
0.020847
0.020387
0.020300
0.020085
0.019679
0.019524
0.019267
0.018995
0.018891
0.018585
0.018397
0.018206
0.017931
0.017782
0.017622
0.017403
0.017109
0.016934
0.016744
0.016546
0.016440
0.016234
0.016025
0.015760
0.015640
0.015467
0.015322
0.015091
0.014956
0.014840
0.014636
0.014432
0.014273
0.014185
0.013990
0.013801
0.013700
0.013614
0.013452
0.013176
0.013109
0.012920
0.012920
0.012788
0.012470
0.012358
0.012358
0.012298
0.012188
0.011956
0.011855
0.011603
0.011560
0.011560
0.011515
0.011223
0.011206
0.011108
0.011108
0.010941
0.010715
0.010715
0.010598
0.010538
0.010484
0.010484
0.010428
0.010311
0.010235
0.010235
0.010192
0.010192
0.010004
0.010004
0.009920
0.009920
0.009849
0.009789
0.009746
0.009689
0.009689
0.009578
0.009578
0.009518
0.009472
0.009472
0.009472
0.009417
0.009315
0.009287
0.009287
0.009269
0.009269
0.009269
0.009224
0.009163
0.009163
0.009163
0.009163
0.009163
0.009163
0.009163
0.009103
0.009103
0.009103
0.009103
0.009103
0.009103
0.009103
0.009044
0.009044
0.009044
0.009044
0.009044
0.009044
0.009044
0.009044
0.009044
0.009044
0.009044
0.009044
0.009044
0.009044
0.009044
0.009044
0.009044
0.009044
0.009044
0.009044
0.009044
0.009044
0.009044
0.009044
0.009044
0.009044
0.009044
0.009044
0.009044
0.009044
0.009044
0.009044
0.009044
0.009044
0.009044
0.009044
0.009044
0.009044
0.009044
0.009044
0.009044
0.009044
0.009044
0.009044
0.009044
0.009044
0.009044
0.009044
0.009044
0.009044
0.009044
0.009044
0.009044
0.009044
0.009044
0.009044
0.009044
0.009044
0.009044
0.009044
0.009044
0.009044
0.009044
0.009044
0.009044
0.009044
0.009044
0.009044
0.009044
0.009044
0.009044
0.009044
0.009044
0.009044
0.009044
0.009044
0.009044
0.009044
0.009044
0.009044
0.009044
0.009044
0.009044
0.009044
0.009044
0.009044
0.009044
0.009044
0.009044
0.009044
0.009044
0.009044
0.009044
0.009044
0.009044
0.009044
0.009044
0.009044
0.009044
0.009044
0.009044
0.009044
0.009044
0.009044
0.009044
0.009044
0.009044
0.009044
0.009044
0.009044
0.009044
0.009044
0.009044
0.009044
0.009044
0.009044
0.009044
0.009044
0.009044
0.009044
0.009044
0.009044
0.009044
0.009044
0.009044
0.009044
0.009044
0.009044
0.009044
0.009044
0.009044
0.009044
0.009044
0.009044
0.009044
0.009044
0.009044
0.009044
0.009044
0.009044
0.009044
0.009044
0.009044
0.009044
0.009044
0.009044
0.009044
0.009044
0.009044
0.009044
0.009044
0.009044
0.009044
0.009044
0.009044
0.009044
0.009044
0.009044
0.009044
0.009044
0.009044
0.009044
0.009044
0.009044
0.009044
0.009044
0.009044
0.009044
0.009044
0.009044
0.009044
0.009044
0.009044
0.009044
0.009044
0.009044
0.009044
0.009044
0.009044
0.009044
0.009044
0.009044
0.009044
0.009044
0.009044
0.009044
0.009044
0.009044
0.009044
0.009044
0.009044
0.009044
0.009044
0.009044
0.009044
0.009044
0.009044
0.009044
0.009044
0.009044
0.009044
0.009044
0.009044
0.009044
0.009044
0.009044
0.009044
0.009044
0.009044
0.009044
0.009044
0.009044
0.009044
0.009044
0.009044
0.009044
0.009044
0.009044
0.009044
0.009044
0.009044
0.009044
0.009044
0.009044
0.009044
0.009044
0.009044
0.009044
0.009044
0.009044
0.009044
0.009044
0.009044
0.009044
0.009044
0.009044
0.009044
0.009044
0.009044
0.009044
0.009044
0.009044
0.009044
0.009044
0.009044
0.009044
0.009044
0.009044
0.009044
0.009044
0.009044
0.009044
0.009044
0.009044
0.009044
0.009044
0.009044
0.009044
0.009044
0.009044
0.009044
0.009044
0.009044
0.009044
0.009044
0.009044
0.009044
0.009044
0.009044
0.009044
0.009044
0.009044
0.009044
0.009044
0.009044
0.009044
0.009044
0.009044
0.009044
0.009044
0.009044
0.009044
0.009044
0.009044
0.009044
0.009044
0.009044
0.009044
0.009044
0.009044
0.009044
0.009044
0.009044
0.009044
0.009044
0.009044
0.009044
0.009044
0.009044
0.009044
0.009044
0.009044
0.009044
0.009044
0.009044
0.009044
0.009044
0.009044
0.009044
0.009044
0.009044
0.009044
0.009044
0.009044
0.009044
0.009044
0.009044
0.009044
0.009044
0.009044
0.009044
0.009044
0.009044
0.009044
0.009044
0.009044
0.009044
0.009044
0.009044
