1.640437
1.632930
1.625426
1.617926
1.610430
1.602937
1.595448
1.587962
1.580480
1.573005
1.565537
1.558078
1.550627
1.543187
1.535760
1.528345
1.520941
1.513548
1.506167
1.498797
1.491436
1.484087
1.476748
1.469419
1.462099
1.454789
1.447489
1.440196
1.432914
1.425640
1.418374
1.411117
1.403869
1.396632
1.389408
1.382197
1.374998
1.367810
1.360634
1.353469
1.346315
1.339172
1.332040
1.324917
1.317805
1.310703
1.303610
1.296526
1.289452
1.282387
1.275331
1.268283
1.261244
1.254213
1.247189
1.240174
1.233167
1.226170
1.219187
1.212221
1.205271
1.198337
1.191420
1.184517
1.177628
1.170756
1.163898
1.157053
1.150223
1.143406
1.136601
1.129810
1.123032
1.116267
1.109516
1.102784
1.096068
1.089367
1.082682
1.076012
1.069357
1.062716
1.056090
1.049477
1.042878
1.036292
1.029719
1.023159
1.016611
1.010075
1.003551
0.997038
0.990538
0.984048
0.977569
0.971100
0.964642
0.958194
0.951756
0.945328
0.938909
0.932498
0.926098
0.919706
0.913323
0.906948
0.900583
0.894230
0.887890
0.881569
0.875264
0.868975
0.862703
0.856447
0.850205
0.843979
0.837769
0.831572
0.825389
0.819222
0.813067
0.806925
0.800800
0.794695
0.788610
0.782550
0.776518
0.770509
0.764524
0.758566
0.752631
0.746721
0.740840
0.734986
0.729157
0.723354
0.717578
0.711825
0.706095
0.700391
0.694709
0.689052
0.683421
0.677819
0.672240
0.666686
0.661159
0.655655
0.650177
0.644726
0.639297
0.633889
0.628506
0.623150
0.617818
0.612514
0.607241
0.601996
0.596777
0.591586
0.586422
0.581282
0.576168
0.571080
0.566015
0.560972
0.555957
0.550971
0.546014
0.541083
0.536180
0.531303
0.526453
0.521629
0.516831
0.512058
0.507315
0.502598
0.497905
0.493237
0.488596
0.483978
0.479382
0.474811
0.470262
0.465736
0.461237
0.456764
0.452316
0.447892
0.443495
0.439126
0.434778
0.430455
0.426153
0.421877
0.417632
0.413418
0.409232
0.405074
0.400947
0.396846
0.392771
0.388723
0.384703
0.380712
0.376750
0.372819
0.368914
0.365035
0.361186
0.357362
0.353563
0.349790
0.346042
0.342320
0.338624
0.334959
0.331315
0.327691
0.324092
0.320515
0.316963
0.313435
0.309933
0.306453
0.302995
0.299562
0.296149
0.292757
0.289388
0.286039
0.282713
0.279409
0.276125
0.272859
0.269610
0.266381
0.263168
0.259972
0.256793
0.253631
0.250484
0.247352
0.244237
0.241135
0.238048
0.234976
0.231919
0.228877
0.225854
0.222851
0.219869
0.216908
0.213970
0.211052
0.208153
0.205279
0.202432
0.199612
0.196821
0.194058
0.191321
0.188609
0.185929
0.183283
0.180664
0.178081
0.175527
0.172998
0.170496
0.168021
0.165571
0.163144
0.160744
0.158366
0.156011
0.153679
0.151370
0.149083
0.146826
0.144599
0.142400
0.140229
0.138085
0.135963
0.133863
0.131785
0.129730
0.127698
0.125688
0.123700
0.121731
0.119780
0.117849
0.115936
0.114040
0.112161
0.110301
0.108459
0.106636
0.104831
0.103045
0.101278
0.099533
0.097812
0.096114
0.094438
0.092786
0.091155
0.089550
0.087968
0.086406
0.084868
0.083351
0.081854
0.080374
0.078912
0.077469
0.076043
0.074632
0.073239
0.071863
0.070501
0.069155
0.067831
0.066521
0.065224
0.063943
0.062677
0.061429
0.060202
0.058999
0.057821
0.056665
0.055530
0.054414
0.053320
0.052252
0.051207
0.050183
0.049184
0.048207
0.047255
0.046325
0.045419
0.044531
0.043662
0.042814
0.041984
0.041172
0.040378
0.039603
0.038851
0.038121
0.037408
0.036711
0.036028
0.035362
0.034710
0.034072
0.033448
0.032841
0.032251
0.031673
0.031110
0.030558
0.030019
0.029491
0.028976
0.028472
0.027978
0.027496
0.027025
0.026563
0.026113
0.025672
0.025241
0.024820
0.024410
0.024013
0.023625
0.023246
0.022875
0.022512
0.022157
0.021811
0.021471
0.021139
0.020815
0.020498
0.020188
0.019885
0.019589
0.019298
0.019015
0.018738
0.018467
0.018202
0.017943
0.017689
0.017441
0.017199
0.016962
0.016731
0.016504
0.016283
0.016070
0.015864
0.015665
0.015474
0.015288
0.015106
0.014928
0.014754
0.014589
0.014431
0.014281
0.014134
0.013990
0.013850
0.013712
0.013578
0.013453
0.013331
0.013211
0.013094
0.012979
0.012867
0.012758
0.012651
0.012546
0.012444
0.012344
0.012246
0.012150
0.012057
0.011965
0.011880
0.011799
0.011719
0.011641
0.011565
0.011491
0.011418
0.011347
0.011278
0.011210
0.011143
0.011078
0.011014
0.010952
0.010891
0.010832
0.010774
0.010717
0.010662
0.010607
0.010554
0.010503
0.010458
0.010415
0.010373
0.010337
0.010303
0.010269
0.010236
0.010203
0.010172
0.010141
0.010111
0.010081
0.010052
0.010024
0.009996
0.009969
0.009943
0.009917
0.009892
0.009867
0.009843
0.009819
0.009796
0.009773
0.009751
0.009730
0.009709
0.009690
0.009676
0.009663
0.009656
0.009649
0.009642
0.009635
0.009629
0.009627
0.009627
0.009627
0.009627
0.009627
0.009627
0.009627
0.009627
0.009627
0.009627
0.009627
0.009627
0.009627
0.009627
0.009627
0.009627
0.009627
0.009627
0.009627
0.009627
0.009627
0.009627
0.009627
0.009627
0.009627
0.009627
0.009627
0.009627
0.009627
0.009627
0.009627
0.009627
0.009627
0.009627
0.009627
0.009627
0.009627
0.009627
0.009627
0.009627
0.009627
0.009627
0.009627
0.009627
0.009627
0.009627
0.009627
0.009627
0.009627
0.009627
0.009627
0.009627
0.009627
0.009627
0.009627
0.009627
0.009627
0.009627
0.009627
0.009627
0.009627
0.009627
0.009627
0.009627
0.009627
0.009627
0.009627
0.009627
0.009627
0.009627
0.009627
0.009627
0.009627
0.009627
0.009627
0.009627
0.009627
0.009627
0.009627
0.009627
0.009627
0.009627
0.009627
0.009627
0.009627
0.009627
0.009627
0.009627
0.009627
0.009627
0.009627
0.009627
0.009627
0.009627
0.009627
0.009627
0.009627
0.009627
0.009627
0.009627
0.009627
0.009627
0.009627
0.009627
0.009627
0.009627
0.009627
0.009627
0.009627
0.009627
0.009627
0.009627
0.009627
0.009627
0.009627
0.009627
0.009627
0.009627
0.009627
0.009627
0.009627
0.009627
0.009627
0.009627
0.009627
0.009627
0.009627
0.009627
0.009627
0.009627
0.009627
0.009627
0.009627
0.009627
0.009627
0.009627
0.009627
0.009627
0.009627
0.009627
0.009627
0.009627
0.009627
0.009627
0.009627
0.009627
0.009627
0.009627
0.009627
0.009627
0.009627
0.009627
0.009627
0.009627
0.009627
0.009627
0.009627
0.009627
0.009627
0.009627
0.009627
0.009627
0.009627
0.009627
0.009627
0.009627
0.009627
0.009627
0.009627
0.009627
0.009627
0.009627
0.009627
0.009627
0.009627
0.009627
0.009627
0.009627
0.009627
0.009627
0.009627
0.009627
0.009627
0.009627
0.009627
0.009627
0.009627
0.009627
0.009627
0.009627
0.009627
0.009627
0.009627
0.009627
0.009627
0.009627
0.009627
0.009627
0.009627
0.009627
0.009627
0.009627
0.009627
0.009627
0.009627
0.009627
0.009627
0.009627
0.009627
0.009627
0.009627
0.009627
0.009627
0.009627
0.009627
0.009627
0.009627
0.009627
0.009627
0.009627
0.009627
0.009627
0.009627
0.009627
0.009627
0.009627
0.009627
0.009627
0.009627
0.009627
0.009627
0.009627
0.009627
0.009627
0.009627
0.009627
0.009627
0.009627
0.009627
0.009627
0.009627
0.009627
0.009627
0.009627
0.009627
0.009627
0.009627
0.009627
0.009627
0.009627
0.009627
0.009627
0.009627
0.009627
0.009627
0.009627
0.009627
0.009627
0.009627
0.009627
0.009627
0.009627
0.009627
0.009627
0.009627
0.009627
0.009627
0.009627
0.009627
0.009627
0.009627
0.009627
0.009627
0.009627
0.009627
0.009627
0.009627
0.009627
0.009627
0.009627
0.009627
0.009627
0.009627
0.009627
0.009627
0.009627
0.009627
0.009627
0.009627
0.009627
0.009627
0.009627
0.009627
0.009627
0.009627
0.009627
0.009627
0.009627
0.009627
0.009627
0.009627
0.009627
0.009627
0.009627
0.009627
0.009627
0.009627
0.009627
0.009627
0.009627
0.009627
0.009627
0.009627
0.009627
0.009627
0.009627
0.009627
0.009627
0.009627
0.009627
0.009627
0.009627
0.009627
0.009627
0.009627
0.009627
0.009627
0.009627
0.009627
0.009627
0.009627
0.009627
0.009627
0.009627
0.009627
0.009627
0.009627
0.009627
0.009627
0.009627
0.009627
0.009627
0.009627
0.009627
0.009627
0.009627
0.009627
0.009627
0.009627
0.009627
0.009627
0.009627
0.009627
0.009627
0.009627
0.009627
0.009627
0.009627
0.009627
0.009627
0.009627
0.009627
0.009627
0.009627
0.009627
0.009627
0.009627
0.009627
0.009627
0.009627
0.009627
0.009627
0.009627
0.009627
0.009627
0.009627
0.009627
0.009627
0.009627
0.009627
0.009627
0.009627
0.009627
0.009627
0.009627
0.009627
0.009627
0.009627
0.009627
0.009627
0.009627
0.009627
0.009627
0.009627
0.009627
0.009627
0.009627
0.009627
0.009627
0.009627
0.009627
0.009627
0.009627
0.009627
0.009627
0.009627
0.009627
0.009627
0.009627
0.009627
0.009627
0.009627
0.009627
0.009627
0.009627
0.009627
0.009627
0.009627
0.009627
0.009627
0.009627
0.009627
0.009627
0.009627
0.009627
0.009627
0.009627
0.009627
0.009627
0.009627
0.009627
0.009627
0.009627
0.009627
0.009627
0.009627
0.009627
0.009627
0.009627
0.009627
0.009627
0.009627
0.009627
0.009627
0.009627
0.009627
0.009627
0.009627
0.009627
0.009627
0.009627
0.009627
0.009627
0.009627
0.009627
0.009627
0.009627
0.009627
0.009627
0.009627
0.009627
0.009627
0.009627
0.009627
0.009627
0.009627
0.009627
0.009627
0.009627
0.009627
0.009627
0.009627
0.009627
0.009627
0.009627
0.009627
0.009627
0.009627
0.009627
0.009627
0.009627
0.009627
0.009627
0.009627
0.009627
0.009627
0.009627
0.009627
0.009627
0.009627
0.009627
0.009627
0.009627
0.009627
0.009627
0.009627
0.009627
0.009627
0.009627
0.009627
0.009627
0.009627
0.009627
0.009627
0.009627
0.009627
0.009627
0.009627
0.009627
0.009627
0.009627
0.009627
0.009627
0.009627
0.009627
0.009627
0.009627
0.009627
0.009627
0.009627
0.009627
0.009627
0.009627
0.009627
0.009627
0.009627
0.009627
0.009627
0.009627
0.009627
0.009627
0.009627
0.009627
0.009627
0.009627
0.009627
0.009627
0.009627
0.009627
0.009627
0.009627
0.009627
0.009627
0.009627
0.009627
0.009627
0.009627
0.009627
0.009627
0.009627
0.009627
0.009627
0.009627
0.009627
0.009627
0.009627
0.009627
0.009627
0.009627
0.009627
0.009627
0.009627
0.009627
0.009627
0.009627
0.009627
0.009627
0.009627
0.009627
0.009627
0.009627
0.009627
0.009627
0.009627
0.009627
0.009627
0.009627
0.009627
0.009627
0.009627
0.009627
0.009627
0.009627
0.009627
0.009627
0.009627
0.009627
0.009627
0.009627
0.009627
0.009627
0.009627
0.009627
0.009627
0.009627
0.009627
0.009627
0.009627
0.009627
0.009627
0.009627
0.009627
0.009627
0.009627
0.009627
0.009627
0.009627
0.009627
0.009627
0.009627
0.009627
0.009627
0.009627
0.009627
0.009627
0.009627
0.009627
0.009627
0.009627
0.009627
0.009627
0.009627
0.009627
0.009627
0.009627
0.009627
0.009627
0.009627
0.009627
0.009627
0.009627
0.009627
0.009627
0.009627
0.009627
0.009627
0.009627
0.009627
0.009627
0.009627
0.009627
0.009627
0.009627
0.009627
0.009627
0.009627
0.009627
0.009627
0.009627
0.009627
0.009627
0.009627
0.009627
0.009627
0.009627
0.009627
0.009627
0.009627
0.009627
0.009627
0.009627
0.009627
0.009627
0.009627
0.009627
0.009627
0.009627
0.009627
0.009627
0.009627
0.009627
0.009627
0.009627
0.009627
0.009627
0.009627
0.009627
0.009627
0.009627
0.009627
0.009627
0.009627
0.009627
0.009627
0.009627
0.009627
0.009627
0.009627
0.009627
0.009627
0.009627
0.009627
0.009627
0.009627
0.009627
0.009627
0.009627
0.009627
0.009627
0.009627
0.009627
0.009627
0.009627
0.009627
0.009627
3.854666
3.847113
3.839566
3.832025
3.824490
3.816961
3.809436
3.801918
3.794404
3.786896
3.779393
3.771894
3.764400
3.756911
3.749427
3.741947
3.734471
3.727000
3.719532
3.712069
3.704610
3.697155
3.689703
3.682256
3.674811
3.667371
3.659934
3.652500
3.645069
3.637642
3.630218
3.622797
3.615379
3.607964
3.600552
3.593142
3.585736
3.578332
3.570931
3.563532
3.556136
3.548742
3.541351
3.533962
3.526575
3.519190
3.511808
3.504428
3.497050
3.489674
3.482300
3.474928
3.467558
3.460189
3.452823
3.445458
3.438095
3.430734
3.423374
3.416016
3.408660
3.401305
3.393952
3.386600
3.379253
3.371912
3.364578
3.357250
3.349928
3.342612
3.335302
3.327998
3.320699
3.313405
3.306117
3.298834
3.291556
3.284283
3.277015
3.269751
3.262492
3.255238
3.247988
3.240742
3.233501
3.226263
3.219030
3.211801
3.204575
3.197353
3.190135
3.182920
3.175709
3.168502
3.161297
3.154096
3.146899
3.139704
3.132512
3.125324
3.118138
3.110955
3.103775
3.096597
3.089422
3.082250
3.075081
3.067913
3.060749
3.053586
3.046426
3.039269
3.032113
3.024960
3.017808
3.010659
3.003512
2.996367
2.989223
2.982082
2.974942
2.967805
2.960668
2.953534
2.946402
2.939276
2.932153
2.925031
2.917911
2.910792
2.903674
2.896558
2.889443
2.882329
2.875217
2.868105
2.860995
2.853886
2.846780
2.839679
2.832580
2.825481
2.818383
2.811286
2.804190
2.797095
2.790000
2.782907
2.775814
2.768721
2.761630
2.754539
2.747449
2.740360
2.733271
2.726183
2.719095
2.712008
2.704922
2.697836
2.690751
2.683666
2.676582
2.669499
2.662416
2.655333
2.648252
2.641170
2.634089
2.627009
2.619928
2.612849
2.605770
2.598691
2.591613
2.584535
2.577457
2.570380
2.563303
2.556227
2.549151
2.542075
2.535000
2.527925
2.520850
2.513776
2.506702
2.499628
2.492555
2.485482
2.478409
2.471336
2.464264
2.457192
2.450120
2.443049
2.435978
2.428907
2.421836
2.414765
2.407695
2.400625
2.393555
2.386486
2.379416
2.372347
2.365278
2.358209
2.351140
2.344072
2.337004
2.329936
2.322868
2.315804
2.308746
2.301693
2.294644
2.287601
2.280565
2.273538
2.266515
2.259496
2.252483
2.245480
2.238486
2.231501
2.224529
2.217571
2.210626
2.203694
2.196775
2.189867
2.182972
2.176089
2.169216
2.162356
2.155507
2.148667
2.141841
2.135031
2.128237
2.121464
2.114710
2.107975
2.101258
2.094560
2.087878
2.081215
2.074568
2.067937
2.061323
2.054725
2.048141
2.041573
2.035020
2.028481
2.021955
2.015444
2.008946
2.002461
1.995989
1.989529
1.983081
1.976647
1.970227
1.963823
1.957436
1.951064
1.944708
1.938367
1.932041
1.925728
1.919431
1.913146
1.906875
1.900617
1.894372
1.888139
1.881920
1.875711
1.869514
1.863330
1.857155
1.850992
1.844840
1.838698
1.832565
1.826444
1.820332
1.814229
1.808136
1.802051
1.795975
1.789909
1.783851
1.777800
1.771758
1.765724
1.759698
1.753679
1.747668
1.741663
1.735666
1.729676
1.723692
1.717715
1.711745
1.705781
1.699823
1.693871
1.687924
1.681984
1.676049
1.670119
1.664195
1.658277
1.652363
1.646454
1.640550
1.634651
1.628756
1.622867
1.616981
1.611100
1.605223
1.599351
1.593482
1.587617
1.581756
1.575899
1.570046
1.564197
1.558350
1.552508
1.546668
1.540832
1.535000
1.529170
1.523344
1.517520
1.511700
1.505882
1.500067
1.494255
1.488445
1.482639
1.476834
1.471032
1.465233
1.459436
1.453642
1.447850
1.442060
1.436272
1.430486
1.424702
1.418921
1.413141
1.407364
1.401588
1.395814
1.390042
1.384271
1.378503
1.372736
1.366971
1.361207
1.355448
1.349694
1.343941
1.338190
1.332440
1.326691
1.320943
1.315197
1.309452
1.303710
1.297974
1.292239
1.286504
1.280775
1.275048
1.269323
1.263598
1.257873
1.252150
1.246427
1.240705
1.234983
1.229262
1.223542
1.217822
1.212103
1.206390
1.200681
1.194976
1.189271
1.183567
1.177862
1.172159
1.166455
1.160751
1.155048
1.149345
1.143642
1.137943
1.132249
1.126561
1.120877
1.115199
1.109525
1.103855
1.098193
1.092540
1.086896
1.081262
1.075636
1.070019
1.064413
1.058819
1.053234
1.047657
1.042087
1.036524
1.030970
1.025424
1.019889
1.014367
1.008856
1.003356
0.997868
0.992390
0.986923
0.981466
0.976021
0.970589
0.965172
0.959770
0.954381
0.949006
0.943645
0.938296
0.932961
0.927639
0.922328
0.917029
0.911743
0.906467
0.901203
0.895950
0.890707
0.885475
0.880253
0.875041
0.869839
0.864646
0.859463
0.854288
0.849123
0.843966
0.838818
0.833679
0.828547
0.823423
0.818307
0.813198
0.808097
0.803003
0.797916
0.792836
0.787763
0.782696
0.777639
0.772595
0.767561
0.762537
0.757525
0.752523
0.747531
0.742549
0.737579
0.732622
0.727681
0.722752
0.717837
0.712937
0.708049
0.703173
0.698311
0.693461
0.688621
0.683795
0.678979
0.674174
0.669380
0.664597
0.659824
0.655062
0.650310
0.645572
0.640850
0.636141
0.631445
0.626765
0.622097
0.617441
0.612798
0.608168
0.603549
0.598944
0.594352
0.589776
0.585218
0.580679
0.576159
0.571661
0.567182
0.562720
0.558278
0.553856
0.549454
0.545076
0.540719
0.536383
0.532069
0.527777
0.523510
0.519267
0.515052
0.510863
0.506702
0.502570
0.498465
0.494391
0.490349
0.486334
0.482349
0.478394
0.474466
0.470564
0.466690
0.462841
0.459017
0.455219
0.451445
0.447693
0.443967
0.440261
0.436577
0.432917
0.429277
0.425656
0.422057
0.418477
0.414916
0.411376
0.407858
0.404362
0.400892
0.397445
0.394021
0.390621
0.387240
0.383877
0.380536
0.377214
0.373908
0.370629
0.367367
0.364122
0.360894
0.357683
0.354486
0.351307
0.348143
0.344997
0.341872
0.338765
0.335677
0.332610
0.329565
0.326537
0.323527
0.320534
0.317556
0.314594
0.311649
0.308719
0.305811
0.302924
0.300059
0.297214
0.294387
0.291576
0.288784
0.286009
0.283249
0.280506
0.277782
0.275079
0.272401
0.269749
0.267120
0.264515
0.261936
0.259384
0.256858
0.254360
0.251887
0.249438
0.247016
0.244616
0.242240
0.239888
0.237557
0.235248
0.232962
0.230695
0.228448
0.226223
0.224017
0.221828
0.219661
0.217510
0.215377
0.213262
0.211167
0.209091
0.207033
0.204989
0.202960
0.200948
0.198950
0.196965
0.194997
0.193048
0.191110
0.189187
0.187276
0.185377
0.183491
0.181616
0.179752
0.177901
0.176060
0.174230
0.172410
0.170601
0.168801
0.167012
0.165233
0.163462
0.161702
0.159956
0.158219
0.156490
0.154769
0.153057
0.151352
0.149655
0.147965
0.146284
0.144614
0.142958
0.141319
0.139703
0.138103
0.136524
0.134961
0.133413
0.131879
0.130360
0.128853
0.127362
0.125890
0.124430
0.122982
0.121547
0.120124
0.118712
0.117319
0.115936
0.114564
0.113209
0.111864
0.110528
0.109205
0.107895
0.106594
0.105302
0.104019
0.102743
0.101477
0.100219
0.098968
0.097725
0.096490
0.095262
0.094041
0.092827
0.091620
0.090420
0.089227
0.088039
0.086859
0.085684
0.084515
0.083352
0.082195
0.081043
0.079903
0.078769
0.077639
0.076515
0.075395
0.074280
0.073170
0.072065
0.070963
0.069866
0.068774
0.067690
0.066616
0.065556
0.064509
0.063475
0.062455
0.061449
0.060460
0.059492
0.058543
0.057611
0.056696
0.055795
0.054910
0.054040
0.053184
0.052343
0.051516
0.050702
0.049902
0.049117
0.048348
0.047592
0.046849
0.046116
0.045395
0.044686
0.043987
0.043299
0.042622
0.041955
0.041297
0.040659
0.040033
0.039417
0.038809
0.038210
0.037620
0.037045
0.036477
0.035916
0.035364
0.034819
0.034280
0.033750
0.033225
0.032708
0.032197
0.031693
0.031194
0.030703
0.030217
0.029736
0.029262
0.028794
0.028330
0.027872
0.027421
0.026978
0.026546
0.026123
0.025710
0.025307
0.024912
0.024526
0.024150
0.023782
0.023422
0.023070
0.022727
0.022391
0.022062
0.021742
0.021428
0.021122
0.020823
0.020530
0.020244
0.019965
0.019691
0.019424
0.019164
0.018908
0.018659
0.018416
0.018178
0.017945
0.017718
0.017496
0.017279
0.017067
0.016860
0.016657
0.016459
0.016265
0.016082
0.015905
0.015737
0.015573
0.015413
0.015256
0.015103
0.014953
0.014806
0.014663
0.014524
0.014387
0.014253
0.014123
0.013995
0.013871
0.013749
0.013630
0.013513
0.013400
0.013289
0.013180
0.013074
0.012970
0.012869
0.012770
0.012673
0.012578
0.012486
0.012396
0.012307
0.012221
0.012137
0.012054
0.011974
0.011895
0.011818
0.011743
0.011670
0.011598
0.011527
0.011459
0.011392
0.011326
0.011262
0.011200
0.011139
0.011079
0.011020
0.010963
0.010908
0.010853
0.010800
0.010748
0.010697
0.010647
0.010599
0.010551
0.010505
0.010462
0.010424
0.010392
0.010362
0.010333
0.010304
0.010276
0.010253
0.010233
0.010213
0.010193
0.010174
0.010155
0.010137
0.010119
0.010102
0.010085
0.010068
0.010052
0.010036
0.010021
0.010006
0.009991
0.009976
0.009962
0.009948
0.009935
0.009922
0.009909
0.009896
0.009884
0.009872
0.009860
0.009849
0.009837
0.009826
0.009816
0.009805
0.009795
0.009785
0.009775
0.009766
0.009756
0.009747
0.009738
0.009730
0.009721
0.009713
0.009704
0.009697
0.009689
0.009681
0.009674
0.009666
0.009659
0.009652
0.009646
0.009639
0.009635
0.009635
0.009635
0.009635
0.009635
0.009635
0.009635
0.009635
0.009635
0.009635
0.009635
0.009635
0.009635
0.009635
0.009635
0.009635
0.009635
0.009635
0.009635
0.009635
0.009635
0.009635
0.009635
0.009635
0.009635
0.009635
0.009635
0.009635
0.009635
0.009635
0.009635
0.009635
0.009635
0.009635
0.009635
0.009635
0.009635
0.009635
0.009635
0.009635
0.009635
0.009635
0.009635
0.009635
0.009635
0.009635
0.009635
0.009635
0.009635
0.009635
0.009635
0.009635
0.009635
0.009635
0.009635
0.009635
0.009635
0.009635
0.009635
0.009635
0.009635
0.009635
0.009635
0.009635
0.009635
0.009635
0.009635
0.009635
0.009635
0.009635
0.009635
0.009635
0.009635
0.009635
0.009635
0.009635
0.009635
0.009635
0.009635
0.009635
0.009635
0.009635
0.009635
0.009635
0.009635
0.009635
0.009635
0.009635
0.009635
0.009635
0.009635
0.009635
0.009635
0.009635
0.009635
0.009635
0.009635
0.009635
0.009635
0.009635
0.009635
0.009635
0.009635
0.009635
0.009635
0.009635
0.009635
0.009635
0.009635
0.009635
0.009635
0.009635
0.009635
0.009635
0.009635
0.009635
0.009635
0.009635
0.009635
0.009635
0.009635
0.009635
0.009635
0.009635
0.009635
0.009635
0.009635
0.009635
0.009635
0.009635
0.009635
0.009635
0.009635
0.009635
0.009635
0.009635
0.009635
0.009635
0.009635
0.009635
0.009635
0.009635
0.009635
0.009635
0.009635
0.009635
0.009635
0.009635
0.009635
0.009635
0.009635
0.009635
0.009635
0.009635
0.009635
0.009635
0.009635
0.009635
0.009635
0.009635
0.009635
0.009635
0.009635
0.009635
0.009635
0.009635
0.009635
0.009635
0.009635
0.009635
0.009635
0.009635
0.009635
0.009635
0.009635
0.009635
0.009635
0.009635
0.009635
0.009635
0.009635
0.009635
0.009635
0.009635
0.009635
0.009635
0.009635
0.009635
0.009635
0.009635
0.009635
0.009635
0.009635
0.009635
0.009635
0.009635
0.009635
0.009635
0.009635
0.009635
0.009635
0.009635
0.009635
0.009635
0.009635
0.009635
0.009635
0.009635
0.009635
0.009635
0.009635
0.009635
0.009635
0.009635
0.009635
0.009635
0.009635
0.009635
0.009635
0.009635
0.009635
0.009635
0.009635
0.009635
0.009635
0.009635
0.009635
0.009635
0.009635
0.009635
0.009635
0.009635
0.009635
0.009635
0.009635
0.009635
0.009635
0.009635
0.009635
0.009635
0.009635
0.009635
0.009635
0.009635
0.009635
0.009635
0.009635
0.009635
0.009635
0.009635
0.009635
0.009635
0.009635
0.009635
0.009635
0.009635
0.009635
0.009635
0.009635
0.009635
0.009635
0.009635
0.009635
0.009635
0.009635
0.009635
0.009635
0.009635
0.009635
0.009635
0.009635
0.009635
0.009635
0.009635
0.009635
0.009635
0.009635
0.009635
0.009635
0.009635
0.009635
0.009635
0.009635
0.009635
0.009635
0.009635
0.009635
0.009635
0.009635
0.009635
0.009635
0.009635
0.009635
0.009635
0.009635
0.009635
0.009635
0.009635
0.009635
0.009635
0.009635
0.009635
0.009635
0.009635
0.009635
0.009635
0.009635
0.009635
0.009635
0.009635
0.009635
0.009635
0.009635
0.009635
0.009635
0.009635
0.009635
0.009635
0.009635
0.009635
0.009635
0.009635
0.009635
0.009635
0.009635
0.009635
0.009635
0.009635
0.009635
0.009635
0.009635
0.009635
0.009635
0.009635
0.009635
0.009635
0.009635
0.009635
0.009635
0.009635
0.009635
0.009635
0.009635
0.009635
0.009635
0.009635
0.009635
0.009635
0.009635
0.009635
0.009635
0.009635
0.009635
0.009635
0.009635
0.009635
0.009635
0.009635
0.009635
0.009635
0.009635
0.009635
0.009635
0.009635
0.009635
0.009635
0.009635
0.009635
0.009635
0.009635
0.009635
0.009635
0.009635
0.009635
0.009635
0.009635
0.009635
0.009635
0.009635
0.009635
0.009635
0.009635
0.009635
0.009635
0.009635
0.009635
0.009635
0.009635
0.009635
0.009635
0.009635
0.009635
0.009635
0.009635
0.009635
0.009635
0.009635
0.009635
0.009635
0.009635
0.009635
0.009635
0.009635
0.009635
0.009635
0.009635
0.009635
0.009635
0.009635
0.009635
0.009635
0.009635
0.009635
0.009635
0.009635
0.009635
0.009635
0.009635
0.009635
0.009635
0.009635
0.009635
0.009635
0.009635
0.009635
0.009635
0.009635
0.009635
0.009635
0.009635
0.009635
0.009635
0.009635
0.009635
0.009635
0.009635
0.009635
0.009635
0.009635
0.009635
0.009635
0.009635
0.009635
0.009635
0.009635
0.009635
0.009635
0.009635
0.009635
0.009635
0.009635
0.009635
0.009635
0.009635
0.009635
0.009635
0.009635
0.009635
0.009635
0.009635
0.009635
0.009635
0.009635
0.009635
0.009635
0.009635
0.009635
0.009635
0.009635
0.009635
0.009635
0.009635
0.009635
0.009635
0.009635
0.009635
0.009635
0.009635
0.009635
0.009635
0.009635
0.009635
0.009635
0.009635
0.009635
0.009635
0.009635
0.009635
0.009635
0.009635
0.009635
0.009635
0.009635
0.009635
0.009635
0.009635
0.009635
0.009635
0.009635
0.009635
0.009635
0.009635
0.009635
0.009635
0.009635
0.009635
0.009635
0.009635
0.009635
0.009635
0.009635
0.009635
0.009635
0.009635
0.009635
0.009635
0.009635
0.009635
0.009635
0.009635
0.009635
0.009635
0.009635
0.009635
0.009635
0.009635
0.009635
0.009635
0.009635
0.009635
0.009635
0.009635
0.009635
0.009635
0.009635
0.009635
0.009635
0.009635
0.009635
0.009635
0.009635
0.009635
0.009635
0.009635
0.009635
0.009635
0.009635
0.009635
0.009635
0.009635
0.009635
0.009635
0.009635
0.009635
0.009635
0.009635
0.009635
0.009635
0.009635
0.009635
0.009635
0.009635
0.009635
0.009635
0.009635
0.009635
0.009635
0.009635
0.009635
0.009635
0.009635
0.009635
0.009635
0.009635
0.009635
0.009635
0.009635
0.009635
0.009635
0.009635
0.009635
0.009635
0.009635
0.009635
0.009635
0.009635
0.009635
0.009635
0.009635
0.009635
0.009635
0.009635
0.009635
0.009635
0.009635
0.009635
0.009635
0.009635
0.009635
0.009635
0.009635
0.009635
0.009635
0.009635
0.009635
0.009635
0.009635
0.009635
0.009635
0.009635
0.009635
0.009635
0.009635
0.009635
0.009635
0.009635
0.009635
0.009635
0.009635
0.009635
0.009635
0.009635
0.009635
0.009635
0.009635
0.009635
0.009635
0.009635
0.009635
0.009635
0.009635
0.009635
0.009635
0.009635
0.009635
0.009635
0.009635
0.009635
0.009635
0.009635
0.009635
0.009635
0.009635
0.009635
0.009635
0.009635
0.009635
0.009635
0.009635
0.009635
0.009635
0.009635
0.009635
0.009635
0.009635
0.009635
0.009635
0.009635
0.009635
0.009635
0.009635
0.009635
0.009635
0.009635
0.009635
0.009635
0.009635
0.009635
0.009635
0.009635
0.009635
0.009635
0.009635
0.009635
0.009635
0.009635
0.009635
0.009635
0.009635
0.009635
0.009635
0.009635
0.009635
0.009635
0.009635
0.009635
0.009635
0.009635
0.009635
0.009635
0.009635
0.009635
0.009635
0.009635
0.009635
0.009635
0.009635
0.009635
0.009635
0.009635
0.009635
0.009635
0.009635
0.009635
0.009635
0.009635
0.009635
0.009635
0.009635
0.009635
0.009635
0.009635
0.009635
0.009635
0.009635
0.009635
0.009635
0.009635
0.009635
0.009635
0.009635
0.009635
0.009635
0.009635
0.009635
0.009635
0.009635
0.009635
0.009635
0.009635
0.009635
0.009635
0.009635
0.009635
0.009635
0.009635
0.009635
0.009635
0.009635
0.009635
0.009635
0.009635
0.009635
0.009635
0.009635
0.009635
0.009635
0.009635
0.009635
0.009635
0.009635
0.009635
0.009635
0.009635
0.009635
0.009635
0.009635
0.009635
0.009635
0.009635
0.009635
0.009635
0.009635
0.009635
0.009635
0.009635
0.009635
0.009635
0.009635
0.009635
0.009635
0.009635
0.009635
0.009635
0.009635
0.009635
0.009635
0.009635
0.009635
0.009635
0.009635
0.009635
0.009635
0.009635
0.009635
0.009635
0.009635
0.009635
0.009635
0.009635
0.009635
0.009635
0.009635
0.009635
0.009635
0.009635
0.009635
0.009635
0.009635
0.009635
0.009635
0.009635
0.009635
0.009635
0.009635
0.009635
0.009635
0.009635
0.009635
0.009635
0.009635
0.009635
0.009635
0.009635
0.009635
0.009635
0.009635
0.009635
0.009635
0.009635
0.009635
0.009635
0.009635
0.009635
0.009635
0.009635
0.009635
0.009635
0.009635
0.009635
0.009635
0.009635
0.009635
0.009635
0.009635
0.009635
0.009635
0.009635
0.009635
0.009635
0.009635
0.009635
0.009635
0.009635
0.009635
0.009635
0.009635
0.009635
0.009635
0.009635
0.009635
0.009635
0.009635
0.009635
0.009635
0.009635
0.009635
0.009635
0.009635
0.009635
0.009635
0.009635
0.009635
0.009635
0.009635
0.009635
0.009635
0.009635
0.009635
0.009635
0.009635
0.009635
0.009635
0.009635
0.009635
0.009635
0.009635
0.009635
0.009635
0.009635
0.009635
0.009635
0.009635
0.009635
0.009635
0.009635
0.009635
0.009635
0.009635
0.009635
0.009635
0.009635
0.009635
0.009635
0.009635
0.009635
0.009635
0.009635
0.009635
0.009635
0.009635
0.009635
0.009635
0.009635
0.009635
0.009635
0.009635
0.009635
0.009635
0.009635
0.009635
0.009635
0.009635
0.009635
0.009635
0.009635
0.009635
0.009635
0.009635
0.009635
0.009635
0.009635
0.009635
0.009635
0.009635
0.009635
0.009635
0.009635
0.009635
0.009635
0.009635
0.009635
0.009635
0.009635
0.009635
0.009635
0.009635
0.009635
0.009635
0.009635
0.009635
0.009635
0.009635
0.009635
0.009635
0.009635
0.009635
0.009635
0.009635
0.009635
0.009635
0.009635
0.009635
0.009635
0.009635
0.009635
0.009635
0.009635
0.009635
0.009635
0.009635
0.009635
0.009635
0.009635
0.009635
0.009635
0.009635
0.009635
0.009635
0.009635
0.009635
0.009635
0.009635
0.009635
0.009635
0.009635
0.009635
0.009635
0.009635
0.009635
0.009635
0.009635
0.009635
0.009635
0.009635
0.009635
0.009635
0.009635
0.009635
0.009635
0.009635
0.009635
0.009635
0.009635
0.009635
0.009635
0.009635
0.009635
0.009635
0.009635
0.009635
0.009635
0.009635
0.009635
0.009635
0.009635
0.009635
0.009635
0.009635
0.009635
0.009635
0.009635
0.009635
0.009635
0.009635
0.009635
0.009635
0.009635
0.009635
0.009635
0.009635
0.009635
0.009635
0.009635
0.009635
0.009635
0.009635
0.009635
0.009635
0.009635
0.009635
0.009635
0.009635
0.009635
0.009635
0.009635
0.009635
0.009635
0.009635
0.009635
0.009635
0.009635
0.009635
0.009635
0.009635
0.009635
0.009635
0.009635
0.009635
0.009635
0.009635
0.009635
0.009635
0.009635
0.009635
0.009635
0.009635
0.009635
0.009635
0.009635
0.009635
0.009635
0.009635
0.009635
0.009635
0.009635
0.009635
0.009635
0.009635
0.009635
0.009635
0.009635
0.009635
0.009635
0.009635
0.009635
0.009635
0.009635
0.009635
0.009635
0.009635
0.009635
0.009635
0.009635
0.009635
0.009635
0.009635
0.009635
0.009635
0.009635
0.009635
0.009635
0.009635
0.009635
0.009635
0.009635
0.009635
0.009635
0.009635
0.009635
0.009635
0.009635
0.009635
0.009635
0.009635
0.009635
0.009635
0.009635
0.009635
0.009635
0.009635
0.009635
0.009635
0.009635
0.009635
0.009635
0.009635
0.009635
0.009635
0.009635
0.009635
0.009635
0.009635
0.009635
0.009635
0.009635
0.009635
0.009635
0.009635
0.009635
0.009635
0.009635
0.009635
0.009635
0.009635
0.009635
0.009635
0.009635
0.009635
0.009635
0.009635
0.009635
0.009635
0.009635
0.009635
0.009635
0.009635
0.009635
0.009635
0.009635
0.009635
0.009635
0.009635
0.009635
0.009635
0.009635
0.009635
0.009635
0.009635
0.009635
0.009635
0.009635
0.009635
0.009635
0.009635
0.009635
0.009635
0.009635
0.009635
0.009635
0.009635
0.009635
0.009635
0.009635
0.009635
0.009635
0.009635
0.009635
0.009635
0.009635
0.009635
0.009635
0.009635
0.009635
0.009635
0.009635
0.009635
0.009635
0.009635
0.009635
0.009635
0.009635
0.009635
0.009635
0.009635
0.009635
0.009635
0.009635
0.009635
0.009635
0.009635
0.009635
0.009635
0.009635
0.009635
0.009635
0.009635
0.009635
0.009635
0.009635
0.009635
0.009635
0.009635
0.009635
0.009635
0.009635
0.009635
0.009635
0.009635
0.009635
0.009635
0.009635
0.009635
0.009635
0.009635
0.009635
0.009635
0.009635
0.009635
0.009635
0.009635
0.009635
0.009635
0.009635
0.009635
0.009635
0.009635
0.009635
0.009635
0.009635
0.009635
0.009635
0.009635
0.009635
0.009635
0.009635
0.009635
0.009635
0.009635
0.009635
0.009635
0.009635
0.009635
0.009635
0.009635
0.009635
0.009635
0.009635
0.009635
0.009635
0.009635
0.009635
0.009635
0.009635
0.009635
0.009635
0.009635
0.009635
0.009635
0.009635
0.009635
0.009635
0.009635
0.009635
0.009635
0.009635
0.009635
0.009635
0.009635
0.009635
0.009635
0.009635
0.009635
0.009635
0.009635
0.009635
0.009635
0.009635
0.009635
0.009635
0.009635
0.009635
0.009635
0.009635
0.009635
0.009635
0.009635
0.009635
0.009635
0.009635
0.009635
0.009635
0.009635
0.009635
0.009635
0.009635
0.009635
0.009635
0.009635
0.009635
0.009635
0.009635
0.009635
0.009635
0.009635
0.009635
0.009635
0.009635
0.009635
0.009635
0.009635
0.009635
0.009635
0.009635
0.009635
0.009635
0.009635
0.009635
0.009635
0.009635
0.009635
0.009635
0.009635
0.009635
0.009635
0.009635
0.009635
0.009635
0.009635
0.009635
0.009635
0.009635
0.009635
0.009635
0.009635
0.009635
0.009635
0.009635
0.009635
0.009635
0.009635
0.009635
0.009635
0.009635
0.009635
0.009635
0.009635
0.009635
0.009635
0.009635
0.009635
0.009635
0.009635
0.009635
0.009635
0.009635
0.009635
0.009635
0.009635
0.009635
0.009635
0.009635
0.009635
0.009635
0.009635
0.009635
0.009635
0.009635
0.009635
0.009635
0.009635
0.009635
0.009635
0.009635
0.009635
0.009635
0.009635
0.009635
0.009635
0.009635
0.009635
0.009635
0.009635
0.009635
0.009635
0.009635
0.009635
0.009635
0.009635
0.009635
0.009635
0.009635
0.009635
0.009635
0.009635
0.009635
0.009635
0.009635
0.009635
0.009635
0.009635
0.009635
0.009635
0.009635
0.009635
0.009635
0.009635
0.009635
0.009635
0.009635
0.009635
0.009635
0.009635
0.009635
0.009635
0.009635
0.009635
0.009635
0.009635
0.009635
0.009635
0.009635
0.009635
0.009635
0.009635
0.009635
0.009635
0.009635
0.009635
0.009635
0.009635
0.009635
0.009635
0.009635
0.009635
0.009635
0.009635
0.009635
0.009635
0.009635
0.009635
0.009635
0.009635
0.009635
0.009635
0.009635
0.009635
0.009635
0.009635
0.009635
0.009635
0.009635
0.009635
0.009635
0.009635
0.009635
0.009635
0.009635
0.009635
0.009635
0.009635
0.009635
0.009635
0.009635
0.009635
0.009635
0.009635
0.009635
0.009635
0.009635
0.009635
0.009635
0.009635
0.009635
0.009635
0.009635
0.009635
0.009635
0.009635
0.009635
0.009635
0.009635
0.009635
0.009635
0.009635
0.009635
0.009635
0.009635
0.009635
0.009635
0.009635
0.009635
0.009635
0.009635
0.009635
0.009635
0.009635
0.009635
0.009635
0.009635
0.009635
0.009635
0.009635
0.009635
0.009635
0.009635
0.009635
0.009635
0.009635
0.009635
0.009635
0.009635
0.009635
0.009635
0.009635
0.009635
0.009635
0.009635
0.009635
0.009635
0.009635
0.009635
0.009635
0.009635
0.009635
0.009635
0.009635
0.009635
0.009635
0.009635
0.009635
0.009635
0.009635
0.009635
0.009635
0.009635
0.009635
0.009635
0.009635
0.009635
0.009635
0.009635
0.009635
0.009635
0.009635
0.009635
0.009635
0.009635
0.009635
0.009635
0.009635
0.009635
0.009635
0.009635
0.009635
0.009635
0.009635
0.009635
0.009635
0.009635
0.009635
0.009635
0.009635
0.009635
0.009635
0.009635
0.009635
0.009635
0.009635
0.009635
0.009635
0.009635
0.009635
0.009635
0.009635
0.009635
0.009635
0.009635
0.009635
0.009635
0.009635
0.009635
0.009635
0.009635
0.009635
0.009635
0.009635
0.009635
0.009635
0.009635
0.009635
0.009635
0.009635
0.009635
0.009635
0.009635
0.009635
0.009635
0.009635
0.009635
0.009635
0.009635
0.009635
0.009635
0.009635
0.009635
0.009635
0.009635
0.009635
0.009635
0.009635
0.009635
0.009635
0.009635
0.009635
0.009635
0.009635
0.009635
0.009635
0.009635
0.009635
0.009635
0.009635
0.009635
0.009635
0.009635
0.009635
0.009635
0.009635
0.009635
0.009635
0.009635
0.009635
0.009635
0.009635
0.009635
0.009635
0.009635
0.009635
0.009635
0.009635
0.009635
0.009635
0.009635
0.009635
0.009635
0.009635
0.009635
0.009635
0.009635
0.009635
0.009635
0.009635
0.009635
0.009635
0.009635
0.009635
0.009635
0.009635
0.009635
0.009635
0.009635
0.009635
0.009635
0.009635
0.009635
0.009635
0.009635
0.009635
0.009635
0.009635
0.009635
0.009635
0.009635
0.009635
0.009635
0.009635
0.009635
0.009635
0.009635
0.009635
0.009635
0.009635
0.009635
0.009635
0.009635
0.009635
0.009635
0.009635
0.009635
0.009635
0.009635
0.009635
0.009635
0.009635
0.009635
0.009635
0.009635
0.009635
0.009635
0.009635
0.009635
0.009635
0.009635
0.009635
0.009635
0.009635
0.009635
0.009635
0.009635
0.009635
0.009635
0.009635
0.009635
0.009635
0.009635
0.009635
0.009635
0.009635
0.009635
0.009635
0.009635
0.009635
0.009635
0.009635
0.009635
0.009635
0.009635
0.009635
0.009635
0.009635
0.009635
0.009635
0.009635
0.009635
0.009635
0.009635
0.009635
0.009635
0.009635
0.009635
0.009635
0.009635
0.009635
0.009635
0.009635
0.009635
0.009635
0.009635
0.009635
0.009635
0.009635
0.009635
0.009635
0.009635
0.009635
0.009635
0.009635
0.009635
0.009635
0.009635
0.009635
0.009635
0.009635
0.009635
0.009635
0.009635
0.009635
0.009635
0.009635
0.009635
0.009635
0.009635
0.009635
0.009635
0.009635
0.009635
0.009635
0.009635
0.009635
0.009635
0.009635
0.009635
0.009635
0.009635
0.009635
0.009635
0.009635
0.009635
0.009635
0.009635
0.009635
0.009635
0.009635
0.009635
0.009635
0.009635
0.009635
0.009635
0.009635
0.009635
0.009635
0.009635
0.009635
0.009635
0.009635
0.009635
0.009635
0.009635
0.009635
0.009635
0.009635
0.009635
0.009635
0.009635
0.009635
0.009635
0.009635
0.009635
0.009635
0.009635
0.009635
0.009635
0.009635
0.009635
0.009635
0.009635
0.009635
0.009635
0.009635
0.009635
0.009635
0.009635
0.009635
0.009635
0.009635
0.009635
0.009635
0.009635
0.009635
0.009635
0.009635
0.009635
0.009635
0.009635
0.009635
0.009635
0.009635
0.009635
0.009635
0.009635
0.009635
0.009635
0.009635
0.009635
0.009635
0.009635
4.039008
4.029277
4.019551
4.009831
4.000118
3.990409
3.980706
3.971009
3.961316
3.951628
3.941946
3.932268
3.922594
3.912925
3.903260
3.893600
3.883943
3.874291
3.864642
3.854997
3.845355
3.835718
3.826083
3.816452
3.806824
3.797199
3.787577
3.777958
3.768342
3.758729
3.749118
3.739510
3.729905
3.720302
3.710702
3.701104
3.691508
3.681914
3.672322
3.662733
3.653146
3.643560
3.633976
3.624395
3.614815
3.605237
3.595660
3.586085
3.576512
3.566940
3.557370
3.547801
3.538234
3.528668
3.519104
3.509540
3.499978
3.490417
3.480858
3.471299
3.461742
3.452186
3.442631
3.433077
3.423524
3.413972
3.404423
3.394884
3.385354
3.375832
3.366319
3.356814
3.347316
3.337827
3.328344
3.318869
3.309401
3.299940
3.290485
3.281037
3.271595
3.262159
3.252729
3.243305
3.233886
3.224473
3.215065
3.205662
3.196263
3.186870
3.177482
3.168097
3.158718
3.149342
3.139971
3.130604
3.121241
3.111881
3.102525
3.093173
3.083824
3.074479
3.065137
3.055798
3.046462
3.037130
3.027800
3.018473
3.009149
2.999827
2.990508
2.981192
2.971878
2.962572
2.953270
2.943971
2.934674
2.925379
2.916085
2.906793
2.897503
2.888215
2.878928
2.869643
2.860360
2.851078
2.841798
2.832519
2.823241
2.813965
2.804690
2.795416
2.786143
2.776872
2.767602
2.758333
2.749065
2.739798
2.730533
2.721268
2.712004
2.702741
2.693479
2.684218
2.674958
2.665699
2.656440
2.647183
2.637926
2.628670
2.619414
2.610160
2.600906
2.591652
2.582400
2.573148
2.563896
2.554645
2.545395
2.536145
2.526896
2.517647
2.508399
2.499152
2.489905
2.480658
2.471412
2.462166
2.452921
2.443676
2.434431
2.425187
2.415944
2.406700
2.397457
2.388215
2.378972
2.369731
2.360489
2.351248
2.342007
2.332768
2.323538
2.314316
2.305102
2.295896
2.286697
2.277506
2.268329
2.259159
2.249997
2.240841
2.231690
2.222546
2.213408
2.204275
2.195147
2.186026
2.176909
2.167797
2.158690
2.149587
2.140490
2.131397
2.122308
2.113223
2.104142
2.095066
2.085993
2.076924
2.067859
2.058797
2.049738
2.040683
2.031631
2.022587
2.013554
2.004532
1.995520
1.986519
1.977527
1.968546
1.959573
1.950610
1.941656
1.932710
1.923773
1.914843
1.905922
1.897009
1.888102
1.879204
1.870312
1.861426
1.852548
1.843676
1.834810
1.825951
1.817097
1.808249
1.799407
1.790570
1.781738
1.772911
1.764089
1.755273
1.746460
1.737653
1.728851
1.720061
1.711284
1.702518
1.693763
1.685021
1.676289
1.667574
1.658877
1.650199
1.641536
1.632892
1.624263
1.615650
1.607053
1.598471
1.589903
1.581349
1.572809
1.564282
1.555767
1.547266
1.538777
1.530299
1.521834
1.513383
1.504950
1.496537
1.488142
1.479771
1.471426
1.463106
1.454808
1.446533
1.438281
1.430050
1.421840
1.413651
1.405482
1.397338
1.389223
1.381132
1.373067
1.365027
1.357010
1.349016
1.341046
1.333103
1.325189
1.317304
1.309447
1.301615
1.293811
1.286032
1.278276
1.270550
1.262850
1.255172
1.247516
1.239882
1.232267
1.224672
1.217097
1.209540
1.202001
1.194481
1.186977
1.179490
1.172019
1.164564
1.157124
1.149699
1.142288
1.134891
1.127508
1.120139
1.112781
1.105437
1.098104
1.090786
1.083487
1.076209
1.068947
1.061704
1.054479
1.047270
1.040078
1.032902
1.025741
1.018600
1.011478
1.004369
0.997273
0.990191
0.983122
0.976065
0.969020
0.961988
0.954966
0.947956
0.940956
0.933967
0.926988
0.920019
0.913059
0.906109
0.899168
0.892236
0.885311
0.878396
0.871489
0.864589
0.857697
0.850812
0.843938
0.837079
0.830234
0.823409
0.816614
0.809848
0.803110
0.796400
0.789721
0.783073
0.776449
0.769851
0.763276
0.756729
0.750219
0.743742
0.737292
0.730872
0.724478
0.718113
0.711781
0.705483
0.699221
0.692998
0.686814
0.680665
0.674553
0.668476
0.662431
0.656419
0.650443
0.644509
0.638619
0.632786
0.627001
0.621268
0.615600
0.609989
0.604430
0.598925
0.593470
0.588063
0.582704
0.577392
0.572124
0.566899
0.561720
0.556587
0.551493
0.546439
0.541421
0.536439
0.531495
0.526583
0.521704
0.516867
0.512061
0.507284
0.502538
0.497820
0.493129
0.488466
0.483829
0.479216
0.474629
0.470067
0.465526
0.461009
0.456515
0.452041
0.447587
0.443155
0.438742
0.434347
0.429972
0.425614
0.421273
0.416950
0.412643
0.408352
0.404076
0.399816
0.395570
0.391339
0.387121
0.382916
0.378725
0.374554
0.370395
0.366249
0.362114
0.357989
0.353875
0.349779
0.345709
0.341663
0.337644
0.333649
0.329676
0.325727
0.321801
0.317895
0.314011
0.310151
0.306318
0.302513
0.298735
0.294982
0.291253
0.287550
0.283874
0.280229
0.276616
0.273030
0.269473
0.265945
0.262442
0.258965
0.255514
0.252088
0.248684
0.245305
0.241957
0.238639
0.235350
0.232100
0.228882
0.225691
0.222526
0.219386
0.216278
0.213203
0.210164
0.207162
0.204201
0.201280
0.198392
0.195539
0.192717
0.189925
0.187166
0.184443
0.181748
0.179082
0.176450
0.173844
0.171264
0.168708
0.166175
0.163666
0.161179
0.158713
0.156273
0.153865
0.151477
0.149107
0.146764
0.144446
0.142153
0.139886
0.137642
0.135420
0.133222
0.131045
0.128888
0.126753
0.124638
0.122541
0.120464
0.118404
0.116362
0.114338
0.112330
0.110339
0.108362
0.106402
0.104457
0.102525
0.100608
0.098704
0.096814
0.094937
0.093072
0.091218
0.089377
0.087548
0.085729
0.083923
0.082136
0.080367
0.078615
0.076881
0.075163
0.073461
0.071776
0.070105
0.068449
0.066808
0.065180
0.063566
0.061975
0.060415
0.058891
0.057404
0.055950
0.054529
0.053142
0.051790
0.050474
0.049198
0.047959
0.046754
0.045584
0.044448
0.043345
0.042285
0.041260
0.040264
0.039296
0.038357
0.037444
0.036556
0.035696
0.034860
0.034046
0.033261
0.032503
0.031765
0.031050
0.030355
0.029679
0.029023
0.028394
0.027783
0.027189
0.026613
0.026053
0.025509
0.024981
0.024468
0.023969
0.023486
0.023016
0.022558
0.022119
0.021696
0.021285
0.020886
0.020499
0.020122
0.019756
0.019404
0.019067
0.018743
0.018434
0.018133
0.017840
0.017557
0.017281
0.017013
0.016753
0.016500
0.016254
0.016016
0.015785
0.015559
0.015341
0.015129
0.014922
0.014722
0.014528
0.014339
0.014155
0.013977
0.013804
0.013636
0.013473
0.013314
0.013160
0.013013
0.012876
0.012742
0.012613
0.012487
0.012364
0.012246
0.012130
0.012018
0.011910
0.011804
0.011701
0.011601
0.011505
0.011410
0.011319
0.011230
0.011144
0.011060
0.010979
0.010900
0.010823
0.010749
0.010676
0.010606
0.010538
0.010471
0.010407
0.010344
0.010283
0.010229
0.010180
0.010132
0.010085
0.010040
0.009996
0.009954
0.009912
0.009872
0.009833
0.009795
0.009758
0.009723
0.009701
0.009691
0.009682
0.009672
0.009663
0.009655
0.009646
0.009642
0.009642
0.009642
0.009642
0.009642
0.009642
0.009642
0.009642
0.009642
0.009642
0.009642
0.009642
0.009642
0.009642
0.009642
0.009642
0.009642
0.009642
0.009642
0.009642
0.009642
0.009642
0.009642
0.009642
0.009642
0.009642
0.009642
0.009642
0.009642
0.009642
0.009642
0.009642
0.009642
0.009642
0.009642
0.009642
0.009642
0.009642
0.009642
0.009642
0.009642
0.009642
0.009642
0.009642
0.009642
0.009642
0.009642
0.009642
0.009642
0.009642
0.009642
0.009642
0.009642
0.009642
0.009642
0.009642
0.009642
0.009642
0.009642
0.009642
0.009642
0.009642
0.009642
0.009642
0.009642
0.009642
0.009642
0.009642
0.009642
0.009642
0.009642
0.009642
0.009642
0.009642
0.009642
0.009642
0.009642
0.009642
0.009642
0.009642
0.009642
0.009642
0.009642
0.009642
0.009642
0.009642
0.009642
0.009642
0.009642
0.009642
0.009642
0.009642
0.009642
0.009642
0.009642
0.009642
0.009642
0.009642
0.009642
0.009642
0.009642
0.009642
0.009642
0.009642
0.009642
0.009642
0.009642
0.009642
0.009642
0.009642
0.009642
0.009642
0.009642
0.009642
0.009642
0.009642
0.009642
0.009642
0.009642
0.009642
0.009642
0.009642
0.009642
0.009642
0.009642
0.009642
0.009642
0.009642
0.009642
0.009642
0.009642
0.009642
0.009642
0.009642
0.009642
0.009642
0.009642
0.009642
0.009642
0.009642
0.009642
0.009642
0.009642
0.009642
0.009642
0.009642
0.009642
0.009642
0.009642
0.009642
0.009642
0.009642
0.009642
0.009642
0.009642
0.009642
0.009642
0.009642
0.009642
0.009642
0.009642
0.009642
0.009642
0.009642
0.009642
0.009642
0.009642
0.009642
0.009642
0.009642
0.009642
0.009642
0.009642
0.009642
0.009642
0.009642
0.009642
0.009642
0.009642
0.009642
0.009642
0.009642
0.009642
0.009642
0.009642
0.009642
0.009642
0.009642
0.009642
0.009642
0.009642
0.009642
0.009642
0.009642
0.009642
0.009642
0.009642
0.009642
0.009642
0.009642
0.009642
0.009642
0.009642
0.009642
0.009642
0.009642
0.009642
0.009642
0.009642
0.009642
0.009642
0.009642
0.009642
0.009642
0.009642
0.009642
0.009642
0.009642
0.009642
0.009642
0.009642
0.009642
0.009642
0.009642
0.009642
0.009642
0.009642
0.009642
0.009642
0.009642
0.009642
0.009642
0.009642
0.009642
0.009642
0.009642
0.009642
0.009642
0.009642
0.009642
0.009642
0.009642
0.009642
0.009642
0.009642
0.009642
0.009642
0.009642
0.009642
0.009642
0.009642
0.009642
0.009642
0.009642
0.009642
0.009642
0.009642
0.009642
0.009642
0.009642
0.009642
0.009642
0.009642
0.009642
0.009642
0.009642
0.009642
0.009642
0.009642
0.009642
0.009642
0.009642
0.009642
0.009642
0.009642
0.009642
0.009642
0.009642
0.009642
0.009642
0.009642
0.009642
0.009642
0.009642
0.009642
0.009642
0.009642
0.009642
0.009642
0.009642
0.009642
0.009642
0.009642
0.009642
0.009642
0.009642
0.009642
0.009642
0.009642
0.009642
0.009642
0.009642
0.009642
0.009642
0.009642
0.009642
0.009642
0.009642
0.009642
0.009642
0.009642
0.009642
0.009642
0.009642
0.009642
0.009642
0.009642
0.009642
0.009642
0.009642
0.009642
0.009642
0.009642
0.009642
0.009642
0.009642
0.009642
0.009642
0.009642
0.009642
0.009642
0.009642
0.009642
0.009642
0.009642
0.009642
0.009642
0.009642
0.009642
0.009642
0.009642
0.009642
0.009642
0.009642
0.009642
0.009642
0.009642
0.009642
0.009642
0.009642
0.009642
0.009642
0.009642
0.009642
0.009642
0.009642
0.009642
0.009642
0.009642
0.009642
0.009642
0.009642
0.009642
0.009642
0.009642
0.009642
0.009642
0.009642
0.009642
0.009642
0.009642
0.009642
0.009642
0.009642
0.009642
0.009642
0.009642
0.009642
0.009642
0.009642
0.009642
0.009642
0.009642
0.009642
0.009642
0.009642
0.009642
0.009642
0.009642
0.009642
0.009642
0.009642
0.009642
0.009642
0.009642
0.009642
0.009642
0.009642
0.009642
0.009642
0.009642
0.009642
0.009642
0.009642
0.009642
0.009642
0.009642
0.009642
0.009642
0.009642
0.009642
0.009642
0.009642
0.009642
0.009642
0.009642
0.009642
0.009642
0.009642
0.009642
0.009642
0.009642
0.009642
0.009642
0.009642
0.009642
0.009642
0.009642
0.009642
0.009642
0.009642
0.009642
0.009642
0.009642
0.009642
0.009642
0.009642
0.009642
0.009642
0.009642
0.009642
0.009642
0.009642
0.009642
0.009642
0.009642
0.009642
0.009642
0.009642
0.009642
0.009642
0.009642
0.009642
0.009642
0.009642
0.009642
0.009642
0.009642
0.009642
0.009642
0.009642
0.009642
0.009642
0.009642
0.009642
0.009642
0.009642
0.009642
0.009642
0.009642
0.009642
0.009642
0.009642
0.009642
0.009642
0.009642
0.009642
0.009642
0.009642
0.009642
0.009642
0.009642
0.009642
0.009642
0.009642
0.009642
0.009642
0.009642
0.009642
0.009642
0.009642
0.009642
0.009642
0.009642
0.009642
0.009642
0.009642
0.009642
0.009642
0.009642
0.009642
0.009642
0.009642
0.009642
0.009642
0.009642
0.009642
0.009642
0.009642
0.009642
0.009642
0.009642
0.009642
0.009642
0.009642
0.009642
0.009642
0.009642
0.009642
0.009642
0.009642
0.009642
0.009642
0.009642
0.009642
0.009642
0.009642
0.009642
0.009642
0.009642
0.009642
0.009642
0.009642
0.009642
0.009642
0.009642
0.009642
0.009642
0.009642
0.009642
0.009642
0.009642
0.009642
0.009642
0.009642
0.009642
0.009642
0.009642
0.009642
0.009642
0.009642
0.009642
0.009642
0.009642
0.009642
0.009642
0.009642
0.009642
0.009642
0.009642
0.009642
0.009642
0.009642
0.009642
0.009642
0.009642
0.009642
0.009642
0.009642
0.009642
0.009642
0.009642
0.009642
0.009642
0.009642
0.009642
0.009642
0.009642
0.009642
0.009642
0.009642
0.009642
0.009642
0.009642
0.009642
0.009642
0.009642
0.009642
0.009642
0.009642
0.009642
0.009642
0.009642
0.009642
0.009642
0.009642
0.009642
0.009642
0.009642
0.009642
0.009642
0.009642
0.009642
0.009642
0.009642
0.009642
0.009642
0.009642
0.009642
0.009642
0.009642
0.009642
0.009642
0.009642
0.009642
0.009642
0.009642
0.009642
0.009642
0.009642
0.009642
0.009642
0.009642
0.009642
0.009642
0.009642
0.009642
0.009642
0.009642
0.009642
0.009642
0.009642
0.009642
0.009642
0.009642
0.009642
0.009642
0.009642
0.009642
0.009642
0.009642
0.009642
0.009642
0.009642
0.009642
0.009642
0.009642
0.009642
0.009642
0.009642
0.009642
0.009642
0.009642
0.009642
0.009642
0.009642
0.009642
0.009642
0.009642
0.009642
0.009642
0.009642
0.009642
0.009642
0.009642
0.009642
0.009642
0.009642
0.009642
0.009642
0.009642
0.009642
0.009642
0.009642
0.009642
0.009642
0.009642
0.009642
0.009642
0.009642
0.009642
0.009642
0.009642
0.009642
0.009642
0.009642
0.009642
0.009642
0.009642
0.009642
0.009642
0.009642
0.009642
0.009642
0.009642
0.009642
0.009642
0.009642
0.009642
0.009642
0.009642
0.009642
0.009642
0.009642
0.009642
0.009642
0.009642
0.009642
0.009642
0.009642
0.009642
0.009642
0.009642
0.009642
0.009642
0.009642
0.009642
0.009642
0.009642
0.009642
0.009642
0.009642
0.009642
0.009642
0.009642
0.009642
0.009642
0.009642
0.009642
0.009642
0.009642
0.009642
0.009642
0.009642
0.009642
0.009642
0.009642
0.009642
0.009642
0.009642
0.009642
0.009642
0.009642
0.009642
0.009642
0.009642
0.009642
0.009642
0.009642
0.009642
0.009642
0.009642
0.009642
0.009642
0.009642
0.009642
0.009642
0.009642
0.009642
0.009642
0.009642
0.009642
0.009642
0.009642
0.009642
0.009642
0.009642
0.009642
0.009642
0.009642
0.009642
0.009642
0.009642
0.009642
0.009642
0.009642
0.009642
0.009642
0.009642
0.009642
0.009642
0.009642
0.009642
0.009642
0.009642
0.009642
0.009642
0.009642
0.009642
0.009642
0.009642
0.009642
0.009642
0.009642
0.009642
0.009642
0.009642
0.009642
0.009642
0.009642
0.009642
0.009642
0.009642
0.009642
0.009642
0.009642
0.009642
0.009642
0.009642
