0.543058
0.543058
0.543058
0.543058
0.543058
0.543058
0.543058
0.543058
0.543058
0.543058
0.543058
0.543058
0.543058
0.543058
0.543058
0.543058
0.543058
0.543058
0.543058
0.543058
0.543058
0.543058
0.543058
0.541700
0.540343
0.537627
0.533554
0.529482
0.524051
0.519978
0.515905
0.511832
0.507759
0.503686
0.500971
0.496898
0.492825
0.487395
0.483322
0.479249
0.475176
0.471103
0.467030
0.462957
0.458884
0.453453
0.449381
0.445308
0.441235
0.437162
0.433089
0.429016
0.424943
0.420870
0.415439
0.411366
0.407294
0.403221
0.399148
0.395075
0.391002
0.386929
0.382856
0.377425
0.373352
0.369279
0.365207
0.361134
0.357061
0.352988
0.348915
0.343484
0.339411
0.335338
0.331265
0.327192
0.323120
0.319047
0.314974
0.310901
0.306828
0.302755
0.298682
0.294609
0.290536
0.286463
0.283748
0.279675
0.275602
0.272887
0.268814
0.264741
0.262025
0.257953
0.255237
0.251164
0.248449
0.245734
0.241661
0.238946
0.236230
0.232157
0.229442
0.226727
0.224011
0.221296
0.217223
0.214508
0.211793
0.209077
0.206362
0.203647
0.200931
0.198216
0.195501
0.192786
0.191428
0.188713
0.185997
0.183282
0.180567
0.179209
0.176494
0.173779
0.172421
0.169706
0.166990
0.165633
0.162917
0.160202
0.158844
0.156129
0.154772
0.152056
0.150699
0.147983
0.146626
0.145268
0.142553
0.141195
0.138480
0.137122
0.135765
0.134407
0.131692
0.130334
0.128976
0.126261
0.124903
0.123546
0.122188
0.120830
0.118115
0.116757
0.115400
0.114042
0.112685
0.111327
0.109969
0.108612
0.107254
0.105896
0.104539
0.103181
0.101823
0.100466
0.099108
0.097750
0.096393
0.095035
0.093678
0.092320
0.090962
0.089605
0.088247
0.088247
0.086889
0.085532
0.084174
0.082816
0.082816
0.081459
0.080101
0.078743
0.077386
0.077386
0.076028
0.074670
0.073313
0.073313
0.071955
0.070598
0.070598
0.069240
0.067882
0.067882
0.066525
0.065167
0.065167
0.063809
0.062452
0.062452
0.061094
0.061094
0.059736
0.059736
0.058379
0.057021
0.057021
0.055663
0.055663
0.054306
0.054306
0.052948
0.052948
0.051591
0.051591
0.050233
0.050233
0.048875
0.048875
0.047518
0.047518
0.046160
0.046160
0.044802
0.044802
0.044802
0.043445
0.043445
0.042087
0.042087
0.040729
0.040729
0.040729
0.039372
0.039372
0.039372
0.038014
0.038014
0.036656
0.036656
0.036656
0.035299
0.035299
0.035299
0.033941
0.033941
0.033941
0.032583
0.032583
0.032583
0.031226
0.031226
0.031226
0.031226
0.029868
0.029868
0.029868
0.028511
0.028511
0.028511
0.028511
0.027153
0.027153
0.027153
0.025795
0.025795
0.025795
0.025795
0.024438
0.024438
0.024438
0.024438
0.024438
0.023080
0.023080
0.023080
0.023080
0.021722
0.021722
0.021722
0.021722
0.021722
0.020365
0.020365
0.020365
0.020365
0.020365
0.019007
0.019007
0.019007
0.019007
0.019007
0.017649
0.017649
0.017649
0.017649
0.017649
0.017649
0.016292
0.016292
0.016292
0.016292
0.016292
0.016292
0.016292
0.014934
0.014934
0.014934
0.014934
0.014934
0.014934
0.013576
0.013576
0.013576
0.013576
0.013576
0.013576
0.013576
0.013576
0.012219
0.012219
0.012219
0.012219
0.012219
0.012219
0.012219
0.012219
0.010861
0.010861
0.010861
0.010861
0.010861
0.010861
0.010861
0.010861
0.010861
0.010861
0.009504
0.009504
0.009504
0.009504
0.009504
0.009504
0.009504
0.009504
0.009504
0.009504
0.009504
0.009504
0.009504
0.009504
0.009504
0.009504
0.009504
0.009504
0.009504
0.009504
0.009504
0.009504
0.009504
0.009504
0.009504
0.009504
0.009504
0.009504
0.009504
0.009504
0.009504
0.009504
0.009504
0.009504
0.009504
0.009504
0.009504
0.009504
0.009504
0.009504
0.009504
0.009504
0.009504
0.009504
0.009504
0.009504
0.009504
0.009504
0.009504
0.009504
0.009504
0.009504
0.009504
0.009504
0.009504
0.009504
0.009504
0.009504
0.009504
0.009504
0.009504
0.638104
0.638104
0.638104
0.638104
0.638104
0.638104
0.638104
0.638104
0.638104
0.638104
0.638104
0.638104
0.638104
0.638104
0.638104
0.638104
0.638104
0.638104
0.638104
0.638104
0.163599
0.163599
0.163599
0.163599
0.163599
0.163599
0.163599
0.163599
0.163599
0.163601
0.163604
0.163554
0.163507
0.163311
0.162965
0.162440
0.161817
0.161017
0.160244
0.159485
0.158822
0.158173
0.157523
0.156944
0.156294
0.155645
0.154955
0.154196
0.153507
0.152773
0.152084
0.151355
0.150635
0.149986
0.149257
0.148567
0.147888
0.147159
0.146469
0.145736
0.145047
0.144398
0.143638
0.142949
0.142220
0.141500
0.140851
0.140122
0.139459
0.138699
0.138010
0.137361
0.136601
0.135912
0.135182
0.134463
0.133814
0.133084
0.132391
0.131661
0.130972
0.130292
0.129563
0.128874
0.128114
0.127425
0.126776
0.126043
0.125353
0.124624
0.123935
0.123255
0.122526
0.121837
0.121077
0.120388
0.119659
0.119006
0.118316
0.117587
0.116867
0.116138
0.115449
0.114769
0.114040
0.113351
0.112618
0.111928
0.111279
0.110520
0.109830
0.109101
0.108411
0.107731
0.107002
0.106313
0.105580
0.104890
0.104241
0.103482
0.102792
0.102063
0.101344
0.100694
0.099965
0.099246
0.098543
0.097853
0.097174
0.096445
0.095755
0.094996
0.094306
0.093657
0.092928
0.092235
0.091505
0.090816
0.090137
0.089407
0.088718
0.087959
0.087269
0.086620
0.085860
0.085197
0.084468
0.083748
0.083099
0.082369
0.081650
0.080921
0.080231
0.079502
0.078809
0.078160
0.077430
0.076711
0.075982
0.075292
0.074613
0.073884
0.073221
0.072491
0.071802
0.071179
0.070450
0.069760
0.069057
0.068368
0.067745
0.067016
0.066383
0.065680
0.064991
0.064398
0.063695
0.063005
0.062332
0.061669
0.061076
0.060373
0.059714
0.059011
0.058378
0.057785
0.057082
0.056489
0.055776
0.055183
0.054560
0.053994
0.053401
0.052808
0.052255
0.051662
0.051069
0.050503
0.049950
0.049357
0.048871
0.048318
0.047725
0.047278
0.046756
0.046269
0.045716
0.045243
0.044757
0.044234
0.043787
0.043315
0.042898
0.042372
0.041929
0.041482
0.041036
0.040593
0.040186
0.039769
0.039376
0.038960
0.038583
0.038111
0.037774
0.037368
0.036951
0.036655
0.036208
0.035885
0.035469
0.035142
0.034766
0.034430
0.034053
0.033727
0.033430
0.033014
0.032717
0.032421
0.032124
0.031798
0.031421
0.031125
0.030828
0.030532
0.030236
0.029939
0.029643
0.029346
0.029076
0.028820
0.028523
0.028307
0.028010
0.027754
0.027484
0.027188
0.027001
0.026745
0.026448
0.026298
0.026002
0.025705
0.025529
0.025289
0.025112
0.024816
0.024666
0.024409
0.024223
0.023993
0.023777
0.023520
0.023400
0.023104
0.022954
0.022807
0.022511
0.022361
0.022215
0.022064
0.021768
0.021622
0.021471
0.021295
0.021095
0.020919
0.020769
0.020582
0.020432
0.020286
0.020136
0.019909
0.019759
0.019583
0.019463
0.019286
0.019166
0.018990
0.018870
0.018693
0.018573
0.018423
0.018276
0.018166
0.018020
0.017950
0.017830
0.017653
0.017533
0.017387
0.017277
0.017157
0.016980
0.016940
0.016764
0.016684
0.016564
0.016468
0.016348
0.016238
0.016091
0.016051
0.015941
0.015795
0.015675
0.015645
0.015498
0.015378
0.015348
0.015228
0.015052
0.015052
0.014932
0.014795
0.014755
0.014635
0.014635
0.014459
0.014379
0.014339
0.014162
0.014162
0.014042
0.014012
0.013866
0.013786
0.013746
0.013636
0.013596
0.013490
0.013450
0.013339
0.013299
0.013193
0.013193
0.013043
0.013043
0.013003
0.012897
0.012826
0.012746
0.012706
0.012626
0.012570
0.012530
0.012450
0.012410
0.012330
0.012274
0.012154
0.012154
0.012154
0.012034
0.012004
0.011977
0.011857
0.011857
0.011817
0.011737
0.011707
0.011667
0.011561
0.011561
0.011561
0.011441
0.011411
0.011411
0.011264
0.011264
0.011264
0.011144
0.011114
0.011114
0.011034
0.010994
0.010968
0.010968
0.010888
0.010818
0.010818
0.010818
0.010738
0.010698
0.010672
0.010672
0.010561
0.010521
0.010521
0.010521
0.010441
0.010401
0.010401
0.010401
0.010376
0.010265
0.010225
0.010225
0.010225
0.010145
0.010145
0.010105
0.010105
0.010105
0.009996
0.009968
0.009968
0.009928
0.009928
0.009928
0.009848
0.009848
0.009848
0.009808
0.009808
0.009808
0.009728
0.009728
0.009728
0.009688
0.009688
0.009688
0.009608
0.009608
0.009608
0.009608
0.009568
0.009568
0.009568
0.009488
0.009488
0.009488
0.009488
0.009488
0.009488
0.009488
0.009488
0.009488
0.009488
0.009488
0.009488
0.009488
0.009488
0.009448
0.009448
0.009448
0.009448
0.009368
0.009368
0.009368
0.009448
0.009448
0.009448
0.009448
0.009448
0.009448
0.009448
0.009368
0.009368
0.009368
0.009368
0.009368
0.009368
0.009368
0.009368
0.009368
0.009368
0.009368
0.009368
0.009368
0.009368
0.009368
0.009368
0.009368
0.009368
0.009368
0.009368
0.009368
0.009368
0.009368
0.009368
0.009368
0.009368
0.009368
0.009368
0.009368
0.009368
0.009368
0.009368
0.009368
0.009368
0.009368
0.009368
0.009368
0.009368
0.009368
0.009368
0.009368
0.009368
0.009368
0.009368
0.009368
0.009368
0.009368
0.009368
0.009368
0.009368
0.009368
0.009368
0.009368
0.009368
0.009368
0.009368
0.009368
0.009368
0.009368
0.009368
0.009368
0.009368
0.009368
0.009368
0.009368
0.009368
0.009368
0.009368
0.009368
0.009368
0.009368
0.009368
0.009368
0.009368
0.009368
0.009368
0.009368
0.009368
0.009368
0.009368
0.009368
0.009368
0.009368
0.009368
0.009368
0.009368
0.009368
0.009368
0.009368
0.009368
0.009368
0.009368
0.009368
0.009368
0.009368
0.009368
0.009368
0.009368
0.009368
0.009368
0.009368
0.009368
0.009368
0.009368
0.009368
0.009368
0.009368
0.009368
0.009368
0.009368
0.009368
0.009368
0.009368
0.009368
0.009368
0.009368
0.009368
0.009368
0.009368
0.009368
0.009368
0.009368
