1.199309
1.092132
0.873839
0.660300
0.506447
0.424684
0.395475
0.389982
0.389900
0.388742
0.387306
0.385604
0.384171
0.382378
0.380933
0.379094
0.377261
0.375366
0.373615
0.371064
0.368926
0.366413
0.363650
0.360885
0.357899
0.354665
0.351469
0.348335
0.344660
0.340962
0.337378
0.333793
0.330219
0.326484
0.322613
0.319124
0.314914
0.311373
0.307496
0.304030
0.299831
0.296188
0.292237
0.288393
0.284683
0.281052
0.277411
0.273745
0.270115
0.266318
0.262702
0.259072
0.255695
0.252100
0.248976
0.245418
0.242042
0.238676
0.235124
0.232070
0.228695
0.225330
0.222208
0.219214
0.216092
0.212727
0.209737
0.206854
0.203552
0.200710
0.197660
0.195088
0.191726
0.188986
0.185885
0.183315
0.180444
0.177456
0.174586
0.172017
0.169217
0.166408
0.163781
0.161282
0.158414
0.155606
0.153057
0.150730
0.147923
0.145304
0.142809
0.140183
0.137866
0.135131
0.132994
0.130507
0.128124
0.125807
0.123532
0.121397
0.119143
0.117138
0.115003
0.112758
0.110994
0.108860
0.107064
0.105300
0.102987
0.101163
0.099401
0.097885
0.096030
0.094267
0.092675
0.091160
0.089339
0.088030
0.086269
0.084748
0.083174
0.081654
0.080346
0.078587
0.077314
0.075981
0.074532
0.073464
0.072192
0.070674
0.069342
0.068311
0.067314
0.065798
0.064767
0.063437
0.062404
0.061444
0.060382
0.059349
0.058391
0.056819
0.056026
0.055069
0.054010
0.052978
0.052267
0.051416
0.050390
0.049436
0.048644
0.047692
0.046870
0.045920
0.045310
0.044532
0.043811
0.042792
0.042312
0.041537
0.040818
0.040043
0.039238
0.038535
0.037985
0.037268
0.036736
0.036019
0.035251
0.035012
0.034298
0.033533
0.033002
0.032240
0.031972
0.031497
0.030501
0.030263
0.029791
0.029271
0.028800
0.028325
0.027578
0.027289
0.026821
0.026309
0.025843
0.025605
0.024872
0.024635
0.024143
0.023907
0.023407
0.022946
0.022710
0.022419
0.021997
0.021542
0.021260
0.020954
0.020324
0.020324
0.020088
0.019641
0.019167
0.019167
0.018725
0.018490
0.018421
0.017827
0.017592
0.017592
0.017332
0.016902
0.016689
0.016455
0.016032
0.015997
0.015764
0.015696
0.015152
0.015152
0.014919
0.014919
0.014516
0.014516
0.014216
0.014216
0.013985
0.013825
0.013594
0.013594
0.013365
0.013298
0.012922
0.012922
0.012922
0.012693
0.012693
0.012335
0.012335
0.012335
0.012041
0.012041
0.012041
0.011815
0.011815
0.011815
0.011590
0.011590
0.011590
0.011367
0.011301
0.011301
0.011078
0.011078
0.011078
0.011078
0.010856
0.010856
0.010856
0.010638
0.010638
0.010638
0.010575
0.010575
0.010356
0.010356
0.010356
0.010356
0.010141
0.010141
0.010141
0.010141
0.010141
0.009929
0.009929
0.009929
0.009929
0.009929
0.009720
0.009658
0.009658
0.009658
0.009658
0.009658
0.009658
0.009658
0.009658
0.009658
0.009658
0.009658
0.009658
0.009658
0.009658
0.009658
0.009658
0.009658
0.009658
0.009658
0.009658
0.009658
0.009658
0.009658
0.009658
0.009658
0.009658
0.009658
0.009658
0.009658
0.009658
0.009658
0.009658
0.009658
0.009658
0.009658
0.009658
0.009658
0.009658
0.009658
0.009658
0.009658
0.009658
0.009658
0.009658
0.009658
0.009658
0.009451
0.009451
0.009340
0.009340
0.009340
0.009340
0.009138
0.009138
0.009138
0.009138
0.009138
0.009138
0.009138
0.009138
0.009138
0.009138
0.009138
0.009138
0.009138
0.009138
0.009138
0.009138
0.009138
0.009138
0.009138
0.009138
0.009138
0.009249
0.009249
0.009249
0.009249
0.009249
0.009249
0.009138
0.009138
0.009138
0.009138
0.009138
0.009138
0.009138
0.009138
0.009138
0.009138
0.009138
0.009138
0.009138
0.009138
0.009138
0.009138
0.009138
0.009138
0.009138
0.009138
0.009138
0.009138
0.009138
0.009138
0.009138
0.009138
0.009138
0.009138
0.009138
0.009138
0.009027
0.009027
0.009027
0.009027
0.009027
0.009027
0.009027
0.009027
0.009027
0.009027
0.009027
0.009138
0.009138
0.009138
0.009138
0.009138
0.008942
0.008942
0.008942
0.008942
0.008942
0.008942
0.008942
0.008942
0.008942
0.008942
0.008942
0.008942
0.008942
0.008942
0.008942
0.008942
0.008942
0.008942
0.008942
0.008942
0.008942
0.008831
0.008831
0.008831
0.008831
0.008831
0.008831
0.008831
0.008831
0.008831
0.008831
0.008831
0.008831
0.008831
0.008831
0.008831
0.008831
0.008831
0.008831
0.008831
0.008831
0.008831
0.008831
0.008831
0.008831
0.008831
0.008831
0.008831
0.008831
0.008645
0.008394
0.008185
0.008014
0.008269
0.008741
0.009530
0.010015
0.010555
0.010371
0.010349
0.010587
0.010702
0.011081
0.011121
0.011557
0.012001
0.011991
0.012428
0.012825
0.012938
0.012674
0.012414
0.011899
0.011738
0.012008
0.011836
0.011605
0.011122
0.010495
0.010106
0.009702
0.009738
0.009781
0.009912
0.009978
0.010336
0.010089
0.010305
0.010024
0.009989
0.010218
0.010304
0.010347
0.010867
0.010895
0.010922
0.011519
0.011629
0.011072
0.009444
0.008863
0.009144
0.009683
0.011350
0.013960
0.015052
0.015135
0.014262
0.013138
0.012090
0.011699
0.012322
0.012661
0.013719
0.014111
0.014973
0.015054
0.015561
0.015367
0.015774
0.015428
0.015216
0.015251
0.015975
0.016064
0.016842
0.016843
0.016843
0.016159
0.013641
0.012631
0.012941
0.013513
0.015354
0.018404
0.019556
0.019715
0.019298
0.017799
0.016875
0.016445
0.016562
0.016722
0.017424
0.018514
0.018752
0.019550
0.019403
0.019240
0.019485
0.019137
0.019082
0.019800
0.019960
0.019590
0.020107
0.020144
0.020828
0.019219
0.017520
0.016227
0.015825
0.016462
0.018427
0.021231
0.023141
0.022580
0.022099
0.020601
0.019207
0.018772
0.018809
0.019867
0.020362
0.021050
0.021060
0.021785
0.021636
0.022123
0.021683
0.021101
0.021734
0.021771
0.021609
0.022394
0.021994
0.022648
0.022452
0.021061
0.019108
0.017813
0.017632
0.018056
0.020049
0.023127
0.024837
0.024974
0.023325
0.022041
0.021100
0.020432
0.020234
0.021082
0.021579
0.022696
0.023403
0.023203
0.023523
0.023317
0.023112
0.022513
0.022926
0.022963
0.023735
0.023358
0.023414
0.023922
0.023922
0.022749
0.020317
0.019203
0.019233
0.019887
0.021913
0.024793
0.025773
0.025911
0.024723
0.023192
0.022012
0.021345
0.021835
0.022225
0.023190
0.023392
0.024335
0.024135
0.024452
0.024016
0.023810
0.024142
0.024085
0.023661
0.024436
0.024292
0.025051
0.024586
0.024348
0.025015
0.023605
0.021407
0.020262
0.019644
0.020287
0.022166
0.025227
0.026915
0.026345
0.025858
0.024090
0.022897
0.022431
0.022487
0.023116
0.023384
0.024517
0.024762
0.025038
0.024649
0.025147
0.024939
0.024323
0.024751
0.024789
0.024864
0.025197
0.025015
0.025760
0.025760
0.025015
0.024307
0.021862
0.020262
0.020776
0.020973
0.023278
0.026402
0.027154
0.027054
0.025858
0.024555
0.023597
0.023129
0.023185
0.023578
0.024323
0.024517
0.025468
0.026215
0.025826
0.025147
0.025646
0.025495
0.024751
0.025495
0.025571
0.025665
0.025722
0.025760
0.026470
0.026432
0.024307
0.022558
0.020949
0.020550
0.021218
0.023068
0.026214
0.028163
0.027588
0.026383
0.025069
0.024102
0.022923
0.022980
0.024084
0.024595
0.025031
0.025992
0.026030
0.026593
0.025668
0.025459
0.025307
0.025983
0.025307
0.026097
0.026192
0.025768
0.026222
0.026222
0.025508
0.022294
0.021443
0.021247
0.022144
0.024232
0.026928
0.028163
0.028306
0.027099
0.025069
0.024102
0.023649
0.023917
0.024084
0.025307
0.025744
0.026467
0.026030
0.026593
0.026143
0.025215
0.025085
0.024555
0.024125
0.023903
0.023538
0.023845
0.023148
0.022470
0.022657
0.020605
0.018299
0.017489
0.017033
0.017749
0.019455
0.021801
0.023513
0.022649
0.021998
0.020416
0.019290
0.018931
0.019088
0.019424
0.019929
0.020644
0.021026
0.021190
0.021276
0.021830
0.021875
0.021983
0.022731
0.022932
0.023163
0.023899
0.024314
0.024764
0.024715
0.025172
0.025601
0.025283
0.025220
0.025406
0.025214
0.026043
0.026867
0.027086
0.027170
0.027218
0.027004
0.026649
0.026965
0.027961
0.028328
0.029217
0.029631
0.030192
0.030450
0.030644
0.031066
0.031242
0.031684
0.031918
0.032680
0.032719
0.033024
0.033798
0.033612
0.034374
0.034891
0.034521
0.033994
0.033515
0.033327
0.033751
0.034350
0.035889
0.036650
0.036569
0.036646
0.036989
0.037218
0.037308
0.037813
0.038620
0.039034
0.039897
0.040465
0.040921
0.041353
0.041775
0.041962
0.042204
0.042914
0.043225
0.043973
0.044052
0.044371
0.044804
0.044855
0.044678
0.043429
0.043134
0.043378
0.043425
0.043940
0.044985
0.045393
0.045444
0.045231
0.044797
0.044971
0.045078
0.046104
0.046481
0.047133
0.047765
0.048569
0.048829
0.049266
0.049735
0.049915
0.050406
0.050632
0.051134
0.051404
0.051680
0.052423
0.052683
0.052691
0.052952
0.052637
0.052362
0.052811
0.052870
0.053859
0.054464
0.054626
0.054673
0.054520
0.054336
0.054221
0.054566
0.055081
0.055951
0.056550
0.057170
0.057017
0.057755
0.058198
0.058338
0.058556
0.058759
0.059274
0.059569
0.059684
0.060006
0.060599
0.060528
0.061116
0.061306
0.060426
0.060073
0.060217
0.060409
0.061397
0.062622
0.063440
0.063821
0.063828
0.063629
0.064032
0.064671
0.064931
0.065778
0.066494
0.067055
0.067620
0.068176
0.068608
0.069086
0.069082
0.069520
0.069874
0.070196
0.070288
0.070939
0.071032
0.070948
0.070876
0.069575
0.068868
0.068397
0.068208
0.068814
0.069501
0.069862
0.069525
0.069221
0.068629
0.068244
0.067709
0.067589
0.067583
0.067732
0.068109
0.068048
0.068419
0.068016
0.068070
0.068281
0.068174
0.068082
0.068310
0.068743
0.068846
0.069178
0.069187
0.069607
0.069438
0.069129
0.068804
0.067652
0.066574
0.066372
0.065914
0.066222
0.066858
0.066496
0.066006
0.065237
0.063926
0.062395
0.061484
0.060698
0.059968
0.059528
0.059475
0.058621
0.058218
0.057209
0.056345
0.055853
0.055076
0.054115
0.053483
0.052811
0.052085
0.051298
0.050790
0.050414
0.049395
0.049049
0.048221
0.046553
0.045395
0.045057
0.044865
0.045343
0.046210
0.046292
0.046004
0.045274
0.043833
0.043025
0.042266
0.041316
0.041153
0.041381
0.041387
0.040668
0.040687
0.040269
0.039236
0.038900
0.038482
0.038121
0.037825
0.037281
0.036985
0.036785
0.036224
0.036246
0.034976
0.033512
0.032691
0.031777
0.031873
0.032793
0.033977
0.034307
0.034156
0.033200
0.032048
0.031215
0.030308
0.029753
0.030099
0.030031
0.029708
0.029510
0.029686
0.029279
0.028842
0.028505
0.028109
0.027375
0.027455
0.027271
0.027159
0.026948
0.026658
0.026593
0.025319
0.024255
0.023316
0.022763
0.022889
0.023930
0.025339
0.026335
0.026420
0.025162
0.023874
0.023069
0.022339
0.021904
0.022538
0.022620
0.022849
0.023203
0.022766
0.022421
0.022481
0.021872
0.021779
0.021767
0.021554
0.021399
0.021775
0.021619
0.021956
0.021766
0.020400
0.018884
0.018008
0.018329
0.018249
0.020538
0.022190
0.023665
0.023781
0.022595
0.021412
0.020319
0.019690
0.020323
0.020431
0.021274
0.021672
0.022693
0.022485
0.022926
0.022730
0.022293
0.022733
0.022680
0.022303
0.023026
0.023027
0.023080
0.023528
0.022007
0.020397
0.019340
0.018614
0.019145
0.020982
0.023690
0.025665
0.025796
0.024423
0.023105
0.022188
0.021538
0.021348
0.022333
0.022730
0.023783
0.024430
0.024465
0.024724
0.024530
0.024094
0.023732
0.024335
0.023954
0.024681
0.024529
0.024340
0.025039
0.024618
0.023955
0.021440
0.020567
0.020631
0.021427
0.022882
0.025801
0.026954
0.026843
0.025470
0.024248
0.023118
0.022461
0.023144
0.023110
0.024068
0.024234
0.025135
0.024931
0.025460
0.025019
0.024821
0.024938
0.024642
0.024678
0.025183
0.025274
0.025530
0.025325
0.024013
0.022099
0.020834
0.021087
0.020850
0.022971
0.025717
0.027578
0.027471
0.026296
0.024623
0.023451
0.023025
0.022836
0.023861
0.024783
0.025004
0.025818
0.025854
0.026148
0.025706
0.025311
0.025863
0.025568
0.025361
0.025917
0.025767
0.025821
0.026297
0.026099
0.026503
0.024901
0.023229
0.021941
0.021534
0.021958
0.023908
0.026713
0.027650
0.027544
0.027074
0.025815
0.024271
0.023402
0.023102
0.023540
0.023677
0.023980
0.023887
0.024014
0.023411
0.023221
0.022683
0.022265
0.022172
0.022684
0.022692
0.022986
0.022557
0.022635
0.022879
0.022718
0.022366
0.020951
0.020349
0.020435
0.020575
0.021426
0.022878
0.023432
0.023953
0.023743
0.023642
0.023316
0.023364
0.024176
0.024155
0.024928
0.025635
0.025971
0.026285
0.026819
0.027282
0.027288
0.027586
0.028119
0.028224
0.028743
0.029328
0.029721
0.030043
0.030383
0.030199
0.029265
0.029043
0.028688
0.029383
0.030068
0.031360
0.032060
0.032261
0.032161
0.032177
0.032138
0.032027
0.032247
0.032952
0.033533
0.034152
0.034799
0.035055
0.035099
0.035428
0.035969
0.036225
0.036169
0.037012
0.037351
0.037491
0.038205
0.038565
0.038703
0.039034
0.038826
0.037668
0.037032
0.036279
0.036560
0.036996
0.038417
0.039729
0.039952
0.039291
0.039095
0.039048
0.038535
0.039073
0.039699
0.040566
0.040439
0.041024
0.041393
0.041814
0.041417
0.041678
0.042104
0.041785
0.041984
0.042519
0.042507
0.042477
0.043006
0.043166
0.043224
0.043403
0.042942
0.041505
0.041090
0.040529
0.040785
0.041497
0.043276
0.044639
0.044911
0.044488
0.043959
0.043899
0.043787
0.043711
0.044453
0.045045
0.045375
0.045808
0.045697
0.045979
0.045263
0.045033
0.045317
0.044933
0.044370
0.044655
0.044346
0.043911
0.044187
0.043965
0.043742
0.042761
0.041736
0.040662
0.040567
0.040673
0.041539
0.042895
0.043162
0.042916
0.042561
0.041894
0.041028
0.040675
0.040864
0.041011
0.041713
0.042562
0.042949
0.043398
0.043250
0.043556
0.043189
0.043341
0.043022
0.043479
0.043283
0.043489
0.043279
0.043017
0.043462
0.042053
0.040959
0.039619
0.039201
0.039510
0.040660
0.042190
0.043209
0.042565
0.041535
0.039954
0.039065
0.038040
0.037577
0.037788
0.037601
0.037852
0.037745
0.037509
0.036669
0.036757
0.035880
0.035544
0.035483
0.035012
0.034573
0.034629
0.034171
0.034201
0.033953
0.032241
0.030804
0.029946
0.030020
0.029421
0.030989
0.032725
0.033403
0.032983
0.031839
0.030421
0.029003
0.028446
0.027979
0.028004
0.028362
0.028425
0.028380
0.027922
0.028087
0.027692
0.026570
0.026754
0.026472
0.026017
0.026127
0.025963
0.025528
0.025630
0.025630
0.024843
0.022730
0.021807
0.021909
0.022069
0.023539
0.025549
0.026338
0.026239
0.024686
0.023331
0.022111
0.021293
0.021579
0.021426
0.021939
0.022095
0.022702
0.022305
0.022542
0.022179
0.022449
0.021844
0.021787
0.021454
0.021946
0.021661
0.022395
0.022076
0.021831
0.021129
0.018387
0.017124
0.017494
0.018086
0.020054
0.022894
0.024322
0.024382
0.023643
0.022085
0.021120
0.020427
0.020464
0.020615
0.021586
0.022732
0.022736
0.023487
0.023090
0.022956
0.023213
0.022836
0.022779
0.023285
0.023442
0.023072
0.023839
0.023632
0.024101
0.022676
0.020653
0.019281
0.018847
0.019496
0.021802
0.024259
0.026209
0.025710
0.025221
0.023420
0.022554
0.022078
0.021415
0.022509
0.023121
0.024258
0.024015
0.024761
0.024390
0.024749
0.024298
0.024167
0.024816
0.024148
0.024223
0.025023
0.024835
0.025337
0.025118
0.025069
0.023877
0.021434
0.020319
0.020347
0.021167
0.022965
0.026063
0.027188
0.026839
0.025642
0.024119
0.022920
0.022209
0.022966
0.023359
0.023866
0.024299
0.025254
0.025759
0.025362
0.025154
0.025435
0.025039
0.024757
0.025506
0.025338
0.024965
0.025734
0.025679
0.026152
0.025641
0.024217
0.022211
0.020938
0.020521
0.021165
0.023266
0.026161
0.027864
0.028008
0.026804
0.025247
0.023816
0.023346
0.023160
0.024019
0.024529
0.025209
0.026170
0.025964
0.026528
0.026074
0.025638
0.025242
0.025675
0.025713
0.025563
0.026128
0.025941
0.026696
0.026223
0.025941
0.025232
0.022756
0.021126
0.021646
0.022080
0.024169
0.027085
0.028093
0.027991
0.027504
0.025943
0.024731
0.024034
0.024090
0.024242
0.025224
0.026150
0.026152
0.026664
0.026511
0.026074
0.026336
0.025940
0.025902
0.026184
0.026260
0.026829
0.026641
0.026450
0.026924
0.025252
0.023461
0.022065
0.021621
0.022058
0.024130
0.027085
0.029043
0.027976
0.027489
0.026171
0.024486
0.024032
0.024070
0.024937
0.024979
0.026133
0.026381
0.026893
0.026495
0.026775
0.026320
0.025942
0.026374
0.026412
0.026244
0.026814
0.026641
0.027154
0.027154
0.026871
0.025685
0.023198
0.021802
0.022082
0.022742
0.024618
0.027789
0.028784
0.028685
0.027244
0.025926
0.024713
0.024709
0.024539
0.024694
0.025679
0.026117
0.026854
0.027368
0.026970
0.026760
0.026795
0.026397
0.026359
0.027117
0.026473
0.026569
0.027346
0.027140
0.027385
0.027346
0.025671
0.023423
0.022487
0.021598
0.022499
0.024374
0.027300
0.029262
0.029162
0.027707
0.026155
0.024941
0.024467
0.024279
0.024922
0.025435
0.026330
0.027299
0.026861
0.027429
0.026974
0.026519
0.026135
0.026572
0.026366
0.027163
0.027027
0.026840
0.027355
0.027123
0.026761
0.025803
0.023388
0.021982
0.022267
0.022702
0.024809
0.027758
0.028755
0.028655
0.028167
0.026844
0.025151
0.024676
0.024733
0.024644
0.025646
0.026805
0.027054
0.027325
0.026939
0.026729
0.026995
0.026597
0.026327
0.027010
0.026597
0.027182
0.027240
0.027034
0.027513
0.027240
0.025803
0.023530
0.022358
0.022402
0.022460
0.025282
0.027499
0.029161
0.029308
0.027847
0.026277
0.025300
0.024349
0.024880
0.025281
0.026286
0.026483
0.027211
0.027250
0.027341
0.027130
0.026674
0.027010
0.026727
0.026520
0.027321
0.026938
0.027720
0.027513
0.027278
0.027720
0.026036
0.024016
0.022831
0.022174
0.022840
0.024725
0.027915
0.029641
0.028827
0.028092
0.026766
0.025313
0.024591
0.024649
0.025526
0.025810
0.026727
0.026732
0.027260
0.027107
0.027374
0.026919
0.026531
0.027216
0.027010
0.026608
0.027427
0.027240
0.027523
0.027453
0.027169
0.026218
0.023462
0.022131
0.022418
0.022854
0.025213
0.028159
0.028926
0.029073
0.027613
0.026043
0.024758
0.024281
0.024571
0.024973
0.025979
0.026176
0.026906
0.026709
0.027280
0.026579
0.027092
0.026703
0.026420
0.026214
0.026780
0.026876
0.027169
0.026972
0.026972
0.027414
0.025729
0.023704
0.022514
0.021859
0.022525
0.024416
0.027367
0.029342
0.029006
0.027788
0.026214
0.025236
0.024281
0.024094
0.025216
0.025256
0.026421
0.027151
0.027189
0.026555
0.026824
0.026612
0.026458
0.026664
0.026458
0.026535
0.026876
0.026689
0.027453
0.027151
0.025218
0.023404
0.022062
0.022329
0.022296
0.024873
0.027367
0.028859
0.029006
0.027543
0.026214
0.024758
0.024056
0.024814
0.024739
0.025666
0.026109
0.026841
0.026643
0.026970
0.026758
0.026301
0.026411
0.026353
0.026147
0.026714
0.026565
0.027105
0.027144
0.026662
0.025943
0.023162
0.021738
0.022010
0.022448
0.024559
0.027547
0.028553
0.028700
0.027234
0.025667
0.024443
0.024462
0.024500
0.024423
0.025422
0.025864
0.026841
0.027125
0.026725
0.026513
0.026791
0.026166
0.026109
0.026874
0.026224
0.026320
0.027105
0.026906
0.027144
0.027105
0.025661
0.023143
0.022195
0.021294
0.022206
0.024344
0.027057
0.029035
0.029183
0.027479
0.025903
0.024922
0.024200
0.023778
0.024903
0.025422
0.026346
0.026841
0.026880
0.027453
0.026758
0.026301
0.026147
0.026591
0.026147
0.026951
0.027047
0.026623
0.027144
0.027144
0.026850
0.025650
0.023130
0.021709
0.021997
0.022670
0.024566
0.027773
0.028779
0.028688
0.027952
0.026618
0.025392
0.024431
0.024489
0.024648
0.025892
0.026580
0.026831
0.027352
0.027197
0.026502
0.026773
0.026618
0.026098
0.026863
0.026637
0.027464
0.027037
0.026831
0.027560
0.027282
0.025589
0.023544
0.022112
0.022405
0.022366
0.025290
0.027471
0.029216
0.029119
0.027650
0.026315
0.025331
0.024367
0.024907
0.025311
0.026076
0.026276
0.027256
0.027295
0.027385
0.026927
0.026715
0.027044
0.026766
0.026560
0.027122
0.026979
0.027522
0.027315
0.027076
0.026355
0.023319
0.022131
0.022162
0.022844
0.025209
0.027717
0.028972
0.029119
0.027651
0.025832
0.024848
0.024868
0.024425
0.024829
0.026076
0.025793
0.026772
0.027540
0.027140
0.026443
0.026960
0.026824
0.026282
0.026805
0.026882
0.026495
0.027282
0.027076
0.027560
0.027282
0.025589
0.023542
0.022353
0.021449
0.022365
0.024503
0.027234
0.029218
0.029366
0.027896
0.026076
0.025092
0.024367
0.023944
0.025073
0.025594
0.026038
0.027017
0.027056
0.027385
0.026688
0.026476
0.026076
0.026282
0.026268
0.026831
0.026927
0.026500
0.027270
0.027024
0.026500
0.025779
0.023003
0.022291
0.021863
0.022303
0.024446
0.027427
0.028439
0.028586
0.027846
0.026267
0.025036
0.024310
0.024368
0.024290
0.025294
0.026468
0.026236
0.027004
0.026604
0.026391
0.026423
0.026023
0.025984
0.026513
0.026101
0.026927
0.026986
0.026539
0.027024
0.026986
0.026462
0.025496
0.022984
0.021328
0.021863
0.022322
0.024446
0.027447
0.028458
0.028340
0.027827
0.026507
0.024773
0.024310
0.024368
0.024046
0.025294
0.026488
0.026720
0.026759
0.026604
0.026391
0.026663
0.026023
0.025984
0.026753
0.026101
0.026197
0.026986
0.026539
0.027024
0.026986
0.025484
0.022999
0.022050
0.021863
0.022061
0.024690
0.026937
0.028921
0.029068
0.027356
0.025774
0.024789
0.024063
0.024315
0.024721
0.025729
0.025933
0.026672
0.026711
0.027042
0.026587
0.026128
0.026704
0.026421
0.025973
0.026782
0.026634
0.026451
0.026976
0.026731
0.027425
0.025484
0.023673
0.022235
0.021804
0.022245
0.024393
0.027374
0.029366
0.028539
0.027799
0.026213
0.025225
0.024257
0.024072
0.025206
0.025488
0.026419
0.026427
0.027197
0.026800
0.027073
0.026615
0.026460
0.026911
0.026460
0.026537
0.027124
0.026937
0.026731
0.027463
0.025768
0.023450
0.022254
0.021804
0.022484
0.024374
0.027374
0.029366
0.029027
0.027799
0.026213
0.024981
0.024276
0.024072
0.025206
0.025484
0.026419
0.027158
0.026952
0.027529
0.027073
0.026370
0.026234
0.026666
0.026460
0.027024
0.027121
0.026937
0.027218
0.027218
0.025522
0.023448
0.022010
0.022284
0.022002
0.025102
0.027861
0.028879
0.029027
0.027555
0.025969
0.024740
0.024032
0.024799
0.024721
0.025832
0.026034
0.026533
0.026572
0.026906
0.026691
0.025988
0.026587
0.026282
0.026078
0.026645
0.026496
0.027048
0.027087
0.026594
0.025627
0.023055
0.021604
0.021884
0.022322
0.024467
0.027482
0.028500
0.028407
0.027176
0.025584
0.024347
0.024373
0.024166
0.024328
0.025344
0.025792
0.026533
0.027062
0.026663
0.026202
0.026477
0.026098
0.025794
0.026568
0.026156
0.025968
0.026763
0.026556
0.027048
0.026763
0.025302
0.022991
0.021783
0.021107
0.021791
0.023712
0.026709
0.028711
0.028860
0.027138
0.025544
0.024552
0.023577
0.023390
0.024532
0.025057
0.025505
0.026495
0.026534
0.027114
0.026163
0.025949
0.025793
0.025754
0.025793
0.026607
0.026461
0.026027
0.026802
0.026802
0.026763
0.025302
0.023480
0.021783
0.021593
0.021791
0.024199
0.027202
0.027974
0.028123
0.027628
0.026280
0.024552
0.024066
0.024124
0.023798
0.025057
0.026241
0.026248
0.026534
0.026378
0.026163
0.026195
0.025793
0.025754
0.026283
0.025871
0.026705
0.026763
0.026312
0.026802
0.025341
0.023256
0.021803
0.021350
0.021791
0.024179
0.026955
0.028711
0.028123
0.027628
0.025790
0.024552
0.024085
0.023636
0.024532
0.025057
0.025995
0.026005
0.026534
0.026378
0.026653
0.026195
0.025812
0.026244
0.026283
0.026117
0.026705
0.026517
0.027049
0.026802
0.026517
0.025793
0.022993
0.021540
0.021839
0.022522
0.024444
0.027445
0.028711
0.028613
0.027137
0.026526
0.024306
0.024555
0.024370
0.024532
0.025547
0.025751
0.026741
0.027270
0.026868
0.026409
0.026685
0.026283
0.026244
0.026529
0.026607
0.026458
0.027010
0.026802
0.027293
0.027254
0.025302
0.023480
0.021783
0.021593
0.022033
0.024199
0.027198
0.028955
0.028860
0.027628
0.026034
0.024795
0.024066
0.024124
0.024775
0.025301
0.026241
0.026739
0.026778
0.027358
0.026900
0.026161
0.026005
0.026458
0.026251
0.026820
0.026673
0.026485
0.027016
0.026771
0.027470
0.025759
0.023444
0.022232
0.021554
0.022485
0.024410
0.027415
0.028436
0.028585
0.027844
0.026248
0.025007
0.024276
0.024089
0.024252
0.025514
0.026456
0.026463
0.026993
0.026592
0.026377
0.026407
0.026006
0.025967
0.026497
0.026329
0.026919
0.026732
0.026524
0.027017
0.026978
0.026006
0.022954
0.021745
0.021798
0.021753
0.024410
0.027662
0.028681
0.028831
0.027107
0.025758
0.024517
0.023541
0.024334
0.024498
0.025514
0.025719
0.026463
0.026502
0.026592
0.026131
0.025916
0.026497
0.025967
0.025760
0.026575
0.026182
0.026732
0.026771
0.026526
0.026732
0.026693
0.025230
0.022691
0.021745
0.021554
0.021772
0.024655
0.026697
0.028701
0.028831
0.026840
0.025512
0.024498
0.023787
0.024089
0.024498
0.025760
0.025492
0.026463
0.026502
0.026839
0.026131
0.025916
0.026497
0.025721
0.025760
0.026575
0.026182
0.026732
0.026771
