1.161539
1.050681
0.822100
0.591749
0.415734
0.312125
0.269824
0.260936
0.386525
0.385024
0.382768
0.380432
0.377899
0.375426
0.372717
0.370075
0.367250
0.364437
0.361540
0.358278
0.355396
0.351544
0.348233
0.345149
0.341131
0.337805
0.334066
0.330347
0.326476
0.322746
0.319274
0.315312
0.311615
0.307921
0.304114
0.300423
0.296736
0.293153
0.289268
0.285591
0.282022
0.278144
0.274453
0.270813
0.267124
0.263356
0.260051
0.256178
0.252524
0.248824
0.245316
0.241663
0.237788
0.234612
0.230991
0.227339
0.223833
0.220748
0.217097
0.214061
0.210660
0.207403
0.204206
0.200949
0.197771
0.194370
0.191114
0.188299
0.185044
0.182106
0.179101
0.175952
0.173034
0.169886
0.167128
0.164202
0.161516
0.158591
0.155783
0.152750
0.150217
0.147641
0.144754
0.142282
0.139503
0.137289
0.134962
0.132282
0.129955
0.127888
0.125530
0.123205
0.120993
0.118813
0.116806
0.114450
0.112383
0.110264
0.108445
0.106437
0.104432
0.102501
0.100859
0.099212
0.097094
0.095482
0.093509
0.091862
0.090356
0.088948
0.087055
0.085331
0.084285
0.082675
0.080917
0.079511
0.078211
0.076709
0.075304
0.074004
0.072538
0.071347
0.070191
0.068787
0.067954
0.066552
0.064978
0.064036
0.062949
0.062041
0.060640
0.059842
0.058587
0.057502
0.056246
0.055653
0.054646
0.053494
0.052514
0.051717
0.050712
0.049765
0.048761
0.048135
0.047339
0.046434
0.045842
0.044840
0.044249
0.043209
0.042276
0.041685
0.040892
0.040098
0.039650
0.039001
0.038411
0.037618
0.036798
0.036208
0.035762
0.034878
0.034289
0.033701
0.033498
0.032719
0.032132
0.031654
0.031025
0.030438
0.029994
0.029408
0.028881
0.028439
0.028056
0.027623
0.027002
0.026386
0.026184
0.025601
0.025432
0.024850
0.024411
0.024067
0.023584
0.023241
0.022804
0.022663
0.022226
0.021499
0.021499
0.020892
0.020691
0.020551
0.020044
0.019903
0.019331
0.019132
0.018761
0.018562
0.018333
0.017869
0.017869
0.017445
0.017305
0.016882
0.016882
0.016545
0.016292
0.016096
0.015735
0.015735
0.015539
0.015183
0.014987
0.014987
0.014440
0.014440
0.014440
0.014246
0.013898
0.013898
0.013705
0.013498
0.013364
0.013170
0.013170
0.012969
0.012644
0.012644
0.012644
0.012259
0.012259
0.012101
0.011911
0.011722
0.011722
0.011722
0.011404
0.011404
0.011223
0.011223
0.011039
0.010910
0.010910
0.010739
0.010556
0.010556
0.010556
0.010556
0.010091
0.010091
0.010091
0.010091
0.010091
0.009916
0.009916
0.009792
0.009792
0.009792
0.009792
0.009620
0.009620
0.009620
0.009620
0.009503
0.009503
0.009334
0.009334
0.009334
0.009334
0.009334
0.009334
0.009334
0.009334
0.009334
0.009334
0.009334
0.009334
0.009334
0.009334
0.009334
0.009334
0.009334
0.009334
0.009334
0.009334
0.009334
0.009334
0.009334
0.009334
0.009334
0.009334
0.009334
0.009334
0.009334
0.009334
0.009334
0.009334
0.009334
0.009334
0.009334
0.009334
0.009334
0.009334
0.009334
0.009334
0.009334
0.009334
0.009334
0.009334
0.009334
0.009334
0.009165
0.009165
0.009165
0.009165
0.009165
0.009165
0.009165
0.009165
0.009165
0.009165
0.009165
0.009165
0.009165
0.009165
0.009165
0.009165
0.009165
0.009165
0.009165
0.009165
0.009165
0.009165
0.009165
0.009165
0.009165
0.009165
0.009165
0.009165
0.009165
0.009165
0.009165
0.009165
0.009165
0.009165
0.009165
0.009165
0.009165
0.009165
0.009165
0.009165
0.009165
0.009165
0.009165
0.009165
0.009165
0.009165
0.009165
0.009165
0.009165
0.009165
0.009165
0.009165
0.009165
0.009165
0.009165
0.009165
0.009165
0.009165
0.009165
0.009165
0.009165
0.009165
0.009165
0.009165
0.009165
0.009165
0.009165
0.009165
0.009165
0.009165
0.009165
0.009165
0.009165
0.009165
0.009165
0.009165
0.009165
0.009165
0.009165
0.009165
0.009165
0.009165
0.009165
0.009165
0.009165
0.009165
0.009165
0.009165
0.009165
0.009165
0.009165
0.009165
0.009165
0.009165
0.009165
0.009165
0.009165
0.009165
0.009165
0.009165
0.009165
0.009165
0.009165
0.009165
0.009165
0.009165
0.009165
0.009165
0.009165
0.009165
0.009077
0.009077
0.009077
0.009077
0.009077
0.009077
0.009077
0.009077
0.009077
0.009077
0.009077
0.009077
0.009077
0.009077
0.009077
0.009077
0.009077
0.009077
0.009077
0.009077
0.009077
0.009077
0.009077
0.009077
0.009077
0.009077
0.009077
0.009077
0.009077
0.009077
0.009077
0.009077
0.009410
0.010213
0.010225
0.010307
0.009759
0.009754
0.009869
0.009977
0.010543
0.010791
0.011177
0.011652
0.012280
0.012580
0.013072
0.013464
0.013769
0.013948
0.014385
0.014472
0.014907
0.014958
0.014690
0.014666
0.015059
0.015724
0.015533
0.015142
0.014943
0.014767
0.014199
0.014537
0.014560
0.014275
0.014565
0.014257
0.014286
0.013888
0.013689
0.013601
0.013155
0.013311
0.013138
0.013141
0.013188
0.013217
0.013030
0.013249
0.013226
0.012522
0.011450
0.010895
0.011099
0.011475
0.012838
0.014913
0.015943
0.016148
0.015164
0.013919
0.013533
0.013252
0.013778
0.014078
0.015131
0.015620
0.016299
0.016332
0.016918
0.016737
0.017433
0.017426
0.017398
0.017235
0.017808
0.017891
0.018665
0.018834
0.018640
0.019223
0.017735
0.016249
0.015197
0.014919
0.015102
0.017065
0.019933
0.021694
0.021939
0.020694
0.019523
0.018474
0.018190
0.018064
0.019140
0.019493
0.020489
0.021137
0.021295
0.021160
0.021600
0.021008
0.020816
0.021399
0.021432
0.021499
0.022209
0.021824
0.022294
0.022294
0.021031
0.019310
0.018146
0.018564
0.018560
0.020866
0.022894
0.024650
0.024774
0.023466
0.022045
0.021184
0.020784
0.021437
0.021554
0.022250
0.022643
0.023509
0.023543
0.023813
0.023416
0.023225
0.023750
0.023494
0.023290
0.023802
0.023890
0.023942
0.024391
0.023977
0.023319
0.021077
0.019654
0.020095
0.020699
0.022342
0.025240
0.026384
0.026513
0.024939
0.023726
0.022840
0.022227
0.022661
0.022823
0.023939
0.024343
0.024991
0.025813
0.025250
0.025056
0.025391
0.025268
0.025010
0.025471
0.025301
0.025057
0.025771
0.025594
0.026017
0.024482
0.022845
0.021709
0.021350
0.021958
0.023619
0.026538
0.027687
0.027602
0.026900
0.025465
0.024571
0.023914
0.023742
0.023905
0.025026
0.025849
0.026080
0.026356
0.026214
0.026019
0.026246
0.025700
0.025647
0.026103
0.026175
0.026383
0.026436
0.026231
0.026688
0.026436
0.025104
0.023032
0.021987
0.022541
0.022287
0.025047
0.027523
0.028678
0.028810
0.027463
0.026125
0.024781
0.024213
0.024710
0.024840
0.025789
0.026199
0.027101
0.026679
0.027206
0.026796
0.026599
0.026668
0.026420
0.026456
0.027198
0.026829
0.027342
0.027378
0.027378
0.027324
0.025981
0.024331
0.022826
0.022665
0.022849
0.025254
0.028090
0.029143
0.028596
0.028130
0.026886
0.025733
0.024869
0.024921
0.025715
0.026197
0.026850
0.027083
0.027552
0.027407
0.027451
0.027011
0.026867
0.027292
0.026867
0.026939
0.027704
0.027544
0.027795
0.027795
0.027544
0.026408
0.024091
0.023032
0.022866
0.023501
0.025239
0.028235
0.029195
0.029088
0.027713
0.026463
0.025305
0.025318
0.025155
0.025529
0.026446
0.026647
0.027340
0.027815
0.027669
0.027253
0.027512
0.027124
0.026873
0.027589
0.027197
0.027287
0.027808
0.027732
0.027952
0.026369
0.024670
0.023462
0.023076
0.023464
0.025437
0.027992
0.029173
0.029309
0.028620
0.027119
0.025977
0.025546
0.025372
0.025505
0.026446
0.027542
0.027319
0.028038
0.027669
0.027469
0.027492
0.027364
0.027088
0.027346
0.027307
0.027861
0.027915
0.027489
0.028176
0.026585
0.024428
0.023335
0.022835
0.023676
0.025437
0.028215
0.030088
0.029534
0.028839
0.027119
0.026197
0.025765
0.025222
0.026062
0.026551
0.027654
0.027425
0.027928
0.027782
0.028025
0.027599
0.027252
0.027883
0.027453
0.027307
0.028084
0.027896
0.028305
0.028084
0.026710
0.024532
0.023548
0.022909
0.023676
0.025649
0.028215
0.029984
0.030122
0.028957
0.027224
0.026080
0.025647
0.025441
0.026278
0.026551
0.027654
0.028337
0.028149
0.028470
0.028025
0.027823
0.028158
0.027790
0.027583
0.028121
0.027992
0.028047
0.028533
0.028305
0.028739
0.027117
0.025191
0.024088
0.023459
0.024213
0.026202
0.028793
0.029898
0.030036
0.029319
0.027817
0.026663
0.025965
0.026020
0.026178
0.027138
0.028007
0.028246
0.028526
0.028379
0.028625
0.028201
0.027827
0.027547
0.028274
0.028127
0.028684
0.028496
0.028312
0.028776
0.028637
0.027481
0.024978
0.023638
0.023918
0.024326
0.026569
0.029173
0.030127
0.030266
0.029096
0.027604
0.026204
0.025750
0.026272
0.026186
0.027364
0.027568
0.028254
0.028290
0.028386
0.028184
0.027738
0.028054
0.027798
0.027484
0.028251
0.027893
0.028399
0.028436
0.028207
0.027054
0.024647
0.023535
0.023566
0.024207
0.025980
0.029057
0.030258
0.029698
0.028527
0.027945
0.026787
0.025880
0.025917
0.026083
0.027021
0.027908
0.027927
0.028415
0.028267
0.027834
0.028002
0.027401
0.026892
0.026947
0.026333
0.025985
0.026291
0.025889
0.025790
0.025330
0.023354
0.021118
0.019976
0.019238
0.020051
0.022083
0.024279
0.026202
0.026328
0.024567
0.023059
0.021795
0.020682
0.020624
0.021117
0.021003
0.021461
0.022103
0.022125
0.022039
0.021942
0.021755
0.022198
0.022041
0.022489
0.022996
0.022888
0.023374
0.024234
0.024334
0.025064
0.025574
0.025582
0.024721
0.024517
0.024582
0.024971
0.026504
0.027632
0.028304
0.028183
0.028025
0.027644
0.027746
0.028106
0.028358
0.029321
0.030060
0.030246
0.030832
0.031036
0.031484
0.031125
0.031441
0.031788
0.031978
0.032407
0.033116
0.033572
0.033547
0.034033
0.034247
0.034693
0.034155
0.033980
0.033756
0.033920
0.034117
0.034457
0.035573
0.035940
0.035512
0.035666
0.035408
0.034926
0.034980
0.035335
0.035583
0.035992
0.036622
0.037266
0.037643
0.037562
0.037825
0.038345
0.038155
0.038606
0.039221
0.039491
0.040099
0.040599
0.040957
0.041440
0.041254
0.040525
0.039720
0.039576
0.039663
0.040443
0.042161
0.043438
0.043559
0.043588
0.043615
0.043164
0.043340
0.043704
0.044161
0.044515
0.045095
0.045357
0.045334
0.045259
0.045460
0.045019
0.044491
0.044776
0.044454
0.044089
0.043843
0.043703
0.043844
0.043180
0.042552
0.041898
0.041393
0.041484
0.041966
0.043065
0.044767
0.045951
0.045853
0.045509
0.045308
0.044856
0.044645
0.044847
0.045315
0.045423
0.046072
0.046648
0.046609
0.046602
0.046707
0.046597
0.046356
0.046312
0.046481
0.046731
0.046716
0.046928
0.047209
0.047349
0.047066
0.045929
0.045140
0.045112
0.045523
0.046153
0.047597
0.047995
0.048129
0.047178
0.046627
0.045805
0.045418
0.045267
0.045322
0.045440
0.045284
0.045066
0.044630
0.044334
0.043325
0.042884
0.042847
0.041676
0.041363
0.041146
0.040622
0.040467
0.039931
0.039361
0.038425
0.037017
0.035964
0.035894
0.036024
0.036717
0.037937
0.037685
0.036984
0.036228
0.035249
0.033686
0.033203
0.032757
0.032267
0.032390
0.032799
0.032703
0.032178
0.031783
0.031427
0.031000
0.030617
0.030111
0.030303
0.029566
0.029383
0.029594
0.028841
0.029025
0.027945
0.026774
0.026019
0.025591
0.025874
0.027194
0.028226
0.029265
0.028393
0.027580
0.026004
0.025152
0.024631
0.023941
0.024386
0.024472
0.024495
0.024419
0.024679
0.024338
0.023958
0.023815
0.023489
0.023461
0.023244
0.023064
0.023397
0.022959
0.022758
0.023315
0.022828
0.022038
0.020299
0.019436
0.019790
0.020417
0.021889
0.024271
0.024931
0.024383
0.023147
0.021827
0.020340
0.019755
0.020218
0.020333
0.020862
0.021115
0.021987
0.021665
0.021937
0.021633
0.022101
0.021476
0.021349
0.021386
0.021901
0.021750
0.022366
0.022403
0.021922
0.022579
0.021173
0.019264
0.017916
0.017765
0.018148
0.020411
0.023015
0.024935
0.025296
0.024092
0.022079
0.021120
0.020599
0.020421
0.021271
0.021781
0.022923
0.023642
0.023477
0.023324
0.023586
0.023377
0.022981
0.023652
0.023453
0.023286
0.024093
0.024150
0.024665
0.024421
0.022989
0.020967
0.019574
0.020080
0.019809
0.022837
0.024837
0.026545
0.026686
0.025473
0.023958
0.022745
0.022290
0.022801
0.022957
0.024183
0.024389
0.025165
0.024959
0.025521
0.025073
0.024863
0.025201
0.024910
0.024711
0.025258
0.025354
0.026183
0.025983
0.025506
0.026183
0.024463
0.022448
0.021290
0.020638
0.021537
0.023653
0.026334
0.028291
0.027713
0.026737
0.025415
0.024443
0.023492
0.023312
0.024424
0.024695
0.025612
0.025626
0.026382
0.025985
0.026253
0.026042
0.025646
0.026090
0.025889
0.025966
0.026537
0.026355
0.026877
0.026633
0.026355
0.027037
0.025121
0.023360
0.022207
0.021554
0.022244
0.024336
0.027056
0.029019
0.028178
0.027667
0.026122
0.024884
0.023955
0.024012
0.024884
0.025400
0.026102
0.026332
0.026847
0.026454
0.026964
0.026272
0.025880
0.026561
0.026600
0.026433
0.026772
0.026830
0.026625
0.027106
0.026785
0.025824
0.023084
0.021911
0.021963
0.022638
0.024757
0.027467
0.028711
0.028856
0.027156
0.025830
0.024618
0.023661
0.024435
0.024599
0.025591
0.025792
0.026762
0.026563
0.026647
0.026436
0.026225
0.026071
0.026033
0.026071
0.026632
0.026244
0.027023
0.026824
0.026340
0.027023
0.025585
0.023563
0.022145
0.021730
0.022161
0.024283
0.026983
0.028949
0.029095
0.027640
0.025830
0.024854
0.024141
0.023719
0.024835
0.025352
0.026035
0.026762
0.026801
0.026647
0.026436
0.026225
0.026071
0.026276
0.026071
0.026148
0.026966
0.026302
0.027062
0.025662
0.023620
0.022202
0.021749
0.022161
0.024242
0.026963
0.028930
0.028351
0.027637
0.026093
0.024854
0.024396
0.023980
0.024835
0.025352
0.026275
0.026284
0.026801
0.026647
0.026679
0.026225
0.026091
0.026755
0.026315
0.026148
0.026966
0.026545
0.027062
0.027062
0.025624
0.023346
0.022164
0.021496
0.022161
0.024261
0.026983
0.028949
0.029052
0.027353
0.026026
0.024805
0.024108
0.023909
0.024786
0.025303
0.025987
0.026960
0.026755
0.027324
0.026633
0.026421
0.026004
0.026431
0.026228
0.026786
0.026882
0.026459
0.027222
0.026979
0.026019
0.023249
0.022062
0.022103
0.022059
0.024649
0.027866
0.028871
0.029017
0.027316
0.025986
0.024764
0.024066
0.024585
0.024988
0.025985
0.025948
0.026922
0.026717
0.027047
0.026594
0.026139
0.026728
0.026431
0.026228
0.026786
0.026643
0.027425
0.026979
0.026979
0.026019
0.023006
0.022062
0.021861
0.022773
0.024889
0.027623
0.028871
0.029017
0.027315
0.026466
0.024764
0.024543
0.024342
0.024745
0.025742
0.025945
0.026678
0.027442
0.026804
0.026592
0.026863
0.026325
0.026026
0.026793
0.026628
0.026480
0.027026
0.026822
0.027306
0.027026
0.026744
0.025778
0.023268
0.021858
0.022149
0.022609
0.024732
0.027725
0.028738
0.028622
0.027378
0.025819
0.024575
0.024594
0.024411
0.024575
0.025578
0.025759
0.026721
0.027248
0.026848
0.026392
0.026666
0.026266
0.025985
0.026754
0.026344
0.026198
0.026986
0.027025
0.027268
0.026986
0.025535
0.023242
0.022050
0.021620
0.022061
0.024448
0.026939
0.028925
0.029073
0.027847
0.025779
0.024793
0.024311
0.023643
0.024774
0.025295
0.026225
0.026721
0.026760
0.027335
0.026634
0.026179
0.026024
0.026470
0.026024
0.026831
0.026897
0.026467
0.026994
0.026994
0.025784
0.023227
0.022031
0.022066
0.022747
0.024635
0.027880
0.028896
0.028798
0.027328
0.025988
0.024759
0.023810
0.024576
0.024740
0.025749
0.025950
0.026932
0.026729
0.026816
0.026603
0.026389
0.026498
0.026195
0.026234
0.026800
0.026409
0.027198
0.027237
0.026750
0.025784
0.023227
0.021792
0.022066
0.022507
0.024635
0.027638
0.028650
0.028798
0.027328
0.026476
0.024517
0.024538
0.024334
0.024498
0.025504
0.025707
0.026690
0.027216
0.026573
0.026360
0.026878
0.026498
0.025953
0.026722
0.026557
0.026411
0.026955
0.026990
0.027236
0.025537
0.023708
0.022271
0.021821
0.022263
0.024390
0.027390
0.028405
0.028552
0.027813
0.026473
0.025000
0.024292
0.024089
0.024981
0.025503
0.026434
0.026444
0.026939
0.026783
0.026813
0.026599
0.026220
0.025917
0.026444
0.026278
0.027107
0.026677
0.026716
0.027205
0.026920
0.027371
0.025672
0.023879
0.022453
0.022026
0.022484
0.024619
0.027381
0.028640
0.028768
0.027764
0.026198
0.025189
0.024238
0.024053
0.024460
0.025713
0.026422
0.026412
0.027182
0.026782
0.026813
0.026599
0.026199
0.025917
0.026444
0.026522
0.027106
0.026677
0.026716
0.027203
0.027164
0.026638
0.025669
0.023147
0.022453
0.022022
0.022484
0.024618
0.027381
0.028640
0.028523
0.028008
0.026442
0.024944
0.024480
0.024295
0.024460
0.025468
0.026665
0.026412
0.026937
0.026782
0.026568
0.026599
0.026199
0.026160
0.026444
0.026277
0.027106
0.026920
0.026471
0.027203
0.025504
0.023430
0.022228
0.021541
0.022221
0.024356
0.027117
0.029109
0.028278
0.027783
0.025953
0.024721
0.024257
0.023809
0.024702
0.025225
0.026402
0.026167
0.026694
0.026538
0.026568
0.026111
0.025975
0.026648
0.026199
0.026033
0.026838
0.026408
0.026935
0.026935
0.025478
0.022917
0.021959
0.021028
0.021951
0.023842
0.026848
0.028818
0.028966
0.027246
0.025659
0.024668
0.023717
0.023512
0.024649
0.025173
0.025864
0.026605
0.026644
0.027222
0.026275
0.026061
0.026658
0.026110
0.025905
0.026716
0.026569
0.026383
0.026911
0.026911
0.025697
0.022888
0.021689
0.021965
0.022407
0.024544
0.027556
0.028572
0.028720
0.027246
0.025659
0.024426
0.023717
0.024242
0.024406
0.025661
0.025864
0.026605
0.026400
0.026733
0.026519
0.026061
0.026414
0.026110
0.026149
0.026472
0.026569
0.027116
0.026911
0.026666
0.025697
0.023132
0.021689
0.021965
0.022407
0.024544
0.027311
0.028572
0.028720
0.027980
0.026391
0.025157
0.024447
0.024242
0.024406
0.025661
0.026352
0.026605
0.027134
0.026978
0.026275
0.026550
0.026414
0.025866
0.026638
0.026472
0.026325
0.026872
0.026666
0.025737
0.023171
0.021728
0.021986
0.022407
0.024526
0.027537
0.028798
0.028457
0.027247
0.025923
0.024426
0.023718
0.024506
0.024649
0.025418
0.025865
0.026605
0.026401
0.026734
0.026520
0.026794
0.026170
0.026111
0.025905
0.026472
0.026325
0.026872
0.026667
0.026667
0.027117
0.025414
0.023355
0.021910
0.021480
0.021921
0.024079
0.027068
0.028818
0.028966
0.027492
0.026148
0.024668
0.023940
0.023999
0.024649
0.025173
0.026109
0.026850
0.026644
0.026245
0.026764
0.026305
0.025905
0.026355
0.026149
0.025983
0.026569
0.026383
0.027155
0.026911
0.026628
0.025657
0.022869
0.021423
0.021963
0.022406
0.024565
0.027313
0.028574
0.028477
0.027981
0.026148
0.024912
0.024426
0.024485
0.024161
0.025417
0.026597
0.026362
0.026889
0.026733
0.026519
0.026305
0.026149
0.026110
0.026394
0.026227
0.026324
0.026872
0.026422
0.027155
0.026872
0.025170
0.023110
0.021910
0.021963
0.021921
0.024565
0.026823
0.028818
0.028966
0.027247
0.025659
0.024668
0.023696
0.024242
0.024649
0.025905
0.025864
0.026605
0.026644
0.026733
0.026275
0.026061
0.026638
0.026110
0.025905
0.026716
0.026568
0.026138
0.026911
0.026893
0.025434
0.022868
0.021664
0.021701
0.022627
0.024282
0.027539
0.028802
0.028459
0.026985
0.025641
0.024649
0.023453
0.024223
0.024630
0.025399
0.025602
0.026588
0.027361
0.026471
0.026257
0.026776
0.026151
0.025848
0.026621
0.026454
0.026307
0.026837
0.026876
0.026386
0.026837
0.025377
0.023317
0.021867
0.021439
0.022122
0.024039
0.027032
0.029030
0.028934
0.027456
0.026111
0.024875
0.024145
0.023960
0.024855
0.025136
0.026072
0.027060
0.026854
0.027188
0.026729
0.026269
0.026114
0.026320
0.026359
0.026191
0.026778
0.026592
0.027366
0.027121
0.026592
0.025867
0.023072
0.021627
0.021923
0.022365
0.024770
0.027522
0.028539
0.028688
0.028192
0.026356
0.025119
0.024634
0.024203
0.024368
0.025625
0.026562
0.026570
0.027099
0.026698
0.026484
0.026759
0.026359
0.026075
0.026603
0.026436
0.026289
0.027082
0.026876
0.027121
0.027082
0.025377
0.023317
0.021867
0.022167
0.022122
0.025014
0.027033
0.028785
0.028934
0.027702
0.025867
0.024630
0.024145
0.024448
0.024611
0.025869
0.026073
0.026570
0.026609
0.027188
0.026729
0.026025
0.026603
0.026319
0.025869
0.026681
0.026534
0.026347
0.026876
0.026876
0.025905
0.022847
0.021643
0.021679
0.022607
0.024507
0.027522
0.028785
0.028689
0.027213
0.025622
0.024387
0.023676
0.024203
0.024367
0.025380
0.025828
0.026570
0.027099
0.026698
0.026484
0.026759
0.026133
0.026074
0.026848
0.026191
0.026289
0.027082
0.026631
0.026386
0.027082
0.025621
0.023070
0.022108
0.021193
0.022120
0.024283
0.027034
0.029032
0.028934
0.027213
0.025867
0.024874
0.023901
0.023715
0.024855
0.025136
0.025828
0.026815
0.026609
0.027188
0.026484
0.026269
0.025869
0.026074
0.026113
0.025947
0.026778
0.026347
0.026876
0.026876
0.026347
0.025377
0.022828
0.021380
0.021679
0.022120
0.024283
0.027522
0.028541
0.028198
0.027702
0.026356
0.024630
0.024145
0.024203
0.024367
0.025136
0.026317
0.026570
0.026609
0.026453
0.026239
0.026759
0.025869
0.025830
0.026603
0.026191
0.026044
0.026837
0.026631
0.026876
0.026837
0.025377
0.023072
0.021867
0.021923
0.021879
0.024770
0.026788
0.028785
0.028934
0.027456
0.025622
0.024630
0.023902
0.024447
0.024611
0.025625
0.025828
0.026570
0.026609
0.026943
0.026484
0.026025
0.026603
0.026320
0.026114
0.026681
0.026534
0.026347
0.026876
0.026876
0.027327
0.027043
0.025338
0.023297
0.022111
0.022167
0.022141
0.024039
0.027296
0.029049
0.029179
0.027437
0.026111
0.024855
0.023902
0.023960
0.024855
0.025869
0.026092
0.027060
0.026854
0.027188
0.026729
0.026514
0.026603
0.026320
0.026359
0.027171
0.026778
0.026592
0.027366
0.026876
0.027327
0.025867
0.023803
0.022355
0.021923
0.022365
0.024526
0.027522
0.028539
0.028678
0.027937
0.026345
0.025108
0.024378
0.024192
0.025089
0.025369
0.026306
0.026560
0.027089
0.026443
0.026963
0.026748
0.026103
0.025819
0.026592
0.026181
0.026768
0.026826
0.026865
0.026865
0.025405
0.023566
0.021873
0.021666
0.021866
0.024252
0.027024
0.028776
0.028924
0.027692
0.025856
0.024619
0.024153
0.023703
0.024600
0.024979
0.026166
0.026667
0.026460
0.026303
0.026334
0.026119
0.025725
0.026405
0.025952
0.026030
0.026620
0.026187
0.026965
0.026718
0.024760
0.022911
0.021699
0.021733
0.021688
0.024332
0.026872
0.028880
0.028783
0.027054
0.025703
0.024460
0.023500
0.024276
0.024686
0.025214
0.025664
0.026656
0.026696
0.026539
0.026324
0.026108
0.026218
0.025913
0.025952
0.026523
0.026128
0.026926
0.026718
0.026472
0.026926
0.026886
0.025174
0.022873
0.021680
0.021733
0.021707
0.024597
0.026892
0.028652
0.028783
0.027035
0.025703
0.024440
0.023726
0.024276
0.024440
0.025706
0.025683
0.026410
0.026449
0.026785
0.026324
0.025862
0.026444
0.026159
0.025706
0.026523
0.026374
0.025940
0.026718
0.026718
0.025744
0.022668
0.021699
0.021489
0.022422
0.024086
0.027363
0.028633
0.028537
0.026807
0.025456
0.024460
0.023255
0.024031
0.024440
0.025214
0.025417
0.026410
0.026449
0.026539
0.026077
0.026601
0.026218
0.025667
0.025706
0.026523
0.026128
0.026679
0.026718
0.026472
0.026926
0.025213
0.023140
0.021926
0.021246
0.021933
0.024106
0.027116
0.028878
0.028783
0.027546
0.025949
0.024706
0.023972
0.023786
0.024686
0.024968
0.025909
0.026902
0.026695
0.026293
0.026570
0.026355
0.025952
0.026405
0.026198
0.026030
0.026620
0.026433
0.027211
0.026965
0.026679
0.025706
0.022894
0.021437
0.021980
0.022178
0.024596
0.027363
0.028633
0.028535
0.028039
0.026195
0.024952
0.024464
0.024277
0.024440
0.025460
0.026402
0.026410
0.026942
0.026539
0.026324
0.026601
0.026198
0.025913
0.026444
0.026523
0.026128
0.026679
0.026718
0.026965
0.026926
0.026640
0.025913
0.022875
0.021680
0.021735
0.022442
0.024351
0.027383
0.028652
0.028783
0.027773
0.026195
0.025178
0.024218
0.024031
0.024440
0.025460
0.026175
0.026410
0.027188
0.026539
0.026077
0.026601
0.026198
0.025667
0.026444
0.026276
0.026128
0.026679
0.026718
0.026965
0.026926
0.025213
0.023138
0.021680
0.021244
0.021932
0.024106
0.026872
0.028880
0.028783
0.027300
0.025703
0.024705
0.023726
0.023539
0.024686
0.025706
0.025664
0.026656
0.026696
0.027031
0.026324
0.026108
0.026691
0.025913
0.025952
0.026769
0.026128
0.026187
0.026965
0.026718
0.026926
0.025459
0.023384
0.021923
0.021489
0.021932
0.024352
0.027118
0.028141
0.028291
0.027546
0.025949
0.024705
0.023972
0.024031
0.024686
0.024968
0.026156
0.026164
0.026696
0.026293
0.026816
0.026108
0.025706
0.025667
0.026198
0.026030
0.026620
0.026679
0.026226
0.026718
0.025252
0.023158
0.021699
0.021244
0.021688
0.024086
0.026625
0.028633
0.028783
0.027546
0.025456
0.024460
0.023992
0.023540
0.024440
0.024968
0.025909
0.026410
0.026449
0.026293
0.026324
0.025862
0.025725
0.026405
0.025952
0.025784
0.026620
0.026187
0.210245
0.209134
0.207157
0.205436
0.204781
0.204628
0.447843
0.447740
0.446756
0.445562
0.443565
0.440704
0.437556
0.434989
0.432264
0.430409
0.428413
0.426645
0.424365
0.422555
0.419990
0.417594
0.414940
0.411714
0.409196
0.406048
0.402836
0.399968
0.396781
0.393335
0.390430
0.386750
0.383623
0.378842
0.374421
0.371160
0.367766
0.364855
0.362560
0.360413
0.357151
0.352724
0.348339
0.343343
0.338570
0.334320
0.330340
0.326806
0.323090
0.319954
0.315957
0.312570
0.308670
0.305131
0.300996
0.297042
0.293853
0.289967
0.286165
0.283147
0.279546
0.275904
0.272831
0.269050
0.265109
0.260712
0.256978
0.254357
0.251480
0.250017
0.247812
0.244704
0.241057
0.236643
0.232015
0.228188
0.224336
0.220945
0.217846
0.215256
0.212036
0.209148
0.205687
0.202490
0.199224
0.195550
0.192565
0.189386
0.186126
0.183463
0.180632
0.177885
0.174777
0.171836
0.168858
0.164899
0.162033
0.159835
0.158249
0.157213
0.156010
0.153496
0.150535
0.147650
0.144469
0.141033
0.138397
0.136264
0.133886
0.132459
0.130814
0.128837
0.127139
0.125269
0.122869
0.121044
0.119092
0.117155
0.115634
0.113807
0.111967
0.110772
0.109063
0.107450
0.105777
0.103624
0.101642
0.099704
0.098537
0.097435
0.097507
0.097101
0.096317
0.094930
0.092828
0.090760
0.088942
0.087343
0.086106
0.085164
0.084439
0.083277
0.082551
0.080974
0.080130
0.078697
0.077275
0.076388
0.075293
0.073997
0.073448
0.072264
0.071347
0.070254
0.069240
0.068399
0.067015
0.065528
0.064474
0.064782
0.064879
0.065285
0.065309
0.065311
0.063870
0.062623
0.060931
0.059359
0.058565
0.057560
0.057058
0.055776
0.055550
0.054589
0.053990
0.053241
0.052410
0.051459
0.050569
0.049941
0.048946
0.048473
0.047737
0.047342
0.046516
0.046105
0.045346
0.044685
0.043829
0.043521
0.043431
0.043220
0.043663
0.043844
0.043969
0.043300
0.042300
0.041423
0.040629
0.039923
0.039489
0.039021
0.039102
0.038855
0.038508
0.038294
0.037898
0.037699
0.037195
0.036780
0.036542
0.036210
0.035795
0.035798
0.035709
0.035272
0.035034
0.034557
0.034011
0.033197
0.032568
0.032496
0.032524
0.033178
0.033887
0.034509
0.034201
0.034054
0.033449
0.033071
0.032512
0.032754
0.032405
0.032670
0.032686
0.032964
0.032763
0.032491
0.032646
0.032360
0.032241
0.032210
0.032220
0.032239
0.032245
0.031824
0.032173
0.032173
0.032165
0.031784
0.030910
0.030908
0.030614
0.030575
0.031010
0.031898
0.032260
0.032094
0.031760
0.031412
0.031303
0.030968
0.030788
0.030973
0.031079
0.031506
0.031350
0.031352
0.031320
0.031047
0.030983
0.031056
0.030716
0.030716
0.030746
0.030459
0.030583
0.030605
0.030593
0.030159
0.029705
0.029196
0.028654
0.028795
0.028479
0.029206
0.029683
0.030507
0.030579
0.030023
0.029382
0.029163
0.029060
0.028867
0.029397
0.029430
0.029566
0.029834
0.029637
0.029590
0.029745
0.029478
0.029654
0.029431
0.029469
0.029688
0.029510
0.029524
0.029762
0.029533
0.029753
0.029207
0.028947
0.028302
0.028479
0.028469
0.028864
0.029758
0.030328
0.030184
0.029878
0.029612
0.029452
0.029377
0.029203
0.029448
0.029231
0.029505
0.029602
0.029796
0.029805
0.029715
0.029714
0.029490
0.029725
0.029490
0.029506
0.029753
0.029765
0.029826
0.029773
0.029577
0.029528
0.028895
0.028592
0.028488
0.028464
0.028901
0.029529
0.030015
0.030117
0.029440
0.029266
0.029357
0.028920
0.029297
0.029157
0.029141
0.029051
0.029393
0.029235
0.029128
0.029176
0.029144
0.028697
0.028936
0.028744
0.028896
0.028769
0.028764
0.028769
0.028390
0.028764
0.028445
0.027992
0.027573
0.027676
0.027403
0.027593
0.027730
0.028371
0.028255
0.028148
0.027883
0.027817
0.027728
0.027745
0.027737
0.027756
0.027535
0.027644
0.027787
0.027544
0.027517
0.027505
0.027436
0.027496
0.027422
0.027364
0.027182
0.027120
0.027419
0.027121
0.026926
0.026525
0.026363
0.026330
0.026265
0.026076
0.026428
0.026273
0.026477
0.026413
0.026732
0.026647
0.027083
0.026988
0.026760
0.026611
0.026558
0.026288
0.026284
0.026535
0.026602
0.026397
0.026407
0.026660
0.026492
0.026399
0.026453
0.026209
0.026230
0.026318
0.026228
0.026090
0.026406
0.026442
0.026438
0.026621
0.026345
0.025629
0.025701
0.025753
0.025607
0.026210
0.026687
0.026983
0.027299
0.027281
0.027158
0.026822
0.026857
0.026386
0.026537
0.026490
0.026723
0.026734
0.026759
0.026955
0.026707
0.026676
0.026890
0.027061
0.026617
0.026805
0.027054
0.027280
0.027162
0.027462
0.027727
0.027404
0.026758
0.026429
0.026506
0.026923
0.027064
0.027958
0.028293
0.028690
0.028670
0.028518
0.028052
0.028133
0.028046
0.028026
0.028086
0.028152
0.028448
0.028510
0.028749
0.028502
0.028944
0.028666
0.028646
0.029103
0.028869
0.029303
0.029187
0.029745
0.029800
0.029460
0.028844
0.028692
0.028519
0.028474
0.029264
0.029976
0.030561
0.030973
0.030959
0.030805
0.030626
0.030461
0.030131
0.030359
0.030413
0.030664
0.030979
0.030788
0.031048
0.031034
0.031492
0.031212
0.031191
0.031417
0.031177
0.031940
0.032104
0.032442
0.032503
0.032415
0.031304
0.031640
0.031205
0.031409
0.032328
0.033049
0.033652
0.034073
0.033806
0.033902
0.033469
0.033552
0.033212
0.033648
0.033458
0.033781
0.034101
0.033906
0.034171
0.034648
0.034369
0.034338
0.034564
0.034502
0.034747
0.035029
0.035205
0.035548
0.035612
0.035514
0.034404
0.034732
0.034485
0.034688
0.035126
0.036100
0.036703
0.036880
0.036858
0.036957
0.036274
0.036360
0.036263
0.036496
0.036059
0.036628
0.036700
0.036748
0.036775
0.037008
0.036974
0.036945
0.036672
0.037151
0.037151
0.036919
0.037690
0.037352
0.037949
0.038007
0.037880
0.037013
0.036861
0.036666
0.036625
0.037308
0.038035
0.038920
0.038856
0.039082
0.038680
0.038497
0.038306
0.037962
0.038196
0.038010
0.038080
0.038405
0.038461
0.038228
0.038214
0.038433
0.038152
0.038131
0.038112
0.038112
0.038131
0.038650
0.038565
0.038670
0.038470
0.038139
0.037265
0.037120
0.036930
0.037132
0.037563
0.038047
0.038652
0.038827
0.038813
0.038665
0.038470
0.037814
0.037724
0.037406
0.037465
0.037789
0.037614
0.037916
0.037935
0.037670
0.037642
0.037365
0.037338
0.037573
0.037079
0.037092
0.037861
0.037766
0.037866
0.037668
0.037344
0.036467
0.036580
0.035894
0.036095
0.036776
0.037257
0.038107
0.038282
0.037767
0.037868
0.037673
0.037271
0.036929
0.036915
0.036723
0.037047
0.037124
0.037199
0.036971
0.037204
0.036926
0.036895
0.036874
0.036856
0.037102
0.037130
0.037049
0.037396
0.037451
0.037112
0.036011
0.036106
0.035919
0.035834
0.036759
0.037234
0.037839
0.038006
0.037740
0.037598
0.037407
0.037248
0.037154
0.036647
0.036949
0.037272
0.036854
0.036902
0.037417
0.037153
0.037128
0.037341
0.037070
0.037059
0.037059
0.037070
0.037835
0.037248
0.037585
0.037895
0.037557
0.036940
0.036557
0.036368
0.036571
0.037004
0.037974
0.038327
0.038753
0.038700
0.038301
0.038361
0.037706
0.037613
0.037846
0.037407
0.037978
0.038054
0.038109
0.038123
0.038109
0.038329
0.038047
0.038026
0.037762
0.038256
0.038026
0.038543
0.038697
0.038796
0.038845
0.038266
0.037648
0.037755
0.037323
0.037526
0.037955
0.038678
0.039284
0.039458
0.039437
0.039296
0.038856
0.038692
0.038602
0.038341
0.038397
0.038967
0.038549
0.038852
0.038866
0.038601
0.038824
0.038789
0.038518
0.038751
0.038257
0.038765
0.039245
0.038878
0.039215
0.039018
0.038940
0.038074
0.038192
0.037508
0.037959
0.038638
0.039115
0.039716
0.039890
0.039869
0.039723
0.039285
0.039374
0.038789
0.039024
0.039076
0.038907
0.039231
0.039036
0.039545
0.039286
0.039256
0.039222
0.039449
0.038940
0.039187
0.039199
0.039473
0.039372
0.039708
0.039522
0.039682
0.038577
0.038441
0.038007
0.038707
0.038642
0.039612
0.039964
0.040389
0.040368
0.039971
0.039784
0.039130
0.039536
0.039308
0.039363
0.039192
0.039514
0.039569
0.039088
0.039323
0.039541
0.039258
0.038992
0.039226
0.039223
0.039237
0.039259
0.039408
0.039501
0.039552
0.038974
0.038115
0.038231
0.037761
0.037965
0.038642
0.039365
0.039720
0.039893
0.039658
0.039761
0.039324
0.039166
0.038582
0.038814
0.038620
0.038699
0.038771
0.038826
0.038595
0.039076
0.038799
0.038764
0.038249
0.038730
0.038730
0.038249
0.038978
0.038629
0.038971
0.039027
0.038695
0.037833
0.037697
0.037264
0.037466
0.038145
0.038589
0.039189
0.039609
0.039343
0.038947
0.039256
0.038848
0.038264
0.038497
0.038552
0.038380
0.038703
0.038758
0.039018
0.038758
0.038754
0.038717
0.038451
0.038436
0.038683
0.038954
0.039105
0.039440
0.039008
0.039172
0.037826
0.038185
0.037752
0.038202
0.038385
0.039353
0.039951
0.040121
0.040103
0.039958
0.039277
0.039119
0.039275
0.039262
0.039069
0.039392
0.039467
0.039268
0.039536
0.039770
0.039493
0.039431
0.039658
0.039395
0.039397
0.039408
0.039926
0.039822
0.039913
0.040217
0.039639
0.039028
0.038897
0.038463
0.038915
0.039344
0.039819
0.040397
0.040570
0.040801
0.040403
0.040217
0.039808
0.039721
0.039704
0.039759
0.039587
0.039663
0.040214
0.039978
0.039718
0.039939
0.039902
0.039884
0.039870
0.039620
0.040130
0.040152
0.040300
0.040636
0.040197
0.040110
0.039254
0.039121
0.038936
0.039387
0.039571
0.040542
0.041142
0.041319
0.041046
0.041149
0.040466
0.040308
0.040216
0.040450
0.040009
0.040333
0.040406
0.040710
0.040478
0.040464
0.040435
0.040402
0.040131
0.040366
0.040366
0.040131
0.040897
0.040546
0.040638
0.040943
0.040612
0.039752
0.039868
0.039185
0.039389
0.040067
0.040789
0.041143
0.041538
0.041517
0.040876
0.040690
0.040529
0.040191
0.040179
0.040234
0.040338
0.040661
0.040470
0.040482
0.040716
0.040442
0.040159
0.040386
0.040372
0.040125
0.040386
0.040651
0.040766
0.040856
0.040908
0.040330
0.039723
0.039347
0.039162
0.039614
0.039794
0.040515
0.040866
0.041535
0.041514
0.041123
0.040687
0.040527
0.040440
0.040177
0.040479
0.040555
0.040383
0.040685
0.040699
0.040438
0.040658
0.040623
0.040353
0.040589
0.040340
0.040855
0.040758
0.041093
0.040912
0.040825
0.039730
0.039843
0.039409
0.039861
0.040042
0.041011
0.041362
0.041778
0.041764
0.041368
0.041184
0.041025
0.040935
0.040673
0.040728
0.040802
0.041126
0.041176
0.041194
0.041181
0.040907
0.041119
0.041098
0.040588
0.041084
0.041098
0.040862
0.041380
0.041267
0.041350
0.041656
0.041070
0.040468
0.040554
0.039872
0.040332
0.040767
0.041482
0.042091
0.042257
0.042236
0.041843
0.041657
0.041241
0.041160
0.041145
0.041200
0.041025
0.041334
0.041389
0.041401
0.041141
0.041113
0.041077
0.041305
0.041045
0.040794
0.041057
0.041325
0.041223
0.041559
0.041368
0.041034
0.039930
0.040296
0.039862
0.039818
0.040497
0.041220
0.041820
0.041748
0.041724
0.041579
0.041144
0.041011
0.040671
0.040907
0.040465
0.040541
0.040864
0.040671
0.040685
0.040671
0.040395
0.040609
0.040339
0.040325
0.040079
0.040091
0.040856
0.040257
0.040592
0.040897
0.040318
0.039461
0.039331
0.038898
0.039100
0.039779
0.040253
0.040853
0.041026
0.041007
0.040611
0.040674
0.040266
0.039680
0.039666
0.040217
0.039797
0.039872
0.040175
0.040188
0.039928
0.039900
0.039847
0.039827
0.039564
0.039564
0.040328
0.039982
0.040316
0.039883
0.040049
0.038951
0.039066
0.038634
0.038837
0.039267
0.039987
0.040587
0.041000
0.040489
0.040593
0.040158
0.040001
0.039680
0.039915
0.039753
0.039828
0.040151
0.039951
0.040218
0.040206
0.039930
0.040143
0.040124
0.039830
0.040077
0.040592
0.040247
0.040565
0.040379
0.040295
0.039447
0.039313
0.039130
0.039582
0.040011
0.040732
0.041331
0.041745
0.041235
0.041337
0.040902
0.040993
0.040407
0.040641
0.040696
0.040771
0.040598
0.040894
0.041162
0.040902
0.040874
0.041087
0.040817
0.041053
0.041053
0.040817
0.041582
0.041227
0.041561
0.041620
0.041535
0.040682
0.040554
0.040370
0.040325
0.041002
0.041722
0.042321
0.042495
0.042474
0.042079
0.042142
0.041736
0.041397
0.041631
0.041439
0.041514
0.041837
0.041645
0.041657
0.041892
0.041839
0.041308
0.041535
0.041521
0.041274
0.041535
0.041802
0.041700
0.042283
0.041843
0.041509
0.040406
0.040775
0.040342
0.040794
0.040726
0.041696
0.042047
0.042470
0.042449
0.042304
0.041621
0.041213
0.041372
0.041357
0.041165
0.041240
0.041563
0.041371
0.041385
0.041369
0.041343
0.041309
0.041038
0.041274
0.041025
0.041541
0.041193
0.041531
0.041763
0.041187
0.040347
0.040222
0.039790
0.040241
0.040665
0.041134
0.041730
0.042143
0.041882
0.041488
0.041553
0.041396
0.041059
0.040796
0.041100
0.040925
0.041000
0.041297
0.041068
0.041055
0.041276
0.040993
0.040725
0.040959
0.040959
0.040725
0.041483
0.041372
0.041459
0.041266
0.040939
0.040341
0.040222
0.039791
0.039993
0.040667
0.041383
0.041981
0.042152
0.041881
0.041490
0.041305
0.041397
0.041059
0.040548
0.040851
0.041174
0.040752
0.041055
0.041068
0.041054
0.040779
0.040993
0.040723
0.040711
0.040959
0.040723
0.041234
0.040874
0.041456
0.041268
0.040938
0.040093
0.039972
0.039790
0.039743
0.040417
0.040885
0.041730
0.041653
0.041881
0.041488
0.041304
0.040650
0.040809
0.040796
0.040601
0.040676
0.040999
0.041302
0.040818
0.040805
0.041275
0.040992
0.040723
0.040709
0.040709
0.040723
0.041233
0.041122
0.041209
0.041514
0.040937
0.040091
0.040220
0.040038
0.039990
0.040416
0.041132
0.041480
0.041900
0.041879
0.041736
0.041054
0.040897
0.041057
0.040564
0.040618
0.040942
0.041016
0.040822
0.041084
0.040821
0.041043
0.040761
0.040740
0.040726
0.040478
0.040740
0.041250
0.040889
0.040955
0.041259
0.040934
0.039837
0.039719
0.039536
0.039489
0.040412
0.041129
0.041477
0.041896
0.041626
0.041256
0.040822
0.040666
0.040578
0.040564
0.040369
0.040693
0.040520
0.040573
0.040835
0.040822
0.040298
0.040761
0.040723
0.040460
0.040461
0.040225
0.041233
0.040624
0.040957
0.041017
0.040688
0.039842
0.039972
0.039292
0.039992
0.040168
0.040885
0.041481
0.041651
0.041632
0.041488
0.041304
0.040898
0.040562
0.040548
0.040850
0.040428
0.040751
0.040806
0.040570
0.040806
0.040779
0.040247
0.040724
0.040711
0.040451
0.040465
0.040974
0.040862
0.040947
0.041004
0.040428
0.039832
0.039465
0.039284
0.039485
0.040407
0.040875
0.041471
0.041641
0.041372
0.041229
0.041044
0.040640
0.040303
0.040289
0.040343
0.040418
0.040243
0.040795
0.040560
0.040547
0.040519
0.040486
0.040216
0.040203
0.040203
0.040216
0.040727
0.040613
0.040698
0.041005
0.040677
0.039832
0.039465
0.039283
0.039236
0.040158
0.040626
0.041222
0.041640
0.041372
0.041228
0.041045
0.040639
0.040302
0.040288
0.040840
0.040417
0.040740
0.041044
0.040560
0.040794
0.041016
0.040982
0.040713
0.040450
0.040948
0.040713
0.040974
0.041359
0.041445
0.041252
0.040925
0.040329
0.040210
0.039780
0.040230
0.040655
0.041371
0.041718
0.042117
0.042097
0.041705
0.041520
0.041114
0.041027
0.040763
0.041067
0.041141
0.041216
0.041271
0.041284
0.041022
0.041243
0.041209
0.041189
0.040927
0.040926
0.041686
0.041083
0.041416
0.041234
0.041402
0.040563
0.040189
0.040006
0.040208
0.040633
0.041102
0.041698
0.042111
0.041849
0.041705
0.041521
0.041115
0.040778
0.040764
0.041067
0.040644
0.040719
0.040766
0.041035
0.040773
0.040768
0.040485
0.040465
0.040700
0.040451
0.040961
0.040359
0.040940
0.041006
0.040677
0.039839
0.039465
0.039283
0.039236
0.040158
0.040377
0.041222
0.041385
0.041124
0.040731
0.040547
0.039893
0.040053
0.040040
0.039845
0.039671
0.040243
0.040291
0.040062
0.039801
0.039773
0.039988
0.039719
0.039456
0.039705
0.039967
0.039484
0.039994
0.039874
0.039952
0.040259
0.039675
0.038837
0.038960
0.038282
0.038490
0.039170
0.039879
0.040234
0.040646
0.040625
0.040232
0.039801
0.039638
0.039555
0.039294
0.039348
0.039671
0.039745
0.039552
0.039316
0.039800
0.039773
0.039241
0.039469
0.039456
0.039207
0.039966
0.039860
0.039945
0.039759
0.039929
0.038843
0.038967
0.038536
0.038738
0.039163
0.040127
0.040723
0.040887
0.040624
0.040481
0.039800
0.040141
0.039804
0.039790
0.039844
0.039919
0.039994
0.040041
0.040062
0.040296
0.039772
0.039987
0.039966
0.039704
0.039953
0.039966
0.040476
0.040363
0.040695
0.040506
0.040426
0.039582
0.039464
0.039259
0.039212
0.039886
0.040852
0.040951
0.041619
0.041599
0.041454
0.041022
0.040865
0.040777
0.040514
0.040818
0.040892
0.041215
0.041022
0.041034
0.041270
0.040994
0.040960
0.041188
0.040677
0.040926
0.041188
0.040704
0.041464
0.041344
0.041423
0.041481
0.041146
0.040307
0.040430
0.039750
0.040208
0.040639
0.041598
0.041704
0.042117
0.042345
0.041704
0.041520
0.041107
0.040777
0.040763
0.041066
0.040892
0.040718
0.041021
0.041034
0.040773
0.040994
0.040711
0.040690
0.040677
0.040677
0.040690
0.040703
0.040592
0.041422
0.040983
0.040653
0.039560
0.039689
0.039507
0.039212
0.040135
0.040852
0.041448
0.041371
0.041349
0.041206
0.040524
0.040368
0.040030
0.040514
0.040071
0.040145
0.040469
0.040275
0.040288
0.040275
0.040247
0.039964
0.039695
0.039930
0.039930
0.040192
0.040087
0.040173
0.040485
0.039908
0.039068
0.039191
0.038760
0.038962
0.039388
0.040104
0.040453
0.040865
0.040852
0.040478
0.040045
0.039639
0.040048
0.039537
0.039591
0.039915
0.039989
0.039789
0.040058
0.039795
0.039768
0.039983
0.039713
0.039700
0.039700
0.039713
0.040224
0.040112
0.040445
0.040005
0.040175
0.039080
0.039211
0.038780
0.038982
0.039656
0.040372
0.040719
0.041387
0.040869
0.040726
0.040293
0.040385
0.040048
0.040035
0.040089
0.040412
0.040239
0.040293
0.040555
0.040293
0.040265
0.040480
0.040443
0.040180
0.040678
0.040571
0.040657
0.040977
0.040656
0.039824
0.039698
0.039267
0.039219
0.040136
0.041095
0.041201
0.041613
0.041593
0.041207
0.041023
0.040866
0.040528
0.040266
0.040320
0.040644
0.040967
0.040766
0.040537
0.041021
0.040745
0.040463
0.040691
0.040428
0.040677
0.040938
0.040833
0.041167
0.040981
0.040905
0.040064
0.039939
0.039489
0.039691
0.040366
0.041332
0.041432
0.116734
0.112536
0.108927
0.105255
0.362143
0.321530
0.317791
0.313463
0.309929
0.306403
0.301561
0.297879
0.294100
0.289493
0.285610
0.281368
0.277296
0.273507
0.269319
0.266987
0.265026
0.262512
0.259417
0.254950
0.248763
0.241987
0.236458
0.233500
0.230394
0.228135
0.225338
0.221992
0.218341
0.213671
0.209566
0.205039
0.201251
0.196835
0.193453
0.189583
0.186258
0.182831
0.179277
0.175701
0.172826
0.168399
0.165543
0.161923
0.158821
0.156061
0.153973
0.153529
0.152192
0.148909
0.145719
0.140776
0.134992
0.131427
0.129006
0.127419
0.126420
0.125095
0.122718
0.120353
0.117934
0.114613
0.112106
0.108791
0.106298
0.104145
0.102538
0.100239
0.098824
0.097028
0.094233
0.092393
0.090728
0.088405
0.086549
0.084329
0.082549
0.082465
0.083014
0.082509
0.081486
0.079482
0.075380
0.071125
0.067865
0.065934
0.066046
0.066394
0.066042
0.065545
0.064158
0.061740
0.059950
0.057738
0.056016
0.054648
0.053090
0.052218
0.051453
0.050811
0.049091
0.048018
0.046671
0.045294
0.044507
0.042895
0.042165
0.042129
0.043658
0.044090
0.042834
0.041427
0.038353
0.034606
0.032644
0.031878
0.032340
0.032915
0.033284
0.033253
0.031693
0.030513
0.028787
0.027807
0.026299
0.025777
0.024415
0.024137
0.024051
0.022912
0.022483
0.021724
0.020323
0.019987
0.018975
0.018456
0.017860
0.016941
0.016738
0.017634
0.019137
0.019829
0.019059
0.018628
0.015404
0.012131
0.010509
0.010397
0.010953
0.011868
0.012476
0.012614
0.011625
0.011256
0.009651
0.009176
0.007902
0.007811
0.006896
0.007052
0.007125
0.006433
0.006462
0.006433
0.005766
0.005296
0.004803
0.004682
0.004682
0.004152
0.004798
0.006187
0.007032
0.007446
0.006648
0.004854
0.003738
0.004247
0.003977
0.003897
0.003640
0.003674
0.003821
0.003649
0.003505
0.003618
0.003913
0.004331
0.004766
0.004193
0.004549
0.004815
0.004626
0.005109
0.005139
0.005200
0.006486
0.006422
0.007041
0.007079
0.007047
0.006678
0.005088
0.004473
0.004692
0.005237
0.006637
0.009263
0.010418
0.010602
0.009485
0.008333
0.007556
0.006964
0.007483
0.007779
0.008766
0.008907
0.009745
0.010270
0.010128
0.009935
0.010399
0.010257
0.010061
0.010747
0.010819
0.010908
0.011639
0.010997
0.011675
0.010330
0.008771
0.008067
0.007465
0.008089
0.009858
0.012788
0.013994
0.013923
0.013201
0.011687
0.010781
0.010240
0.010273
0.010619
0.011732
0.012580
0.012626
0.013104
0.012956
0.012753
0.013045
0.012918
0.012616
0.013094
0.012972
0.013756
0.013812
0.013602
0.012945
0.010274
0.009554
0.009652
0.010074
0.012088
0.014702
0.015921
0.016066
0.014644
0.013870
0.012923
0.012248
0.012301
0.012242
0.013394
0.014512
0.014508
0.015040
0.014890
0.014437
0.014935
0.014350
0.014294
0.014785
0.014653
0.014498
0.015258
0.015296
0.015543
0.013898
0.012208
0.011047
0.010650
0.011391
0.013092
0.015923
0.017153
0.017299
0.016593
0.014797
0.013852
0.013414
0.013273
0.014081
0.014331
0.015255
0.015498
0.015997
0.015598
0.015886
0.015679
0.015547
0.014995
0.015528
0.015603
0.016409
0.015970
0.015791
0.016504
0.015090
0.012864
0.011876
0.011218
0.011885
0.014010
0.016637
0.018371
0.018519
0.017310
0.015751
0.014347
0.013909
0.013945
0.014329
0.014827
0.015961
0.016922
0.016712
0.016093
0.016599
0.016390
0.015795
0.016200
0.016238
0.016066
0.016657
0.016466
0.017222
0.016974
0.015338
0.013360
0.012250
0.012322
0.012502
0.014201
0.017133
0.019097
0.018998
0.017784
0.015999
0.015042
0.014349
0.014633
0.015023
0.015990
0.016209
0.017171
0.016960
0.017280
0.016847
0.016638
0.016973
0.016448
0.016486
0.017031
0.016878
0.016714
0.017470
0.017222
0.017432
0.016007
0.014267
0.012728
0.012569
0.012750
0.014962
0.017853
0.019345
0.018767
0.018281
0.016743
0.015290
0.014826
0.014689
0.015271
0.015776
0.016923
0.016951
0.017457
0.017056
0.017343
0.017134
0.016486
0.017165
0.016983
0.016810
0.017374
0.017210
0.017248
0.017470
0.017210
0.016504
0.013590
0.012603
0.012817
0.012997
0.015209
0.018101
0.018867
0.019015
0.017807
0.016247
0.014843
0.014386
0.014881
0.015072
0.016024
0.016457
0.017170
0.016989
0.017553
0.017095
0.016328
0.016894
0.016608
0.016646
0.017219
0.017315
0.017849
0.017659
0.017659
0.016696
0.014038
0.013189
0.013399
0.014080
0.016074
0.018542
0.019079
0.018981
0.018492
0.016690
0.015721
0.015022
0.014608
0.014750
0.015966
0.016651
0.016651
0.017165
0.016763
0.016080
0.016343
0.015960
0.015657
0.015943
0.015772
0.015621
0.015927
0.015965
0.016194
0.016155
0.014500
0.012520
0.011252
0.011724
0.011667
0.014159
0.016600
0.018820
0.018734
0.017270
0.015948
0.014770
0.014059
0.014813
0.015208
0.016461
0.016650
0.017620
0.017216
0.017085
0.016875
0.016665
0.017005
0.016718
0.016756
0.017309
0.017176
0.016989
0.017749
0.017027
0.017710
0.016035
0.014281
0.012970
0.012323
0.012993
0.014990
0.017893
0.019388
0.018809
0.018073
0.016508
0.014830
0.014363
0.014166
0.014798
0.015306
0.016215
0.016237
0.016744
0.016349
0.016630
0.016420
0.016019
0.016230
0.016268
0.016095
0.016682
0.016739
0.016777
0.017249
0.016982
0.016272
0.014072
0.012565
0.013035
0.013628
0.015704
0.018667
0.019075
0.018973
0.017773
0.016249
0.015307
0.014412
0.014906
0.015288
0.016020
0.016136
0.017088
0.016417
0.016975
0.016529
0.016074
0.016410
0.016135
0.015471
0.016247
0.016104
0.016646
0.016198
0.016198
0.016870
0.014690
0.013008
0.011829
0.011695
0.012339
0.014159
0.016995
0.018717
0.018858
0.017653
0.016135
0.014949
0.014498
0.014379
0.014998
0.014865
0.016212
0.016690
0.016492
0.016342
0.016373
0.016168
0.015872
0.016067
0.016104
0.015946
0.016736
0.016325
0.016829
0.016829
0.014763
0.013137
0.012152
0.012225
0.012167
0.014644
0.016516
0.018435
0.018117
0.016935
0.015434
0.014083
0.013570
0.014241
0.014425
0.015088
0.015502
0.016211
0.016247
0.016541
0.016127
0.015928
0.016009
0.015747
0.015783
0.016290
0.016382
0.016227
0.016702
0.016702
0.017362
0.016858
0.015495
0.013908
0.012862
0.013249
0.013375
0.015024
0.016808
0.018734
0.018378
0.017171
0.015904
0.014705
0.014089
0.014141
0.014705
0.015575
0.016020
0.016466
0.016504
0.017062
0.016628
0.015941
0.016496
0.016235
0.016041
0.016571
0.016666
0.016265
0.016760
0.016760
0.017119
0.015230
0.013527
0.012206
0.011955
0.012461
0.014216
0.017058
0.018291
0.018438
0.017230
0.015922
0.014967
0.013821
0.013875
0.014948
0.014754
0.015884
0.016129
0.016645
0.016265
0.016519
0.016076
0.015925
0.015664
0.016160
0.016000
0.016579
0.016387
0.016425
0.016904
0.016636
0.015680
0.013045
0.012201
0.012277
0.012859
0.014893
0.017534
0.018772
0.018920
0.017712
0.015937
0.014734
0.014273
0.014808
0.014716
0.015925
0.016133
0.016908
0.016945
0.017280
0.016588
0.016381
0.016716
0.016679
0.016232
0.016872
0.016965
0.017479
0.017059
0.017059
0.016113
0.013583
0.012562
0.012664
0.013149
0.015269
0.017902
0.018889
0.019036
0.018326
0.016782
0.015839
0.014978
0.015013
0.015140
0.016111
0.017229
0.017070
0.017590
0.017441
0.017236
0.017266
0.017137
0.017081
0.017118
0.017192
0.017285
0.017824
0.017612
0.018079
0.016576
0.014942
0.013922
0.013742
0.013934
0.015785
0.018547
0.020238
0.019380
0.018900
0.017124
0.015987
0.015334
0.015120
0.015739
0.016224
0.017087
0.016882
0.017615
0.017465
0.017261
0.017057
0.016697
0.016873
0.016910
0.016753
0.017294
0.017226
0.017034
0.017482
0.015800
0.014199
0.013271
0.012915
0.013294
0.015054
0.017788
0.019249
0.019394
0.018207
0.016449
0.015352
0.014947
0.014506
0.015335
0.015804
0.016662
0.017130
0.017167
0.017483
0.016819
0.016618
0.016262
0.016642
0.016473
0.016983
0.016845
0.016691
0.017168
0.017168
0.016691
0.015765
0.013633
0.013093
0.012915
0.013515
0.015050
0.017573
0.018775
0.018918
0.018192
0.016710
0.015581
0.014909
0.014837
0.015170
0.015785
0.016674
0.016909
0.017632
0.017235
0.016835
0.017081
0.016687
0.016461
0.017168
0.017008
0.017332
0.017387
0.017424
0.018121
0.017391
0.016051
0.014316
0.013770
0.014066
0.013802
0.015993
0.017826
0.019484
0.019628
0.018198
0.016749
0.015403
0.015006
0.015533
0.015387
0.016485
0.016714
0.017366
0.017255
0.017793
0.017144
0.016716
0.017245
0.016788
0.016575
0.017318
0.017177
0.017463
0.017500
0.017268
0.016410
0.014173
0.013416
0.013795
0.014051
0.015473
0.018363
0.019316
0.019003
0.017840
0.016607
0.015170
0.015366
0.015397
0.015254
0.016177
0.016572
0.017467
0.017503
0.017359
0.017161
0.017390
0.016841
0.016788
0.017245
0.016894
0.016983
0.017463
0.017413
0.017897
0.017377
0.016035
0.014537
0.013522
0.013584
0.013781
0.015309
0.017826
0.019473
0.019616
0.018225
0.016501
0.015636
0.015176
0.014738
0.015619
0.016069
0.016714
0.017366
0.017402
0.017943
0.017294
0.017096
0.016719
0.017167
0.016954
0.017466
0.017363
0.017168
0.017649
0.017649
0.017181
0.016517
0.014288
0.013656
0.013914
0.014029
0.015624
0.018074
0.019265
0.019157
0.018447
0.017181
0.015652
0.015255
0.015071
0.015306
0.016085
0.016911
0.016958
0.017431
0.017037
0.016839
0.016891
0.016500
0.016478
0.016952
0.016584
0.017348
0.017155
0.016762
0.017440
0.017093
0.015571
0.013977
0.013207
0.013703
0.013344
0.015406
0.017603
0.019377
0.019035
0.017627
0.016367
0.015234
0.014523
0.014971
0.015081
0.016248
0.016462
0.016921
0.016958
0.017292
0.017086
0.016397
0.016953
0.016694
0.016731
0.017277
0.016899
0.017664
0.017701
0.017466
0.017664
0.016262
0.014664
0.013680
0.013608
0.013706
0.015290
0.018088
0.019560
0.018986
0.018268
0.016714
0.015347
0.014921
0.014722
0.015329
0.015809
0.016443
0.016686
0.017207
0.016574
0.017076
0.016646
0.016014
0.016680
0.016485
