0.479817
0.479817
0.479817
0.479817
0.479817
0.479817
0.479817
0.479817
0.479817
0.479817
0.479817
0.479817
0.479817
0.479817
0.479817
0.479817
0.479817
0.479817
0.479817
0.479817
0.479817
0.479817
0.479763
0.478994
0.477431
0.474796
0.471240
0.467144
0.463137
0.459026
0.455366
0.451886
0.448933
0.445562
0.442423
0.438922
0.435373
0.431669
0.428064
0.424277
0.420689
0.417118
0.413737
0.410304
0.406815
0.403383
0.399926
0.396611
0.393275
0.389665
0.386237
0.382795
0.379474
0.376252
0.372815
0.369532
0.366326
0.363058
0.359771
0.356578
0.353302
0.350033
0.346971
0.343725
0.340624
0.337425
0.334345
0.331434
0.328187
0.325123
0.322008
0.318990
0.316037
0.312862
0.309981
0.306999
0.304001
0.301041
0.298087
0.295330
0.292160
0.289454
0.286529
0.283686
0.280985
0.278081
0.275272
0.272392
0.269743
0.267045
0.264103
0.261590
0.258668
0.256016
0.253335
0.250694
0.247986
0.245327
0.242617
0.240149
0.237406
0.234836
0.232331
0.229712
0.227169
0.224655
0.222108
0.219841
0.217281
0.214925
0.212319
0.210140
0.207702
0.205307
0.202862
0.200664
0.198310
0.196057
0.193886
0.191567
0.189268
0.187108
0.184953
0.182705
0.180577
0.178463
0.176313
0.174387
0.172248
0.170240
0.168048
0.166129
0.164137
0.162127
0.160147
0.158329
0.156303
0.154493
0.152657
0.150725
0.148940
0.146967
0.145168
0.143492
0.141701
0.139932
0.138181
0.136277
0.134627
0.132980
0.131263
0.129646
0.127981
0.126468
0.124707
0.123450
0.121689
0.120255
0.118717
0.117081
0.115441
0.114189
0.112686
0.111171
0.109848
0.108209
0.106852
0.105621
0.104001
0.102893
0.101448
0.100231
0.098781
0.097489
0.096225
0.095044
0.093931
0.092509
0.091223
0.090096
0.088923
0.087794
0.086570
0.085421
0.084373
0.083333
0.082274
0.081257
0.079924
0.079100
0.077957
0.077073
0.075867
0.074965
0.073972
0.073072
0.072034
0.071145
0.070146
0.069213
0.068213
0.067570
0.066526
0.065756
0.064769
0.063986
0.063183
0.062366
0.061572
0.060730
0.059938
0.059097
0.058204
0.057543
0.056869
0.056089
0.055444
0.054662
0.053846
0.053102
0.052583
0.051823
0.051133
0.050470
0.049954
0.049324
0.048638
0.047908
0.047303
0.046727
0.046138
0.045534
0.045035
0.044266
0.043877
0.043391
0.042758
0.042164
0.041691
0.041104
0.040581
0.040071
0.039607
0.039052
0.038485
0.038116
0.037786
0.037024
0.036540
0.036193
0.035824
0.035333
0.034770
0.034388
0.033965
0.033566
0.033099
0.032673
0.032422
0.031853
0.031507
0.031067
0.030729
0.030370
0.029937
0.029463
0.029210
0.028830
0.028556
0.028092
0.027689
0.027342
0.027095
0.026690
0.026456
0.026124
0.025685
0.025371
0.025084
0.024759
0.024455
0.024198
0.023870
0.023496
0.023307
0.023008
0.022757
0.022351
0.022141
0.021907
0.021613
0.021301
0.021087
0.020916
0.020586
0.020341
0.020099
0.019950
0.019659
0.019302
0.019145
0.019145
0.018811
0.018479
0.018397
0.018119
0.018034
0.017862
0.017597
0.017462
0.017336
0.017132
0.016959
0.016841
0.016514
0.016410
0.016293
0.016116
0.015925
0.015838
0.015619
0.015531
0.015393
0.015345
0.014960
0.014960
0.014812
0.014711
0.014451
0.014397
0.014254
0.014254
0.013992
0.013912
0.013754
0.013692
0.013568
0.013394
0.013277
0.013174
0.013090
0.012861
0.012861
0.012831
0.012723
0.012553
0.012463
0.012353
0.012321
0.012188
0.012103
0.012009
0.011906
0.011811
0.011764
0.011679
0.011555
0.011555
0.011500
0.011368
0.011320
0.011148
0.011013
0.011013
0.010965
0.010910
0.010910
0.010856
0.010630
0.010550
0.010496
0.010496
0.010441
0.010402
0.010402
0.010175
0.010175
0.010175
0.010175
0.010071
0.010071
0.010024
0.009909
0.009868
0.009813
0.009813
0.009813
0.009813
0.009710
0.009710
0.009710
0.009587
0.009587
0.009531
0.009531
0.009531
0.009483
0.009483
0.009429
0.009429
0.009399
0.009359
0.009359
0.009304
0.009255
0.009255
0.009255
0.009255
0.009255
0.009201
0.009201
0.009171
0.009132
0.009132
0.009083
0.009028
0.009028
0.009028
0.009028
0.009028
0.009028
0.009028
0.008973
0.008973
0.008943
0.008943
0.008943
0.008943
0.008943
0.008943
0.008888
0.008888
0.008888
0.008888
0.008888
0.008888
0.008888
0.008888
0.008888
0.008834
0.008804
0.008804
0.008804
0.008804
0.008834
0.008834
0.008804
0.008804
0.008804
0.008804
0.008804
0.008804
0.008804
0.008804
0.008804
0.008804
0.008804
0.008804
0.008804
0.008804
0.008804
0.008804
0.008804
0.008804
0.008804
0.008804
0.008804
0.008804
0.008804
0.008804
0.008804
0.008804
0.008804
0.008804
0.008804
0.008804
0.008804
0.008804
0.008804
0.008804
0.008804
0.008804
0.008804
0.008804
0.008804
0.008804
0.008804
0.008804
0.008804
0.008804
0.008804
0.008804
0.008804
0.008804
0.008804
0.008804
0.008804
0.008804
0.008804
0.008804
0.008804
0.008804
0.008804
0.008804
0.008804
0.008804
0.008804
0.008804
0.008804
0.008804
0.008804
0.008804
0.008804
0.008804
0.008804
0.008804
0.008804
0.008804
0.008804
0.008804
0.008804
0.008804
0.008804
0.008804
0.008804
0.008804
0.008804
0.008804
0.008804
0.008804
0.008804
0.008804
0.008804
0.008804
0.008804
0.008804
0.008804
0.008804
0.008804
0.008804
0.008804
0.008804
0.008804
0.008804
0.008804
0.008804
0.008804
0.008804
0.008804
0.008804
0.008804
0.008804
0.008804
0.008804
0.008804
0.008804
0.008804
0.008804
0.008804
0.008804
0.008804
0.008804
0.008804
0.008804
0.008804
0.008804
0.008804
0.008804
0.008804
0.008804
0.008804
0.008804
0.008804
0.008804
0.008804
0.008804
0.008804
0.008804
0.008804
0.008804
0.008804
0.008804
0.008804
0.008804
0.008804
0.008804
0.008804
0.008804
0.008804
0.008804
0.008804
0.008804
0.008804
0.008804
0.008804
0.008804
0.008804
0.008804
0.008804
0.008804
0.008804
0.008804
0.008804
0.008804
0.008804
0.008804
0.008804
0.008804
0.008804
0.008804
0.008804
0.008804
0.008804
0.008804
0.008804
0.008804
0.008804
0.008804
0.008804
0.008804
0.008804
0.008804
0.008804
0.008804
0.008804
0.008804
0.008804
0.008804
0.008804
0.008804
0.008804
0.008804
0.008804
0.008804
0.008804
0.008804
0.008804
0.008804
0.008804
0.008804
0.008804
0.008804
0.008804
0.008804
0.008804
0.008804
0.008804
0.008804
0.008804
0.008804
0.008804
0.008804
0.008804
0.008804
0.008804
0.008804
0.008804
0.008804
0.008804
0.008804
0.008804
0.008804
0.008804
0.008804
0.008804
0.008804
0.008804
0.008804
0.008804
0.008804
0.008804
0.008804
0.008804
0.008804
0.008804
0.008804
0.008804
0.008804
0.008804
0.008804
0.008804
0.008804
0.008804
0.008804
0.008804
0.008804
0.008804
0.008804
0.008804
0.008804
0.008804
0.008804
0.008804
0.008804
0.008804
0.008804
0.008804
0.008804
0.008804
0.008804
