0.683205
0.683205
0.683205
0.683205
0.683205
0.683205
0.683205
0.683205
0.683205
0.683168
0.683132
0.683105
0.683000
0.682893
0.682787
0.682600
0.682485
0.682378
0.682311
0.682207
0.682103
0.681956
0.681675
0.681438
0.681149
0.680947
0.680755
0.680645
0.680516
0.680240
0.680006
0.679729
0.679360
0.679020
0.678721
0.678476
0.678251
0.678048
0.677719
0.677528
0.677262
0.676830
0.676496
0.676121
0.675808
0.675561
0.675318
0.675135
0.674776
0.674497
0.673991
0.673564
0.673185
0.672793
0.672595
0.672131
0.671935
0.671374
0.671029
0.670661
0.670029
0.669664
0.669164
0.668913
0.668434
0.668041
0.667567
0.667072
0.666518
0.666115
0.665576
0.665074
0.664632
0.664106
0.663718
0.663150
0.662679
0.662019
0.661292
0.660805
0.660240
0.659736
0.659170
0.658692
0.658127
0.657467
0.656723
0.656087
0.655422
0.654749
0.654108
0.653475
0.652853
0.652126
0.651419
0.650626
0.649829
0.648980
0.648180
0.647450
0.646652
0.645921
0.645130
0.644564
0.643729
0.643062
0.642343
0.641796
0.641124
0.640410
0.639791
0.639052
0.638266
0.637501
0.636713
0.635884
0.635004
0.634465
0.633664
0.632926
0.632086
0.631246
0.630239
0.629308
0.628402
0.627371
0.626407
0.625512
0.624563
0.623504
0.622631
0.621536
0.620427
0.619373
0.618333
0.617121
0.616102
0.614980
0.613964
0.613070
0.611964
0.610948
0.610053
0.608970
0.607990
0.607021
0.606143
0.605075
0.604238
0.603179
0.602305
0.601467
0.600447
0.599623
0.598695
0.597826
0.596981
0.596157
0.595352
0.594448
0.593653
0.592845
0.592072
0.591198
0.590401
0.589606
0.588911
0.587985
0.587246
0.586513
0.585757
0.585047
0.584236
0.583594
0.582868
0.582157
0.581397
0.580728
0.580001
0.579294
0.578639
0.577989
0.577319
0.576647
0.576011
0.575373
0.574674
0.573908
0.573487
0.572796
0.572138
0.571572
0.570940
0.570427
0.569800
0.569200
0.568491
0.568049
0.567424
0.566709
0.566341
0.565774
0.565131
0.564575
0.564016
0.563583
0.563011
0.562466
0.561924
0.561431
0.560936
0.560293
0.559862
0.559380
0.558870
0.558348
0.557889
0.557382
0.556837
0.556469
0.555915
0.555451
0.554987
0.554601
0.554049
0.553600
0.553150
0.552700
0.552265
0.551863
0.551431
0.550877
0.550563
0.550107
0.549686
0.549356
0.548972
0.548487
0.548106
0.547720
0.547339
0.547098
0.546655
0.546324
0.545814
0.545596
0.545298
0.544859
0.544576
0.544209
0.543839
0.543598
0.543161
0.542973
0.542598
0.542328
0.542036
0.541664
0.541354
0.541146
0.540890
0.540605
0.540290
0.540002
0.539755
0.539607
0.539293
0.539067
0.538729
0.538546
0.538369
0.538063
0.537813
0.537582
0.537389
0.537143
0.536949
0.536696
0.536513
0.536348
0.536133
0.535957
0.535740
0.535449
0.535350
0.535207
0.535031
0.534757
0.534618
0.534483
0.534239
0.534181
0.533962
0.533743
0.533596
0.533486
0.533383
0.533141
0.532997
0.532822
0.532724
0.532628
0.532417
0.532335
0.532164
0.532024
0.531963
0.531787
0.531626
0.531555
0.531417
0.531318
0.531229
0.531108
0.530971
0.530839
0.530749
0.530706
0.530595
0.530400
0.530369
0.530270
0.530209
0.530106
0.530004
0.529883
0.529813
0.529719
0.529620
0.529582
0.470564
0.470496
0.470426
0.470353
0.470284
0.470208
0.470104
0.470043
0.469974
0.469882
0.469844
0.469779
0.469742
0.469624
0.469586
0.469525
0.469498
0.469396
0.469358
0.469297
0.469272
0.469211
0.469105
0.469044
0.469031
0.468994
0.468933
0.468906
0.468821
0.468781
0.468758
0.468708
0.468671
0.468622
0.468584
0.468524
0.468501
0.468463
0.468440
0.468379
0.468379
0.468311
0.468252
0.468252
0.468191
0.468191
0.468131
0.468108
0.468070
0.468070
0.468010
0.468010
0.467973
0.467941
0.467892
0.467892
0.467855
0.467832
0.467795
0.467795
0.467795
0.467735
0.467735
0.467698
0.467675
0.467637
0.467637
0.467637
0.467578
0.467578
0.298812
0.298812
0.298812
0.298752
0.298752
0.298736
0.298699
0.298625
0.298545
0.298397
0.298221
0.298047
0.297796
0.297591
0.297383
0.297135
0.296938
0.296699
0.296455
0.296364
0.296304
0.296235
0.296230
0.296184
0.296104
0.295817
0.295557
0.294956
0.294219
0.293487
0.292647
0.291548
0.290359
0.289224
0.287998
0.286769
0.285619
0.284499
0.283358
0.282266
0.281267
0.280033
0.278841
0.277795
0.276648
0.275480
0.274315
0.273203
0.272120
0.271101
0.269999
0.268964
0.267884
0.266766
0.265803
0.264794
0.263796
0.262737
0.261692
0.260806
0.259752
0.258884
0.257883
0.256868
0.255974
0.254966
0.254118
0.253282
0.252197
0.251232
0.250144
0.249050
0.247962
0.246677
0.245456
0.243991
0.242502
0.241009
0.239463
0.237857
0.236422
0.234945
0.233474
0.232031
0.230623
0.229115
0.227643
0.226112
0.224636
0.223143
0.221623
0.220210
0.218726
0.217245
0.215766
0.214300
0.212805
0.211436
0.209905
0.208503
0.207040
0.205611
0.204134
0.202728
0.201247
0.199818
0.198391
0.197001
0.195703
0.194235
0.192829
0.191378
0.190015
0.188619
0.187297
0.185905
0.184473
0.183149
0.181742
0.180156
0.178778
0.177322
0.175948
0.174558
0.173203
0.171854
0.170454
0.169068
0.167727
0.166436
0.165025
0.163677
0.162420
0.160968
0.159670
0.158324
0.157032
0.155686
0.154343
0.153036
0.151718
0.150380
0.149054
0.147718
0.146459
0.145145
0.143788
0.142494
0.141225
0.139981
0.138582
0.137322
0.136012
0.134738
0.133423
0.132156
0.130892
0.129597
0.128283
0.127014
0.125732
0.124443
0.123172
0.121850
0.120609
0.119322
0.118096
0.116863
0.115585
0.114408
0.113159
0.111909
0.110610
0.109397
0.108232
0.107091
0.105844
0.104595
0.103401
0.102233
0.101111
0.099975
0.098846
0.097702
0.096495
0.095449
0.094356
0.093269
0.092228
0.091126
0.090103
0.089002
0.088006
0.086981
0.085956
0.084983
0.084028
0.083059
0.082071
0.081185
0.080249
0.079295
0.078447
0.077537
0.076663
0.075775
0.074865
0.074037
0.073217
0.072352
0.071247
0.070427
0.069529
0.068729
0.067914
0.067126
0.066333
0.065568
0.064799
0.064056
0.063338
0.062571
0.061894
0.061181
0.060470
0.059802
0.059101
0.058465
0.057812
0.057164
0.056532
0.055886
0.055255
0.054658
0.054094
0.053447
0.052914
0.052290
0.051764
0.051166
0.050652
0.050046
0.049483
0.049009
0.048491
0.047962
0.047450
0.046936
0.046418
0.045971
0.045463
0.044988
0.044512
0.044042
0.043552
0.043118
0.042658
0.042255
0.041848
0.041406
0.041082
0.040657
0.040298
0.039882
0.039484
0.039119
0.038764
0.038420
0.038055
0.037662
0.037341
0.036993
0.036629
0.036301
0.035932
0.035555
0.035283
0.034941
0.034630
0.034292
0.033958
0.033709
0.033391
0.033082
0.032801
0.032495
0.032171
0.031876
0.031582
0.031283
0.031035
0.030761
0.030445
0.030134
0.029875
0.029601
0.029340
0.029081
0.028842
0.028577
0.028318
0.028048
0.027623
0.027338
0.027040
0.026738
0.026493
0.026264
0.026029
0.025754
0.025547
0.025369
0.025120
0.024928
0.024705
0.024463
0.024284
0.024087
0.023891
0.023695
0.023502
0.023283
0.023141
0.022946
0.022754
0.022598
0.022389
0.022238
0.022024
0.021936
0.021728
0.021600
0.021383
0.021275
0.021090
0.020986
0.020819
0.020684
0.020520
0.020400
0.020217
0.020116
0.019937
0.019817
0.019663
0.019544
0.019394
0.019245
0.019192
0.019060
0.019029
0.018893
0.018840
0.018689
0.018615
0.018553
0.018447
0.018311
0.018281
0.018112
0.018083
0.017973
0.017854
0.017826
0.017697
0.017588
0.017514
0.017418
0.017290
0.017233
0.017127
0.017057
0.017000
0.016865
0.016799
0.016714
0.016593
0.016527
0.016464
0.016365
0.016298
0.016226
0.016160
0.016085
0.015998
0.015931
0.015870
0.015760
0.015704
0.015619
0.015569
0.015459
0.015384
0.015111
0.014988
0.014880
0.014781
0.014676
0.014591
0.014541
0.014449
0.014377
0.014281
0.014195
0.014173
0.014052
0.014009
0.013953
0.013897
0.013836
0.013769
0.013720
0.013676
0.013574
0.013552
0.013485
0.013441
0.013358
0.013336
0.013279
0.013257
0.013193
0.013111
0.013089
0.013067
0.013023
0.012991
0.012881
0.012839
0.012816
0.012794
0.012772
0.012710
0.012670
0.012593
0.012571
0.012549
0.012508
0.012520
0.012521
0.012556
0.012565
0.012585
0.012566
0.012599
0.012607
0.012607
0.012643
0.012680
0.012662
0.012699
0.012699
0.012667
0.012705
0.012705
0.012705
0.012725
0.012725
0.012725
0.012706
0.012706
0.012745
0.012745
0.012733
0.012714
0.012714
0.012714
0.012714
0.012714
0.012714
0.012714
0.012754
0.012736
0.012736
0.012736
0.012723
0.012723
0.012723
0.012723
0.012723
0.012723
0.012723
0.012723
0.012723
0.012493
0.012457
0.012389
0.012357
0.012327
0.012327
0.012299
0.012274
0.012251
0.012251
0.012232
0.012232
0.012216
0.012216
0.012216
0.012204
0.012204
0.012204
0.012197
0.012197
0.012197
0.012197
0.012197
0.012195
0.012195
0.012195
0.012195
0.012195
0.012195
0.012195
0.012195
0.012195
0.012197
0.012197
0.012197
0.012197
0.012197
0.012197
0.012197
0.012197
0.012197
0.012197
0.012197
0.012197
0.012197
0.012251
0.012274
0.012327
0.012357
0.012389
0.012389
0.012423
0.012457
0.012457
0.012493
0.012530
0.012530
0.012567
0.012567
0.012567
0.012605
0.012605
0.012605
0.012644
0.012644
0.012644
0.012644
0.012644
0.012683
0.012683
0.012683
0.012683
0.012683
0.012683
0.012683
0.012683
0.012683
0.012683
0.012723
0.012723
0.012723
0.012723
0.012723
0.012723
0.012723
0.012723
0.012723
0.012723
0.012723
0.012723
0.012723
0.012493
0.012457
0.012389
0.012357
0.012327
0.012327
0.012299
0.012274
0.012251
0.012251
0.012232
0.012232
0.012216
0.012216
0.012216
0.012204
0.012204
0.012204
0.012197
0.012197
0.012197
0.012197
0.012197
0.012195
0.012195
