0.420238
0.420238
0.420238
0.420238
0.420238
0.420238
0.420238
0.420326
0.419802
0.418619
0.417003
0.415591
0.413694
0.411542
0.408761
0.405541
0.402305
0.398764
0.395454
0.392361
0.388962
0.385989
0.382929
0.379742
0.376498
0.373459
0.370081
0.366772
0.363568
0.360150
0.356851
0.353713
0.350423
0.347482
0.344123
0.340760
0.337775
0.334529
0.331574
0.328230
0.325220
0.321949
0.318973
0.315934
0.312864
0.309891
0.306921
0.303943
0.300981
0.297799
0.295091
0.292181
0.289280
0.286415
0.283612
0.280685
0.277929
0.275086
0.272259
0.269578
0.266893
0.264270
0.261449
0.258642
0.255956
0.253384
0.250897
0.248239
0.245673
0.243157
0.240724
0.238319
0.235721
0.233204
0.230824
0.228314
0.225925
0.223617
0.221195
0.218775
0.216404
0.214405
0.211888
0.209602
0.207572
0.205255
0.202982
0.200669
0.198584
0.196440
0.194201
0.192045
0.189911
0.187702
0.185813
0.183506
0.181558
0.179624
0.177464
0.175474
0.173664
0.171574
0.169452
0.167693
0.165722
0.163774
0.162024
0.160097
0.158409
0.156657
0.154621
0.152798
0.151017
0.149384
0.147515
0.145849
0.144280
0.142279
0.140836
0.139122
0.137651
0.135937
0.134278
0.132488
0.131112
0.129413
0.127841
0.126423
0.124875
0.123358
0.121731
0.120483
0.118871
0.117570
0.115992
0.114513
0.113223
0.111726
0.110377
0.108911
0.107615
0.106097
0.104720
0.103597
0.102134
0.100838
0.099686
0.098192
0.096867
0.095766
0.094398
0.093140
0.091961
0.090736
0.089575
0.088509
0.087169
0.086055
0.085018
0.083837
0.082777
0.081783
0.080621
0.079644
0.078525
0.077631
0.076573
0.075620
0.074560
0.073549
0.072613
0.071779
0.070709
0.069683
0.068764
0.068016
0.067008
0.066274
0.065285
0.064435
0.063648
0.062748
0.062010
0.061120
0.060477
0.059584
0.058803
0.057873
0.057353
0.056510
0.055772
0.054933
0.054405
0.053549
0.053006
0.052053
0.051488
0.050789
0.050159
0.049646
0.048765
0.048287
0.047584
0.046926
0.046365
0.045654
0.045141
0.044620
0.044021
0.043520
0.042674
0.042270
0.041905
0.041104
0.040566
0.040323
0.039621
0.039076
0.038762
0.038271
0.037501
0.037225
0.036551
0.036329
0.035820
0.035361
0.034870
0.034566
0.033815
0.033497
0.033208
0.032635
0.032327
0.031891
0.031630
0.031072
0.030672
0.030412
0.030048
0.029668
0.029232
0.028830
0.028620
0.028316
0.027968
0.027535
0.027145
0.026795
0.026684
0.026179
0.025957
0.025533
0.025227
0.025017
0.024677
0.024312
0.024113
0.023762
0.023651
0.023193
0.022983
0.022783
0.022469
0.022315
0.021806
0.021612
0.021396
0.021096
0.020936
0.020725
0.020401
0.020145
0.019969
0.019718
0.019366
0.019255
0.019144
0.018913
0.018540
0.018292
0.018013
0.017902
0.017798
0.017478
0.017367
0.017207
0.016938
0.016609
0.016493
0.016394
0.016216
0.015947
0.015742
0.015541
0.015350
0.015251
0.015064
0.014959
0.014799
0.014588
0.014588
0.014412
0.014285
0.013969
0.013777
0.013777
0.013616
0.013441
0.013330
0.013330
0.013114
0.013015
0.012904
0.012904
0.012744
0.012744
0.012429
0.012429
0.012318
0.012318
0.012108
0.012072
0.011961
0.011961
0.011805
0.011594
0.011594
0.011478
0.011478
0.011478
0.011367
0.011268
0.011157
0.011157
0.011107
0.010996
0.010996
0.010785
0.010785
0.010785
0.010674
0.010674
0.010674
0.010465
0.010465
0.010465
0.010354
0.010304
0.010304
0.010193
0.010093
0.010093
0.010093
0.009982
0.009982
0.009982
0.009871
0.009772
0.009772
0.009772
0.009661
0.009661
0.009612
0.009501
0.009501
0.009501
0.009501
0.009390
0.009390
0.009390
0.009390
0.009390
0.009279
0.009279
0.009279
0.009279
0.009168
0.009168
0.009168
0.009168
0.009168
0.009057
0.009057
0.009057
0.009057
0.009057
0.008946
0.008946
0.008946
0.008946
0.008946
0.008836
0.008836
0.008836
0.008836
0.008836
0.008836
0.008725
0.008725
0.008725
0.008725
0.008725
0.008725
0.008725
0.008614
0.008614
0.008614
0.008614
0.008614
0.008614
0.008498
0.008498
0.008498
0.008498
0.008498
0.008498
0.008498
0.008498
0.008498
0.008498
0.008498
0.008498
0.008498
0.008498
0.008498
0.008498
0.008498
0.008498
0.008498
0.008498
0.008498
0.008498
0.008498
0.008498
0.008498
0.008498
0.008498
0.008498
0.008498
0.008498
0.008498
0.008498
0.008498
0.008498
0.008498
0.008498
0.008498
0.008498
0.008498
0.008498
0.008498
0.008498
0.008498
0.008498
0.008498
0.008498
0.008498
0.008498
0.008498
0.008498
0.008498
0.008498
0.008498
0.008498
0.008498
0.008498
0.008498
0.008498
0.008498
0.008498
0.008498
0.008498
0.008498
0.008498
0.008498
0.008498
0.008498
0.008498
0.008498
0.008498
0.008498
0.008498
0.008498
0.008498
0.008498
0.008498
0.008498
0.008498
0.008498
0.008498
0.008498
0.008498
0.008498
0.008498
0.008498
0.008498
0.008498
0.008498
0.008498
0.008498
0.008498
0.008498
0.008498
0.008498
0.008498
0.008498
0.008498
0.008498
0.008498
0.008498
0.008498
0.008498
0.008498
0.008498
0.008498
0.008498
0.008498
0.008498
0.008498
0.008498
0.008498
0.008498
0.008498
0.008498
0.008498
0.008498
0.008498
0.008498
0.008498
0.008498
0.008498
0.008498
0.008498
0.008498
0.008498
0.008498
0.008498
0.008498
0.008498
0.008498
0.008498
0.008498
0.008498
0.008498
0.008498
0.008498
0.008498
0.008498
0.008498
0.008498
0.008498
0.008498
0.008498
0.008498
0.008498
0.008498
0.008498
0.008498
0.008498
0.008498
0.008498
0.008498
0.008498
0.008498
0.008498
0.008498
0.008498
0.008498
0.008498
0.008498
0.008498
0.008498
0.008498
0.008498
0.008498
0.008498
0.008498
0.008498
0.008498
0.008498
0.008498
0.008498
0.008498
0.008498
0.008498
0.008498
0.008498
0.008498
0.008498
0.008498
0.008498
0.008498
0.008498
0.008498
0.008498
0.008498
0.008498
0.008498
0.008498
0.008498
0.008498
0.008498
0.008498
0.008498
0.008498
0.008498
0.008498
0.008498
0.008498
0.008498
0.008498
0.008498
0.008498
0.008498
0.008498
0.008498
0.008498
0.008498
0.008498
0.008498
0.008498
0.008498
0.008498
0.008498
0.008498
0.008498
0.008498
0.008498
0.008498
0.008498
0.008498
0.008498
0.008498
0.008498
0.008498
0.008498
0.008498
0.008498
0.008498
0.008498
0.008498
0.008498
0.008498
0.008498
0.008498
0.008498
0.008498
0.008498
0.008498
0.008498
0.008498
0.008498
0.008498
0.008498
0.008498
0.008498
0.008498
0.008498
0.008498
0.008498
0.008498
0.008498
0.008498
0.008498
0.008498
0.008498
0.008498
0.008498
0.008498
0.008498
0.008498
0.008498
0.008498
0.008498
0.008498
0.008498
0.008498
0.008498
0.008498
0.008498
0.008498
0.008498
0.008498
0.008498
0.008498
0.008498
0.008498
0.008498
0.008498
0.008498
0.008498
0.008498
0.008498
0.008498
0.008498
0.008498
0.008498
0.008498
0.008498
0.008498
