0.744864
0.744864
0.744864
0.744864
0.744864
0.744864
0.744864
0.744864
0.744864
0.744864
0.744864
0.744864
0.744864
0.744864
0.744864
0.744864
0.744864
0.744864
0.744864
0.744864
0.744864
0.744864
0.744872
0.744761
0.744596
0.744197
0.743784
0.743042
0.741966
0.740606
0.738936
0.736935
0.734954
0.732824
0.730787
0.728615
0.725943
0.722753
0.719256
0.715308
0.711408
0.707523
0.703573
0.699866
0.696214
0.692501
0.688637
0.684819
0.680845
0.676711
0.672776
0.668780
0.664766
0.660690
0.656776
0.652833
0.648888
0.644907
0.640952
0.637028
0.633012
0.629164
0.624991
0.621188
0.617355
0.613441
0.609450
0.605524
0.601784
0.597808
0.593960
0.590138
0.586179
0.582343
0.578675
0.574775
0.571000
0.567206
0.563367
0.559724
0.555972
0.552189
0.548429
0.544726
0.541022
0.537443
0.533735
0.529990
0.526299
0.522796
0.519126
0.515568
0.512019
0.508378
0.504796
0.501343
0.497727
0.494032
0.490620
0.487181
0.483614
0.480100
0.476666
0.473194
0.469823
0.466313
0.462772
0.459396
0.456133
0.452738
0.449345
0.446032
0.442675
0.439505
0.436102
0.432868
0.429691
0.426334
0.423230
0.419886
0.416687
0.413510
0.410455
0.407206
0.404006
0.400985
0.397762
0.394690
0.391715
0.388498
0.385516
0.382437
0.379412
0.376459
0.373380
0.370358
0.367348
0.364449
0.361441
0.358453
0.355591
0.352636
0.349810
0.346814
0.343981
0.341270
0.338154
0.335420
0.332710
0.329908
0.327101
0.324366
0.321519
0.318796
0.316158
0.313420
0.310746
0.308145
0.305483
0.302935
0.300406
0.297740
0.295216
0.292767
0.290167
0.287692
0.285306
0.282780
0.280347
0.277939
0.275523
0.273142
0.270861
0.268371
0.266166
0.263741
0.261320
0.259236
0.256920
0.254744
0.252481
0.250231
0.248033
0.245799
0.243701
0.241457
0.239310
0.237289
0.235098
0.233023
0.230860
0.228828
0.226930
0.224780
0.222745
0.220653
0.218637
0.216722
0.214669
0.212757
0.210686
0.208867
0.206928
0.204910
0.203103
0.201185
0.199257
0.197525
0.195419
0.193597
0.191722
0.189962
0.188264
0.186361
0.184558
0.182707
0.180937
0.179235
0.177357
0.175853
0.174021
0.172234
0.170565
0.168899
0.167203
0.165562
0.163993
0.162167
0.160510
0.159050
0.157285
0.155847
0.154222
0.152682
0.151089
0.149509
0.147981
0.146542
0.144998
0.143487
0.141882
0.140417
0.138988
0.137467
0.136165
0.134710
0.133091
0.131841
0.130425
0.128941
0.127601
0.126294
0.124801
0.123577
0.122144
0.120830
0.119572
0.118409
0.116981
0.115743
0.114229
0.113219
0.111871
0.110701
0.109343
0.108118
0.106927
0.105778
0.104610
0.103339
0.102125
0.101006
0.099865
0.098744
0.097570
0.096340
0.095230
0.094313
0.093000
0.091914
0.090753
0.089772
0.088665
0.087570
0.086446
0.085480
0.084486
0.083374
0.082238
0.081373
0.080361
0.079353
0.078361
0.077411
0.076290
0.075370
0.074404
0.073484
0.072537
0.071630
0.070751
0.069747
0.068874
0.068017
0.067010
0.066251
0.065394
0.064627
0.063759
0.062870
0.061956
0.061284
0.060418
0.059777
0.058910
0.058246
0.057427
0.056707
0.055989
0.055210
0.054460
0.053798
0.053112
0.052445
0.051759
0.051074
0.050381
0.049801
0.049294
0.048603
0.047912
0.047329
0.046678
0.046120
0.045459
0.044991
0.044401
0.043939
0.043406
0.042719
0.042315
0.041794
0.041258
0.040795
0.040296
0.039750
0.039212
0.038748
0.038317
0.037853
0.037391
0.037015
0.036492
0.036028
0.035627
0.035259
0.034742
0.034360
0.033999
0.033529
0.033164
0.032728
0.032412
0.032035
0.031517
0.031316
0.030882
0.030563
0.030158
0.029770
0.029550
0.029185
0.028819
0.028489
0.028058
0.027804
0.027526
0.027129
0.026849
0.026575
0.026317
0.025970
0.025776
0.025461
0.025205
0.024874
0.024580
0.024335
0.024055
0.023908
0.023540
0.023344
0.023133
0.022815
0.022640
0.022445
0.022155
0.021949
0.021705
0.021518
0.021299
0.021053
0.020778
0.020597
0.020367
0.020228
0.020070
0.019788
0.019596
0.019429
0.019279
0.019059
0.018896
0.018732
0.018555
0.018378
0.018181
0.018091
0.017814
0.017664
0.017527
0.017364
0.017210
0.017120
0.016918
0.016775
0.016726
0.016535
0.016396
0.016318
0.016168
0.016031
0.015942
0.015812
0.015656
0.015578
0.015493
0.015358
0.015202
0.015152
0.015002
0.014894
0.014815
0.014683
0.014529
0.014506
0.014350
0.014275
0.014198
0.014160
0.013986
0.013853
0.013764
0.013725
0.013687
0.013498
0.013446
0.013330
0.013311
0.013195
0.013137
0.013013
0.012924
0.012846
0.012808
0.012696
0.012636
0.012560
0.012497
0.012420
0.012307
0.012269
0.012190
0.012113
0.012106
0.011924
0.011886
0.011847
0.011719
0.011719
0.011641
0.011606
0.011530
0.011478
0.011478
0.011362
0.011304
0.011230
0.011153
0.011134
0.011096
0.011044
0.011006
0.010968
0.010933
0.010893
0.010817
0.010817
0.010778
0.010720
0.010682
0.010619
0.010546
0.010546
0.010507
0.010430
0.010430
0.010430
0.010385
0.010307
0.010273
0.010261
0.010261
0.010145
0.010145
0.010145
0.010107
0.010056
0.010017
0.010017
0.009979
0.009940
0.009940
0.009940
0.009890
0.009851
0.009812
0.009812
0.009812
0.009774
0.009736
0.009696
0.009696
0.009696
0.009651
0.009651
0.009601
0.009562
0.009562
0.009512
0.009512
0.009512
0.009512
0.009434
0.009395
0.009395
0.009395
0.009395
0.009395
0.009356
0.009280
0.009280
0.009280
0.009280
0.009280
0.009280
0.009203
0.009203
0.009191
0.009191
0.009191
0.009191
0.009191
0.009152
0.009113
0.009113
0.009113
0.009113
0.009113
0.009113
0.009113
0.009075
0.009075
0.009075
0.009075
0.009075
0.009075
0.009075
0.009075
0.009075
0.009075
0.009075
0.009075
0.009075
0.009075
0.009075
0.009075
0.009075
0.009075
0.009075
0.009075
0.009075
0.009075
0.009075
0.009075
0.009075
0.009075
0.009075
0.009075
0.009075
0.009075
0.009075
0.009075
0.009075
0.009075
0.009075
0.009075
0.009075
0.009075
0.009075
0.009075
0.009075
0.009075
0.009075
0.009075
0.009075
0.009075
0.009075
0.009075
0.009075
0.009075
0.009075
0.009075
0.009075
0.009075
0.009075
0.009075
0.009075
0.009075
0.009075
0.009075
0.009075
0.009075
0.009075
0.009075
0.009075
0.009075
0.009075
0.009075
0.009075
0.009075
0.009075
0.009075
0.009075
0.009075
0.009075
0.009075
0.009075
0.009075
0.009075
0.009075
0.009075
0.009075
0.009075
0.009075
0.009075
0.009075
0.009075
0.009075
0.009075
0.009075
0.009075
0.009075
0.009075
0.009075
0.009075
0.009075
0.009075
0.009075
0.009075
0.009075
0.009075
0.009075
0.009075
0.009075
0.009075
0.009075
0.009075
0.009075
0.009075
0.009075
0.009075
0.009075
0.009075
0.009075
0.009075
0.009075
0.009075
0.009075
0.009075
0.009075
0.009075
0.009075
0.009075
0.009075
0.009075
0.009075
0.009075
0.009075
0.009075
