0.238761
0.238761
0.238761
0.238761
0.238761
0.238761
0.238761
0.238761
0.238761
0.238716
0.238673
0.238631
0.238503
0.238374
0.238246
0.238096
0.238032
0.237924
0.237887
0.237760
0.237707
0.237544
0.237240
0.237003
0.236764
0.236517
0.236285
0.236153
0.236050
0.235772
0.235566
0.235321
0.234942
0.234474
0.234142
0.233858
0.233666
0.233363
0.233064
0.232811
0.232554
0.232083
0.231662
0.231243
0.230862
0.230481
0.230132
0.229986
0.229534
0.229141
0.228577
0.228134
0.227710
0.227293
0.227001
0.226468
0.226266
0.225768
0.225470
0.225261
0.224766
0.224593
0.224252
0.224151
0.223808
0.223509
0.223152
0.222861
0.222446
0.222293
0.221947
0.221603
0.221346
0.221006
0.220780
0.220429
0.220047
0.219572
0.219060
0.218715
0.218327
0.217968
0.217571
0.217235
0.216859
0.216344
0.215797
0.215306
0.214784
0.214298
0.213819
0.213332
0.212856
0.212316
0.211775
0.211125
0.210521
0.209911
0.209345
0.208875
0.208274
0.207656
0.206970
0.206465
0.205615
0.204904
0.204150
0.203510
0.202798
0.202087
0.201490
0.200666
0.199846
0.199045
0.198166
0.197250
0.196349
0.195727
0.194885
0.194057
0.193168
0.192258
0.191221
0.190198
0.189260
0.188144
0.187132
0.186158
0.185160
0.184081
0.183126
0.181988
0.180830
0.179697
0.178608
0.177359
0.176316
0.175110
0.174054
0.173073
0.171972
0.170911
0.169936
0.168808
0.167788
0.166792
0.165835
0.164718
0.163882
0.162776
0.161868
0.160980
0.159927
0.159053
0.158111
0.157193
0.156264
0.155390
0.154551
0.153598
0.152768
0.151961
0.151139
0.150231
0.149385
0.148614
0.147835
0.146865
0.146135
0.145344
0.144554
0.143804
0.142940
0.142308
0.141546
0.140781
0.139987
0.139323
0.138564
0.137816
0.137162
0.136469
0.135758
0.135043
0.134408
0.133723
0.133033
0.132224
0.131759
0.131073
0.130318
0.129762
0.129125
0.128598
0.127962
0.127322
0.126570
0.126093
0.125463
0.124752
0.124341
0.123783
0.123086
0.122527
0.121932
0.121500
0.120884
0.120335
0.119758
0.119266
0.118717
0.118079
0.117625
0.117111
0.116602
0.116022
0.115616
0.115066
0.114530
0.114119
0.113507
0.113052
0.112589
0.112203
0.111616
0.111109
0.110661
0.110219
0.109785
0.109340
0.108873
0.108348
0.107994
0.107503
0.107126
0.106754
0.106322
0.105879
0.105476
0.105047
0.104718
0.104435
0.103949
0.103613
0.103102
0.102884
0.102544
0.102106
0.101831
0.101421
0.101091
0.100797
0.100367
0.100137
0.099806
0.099493
0.099201
0.098789
0.098526
0.098276
0.098020
0.097700
0.097429
0.097099
0.096852
0.096662
0.096350
0.096126
0.095788
0.095564
0.095386
0.095130
0.094839
0.094607
0.094374
0.094123
0.093993
0.093704
0.093522
0.093315
0.093100
0.092925
0.092710
0.092425
0.092326
0.092142
0.091961
0.091730
0.091551
0.091415
0.091176
0.091079
0.090859
0.090683
0.090496
0.090386
0.090286
0.090008
0.089865
0.089685
0.089590
0.089494
0.089283
0.089201
0.088990
0.088851
0.088790
0.088657
0.088456
0.088385
0.088247
0.088148
0.088021
0.087899
0.087758
0.087626
0.087498
0.087455
0.087344
0.087149
0.087080
0.086980
0.086919
0.086817
0.086715
0.086556
0.086486
0.086392
0.086293
0.086255
0.140389
0.140322
0.140234
0.140157
0.140088
0.139998
0.139894
0.139833
0.139764
0.139672
0.139634
0.139556
0.139518
0.139400
0.139362
0.139301
0.139275
0.139159
0.139121
0.139060
0.139035
0.138974
0.138868
0.138807
0.138782
0.138745
0.138684
0.138657
0.138572
0.138529
0.138506
0.138445
0.138407
0.138359
0.138321
0.138261
0.138237
0.138200
0.138177
0.138115
0.138115
0.138047
0.137988
0.137988
0.137928
0.137928
0.137868
0.137844
0.137807
0.137807
0.137747
0.137747
0.137710
0.137677
0.137628
0.137628
0.137591
0.137568
0.137531
0.137531
0.137531
0.137471
0.137471
0.137434
0.137411
0.137374
0.137374
0.137374
0.137314
0.137314
0.078822
0.078822
0.078822
0.078762
0.078762
0.078762
0.078695
0.078634
0.078533
0.078366
0.078186
0.077987
0.077729
0.077546
0.077349
0.077101
0.076894
0.076666
0.076500
0.076399
0.076300
0.076165
0.076046
0.075952
0.075848
0.075638
0.075533
0.075319
0.075031
0.074791
0.074583
0.074370
0.074209
0.073979
0.073806
0.073616
0.073378
0.073180
0.072937
0.072702
0.072499
0.072291
0.072040
0.071869
0.071616
0.071392
0.071220
0.071009
0.070778
0.070551
0.070361
0.070147
0.069948
0.069695
0.069469
0.069266
0.069076
0.068847
0.068655
0.068401
0.068217
0.067997
0.067788
0.067626
0.067418
0.067245
0.067147
0.067039
0.066965
0.066869
0.066714
0.066577
0.066371
0.066084
0.065773
0.065362
0.064955
0.064536
0.064152
0.063789
0.063454
0.063099
0.062750
0.062392
0.061989
0.061643
0.061269
0.060854
0.060490
0.060117
0.059748
0.059433
0.059049
0.058674
0.058300
0.057940
0.057564
0.057222
0.056840
0.056475
0.056162
0.055748
0.055424
0.055086
0.054710
0.054357
0.053990
0.053642
0.053319
0.052948
0.052591
0.052271
0.051902
0.051547
0.051222
0.050871
0.050545
0.050204
0.049831
0.049522
0.049155
0.048832
0.048525
0.048192
0.047856
0.047536
0.047233
0.046918
0.046565
0.046238
0.045916
0.045646
0.045300
0.044997
0.044666
0.044377
0.044093
0.043780
0.043471
0.043198
0.042878
0.042559
0.042291
0.041989
0.041721
0.041417
0.041089
0.040791
0.040520
0.040239
0.039943
0.039668
0.039342
0.039102
0.038820
0.038533
0.038289
0.037986
0.037704
0.037443
0.037142
0.036883
0.036612
0.036316
0.036053
0.035806
0.035534
0.035258
0.034972
0.034702
0.034467
0.034185
0.033926
0.033666
0.033415
0.033137
0.032895
0.032627
0.032369
0.032085
0.031828
0.031596
0.031345
0.031067
0.030857
0.030606
0.030352
0.030121
0.029859
0.029601
0.029389
0.029129
0.028897
0.028687
0.028438
0.028206
0.027981
0.027753
0.027522
0.027312
0.027101
0.026854
0.026635
0.026434
0.026235
0.026014
0.025825
0.025593
0.025404
0.025164
0.024993
0.024776
0.024593
0.024405
0.024223
0.024024
0.023841
0.023652
0.023444
0.023294
0.023096
0.022973
0.022784
0.022615
0.022435
0.022267
0.022136
0.021953
0.021784
0.021626
0.021455
0.021325
0.021176
0.021045
0.020874
0.020737
0.020606
0.020456
0.020328
0.020197
0.020026
0.019907
0.019797
0.019639
0.019498
0.019399
0.019287
0.019132
0.019028
0.018900
0.018779
0.018670
0.018543
0.018440
0.018323
0.018211
0.018092
0.018001
0.017875
0.017790
0.017683
0.017572
0.017476
0.017365
0.017284
0.017194
0.017086
0.016996
0.016910
0.016798
0.016746
0.016647
0.016548
0.016450
0.016398
0.016286
0.016197
0.016101
0.016045
0.015958
0.015908
0.015803
0.015716
0.015637
0.015569
0.015521
0.015427
0.015357
0.015272
0.015226
0.015178
0.015106
0.015021
0.014953
0.014898
0.014839
0.014773
0.014722
0.014627
0.014568
0.014543
0.014475
0.014410
0.014359
0.014308
0.014233
0.014202
0.014151
0.014093
0.014026
0.013975
0.013937
0.013868
0.013829
0.013791
0.013740
0.013702
0.013644
0.013542
0.013489
0.013444
0.013433
0.013362
0.013319
0.013285
0.013228
0.013168
0.013147
0.013085
0.013046
0.013013
0.012965
0.012935
0.012912
0.012882
0.012823
0.012782
0.012763
0.012703
0.012703
0.012631
0.012613
0.012585
0.012554
0.012533
0.012483
0.012444
0.012444
0.012385
0.012385
0.012305
0.012305
0.012287
0.012236
0.012236
0.012189
0.012158
0.012118
0.012118
0.012088
0.012067
0.012049
0.011990
0.011962
0.011962
0.011929
0.011911
0.011911
0.011860
0.011841
0.011794
0.011804
0.011783
0.011769
0.011776
0.011753
0.011734
0.011706
0.011715
0.011704
0.011661
0.011672
0.011672
0.011635
0.011635
0.011635
0.011613
0.011601
0.011601
0.011596
0.011574
0.011574
0.011544
0.011544
0.011543
0.011525
0.011525
0.011513
0.011480
0.011480
0.011480
0.011462
0.011446
0.011446
0.011446
0.011429
0.011414
0.011403
0.011403
0.011385
0.011385
0.011371
0.011371
0.011248
0.011235
0.011209
0.011174
0.011157
0.011145
0.011124
0.011115
0.011115
0.011070
0.011063
0.011063
0.011057
0.011029
0.011009
0.011004
0.011004
0.011004
0.010988
0.010985
0.010985
0.010946
0.010946
0.010946
0.010928
0.010928
0.010928
0.010928
0.010907
0.010896
0.010880
0.010880
0.010880
0.010880
0.010881
0.010860
0.010844
0.010844
0.010844
0.010833
0.010833
0.010833
0.010833
0.010818
0.010818
0.010818
0.010818
0.010818
0.010818
0.010844
0.010829
0.010856
0.010870
0.010886
0.010886
0.010902
0.010919
0.010937
0.010937
0.010941
0.010941
0.010959
0.010950
0.010950
0.010968
0.010968
0.010968
0.010988
0.010988
0.010988
0.010988
0.010988
0.011007
0.011007
0.011007
0.011007
0.011007
0.011007
0.011007
0.011007
0.011007
0.011027
0.011027
0.011027
0.011027
0.011027
0.011027
0.011027
0.011027
0.011027
0.011027
0.011027
0.010913
0.010895
0.010862
0.010846
0.010831
0.010831
0.010818
0.010805
0.010805
0.010794
0.010785
0.010785
0.010777
0.010777
0.010777
0.010772
0.010772
0.010772
0.010772
0.010768
0.010768
0.010768
0.010768
0.010768
0.010767
0.010767
0.010767
0.010767
0.010767
0.010767
0.010767
0.010767
0.010767
0.010768
0.010768
0.010768
0.010768
0.010768
0.010768
0.010768
0.010768
0.010768
0.010768
0.010768
0.010768
0.010768
0.010768
0.010768
0.010794
0.010805
0.010831
0.010846
0.010862
0.010862
0.010878
0.010895
0.010913
0.010913
0.010931
0.010931
0.010950
0.010950
0.010950
0.010968
0.010968
0.010968
0.010988
0.010988
0.010988
0.010988
0.010988
0.011007
0.011007
0.011007
0.011007
0.011007
0.011007
0.011007
0.011007
0.011007
0.011027
0.011027
0.011027
0.011027
0.011027
0.011027
0.011027
0.011027
0.011027
0.011027
0.011027
0.010913
0.010895
0.010862
0.010846
