1.340606
1.340606
1.340606
1.340585
1.340651
1.340722
1.340781
1.340916
1.341033
1.340999
1.341129
1.341163
1.340296
1.339343
1.338539
1.337676
1.336730
1.335812
1.334742
1.333811
1.333156
1.332039
1.331138
1.329961
1.328892
1.327961
1.326653
1.325196
1.323546
1.321848
1.320080
1.318195
1.316451
1.314610
1.312989
1.311394
1.309578
1.307873
1.306027
1.304182
1.302021
1.299670
1.297436
1.295139
1.292680
1.290388
1.288001
1.285241
1.282951
1.280190
1.277639
1.275184
1.272550
1.269761
1.266932
1.264370
1.261590
1.258836
1.255803
1.252711
1.249688
1.246517
1.243416
1.240458
1.237643
1.234834
1.232032
1.229084
1.226014
1.222845
1.219706
1.216558
1.213391
1.210130
1.206920
1.203653
1.200560
1.197358
1.194121
1.190941
1.187742
1.184588
1.181470
1.178476
1.175552
1.172501
1.169630
1.166599
1.163664
1.160561
1.157598
1.154522
1.151510
1.148486
1.145395
1.142390
1.139216
1.136113
1.133158
1.130115
1.126838
1.123702
1.120539
1.117430
1.114116
1.110812
1.107566
1.104341
1.101139
1.097825
1.094485
1.091191
1.087717
1.084452
1.081047
1.077689
1.074195
1.070806
1.067486
1.064070
1.060554
1.057278
1.053794
1.050326
1.046894
1.043371
1.039918
1.036344
1.033067
1.029380
1.026055
1.022387
1.018886
1.015394
1.011936
1.008227
1.004751
1.001213
0.997545
0.994051
0.990634
0.987274
0.983889
0.980925
0.977834
0.974665
0.971449
0.968115
0.964791
0.961467
0.958009
0.954587
0.951423
0.948307
0.944988
0.941876
0.938930
0.935855
0.932781
0.929650
0.926495
0.923046
0.919764
0.916527
0.913357
0.910047
0.907110
0.904107
0.901222
0.898197
0.895220
0.892264
0.888992
0.885792
0.882676
0.879536
0.876463
0.873256
0.870117
0.867262
0.864223
0.861308
0.858251
0.855238
0.852032
0.848983
0.846193
0.843330
0.840304
0.837500
0.835144
0.832833
0.830185
0.827998
0.825423
0.822721
0.819378
0.816229
0.812970
0.809662
0.806059
0.803114
0.800065
0.797022
0.793913
0.791017
0.787659
0.784430
0.781163
0.777692
0.774586
0.771165
0.767761
0.764489
0.761309
0.757937
0.755095
0.752325
0.750035
0.747638
0.745642
0.743201
0.740980
0.738718
0.735720
0.733132
0.730725
0.728231
0.725440
0.723018
0.720531
0.717882
0.715141
0.712640
0.709979
0.707230
0.704429
0.701791
0.699144
0.696432
0.693613
0.690906
0.688209
0.685509
0.682570
0.679947
0.677105
0.674195
0.671386
0.668799
0.665917
0.663001
0.660262
0.657497
0.654765
0.651795
0.649006
0.646198
0.643463
0.640443
0.637760
0.635002
0.632299
0.629172
0.626543
0.623747
0.620978
0.618036
0.615292
0.612538
0.609625
0.606811
0.604081
0.601317
0.598497
0.595852
0.593231
0.590525
0.587789
0.585193
0.582542
0.579824
0.576993
0.574349
0.571735
0.568997
0.566120
0.563327
0.560572
0.557602
0.554819
0.552161
0.549348
0.546307
0.543630
0.540923
0.538299
0.535516
0.532736
0.530117
0.527419
0.524671
0.521932
0.519330
0.516696
0.513831
0.511179
0.508597
0.505890
0.503180
0.500554
0.497956
0.495113
0.492586
0.490030
0.487421
0.484687
0.482222
0.479667
0.477167
0.474379
0.471743
0.469399
0.466848
0.464312
0.461732
0.459351
0.456883
0.454247
0.451917
0.449556
0.446889
0.444630
0.442171
0.439912
0.437344
0.435084
0.432764
0.430449
0.427884
0.425609
0.423404
0.421122
0.418539
0.416345
0.414183
0.411919
0.409506
0.407330
0.405103
0.402918
0.400491
0.398367
0.396121
0.393750
0.391605
0.389409
0.387338
0.384966
0.382835
0.380762
0.378590
0.376271
0.374129
0.372134
0.370075
0.367738
0.365814
0.363559
0.361601
0.359314
0.357420
0.355447
0.353128
0.351225
0.349364
0.347384
0.345295
0.343371
0.341302
0.339462
0.337270
0.335338
0.333399
0.331610
0.329421
0.327736
0.325961
0.324144
0.322063
0.320349
0.318527
0.316573
0.314380
0.312604
0.310801
0.308659
0.306942
0.305073
0.303346
0.301221
0.299360
0.297571
0.295653
0.293412
0.291745
0.289767
0.287905
0.285693
0.283879
0.282034
0.280217
0.277922
0.276059
0.274282
0.272275
0.270299
0.268548
0.266750
0.264529
0.262763
0.260982
0.259249
0.257086
0.255255
0.253550
0.251770
0.249604
0.247937
0.246194
0.244355
0.242255
0.240631
0.238899
0.237186
0.234991
0.233347
0.231704
0.229585
0.227800
0.226094
0.224541
0.222334
0.220679
0.219079
0.217473
0.215353
0.213792
0.212157
0.210566
0.208310
0.206778
0.205157
0.203591
0.201465
0.199951
0.198379
0.196345
0.194834
0.193265
0.191708
0.189671
0.188176
0.186668
0.185185
0.183162
0.181768
0.180200
0.178746
0.176757
0.175427
0.173906
0.172517
0.170546
0.169173
0.167699
0.165798
0.164422
0.163147
0.161742
0.159775
0.158499
0.157210
0.155940
0.153993
0.152719
0.151450
0.150215
0.148387
0.147194
0.145934
0.144657
0.142892
0.141822
0.140611
0.139460
0.137786
0.136507
0.135485
0.133745
0.132668
0.131632
0.130498
0.128944
0.127873
0.126867
0.125741
0.124218
0.123288
0.122165
0.121212
0.119925
0.118815
0.117897
0.117005
0.115519
0.114590
0.113818
0.112350
0.111489
0.110671
0.109918
0.108344
0.107552
0.106803
0.106097
0.104781
0.104034
0.103231
0.102537
0.101234
0.100577
0.099737
0.099102
0.097938
0.097144
0.096508
0.096012
0.094669
0.094099
0.093426
0.092366
0.091728
0.091159
0.090532
0.089447
0.088956
0.088358
0.087881
0.086826
0.086284
0.085701
0.085317
0.084226
0.083752
0.083371
0.083032
0.081903
0.081430
0.081092
0.080110
0.079663
0.079370
0.079015
0.077980
0.077672
0.077382
0.077170
0.076180
0.075931
0.075668
0.075378
0.074516
0.074293
0.073970
0.073778
0.073005
0.072864
0.072598
0.072360
0.071682
0.071505
0.071374
0.070566
0.070558
0.070412
0.070268
0.069571
0.069586
0.069388
0.069457
0.068657
0.068701
0.068748
0.068752
0.067923
0.067898
0.068052
0.068059
0.067357
0.067362
0.067580
0.066787
0.066859
0.066955
0.067093
0.066283
0.066492
0.066557
0.066664
0.066062
0.066149
0.066217
0.066424
0.065743
0.065915
0.065974
0.066109
0.065427
0.065660
0.065805
0.065972
0.065301
0.065376
0.065569
0.064997
0.065071
0.065246
0.065454
0.064796
0.064927
0.065087
0.065241
0.064741
0.064837
0.064959
0.065147
0.064613
0.064766
0.064873
0.065178
0.064497
0.064624
0.064910
0.064259
0.064438
0.064768
0.064850
0.064212
0.064354
0.064661
0.064813
0.064140
0.064383
0.064587
0.064834
0.064112
0.064378
0.064457
0.064813
0.064199
0.064362
0.064554
0.064741
0.064132
0.064320
0.064508
0.063994
0.064209
0.064281
0.064555
0.063923
0.064140
0.064310
0.064584
0.063899
0.064144
0.064301
0.064529
0.063863
0.064149
0.064312
0.064451
0.063844
0.064070
0.064201
0.063567
0.063907
0.063993
0.064216
0.063612
0.063807
0.063976
0.064138
0.063701
0.063730
0.063871
0.064268
0.063551
0.063746
0.063944
0.064229
0.063569
0.063705
0.063930
0.064158
0.063413
0.063698
0.063890
0.063319
0.063459
0.063716
0.063915
0.063313
0.063507
0.063706
0.063848
0.063304
0.063475
0.063615
0.063926
0.063270
0.063469
0.063609
0.063923
0.063293
0.063402
0.063687
0.063002
0.063258
0.063486
0.063600
0.063115
0.063285
0.063507
0.063707
0.063078
0.063364
0.063507
0.063650
0.063107
0.063335
0.063564
0.063792
0.063103
0.063357
0.063500
0.062928
0.063243
0.063413
0.063556
0.063013
0.063241
0.063470
0.063669
0.063039
0.063266
0.063438
0.063666
0.063124
0.063238
0.063466
0.063694
0.063094
0.063265
0.063522
0.063779
0.063065
0.063236
0.063551
0.063008
0.063092
0.063378
0.063605
0.062920
0.063177
0.063434
0.063576
0.062948
0.063234
0.063405
0.063605
0.063005
0.063262
0.063376
0.063634
0.063005
0.063262
0.063490
0.062891
0.063033
0.063205
0.063575
0.062861
0.063061
0.063374
0.063574
0.062860
0.063060
0.063460
0.063574
0.062917
0.063202
0.063345
0.063688
0.062973
0.063173
0.063373
0.063573
0.063002
0.063145
0.063402
0.062831
0.062916
0.063116
0.063488
0.062888
0.063030
0.063201
0.063459
0.062801
0.063001
0.063258
0.063487
0.062829
0.063029
0.063315
0.063486
0.062772
0.063086
0.063286
0.062629
0.062829
0.063115
0.063315
0.062629
0.062858
0.063172
0.063344
0.062715
0.062858
0.063201
0.063429
0.062744
0.062944
0.063172
0.063515
0.062687
0.063001
0.063201
0.063487
0.062772
0.063001
0.063315
0.062686
0.062772
0.063115
0.063258
0.062686
0.062915
0.063115
0.063286
0.062600
0.062943
0.063115
0.063343
0.062743
0.062886
0.063057
0.063371
0.062829
0.062857
0.063200
0.062600
0.062771
0.062886
0.063143
0.062686
0.062771
0.063057
0.063257
0.062600
0.062829
0.063086
0.063257
0.062600
0.062943
0.063114
0.063257
0.062629
0.062914
0.063171
0.063343
0.062714
0.062971
0.063200
0.062514
0.062800
0.062971
0.063257
0.062571
0.062800
0.063057
0.063229
0.062629
0.062829
0.063029
0.063343
0.062657
0.062886
0.063057
0.063343
0.062800
0.062886
0.063114
0.062429
0.062743
0.063057
0.063114
0.062514
0.062800
0.063086
0.063200
0.062543
0.062771
0.063143
0.063229
0.062571
0.062857
0.063114
0.063314
0.062657
0.062829
0.063114
0.063400
0.062714
0.062914
0.063229
0.062686
0.062714
0.063029
0.063314
0.062714
0.062800
0.063086
0.063371
0.062686
0.062943
0.063114
0.063343
0.062743
0.063057
0.063200
0.063343
0.062829
0.063086
0.063286
0.062629
0.062914
0.063057
0.063286
0.062686
0.062971
0.063143
0.063314
0.062657
0.063029
0.063257
0.063371
0.062714
0.063000
0.063229
0.063371
0.062743
0.063143
0.063286
0.063343
0.062829
0.063171
0.063286
0.062657
0.062914
0.063143
0.063314
0.062771
0.062971
0.063114
0.063371
0.062800
0.063000
0.063171
0.063457
0.062829
0.063000
0.063286
0.063514
0.062886
0.063057
0.063343
0.062686
0.062886
0.063171
0.063314
0.062714
0.062943
0.063200
0.063314
0.062714
0.063143
0.063171
0.063400
0.062800
0.063057
0.063171
0.063429
0.062857
0.063000
0.063286
0.063486
0.062829
0.063029
0.063314
0.062657
0.062829
0.063114
0.063314
0.062629
0.062829
0.063143
0.063314
0.062629
0.062857
0.063057
0.063314
0.062629
0.062914
0.063114
0.063257
0.062629
0.062886
0.063114
0.062429
0.062629
0.062914
0.063171
0.062429
0.062657
0.062943
0.063114
0.062457
0.062657
0.062971
0.063086
0.062400
0.062743
0.063000
0.063086
0.062457
0.062743
0.063000
0.062343
0.062514
0.062771
0.062971
0.062429
0.062571
0.062800
0.063000
0.062514
0.062657
0.062886
0.063057
0.062514
0.062714
0.062886
0.063200
0.062600
0.062743
0.062914
0.063257
0.062600
0.062743
0.063114
0.062571
0.062657
0.062829
0.063143
0.062600
0.062686
0.062971
0.063257
0.062600
0.062800
0.063086
0.063257
0.062629
0.062914
0.063143
0.063314
0.062686
0.063057
0.063229
0.062486
0.062857
0.063114
0.063343
0.062600
0.062914
0.063200
0.063343
0.062714
0.062886
0.063286
0.063400
0.062771
0.063029
0.063229
0.063543
0.062857
0.063114
0.063229
0.063543
0.062886
0.063143
0.063371
0.062714
0.062971
0.063200
0.063343
0.062771
0.063000
0.063229
0.063343
0.062800
0.063086
0.063171
0.063400
0.062829
0.063114
0.063200
0.063371
0.062886
0.063086
0.063286
0.062629
0.062886
0.063086
0.063257
0.062686
0.062886
0.063171
0.063229
0.062714
0.062943
0.063200
0.063314
0.062657
0.062971
0.063143
0.063371
0.062686
0.063000
0.063229
0.063400
0.062743
0.063000
0.063229
0.062571
0.062771
0.063000
0.063314
0.062543
0.062829
0.063114
0.063257
0.062600
0.062800
0.063057
0.063343
0.062629
0.062914
0.063086
0.063314
0.062657
0.062914
0.063143
0.062457
0.062686
0.062943
0.063143
0.062486
0.062771
0.062971
0.063200
0.062457
0.062857
0.062943
0.063200
0.062543
0.062857
0.062971
0.063200
0.062600
0.062914
0.063029
0.063200
0.062600
0.063000
0.063029
0.062429
0.062629
0.063000
0.063057
0.062429
0.062686
0.063000
0.063114
0.062457
0.062686
0.063000
0.063171
0.062486
0.062771
0.063000
0.063200
0.062543
0.062857
0.063057
0.062429
0.062629
0.062886
0.063114
0.062486
0.062686
0.062943
0.063086
0.062486
0.062800
0.062971
0.063143
0.062543
0.062829
0.062971
0.063257
0.062571
0.062829
0.063114
0.063229
0.062600
0.062857
0.063171
0.062486
0.062657
0.062914
0.063200
0.062514
0.062743
0.063029
0.063229
0.062600
0.062829
0.063057
0.063229
0.062657
0.062914
0.063114
0.063286
0.062743
0.063000
0.063171
0.062486
0.062771
0.063057
0.063200
0.062571
0.062857
0.063057
0.063257
0.062629
0.062971
0.063114
0.063286
0.062686
0.063029
0.063114
0.063371
0.062714
0.063057
0.063171
0.063400
0.062771
0.063114
0.063286
0.062686
0.062800
0.063143
0.063400
0.062686
0.062914
0.063171
0.063429
0.062686
0.063000
0.063200
0.063400
0.062771
0.063029
0.063171
0.063400
0.062829
0.063086
0.063229
0.062629
0.062886
0.063057
0.063286
0.062686
0.062800
0.063114
0.063286
0.062714
0.062800
0.062914
0.063114
0.062171
0.062086
0.061971
0.061943
0.060971
0.060400
0.059457
0.057543
0.055943
0.054800
0.054115
0.053686
0.053343
0.054000
0.054029
0.053143
0.053172
0.053115
0.052343
0.052372
0.052343
0.052372
0.052400
0.052429
0.052429
0.052429
0.052400
0.052400
0.052400
0.052400
0.052372
0.052400
0.052400
0.052400
0.052400
0.052400
0.052400
0.052400
0.052400
0.052400
0.052527
0.052886
0.053443
0.053343
0.054425
0.054810
0.055207
0.056730
0.057173
0.057799
0.059010
0.060550
0.061458
0.063305
0.064469
0.066246
0.067304
0.069081
0.070806
0.071825
0.073261
0.074141
0.075432
0.076634
0.076880
0.077732
0.077723
0.077756
0.078001
0.078297
0.078089
0.078351
0.078004
0.078631
0.078214
0.078385
0.077942
0.078181
0.078035
0.078164
0.077866
0.077312
0.077569
0.077468
0.077508
0.077123
0.076764
0.077011
0.076986
0.076668
0.076921
0.076581
0.076326
0.076241
0.076700
0.076273
0.076160
0.075987
0.076295
0.076536
0.076320
0.076259
0.076727
0.076659
0.076643
0.076784
0.077239
0.076980
0.076955
0.076843
0.077481
0.077334
0.077344
0.077222
0.077615
0.077628
0.077932
0.078383
0.078473
0.078616
0.079195
0.079521
0.079580
0.080099
0.080134
0.080604
0.081361
0.081771
0.082108
0.082874
0.083359
0.083793
0.084633
0.085205
0.085712
0.086619
0.087306
0.087964
0.088999
0.089542
0.090572
0.091285
0.092208
0.093264
0.094156
0.094836
0.095920
0.096847
0.097685
0.098978
0.100140
0.101288
0.102442
0.103563
0.104688
0.106218
0.107426
0.108554
0.109759
0.111186
0.112527
0.113819
0.115000
0.116214
0.116874
0.117766
0.118624
0.119473
0.120484
0.121408
0.122401
0.123399
0.124569
0.125826
0.127049
0.128110
0.129176
0.130051
0.131350
0.132583
0.133616
0.134826
0.135864
0.137534
0.139167
0.141032
0.142718
0.144307
0.146046
0.147678
0.149621
0.151236
0.152551
0.153723
0.154486
0.155185
0.155976
0.156640
0.157638
0.158629
0.159428
0.160442
0.161638
0.162493
0.163690
0.164526
0.165257
0.166189
0.167056
0.167982
0.168599
0.169485
0.170101
0.170942
0.171915
0.172711
0.173773
0.174364
0.175045
0.175834
0.176534
0.177220
0.178006
0.178864
0.179705
0.180410
0.181427
0.182222
0.183261
0.183878
0.184806
0.185548
0.186430
0.187267
0.188043
0.188717
0.189636
0.190416
0.191517
0.192117
0.193015
0.193631
0.194376
0.195307
0.196405
0.197362
0.198274
0.199119
0.200463
0.201498
0.202742
0.204032
0.205044
0.206340
0.207568
0.208937
0.209989
0.211273
0.212196
0.213184
0.214306
0.215162
0.216210
0.217241
0.218046
0.219212
0.220296
0.221510
0.222580
0.223754
0.225068
0.226329
0.227575
0.228863
0.229913
0.231259
0.232624
0.233903
0.235292
0.236766
0.238052
0.239487
0.240777
0.241910
0.243114
0.244641
0.245858
0.247006
0.248179
0.249428
0.250989
0.252083
0.253439
0.254794
0.256319
0.257644
0.259300
0.260515
0.262046
0.263254
0.264433
0.265674
0.267096
0.268285
0.269506
0.271116
0.272246
0.273907
0.275256
0.276438
0.278194
0.279335
0.280792
0.282117
0.283399
0.284965
0.286717
0.288083
0.290014
0.291371
0.293341
0.295135
0.296856
0.298629
0.300374
0.301952
0.303820
0.305504
0.307624
0.309421
0.311389
0.313026
0.315010
0.316379
0.318475
0.320331
0.322223
0.324191
0.326048
0.328032
0.329599
0.332027
0.333843
0.336360
0.338730
0.340771
0.343113
0.345344
0.347549
0.349864
0.352134
0.354376
0.356526
0.358343
0.360605
0.362359
0.364434
0.365961
0.367815
0.369813
0.371558
0.373686
0.375565
0.377666
0.379876
0.381391
0.383530
0.385773
0.387856
0.389780
0.391714
0.393823
0.395981
0.398306
0.399946
0.401322
0.402341
0.403342
0.404785
0.406724
0.408777
0.411216
0.414017
0.417279
0.419994
0.422127
0.423606
0.424912
0.425635
0.427103
0.428528
0.430103
0.432239
0.433946
0.436282
0.438522
0.439880
0.441390
0.443097
0.444374
0.445847
0.446559
0.447770
0.449273
0.450951
0.452625
0.454447
0.456061
0.457118
0.458722
0.460467
0.462065
0.462812
0.464561
0.466041
0.467836
0.469251
0.470933
0.472484
0.474324
0.475707
0.476661
0.477936
0.477826
0.478439
0.479083
0.480098
0.481439
0.482837
0.484189
0.485820
0.488167
0.489706
0.492113
0.494227
0.496910
0.498991
0.501254
0.503405
0.505110
0.507561
0.509724
0.511708
0.513764
0.515645
0.517627
0.519431
0.521828
0.524332
0.526432
0.528577
0.530915
0.533068
0.535249
0.536899
0.538357
0.539817
0.541422
0.542663
0.543705
0.544579
0.545629
0.547134
0.548489
0.550077
0.551916
0.552536
0.553915
0.555078
0.556291
0.557897
0.559304
0.560287
0.561279
0.562482
0.564469
0.565772
0.567574
0.569038
0.570383
0.572298
0.573933
0.575196
0.577424
0.578556
0.579426
0.581274
0.582797
0.583959
0.585570
0.586869
0.588737
0.590484
0.592382
0.594260
0.595822
0.597711
0.599160
0.600866
0.602772
0.604821
0.606665
0.608560
0.610066
0.611585
0.613840
0.615915
0.617855
0.619977
0.621178
0.623246
0.625037
0.627109
0.628551
0.630333
0.632112
0.633912
0.635910
0.638029
0.640037
0.641916
0.643520
0.645463
0.648024
0.649699
0.651944
0.653491
0.655751
0.658114
0.660130
0.661944
0.664095
0.665839
0.667646
0.669788
0.672049
0.673556
0.675391
0.677558
0.679164
0.680615
0.682709
0.684088
0.686132
0.687679
0.688876
0.690864
0.692737
0.694559
0.696706
0.697648
0.699440
0.701008
0.703005
0.704444
0.706187
0.707792
0.709336
0.710997
0.712777
0.714504
0.716135
0.717814
0.719454
0.721214
0.723106
0.725067
0.726690
0.728219
0.729873
0.731584
0.733362
0.734785
0.736328
0.737366
0.738204
0.739124
0.740458
0.742319
0.743817
0.745131
0.746942
0.748655
0.750290
0.751945
0.753807
0.755241
0.756057
0.757894
0.759678
0.761511
0.762792
0.763621
0.763899
0.765153
0.766266
0.767653
0.768719
0.770469
0.772439
0.773611
0.775275
0.776938
0.778448
0.780205
0.780834
0.782602
0.784038
0.785653
0.786870
0.788158
0.789095
0.790438
0.791835
0.793165
0.794702
0.795904
0.797153
0.797995
0.799641
0.800198
0.801437
0.802288
0.803398
0.804957
0.806101
0.808002
0.809814
0.811274
0.812285
0.813707
0.814739
0.816117
0.817879
0.818401
0.820285
0.821649
0.823051
0.824536
0.825977
0.827184
0.828589
0.829932
0.831543
0.832934
0.834343
0.835559
0.836866
0.838228
0.839392
0.840808
0.842201
0.843806
0.844947
0.846066
0.847189
0.848456
0.849493
0.850433
0.851482
0.852736
0.853984
0.855031
0.856102
0.856986
0.858086
0.859128
0.860211
0.861495
0.862322
0.863211
0.864062
0.865059
0.866094
0.867262
0.868135
0.869051
0.869882
0.870915
0.872096
0.873148
0.874168
0.875092
0.875964
0.876936
0.877372
0.878587
0.879615
0.880354
0.881476
0.881751
0.882531
0.883721
0.884937
0.885725
0.886891
0.887364
0.888251
0.889211
0.890065
0.891099
0.891462
0.892291
0.893422
0.894230
0.894868
0.895168
0.895843
0.896595
0.897395
0.898546
0.899704
0.900351
0.901018
0.901809
0.903315
0.903723
0.904636
0.904517
0.905289
0.905515
0.906438
0.907124
0.907739
0.908258
0.908344
0.909410
0.910277
0.910992
0.911609
0.912350
0.913248
0.914203
0.914997
0.916093
0.916936
0.917637
0.918662
0.919441
0.920441
0.921245
0.922107
0.922802
0.923333
0.924217
0.924728
0.925234
0.925820
0.926517
0.927453
0.928063
0.928735
0.929606
0.930136
0.930950
0.931844
0.932383
0.933093
0.933891
0.934917
0.936010
0.937046
0.938342
0.939387
0.940253
0.940960
0.942102
0.942467
0.942871
0.943232
0.944138
0.944799
0.945328
0.945938
0.946959
0.948488
0.949916
0.950937
0.951873
0.953096
0.953999
0.954772
0.955646
0.956266
0.956659
0.957374
0.958099
0.959377
0.960821
0.961505
0.962357
0.962780
0.964083
0.965676
0.967458
0.969038
0.970494
0.971447
0.972061
0.973470
0.975250
0.975592
0.975554
0.975936
0.977163
0.979209
0.980743
0.982041
0.983664
0.984443
0.986126
0.987951
0.989297
0.989570
0.990372
0.990515
0.991780
0.993468
0.995283
0.997083
0.998196
1.000046
1.001549
1.003324
1.004955
1.005431
1.006192
1.006388
1.006983
1.008090
1.010204
1.011659
1.013024
1.014626
1.016518
1.018978
1.020505
1.022248
1.023399
1.023828
1.025021
1.026018
1.027359
1.029000
1.030108
1.032040
1.033933
1.036357
1.038082
1.039999
1.041377
1.042438
1.043476
1.044083
1.045126
1.046172
1.046766
1.047683
1.050141
1.051392
1.053877
1.055686
1.057456
1.059291
1.060864
1.062034
1.063644
1.065074
1.066349
1.067775
1.069344
1.071213
1.072308
1.073717
1.075072
1.076556
1.077105
1.078742
1.080050
1.080941
1.082005
1.083713
1.084782
1.085460
1.087254
1.088619
1.089156
1.090274
1.091289
1.092604
1.093588
1.094894
1.095575
1.096510
1.097172
1.098113
1.099524
1.099867
1.100776
1.100747
1.100941
1.102586
1.103185
1.103984
1.103711
1.104788
1.104996
1.106257
1.107031
1.107910
1.107814
1.108506
1.109360
1.110145
1.111066
1.112123
1.112349
1.112353
1.113475
1.114607
1.115954
1.117268
1.117743
1.118402
1.118702
1.119755
1.120429
1.121735
1.122791
1.124309
1.125895
1.126617
1.128552
1.129318
1.130567
1.131463
1.132345
1.132531
1.133774
1.134828
1.136815
1.137470
1.139548
1.141341
1.142196
1.143226
1.143195
1.143629
1.143531
1.143755
1.143780
1.145030
1.145032
1.146220
1.146539
1.146912
1.147566
1.147302
1.148209
1.149174
1.150445
1.151324
1.152272
1.153313
1.153882
1.154508
1.154143
1.153118
1.151318
1.150708
1.150872
1.151100
1.151971
1.152103
1.152993
1.152349
1.152444
1.152052
1.152215
1.152038
1.152017
1.152189
1.151987
1.152227
1.152403
1.152757
1.152869
1.153134
1.153283
1.153554
1.153895
1.153980
1.154791
1.155641
1.156002
1.157212
1.157618
1.157396
1.157820
1.158060
1.158669
1.159596
1.160487
1.160829
1.161478
1.161539
1.161785
1.162455
1.163120
1.163832
1.164964
1.166036
1.166704
1.168000
1.168603
1.168915
1.169864
1.169806
1.170989
1.171629
1.173330
1.173411
1.174936
1.175583
1.176654
1.177183
1.177386
1.178129
1.178350
1.178805
1.178917
1.179660
1.180331
1.181258
1.181720
1.181529
1.182272
1.182765
1.183017
1.183420
1.182361
1.181893
1.181059
1.180510
1.179516
1.178853
1.178151
1.177358
1.177132
1.176312
1.175894
1.176042
1.176315
1.176715
1.176934
1.176594
1.175985
1.175710
1.175097
1.175251
1.174755
1.174148
1.173153
1.172289
1.171816
1.172174
1.172594
1.173422
1.173859
1.174911
1.175489
1.176431
1.177556
1.178000
1.178776
1.178013
1.177745
1.177392
1.177105
1.176976
1.177126
1.176808
1.177184
1.177836
1.178634
1.179626
1.180542
1.181726
1.182560
1.183530
1.184438
1.185333
1.186384
1.186834
1.188016
1.188784
1.189934
1.190788
1.191590
1.192561
1.193359
1.194298
1.195429
1.196386
1.197298
1.198165
1.199163
1.199986
1.201092
1.202054
1.203043
1.204010
1.204896
1.205886
1.206741
1.207499
1.208317
1.209056
3.827324
3.826394
3.825585
3.824971
3.824140
3.823281
3.822711
3.822032
3.820898
3.820189
3.817818
3.816540
3.815180
3.813895
3.812574
3.810136
3.809220
3.807615
3.805487
3.803572
3.801476
3.800009
3.798071
3.795954
3.795224
3.793841
3.792481
3.791145
3.789061
3.787304
3.784815
3.782974
3.781155
3.780336
3.778588
3.776963
3.775357
3.772964
3.771684
3.770023
3.768438
3.766179
3.764712
3.762592
3.760981
3.759526
3.758959
3.757432
3.756128
3.754497
3.753682
3.751898
3.750881
3.749216
3.747931
3.747668
3.746309
3.745334
3.744152
3.742291
3.740128
3.738150
3.737031
3.735824
3.733629
3.732381
3.730916
3.729511
3.728193
3.726641
3.725148
3.723762
3.721352
3.719994
3.718141
3.716265
3.714614
3.712711
3.710756
3.707986
3.705983
3.703481
3.700674
3.698425
3.695743
3.693345
3.690475
3.689211
3.687475
3.685740
3.682992
3.680933
3.678412
3.675039
3.671864
3.669663
3.666409
3.664073
3.662286
3.659420
3.656640
3.653880
3.652199
3.649862
3.647407
3.644326
3.641707
3.639373
3.636780
3.635185
3.632630
3.630679
3.627958
3.625336
3.623354
3.620828
3.618255
3.615113
3.612565
3.610075
3.607834
3.605284
3.602794
3.600382
3.598131
3.595650
3.593392
3.590729
3.588622
3.585984
3.583735
3.581192
3.578743
3.576354
3.573579
3.570876
3.568055
3.565382
3.562594
3.560041
3.557221
3.554572
3.551813
3.549168
3.546605
3.543784
3.541244
3.538331
3.535747
3.532952
3.530180
3.527378
3.524530
3.521903
3.519341
3.517207
3.514930
3.512095
3.509450
3.506779
3.504130
3.501235
3.498364
3.495271
3.492226
3.489017
3.485793
3.482724
3.479641
3.476304
3.473102
3.469901
3.466550
3.463322
3.460024
3.456614
3.453289
3.450031
3.446545
3.443203
3.439667
3.436304
3.432805
3.429142
3.425855
3.422384
3.419048
3.415734
3.412187
3.408453
3.404927
3.401546
3.398035
3.394519
3.391024
3.387524
3.383859
3.380364
3.376543
3.372904
3.368976
3.365101
3.361374
3.357478
3.353626
3.349775
3.345779
3.341969
3.338062
3.334055
3.330084
3.326053
3.322188
3.318178
3.314269
3.310258
3.306402
3.302474
3.298433
3.294435
3.290487
3.286463
3.282637
3.278718
3.274768
3.270715
3.266852
3.262804
3.258663
3.254743
3.250436
3.246296
3.242065
3.237837
3.233619
3.229291
3.225176
3.221088
3.216961
3.213033
3.209118
3.205115
3.201338
3.197419
3.193252
3.189199
3.185561
3.181871
3.178285
3.174531
3.170731
3.167083
3.163614
3.159972
3.155988
3.152530
3.149056
3.145448
3.141966
3.138415
3.134701
3.130806
3.127019
3.123225
3.119399
3.115574
3.111816
3.108008
3.104243
3.100335
3.096583
3.092455
3.088928
3.085273
3.081657
3.078087
3.074365
3.070862
3.067174
3.063413
3.059481
3.055234
3.051296
3.047172
3.043045
3.039002
3.035202
3.030988
3.027121
3.023253
3.019377
3.015410
3.011393
3.007184
3.003268
2.999226
2.995356
2.991226
2.987521
2.983721
2.980037
2.976246
2.972552
2.968772
2.965044
2.961623
2.957933
2.954378
2.950768
2.946889
2.943225
2.939674
2.936189
2.932791
2.929112
2.925356
2.921350
2.917411
2.913578
2.909817
2.906081
2.902375
2.898745
2.894918
2.891213
2.887367
2.883540
2.879790
2.875822
2.871851
2.867912
2.864025
2.859942
2.856226
2.852340
2.848596
2.844730
2.840750
2.836948
2.833163
2.829213
2.825508
2.821764
2.817764
2.813970
2.810199
2.806407
2.802554
2.798744
2.795031
2.791215
2.787510
2.783577
2.779493
2.775635
2.771602
2.767465
2.763343
2.759380
2.755424
2.751315
2.747257
2.743187
2.739128
2.735061
2.730985
2.726979
2.722968
2.718794
2.714779
2.710677
2.706586
2.702688
2.698563
2.694557
2.690488
2.686587
2.682590
2.678583
2.674513
2.670439
2.666411
2.662498
2.658538
2.654491
2.650496
2.646475
2.642408
2.638352
2.634479
2.630396
2.626394
2.622298
2.618349
2.614349
2.610284
2.606307
2.602491
2.598707
2.595396
2.591993
2.588612
2.585184
2.581733
2.578329
2.574813
2.571158
2.567627
2.564014
2.560433
2.556923
2.553235
2.549642
2.546098
2.542449
2.538885
2.535236
2.531587
2.527958
2.524315
2.520638
2.516968
2.512991
2.508827
2.504893
2.501101
2.497337
2.493580
2.489936
2.486072
2.482350
2.478457
2.474775
2.471232
2.467624
2.463927
2.460204
2.456730
2.453057
2.449380
2.445763
2.442118
2.438483
2.434791
2.430917
2.427176
2.423367
2.419486
2.415576
2.411734
2.407948
2.404463
2.401221
2.398165
2.395329
2.392380
2.389337
2.386270
2.383249
2.379919
2.376661
2.373238
2.369949
2.366699
2.363268
2.359978
2.356651
2.353280
2.349822
2.346484
2.343041
2.339710
2.336378
2.333011
2.329642
2.326441
2.323146
2.319864
2.316631
2.313282
2.310062
2.306672
2.303413
2.300173
2.296717
2.293471
2.290156
2.286767
2.283615
2.280251
2.277052
2.273782
2.270366
2.266980
2.263543
2.260185
2.256823
2.253801
2.250590
2.247094
2.243807
2.240383
2.236879
2.233453
2.229881
2.226241
2.222751
2.219385
2.216097
2.212988
2.209829
2.206654
2.203329
2.199731
2.196276
2.192628
2.189103
2.185477
2.181775
2.178217
2.174731
2.171054
2.167691
2.164223
2.160906
2.157403
2.154010
2.150490
2.146898
2.143279
2.139700
2.136096
2.132390
2.129061
2.125609
2.122199
2.118850
2.115501
2.112218
2.108746
2.105062
2.101559
2.097845
2.094370
2.091077
2.087805
2.084766
2.081773
2.078433
2.075402
2.072451
2.068893
2.065276
2.061772
2.058088
2.054586
2.051221
2.047832
2.044485
2.041148
2.037446
2.033814
2.030211
2.026463
2.022839
2.019006
2.015383
2.011619
2.007915
2.004148
2.000589
1.996952
1.993172
1.989479
1.985812
1.982122
1.978361
1.974626
1.970886
1.967052
1.963427
1.959716
1.956140
1.952180
1.948444
1.944831
1.941256
1.937326
1.933778
1.930206
1.926674
1.922998
1.919177
1.915793
1.912370
1.908817
1.905412
1.901973
1.898254
1.894479
1.890888
1.887181
1.883446
1.879826
1.876226
1.872594
1.868985
1.865662
1.862175
1.858863
1.855617
1.852869
1.849808
1.847172
1.843979
1.840515
1.837451
1.834429
1.831198
1.827505
1.823652
1.819554
1.815739
1.812324
1.808735
1.805277
1.801493
1.797763
1.793983
1.790248
1.786526
1.782825
1.779096
1.775264
1.771652
1.767809
1.764075
1.760263
1.756608
1.752861
1.749159
1.745375
1.741549
1.737947
1.734199
1.730345
1.726750
1.722990
1.719384
1.716253
1.712927
1.709832
1.707007
1.703530
1.700314
1.696397
1.693216
1.689888
1.686706
1.683361
1.680138
1.676367
1.672941
1.669433
1.665756
1.662230
1.658472
1.654943
1.651445
1.648024
1.644451
1.641163
1.637866
1.634555
1.631217
1.627901
1.624629
1.621407
1.618268
1.615174
1.611825
1.608512
1.605129
1.601606
1.598138
1.594624
1.591086
1.587527
1.584143
1.580805
1.577195
1.573825
1.570368
1.567142
1.563744
1.560213
1.556859
1.553342
1.549981
1.546731
1.543381
1.539983
1.536584
1.533183
1.529621
1.526220
1.522784
1.519323
1.515805
1.512332
1.508962
1.505588
1.502198
1.498776
1.495338
1.492136
1.488735
1.485437
1.482146
1.478757
1.475513
1.472135
1.468847
1.465555
1.462248
1.458906
1.455627
1.452215
1.448899
1.445418
1.442171
1.438776
1.435539
1.432182
1.428802
1.425552
1.422188
1.418792
1.415471
1.412162
1.408847
1.405327
1.402037
1.398716
1.395313
1.392028
1.388555
1.385156
1.381784
1.378484
1.375040
1.371625
1.368286
1.364851
1.361476
1.358127
1.354599
1.351241
1.347770
1.344339
1.340970
1.337493
1.333997
1.330583
1.327001
1.323684
1.320226
1.316922
1.313742
1.310294
1.306995
1.303536
1.300231
1.297035
1.293770
1.290524
1.287102
1.283766
1.280426
1.276937
1.273571
1.270198
1.266818
1.263481
1.260051
1.256798
1.253384
1.250082
1.246769
1.243433
1.240144
1.236794
1.233410
1.230074
1.226636
1.223261
1.219926
1.216439
1.213089
1.209663
1.206491
1.203212
1.200359
1.197780
1.194918
1.192278
1.189062
1.185775
1.182814
1.179731
1.176779
1.173633
1.170383
1.167058
1.163714
1.160240
1.156859
1.153469
1.150064
1.146636
1.143313
1.139790
1.136335
1.132997
1.129477
1.126016
1.122550
1.118919
1.115395
1.111892
1.108443
1.104968
1.101532
1.098067
1.094500
1.091052
1.087847
1.084520
1.081438
1.078247
1.075837
1.073176
1.070308
1.067521
1.064889
1.061689
1.058527
1.055528
1.052330
1.049359
1.046258
1.043015
1.039645
1.036469
1.033290
1.029979
1.026762
1.023501
1.020138
1.017004
1.013686
1.010449
1.007287
1.004008
1.000755
0.997426
0.994345
0.991097
0.988029
0.984832
0.981729
0.978633
0.975421
0.972115
0.968908
0.965655
0.962315
0.958949
0.955729
0.952399
0.949116
0.945832
0.942449
0.939208
0.935988
0.932717
0.929565
0.926439
0.923064
0.919948
0.916867
0.913768
0.910568
0.907393
0.904341
0.901479
0.898766
0.895783
0.892715
0.889632
0.886803
0.883869
0.880887
0.878059
0.875337
0.872537
0.869692
0.866879
0.863902
0.861187
0.858385
0.855599
0.852805
0.850055
0.847265
0.844510
0.841670
0.838941
0.836144
0.833377
0.830656
0.827774
0.825012
0.822199
0.819515
0.816680
0.813915
0.811313
0.808506
0.805906
0.803287
0.800663
0.797976
0.795381
0.792865
0.790196
0.787491
0.784699
0.782096
0.779382
0.776572
0.773952
0.771228
0.768612
0.766043
0.763621
0.760918
0.758303
0.755904
0.753351
0.750645
0.747950
0.745370
0.742705
0.740055
0.737390
0.734943
0.732337
0.729678
0.727177
0.724542
0.721970
0.719300
0.716683
0.714145
0.711467
0.708854
0.706276
0.703613
0.701107
0.698534
0.695919
0.693216
0.690735
0.688104
0.685495
0.683029
0.680509
0.677777
0.675303
0.672820
0.670358
0.667876
0.665331
0.662938
0.660431
0.658048
0.655459
0.653040
0.650561
0.648100
0.645767
0.643351
0.640938
0.638453
0.636119
0.633770
0.631174
0.628750
0.626369
0.623972
0.621570
0.619008
0.616541
0.614293
0.611893
0.609556
0.607089
0.604826
0.602340
0.599962
0.597490
0.595083
0.592734
0.590379
0.588020
0.585709
0.583447
0.580963
0.578708
0.576266
0.574004
0.571621
0.569235
0.566826
0.564496
0.562150
0.559913
0.557519
0.555169
0.553032
0.550843
0.548512
0.546391
0.544091
0.541853
0.539734
0.537438
0.535115
0.532850
0.530570
0.528234
0.525978
0.523519
0.521224
0.518970
0.516631
0.514272
0.512001
0.509732
0.507510
0.505215
0.502857
0.500544
0.498374
0.496218
0.494013
0.491844
0.489685
0.487441
0.485423
0.483159
0.481031
0.478929
0.476732
0.474750
0.472614
0.470593
0.468456
0.466336
0.464239
0.462218
0.460101
0.458079
0.456124
0.453932
0.451879
0.449864
0.447770
0.445815
0.443750
0.441678
0.439723
0.437519
0.435519
0.433433
0.431485
0.429520
0.427319
0.425274
0.423103
0.421147
0.418935
0.417085
0.414941
0.412869
0.410780
0.408785
0.406870
0.404867
0.402841
0.400787
0.398797
0.396873
0.394941
0.392897
0.390918
0.388731
0.386586
0.384521
0.382517
0.380371
0.378350
0.376362
0.374319
0.372310
0.370192
0.368207
0.366170
0.364035
0.362054
0.359903
0.357845
0.355709
0.353644
0.351683
0.349460
0.347385
0.345387
0.343372
0.341269
0.339156
0.336946
0.334941
0.332966
0.330766
0.328675
0.326477
0.324499
0.322241
0.320181
0.317959
0.315856
0.313858
0.311776
0.309566
0.307410
0.305381
0.303390
0.301340
0.299294
0.297107
0.295038
0.292983
0.290741
0.288629
0.286514
0.284475
0.282434
0.280359
0.278414
0.276501
0.274391
0.272483
0.270421
0.268375
0.266554
0.264595
0.262768
0.260887
0.259071
0.257367
0.255555
0.253799
0.251992
0.250222
0.248307
0.246645
0.244953
0.243200
0.241349
0.239603
0.237853
0.236125
0.234460
0.232660
0.230944
0.229197
0.227462
0.225773
0.224023
0.222334
0.220646
0.218836
0.217103
0.215487
0.213830
0.212208
0.210583
0.208959
0.207289
0.205759
0.204251
0.202734
0.201120
0.199656
0.198259
0.196759
0.195305
0.193885
0.192524
0.191149
0.189668
0.188440
0.187214
0.185870
0.184622
0.183375
0.182164
0.181024
0.179884
0.178729
0.177554
0.176619
0.175541
0.174464
0.173401
0.172456
0.171383
0.170310
0.169495
0.168469
0.167485
0.166480
0.165581
0.164648
0.163688
0.162805
0.161836
0.160910
0.160023
0.159099
0.158217
0.157362
0.156385
0.155543
0.154739
0.153839
0.152920
0.152114
0.151254
0.150516
0.149663
0.148905
0.148085
0.147262
0.146569
0.145811
0.145085
0.144329
0.143758
0.142958
0.142366
0.141669
0.141085
0.140549
0.139929
0.139363
0.138918
0.138531
0.138126
0.137857
0.137418
0.137229
0.137005
0.136759
0.136559
0.136478
0.136388
0.136286
0.136345
0.136191
0.136309
0.136423
0.136522
0.136850
0.137019
0.137357
0.137476
0.137878
0.138142
0.138485
0.138840
0.139250
0.139581
0.139928
0.140390
0.140734
0.141161
0.141638
0.141956
0.142353
0.142789
0.143072
0.143388
0.143831
0.144164
0.144592
0.144976
0.145527
0.145997
0.146413
0.146789
0.147377
0.147824
0.148320
0.148751
0.149096
0.149601
0.149972
0.150516
0.150994
0.151502
0.151841
0.152354
0.152857
0.153460
0.153853
0.154332
0.154760
0.155243
0.155747
0.156081
0.156496
0.156969
0.157367
0.157751
0.158130
0.158448
0.158839
0.159184
0.159473
0.159853
0.160080
0.160278
0.160611
0.160779
0.161008
0.161190
0.161373
0.161558
0.161722
0.161834
0.162009
0.162102
0.162007
0.162108
0.162209
0.162081
0.162113
0.162009
0.161918
0.161896
0.161713
0.161544
0.161357
0.161300
0.160952
0.161006
0.160635
0.160492
0.160176
0.159984
0.159751
0.159691
0.159611
0.159695
0.159786
0.159678
0.159811
0.159945
0.160060
0.160247
0.160434
0.160685
0.160920
0.161167
0.161343
0.161451
0.161515
0.161673
0.161737
0.161646
0.161535
0.161394
0.161075
0.160938
0.160765
0.160388
0.160161
0.160046
0.159672
0.159390
0.159260
0.158953
0.158495
0.158349
0.158146
0.157945
0.157538
0.157449
0.157275
0.157253
0.156839
0.156802
0.156779
0.156561
0.156338
0.156374
0.156420
0.156205
0.156031
0.156042
0.155935
0.155600
0.155605
0.155569
0.155512
0.155054
0.154977
0.155027
0.154886
0.154576
0.154599
0.154572
0.154503
0.154198
0.154062
0.153981
0.153903
0.153550
0.153401
0.153288
0.153032
0.152923
0.152844
0.152595
0.152237
0.152021
0.151773
0.151596
0.151002
0.150672
0.150447
0.150132
0.149363
0.149001
0.148549
0.148108
0.147270
0.146944
0.146372
0.145502
0.144990
0.144540
0.143959
0.142945
0.142398
0.141921
0.141394
0.140399
0.139823
0.139124
0.138550
0.137510
0.136807
0.136153
0.135503
0.134373
0.133787
0.133104
0.132401
0.131237
0.130575
0.129779
0.128676
0.127943
0.127197
0.126433
0.125192
0.124443
0.123721
0.122935
0.121659
0.120997
0.120157
0.119436
0.118309
0.117575
0.116795
0.115976
0.114805
0.114045
0.113388
0.112104
0.111405
0.110673
0.109953
0.108901
0.107978
0.107489
0.106801
0.105588
0.104976
0.104390
0.103646
0.102548
0.101878
0.101454
0.100832
0.099736
0.099251
0.098599
0.098133
0.097065
0.096555
0.096079
0.095036
0.094673
0.094119
0.093818
0.092826
0.092409
0.092007
0.091762
0.090818
0.090392
0.090142
0.089867
0.088919
0.088627
0.088362
0.088112
0.087286
0.086900
0.086657
0.085906
0.085583
0.085451
0.085136
0.084357
0.084090
0.083844
0.083622
0.082872
0.082526
0.082439
0.082262
0.081346
0.081333
0.080995
0.080832
0.080062
0.079878
0.079689
0.079560
0.078756
0.078613
0.078382
0.077525
0.077441
0.077131
0.076989
0.076157
0.075969
0.075775
0.075571
0.074756
0.074711
0.074426
0.074183
0.073368
0.073127
0.072983
0.072911
0.072016
0.071786
0.071677
0.070872
0.070657
0.070502
0.070377
0.069394
0.069417
0.069174
0.069005
0.068252
0.068129
0.067921
0.067839
0.067056
0.067006
0.066741
0.066783
0.065908
0.065734
0.065744
0.065604
0.064770
0.064734
0.064664
0.063939
0.063901
0.063894
0.063876
0.063075
0.063091
0.062994
0.063081
0.062300
0.062399
0.062348
0.062359
0.061765
0.061762
0.061862
0.061966
0.061241
0.061306
0.061323
0.060748
0.060964
0.060923
0.061067
0.060374
0.060468
0.060701
0.060741
0.060147
0.060344
0.060477
0.060523
0.059965
0.060191
0.060249
0.060572
0.059921
0.060082
0.060225
0.059640
0.059862
0.060018
0.060224
0.059616
0.059747
0.059918
0.060202
0.059547
0.059786
0.059973
0.060174
0.059501
0.059678
0.059866
0.060061
0.059484
0.059735
0.059923
0.059922
0.059438
0.059651
0.059753
0.059150
0.059342
0.059492
0.059708
0.059104
0.059324
0.059494
0.059614
0.059046
0.059212
0.059403
0.059597
0.059074
0.059106
0.059361
0.059582
0.058886
0.059107
0.059338
0.058653
0.058737
0.059027
0.059199
0.058492
0.058706
0.058791
0.059034
0.058473
0.058627
0.058738
0.058953
0.058292
0.058477
0.058721
0.058914
0.058254
0.058440
0.058581
0.058823
0.058140
0.058424
0.058550
0.057839
0.058093
0.058284
0.058575
0.057843
0.058003
0.058298
0.058464
0.057754
0.058095
0.058167
0.058358
0.057763
0.057927
0.058191
0.058428
0.057785
0.057981
0.058199
0.057516
0.057724
0.057937
0.058078
0.057580
0.057714
0.057930
0.058161
0.057543
0.057689
0.057839
0.058082
0.057466
0.057667
0.057967
0.058016
0.057400
0.057672
0.057882
0.057990
0.057450
0.057656
0.057826
0.057147
0.057518
0.057644
0.057814
0.057257
0.057333
0.057594
0.057906
0.057297
0.057397
0.057644
0.057840
0.057266
0.057403
0.057704
0.057875
0.057218
0.057500
0.057618
0.057040
0.057239
0.057473
0.057704
0.057106
0.057283
0.057600
0.057830
0.057169
0.057232
0.057607
0.057912
0.057173
0.057353
0.057633
0.057863
0.057174
0.057483
0.057688
0.057866
0.057214
0.057560
0.057735
0.057016
0.057277
0.057541
0.057738
0.057106
0.057423
0.057611
0.057838
0.057146
0.057434
0.057551
0.057892
0.057181
0.057451
0.057618
0.057844
0.057193
0.057556
0.057744
0.057029
0.057226
0.057539
0.057792
0.057152
0.057330
0.057617
0.057847
0.057189
0.057361
0.057754
0.057924
0.057328
0.057471
0.057822
0.058085
0.057422
0.057606
0.057894
0.058121
0.057522
0.057704
0.057950
0.057356
0.057586
0.057850
0.057928
0.057384
0.057638
0.057862
0.058013
0.057496
0.057751
0.057895
0.058210
0.057597
0.057748
0.058009
0.058293
0.057632
0.057761
0.058051
0.057505
0.057649
0.057878
0.058138
0.057536
0.057734
0.058040
0.058303
0.057636
0.057845
0.058153
0.058304
0.057758
0.057928
0.058214
0.058417
0.057788
0.058039
0.058239
0.058528
0.057888
0.058114
0.058407
0.057776
0.058033
0.058231
0.058552
0.057865
0.058064
0.058285
0.058551
0.058001
0.058116
0.058342
0.058663
0.058059
0.058259
0.058543
0.058808
0.058175
0.058404
0.058663
0.058008
0.058311
0.058452
0.058713
0.058028
0.058251
0.058579
0.058768
0.058135
0.058388
0.058612
0.058795
0.058162
0.058475
0.058696
0.058871
0.058351
0.058521
0.058637
0.058213
0.058413
0.058581
0.058755
0.058239
0.058411
0.058580
0.058810
0.058324
0.058462
0.058616
0.059053
0.058261
0.058485
0.058668
0.059002
0.058258
0.058397
0.058763
0.059000
0.058262
0.058403
0.058796
0.058118
0.058202
0.058602
0.058817
0.058116
0.058259
0.058629
0.058814
0.058227
0.058342
0.058691
0.059020
0.058293
0.058578
0.058805
0.059019
0.058379
0.058664
0.058888
0.058277
0.058519
0.058775
0.058953
0.058370
0.058671
0.058813
0.058955
0.058442
0.058725
0.058839
0.059099
0.058535
0.058706
0.058849
0.059164
0.058533
0.058676
0.058933
0.059315
0.058534
0.058762
0.059076
0.058469
0.058544
0.058855
0.059111
0.058428
0.058600
0.058858
0.059155
0.058410
0.058724
0.058923
0.059099
0.058345
0.058687
0.058859
0.059055
0.058405
0.058719
0.058890
0.058295
0.058579
0.058732
0.058889
0.058253
0.058567
0.058652
0.058981
0.058457
0.058628
0.058860
0.059074
0.058522
0.058667
0.058901
0.059188
0.058474
0.058795
0.058967
0.059175
0.058575
0.058834
0.058952
0.058387
0.058589
0.058877
0.059149
0.058423
0.058643
0.058904
0.059116
0.058430
0.058634
0.058950
0.059100
0.058534
0.058753
0.058937
0.059173
0.058629
0.058826
0.058924
0.058390
0.058592
0.058848
0.059074
0.058432
0.058616
0.058787
0.059145
0.058441
0.058580
0.058838
0.059088
0.058488
0.058683
0.058856
0.059100
0.058449
0.058649
0.058880
0.059091
0.058462
0.058668
0.058838
0.058220
0.058519
0.058697
0.058876
0.058309
0.058564
0.058684
0.058946
0.058323
0.058579
0.058718
0.058918
0.058333
0.058534
0.058760
0.058961
0.058392
0.058507
0.058733
0.058039
0.058309
0.058648
0.058761
0.058150
0.058421
0.058619
0.058779
0.058271
0.058439
0.058606
0.058780
0.058316
0.058429
0.058623
0.058855
0.058243
0.058412
0.058714
0.059010
0.058347
0.058477
0.058762
0.058249
0.058349
0.058589
0.058843
0.058210
0.058416
0.058814
0.058905
0.058289
0.058445
0.058776
0.058817
0.058323
0.058569
0.058761
0.058957
0.058436
0.058600
0.058902
0.058236
0.058465
0.058633
0.058855
0.058334
0.058564
0.058714
0.058821
0.058300
0.058537
0.058794
0.058918
0.058326
0.058635
0.058719
0.058996
0.058446
0.058639
0.058804
0.059032
0.058520
0.058635
0.058828
0.058394
0.058556
0.058629
0.058891
0.058257
0.058545
0.058717
0.058859
0.058323
0.058457
0.058657
0.058884
0.058382
0.058564
0.058709
0.058879
0.058404
0.058514
0.058599
0.058118
0.058373
0.058430
0.058774
0.058129
0.058237
0.058499
0.058699
0.058113
0.058365
0.058594
0.058732
0.058284
0.058505
0.058617
0.058741
0.058428
0.058577
0.058755
0.058227
0.058534
0.058652
0.058831
0.058354
0.058587
0.058717
0.058974
0.058504
0.058617
0.058788
0.059129
0.058502
0.058681
0.058795
0.059117
0.058462
0.058727
0.058954
0.059183
0.058550
0.058728
0.058963
0.058416
0.058590
0.058910
0.058961
0.058442
0.058639
0.058874
0.059071
0.058401
0.058677
0.058850
0.059018
0.058472
0.058792
0.058872
0.059127
0.058635
0.058728
0.058981
0.058418
0.058688
0.058809
0.058978
0.058467
0.058660
0.058842
0.059070
0.058526
0.058797
0.058871
0.059033
0.058577
0.058748
0.058913
0.058998
0.058524
0.058784
0.058884
0.059083
0.058608
0.058791
0.058878
0.058469
0.058611
0.058816
0.058987
0.058403
0.058760
0.058982
0.059153
0.058590
0.058900
0.059037
0.059237
0.058721
0.058927
0.059099
0.059354
0.058832
0.058994
0.059281
0.058662
0.058876
0.059138
0.059393
0.058709
0.058992
0.059196
0.059384
0.058774
0.059073
0.059289
0.059431
0.058803
0.059163
0.059293
0.059434
0.059003
0.059208
0.059312
0.059488
0.059087
0.059179
0.059405
0.058783
0.059010
0.059151
0.059379
0.058793
0.059067
0.059280
0.059419
0.058839
0.059144
0.059254
0.059455
0.059061
0.059203
0.059316
0.059547
0.059126
0.059215
0.059447
0.058975
0.059146
0.059394
0.059564
0.059049
0.059200
0.059460
0.059743
0.059245
0.059420
0.059568
0.059794
0.059267
0.059501
0.059784
0.059960
0.059378
0.059605
0.059832
0.060020
0.059496
0.059761
0.059970
0.059362
0.059596
0.059879
0.060073
0.059495
0.059806
0.059960
0.060107
0.059585
0.059789
0.060017
0.060210
0.059736
0.059887
0.060024
0.060251
0.059759
0.059961
0.060103
0.059521
0.059751
0.059972
0.060109
0.059504
0.059728
0.059846
0.060121
0.059597
0.059771
0.059844
0.060039
0.059491
0.059689
0.059787
0.060012
0.059415
0.059593
0.059777
0.059997
0.059332
0.059547
0.059849
0.059228
0.059314
0.059475
0.059725
0.059175
0.059368
0.059612
0.059830
0.059176
0.059409
0.059589
0.059783
0.059192
0.059472
0.059687
0.059856
0.059245
0.059513
0.059676
0.059140
0.059229
0.059481
0.059782
0.059109
0.059274
0.059595
0.059694
0.059140
0.059382
0.059508
0.059596
0.059118
0.059431
0.059509
0.059645
0.059194
0.059290
0.059399
0.059583
0.059175
0.059321
0.059450
0.058871
0.059148
0.059263
0.059429
0.058918
0.059022
0.059179
0.059428
0.058872
0.058908
0.059163
0.059413
0.058804
0.058893
0.059141
0.059342
0.058652
0.058907
0.059046
0.058421
0.058581
0.058793
0.058879
0.058359
0.058561
0.058692
0.058913
0.058297
0.058447
0.058553
0.058754
0.058291
0.058417
0.058558
0.058843
0.058239
0.058394
0.058578
0.058062
0.058188
0.058356
0.058657
0.057962
0.058203
0.058402
0.058603
0.058017
0.058264
0.058539
0.058662
0.058070
0.058272
0.058616
0.058760
0.058051
0.058364
0.058560
0.058754
0.058103
0.058329
0.058470
0.057941
0.058164
0.058400
0.058654
0.058064
0.058228
0.058368
0.058568
0.058093
0.058229
0.058370
0.058602
0.058119
0.058313
0.058365
0.058652
0.058071
0.058156
0.058361
0.057810
0.057965
0.058219
0.058390
0.057771
0.057877
0.058131
0.058275
0.057639
0.057885
0.058027
0.058292
0.057609
0.057950
0.058149
0.058294
0.057609
0.057863
0.058094
0.058246
0.057573
0.057801
0.058085
0.057328
0.057549
0.057861
0.057951
0.057475
0.057602
0.057891
0.057978
0.057429
0.057602
0.057885
0.058068
0.057401
0.057686
0.057916
0.058206
0.057520
0.057766
0.057968
0.057309
0.057526
0.057783
0.058040
0.057304
0.057611
0.057866
0.057984
0.057405
0.057683
0.057775
0.057947
0.057486
0.057646
0.057789
0.058127
0.057492
0.057607
0.057866
0.058009
0.057433
0.057658
0.057883
0.057321
0.057450
0.057764
0.057995
0.057369
0.057498
0.057732
0.058072
0.057386
0.057555
0.057871
0.058071
0.057440
0.057758
0.057958
0.058101
0.057498
0.057955
0.058072
0.057492
0.057678
0.057984
0.058131
0.057693
0.057911
0.058085
0.058345
0.057729
0.057976
0.058245
0.058475
0.057934
0.058111
0.058486
0.058630
0.057982
0.058420
0.058623
0.058735
0.058284
0.058548
0.058750
0.058233
0.058448
0.058625
0.058890
0.058359
0.058496
0.058812
0.059105
0.058428
0.058686
0.058951
0.059178
0.058528
0.058822
0.059141
0.059206
0.058640
0.058992
0.059222
0.058602
0.058782
0.059126
0.059327
0.058713
0.058888
0.059313
0.059401
0.058840
0.059098
0.059362
0.059506
0.058966
0.059224
0.059376
0.059690
0.059068
0.059273
0.059476
0.059878
0.059198
0.059400
0.059740
0.059152
0.059232
0.059567
0.059856
0.059181
0.059403
0.059631
0.059833
0.059205
0.059512
0.059652
0.059918
0.059268
0.059520
0.059660
0.059974
0.059293
0.059577
0.059663
0.059128
0.059325
0.059553
0.059696
0.059163
0.059357
0.059558
0.059705
0.059164
0.059328
0.059435
0.059725
0.059220
0.059304
0.059405
0.059753
0.059184
0.059260
0.059487
0.059840
0.059179
0.059233
0.059491
0.058964
0.059064
0.059307
0.059562
0.058889
0.059013
0.059318
0.059519
0.058854
0.059051
0.059355
0.059493
0.058779
0.059097
0.059286
0.059454
0.058796
0.059181
0.059227
0.058669
0.058920
0.059202
0.059264
0.058706
0.058949
0.059145
0.059320
0.058754
0.058992
0.059112
0.059284
0.058741
0.058983
0.059088
0.059338
0.058702
0.058927
0.059118
0.059320
0.058659
0.058828
0.059144
0.058489
0.058589
0.058839
0.059102
0.058388
0.058544
0.058851
0.059006
0.058382
0.058545
0.058795
0.058939
0.058299
0.058583
0.058753
0.058910
0.058277
0.058585
0.058732
0.058112
0.058333
0.058502
0.058693
0.058026
0.058297
0.058491
0.058579
0.058007
0.058175
0.058431
0.058616
0.058011
0.058125
0.058463
0.058681
0.058035
0.058269
0.058441
0.057901
0.058071
0.058301
0.058506
0.057983
0.058174
0.058373
0.058551
0.058037
0.058163
0.058474
0.058693
0.058053
0.058309
0.058507
0.058808
0.058086
0.058368
0.058623
0.058807
0.058210
0.058403
0.058580
0.058117
0.058230
0.058458
0.058747
0.058149
0.058368
0.058476
0.058860
0.058231
0.058345
0.058595
0.058836
0.058317
0.058402
0.058656
0.058924
0.058313
0.058513
0.058727
0.058135
0.058428
0.058570
0.058766
0.058170
0.058397
0.058559
0.058780
0.058244
0.058382
0.058552
0.058814
0.058219
0.058389
0.058557
0.058871
0.058162
0.058387
0.058608
0.058840
0.058100
0.058493
0.058694
0.058075
0.058270
0.058551
0.058734
0.058190
0.058343
0.058703
0.058790
0.058204
0.058507
0.058758
0.058844
0.058257
0.058562
0.058680
0.058853
0.058309
0.058522
0.058662
0.058131
0.058317
0.058489
0.058825
0.058183
0.058346
0.058550
0.058884
0.058240
0.058343
0.058630
0.058856
0.058292
0.058429
0.058597
0.058918
0.058261
0.058514
0.058709
0.058908
0.058336
0.058503
0.058756
0.058187
0.058319
0.058488
0.058744
0.058134
0.058216
0.058549
0.058805
0.058123
0.058348
0.058545
0.058833
0.058151
0.058379
0.058636
0.058925
0.058306
0.058593
0.058712
0.058136
0.058405
0.058641
0.058754
0.058252
0.058453
0.058713
0.058884
0.058383
0.058554
0.058838
0.059075
0.058479
0.058651
0.058941
0.059173
0.058607
0.058759
0.059014
0.059338
0.058630
0.058863
0.059114
0.058594
0.058798
0.058942
0.059253
0.058647
0.058912
0.059056
0.059395
0.058838
0.058917
0.059212
0.059529
0.058894
0.059064
0.059374
0.059614
0.059024
0.059252
0.059533
0.058980
0.059122
0.059411
0.059709
0.059039
0.059229
0.059515
0.059773
0.059160
0.059349
0.059694
0.059819
0.059272
0.059602
0.059777
0.059950
0.059387
0.059587
0.059846
0.060045
0.059574
0.059716
0.059857
0.059433
0.059585
0.059722
0.060008
0.059434
0.059644
0.059783
0.060103
0.059499
0.059599
0.059857
0.060056
0.059408
0.059632
0.059912
0.060055
0.059524
0.059778
0.059975
0.059290
0.059582
0.059785
0.059979
0.059441
0.059624
0.059762
0.060100
0.059547
0.059672
0.059891
0.060023
0.059499
0.059719
0.059971
0.060079
0.059485
0.059796
0.059964
0.060129
0.059649
0.059783
0.060027
0.059454
0.059607
0.059768
0.059970
0.059531
0.059633
0.059774
0.059967
0.059371
0.059663
0.059842
0.060062
0.059414
0.059612
0.059838
0.060029
0.059477
0.059629
0.059882
0.059302
0.059429
0.059675
0.059853
0.059327
0.059389
0.059587
0.059926
0.059255
0.059451
0.059596
0.059868
0.059241
0.059392
0.059648
0.059791
0.059119
0.059430
0.059610
0.059024
0.059183
0.059312
0.059503
0.058982
0.059145
0.059349
0.059488
0.058964
0.059171
0.059299
0.059524
0.058872
0.059154
0.059242
0.059554
0.058949
0.059141
0.059313
0.059627
0.058930
0.059171
0.059397
0.058823
0.059119
0.059233
0.059515
0.058982
0.059093
0.059236
0.059573
0.059066
0.059187
0.059322
0.059568
0.059044
0.059268
0.059410
0.059636
0.059071
0.059356
0.059483
0.058940
0.059173
0.059364
0.059550
0.058917
0.059180
0.059483
0.059578
0.058964
0.059229
0.059504
0.059614
0.058995
0.059344
0.059455
0.059677
0.059147
0.059360
0.059531
0.059699
0.059226
0.059357
0.059603
0.059024
0.059239
0.059455
0.059651
0.059132
0.059321
0.059562
0.059728
0.059171
0.059415
0.059522
0.059708
0.059220
0.059426
0.059534
0.059845
0.059231
0.059473
0.059646
0.059065
0.059315
0.059476
0.059700
0.059107
0.059285
0.059557
0.059725
0.059177
0.059362
0.059613
0.059784
0.059261
0.059389
0.059527
0.059840
0.059226
0.059293
0.059602
0.059798
0.059210
0.059429
0.059579
0.059062
0.059095
0.059320
0.059639
0.058913
0.059103
0.059299
0.059564
0.058781
0.059177
0.059372
0.059485
0.058929
0.059116
0.059288
0.059451
0.058955
0.059085
0.059262
0.058771
0.058956
0.059120
0.059319
0.058792
0.058926
0.059089
0.059343
0.058760
0.058863
0.059034
0.059297
0.058769
0.058931
0.059127
0.059384
0.058779
0.058932
0.059132
0.059361
0.058770
0.058905
0.059163
0.058636
0.058769
0.058877
0.059161
0.058579
0.058735
0.059021
0.059192
0.058579
0.058825
0.059033
0.059176
0.058589
0.058960
0.059050
0.059276
0.058687
0.058884
0.059138
0.058533
0.058748
0.058944
0.059201
0.058588
0.058766
0.058888
0.059227
0.058714
0.058794
0.059047
0.059303
0.058688
0.058874
0.059073
0.059337
0.058699
0.058923
0.059235
0.059377
0.058732
0.058971
0.059232
0.058578
0.058790
0.059129
0.059289
0.058657
0.058897
0.059127
0.059241
0.058739
0.058887
0.059172
0.059310
0.058801
0.058922
0.059134
0.059448
0.058886
0.059021
0.059190
0.058782
0.058885
0.059083
0.059197
0.058734
0.058930
0.059072
0.059388
0.058766
0.058931
0.059130
0.059452
0.058811
0.059011
0.059295
0.059462
0.058805
0.058959
0.059381
0.059466
0.058933
0.059165
0.059363
0.058785
0.059030
0.059320
0.059405
0.058837
0.059137
0.059333
0.059491
0.058966
0.059214
0.059383
0.059532
0.059084
0.059228
0.059369
0.059650
0.059085
0.059235
0.059435
0.058969
0.059151
0.059386
0.059527
0.059058
0.059177
0.059335
0.059639
0.059139
0.059241
0.059406
0.059753
0.059079
0.059294
0.059571
0.059799
0.059175
0.059288
0.059587
0.058979
0.059127
0.059375
0.059629
0.059028
0.059150
0.059543
0.059686
0.059000
0.059291
0.059618
0.059694
0.059001
0.059386
0.059613
0.059669
0.059116
0.059457
0.059514
0.059790
0.059196
0.059445
0.059469
0.059024
0.059264
0.059377
0.059627
0.059092
0.059278
0.059475
0.059615
0.059140
0.059214
0.059496
0.059716
0.059090
0.059399
0.059597
0.059677
0.059170
0.059333
0.059582
0.059030
0.059207
0.059435
0.059548
0.059022
0.059234
0.059348
0.059481
0.058980
0.059224
0.059394
0.059529
0.058976
0.059244
0.059409
0.059636
0.059017
0.059250
0.059500
0.059700
0.059072
0.059155
0.059532
0.058920
0.059022
0.059244
0.059583
0.058906
0.059146
0.059399
0.059598
0.058927
0.059197
0.059396
0.059509
0.059061
0.059227
0.059280
0.059595
0.059024
0.059248
0.059386
0.058920
0.059110
0.059194
0.059534
0.058943
0.059101
0.059326
0.059551
0.058965
0.059071
0.059354
0.059575
0.058986
0.059201
0.059340
0.059625
0.059032
0.059286
0.059457
0.059630
0.059027
0.059280
0.059537
0.058918
0.059088
0.059370
0.059537
0.058807
0.059197
0.059391
0.059451
0.058860
0.059193
0.059367
0.059483
0.058948
0.059226
0.059399
0.059541
0.059054
0.059195
0.059366
0.058839
0.059022
0.059222
0.059446
0.058939
0.059133
0.059239
0.059437
0.058931
0.059066
0.059237
0.059463
0.058902
0.059096
0.059350
0.059524
0.058928
0.059071
0.059383
0.059498
0.058986
0.059239
0.059351
0.058769
0.058931
0.059300
0.059412
0.058768
0.059044
0.059216
0.059444
0.058855
0.059104
0.059329
0.059444
0.058851
0.059102
0.059383
0.059499
0.058845
0.059100
0.059354
0.058711
0.058898
0.059237
0.059351
0.058679
0.059013
0.059239
0.059325
0.058734
0.059014
0.059210
0.059295
0.058788
0.059041
0.059239
0.059440
0.058757
0.059039
0.059294
0.059380
0.058871
0.059071
0.059268
0.058596
0.058869
0.059070
0.059267
0.058703
0.058842
0.059069
0.059297
0.058649
0.058838
0.059053
0.059252
0.058629
0.058883
0.059140
0.059285
0.058574
0.058829
0.059122
0.058505
0.058697
0.058838
0.059008
0.058449
0.058696
0.058922
0.059065
0.058412
0.058719
0.058841
0.059184
0.058503
0.058707
0.058907
0.059138
0.058542
0.058738
0.059020
0.059194
0.058596
0.058710
0.058993
0.058433
0.058568
0.058794
0.059047
0.058456
0.058651
0.058847
0.059017
0.058455
0.058621
0.058902
0.059120
0.058558
0.058668
0.058924
0.059124
0.058582
0.058724
0.058894
0.058452
0.058554
0.058809
0.059039
0.058421
0.058555
0.058667
0.059035
0.058333
0.058605
0.058772
0.058943
0.058434
0.058630
0.058715
0.058973
0.058346
0.058657
0.058797
0.059000
0.058381
0.058606
0.058766
0.058183
0.058400
0.058514
0.058797
0.058182
0.058343
0.058542
0.058713
0.058179
0.058276
0.058473
0.058809
0.058104
0.058296
0.058523
0.058744
0.058152
0.058315
0.058653
0.057929
0.058118
0.058392
0.058565
0.057918
0.058189
0.058390
0.058609
0.057908
0.058211
0.058441
0.058549
0.058016
0.058283
0.058416
0.058527
0.057989
0.058236
0.058406
0.057939
0.058036
0.058223
0.058379
0.057937
0.058129
0.058266
0.058431
0.057928
0.058150
0.058269
0.058490
0.057987
0.058122
0.058292
0.058601
0.057907
0.058125
0.058495
0.058636
0.057990
0.058201
0.058442
0.057826
0.057960
0.058258
0.058486
0.057850
0.058102
0.058351
0.058461
0.057865
0.058254
0.058327
0.058440
0.058047
0.058270
0.058378
0.058576
0.058146
0.058307
0.058421
0.057861
0.058162
0.058318
0.058489
0.057877
0.058149
0.058332
0.058561
0.057911
0.058165
0.058411
0.058581
0.058047
0.058239
0.058405
0.058603
0.058065
0.058283
0.058448
0.058625
0.058114
0.058279
0.058415
0.057888
0.058137
0.058302
0.058499
0.057915
0.058137
0.058268
0.058464
0.057874
0.058155
0.058292
0.058493
0.057904
0.058125
0.058319
0.058579
0.057900
0.058089
0.058373
0.057696
0.057918
0.058084
0.058339
0.057721
0.057803
0.058113
0.058308
0.057633
0.057798
0.058135
0.058247
0.057599
0.057820
0.058131
0.058216
0.057602
0.057849
0.058075
0.058222
0.057601
0.057823
0.058024
0.057377
0.057600
0.057792
0.058075
0.057401
0.057627
0.057821
0.058050
0.057488
0.057606
4.029293
4.029053
4.029551
4.028543
4.027695
4.026678
4.025913
4.024451
4.023996
4.024214
4.024237
4.024272
4.024189
4.024820
4.024583
4.024432
4.024052
4.023762
4.023298
4.022694
4.022088
4.021487
4.020862
4.020340
4.019665
4.019005
4.018178
4.017210
4.016198
4.015066
4.014006
4.012936
4.011682
4.010545
4.009354
4.008026
4.006667
4.005345
4.004052
4.002634
4.001186
3.999891
3.998624
3.997382
3.996006
3.994628
3.993253
3.991854
3.990395
3.988940
3.987358
3.985756
3.984174
3.982427
3.980810
3.978929
3.977116
3.975205
3.973257
3.971282
3.969309
3.967246
3.965241
3.963246
3.961275
3.959198
3.956910
3.954668
3.952186
3.949920
3.947556
3.945159
3.942661
3.940232
3.937778
3.935219
3.932907
3.930534
3.928119
3.925560
3.922909
3.920273
3.917726
3.914948
3.912035
3.909167
3.906412
3.903674
3.901103
3.898445
3.895846
3.893250
3.890594
3.887934
3.885254
3.882488
3.879599
3.876794
3.874059
3.871323
3.868544
3.865614
3.862760
3.860035
3.857159
3.854229
3.851438
3.848637
3.845818
3.842995
3.840063
3.837257
3.834413
3.831472
3.828574
3.825699
3.822744
3.819954
3.817056
3.814320
3.811434
3.808582
3.805756
3.802852
3.799954
3.796890
3.793927
3.791003
3.788075
3.785167
3.782312
3.779471
3.776592
3.773742
3.770768
3.767788
3.764691
3.761625
3.758588
3.755524
3.752450
3.749394
3.746382
3.743408
3.740446
3.737466
3.734451
3.731402
3.728337
3.725216
3.722243
3.719110
3.715812
3.712737
3.709497
3.706436
3.703371
3.700273
3.697177
3.694287
3.691227
3.688071
3.684938
3.681696
3.678546
3.675405
3.672265
3.668934
3.665771
3.662497
3.659238
3.655993
3.652815
3.649779
3.647072
3.644119
3.640700
3.637248
3.634154
3.631371
3.628544
3.625898
3.622624
3.619590
3.616508
3.613564
3.610688
3.607677
3.604792
3.601809
3.598921
3.595914
3.592626
3.589621
3.586472
3.583557
3.580661
3.577653
3.574590
3.571796
3.568846
3.565974
3.563007
3.559899
3.556972
3.553946
3.551086
3.548172
3.545180
3.542012
3.538990
3.535722
3.532691
3.529473
3.526353
3.523145
3.520073
3.516671
3.513472
3.510330
3.506972
3.503593
3.500402
3.497419
3.494215
3.490849
3.487498
3.484151
3.480853
3.477456
3.474245
3.470911
3.467643
3.464670
3.461466
3.458248
3.455250
3.452378
3.449395
3.446440
3.443521
3.440504
3.437263
3.434218
3.431165
3.428149
3.425038
3.422135
3.419078
3.415994
3.412754
3.409660
3.406420
3.403413
3.400336
3.397227
3.394227
3.391234
3.388242
3.385178
3.382232
3.379273
3.376344
3.373338
3.370342
3.367348
3.364414
3.361517
3.358475
3.355463
3.352496
3.349509
3.346798
3.343939
3.341131
3.338221
3.335345
3.332617
3.329919
3.327333
3.324661
3.321842
3.318952
3.316013
3.313112
3.310204
3.307292
3.304394
3.301537
3.298774
3.296274
3.293822
3.291378
3.288919
3.286318
3.283666
3.281193
3.278708
3.276165
3.273717
3.271005
3.268278
3.265363
3.262486
3.259672
3.256702
3.253689
3.250693
3.247643
3.244844
3.242323
3.240037
3.237545
3.235174
3.232474
3.229936
3.227426
3.224854
3.222144
3.219604
3.217247
3.214827
3.212571
3.210330
3.208026
3.205457
3.203041
3.200353
3.197600
3.194936
3.192250
3.189572
3.186953
3.184062
3.181364
3.178562
3.175610
3.172737
3.169890
3.167089
3.164349
3.161681
3.159001
3.156368
3.153588
3.150829
3.148121
3.145375
3.142534
3.139751
3.136905
3.134132
3.131281
3.128599
3.125985
3.123108
3.120111
3.117139
3.114287
3.111118
3.108075
3.104968
3.101969
3.099117
3.096235
3.093272
3.090431
3.087565
3.084699
3.081642
3.078794
3.075722
3.072768
3.069987
3.066869
3.063904
3.060903
3.057925
3.054907
3.051867
3.048853
3.045932
3.043004
3.040104
3.037150
3.034145
3.031204
3.028087
3.024935
3.021922
3.018789
3.015913
3.012864
3.009888
3.007032
3.004163
3.001315
2.998476
2.995421
2.992423
2.989345
2.986440
2.983511
2.980609
2.977726
2.974930
2.972215
2.969674
2.967047
2.964453
2.961585
2.959027
2.956338
2.953656
2.950955
2.948262
2.945526
2.943029
2.940554
2.937920
2.935339
2.932874
2.930329
2.927471
2.924796
2.921951
2.919205
2.916622
2.914105
2.911566
2.908812
2.906283
2.903978
2.901431
2.898850
2.896136
2.893491
2.890570
2.887713
2.884937
2.882561
2.880121
2.877659
2.874878
2.872284
2.869849
2.867471
2.865202
2.862481
2.859680
2.857129
2.854737
2.852307
2.849746
2.847106
2.844431
2.841748
2.838686
2.835504
2.833266
2.830810
2.828724
2.826828
2.824869
2.822594
2.820494
2.818524
2.816578
2.814551
2.812040
2.809370
2.806701
2.803802
2.800695
2.797791
2.794819
2.791993
2.789639
2.787558
2.785437
2.783498
2.781494
2.779211
2.776919
2.774536
2.772141
2.769698
2.767417
2.765178
2.763012
2.761089
2.758930
2.756854
2.754788
2.752271
2.749846
2.747458
2.744860
2.742699
2.740428
2.737574
2.734887
2.732085
2.729451
2.726970
2.724266
2.721599
2.718858
2.716397
2.713634
2.710975
2.708463
2.705857
2.703282
2.700732
2.698353
2.695742
2.693210
2.690678
2.688210
2.685604
2.683075
2.680510
2.677291
2.674046
2.671407
2.668895
2.666171
2.663417
2.660820
2.658228
2.655577
2.652866
2.649926
2.647264
2.644354
2.641512
2.638777
2.635935
2.633084
2.630232
2.627315
2.624174
2.621153
2.617931
2.614594
2.611536
2.608275
2.605153
2.601869
2.598632
2.595495
2.592311
2.588966
2.585638
2.582406
2.579056
2.575707
2.572382
2.569150
2.565884
2.562673
2.559354
2.556181
2.553014
2.549756
2.546621
2.543405
2.540148
2.536954
2.533627
2.530461
2.527166
2.523960
2.520626
2.517514
2.514178
2.510942
2.507747
2.504521
2.501361
2.498350
2.495159
2.491885
2.488503
2.485176
2.481880
2.478536
2.475107
2.471886
2.468580
2.465424
2.462169
2.458949
2.455702
2.452558
2.449321
2.446237
2.442972
2.439565
2.436472
2.433116
2.429859
2.426619
2.423397
2.420009
2.416812
2.413367
2.409954
2.406468
2.403103
2.399589
2.396223
2.392726
2.389496
2.386231
2.383001
2.379748
2.376494
2.373260
2.369861
2.366591
2.363165
2.359831
2.356559
2.353344
2.350131
2.346892
2.343812
2.340699
2.337556
2.334204
2.331002
2.327635
2.324420
2.321135
2.317862
2.314672
2.311549
2.308384
2.305201
2.302082
2.299055
2.296093
2.293058
2.289997
2.286899
2.283842
2.280809
2.277851
2.275060
2.272010
2.268981
2.266099
2.263141
2.260072
2.256997
2.253782
2.250729
2.247639
2.244520
2.241691
2.238664
2.235570
2.232750
2.229697
2.226762
2.223675
2.220755
2.217802
2.214700
2.211696
2.208714
2.205720
2.202713
2.199734
2.196857
2.193932
2.191207
2.188361
2.185417
2.182410
2.179408
2.176530
2.173646
2.170718
2.168015
2.165378
2.162603
2.159694
2.156841
2.154135
2.151354
2.148756
2.146088
2.143517
2.140961
2.138619
2.135702
2.132836
2.130407
2.128098
2.125879
2.123278
2.120147
2.117040
2.113685
2.110722
2.107561
2.104884
2.102127
2.099495
2.096807
2.093881
2.091290
2.088636
2.085759
2.083004
2.080166
2.077403
2.074642
2.071842
2.069123
2.066474
2.063880
2.061158
2.058507
2.055874
2.053165
2.050574
2.047849
2.045151
2.042487
2.039786
2.036968
2.034150
2.031303
2.028460
2.025624
2.022877
2.020214
2.017535
2.014966
2.012371
2.009824
2.007216
2.004494
2.001685
1.998955
1.996221
1.993439
1.990760
1.988193
1.985592
1.983046
1.980593
1.977926
1.975471
1.972826
1.970212
1.967506
1.964797
1.962132
1.959627
1.956886
1.954301
1.951862
1.949393
1.946862
1.944565
1.941942
1.939261
1.936672
1.933936
1.931139
1.928285
1.925596
1.922802
1.920184
1.917710
1.915106
1.912711
1.910348
1.907835
1.905213
1.902550
1.899841
1.897084
1.894439
1.891847
1.889260
1.886665
1.883953
1.881490
1.879032
1.876298
1.873707
1.870995
1.868105
1.865430
1.862698
1.859898
1.857221
1.854730
1.852319
1.849716
1.847125
1.844672
1.842307
1.840080
1.837713
1.835500
1.833344
1.831294
1.829466
1.827481
1.825568
1.823611
1.821689
1.819726
1.817592
1.815467
1.813357
1.811203
1.809093
1.807166
1.805252
1.803475
1.801576
1.799836
1.798302
1.796868
1.795076
1.793309
1.791502
1.789812
1.787721
1.785963
1.783777
1.781891
1.780066
1.778105
1.776230
1.774198
1.772164
1.770161
1.768080
1.765916
1.763884
1.761967
1.759957
1.757978
1.756044
1.753993
1.751886
1.749857
1.747672
1.745658
1.743585
1.741528
1.739471
1.737508
1.735477
1.733320
1.731267
1.729220
1.727160
1.725182
1.723377
1.721594
1.719462
1.717405
1.715203
1.713106
1.710900
1.708749
1.706685
1.704659
1.702742
1.700746
1.698925
1.696844
1.695065
1.693034
1.691073
1.689155
1.687263
1.685377
1.683483
1.681714
1.679943
1.678087
1.676140
1.674249
1.672341
1.670657
1.668705
1.666801
1.664877
1.662918
1.660924
1.659012
1.657045
1.655217
1.653376
1.651336
1.649344
1.647214
1.645273
1.643250
1.641330
1.639421
1.637492
1.635637
1.633847
1.632009
1.630031
1.628146
1.626168
1.624149
1.622194
1.620255
1.618446
1.616676
1.614903
1.613154
1.611472
1.609793
1.608121
1.606305
1.604555
1.602814
1.600988
1.599166
1.597640
1.596031
1.594594
1.592995
1.591531
1.590222
1.588707
1.587190
1.585847
1.584439
1.583110
1.581488
1.579921
1.578472
1.576902
1.575433
1.573978
1.572550
1.571111
1.569674
1.568324
1.566858
1.565506
1.564110
1.562461
1.561175
1.559695
1.558370
1.557060
1.555685
1.554236
1.552920
1.551456
1.549932
1.548605
1.547192
1.545702
1.544087
1.542456
1.540912
1.539235
1.537910
1.536196
1.534401
1.532460
1.530595
1.528853
1.527023
1.525324
1.523658
1.522052
1.520486
1.518786
1.517068
1.515224
1.513241
1.511286
1.509165
1.507293
1.505088
1.503215
1.501141
1.499039
1.496944
1.494556
1.492247
1.489831
1.487420
1.484947
1.482477
1.479865
1.477216
1.474836
1.472794
1.471535
1.470877
1.470017
1.468371
1.467067
1.465355
1.463969
1.462516
1.460954
1.459544
1.457987
1.456458
1.454877
1.453459
1.451766
1.450085
1.448332
1.446472
1.444665
1.442649
1.440944
1.439036
1.436978
1.435096
1.433048
1.430988
1.429129
1.427293
1.425599
1.423589
1.421679
1.419219
1.417084
1.415014
1.412973
1.410944
1.408841
1.406753
1.404659
1.402476
1.400329
1.398134
1.395891
1.393867
1.391538
1.389366
1.387167
1.384770
1.382474
1.380098
1.377721
1.375245
1.372787
1.370380
1.367852
1.365415
1.362950
1.360358
1.357869
1.355336
1.352892
1.350381
1.347782
1.345256
1.342617
1.339998
1.337425
1.334697
1.332106
1.329312
1.326589
1.323895
1.321044
1.318306
1.315448
1.312632
1.309697
1.306670
1.303685
1.300973
1.298194
1.295267
1.292524
1.289645
1.286610
1.283830
1.280875
1.278119
1.275443
1.272410
1.269735
1.267008
1.264178
1.261467
1.258794
1.256008
1.253298
1.250581
1.247692
1.245012
1.242326
1.239643
1.236895
1.234129
1.231591
1.228841
1.226271
1.223766
1.221204
1.218722
1.216242
1.213714
1.211237
1.208811
1.206316
1.203858
1.201503
1.199024
1.196674
1.194263
1.191880
1.189465
1.187036
1.184684
1.182434
1.180117
1.177743
1.175377
1.172960
1.170609
1.168311
1.165994
1.163704
1.161373
1.158998
1.156764
1.154490
1.152220
1.150058
1.147790
1.145419
1.143288
1.140947
1.138637
1.136292
1.134102
1.131767
1.129596
1.127459
1.125263
1.123084
1.120973
1.118838
1.116598
1.114348
1.112116
1.109884
1.107474
1.105147
1.102809
1.100613
1.098400
1.096336
1.094225
1.092138
1.090070
1.087942
1.085814
1.083577
1.081246
1.079042
1.076759
1.074575
1.072439
1.070471
1.068423
1.066463
1.064358
1.062342
1.060232
1.057931
1.055825
1.053697
1.051587
1.049548
1.047352
1.045363
1.043320
1.041306
1.039211
1.037069
1.035081
1.033083
1.031050
1.028997
1.026942
1.024973
1.022976
1.020990
1.019053
1.017167
1.015150
1.013143
1.011187
1.009199
1.007311
1.005353
1.003531
1.001586
0.999631
0.997848
0.995801
0.993901
0.992049
0.990071
0.988198
0.986279
0.984413
0.982526
0.980579
0.978773
0.976893
0.974916
0.973170
0.971443
0.969485
0.967559
0.965688
0.963855
0.962040
0.960273
0.958130
0.956305
0.953970
0.951320
0.949256
0.947346
0.945421
0.943177
0.940844
0.938551
0.936195
0.933712
0.931055
0.928474
0.925644
0.922922
0.920121
0.917347
0.914525
0.911662
0.908710
0.905793
0.902797
0.899898
0.896936
0.893943
0.890944
0.887934
0.884793
0.881795
0.878680
0.875608
0.872605
0.869559
0.866464
0.863507
0.860332
0.857379
0.854151
0.851089
0.848051
0.845033
0.841972
0.838915
0.835891
0.832801
0.829866
0.826944
0.823960
0.820923
0.817944
0.814917
0.811994
0.809065
0.806019
0.803072
0.800230
0.797198
0.794262
0.791252
0.788330
0.785369
0.782517
0.779502
0.776563
0.773584
0.770672
0.767729
0.764794
0.761825
0.758814
0.756006
0.752947
0.749857
0.746888
0.743952
0.740975
0.737979
0.734918
0.731964
0.729097
0.726022
0.723093
0.720095
0.717142
0.714022
0.711169
0.708117
0.705139
0.702232
0.699211
0.696325
0.693431
0.690475
0.687477
0.684687
0.681717
0.678884
0.675977
0.673087
0.670216
0.667314
0.664580
0.661648
0.658867
0.656000
0.653231
0.650359
0.647729
0.644992
0.642143
0.639427
0.636695
0.633992
0.631312
0.628615
0.625958
0.623214
0.620510
0.617860
0.615174
0.612545
0.610003
0.607333
0.604766
0.602216
0.599481
0.596986
0.594352
0.591800
0.589306
0.586827
0.584309
0.581738
0.579366
0.576873
0.574363
0.572066
0.569708
0.567325
0.565013
0.562591
0.560290
0.557950
0.555712
0.553385
0.551117
0.548847
0.546568
0.544413
0.542171
0.539927
0.537809
0.535703
0.533504
0.531340
0.529207
0.527062
0.525021
0.522948
0.520973
0.518866
0.516919
0.514889
0.512816
0.510907
0.508970
0.506935
0.505108
0.503065
0.501170
0.499373
0.497413
0.495537
0.493730
0.491914
0.489976
0.488225
0.486376
0.484615
0.482806
0.481055
0.479325
0.477605
0.475877
0.474134
0.472482
0.470815
0.469092
0.467337
0.465762
0.464172
0.462542
0.460899
0.459259
0.457755
0.456107
0.454603
0.452966
0.451371
0.449795
0.448300
0.446700
0.445266
0.443726
0.442250
0.440672
0.439202
0.437716
0.436333
0.434850
0.433427
0.432064
0.430555
0.429162
0.427660
0.426355
0.424989
0.423610
0.422272
0.420880
0.419540
0.418244
0.416955
0.415590
0.414337
0.412862
0.411298
0.409738
0.408526
0.407048
0.405711
0.404176
0.402828
0.401369
0.399987
0.398567
0.397220
0.395825
0.394499
0.393184
0.391701
0.390383
0.388982
0.387579
0.386270
0.384834
0.383381
0.382005
0.380628
0.379258
0.377995
0.376659
0.375243
0.374015
0.372687
0.371319
0.370039
0.368709
0.367376
0.366017
0.364727
0.363342
0.362045
0.360637
0.359354
0.358003
0.356698
0.355348
0.354037
0.352715
0.351327
0.350039
0.348598
0.347276
0.345847
0.344578
0.343176
0.341866
0.340495
0.339168
0.337849
0.336494
0.335228
0.333907
0.332590
0.331278
0.329957
0.328723
0.327534
0.326247
0.324978
0.323628
0.322405
0.321126
0.319872
0.318522
0.317298
0.316014
0.314726
0.313490
0.312262
0.310980
0.309906
0.308673
0.307411
0.306250
0.304982
0.303751
0.302578
0.301357
0.300177
0.298934
0.297595
0.296445
0.295188
0.293976
0.292849
0.291574
0.290442
0.289175
0.288006
0.286798
0.285504
0.284304
0.283112
0.281828
0.280635
0.279388
0.278170
0.276943
0.275836
0.274575
0.273418
0.272135
0.270929
0.269727
0.268515
0.267297
0.266080
0.264822
0.263703
0.262463
0.261223
0.259975
0.258726
0.257571
0.256351
0.255151
0.253963
0.252758
0.251540
0.250263
0.249115
0.247854
0.246633
0.245474
0.244241
0.243085
0.241862
0.240700
0.239458
0.238204
0.237002
0.235833
0.234649
0.233447
0.232285
0.231027
0.229852
0.228738
0.227498
