0.543058
0.543058
0.543058
0.543058
0.543058
0.543058
0.543058
0.543058
0.543058
0.543058
0.543058
0.543058
0.543058
0.543058
0.543058
0.543058
0.543058
0.543058
0.543058
0.543058
0.543058
0.543058
0.543058
0.541700
0.540343
0.537627
0.533554
0.529482
0.524051
0.519978
0.515905
0.511832
0.507759
0.503686
0.500971
0.496898
0.492825
0.487395
0.483322
0.479249
0.475176
0.471103
0.467030
0.462957
0.458884
0.453453
0.449381
0.445308
0.441235
0.437162
0.433089
0.429016
0.424943
0.420870
0.415439
0.411366
0.407294
0.403221
0.399148
0.395075
0.391002
0.386929
0.382856
0.377425
0.373352
0.369279
0.365207
0.361134
0.357061
0.352988
0.348915
0.343484
0.339411
0.335338
0.331265
0.327192
0.323120
0.319047
0.314974
0.310901
0.306828
0.302755
0.298682
0.294609
0.290536
0.286463
0.283748
0.279675
0.275602
0.272887
0.268814
0.264741
0.262025
0.257953
0.255237
0.251164
0.248449
0.245734
0.241661
0.238946
0.236230
0.232157
0.229442
0.226727
0.224011
0.221296
0.217223
0.214508
0.211793
0.209077
0.206362
0.203647
0.200931
0.198216
0.195501
0.192786
0.191428
0.188713
0.185997
0.183282
0.180567
0.179209
0.176494
0.173779
0.172421
0.169706
0.166990
0.165633
0.162917
0.160202
0.158844
0.156129
0.154772
0.152056
0.150699
0.147983
0.146626
0.145268
0.142553
0.141195
0.138480
0.137122
0.135765
0.134407
0.131692
0.130334
0.128976
0.126261
0.124903
0.123546
0.122188
0.120830
0.118115
0.116757
0.115400
0.114042
0.112685
0.111327
0.109969
0.108612
0.107254
0.105896
0.104539
0.103181
0.101823
0.100466
0.099108
0.097750
0.096393
0.095035
0.093678
0.092320
0.090962
0.089605
0.088247
0.088247
0.086889
0.085532
0.084174
0.082816
0.082816
0.081459
0.080101
0.078743
0.077386
0.077386
0.076028
0.074670
0.073313
0.073313
0.071955
0.070598
0.070598
0.069240
0.067882
0.067882
0.066525
0.065167
0.065167
0.063809
0.062452
0.062452
0.061094
0.061094
0.059736
0.059736
0.058379
0.057021
0.057021
0.055663
0.055663
0.054306
0.054306
0.052948
0.052948
0.051591
0.051591
0.050233
0.050233
0.048875
0.048875
0.047518
0.047518
0.046160
0.046160
0.044802
0.044802
0.044802
0.043445
0.043445
0.042087
0.042087
0.040729
0.040729
0.040729
0.039372
0.039372
0.039372
0.038014
0.038014
0.036656
0.036656
0.036656
0.035299
0.035299
0.035299
0.033941
0.033941
0.033941
0.032583
0.032583
0.032583
0.031226
0.031226
0.031226
0.031226
0.029868
0.029868
0.029868
0.028511
0.028511
0.028511
0.028511
0.027153
0.027153
0.027153
0.025795
0.025795
0.025795
0.025795
0.024438
0.024438
0.024438
0.024438
0.024438
0.023080
0.023080
0.023080
0.023080
0.021722
0.021722
0.021722
0.021722
0.021722
0.020365
0.020365
0.020365
0.020365
0.020365
0.019007
0.019007
0.019007
0.019007
0.019007
0.017649
0.017649
0.017649
0.017649
0.017649
0.017649
0.016292
0.016292
0.016292
0.016292
0.016292
0.016292
0.016292
0.014934
0.014934
0.014934
0.014934
0.014934
0.014934
0.013576
0.013576
0.013576
0.013576
0.013576
0.013576
0.013576
0.013576
0.012219
0.012219
0.012219
0.012219
0.012219
0.012219
0.012219
0.012219
0.010861
0.010861
0.010861
0.010861
0.010861
0.010861
0.010861
0.010861
0.010861
0.010861
0.009504
0.009504
0.009504
0.009504
0.009504
0.009504
0.009504
0.009504
0.009504
0.009504
0.009504
0.009504
0.009504
0.009504
0.009504
0.009504
0.009504
0.009504
0.009504
0.009504
0.009504
0.009504
0.009504
0.009504
0.009504
0.009504
0.009504
0.009504
0.009504
0.009504
0.009504
0.009504
0.009504
0.009504
0.009504
0.009504
0.009504
0.009504
0.009504
0.009504
0.009504
0.009504
0.009504
0.009504
0.009504
0.009504
0.009504
0.009504
0.009504
0.009504
0.009504
0.009504
0.009504
0.009504
0.009504
0.009504
0.009504
0.009504
0.009504
0.009504
0.009504
0.573057
0.573057
0.573057
0.573057
0.573057
0.573057
0.573057
0.573057
0.573057
0.573057
0.573057
0.573057
0.573057
0.573057
0.573057
0.573057
0.573057
0.573057
0.573057
0.573057
0.186938
0.186938
0.186938
0.186938
0.186897
0.186897
0.186857
0.186856
0.186905
0.186934
0.186964
0.186976
0.186988
0.186754
0.186370
0.185708
0.184904
0.183939
0.182944
0.182036
0.181239
0.180451
0.179696
0.179027
0.178230
0.177484
0.176657
0.175743
0.174916
0.174011
0.173187
0.172283
0.171457
0.170673
0.169811
0.168977
0.168193
0.167291
0.166432
0.165558
0.164697
0.163866
0.163002
0.162143
0.161232
0.160400
0.159582
0.158669
0.157799
0.156902
0.156031
0.155202
0.154328
0.153460
0.152549
0.151678
0.150891
0.149980
0.149109
0.148202
0.147333
0.146504
0.145658
0.144789
0.143880
0.142997
0.142246
0.141323
0.140495
0.139609
0.138741
0.137972
0.137050
0.136259
0.135414
0.134528
0.133683
0.132877
0.132069
0.131186
0.130341
0.129492
0.128647
0.127881
0.127017
0.126208
0.125362
0.124514
0.123748
0.122887
0.122075
0.121229
0.120383
0.119652
0.118806
0.117997
0.117149
0.116340
0.115574
0.114763
0.113954
0.113108
0.112336
0.111568
0.110759
0.109910
0.109102
0.108333
0.107561
0.106752
0.105943
0.105132
0.104363
0.103610
0.102798
0.101989
0.101180
0.100409
0.099640
0.098847
0.098072
0.097263
0.096491
0.095738
0.094966
0.094194
0.093345
0.092629
0.091857
0.091048
0.090332
0.089480
0.088748
0.087915
0.087180
0.086451
0.085655
0.084883
0.084071
0.083318
0.082623
0.081827
0.081058
0.080259
0.079527
0.078798
0.077999
0.077267
0.076474
0.075699
0.075022
0.074210
0.073491
0.072682
0.071926
0.071231
0.070435
0.069703
0.068943
0.068171
0.067494
0.066719
0.065963
0.065154
0.064435
0.063759
0.062987
0.062344
0.061532
0.060856
0.060161
0.059484
0.058848
0.058156
0.057517
0.056880
0.056188
0.055509
0.054933
0.054297
0.053701
0.053085
0.052449
0.051930
0.051317
0.050758
0.050162
0.049629
0.049110
0.048510
0.047978
0.047498
0.046982
0.046386
0.045887
0.045371
0.044894
0.044399
0.043922
0.043442
0.043043
0.042550
0.042074
0.041594
0.041179
0.040779
0.040263
0.039906
0.039411
0.039051
0.038611
0.038255
0.037815
0.037403
0.037003
0.036644
0.036324
0.035832
0.035512
0.035155
0.034835
0.034476
0.034060
0.033704
0.033384
0.033028
0.032708
0.032336
0.032053
0.031696
0.031376
0.031097
0.030764
0.030524
0.030168
0.029928
0.029605
0.029249
0.029033
0.028716
0.028437
0.028237
0.027920
0.027601
0.027422
0.027065
0.026905
0.026625
0.026389
0.026149
0.025909
0.025617
0.025417
0.025177
0.024938
0.024658
0.024498
0.024301
0.023982
0.023806
0.023646
0.023449
0.023169
0.023010
0.022773
0.022610
0.022370
0.022195
0.021998
0.021798
0.021638
0.021478
0.021282
0.021042
0.020882
0.020722
0.020526
0.020347
0.020187
0.020027
0.019867
0.019670
0.019550
0.019390
0.019230
0.019110
0.018914
0.018834
0.018698
0.018538
0.018378
0.018181
0.018061
0.017938
0.017778
0.017699
0.017502
0.017422
0.017262
0.017182
0.017047
0.016927
0.016730
0.016650
0.016570
0.016410
0.016290
0.016250
0.016054
0.015934
0.015894
0.015734
0.015611
0.015571
0.015451
0.015295
0.015239
0.015079
0.015039
0.014919
0.014799
0.014759
0.014599
0.014562
0.014402
0.014402
0.014242
0.014162
0.014083
0.014003
0.013923
0.013843
0.013763
0.013683
0.013643
0.013523
0.013523
0.013360
0.013360
0.013280
0.013200
0.013160
0.013040
0.013000
0.012880
0.012880
0.012840
0.012720
0.012680
0.012600
0.012561
0.012441
0.012401
0.012401
0.012281
0.012241
0.012241
0.012121
0.012081
0.012041
0.011961
0.011961
0.011881
0.011801
0.011801
0.011761
0.011641
0.011641
0.011601
0.011481
0.011481
0.011481
0.011322
0.011322
0.011322
0.011242
0.011159
0.011159
0.011159
0.011079
0.010999
0.010999
0.010999
0.010919
0.010839
0.010839
0.010839
0.010759
0.010679
0.010679
0.010679
0.010599
0.010559
0.010519
0.010519
0.010519
0.010439
0.010399
0.010359
0.010359
0.010279
0.010279
0.010239
0.010239
0.010199
0.010119
0.010119
0.010119
0.010079
0.010039
0.010039
0.009959
0.009959
0.009959
0.009919
0.009919
0.009879
0.009799
0.009799
0.009799
0.009759
0.009759
0.009759
0.009640
0.009640
0.009640
0.009640
0.009600
0.009600
0.009600
0.009520
0.009520
0.009520
0.009520
0.009520
0.009520
0.009520
0.009520
0.009520
0.009480
0.009480
0.009480
0.009480
0.009480
0.009440
0.009440
0.009440
0.009440
0.009360
0.009360
0.009360
0.009440
0.009440
0.009440
0.009440
0.009440
0.009440
0.009440
0.009360
0.009360
0.009360
0.009360
0.009360
0.009360
0.009360
0.009360
0.009360
0.009360
0.009360
0.009360
0.009360
0.009360
0.009360
0.009360
0.009360
0.009360
0.009360
0.009360
0.009360
0.009360
0.009360
0.009360
0.009360
0.009360
0.009360
0.009360
0.009360
0.009360
0.009360
0.009360
0.009360
0.009360
0.009360
0.009360
0.009360
0.009360
0.009360
0.009360
0.009360
0.009360
0.009360
0.009360
0.009360
0.009360
0.009360
0.009360
0.009360
0.009360
0.009360
0.009360
0.009360
0.009360
0.009360
0.009360
0.009360
0.009360
0.009360
0.009360
0.009360
0.009360
0.009360
0.009360
0.009360
0.009360
0.009360
0.009360
0.009360
0.009360
0.009360
0.009360
0.009360
0.009360
0.009360
0.009360
0.009360
0.009360
0.009360
0.009360
0.009360
0.009360
0.009360
0.009360
0.009360
0.009360
0.009360
0.009360
0.009360
0.009360
0.009360
0.009360
0.009360
0.009360
0.009360
0.009360
0.009360
0.009360
0.009360
0.009360
0.009360
0.009360
0.009360
0.009360
0.009360
0.009360
0.009360
0.009360
0.009360
0.009360
0.009360
0.009360
0.009360
0.009360
0.009360
0.009360
0.009360
0.009360
0.009360
0.009360
0.009360
0.009360
