0.879358
0.879358
0.879358
0.879358
0.879358
0.879358
0.879358
0.879358
0.879364
0.879360
0.879338
0.879111
0.878936
0.878648
0.878209
0.877630
0.877179
0.876648
0.875972
0.875248
0.874520
0.874120
0.873754
0.873529
0.873048
0.872556
0.871734
0.870971
0.869775
0.868487
0.867003
0.865466
0.863826
0.861976
0.860183
0.858392
0.856454
0.854548
0.852693
0.850571
0.848553
0.846810
0.845002
0.843300
0.841130
0.838494
0.835318
0.831784
0.828124
0.824292
0.820506
0.816728
0.813488
0.810568
0.807733
0.805106
0.802560
0.800240
0.797732
0.794909
0.792449
0.789677
0.787099
0.784420
0.781975
0.779407
0.776994
0.774552
0.772062
0.769471
0.766967
0.764544
0.762134
0.759716
0.757159
0.754638
0.752258
0.749810
0.747520
0.745031
0.742493
0.740263
0.737674
0.735302
0.732993
0.730536
0.728116
0.725778
0.723392
0.720937
0.718539
0.716252
0.713973
0.711598
0.709110
0.706806
0.704442
0.702190
0.700063
0.698175
0.696236
0.694490
0.692445
0.690638
0.688586
0.686952
0.685105
0.683092
0.680776
0.678411
0.676018
0.673532
0.671057
0.668830
0.666704
0.664563
0.662396
0.660349
0.658157
0.655764
0.653504
0.651046
0.648588
0.646349
0.644013
0.641499
0.639297
0.637000
0.634585
0.632271
0.629625
0.627398
0.625013
0.622733
0.620836
0.619033
0.617344
0.615545
0.613681
0.611985
0.610232
0.608397
0.606640
0.604750
0.603075
0.601266
0.599590
0.597962
0.596312
0.594821
0.592945
0.591530
0.589876
0.588174
0.586493
0.584922
0.583332
0.581842
0.580303
0.578845
0.577273
0.575873
0.574391
0.572644
0.571222
0.569720
0.568166
0.566763
0.565240
0.563829
0.562445
0.560906
0.559681
0.558007
0.556693
0.555235
0.553750
0.552497
0.550945
0.549639
0.548275
0.546942
0.545769
0.544305
0.543059
0.541570
0.540337
0.539046
0.537721
0.536343
0.534945
0.533765
0.532490
0.531101
0.529973
0.528566
0.527344
0.526043
0.524778
0.523496
0.522171
0.520992
0.519661
0.518496
0.517237
0.516225
0.515198
0.513849
0.512733
0.511610
0.510475
0.509378
0.508418
0.507325
0.506307
0.505260
0.504267
0.503359
0.502437
0.501447
0.500539
0.499621
0.498766
0.497902
0.496903
0.496191
0.495203
0.494489
0.493669
0.492902
0.492150
0.491313
0.490755
0.489793
0.489212
0.488458
0.487771
0.487149
0.486600
0.485715
0.485371
0.484492
0.484128
0.483439
0.482929
0.482233
0.481883
0.481375
0.480750
0.480323
0.479690
0.479362
0.478800
0.478384
0.477874
0.477526
0.476999
0.476613
0.476107
0.475677
0.475295
0.474884
0.474520
0.474305
0.473883
0.473424
0.473156
0.472785
0.472503
0.472117
0.471839
0.471585
0.471179
0.470938
0.470674
0.470475
0.470028
0.469780
0.469620
0.469372
0.469193
0.468922
0.468726
0.468318
0.468345
0.468043
0.467921
0.467728
0.467361
0.467271
0.467242
0.466936
0.466865
0.466719
0.466545
0.466566
0.465920
0.465801
0.465855
0.465613
0.465408
0.465155
0.465002
0.464752
0.464679
0.464529
0.464456
0.464407
0.464257
0.464204
0.464005
0.464029
0.463905
0.463735
0.463689
0.463672
0.463525
0.463544
0.463459
0.463359
0.463310
0.463209
0.463220
0.463169
0.462999
0.463001
0.463005
0.462833
0.462828
0.462765
0.462764
0.462657
0.462671
0.462597
0.462592
0.462560
0.462553
0.462384
0.462437
0.462464
0.462615
0.462475
0.462426
0.462731
0.462612
0.462456
0.462690
0.462718
0.462780
0.462736
0.462601
0.462792
0.462778
0.462780
0.462703
0.462942
0.462883
0.462827
0.462842
0.462718
0.462962
0.462899
0.462860
0.462831
0.462675
0.462911
0.462764
0.462791
0.462783
0.462863
0.462754
0.463013
0.462917
0.462891
0.462830
0.462902
0.462890
0.462962
0.462952
0.462888
0.462919
0.462936
0.462943
0.462973
0.462975
0.462952
0.463018
0.462994
0.462882
0.463082
0.462655
0.462579
0.462553
0.462400
0.462161
0.462017
0.461883
0.461944
0.461819
0.461810
0.533597
0.533511
0.533456
0.533523
0.533349
0.533413
0.533591
0.533598
0.533505
0.533460
0.533521
0.533422
0.533545
0.533558
0.533514
0.533556
0.533689
0.533661
0.533550
0.533684
0.303341
0.303253
0.303270
0.303337
0.303354
0.303368
0.303411
0.303241
0.302944
0.302374
0.301566
0.300648
0.299619
0.298695
0.297599
0.296654
0.295723
0.294917
0.293942
0.292780
0.291832
0.290691
0.289743
0.288738
0.287659
0.286462
0.285312
0.284139
0.283013
0.281694
0.280663
0.279492
0.278353
0.277115
0.275993
0.274801
0.273642
0.272454
0.271182
0.270176
0.268866
0.267763
0.266639
0.265337
0.264263
0.263056
0.262050
0.260986
0.259664
0.258593
0.257351
0.256279
0.255281
0.254075
0.253011
0.251795
0.250673
0.249673
0.248467
0.247469
0.246271
0.245199
0.243862
0.242552
0.241505
0.240261
0.239278
0.238213
0.236703
0.235555
0.234277
0.233299
0.232155
0.231024
0.230030
0.228787
0.227754
0.226739
0.225581
0.224641
0.223477
0.222479
0.221404
0.220323
0.219392
0.218257
0.217307
0.216176
0.215176
0.214236
0.213105
0.212169
0.211104
0.210101
0.209169
0.208036
0.207104
0.206039
0.205033
0.204105
0.202974
0.202040
0.201033
0.200035
0.199180
0.198081
0.197291
0.196259
0.195261
0.194518
0.193468
0.192664
0.191701
0.190755
0.189987
0.188905
0.188090
0.187073
0.186193
0.185372
0.184304
0.183373
0.182429
0.181546
0.180605
0.179606
0.178739
0.177675
0.176858
0.175919
0.174855
0.173990
0.172991
0.172115
0.171184
0.170120
0.169247
0.168247
0.167375
0.166431
0.165433
0.164568
0.163569
0.162697
0.161691
0.160757
0.159892
0.158894
0.157963
0.156965
0.156033
0.155169
0.154160
0.153228
0.151892
0.150858
0.149945
0.148901
0.147924
0.146992
0.146020
0.144781
0.143640
0.142661
0.141654
0.140811
0.139925
0.138954
0.138052
0.137138
0.136274
0.135377
0.134429
0.133608
0.132811
0.131947
0.131132
0.130331
0.129468
0.128723
0.127859
0.127063
0.126264
0.125534
0.124734
0.124064
0.123201
0.122465
0.121735
0.120939
0.120274
0.119477
0.118815
0.118086
0.117420
0.116758
0.116101
0.115402
0.114813
0.114194
0.113521
0.112839
0.112288
0.111681
0.111114
0.110515
0.110013
0.109352
0.108796
0.108239
0.107690
0.107081
0.106539
0.105993
0.105332
0.104846
0.104185
0.103653
0.103177
0.102510
0.102035
0.101434
0.100898
0.100366
0.099707
0.099175
0.098576
0.098108
0.097576
0.096977
0.096511
0.095912
0.095447
0.094789
0.094324
0.093858
0.093199
0.092792
0.092260
0.091795
0.091271
0.090673
0.090274
0.089619
0.089213
0.088748
0.087878
0.087253
0.086673
0.086162
0.085597
0.085132
0.084287
0.083667
0.083081
0.082568
0.082032
0.081567
0.081039
0.080550
0.080053
0.079572
0.079080
0.078561
0.078131
0.077733
0.077203
0.076788
0.076271
0.075870
0.075462
0.074932
0.074534
0.074018
0.073621
0.073220
0.072756
0.072358
0.071914
0.071516
0.071117
0.070712
0.070315
0.069840
0.069398
0.069001
0.068537
0.068205
0.067742
0.067485
0.067054
0.066688
0.066335
0.065984
0.065652
0.065313
0.065000
0.064746
0.064399
0.064103
0.063706
0.063478
0.063133
0.062670
0.062512
0.062104
0.061709
0.061513
0.061093
0.060763
0.060421
0.060026
0.059760
0.059357
0.059043
0.058645
0.058251
0.057984
0.057524
0.057313
0.056853
0.056525
0.056253
0.055857
0.055527
0.055132
0.054801
0.054473
0.054135
0.053807
0.053410
0.053082
0.052752
0.052419
0.052028
0.051694
0.050965
0.050646
0.050091
0.049778
0.049342
0.049012
0.048705
0.047875
0.047523
0.047032
0.046629
0.046252
0.045843
0.045536
0.045166
0.044732
0.044398
0.044104
0.043709
0.043353
0.043087
0.042636
0.042353
0.042083
0.041633
0.041356
0.041023
0.040641
0.040374
0.040041
0.039657
0.039323
0.039060
0.038740
0.038347
0.038081
0.037747
0.037369
0.037103
0.036772
0.036506
0.036129
0.035863
0.035529
0.035380
0.035038
0.034848
0.034692
0.034471
0.034099
0.033957
0.033773
0.033650
0.033479
0.033209
0.033009
0.032846
0.032696
0.032450
0.032237
0.032091
0.031891
0.031737
0.031492
0.031239
0.031095
0.030895
0.030693
0.030551
0.030314
0.030114
0.029914
0.029714
0.029581
0.029439
0.029148
0.028948
0.028873
0.028673
0.028539
0.028339
0.028052
0.027919
0.027844
0.027644
0.027511
0.027311
0.027178
0.026962
0.026828
0.026628
0.026156
0.025971
0.025738
0.025559
0.025382
0.025249
0.025008
0.024500
0.024282
0.024116
0.023909
0.023732
0.023577
0.023403
0.023233
0.023017
0.022956
0.022802
0.022662
0.022545
0.022484
0.022351
0.022207
0.022110
0.021984
0.021841
0.021783
0.021650
0.021593
0.021460
0.021391
0.021268
0.021205
0.021140
0.021018
0.020952
0.020821
0.020755
0.020689
0.020573
0.020507
0.020441
0.020376
0.020245
0.020255
0.020222
0.020234
0.020146
0.020141
0.020076
0.020059
0.020121
0.020088
0.020152
0.020184
0.020101
0.020091
0.020075
0.020060
0.019969
0.019945
0.019913
0.019896
0.019877
0.019811
0.019804
0.019787
0.019779
0.019707
0.019693
0.019627
0.019556
0.019490
0.019423
0.019479
0.019412
0.019345
0.019336
0.019269
0.019269
0.019202
0.019136
0.019068
0.019068
0.019061
0.018994
0.018927
0.018927
0.018861
0.018794
0.018794
0.018388
0.018270
0.018171
0.018058
0.018015
0.017948
0.017502
0.017414
0.017216
0.017103
0.017032
0.016965
0.016903
0.016799
0.016786
0.016712
0.016707
0.016656
0.016639
0.016574
0.016528
0.016531
0.016488
0.016485
0.016498
0.016436
0.016461
0.016399
0.016399
0.016362
0.016362
0.016302
0.016335
0.016276
0.016276
0.016276
0.016218
0.016250
0.016196
0.016196
0.016196
0.016139
0.016139
0.016083
0.016159
0.016192
0.016250
0.016294
0.016340
0.016286
0.016334
0.016461
0.016440
0.016569
0.016666
0.016659
0.016714
0.016763
0.016761
0.016590
0.016611
0.016546
0.016577
0.016608
0.016608
0.016523
0.016559
0.016617
0.016536
0.016578
0.016578
0.016567
0.016501
0.016501
0.016550
0.016550
0.016484
0.016537
0.016537
0.016537
0.016470
0.016470
0.016468
0.016468
0.016527
0.016461
0.016461
0.016461
0.016461
0.016461
0.016055
0.016003
0.015906
0.015860
0.015816
0.015750
0.015710
0.015334
0.015250
0.015151
0.015010
0.014967
0.014945
0.014904
0.014868
0.014879
0.014844
0.014884
0.014912
0.014932
0.014932
0.014976
0.014959
0.015006
0.015006
0.015048
0.015048
0.015101
0.015101
0.015063
0.015115
0.015115
0.015119
0.015176
0.015176
0.015176
0.015176
0.015176
0.015233
0.015237
0.015237
0.015237
0.015237
0.015237
0.015237
0.015313
0.015345
0.015481
0.015524
0.015570
0.015570
0.015695
0.015778
0.015854
0.015950
0.016050
0.016050
0.016153
0.016204
0.015866
0.015922
0.015878
0.015832
0.015901
0.015901
0.015861
0.015881
0.015881
0.015907
0.015936
0.015936
0.015914
0.015914
0.015914
0.015898
0.015956
0.015956
0.015946
0.016005
0.016005
0.016005
0.016005
0.016005
0.016002
0.016061
0.016061
0.016061
0.016061
0.016061
0.016061
0.016061
0.015722
0.015673
0.015574
0.015528
0.015484
0.015484
0.015444
0.015068
0.014984
0.014885
0.014811
0.014768
0.014745
0.014705
0.014669
0.014695
0.014727
0.014776
0.014809
0.014833
0.014833
0.014881
0.014915
0.014964
0.014964
0.015008
0.015008
0.015063
0.015063
0.015063
0.015115
0.015115
0.015119
0.015176
0.015176
0.015176
0.015176
0.015176
0.015233
0.015237
0.015237
0.015237
0.015237
0.015237
0.015237
0.015313
0.015345
0.015481
0.015524
0.015570
0.015570
0.015695
0.015778
0.015854
0.015950
0.016050
0.016050
0.016153
0.016204
0.015866
0.015922
0.015878
0.015832
0.015901
0.015901
0.015861
0.015881
0.015881
0.015907
0.015936
0.015936
0.015914
0.015914
0.015914
0.015898
0.015956
0.015956
0.016005
0.016005
0.016005
0.016005
