0.600451
0.600451
0.600451
0.600451
0.600451
0.600451
0.600451
0.600451
0.600451
0.600407
0.600363
0.600321
0.600194
0.600065
0.599937
0.599720
0.599590
0.599460
0.599378
0.599251
0.599132
0.598970
0.598665
0.598406
0.598101
0.597877
0.597661
0.597537
0.597391
0.597091
0.596842
0.596548
0.596156
0.595800
0.595485
0.595225
0.594975
0.594757
0.594412
0.594204
0.593900
0.593451
0.593146
0.592710
0.592447
0.592184
0.591925
0.591702
0.591326
0.591028
0.590506
0.590024
0.589692
0.589196
0.589023
0.588552
0.588336
0.587803
0.587425
0.587083
0.586386
0.586013
0.585494
0.585234
0.584780
0.584333
0.583840
0.583379
0.582762
0.582304
0.581799
0.581230
0.580782
0.580281
0.579882
0.579303
0.578769
0.578098
0.577404
0.576906
0.576322
0.575807
0.575186
0.574697
0.574166
0.573497
0.572733
0.572082
0.571406
0.570722
0.570070
0.569425
0.568796
0.568052
0.567334
0.566530
0.565771
0.565005
0.564285
0.563640
0.562883
0.562111
0.561269
0.560564
0.559539
0.558674
0.557762
0.557019
0.556144
0.555276
0.554459
0.553545
0.552576
0.551576
0.550543
0.549421
0.548249
0.547420
0.546355
0.545404
0.544437
0.543492
0.542460
0.541523
0.540677
0.539639
0.538677
0.537746
0.536782
0.535716
0.534836
0.533784
0.532703
0.531656
0.530696
0.529539
0.528562
0.527433
0.526463
0.525567
0.524499
0.523525
0.522633
0.521635
0.520700
0.519768
0.518896
0.517864
0.517034
0.516011
0.515179
0.514376
0.513365
0.512576
0.511699
0.510813
0.510020
0.509231
0.508434
0.507558
0.506770
0.506013
0.505276
0.504402
0.503641
0.502896
0.502195
0.501268
0.500623
0.499874
0.499127
0.498463
0.497642
0.497049
0.496326
0.495648
0.494896
0.494265
0.493537
0.492876
0.492263
0.491612
0.490979
0.490315
0.489670
0.489078
0.488422
0.487654
0.487233
0.486589
0.485920
0.485362
0.484768
0.484263
0.483669
0.483116
0.482363
0.481972
0.481338
0.480669
0.480301
0.479733
0.479132
0.478571
0.478063
0.477630
0.477056
0.476550
0.476007
0.475522
0.475017
0.474412
0.473989
0.473507
0.473005
0.472511
0.472096
0.471597
0.471052
0.470683
0.470122
0.469658
0.469238
0.468902
0.468351
0.467886
0.467445
0.467038
0.466603
0.466209
0.465777
0.465251
0.464937
0.464489
0.464068
0.463738
0.463349
0.462906
0.462525
0.462138
0.461808
0.461568
0.461082
0.460788
0.460277
0.460101
0.459804
0.459322
0.459082
0.458723
0.458391
0.458097
0.457702
0.457523
0.457191
0.456878
0.456628
0.456251
0.455950
0.455742
0.455528
0.455201
0.454928
0.454649
0.454401
0.454254
0.453935
0.453709
0.453421
0.453197
0.453061
0.452755
0.452506
0.452316
0.452091
0.451882
0.451687
0.451434
0.451252
0.451087
0.450880
0.450746
0.450488
0.450238
0.450139
0.449996
0.449815
0.449591
0.449411
0.449276
0.449073
0.448975
0.448797
0.448577
0.448431
0.448329
0.448227
0.447985
0.447841
0.447702
0.447564
0.447468
0.447297
0.447224
0.447053
0.446913
0.446852
0.446717
0.446515
0.446445
0.446347
0.446248
0.446120
0.446046
0.445905
0.445773
0.445684
0.445641
0.445530
0.445374
0.445305
0.445205
0.445144
0.445080
0.444986
0.444828
0.444796
0.444702
0.444603
0.444565
0.347446
0.347392
0.347304
0.347228
0.347174
0.347084
0.346985
0.346924
0.346871
0.346778
0.346740
0.346662
0.346624
0.346521
0.346497
0.346436
0.346409
0.346308
0.346270
0.346209
0.346184
0.346123
0.346035
0.345974
0.345949
0.345911
0.345851
0.345837
0.345752
0.345709
0.345686
0.345625
0.345587
0.345551
0.345514
0.345454
0.345430
0.345393
0.345370
0.345320
0.345320
0.345256
0.345197
0.345197
0.345136
0.345136
0.345087
0.345064
0.345027
0.345027
0.344966
0.344967
0.344929
0.344907
0.344859
0.344859
0.344821
0.344799
0.344761
0.344761
0.344762
0.344701
0.344702
0.344664
0.344641
0.344604
0.344604
0.344604
0.344544
0.344544
0.245334
0.245334
0.245334
0.245274
0.245306
0.245372
0.245389
0.245370
0.245371
0.245301
0.245303
0.245234
0.245104
0.245018
0.244914
0.244761
0.244775
0.244802
0.244853
0.244941
0.244920
0.244764
0.244427
0.244051
0.243498
0.242739
0.241982
0.241068
0.240047
0.238909
0.237892
0.236761
0.235656
0.234724
0.233724
0.232655
0.231649
0.230636
0.229493
0.228410
0.227371
0.226283
0.225288
0.224154
0.223096
0.222052
0.221078
0.220008
0.218968
0.217886
0.216824
0.215822
0.214755
0.213796
0.212730
0.211779
0.210717
0.209690
0.208749
0.207733
0.206696
0.205757
0.204769
0.203808
0.202867
0.201807
0.200880
0.199916
0.198883
0.197757
0.196566
0.195405
0.194210
0.192980
0.191753
0.190548
0.189355
0.188241
0.187098
0.185924
0.184811
0.183603
0.182371
0.181215
0.180007
0.178905
0.177745
0.176567
0.175452
0.174325
0.173174
0.172059
0.170855
0.169748
0.168646
0.167544
0.166361
0.165291
0.164159
0.163055
0.161936
0.160817
0.159727
0.158650
0.157525
0.156466
0.155344
0.154233
0.153166
0.152077
0.151035
0.149930
0.148864
0.147812
0.146724
0.145677
0.144626
0.143536
0.142450
0.141360
0.140358
0.139307
0.138210
0.137157
0.136114
0.135063
0.134010
0.132941
0.131876
0.130789
0.129787
0.128691
0.127667
0.126665
0.125590
0.124524
0.123427
0.122425
0.121359
0.120309
0.119264
0.118233
0.117212
0.116166
0.115134
0.114132
0.113016
0.112015
0.110990
0.109959
0.108889
0.107836
0.106857
0.105833
0.104737
0.103707
0.102680
0.101669
0.100643
0.099571
0.098567
0.097540
0.096552
0.095506
0.094433
0.093453
0.092428
0.091418
0.090373
0.089345
0.088343
0.087341
0.086375
0.085395
0.084393
0.083413
0.082455
0.081534
0.080621
0.079722
0.078728
0.077837
0.076983
0.076091
0.075266
0.074347
0.073523
0.072632
0.071830
0.071000
0.070191
0.069388
0.068631
0.067844
0.067049
0.066320
0.065581
0.064831
0.064164
0.063430
0.062736
0.062051
0.061344
0.060653
0.060013
0.059352
0.058683
0.058053
0.057370
0.056789
0.056174
0.055571
0.054947
0.054367
0.053798
0.053217
0.052638
0.052079
0.051522
0.050952
0.050418
0.049932
0.049354
0.048839
0.048326
0.047813
0.047301
0.046830
0.046297
0.045855
0.045417
0.044910
0.044483
0.043994
0.043575
0.043108
0.042682
0.042256
0.041797
0.041392
0.041010
0.040595
0.040169
0.039769
0.039394
0.039012
0.038591
0.038238
0.037856
0.037501
0.037034
0.036677
0.036288
0.035970
0.035647
0.035231
0.034908
0.034593
0.034229
0.033914
0.033602
0.033287
0.032953
0.032681
0.032373
0.032078
0.031770
0.031475
0.031210
0.030916
0.030610
0.030338
0.030096
0.029802
0.029559
0.029288
0.029025
0.028805
0.028556
0.028314
0.028087
0.027867
0.027598
0.027357
0.027137
0.026910
0.026690
0.026447
0.026199
0.025960
0.025755
0.025553
0.025341
0.025156
0.024970
0.024772
0.024602
0.024401
0.024239
0.024057
0.023897
0.023716
0.023532
0.023342
0.023206
0.023024
0.022865
0.022734
0.022559
0.022385
0.022250
0.022075
0.021914
0.021784
0.021630
0.021495
0.021346
0.021172
0.021061
0.020908
0.020748
0.020617
0.020486
0.020355
0.020195
0.020126
0.019974
0.019865
0.019706
0.019616
0.019487
0.019398
0.019269
0.019152
0.019044
0.018934
0.018805
0.018716
0.018580
0.018492
0.018363
0.018274
0.018055
0.017882
0.017800
0.017656
0.017576
0.017447
0.017367
0.017242
0.017143
0.017056
0.016962
0.016853
0.016779
0.016666
0.016600
0.016511
0.016423
0.016357
0.016270
0.016182
0.016088
0.016026
0.015917
0.015872
0.015810
0.015701
0.015657
0.015568
0.015480
0.015436
0.015371
0.015289
0.015223
0.015158
0.015098
0.015026
0.014960
0.014916
0.014858
0.014791
0.014748
0.014666
0.014648
0.014593
0.014568
0.014503
0.014459
0.014430
0.014359
0.014355
0.014318
0.014271
0.014223
0.014200
0.014184
0.014112
0.014068
0.014021
0.014000
0.013944
0.013900
0.013875
0.013831
0.013790
0.013755
0.013711
0.013687
0.013615
0.013595
0.013560
0.013517
0.013452
0.013430
0.013388
0.013367
0.013334
0.013289
0.013267
0.013245
0.013203
0.013182
0.013122
0.013078
0.013056
0.013034
0.013015
0.012972
0.012931
0.012899
0.012877
0.012855
0.012720
0.012646
0.012610
0.012574
0.012538
0.012538
0.012525
0.012513
0.012475
0.012475
0.012465
0.012465
0.012458
0.012458
0.012458
0.012432
0.012432
0.012432
0.012429
0.012429
0.012429
0.012429
0.012408
0.012407
0.012407
0.012407
0.012407
0.012407
0.012407
0.012407
0.012407
0.012407
0.012408
0.012408
0.012408
0.012408
0.012408
0.012408
0.012408
0.012408
0.012408
0.012408
0.012408
0.012433
0.012444
0.012469
0.012484
0.012499
0.012499
0.012515
0.012532
0.012532
0.012549
0.012567
0.012567
0.012585
0.012585
0.012585
0.012604
0.012604
0.012604
0.012604
0.012623
0.012623
0.012623
0.012623
0.012623
0.012642
0.012642
0.012642
0.012642
0.012642
0.012642
0.012642
0.012642
0.012642
0.012662
0.012662
0.012662
0.012662
0.012662
0.012662
0.012662
0.012662
0.012662
0.012662
0.012662
0.012662
0.012662
0.012662
0.012662
0.012549
0.012532
0.012499
0.012484
0.012469
0.012469
0.012456
0.012444
0.012433
0.012433
0.012424
0.012424
0.012417
0.012417
0.012417
0.012411
0.012411
0.012411
0.012408
0.012408
0.012408
0.012408
0.012408
0.012407
0.012407
0.012407
0.012407
0.012407
0.012407
0.012407
0.012407
0.012407
0.012408
0.012408
0.012408
0.012408
0.012408
0.012408
0.012408
0.012408
0.012408
0.012408
0.012408
0.012433
0.012444
0.012469
0.012484
0.012499
0.012499
0.012515
0.012532
0.012532
0.012549
0.012567
0.012567
0.012585
0.012585
0.012585
0.012604
0.012604
0.012604
0.012604
0.012623
0.012623
0.012623
0.012623
0.012623
0.012642
0.012642
0.012642
0.012642
0.012642
0.012642
0.012642
0.012642
0.012642
