1.363455
1.276696
1.106451
0.951597
0.850263
0.800132
0.780862
0.775019
0.775994
0.776888
0.776894
0.776368
0.775308
0.773952
0.772667
0.771909
0.771808
0.772071
0.772469
0.772628
0.772609
0.771670
0.770245
0.768393
0.766690
0.765029
0.763529
0.762247
0.760789
0.759579
0.758494
0.756919
0.754941
0.753018
0.751037
0.749253
0.747454
0.745914
0.744278
0.742628
0.740971
0.739144
0.737003
0.734986
0.733048
0.730813
0.728848
0.726803
0.724548
0.722318
0.720044
0.717628
0.715373
0.713189
0.711271
0.709459
0.707770
0.706161
0.704706
0.703234
0.701772
0.700148
0.698633
0.696872
0.694877
0.692711
0.690394
0.688169
0.685773
0.683522
0.681284
0.678958
0.676998
0.674848
0.672718
0.670552
0.668352
0.666233
0.663996
0.661688
0.659424
0.657213
0.655081
0.652978
0.650639
0.648607
0.646292
0.644094
0.641914
0.639856
0.637924
0.636102
0.634640
0.633545
0.632536
0.631436
0.629793
0.627989
0.625887
0.623613
0.621347
0.618827
0.616628
0.614377
0.612049
0.609747
0.607367
0.605104
0.602656
0.600253
0.597844
0.595411
0.593086
0.590803
0.588563
0.586214
0.583818
0.581630
0.579344
0.577095
0.574802
0.572369
0.570196
0.567830
0.565602
0.563393
0.561099
0.558813
0.556478
0.554389
0.552037
0.549841
0.547669
0.545278
0.543121
0.541041
0.538800
0.536558
0.534291
0.532238
0.530081
0.527790
0.525600
0.523274
0.520924
0.518465
0.516080
0.513675
0.511341
0.509075
0.506723
0.504483
0.502217
0.499773
0.497461
0.495278
0.492783
0.490708
0.488275
0.485927
0.483616
0.481320
0.478995
0.476619
0.474347
0.472091
0.469681
0.467409
0.465016
0.462712
0.460524
0.458150
0.455778
0.453464
0.451106
0.448906
0.446502
0.444279
0.441903
0.439654
0.437347
0.435066
0.432783
0.430448
0.428178
0.425854
0.423657
0.421382
0.419034
0.416797
0.414614
0.412258
0.410132
0.407957
0.405611
0.403415
0.401256
0.399005
0.396714
0.394391
0.391992
0.389972
0.387742
0.385439
0.383332
0.381218
0.379110
0.377039
0.374869
0.372691
0.370441
0.368294
0.366180
0.364128
0.361927
0.359894
0.357905
0.356032
0.353885
0.351913
0.350009
0.348093
0.346199
0.344169
0.342392
0.340297
0.338518
0.336541
0.334574
0.332743
0.330794
0.328938
0.327168
0.325202
0.323464
0.321501
0.319867
0.317961
0.316146
0.314295
0.312512
0.310658
0.308883
0.307072
0.305250
0.303425
0.301807
0.299928
0.298121
0.296369
0.294656
0.292961
0.291206
0.289320
0.287685
0.285869
0.284205
0.282543
0.280854
0.278971
0.277179
0.275543
0.273797
0.272027
0.270504
0.268681
0.267163
0.265339
0.263710
0.262052
0.260421
0.258692
0.257055
0.255412
0.253766
0.252160
0.250591
0.248869
0.247388
0.245805
0.244031
0.242488
0.240941
0.239387
0.237618
0.236105
0.234639
0.233042
0.231470
0.229996
0.228421
0.226817
0.225289
0.223880
0.222390
0.220850
0.219457
0.217879
0.216405
0.215064
0.213497
0.212039
0.210725
0.209364
0.207900
0.206499
0.205093
0.203677
0.202494
0.201070
0.199762
0.198394
0.197036
0.195827
0.194514
0.193347
0.192198
0.190928
0.189551
0.188533
0.187297
0.186145
0.185189
0.184029
0.183091
0.182009
0.180929
0.179701
0.178750
0.177862
0.176881
0.175874
0.174846
0.173908
0.173136
0.172188
0.171278
0.170334
0.169512
0.168662
0.167874
0.166764
0.165891
0.164973
0.164199
0.163390
0.162610
0.161802
0.161080
0.160265
0.159492
0.158816
0.158034
0.157550
0.156691
0.155933
0.155312
0.154582
0.153906
0.153109
0.152506
0.151841
0.151361
0.150736
0.150137
0.149551
0.148933
0.148264
0.147730
0.147165
0.146586
0.146042
0.145540
0.144946
0.144445
0.143922
0.143408
0.142976
0.142447
0.141922
0.141498
0.140949
0.140531
0.140130
0.139640
0.139251
0.138842
0.138371
0.137837
0.137563
0.137161
0.136656
0.136334
0.135971
0.135496
0.135065
0.134812
0.134389
0.134060
0.133689
0.133328
0.133024
0.132698
0.132268
0.131979
0.131609
0.131213
0.130937
0.130663
0.130310
0.129943
0.129676
0.129308
0.128973
0.128572
0.128265
0.128040
0.127739
0.127605
0.127240
0.126968
0.126684
0.126442
0.126055
0.125771
0.125515
0.125423
0.125290
0.124976
0.124713
0.124419
0.124237
0.123938
0.123753
0.123442
0.123129
0.122944
0.122721
0.122619
0.122436
0.122121
0.122000
0.121734
0.121456
0.121322
0.121161
0.120859
0.120738
0.120609
0.120319
0.120145
0.119823
0.119670
0.119423
0.119382
0.119233
0.119099
0.119023
0.118824
0.118551
0.118347
0.118172
0.117940
0.117891
0.117779
0.117723
0.117556
0.117450
0.117406
0.117155
0.117004
0.116870
0.116754
0.116535
0.116374
0.116264
0.116083
0.116095
0.115907
0.115789
0.115582
0.115420
0.115376
0.115187
0.115126
0.115003
0.114834
0.114690
0.114550
0.114445
0.114338
0.114171
0.114083
0.113892
0.113782
0.113649
0.113602
0.113481
0.113344
0.113237
0.113011
0.112913
0.112865
0.112756
0.112589
0.112400
0.112296
0.112184
0.111993
0.111960
0.111743
0.111643
0.111618
0.111539
0.111430
0.111234
0.111197
0.111046
0.110933
0.110883
0.110828
0.110677
0.110594
0.110565
0.110431
0.110291
0.110239
0.110181
0.110078
0.109958
0.109889
0.109921
0.109772
0.109698
0.109666
0.109567
0.109485
0.109414
0.109367
0.109328
0.109236
0.109244
0.109136
0.109045
0.109048
0.108915
0.108859
0.108823
0.108797
0.108812
0.108678
0.108625
0.108689
0.108641
0.108553
0.108492
0.108512
0.108527
0.108530
0.108576
0.108621
0.108564
0.108591
0.108589
0.108531
0.108556
0.108599
0.108599
0.108639
0.108619
0.108625
0.108587
0.108539
0.108631
0.108644
0.108594
0.108652
0.108652
0.108665
0.108671
0.108621
0.108621
0.108640
0.108676
0.108722
0.108742
0.108736
0.108702
0.108702
0.108723
0.108673
0.108621
0.108621
0.108621
0.108571
0.108571
0.108391
0.108374
0.108353
0.108350
0.084648
0.084599
0.084620
0.084547
0.084443
0.084223
0.083902
0.083509
0.083030
0.082561
0.082092
0.081663
0.081257
0.080851
0.080540
0.080078
0.079733
0.079375
0.079085
0.078760
0.078501
0.078261
0.077938
0.077676
0.077402
0.077117
0.076824
0.076538
0.076260
0.075968
0.075614
0.075310
0.074961
0.074629
0.074276
0.073973
0.073664
0.073260
0.072957
0.072539
0.072238
0.071657
0.071329
0.070956
0.070605
0.070242
0.069918
0.069577
0.069165
0.068855
0.068521
0.068147
0.067844
0.067464
0.067112
0.066694
0.066362
0.066016
0.065616
0.065238
0.064889
0.064490
0.064130
0.063731
0.063361
0.062953
0.062605
0.062207
0.061753
0.061346
0.060942
0.060545
0.060133
0.059772
0.059368
0.058964
0.058470
0.058065
0.057711
0.057308
0.056856
0.056453
0.056099
0.055647
0.055236
0.054883
0.054259
0.053881
0.053457
0.053044
0.052611
0.052200
0.051806
0.051462
0.051052
0.050674
0.050336
0.049933
0.049557
0.049203
0.048793
0.048476
0.048116
0.047712
0.047399
0.047038
0.046635
0.046282
0.045929
0.045603
0.045216
0.044863
0.044502
0.044157
0.043795
0.043442
0.043088
0.042735
0.042382
0.042114
0.041712
0.041408
0.041096
0.040701
0.040396
0.040085
0.039671
0.039367
0.039055
0.038710
0.038406
0.038095
0.037560
0.037245
0.036919
0.036505
0.036211
0.035857
0.035514
0.035280
0.034944
0.034690
0.034408
0.034055
0.033726
0.033471
0.033118
0.032843
0.032589
0.032237
0.031956
0.031751
0.031405
0.031151
0.030789
0.030478
0.030223
0.029920
0.029616
0.029362
0.029057
0.028811
0.028507
0.028245
0.028035
0.027731
0.027495
0.027240
0.026930
0.026683
0.026477
0.026230
0.026025
0.025730
0.025518
0.025263
0.025065
0.024681
0.024416
0.024133
0.023933
0.023731
0.023534
0.023337
0.023153
0.022948
0.022761
0.022579
0.022381
0.022210
0.021967
0.021821
0.021645
0.021478
0.021372
0.021162
0.020964
0.020853
0.020656
0.020500
0.020330
0.020149
0.019993
0.019811
0.019626
0.019470
0.019322
0.019166
0.019018
0.018899
0.018793
0.018603
0.018447
0.018288
0.018190
0.018050
0.017894
0.017796
0.017640
0.017541
0.017435
0.017287
0.016958
0.016833
0.016663
0.016611
0.016465
0.016309
0.016219
0.016126
0.016019
0.015939
0.015862
0.015714
0.015683
0.015490
0.015440
0.015322
0.015223
0.015117
0.015096
0.014997
0.014941
0.014789
0.014690
0.014626
0.014558
0.014373
0.014316
0.014218
0.014119
0.014021
0.013972
0.013915
0.013767
0.013754
0.013656
0.013599
0.013492
0.013394
0.013345
0.013246
0.013198
0.013149
0.013043
0.012994
0.012945
0.012846
0.012568
0.012501
0.012374
0.012323
0.012277
0.012179
0.012237
0.012202
0.012122
0.012008
0.011981
0.011933
0.011861
0.011812
0.011812
0.011743
0.011686
0.011637
0.011671
0.011571
0.011523
0.011474
0.011376
0.011410
0.011362
0.011305
0.011256
0.011207
0.011159
0.011110
0.011110
0.011012
0.011000
0.011000
0.010944
0.010839
0.010839
0.010764
0.010764
0.010715
0.010618
0.010618
0.010569
0.010569
0.010521
0.010283
0.010216
0.010194
0.010143
0.010097
0.010097
0.010008
0.010021
0.009973
0.009925
0.009899
0.009899
0.009868
0.009820
0.009820
0.009802
0.009802
0.009754
0.009737
0.009738
0.009738
0.009738
0.009690
0.009724
0.009629
0.009545
0.009545
0.009490
0.009538
0.009519
0.009519
0.009519
0.009508
0.009508
0.009508
0.009426
0.009426
0.009426
0.009379
0.009379
0.009415
0.009369
0.009369
0.009369
0.009293
0.009106
0.009089
0.009022
0.009019
0.009022
0.009022
0.008985
0.008999
0.008999
0.008972
0.008994
0.008994
0.009021
0.008976
0.008976
0.009005
0.009005
0.008961
0.008993
0.008993
0.008993
0.008949
0.008949
0.008983
0.008976
0.008976
0.008933
0.008933
0.008933
0.008933
0.008890
0.008890
0.008890
0.008926
0.008926
0.008884
0.008884
0.008884
0.008884
0.008884
0.008884
0.008843
0.008843
0.008843
0.008843
0.008843
0.008661
0.008603
0.008580
0.008577
0.008580
0.008580
0.008588
0.008562
0.008580
0.008580
0.008602
0.008602
0.008627
0.008622
0.008584
0.008613
0.008613
0.008613
0.008645
0.008645
0.008645
0.008645
0.008608
0.008642
0.008642
0.008642
0.008642
0.008642
0.008642
0.008642
0.008642
0.008642
0.008679
0.008679
0.008679
0.008679
0.008679
0.008679
0.008679
0.008679
0.008679
0.008686
0.008686
0.008686
0.008686
0.008507
0.008489
0.008468
0.008466
0.008469
0.008469
0.008477
0.008491
0.008491
0.008509
0.008532
0.008532
0.008558
0.008558
0.008558
0.008588
0.008588
0.008588
0.008620
0.008620
0.008620
0.008620
0.008620
0.008654
0.008654
0.008654
0.008654
0.008654
0.008654
0.008654
0.008654
0.008654
0.008654
0.008691
0.008691
0.008691
0.008691
0.008691
0.008691
0.008691
0.008691
0.008691
0.008691
0.008691
0.008691
0.008509
0.008491
0.008469
0.008466
0.008468
0.008468
0.008476
0.008489
0.008489
0.008507
0.008529
0.008529
0.008555
0.008555
0.008555
0.008584
0.008584
0.008584
0.008616
0.008616
0.008616
0.008616
0.008616
0.008650
0.008650
0.008650
0.008650
0.008650
0.008650
0.008650
0.008650
0.008650
0.008650
0.008686
0.008686
0.008686
0.008686
0.008686
0.008686
0.008686
0.008686
0.008686
0.008686
0.008686
0.008686
0.008686
0.008507
0.008489
0.008468
0.008418
0.008421
0.008421
0.008477
0.008491
0.008509
0.008509
0.008532
0.008532
0.008510
0.008510
0.008510
0.008540
0.008540
0.008540
0.008620
0.008620
0.008620
0.008620
0.008572
0.008606
0.008606
0.008606
0.008606
0.008606
0.008606
0.008606
0.008654
0.008655
0.008691
0.008691
0.008691
0.008643
0.008643
0.008643
0.008643
0.008643
0.008691
0.008691
0.008691
0.008691
0.008691
0.008510
0.008492
0.008469
0.008466
0.008469
0.008469
0.008477
0.008490
0.008490
0.008508
0.008530
0.008530
0.008556
0.008556
0.008556
