1.470483
1.374645
1.183305
1.003191
0.880157
0.818527
0.797198
0.792392
0.694685
0.815213
0.742517
0.811735
0.733340
0.732648
0.662992
0.662386
0.661522
0.660001
0.698910
0.696381
0.693971
0.735621
0.732751
0.730235
0.727204
0.724700
0.721439
0.718178
0.714517
0.711108
0.707547
0.703780
0.700355
0.696347
0.692565
0.688586
0.684644
0.680701
0.676633
0.672423
0.668432
0.664000
0.659701
0.655661
0.651435
0.646796
0.642599
0.638058
0.633820
0.629263
0.625183
0.620363
0.615961
0.611603
0.606964
0.602393
0.598114
0.593753
0.589563
0.585020
0.580407
0.576143
0.571659
0.567416
0.563043
0.558737
0.554251
0.549802
0.545662
0.541247
0.537110
0.532916
0.528620
0.524375
0.520335
0.516018
0.511902
0.507761
0.503462
0.499348
0.495161
0.491188
0.486983
0.483111
0.479061
0.475091
0.471106
0.467150
0.463348
0.459579
0.455689
0.451837
0.447924
0.444238
0.440207
0.436587
0.432682
0.429026
0.425287
0.421611
0.417911
0.414098
0.410602
0.406888
0.403147
0.399651
0.396125
0.392413
0.388895
0.385243
0.381845
0.378385
0.374848
0.371193
0.367738
0.364270
0.360724
0.357264
0.353863
0.350513
0.346951
0.343777
0.340252
0.337074
0.333572
0.330249
0.326734
0.323584
0.320251
0.316896
0.313539
0.310321
0.307181
0.303957
0.300597
0.297411
0.294126
0.291094
0.287965
0.284791
0.281555
0.278615
0.275578
0.272403
0.269339
0.266445
0.263393
0.260410
0.257184
0.254325
0.251343
0.248379
0.245471
0.242516
0.239641
0.236751
0.233797
0.231080
0.228002
0.225339
0.222407
0.219481
0.216869
0.213997
0.211377
0.208233
0.205653
0.202905
0.200204
0.197517
0.194864
0.192183
0.189674
0.187133
0.184515
0.181819
0.179362
0.176669
0.174110
0.171502
0.169198
0.166835
0.164230
0.161887
0.159399
0.157194
0.154827
0.152346
0.150260
0.147832
0.145753
0.143409
0.141184
0.139108
0.136706
0.134485
0.132401
0.130504
0.128164
0.126178
0.124113
0.122056
0.120009
0.117979
0.116158
0.113955
0.112059
0.110345
0.108303
0.106549
0.104592
0.102746
0.101072
0.099161
0.097290
0.095718
0.094167
0.092525
0.090718
0.088998
0.087511
0.086114
0.084697
0.083068
0.081471
0.079944
0.078562
0.077229
0.075533
0.073998
0.072460
0.070882
0.069411
0.067836
0.066407
0.064930
0.063553
0.062272
0.061232
0.059822
0.058731
0.057647
0.056481
0.055626
0.054536
0.053546
0.052493
0.051689
0.050795
0.049688
0.048909
0.048180
0.047389
0.046740
0.045845
0.045193
0.044625
0.043828
0.043143
0.042548
0.042049
0.041386
0.040690
0.039971
0.039470
0.039015
0.038440
0.037808
0.037272
0.036715
0.036148
0.035637
0.035230
0.034808
0.034398
0.033914
0.033666
0.033280
0.032750
0.032314
0.031843
0.031539
0.030919
0.030547
0.030391
0.029880
0.029476
0.028935
0.028345
0.028033
0.027528
0.026961
0.026646
0.026374
0.026202
0.025972
0.025658
0.025378
0.025042
0.024679
0.024348
0.024232
0.023881
0.023481
0.023283
0.022866
0.022416
0.022086
0.022020
0.021673
0.021475
0.021102
0.021098
0.021019
0.020790
0.020567
0.020517
0.020405
0.020251
0.019931
0.019683
0.019321
0.019208
0.019085
0.018921
0.018854
0.018530
0.018471
0.018345
0.018125
0.018125
0.018052
0.017799
0.017488
0.017421
0.017218
0.016905
0.016879
0.016725
0.016610
0.016252
0.015941
0.015932
0.015779
0.015744
0.015848
0.016002
0.016072
0.015950
0.015913
0.015881
0.015838
0.015714
0.015671
0.015603
0.015568
0.015497
0.015608
0.015585
0.015388
0.015212
0.015200
0.015044
0.015044
0.015070
0.015070
0.014840
0.014877
0.014737
0.014556
0.014391
0.014326
0.014270
0.014200
0.013843
0.013862
0.013845
0.013845
0.013655
0.013594
0.013518
0.013435
0.013373
0.013313
0.013313
0.013297
0.013436
0.013451
0.013390
0.013410
0.013341
0.013275
0.013153
0.013153
0.013184
0.013122
0.013065
0.012952
0.012904
0.013013
0.012913
0.012838
0.012803
0.012838
0.012795
0.012726
0.012726
0.012691
0.012691
0.012625
0.012625
0.012510
0.012460
0.012460
0.012432
0.012432
0.012428
0.012371
0.012352
0.012298
0.012245
0.012352
0.012299
0.012299
0.012233
0.012244
0.012230
0.012124
0.012076
0.012020
0.012020
0.012129
0.012073
0.012026
0.012073
0.012016
0.012069
0.011968
0.011968
0.011968
0.012026
0.012021
0.011921
0.011872
0.011975
0.011921
0.011829
0.011829
0.011829
0.011872
0.011979
0.011975
0.011975
0.011975
0.012189
0.012001
0.011979
0.011815
0.011707
0.011966
0.012179
0.012672
0.013366
0.013946
0.014266
0.014419
0.015089
0.015563
0.016065
0.016189
0.016783
0.017073
0.017095
0.017721
0.018566
0.019058
0.019362
0.018708
0.017684
0.016845
0.016693
0.017038
0.017337
0.017829
0.018081
0.018259
0.018178
0.017790
0.017584
0.017453
0.017498
0.017706
0.017983
0.018287
0.018686
0.018926
0.019414
0.019920
0.020238
0.020976
0.021222
0.021558
0.022123
0.022377
0.022465
0.022346
0.022386
0.022931
0.023276
0.024340
0.025560
0.026466
0.026878
0.026345
0.025788
0.025452
0.025185
0.025801
0.025742
0.026519
0.026324
0.026705
0.026161
0.026047
0.025506
0.025453
0.025039
0.024647
0.024220
0.024544
0.024067
0.024339
0.023887
0.023788
0.023967
0.022367
0.021743
0.021082
0.020423
0.020565
0.021718
0.022967
0.023812
0.023523
0.022281
0.021206
0.020200
0.019744
0.019603
0.020022
0.020206
0.020938
0.021526
0.021392
0.021275
0.021560
0.021346
0.021213
0.021409
0.021287
0.021369
0.021716
0.021675
0.022176
0.021003
0.020332
0.019683
0.019362
0.019601
0.021124
0.022411
0.023581
0.022802
0.022347
0.020945
0.020173
0.019753
0.019631
0.020218
0.020410
0.021182
0.021386
0.021943
0.021768
0.021872
0.021617
0.021622
0.022071
0.021872
0.021849
0.022406
0.022339
0.022847
0.022635
0.021421
0.020634
0.019985
0.019511
0.019993
0.021636
0.023464
0.024910
0.024903
0.023770
0.022552
0.021592
0.021150
0.021019
0.021844
0.022212
0.022879
0.023813
0.023706
0.024171
0.023782
0.023438
0.023234
0.023561
0.023595
0.024139
0.024094
0.023807
0.024533
0.024446
0.023607
0.021771
0.020990
0.021095
0.021669
0.023427
0.025490
0.026374
0.026498
0.025286
0.023814
0.022860
0.022378
0.022709
0.022949
0.023939
0.024194
0.024987
0.024905
0.025197
0.024805
0.024450
0.024729
0.024505
0.024363
0.025007
0.024715
0.025376
0.025199
0.025114
0.025441
0.023939
0.022902
0.021949
0.021288
0.022013
0.023809
0.025773
0.027505
0.026644
0.026189
0.024646
0.023682
0.023093
0.023058
0.023754
0.024121
0.025046
0.025082
0.025524
0.025218
0.025711
0.025242
0.024844
0.025343
0.025102
0.025085
0.025688
0.025615
0.026092
0.025909
0.025585
0.024923
0.022951
0.021818
0.022085
0.022594
0.024578
0.026710
0.027454
0.027477
0.026298
0.024917
0.023702
0.023849
0.023815
0.023928
0.024808
0.025109
0.026011
0.026402
0.026152
0.025689
0.026209
0.025705
0.025415
0.026141
0.025852
0.025839
0.026354
0.026282
0.026694
0.026468
0.024888
0.023852
0.022678
0.021832
0.022407
0.024335
0.026398
0.028002
0.027977
0.026682
0.025327
0.024084
0.023559
0.023323
0.024220
0.024529
0.025444
0.026232
0.026060
0.026465
0.026054
0.025691
0.025269
0.025764
0.025627
0.026332
0.026133
0.025820
0.026511
0.026474
0.025429
0.023457
0.022619
0.022519
0.023296
0.025053
0.027240
0.028151
0.028085
0.026806
0.025284
0.024375
0.023615
0.024133
0.024380
0.025407
0.025610
0.026311
0.026222
0.026711
0.026134
0.025748
0.026152
0.026010
0.025771
0.026332
0.026295
0.026815
0.026555
0.026363
0.026944
0.025305
0.024064
0.023076
0.022416
0.023178
0.024952
0.027114
0.028907
0.028034
0.027390
0.025942
0.024950
0.024133
0.024012
0.025037
0.025207
0.026168
0.026169
0.026744
0.026493
0.026783
0.026372
0.026036
0.026460
0.026196
0.026158
0.026830
0.026588
0.027088
0.026965
0.026737
0.025872
0.023989
0.022807
0.023137
0.023758
0.025549
0.027733
0.028733
0.028497
0.027020
0.026475
0.024807
0.024600
0.024567
0.024852
0.025723
0.025902
0.026761
0.027437
0.026915
0.026518
0.026952
0.026515
0.026109
0.026807
0.026754
0.026567
0.027103
0.026927
0.027559
0.027112
0.025565
0.024540
0.023225
0.022745
0.023290
0.025336
0.027452
0.029231
0.029037
0.027534
0.026249
0.025156
0.024336
0.024303
0.025132
0.025253
0.026296
0.027265
0.027003
0.027243
0.026917
0.026694
0.026116
0.026456
0.026322
0.026785
0.026450
0.026154
0.026572
0.026115
0.026461
0.024704
0.023404
0.022152
0.021453
0.022028
0.023638
0.025591
0.026502
0.026626
0.025984
0.024635
0.023703
0.023039
0.022822
0.023099
0.023858
0.024573
0.024595
0.025149
0.024872
0.024400
0.024694
0.024200
0.023940
0.024030
0.023810
0.024105
0.023686
0.023517
0.023903
0.023752
0.023372
0.022843
0.021631
0.020704
0.020698
0.021029
0.022207
0.023721
0.024487
0.024607
0.024180
0.023387
0.022837
0.022690
0.022795
0.023325
0.024092
0.024722
0.025203
0.025759
0.025658
0.025668
0.026338
0.026162
0.026365
0.026998
0.027225
0.027945
0.028246
0.028373
0.029115
0.028244
0.027641
0.026851
0.026555
0.026893
0.028456
0.029692
0.031005
0.030524
0.030102
0.029171
0.028560
0.028004
0.028059
0.028808
0.029002
0.029918
0.029861
0.030304
0.030126
0.030304
0.029883
0.029691
0.029916
0.029667
0.029535
0.030090
0.029974
0.030300
0.030454
0.029411
0.028392
0.027673
0.027060
0.027535
0.028979
0.030471
0.031926
0.032196
0.031354
0.030385
0.029815
0.029704
0.029593
0.030603
0.031118
0.032158
0.032816
0.032934
0.033593
0.033259
0.033021
0.032931
0.033592
0.033359
0.033996
0.034079
0.033840
0.034402
0.034402
0.033854
0.031972
0.031220
0.031186
0.031530
0.032871
0.034021
0.034672
0.034337
0.032705
0.031401
0.030330
0.029622
0.030010
0.030097
0.030856
0.031059
0.031966
0.031936
0.032467
0.031968
0.031967
0.032360
0.032421
0.032225
0.033016
0.032913
0.033457
0.033487
0.033377
0.032716
0.031175
0.030335
0.030571
0.031072
0.032885
0.034768
0.035724
0.035560
0.034437
0.033667
0.032441
0.031878
0.031381
0.031245
0.031940
0.032456
0.032219
0.032575
0.032092
0.031451
0.031536
0.031144
0.030722
0.031023
0.030765
0.030381
0.030758
0.030344
0.030762
0.030482
0.028828
0.027896
0.026841
0.026252
0.026725
0.028504
0.030438
0.031882
0.031896
0.030744
0.029552
0.028291
0.027367
0.027085
0.027451
0.027443
0.028194
0.028507
0.028075
0.028381
0.027867
0.027061
0.027327
0.027122
0.026553
0.027068
0.026918
0.026519
0.027134
0.026710
0.027221
0.025590
0.024438
0.023357
0.022953
0.023549
0.025402
0.027260
0.028006
0.027820
0.027160
0.025570
0.024326
0.023656
0.023518
0.024261
0.024643
0.025545
0.025660
0.026141
0.025929
0.026144
0.025836
0.025718
0.025572
0.026025
0.025960
0.026608
0.026572
0.026428
0.027073
0.026853
0.025988
0.024306
0.023348
0.023551
0.024126
0.026072
0.028082
0.029020
0.029040
0.027730
0.026193
0.025220
0.024528
0.025066
0.025331
0.026123
0.026458
0.027163
0.027197
0.027521
0.027258
0.026779
0.026959
0.026856
0.026571
0.027254
0.027038
0.027509
0.027191
0.026885
0.025961
0.024211
0.022887
0.023088
0.023534
0.025399
0.027195
0.028084
0.028092
0.027434
0.026046
0.024974
0.024224
0.024037
0.023913
0.024804
0.025422
0.025446
0.025688
0.025187
0.024755
0.024962
0.024450
0.024175
0.024502
0.024305
0.024291
0.024884
0.024856
0.025223
0.025343
0.024472
0.023475
0.022668
0.022378
0.022736
0.024255
0.025748
0.027185
0.027024
0.026116
0.025033
0.024424
0.024066
0.024101
0.024683
0.025339
0.025688
0.026128
0.026368
0.026818
0.026817
0.026777
0.027152
0.027464
0.027414
0.027867
0.028204
0.028493
0.028754
0.028983
0.029563
0.029095
0.028552
0.028222
0.027854
0.028010
0.028367
0.029597
0.030272
0.030350
0.029983
0.029487
0.029269
0.028986
0.029280
0.029853
0.030211
0.030715
0.031106
0.031607
0.031563
0.031512
0.031514
0.031392
0.031100
0.031408
0.031494
0.031529
0.031348
0.031445
0.031838
0.031577
0.030917
0.029732
0.028723
0.028897
0.029188
0.030723
0.032225
0.032784
0.032550
0.031426
0.030115
0.029115
0.028470
0.028772
0.028721
0.029134
0.029190
0.029547
0.029367
0.029388
0.029039
0.028569
0.028681
0.028525
0.028281
0.028738
0.028574
0.029145
0.029053
0.028943
0.028475
0.027167
0.026428
0.026415
0.026660
0.028151
0.029772
0.030823
0.030937
0.030457
0.029459
0.028730
0.028188
0.028110
0.028291
0.029268
0.029922
0.030132
0.030677
0.030523
0.029949
0.030273
0.030058
0.029801
0.030149
0.029966
0.029851
0.030095
0.029937
0.030279
0.029894
0.029459
0.028506
0.026967
0.025752
0.025866
0.026454
0.028272
0.030245
0.031034
0.031080
0.030080
0.029494
0.028362
0.027751
0.027452
0.027261
0.027987
0.028606
0.028248
0.028218
0.027725
0.027122
0.027015
0.026476
0.026149
0.026362
0.026041
0.025924
0.026214
0.026028
0.026137
0.026063
0.024711
0.023802
0.022948
0.022540
0.022945
0.024568
0.026459
0.027887
0.028125
0.027210
0.025963
0.025117
0.024708
0.024335
0.024870
0.025140
0.025805
0.026457
0.026252
0.026641
0.026143
0.025941
0.026171
0.026024
0.025864
0.026248
0.026186
0.026080
0.026463
0.026427
0.026507
0.025376
0.024501
0.023460
0.023154
0.023456
0.025118
0.026663
0.027316
0.027092
0.026544
0.024980
0.023521
0.022652
0.022365
0.022410
0.023018
0.023784
0.023725
0.024067
0.023720
0.023956
0.023482
0.023072
0.022836
0.023332
0.023139
0.023656
0.023551
0.023595
0.024092
0.022781
0.022023
0.021022
0.020775
0.021266
0.023125
0.025238
0.026903
0.026984
0.025684
0.024275
0.023467
0.022887
0.022690
0.023651
0.024164
0.025084
0.025741
0.025810
0.025671
0.026140
0.025866
0.025590
0.026345
0.026396
0.026600
0.027072
0.027206
0.027898
0.026600
0.025791
0.024992
0.024473
0.025001
0.026735
0.028382
0.029188
0.029210
0.028432
0.027139
0.026098
0.025398
0.025298
0.025957
0.026140
0.026873
0.026910
0.027571
0.027335
0.027458
0.026930
0.026680
0.027069
0.026937
0.026902
0.027425
0.027299
0.027043
0.027496
0.026141
0.025097
0.023909
0.023688
0.023911
0.025994
0.027651
0.029263
0.029136
0.028027
0.026621
0.025009
0.024370
0.023962
0.024721
0.024853
0.025822
0.026516
0.026247
0.025833
0.026302
0.025897
0.025537
0.025813
0.025637
0.025616
0.026266
0.026169
0.026542
0.026360
0.025019
0.023866
0.022834
0.022924
0.022779
0.025303
0.026668
0.028177
0.028185
0.026961
0.025464
0.024295
0.023687
0.024230
0.024505
0.025315
0.025718
0.026370
0.026366
0.026566
0.026283
0.025743
0.026105
0.025878
0.025750
0.026336
0.026284
0.027076
0.026906
0.026742
0.027360
0.027213
0.025919
0.024712
0.023670
0.023892
0.023891
0.026454
0.027751
0.029438
0.029544
0.028116
0.026772
0.025597
0.025088
0.025423
0.025703
0.026696
0.026865
0.027583
0.027619
0.027892
0.027533
0.027125
0.027622
0.027320
0.027146
0.027852
0.027763
0.027695
0.028031
0.027942
0.028461
0.027032
0.025766
0.024597
0.024160
0.024644
0.026510
0.028094
0.029811
0.028847
0.028154
0.026504
0.025510
0.024838
0.024504
0.025366
0.025632
0.026524
0.026505
0.027133
0.026822
0.027122
0.026587
0.026454
0.026916
0.026774
0.026532
0.027298
0.026996
0.026930
0.027529
0.027179
0.026421
0.024546
0.023494
0.023543
0.024302
0.026092
0.028195
0.029007
0.028947
0.027740
0.026230
0.024969
0.024436
0.024818
0.025015
0.026149
0.026388
0.027055
0.026929
0.027380
0.026931
0.026564
0.026837
0.026601
0.026652
0.027056
0.026904
0.027545
0.027543
0.027469
0.026279
0.024526
0.023442
0.023724
0.024191
0.026193
0.028369
0.029197
0.029315
0.028828
0.027387
0.026112
0.025668
0.025371
0.025684
0.026733
0.027832
0.027643
0.028284
0.028049
0.027880
0.027818
0.027691
0.027480
0.027990
0.027793
0.027847
0.028455
0.028273
0.028828
0.027115
0.025985
0.024910
0.024352
0.024904
0.026800
0.028916
0.030461
0.029813
0.029165
0.027253
0.025950
0.025338
0.024914
0.025771
0.026120
0.026833
0.026849
0.027493
0.027251
0.027463
0.026969
0.026693
0.027035
0.026983
0.026811
0.027401
0.027284
0.027930
0.026519
0.025077
0.023993
0.023500
0.023914
0.025942
0.027820
0.028912
0.028876
0.028246
0.026742
0.025532
0.024912
0.024708
0.024825
0.025816
0.026671
0.026908
0.027316
0.027087
0.027323
0.027122
0.026586
0.026464
0.027005
0.026818
0.027430
0.027224
0.027069
0.026335
0.024584
0.023173
0.023571
0.023809
0.026017
0.027785
0.028809
0.028744
0.028204
0.026749
0.025366
0.024933
0.024817
0.024654
0.025824
0.026852
0.026481
0.027216
0.027069
0.026710
0.026631
0.026503
0.026375
0.026662
0.026558
0.026664
0.027149
0.026984
0.027530
0.025985
0.024634
0.023669
0.023115
0.023626
0.025636
0.027580
0.028545
0.028425
0.027776
0.026244
0.025315
0.024533
0.024377
0.025297
0.025521
0.026292
0.026365
0.026668
0.026190
0.026333
0.025964
0.025473
0.025773
0.025573
0.025481
0.025624
0.025354
0.025213
0.025603
0.025338
0.024488
0.022870
0.021804
0.022022
0.022587
0.024447
0.025954
0.026784
0.026779
0.025648
0.024078
0.023285
0.022835
0.023042
0.023207
0.024394
0.024926
0.025313
0.025228
0.025623
0.025543
0.025030
0.025339
0.025292
0.025090
0.025473
0.025551
0.026148
0.025756
0.025721
0.026344
0.025044
0.024209
0.023488
0.023015
0.023510
0.025002
0.026510
0.027992
0.027889
0.027060
0.026200
0.025596
0.025171
0.025314
0.026101
0.026503
0.027260
0.028045
0.028086
0.027995
0.028356
0.028127
0.028120
0.028427
0.028469
0.028554
0.029053
0.029176
0.029684
0.029702
0.029623
0.028850
0.027740
0.026972
0.026680
0.027334
0.028634
0.030117
0.030707
0.030603
0.030088
0.028943
0.028053
0.027528
0.027480
0.027523
0.028410
0.029198
0.029466
0.029676
0.029589
0.029420
0.029667
0.029452
0.029335
0.030005
0.029856
0.029994
0.030613
0.030688
0.031084
0.030029
0.029264
0.028427
0.027834
0.028350
0.029671
0.031361
0.032056
0.032291
0.031833
0.030688
0.029900
0.029466
0.029354
0.029941
0.030243
0.031105
0.030964
0.031467
0.031186
0.031327
0.030926
0.030515
0.030867
0.030718
0.030560
0.031091
0.030868
0.030766
0.031141
0.030787
0.030052
0.028760
0.027767
0.027919
0.028383
0.029810
0.031427
0.031866
0.031981
0.030974
0.029530
0.028619
0.028136
0.028517
0.028697
0.029673
0.029896
0.030592
0.030632
0.030987
0.030653
0.030278
0.030635
0.030426
0.030265
0.030729
0.030578
0.031154
0.030810
0.030647
0.030997
0.029649
0.028445
0.027590
0.026994
0.027436
0.028999
0.030496
0.031878
0.031818
0.030507
0.029064
0.027907
0.027232
0.026841
0.027575
0.027539
0.028418
0.028879
0.028543
0.028162
0.028392
0.027863
0.027304
0.027778
0.027450
0.027350
0.027673
0.027520
0.027900
0.027632
0.025998
0.024997
0.024154
0.023983
0.023960
0.026190
0.027360
0.028556
0.028549
0.027310
0.025820
0.024642
0.023961
0.024332
0.024233
0.025123
0.025326
0.025736
0.025599
0.025932
0.025575
0.024995
0.025341
0.025121
0.024827
0.025357
0.025189
0.025095
0.025469
0.025414
0.025946
0.025671
0.024120
0.022981
0.022010
0.021497
0.022259
0.023889
0.025949
0.027467
0.027547
0.026287
0.024849
0.023656
0.023056
0.022937
0.023797
0.024789
0.025042
0.025778
0.025725
0.026097
0.025634
0.025360
0.025628
0.025637
0.025236
0.025809
0.025810
0.025704
0.026154
0.026130
0.026474
0.024993
0.023886
0.022583
0.022236
0.022637
0.024634
0.026597
0.027678
0.027596
0.027040
0.025601
0.024434
0.023778
0.023742
0.024382
0.024689
0.025633
0.025548
0.025844
0.025553
0.025666
0.025110
0.024489
0.024397
0.024786
0.024589
0.025049
0.024885
0.024739
0.025158
0.024780
0.024137
0.022783
0.021780
0.022027
0.022551
0.024075
0.025622
0.026353
0.026352
0.025576
0.024446
0.023666
0.023337
0.023774
0.024003
0.024861
0.025257
0.025915
0.025988
0.026443
0.026257
0.025992
0.026520
0.026352
0.026427
0.026950
0.026972
0.027512
0.027667
0.027585
0.026996
0.025537
0.024665
0.024830
0.025155
0.026743
0.028330
0.028842
0.028987
0.028501
0.027406
0.026391
0.025981
0.025742
0.025949
0.026788
0.027535
0.027618
0.028254
0.027991
0.027869
0.027976
0.027960
0.027762
0.028341
0.028476
0.028451
0.029130
0.029184
0.029814
0.028730
0.027860
0.026993
0.026561
0.026904
0.028551
0.030040
0.031370
0.030891
0.030456
0.029467
0.028642
0.028089
0.028232
0.029005
0.029383
0.030228
0.030370
0.030842
0.030689
0.030961
0.030838
0.030570
0.030875
0.030666
0.030806
0.031076
0.030942
0.030837
0.031388
0.030928
0.031216
0.030106
0.029259
0.028238
0.027892
0.028093
0.029823
0.031092
0.032041
0.032048
0.031465
0.030143
0.029354
0.028912
0.028604
0.029299
0.029627
0.030231
0.030006
0.030631
0.030437
0.030464
0.030018
0.029943
0.029729
0.030095
0.030177
0.030904
0.030818
0.030592
0.031254
0.031226
0.030411
0.028922
0.028069
0.028257
0.028727
0.030375
0.032074
0.032744
0.032449
0.031370
0.030193
0.028933
0.028284
0.028793
0.028680
0.029316
0.029590
0.030105
0.029865
0.029950
0.029644
0.028975
0.029260
0.028944
0.028634
0.029005
0.028818
0.029192
0.028957
0.028702
0.029076
0.027616
0.026473
0.025456
0.025008
0.025229
0.027023
0.028489
0.029996
0.029852
0.028605
0.027417
0.026086
0.025427
0.025298
0.025601
0.025851
0.026559
0.027204
0.026791
0.026408
0.026653
0.026034
0.025734
0.026127
0.025895
0.025617
0.026038
0.025998
0.026306
0.026041
0.024572
0.023578
0.022437
0.022633
0.022411
0.024027
0.025665
0.027244
0.027233
0.025808
0.024582
0.023480
0.022741
0.023124
0.023204
0.024047
0.024181
0.024895
0.024592
0.025031
0.024688
0.024280
0.024550
0.024320
0.024279
0.024701
0.024525
0.024548
0.025153
0.024969
0.024016
0.022283
0.021148
0.021389
0.021951
0.023858
0.026140
0.026897
0.026831
0.025634
0.024191
0.023004
0.022398
0.022940
0.023228
0.024063
0.024394
0.025248
0.025208
0.025399
0.025121
0.025434
0.025129
0.024896
0.024875
0.025374
0.025302
0.025961
0.025820
0.025656
0.024799
0.022914
0.021741
0.021807
0.022491
0.024355
0.026528
0.027448
0.027504
0.026784
0.025416
0.024305
0.023602
0.023462
0.023703
0.024563
0.025344
0.025585
0.026064
0.025739
0.025405
0.025797
0.025400
0.025106
0.025738
0.025633
0.026258
0.026045
0.025927
0.026467
0.026251
0.024626
0.023505
0.022242
0.022409
0.022310
0.024954
0.026461
0.028038
0.028072
0.026796
0.025355
0.023974
0.023428
0.023985
0.024015
0.025131
0.025468
0.025978
0.025926
0.026307
0.026013
0.025478
0.025925
0.025713
0.025596
0.025999
0.026092
0.026679
0.026364
0.026209
0.026679
0.025204
0.023921
0.022847
0.022119
0.022819
0.024749
0.026896
0.028563
0.027885
0.027322
0.025586
0.024716
0.024003
0.023620
0.024606
0.024926
0.025708
0.025860
0.026609
0.026218
0.026255
0.026050
0.025746
0.026217
0.025901
0.026000
0.026601
0.026299
0.026186
0.026783
0.026502
0.025620
0.023718
0.022352
0.022789
0.023150
0.025357
0.027510
0.028190
0.028314
0.027058
0.025497
0.024284
0.023650
0.024033
0.024242
0.025363
0.025615
0.026212
0.026184
0.026633
0.026098
0.026401
0.026162
0.025862
0.025654
0.026237
0.026354
0.026744
0.026513
0.026447
0.025569
0.023577
0.022363
0.022612
0.023044
0.025150
0.027143
0.028258
0.028223
0.027390
0.026007
0.024881
0.024085
0.023943
0.024089
0.025185
0.026059
0.026212
0.026694
0.026455
0.026008
0.026134
0.026004
0.025704
0.026164
0.026060
0.026865
0.026652
0.026360
0.026944
0.026728
0.026360
0.025478
0.023764
0.022506
0.022680
0.023326
0.025267
0.027341
0.028355
0.028301
0.027713
0.026080
0.024937
0.024316
0.024014
0.024252
0.025349
0.026329
0.026285
0.026860
0.026530
0.025993
0.026028
0.025413
0.024776
0.024789
0.024423
0.024187
0.024398
0.024020
0.024269
0.023618
0.023086
0.021938
0.019709
0.018262
0.018442
0.018757
0.020970
0.022934
0.024035
0.024083
0.023230
0.021723
0.020345
0.019509
0.019526
0.019825
0.020415
0.021339
0.021522
0.022203
0.021890
0.022089
0.022462
0.022528
0.022692
0.023213
0.023507
0.023660
0.024284
0.024640
0.025008
0.025077
0.024669
0.023967
0.023610
0.023604
0.024145
0.025101
0.026503
0.027289
0.026979
0.026543
0.025914
0.025624
0.025762
0.026061
0.026671
0.027453
0.028025
0.028592
0.028791
0.029165
0.029424
0.029351
0.029880
0.030135
0.030361
0.030910
0.031140
0.031463
0.032085
0.032241
0.032117
0.031091
0.030841
0.031103
0.031539
0.032468
0.033943
0.034184
0.033967
0.033481
0.032851
0.032755
0.032729
0.033258
0.033719
0.034409
0.034890
0.035546
0.035861
0.036303
0.036501
0.036496
0.036947
0.037283
0.037313
0.037864
0.038167
0.038836
0.038860
0.038416
0.037897
0.037543
0.037885
0.038043
0.039317
0.040333
0.040759
0.040723
0.040147
0.039734
0.039365
0.039609
0.040147
0.040511
0.041289
0.041769
0.042333
0.042536
0.043002
0.043176
0.043287
0.043648
0.043895
0.044212
0.044673
0.044902
0.045647
0.045940
0.045319
0.341266
0.935008
0.932483
0.930840
0.930272
0.929781
0.928892
0.926758
0.923367
0.920014
0.917083
0.914422
0.912040
0.910674
0.908372
0.906794
0.904863
0.902195
0.899856
0.896614
0.893492
0.890250
0.887715
0.884259
0.881531
0.878216
0.874735
0.871905
0.867474
0.862648
0.858809
0.854896
0.852051
0.850332
0.848485
0.846329
0.842701
0.838297
0.833404
0.829304
0.825364
0.821777
0.819122
0.815960
0.813391
0.810537
0.807051
0.803390
0.800187
0.796762
0.792972
0.790402
0.786580
0.783108
0.780564
0.776959
0.773200
0.768375
0.764629
0.761854
0.759617
0.757849
0.757855
0.756747
0.753873
0.750466
0.747263
0.742776
0.738316
0.733256
0.729082
0.725522
0.722768
0.720759
0.719033
0.717190
0.714538
0.711419
0.707559
0.704395
0.700655
0.697778
0.694287
0.691791
0.689194
0.686669
0.683944
0.680586
0.677912
0.675098
0.672435
0.668928
0.666404
0.663783
0.660309
0.657735
0.655167
0.652456
0.649103
0.646631
0.643755
0.641063
0.637945
0.635078
0.632557
0.629953
0.626715
0.623915
0.621321
0.618067
0.615413
0.612721
0.610172
0.606718
0.604246
0.601484
0.599012
0.595520
0.592839
0.590288
0.587653
0.584366
0.581814
0.579126
0.576455
0.573296
0.570656
0.568063
0.565301
0.562093
0.559477
0.556977
0.553514
0.550848
0.548384
0.545720
0.542354
0.539854
0.537139
0.534527
0.531398
0.528811
0.526151
0.523655
0.520199
0.517623
0.515129
0.512471
0.509291
0.506790
0.504290
0.500927
0.498476
0.495731
0.493161
0.489879
0.487383
0.484723
0.482145
0.478893
0.476244
0.473532
0.471130
0.467860
0.465286
0.462712
0.460109
0.456944
0.454300
0.451648
0.449168
0.445965
0.443487
0.440914
0.437514
0.435038
0.432439
0.429802
0.426617
0.424183
0.421498
0.418961
0.415890
0.413031
0.410528
0.408332
0.404809
0.402204
0.399651
0.397182
0.393841
0.391380
0.388900
0.385684
0.382973
0.380367
0.378150
0.374701
0.372267
0.369619
0.366938
0.363925
0.361382
0.358757
0.356327
0.353137
0.350364
0.348080
0.345539
0.342198
0.339854
0.337417
0.334730
0.331428
0.329059
0.326381
0.322957
0.320271
0.317682
0.314877
0.311454
0.308893
0.306174
0.303565
0.300231
0.297401
0.294946
0.292292
0.288803
0.286203
0.283395
0.280728
0.277391
0.274698
0.272073
0.269481
0.266022
0.263561
0.260948
0.257674
0.255121
0.252421
0.250005
0.246689
0.244315
0.241898
0.239311
0.236097
0.233672
0.231210
0.228687
0.225703
0.223563
0.221126
0.219024
0.215932
0.213584
0.211497
0.208547
0.206431
0.204086
0.202139
0.199287
0.197150
0.195192
0.193268
0.190509
0.188546
0.186573
0.184546
0.182028
0.180228
0.178420
0.176368
0.173854
0.171959
0.170256
0.168574
0.165967
0.164225
0.162603
0.160139
0.158405
0.156810
0.155164
0.152645
0.150882
0.149645
0.147906
0.145562
0.144059
0.142554
0.141118
0.138643
0.137188
0.135790
0.134360
0.131885
0.130681
0.129449
0.127206
0.125842
0.124615
0.123227
0.121149
0.119859
0.118601
0.117360
0.115481
0.114327
0.113107
0.112018
0.110060
0.108811
0.107923
0.106737
0.104798
0.103625
0.102920
0.101854
0.100038
0.098941
0.098304
0.096357
0.095468
0.094556
0.093954
0.092255
0.091644
0.090710
0.090232
0.088899
0.088107
0.087501
0.087000
0.085737
0.085000
0.084473
0.084188
0.082840
0.082288
0.082006
0.081755
0.080364
0.079997
0.079661
0.079357
0.078260
0.077918
0.077558
0.077489
0.076190
0.076113
0.075924
0.074820
0.074562
0.074426
0.074312
0.073276
0.072906
0.072984
0.072798
0.071696
0.071582
0.071641
0.071523
0.070466
0.070481
0.070411
0.070402
0.069376
0.069242
0.069235
0.069176
0.068191
0.068435
0.068196
0.067336
0.067338
0.067550
0.067372
0.066531
0.066563
0.066516
0.066542
0.065788
0.065825
0.065729
0.065795
0.065040
0.065047
0.065125
0.065193
0.064309
0.064365
0.064513
0.063680
0.063749
0.063691
0.063851
0.063119
0.063074
0.063018
0.063455
0.062621
0.062466
0.062480
0.062828
0.062040
0.062097
0.062123
0.062545
0.061650
0.061650
0.061726
0.061853
0.061219
0.061118
0.061298
0.060499
0.060607
0.060760
0.060850
0.060129
0.060287
0.060423
0.060423
0.059792
0.060063
0.060224
0.060102
0.059482
0.059654
0.059744
0.059734
0.059133
0.059495
0.059483
0.058679
0.058860
0.059121
0.059170
0.058451
0.058625
0.058806
0.058987
0.058365
0.058455
0.058677
0.058768
0.058244
0.058239
0.058472
0.058449
0.058099
0.058147
0.058234
0.058318
0.057697
0.057968
0.058143
0.057342
0.057613
0.057838
0.057928
0.057127
0.057398
0.057670
0.057760
0.056955
0.057314
0.057453
0.057629
0.056919
0.057270
0.057360
0.057541
0.056922
0.057012
0.057281
0.056508
0.056867
0.056953
0.056953
0.056333
0.056695
0.056874
0.056955
0.056741
0.056773
0.056989
0.056995
0.056654
0.056793
0.057026
0.057263
0.056812
0.056962
0.057141
0.057653
0.056873
0.057054
0.057300
0.056770
0.056913
0.057183
0.057525
0.056843
0.056931
0.057290
0.057562
0.056870
0.057096
0.057365
0.057728
0.056870
0.057142
0.057321
0.057662
0.056849
0.057120
0.057211
0.056626
0.056805
0.057077
0.057287
0.056706
0.056887
0.057197
0.057197
0.056706
0.056976
0.057106
0.057197
0.056616
0.057066
0.055546
0.053498
0.053332
0.053658
0.053600
0.053146
0.052177
0.051640
0.051160
0.051459
0.050689
0.049935
0.050068
0.049327
0.048481
0.047849
0.048174
0.047424
0.047796
0.047009
0.046485
0.046820
0.046010
0.045360
0.045614
0.045166
0.044451
0.044730
0.044011
0.044565
0.043846
0.043215
0.043662
0.043034
0.042321
0.042670
0.042312
0.042399
0.041948
0.041616
0.041703
0.040895
0.040895
0.040982
0.040264
0.040095
0.040261
0.039720
0.040258
0.039450
0.039180
0.039537
0.038729
0.038560
0.038816
0.038459
0.038726
0.038189
0.037920
0.038174
0.037867
0.037318
0.037979
0.037442
0.036910
0.037570
0.036923
0.037550
0.036996
0.036817
0.037158
0.036802
0.036218
0.036786
0.036347
0.036792
0.036425
0.035886
0.036511
0.035886
0.035658
0.036051
0.035606
0.035209
0.035692
0.035247
0.035692
0.035247
0.034968
0.035413
0.034968
0.034663
0.035054
0.034699
0.035054
0.034789
0.034340
0.034501
0.033805
0.033434
0.033699
0.033524
0.032863
0.033505
0.032839
0.033463
0.032894
0.032625
0.033223
0.032599
0.032410
0.032759
0.032578
0.032843
0.032578
0.032129
0.032669
0.032314
0.031782
0.032489
0.032045
0.031782
0.032146
0.031881
0.032415
0.031881
0.031702
0.032146
0.031791
0.031261
0.031967
0.031612
0.032057
0.031817
0.031369
0.031903
0.031548
0.031200
0.031813
0.031279
0.031903
0.031548
0.031100
0.031723
0.031279
0.031100
0.031454
0.031100
0.030842
0.031275
0.031100
0.031454
0.029565
0.027940
0.026724
0.025748
0.026375
0.028464
0.031120
0.032118
0.031907
0.031427
0.029787
0.028838
0.028194
0.027651
0.028820
0.028819
0.029787
0.029817
0.030371
0.029889
0.030549
0.029933
0.029502
0.029285
0.029848
0.029556
0.030338
0.030030
0.029762
0.030415
0.030024
0.030649
0.030230
0.029857
0.030569
0.030141
0.029799
0.030600
0.030167
0.029899
0.030610
0.030167
0.030684
0.030419
0.030151
0.030684
0.030330
0.030062
0.030194
0.029763
0.028674
0.026261
0.025143
0.025087
0.025329
0.025741
0.027532
0.029773
0.030398
0.030199
0.028591
0.027213
0.026227
0.024053
0.022781
0.021838
0.022362
0.024632
0.027686
0.029989
0.030264
0.028817
0.027056
0.025897
0.024923
0.024433
0.025377
0.025608
0.026624
0.026586
0.027438
0.027202
0.027494
0.026853
0.026602
0.027133
0.026627
0.026629
0.027252
0.026883
0.027790
0.027365
0.025427
0.023955
0.022925
0.023289
0.024235
0.027056
0.029243
0.029653
0.028609
0.027353
0.026243
0.025580
0.026033
0.025888
0.027059
0.027125
0.027843
0.027898
0.028480
0.028058
0.027596
0.028114
0.027876
0.027426
0.028203
0.028068
0.027862
0.028445
0.028176
0.028697
0.028328
0.028188
0.028724
0.028424
0.028173
0.028812
0.028544
0.029200
0.028756
0.028560
0.029290
0.028723
0.028544
0.029363
0.028812
0.028544
0.029363
0.028812
0.029363
0.029276
0.028374
0.027292
0.025139
0.023679
0.023790
0.024052
0.024591
0.024534
0.026131
0.028039
0.028332
0.028250
0.027001
0.025392
0.024469
0.022766
0.021282
0.020550
0.020839
0.021488
0.024218
0.026721
0.028642
0.028362
0.026812
0.024923
0.023920
0.023305
0.022813
0.024004
0.024360
0.025343
0.026106
0.025822
0.026501
0.025903
0.025463
0.025155
0.025920
0.025459
0.026446
0.026400
0.026091
0.026841
0.026637
0.027516
0.027020
0.026811
0.027526
0.027152
0.026989
0.027821
0.027628
0.027198
0.027925
0.027823
0.028267
0.027986
0.027897
0.028534
0.028164
0.027897
0.028712
0.028254
0.028891
0.028700
0.028344
0.029069
0.028700
0.026979
0.025661
0.024554
0.024658
0.024213
0.026238
0.028622
0.030528
0.030387
0.029163
0.027894
0.026741
0.026035
0.025887
0.026726
0.027669
0.027849
0.028675
0.028441
0.028759
0.028500
0.028062
0.028394
0.028175
0.028117
0.028532
0.028434
0.028391
0.028866
0.028511
0.027731
0.025327
0.024366
0.024297
0.024716
0.026672
0.029162
0.029990
0.030208
0.028896
0.027613
0.026301
0.025858
0.026415
0.026278
0.027402
0.027573
0.028309
0.027897
0.028580
0.028143
0.028327
0.028130
0.027730
0.027663
0.028265
0.026532
0.025361
0.024101
0.024293
0.023734
0.025809
0.028154
0.029674
0.029797
0.028683
0.027330
0.026123
0.025681
0.025452
0.026209
0.027239
0.027321
0.028139
0.027882
0.028402
0.028038
0.027608
0.028040
0.027730
0.027396
0.028265
0.027988
0.027848
0.028420
0.028146
0.027287
0.024976
0.023843
0.024122
0.024274
0.026312
0.028712
0.029719
0.029577
0.028447
0.026989
0.026034
0.025416
0.025973
0.026012
0.026950
0.027128
0.027863
0.027719
0.028223
0.027600
0.027341
0.027774
0.027277
0.027307
0.026368
0.025132
0.023988
0.023508
0.023746
0.025752
0.027918
0.028979
0.028889
0.028483
0.027060
0.026121
0.025328
0.025195
0.026121
0.026256
0.027052
0.027152
0.027879
0.027415
0.027679
0.027349
0.027040
0.026566
0.027402
0.027190
0.027897
0.027492
0.027344
0.027974
0.027581
0.026639
0.024613
0.023396
0.023597
0.023835
0.025794
0.028352
0.029089
0.029219
0.027910
0.026811
0.025503
0.024872
0.025619
0.025570
0.026505
0.026682
0.027595
0.027184
0.027591
0.027333
0.026896
0.027224
0.027010
0.026952
0.027455
0.027178
0.027943
0.027701
0.027433
0.026573
0.024452
0.023235
0.023425
0.023659
0.025599
0.027992
0.028996
0.029119
0.028711
0.027180
0.026136
0.025505
0.025180
0.025393
0.026416
0.027392
0.027152
0.027894
0.027504
0.027333
0.027525
0.027145
0.027010
0.027402
0.027280
0.027267
0.027846
0.027523
0.028241
0.026488
0.024970
0.023933
0.023079
0.023660
0.025510
0.027898
0.029885
0.029026
0.028529
0.027164
0.026121
0.025502
0.025170
0.026185
0.026327
0.027212
0.027147
0.027892
0.027590
0.027960
0.027338
0.027231
0.027725
0.027305
0.027277
0.028153
0.027667
0.027520
0.026776
0.025260
0.024129
0.023418
0.023825
0.025691
0.028276
0.029066
0.029279
0.028824
0.027370
0.026206
0.025668
0.025440
0.025474
0.026506
0.027577
0.027610
0.027994
0.027603
0.027429
0.027965
0.027235
0.027348
0.028084
0.027614
0.028308
0.028267
0.026692
0.025314
0.024119
0.024186
0.023706
0.025759
0.027905
0.029873
0.030024
0.028653
0.027232
0.026296
0.025767
0.025460
0.026360
0.027376
0.027458
0.028011
0.027940
0.028540
0.028196
0.027498
0.028106
0.027790
0.027643
0.028232
0.028133
0.027912
0.028384
0.028208
0.027455
0.025267
0.023980
0.024246
0.024472
0.026376
0.028738
0.029645
0.029862
0.028571
0.027225
0.026113
0.025768
0.026064
0.331481
0.332816
0.333564
0.334605
0.416213
0.415820
0.454288
0.421553
0.420495
0.419594
0.418589
0.417436
0.416352
0.415092
0.413874
0.412822
0.411534
0.410254
0.408862
0.407288
0.405700
0.404135
0.402350
0.400418
0.398510
0.396368
0.394494
0.392183
0.389773
0.387535
0.384506
0.381330
0.414818
0.410805
0.406740
0.402167
0.397877
0.393337
0.389209
0.385047
0.380497
0.375947
0.371753
0.367013
0.362503
0.358038
0.353263
0.348966
0.343931
0.339568
0.335017
0.330197
0.325552
0.321094
0.316202
0.311657
0.306684
0.301971
0.297596
0.292587
0.288007
0.283396
0.278588
0.274275
0.269614
0.265017
0.260724
0.255981
0.251640
0.247407
0.242958
0.238949
0.234874
0.230725
0.226747
0.222692
0.218921
0.214980
0.211171
0.207662
0.204131
0.200410
0.196934
0.193366
0.190104
0.186866
0.183455
0.180493
0.177509
0.174303
0.171416
0.168405
0.165616
0.162738
0.160038
0.157315
0.154708
0.152147
0.149496
0.147275
0.144459
0.142145
0.139936
0.137440
0.135121
0.132974
0.130757
0.128676
0.126362
0.124585
0.122541
0.120499
0.118357
0.116560
0.114800
0.113017
0.111767
0.110524
0.109272
0.107907
0.106508
0.104401
0.102185
0.100680
0.099032
0.097794
0.096197
0.094466
0.093190
0.091406
0.089850
0.088118
0.086566
0.085140
0.083724
0.082274
0.081219
0.079877
0.078254
0.077173
0.075741
0.074751
0.073434
0.072185
0.071073
0.070107
0.068983
0.067859
0.066735
0.065880
0.064759
0.063912
0.062851
0.061997
0.061991
0.061712
0.061102
0.060373
0.059497
0.058229
0.057312
0.056537
0.055636
0.054914
0.054288
0.053398
0.052606
0.051810
0.051025
0.050316
0.049835
0.049110
0.048672
0.047938
0.047459
0.046915
0.046458
0.045803
0.045497
0.044932
0.044647
0.043978
0.043678
0.043311
0.042825
0.042345
0.042334
0.041735
0.041477
0.041246
0.041435
0.041443
0.041511
0.041531
0.040570
0.039848
0.039403
0.038861
0.038658
0.038317
0.038348
0.037973
0.037712
0.037323
0.037230
0.036650
0.036269
0.036002
0.035784
0.035227
0.035335
0.035276
0.035329
0.035130
0.034631
0.034972
0.034782
0.033445
0.032779
0.031868
0.031985
0.031660
0.033444
0.035051
0.035879
0.035785
0.034983
0.033543
0.032811
0.032331
0.032753
0.032668
0.033553
0.033696
0.034316
0.034244
0.034507
0.034435
0.033924
0.034332
0.033958
0.033873
0.034320
0.034204
0.034701
0.034600
0.034606
0.034861
0.034682
0.033630
0.032660
0.031782
0.031833
0.031509
0.033642
0.034671
0.036273
0.036275
0.035275
0.033866
0.032981
0.032477
0.032072
0.030701
0.030826
0.030732
0.032149
0.033879
0.035636
0.035774
0.034759
0.033366
0.032607
0.032017
0.032239
0.032284
0.032354
0.033406
0.034060
0.033915
0.034176
0.033769
0.033587
0.033922
0.033729
0.033370
0.033973
0.033742
0.033339
0.033612
0.033316
0.033890
0.033460
0.032394
0.031439
0.030442
0.030015
0.030083
0.031540
0.033079
0.034624
0.034419
0.033289
0.032202
0.031256
0.030849
0.029684
0.028945
0.028287
0.028580
0.029842
0.031641
0.033415
0.033604
0.032312
0.031178
0.030304
0.029868
0.029685
0.030103
0.030344
0.031098
0.031904
0.031782
0.031853
0.031576
0.031149
0.031481
0.031489
0.031359
0.030926
0.029336
0.028640
0.028577
0.029140
0.030214
0.031859
0.032702
0.032937
0.031923
0.030880
0.030119
0.030199
0.030256
0.030286
0.030827
0.030946
0.031376
0.032011
0.031572
0.031370
0.031583
0.031241
0.029891
0.029205
0.028437
0.027841
0.028214
0.029431
0.030996
0.032503
0.032557
0.031427
0.030147
0.029320
0.028829
0.028787
0.029044
0.029237
0.029932
0.030626
0.030369
0.030527
0.030200
0.029964
0.030067
0.029840
0.028700
0.027920
0.027021
0.026406
0.026748
0.027880
0.029572
0.030861
0.030747
0.029645
0.028585
0.027967
0.027376
0.027112
0.027514
0.027567
0.028195
0.028640
0.028533
0.028925
0.028518
0.028276
0.028631
0.027644
0.026185
0.026110
0.025588
0.025845
0.026987
0.028365
0.029728
0.028955
0.028542
0.027743
0.026973
0.026565
0.026440
0.026988
0.026925
0.027544
0.027492
0.028079
0.027828
0.028226
0.027859
0.027792
0.027244
0.026030
0.025206
0.025461
0.025832
0.026971
0.028641
0.029603
0.029715
0.028661
0.027850
0.027182
0.026833
0.027313
0.027312
0.028044
0.028347
0.028946
0.028728
0.029094
0.028930
0.029227
0.028953
0.027806
0.027056
0.026241
0.025947
0.026109
0.027292
0.029031
0.030287
0.030284
0.029347
0.028336
0.027503
0.027222
0.027169
0.027672
0.027743
0.028506
0.028989
0.028737
0.029180
0.028901
0.028632
0.028435
0.028757
0.027958
0.027319
0.026664
0.026380
0.026658
0.027627
0.029034
0.030121
0.030299
0.029333
0.028572
0.028069
0.027816
0.028064
0.028691
0.028800
0.029306
0.029895
0.029829
0.030209
0.030016
0.029836
0.029766
0.030164
0.029352
0.028918
0.028249
0.027970
0.028303
0.029152
0.030349
0.031460
0.031603
0.030780
0.030055
0.029572
0.029566
0.029440
0.029974
0.030046
0.030612
0.031036
0.030983
0.031425
0.031348
0.031223
0.030990
0.031428
0.030826
0.030452
0.030045
0.029626
0.029998
0.030653
0.031851
0.032981
0.032963
0.032168
0.031665
0.031240
0.030844
0.030768
0.031342
0.031391
0.031989
0.032326
0.032320
0.032593
0.032526
0.032373
0.032259
0.032807
0.032264
0.031901
0.031453
0.031153
0.031380
0.032046
0.033217
0.034350
0.034297
0.033563
0.032935
0.032249
0.032158
0.032030
0.032576
0.032653
0.033065
0.033607
0.033303
0.033602
0.033312
0.033205
0.032729
0.033177
0.033103
0.032827
0.031660
0.030977
0.031072
0.031282
0.032089
0.033491
0.034198
0.034462
0.033766
0.032871
0.032339
0.032586
0.032553
0.032510
0.033285
0.033500
0.033994
0.034382
0.034301
0.034181
0.034464
0.034160
0.034076
0.034560
0.034426
0.034252
0.034045
0.033001
0.032036
0.032277
0.032351
0.033378
0.034734
0.035384
0.035315
0.035326
0.034685
0.034098
0.033809
0.033757
0.033959
0.034768
0.035278
0.035410
0.035814
0.035660
0.035531
0.035753
0.035599
0.035565
0.035078
0.033967
0.033206
0.033415
0.033483
0.034778
0.036299
0.036899
0.036892
0.036724
0.035887
0.035122
0.034822
0.034799
0.034841
0.035664
0.036486
0.036610
0.037168
0.036950
0.036668
0.037043
0.036737
0.036714
0.037214
0.037188
0.036460
0.035826
0.035232
0.035100
0.035506
0.036693
0.037807
0.038527
0.038737
0.038105
0.037173
0.036577
0.036297
0.036642
0.036621
0.037424
0.037489
0.038090
0.038072
0.038429
0.038156
0.038035
0.038301
0.038265
0.038254
0.038438
0.037823
0.037889
0.037456
0.037882
0.039208
0.040665
0.041302
0.041455
0.041206
0.040362
0.039811
0.039311
0.039145
0.039783
0.039988
0.040504
0.040461
0.040929
0.040756
0.040980
0.040807
0.040529
0.040416
0.040874
0.040890
0.041500
0.041453
0.041411
0.040911
0.039635
0.038698
0.039123
0.039977
0.041858
0.043985
0.045076
0.045135
0.044660
0.043772
0.042967
0.042575
0.042394
0.042567
0.043372
0.044229
0.044104
0.044729
0.044613
0.044434
0.044439
0.044325
0.044336
0.043622
0.042516
0.041904
0.042141
0.043023
0.044487
0.046325
0.047395
0.047791
0.047303
0.046260
0.045750
0.045324
0.045389
0.045675
0.046422
0.047567
0.047358
0.048322
0.048523
0.048802
0.049602
0.049793
0.050147
0.051358
0.051380
0.051297
0.051869
0.051707
0.051318
0.049823
0.049008
0.048957
0.049368
0.050715
0.052412
0.053329
0.053494
0.052536
0.051499
0.050779
0.050997
0.050953
0.051326
0.052372
0.052318
0.053273
0.054067
0.053883
0.053446
0.053883
0.053824
0.053529
0.053994
0.052884
0.051971
0.051231
0.050604
0.051119
0.052436
0.053805
0.055364
0.054841
0.054400
0.053357
0.052479
0.051935
0.051823
0.052546
0.052555
0.053435
0.053488
0.053860
0.053611
0.054028
0.053986
0.053680
0.054247
0.054236
0.054275
0.054822
0.054951
0.055758
0.055688
0.054683
0.054069
0.053008
0.052861
0.053096
0.054704
0.056390
0.057993
0.058243
0.057234
0.056284
0.055342
0.054936
0.054886
0.055602
0.055922
0.056734
0.057400
0.057166
0.057620
0.057206
0.056678
0.056427
0.057088
0.055985
0.055307
0.054616
0.054484
0.055010
0.056833
0.058860
0.060580
0.060847
0.059822
0.058887
0.058197
0.057821
0.057680
0.058647
0.058975
0.059759
0.060508
0.060246
0.060570
0.060129
0.059573
0.059223
0.059884
0.059644
0.060322
0.060193
0.059953
0.060161
0.059938
0.059376
0.057793
0.057147
0.057286
0.057786
0.059083
0.060889
0.061597
0.061361
0.060081
0.058725
0.057825
0.057430
0.057933
0.058116
0.059143
0.059229
0.060074
0.059836
0.060316
0.059972
0.059670
0.059988
0.059826
0.058535
0.057456
0.056567
0.056735
0.056943
0.058248
0.059994
0.060921
0.060725
0.059451
0.058213
0.057149
0.056691
0.057368
0.057563
0.058359
0.058551
0.059232
0.059012
0.059343
0.059202
0.059010
0.059362
0.059126
0.059196
0.059760
0.058729
0.058123
0.057278
0.057035
0.057298
0.058857
0.060504
0.061959
0.062131
0.061175
0.060142
0.059149
0.058609
0.058249
0.059212
0.059402
0.060126
0.060492
0.060160
0.060787
0.060450
0.059961
0.059913
0.060354
0.059032
0.058107
0.057196
0.056441
0.056498
0.057645
0.059293
0.059926
0.059945
0.058750
0.057781
0.056793
0.056115
0.055841
0.056604
0.056632
0.057452
0.057983
0.057795
0.058079
0.057751
0.057348
0.057075
0.057322
0.057097
0.057722
0.057415
0.057271
0.057865
0.057664
0.057201
0.055655
0.055178
0.055861
0.056752
0.058614
0.060385
0.061043
0.060830
0.059634
0.058213
0.057145
0.056662
0.057093
0.057188
0.057936
0.057985
0.058686
0.058640
0.058806
0.058352
0.057948
0.058271
0.057925
0.056681
0.055953
0.055181
0.055417
0.055737
0.057394
0.058911
0.059718
0.060061
0.059258
0.058390
0.057788
0.057298
0.057667
0.057846
0.058824
0.058800
0.059675
0.059607
0.060138
0.059594
0.059154
0.059556
0.059548
0.059198
0.059725
0.059551
0.059864
0.059809
0.059613
0.059067
0.057680
0.056717
0.056398
0.056722
0.058006
0.059470
0.060271
0.060619
0.059737
0.059657
0.058685
0.058137
0.058056
0.058226
0.058922
0.059545
0.059097
0.059471
0.058899
0.058474
0.058829
0.058263
0.058014
0.058336
0.057872
0.057514
0.057762
0.057557
0.056741
0.055362
0.054379
0.054317
0.054561
0.055861
0.057266
0.058006
0.058038
0.057175
0.055980
0.055156
0.054677
0.055122
0.055362
0.056049
0.055999
0.056734
0.056688
0.057000
0.056661
0.056350
0.056533
0.056369
0.056343
0.056880
0.057001
0.057456
0.056459
0.055798
0.055034
0.054300
0.055063
0.056834
0.058487
0.060134
0.059518
0.059047
0.058126
0.057409
0.056931
0.056662
0.057436
0.057743
0.058504
0.058461
0.058989
0.058705
0.059084
0.058890
0.058415
0.058681
0.058612
0.058383
0.058777
0.058463
0.059089
0.057891
0.057097
0.056364
0.055911
0.056056
0.057497
0.058803
0.059580
0.059578
0.059057
