0.735987
0.735987
0.735987
0.735987
0.735987
0.735987
0.735987
0.735987
0.735995
0.735990
0.735976
0.735843
0.735551
0.735214
0.734632
0.733929
0.732964
0.732053
0.730910
0.729852
0.728667
0.727295
0.726098
0.725076
0.723509
0.721947
0.720405
0.718661
0.716703
0.714837
0.713029
0.710903
0.708828
0.706849
0.704346
0.702021
0.699552
0.697130
0.694506
0.692070
0.689628
0.687164
0.684841
0.682239
0.679854
0.677223
0.674797
0.672293
0.669666
0.667277
0.664851
0.662309
0.659891
0.657434
0.654832
0.652576
0.650211
0.647612
0.645273
0.642905
0.640488
0.637846
0.635711
0.633140
0.630738
0.628391
0.625911
0.623645
0.621222
0.618901
0.616473
0.614139
0.611861
0.609309
0.606880
0.604699
0.602514
0.599957
0.597677
0.595082
0.592531
0.589764
0.586943
0.584258
0.581561
0.578953
0.576364
0.574053
0.571848
0.569793
0.567814
0.565726
0.563641
0.561533
0.559337
0.557064
0.554584
0.552031
0.549255
0.546909
0.544543
0.541991
0.539733
0.537358
0.534999
0.532895
0.530527
0.528334
0.525963
0.523607
0.521574
0.519238
0.516975
0.514905
0.512653
0.510639
0.508607
0.506389
0.504301
0.502243
0.500204
0.498353
0.496059
0.494280
0.492415
0.490635
0.489081
0.487641
0.486200
0.485076
0.483845
0.482741
0.481466
0.480089
0.478841
0.477710
0.476586
0.475246
0.474009
0.472710
0.471315
0.469925
0.468390
0.466847
0.465222
0.463524
0.461948
0.459997
0.458117
0.455889
0.453693
0.451437
0.449541
0.447348
0.445305
0.443219
0.440978
0.438510
0.436057
0.433483
0.431086
0.428634
0.426448
0.424112
0.421855
0.419550
0.417144
0.414807
0.412560
0.410151
0.408037
0.405606
0.403278
0.401036
0.398758
0.396574
0.394214
0.391962
0.389702
0.387376
0.385204
0.382937
0.380693
0.378599
0.376188
0.374048
0.371906
0.369809
0.367398
0.365377
0.363242
0.361025
0.358944
0.356763
0.354535
0.352504
0.350393
0.348166
0.345989
0.344065
0.341902
0.339895
0.337865
0.335682
0.333546
0.331665
0.329417
0.327445
0.325419
0.323385
0.321467
0.319513
0.317422
0.315438
0.313564
0.311688
0.309632
0.307670
0.305944
0.303873
0.302073
0.300242
0.298420
0.296518
0.294807
0.293067
0.291087
0.289299
0.287503
0.285812
0.284259
0.282365
0.280717
0.279012
0.277310
0.275764
0.273958
0.272384
0.270624
0.269211
0.267597
0.265883
0.264410
0.262824
0.261196
0.259860
0.258248
0.256783
0.255369
0.253698
0.252418
0.250822
0.249461
0.248111
0.246614
0.245212
0.243972
0.242432
0.241329
0.239854
0.238568
0.237224
0.236084
0.234714
0.233500
0.232152
0.230896
0.229787
0.228573
0.227243
0.226271
0.224472
0.223155
0.221985
0.220984
0.219738
0.218498
0.217510
0.216293
0.215194
0.214271
0.213231
0.212032
0.210968
0.209965
0.209004
0.208076
0.206963
0.206163
0.205176
0.204349
0.203425
0.202493
0.201483
0.200711
0.199933
0.198990
0.198056
0.197391
0.196458
0.195616
0.194965
0.194167
0.193377
0.192601
0.191868
0.191064
0.190454
0.189722
0.189000
0.188204
0.187532
0.186972
0.186182
0.185679
0.185109
0.184612
0.183970
0.183424
0.182847
0.182429
0.181708
0.181285
0.180664
0.180231
0.179660
0.179208
0.178630
0.178290
0.177666
0.177175
0.176523
0.176167
0.175650
0.175231
0.174715
0.174311
0.173860
0.173405
0.172887
0.172403
0.172011
0.171573
0.171160
0.170682
0.170313
0.169855
0.169509
0.169133
0.168617
0.168270
0.167850
0.167606
0.167166
0.166752
0.166468
0.166105
0.165646
0.165302
0.164959
0.164686
0.164514
0.163399
0.163082
0.162486
0.162013
0.161579
0.161438
0.160903
0.160608
0.160298
0.159899
0.159643
0.159296
0.159034
0.158730
0.158484
0.158277
0.158033
0.157714
0.157310
0.157107
0.156871
0.156708
0.156427
0.156306
0.155979
0.155795
0.155596
0.155364
0.155201
0.154944
0.154679
0.154386
0.154415
0.154186
0.153972
0.153809
0.153643
0.153536
0.436267
0.436104
0.435987
0.435771
0.435500
0.435593
0.435547
0.435509
0.435478
0.435304
0.435240
0.435102
0.435006
0.434879
0.434811
0.434701
0.434645
0.434549
0.434408
0.434231
0.133743
0.133628
0.133605
0.133316
0.133347
0.133290
0.133101
0.132733
0.132389
0.132007
0.131528
0.130883
0.130130
0.129358
0.128646
0.128117
0.127385
0.126713
0.126146
0.125507
0.124881
0.124147
0.123529
0.122502
0.121844
0.121139
0.120437
0.119821
0.119034
0.118270
0.117619
0.116851
0.116251
0.114933
0.114201
0.113192
0.112411
0.111691
0.110965
0.110209
0.109509
0.108771
0.108016
0.107272
0.106655
0.106064
0.105308
0.104707
0.104042
0.103349
0.102654
0.101904
0.101296
0.100669
0.100105
0.099465
0.098827
0.098171
0.097443
0.096878
0.096247
0.095559
0.094946
0.094367
0.093792
0.093140
0.092602
0.092007
0.091413
0.090786
0.090214
0.089583
0.088997
0.088414
0.087776
0.087211
0.086802
0.086260
0.085838
0.085306
0.084798
0.084167
0.083717
0.083188
0.082623
0.082108
0.081585
0.081136
0.080581
0.079982
0.079360
0.078842
0.078277
0.077646
0.077081
0.076565
0.076001
0.075440
0.074831
0.074266
0.073751
0.073187
0.072681
0.072050
0.071488
0.070857
0.070351
0.069817
0.069244
0.068857
0.068191
0.067659
0.067154
0.066581
0.066107
0.065534
0.065001
0.064495
0.064013
0.063507
0.062573
0.061965
0.061442
0.060824
0.059680
0.059003
0.058286
0.057741
0.057048
0.056574
0.055982
0.055402
0.054862
0.054321
0.053818
0.053320
0.052799
0.052384
0.051892
0.051412
0.050871
0.050455
0.050016
0.049533
0.049117
0.048635
0.048219
0.047797
0.047315
0.046899
0.046417
0.046005
0.045589
0.045107
0.044692
0.044210
0.043860
0.043378
0.042962
0.042547
0.042199
0.041816
0.041476
0.041127
0.040711
0.040342
0.040034
0.039669
0.039469
0.039202
0.039056
0.038729
0.038466
0.038136
0.037878
0.037747
0.037332
0.037112
0.036872
0.036573
0.036425
0.036135
0.035720
0.035573
0.035342
0.034986
0.034783
0.034493
0.034204
0.033945
0.033655
0.033454
0.033165
0.032902
0.032613
0.032382
0.032123
0.031900
0.031641
0.031352
0.031160
0.030989
0.030730
0.030507
0.030248
0.030025
0.029767
0.029544
0.029285
0.029062
0.028929
0.028640
0.028447
0.028255
0.027348
0.027051
0.026282
0.025894
0.025535
0.025297
0.024980
0.024741
0.024443
0.024184
0.023903
0.023771
0.023475
0.023283
0.023195
0.022939
0.022747
0.022567
0.022421
0.022229
0.022056
0.021864
0.021738
0.021568
0.021443
0.021248
0.021115
0.020959
0.020826
0.020701
0.020538
0.020412
0.020228
0.020134
0.020009
0.019876
0.019751
0.019588
0.019463
0.019396
0.019205
0.019108
0.018983
0.018992
0.018833
0.018968
0.019011
0.019042
0.019110
0.019031
0.019015
0.018988
0.019076
0.019005
0.019014
0.019057
0.018987
0.019032
0.018963
0.018867
0.018914
0.018789
0.018780
0.018829
0.018674
0.018609
0.018543
0.018476
0.018527
0.018431
0.018307
0.018241
0.018241
0.018116
0.018051
0.017955
0.017831
0.017824
0.017942
0.017818
0.017753
0.017687
0.017657
0.017533
0.017468
0.017402
0.017344
0.017279
0.017213
0.017184
0.016376
0.016206
0.016005
0.015846
0.015297
0.015195
0.014970
0.014784
0.014683
0.014552
0.014455
0.014354
0.014212
0.014154
0.014062
0.013999
0.013913
0.013913
0.013770
0.013754
0.013689
0.013689
0.013615
0.013551
0.013487
0.013458
0.013394
0.013391
0.013269
0.013269
0.013206
0.013206
0.013143
0.013149
0.013093
0.013033
0.013004
0.012941
0.012941
0.012878
0.012821
0.012821
0.012759
0.012759
0.012759
0.012697
0.012928
0.012909
0.013142
0.013244
0.013276
0.013322
0.013469
0.013560
0.013666
0.013662
0.013763
0.013763
0.013929
0.013869
0.013869
0.014038
0.014038
0.013978
0.014094
0.014151
0.014091
0.014091
0.014091
0.014208
0.014207
0.014207
0.014207
0.014149
0.014149
0.014149
0.014149
0.014092
0.014210
0.014210
0.014269
0.014269
0.014212
0.014212
0.014212
0.014212
0.014157
0.014157
0.014157
0.014157
0.014157
0.013419
0.013314
0.013113
0.013019
0.012593
0.012488
0.012308
0.012187
0.012144
0.012078
0.011930
0.011893
0.011815
0.011815
0.011788
0.011754
0.011682
0.011682
0.011662
0.011645
0.011645
0.011645
0.011587
0.011580
0.011580
0.011580
0.011580
0.011577
0.011577
0.011531
0.011531
0.011531
0.011531
0.011538
0.011538
0.011538
0.011541
0.011515
0.011515
0.011515
0.011515
0.011515
0.011515
0.011515
0.011515
0.011515
0.011672
0.011813
0.012002
0.012166
0.012303
0.012349
0.012447
0.012598
0.012754
0.012754
0.012914
0.012968
0.013079
0.013134
0.013134
0.013247
0.013303
0.013303
0.013419
0.013419
0.013476
0.013476
0.013476
0.013592
0.013592
0.013650
0.013650
0.013650
0.013650
0.013650
0.013650
0.013650
0.013769
0.013769
0.013827
0.013827
0.013827
0.013827
0.013827
0.013827
0.013827
0.013827
0.013827
0.013827
0.013144
0.013038
0.012838
0.012744
0.012656
0.012318
0.012184
0.012010
0.011965
0.011855
0.011799
0.011759
0.011677
0.011645
0.011645
0.011584
0.011584
0.011562
0.011541
0.011541
0.011525
0.011525
0.011525
0.011515
0.011509
0.011509
0.011509
0.011509
0.011505
0.011505
0.011505
0.011505
0.011505
0.011512
0.011512
0.011512
0.011512
0.011515
0.011515
0.011515
0.011515
0.011515
0.011515
0.011515
0.011515
0.011515
0.011515
0.011672
0.011813
0.012002
0.012166
0.012303
0.012349
0.012447
0.012598
0.012754
0.012754
0.012914
0.012968
0.013079
0.013134
0.013134
0.013247
0.013303
0.013303
0.013419
0.013419
0.013476
0.013476
0.013476
0.013592
0.013592
0.013650
0.013650
0.013650
0.013650
0.013650
0.013650
0.013650
0.013769
0.013769
0.013827
0.013827
0.013827
0.013827
0.013827
0.013827
0.013827
0.013827
0.013827
0.013827
0.013144
0.013038
0.012838
0.012744
0.012656
0.012318
0.012184
0.012010
0.011965
0.011855
0.011799
0.011759
0.011677
0.011645
0.011645
0.011584
0.011584
0.011562
0.011541
0.011541
0.011525
0.011525
0.011525
0.011509
0.011509
0.011509
0.011509
0.011509
0.011505
0.011505
0.011505
0.011505
0.011505
0.011512
0.011512
0.011512
0.011512
0.011515
0.011515
0.011515
0.011515
0.011515
0.011515
0.011515
0.011515
0.011515
0.011515
0.011672
0.011738
0.011970
0.012090
0.012260
0.012303
0.012447
0.012550
0.012704
0.012754
0.012862
0.012914
0.013079
0.013079
0.013134
0.013247
0.013247
0.013303
0.013419
0.013419
0.013476
0.013476
0.013476
0.013592
0.013592
0.013650
0.013650
0.013650
0.013650
0.013650
0.013650
0.013650
0.013769
0.013769
0.013769
0.013827
0.013827
0.013827
0.013827
0.013827
0.013827
0.013827
0.013827
0.013827
0.013144
0.013038
0.012838
0.012744
0.012318
0.012266
0.012085
0.011965
0.011921
0.011855
0.011759
0.011723
0.011645
0.011645
0.011618
0.011584
0.011562
0.011562
0.011541
0.011525
0.011525
0.011525
0.011515
0.011509
0.011509
0.011509
0.011509
0.011505
0.011505
0.011505
0.011505
0.011505
0.011505
0.011512
0.011512
0.011512
0.011515
0.011515
0.011515
0.011515
0.011515
0.011515
0.011515
0.011515
0.011515
0.011515
0.011515
0.011672
0.011738
0.011970
0.012090
0.012260
0.012303
0.012447
0.012550
0.012704
0.012754
0.012862
0.012914
0.013079
0.013079
0.013134
0.013247
0.013247
0.013303
0.013419
0.013419
0.013476
0.013476
0.013476
0.013592
0.013592
0.013650
0.013650
0.013650
0.013650
0.013650
0.013650
0.013650
0.013769
0.013769
0.013769
0.013827
0.013827
0.013827
0.013827
0.013827
0.013827
0.013827
0.013827
0.013827
0.013144
0.013038
0.012838
0.012744
0.012318
0.012266
0.012085
0.011965
0.011921
0.011855
0.011759
0.011723
0.011645
0.011645
0.011618
0.011584
0.011562
0.011562
0.011541
0.011525
0.011525
0.011525
