1.277370
1.177290
0.978135
0.793396
0.671995
0.614827
0.596372
0.593193
0.592686
0.592229
0.591468
0.590747
0.589788
0.588708
0.588120
0.587166
0.586159
0.585632
0.584615
0.583851
0.583025
0.581771
0.580774
0.580062
0.578657
0.577530
0.576232
0.574755
0.573538
0.572005
0.570531
0.569190
0.567422
0.565903
0.564139
0.562809
0.561051
0.559355
0.557601
0.556088
0.553968
0.552399
0.550888
0.548954
0.547431
0.545506
0.543811
0.542066
0.540427
0.538672
0.536737
0.535279
0.533526
0.531603
0.529901
0.528444
0.526864
0.524991
0.522876
0.521347
0.519720
0.517968
0.516440
0.515166
0.513113
0.511607
0.510079
0.508623
0.506996
0.505552
0.504090
0.502635
0.501188
0.499978
0.498697
0.497242
0.495859
0.494455
0.493245
0.492209
0.491180
0.489798
0.488589
0.487429
0.486395
0.485186
0.484157
0.482824
0.481860
0.481006
0.480091
0.478883
0.478099
0.476588
0.475804
0.475015
0.474281
0.473318
0.472534
0.471620
0.470663
0.469749
0.468966
0.468053
0.467269
0.466552
0.465818
0.464681
0.464192
0.463409
0.462741
0.461958
0.461290
0.460752
0.459839
0.459301
0.458638
0.457970
0.457432
0.456944
0.455983
0.455494
0.455006
0.454289
0.454045
0.453508
0.452841
0.452178
0.451641
0.450974
0.450730
0.450193
0.449527
0.449234
0.448746
0.448259
0.447838
0.447301
0.447057
0.446395
0.445924
0.445681
0.445194
0.444951
0.444481
0.443994
0.443751
0.443460
0.442973
0.442553
0.442310
0.442068
0.441776
0.441533
0.441113
0.440629
0.440162
0.439920
0.439678
0.439259
0.439017
0.438727
0.438485
0.438244
0.438244
0.438003
0.437714
0.437473
0.437232
0.436991
0.436751
0.436751
0.436463
0.436223
0.435984
0.435745
0.435745
0.435506
0.435268
0.435220
0.434981
0.434743
0.434743
0.434506
0.434269
0.434269
0.433985
0.433749
0.433749
0.433513
0.433513
0.433278
0.433045
0.433045
0.432812
0.432765
0.432531
0.432531
0.432300
0.432300
0.432069
0.432069
0.431840
0.431840
0.431613
0.431566
0.431566
0.431339
0.431339
0.431114
0.431114
0.431114
0.430891
0.430891
0.430670
0.430670
0.430670
0.430407
0.430407
0.430407
0.430191
0.430191
0.430191
0.429977
0.429977
0.429977
0.429768
0.429768
0.429768
0.429564
0.429564
0.429564
0.429564
0.429365
0.429324
0.429324
0.429324
0.428951
0.428951
0.428951
0.428951
0.428763
0.428763
0.428763
0.428763
0.428584
0.428584
0.428584
0.428584
0.428584
0.428414
0.428414
0.428414
0.428414
0.428414
0.428414
0.428224
0.428224
0.428224
0.428224
0.428224
0.428224
0.428224
0.428224
0.428224
0.428224
0.428224
0.428224
0.428224
0.428224
0.428224
0.428224
0.428224
0.428224
0.428224
0.428224
0.428224
0.428224
0.428224
0.428224
0.428224
0.428224
0.428224
0.428224
0.428224
0.428224
0.428224
0.428224
0.428224
0.428224
0.428224
0.428224
0.428224
0.428224
0.428224
0.428224
0.428224
0.428224
0.428224
0.428224
0.428224
0.428224
0.428224
0.428224
0.428224
0.428224
0.428224
0.428402
0.428224
0.428224
0.428224
0.428224
0.428224
0.428224
0.428224
0.428224
0.428224
0.428224
0.428224
0.428224
0.428224
0.428224
0.428224
0.428224
0.428224
0.428224
0.428224
0.428224
0.428224
0.428224
0.428224
0.428224
0.428224
0.428224
0.428224
0.428224
0.428224
0.428224
0.428224
0.428224
0.428224
0.428224
0.428224
0.428224
0.428224
0.428224
0.428224
0.428224
0.428224
0.428224
0.428224
0.428224
0.428224
0.428224
0.428224
0.428224
0.428224
0.428224
0.428224
0.428224
0.428224
0.428224
0.428224
0.428224
0.428224
0.428224
0.428224
0.428224
0.428224
0.428224
0.428224
0.428224
0.428224
0.428224
0.428224
0.428224
0.428224
0.428224
0.428224
0.428224
0.428224
0.428224
0.428224
0.428224
0.428224
0.428224
0.428224
0.428224
0.428224
0.428224
0.428224
0.428224
0.428224
0.428224
0.428224
0.428224
0.428224
0.428224
0.428224
0.428224
0.428224
0.428224
0.428224
0.428224
0.428224
0.428224
0.428224
0.428224
0.428224
0.428224
0.428224
0.428224
0.428224
0.428224
0.428224
0.428224
0.428224
0.428224
0.428224
0.428224
0.428224
0.428224
0.428224
0.428224
0.428046
0.428046
0.428046
0.428046
0.428046
0.428046
0.428046
0.428046
0.428046
0.428046
0.428046
0.428046
0.428046
0.428046
0.428046
0.428046
0.428046
0.428046
0.428046
0.428046
0.428046
0.428046
0.428046
0.428046
0.428046
0.428046
0.428046
0.428046
0.428046
0.428046
0.428046
0.427867
0.427481
0.427275
0.427427
0.427369
0.427311
0.427336
0.427165
0.427174
0.427039
0.427118
0.426983
0.427268
0.427358
0.427437
0.427587
0.427392
0.427595
0.427305
0.427252
0.427398
0.427262
0.427346
0.427540
0.428225
0.428718
0.428538
0.428357
0.427994
0.428060
0.427763
0.427778
0.427875
0.428022
0.428347
0.428424
0.428271
0.428218
0.428357
0.428311
0.428218
0.428233
0.428420
0.428267
0.428519
0.428179
0.428192
0.428591
0.428401
0.428280
0.427294
0.427190
0.427158
0.427628
0.428411
0.429454
0.430093
0.430301
0.430059
0.429199
0.428846
0.428682
0.429103
0.429418
0.429829
0.429982
0.430305
0.430662
0.430846
0.430773
0.430938
0.431056
0.431042
0.430999
0.431264
0.431298
0.431735
0.431930
0.431930
0.431665
0.430628
0.430486
0.430436
0.430754
0.431747
0.432669
0.433274
0.433077
0.433239
0.432594
0.432249
0.432445
0.432630
0.432772
0.433372
0.433534
0.433622
0.434051
0.433995
0.433920
0.434090
0.434043
0.433956
0.434214
0.434417
0.434455
0.434721
0.434906
0.435152
0.434402
0.433593
0.433442
0.433148
0.433294
0.434296
0.435227
0.435665
0.435460
0.435276
0.434976
0.434451
0.434050
0.434063
0.434622
0.434806
0.434969
0.435058
0.435312
0.435253
0.435425
0.435110
0.435062
0.435460
0.435295
0.435082
0.435364
0.435556
0.435577
0.435398
0.434885
0.434250
0.433857
0.433620
0.433880
0.434536
0.435655
0.436266
0.436309
0.435877
0.435404
0.434987
0.434645
0.434659
0.434866
0.434982
0.435386
0.435723
0.435559
0.435682
0.435607
0.435531
0.435484
0.435463
0.435477
0.435753
0.435546
0.435559
0.435821
0.435821
0.435314
0.434424
0.434097
0.434042
0.434362
0.434961
0.436077
0.436511
0.436555
0.436056
0.435754
0.435405
0.434824
0.435083
0.435398
0.435830
0.435747
0.435906
0.436091
0.436285
0.435968
0.435714
0.436086
0.436065
0.435838
0.435935
0.436140
0.436169
0.436183
0.436004
0.436410
0.436155
0.435640
0.434838
0.434450
0.434463
0.434485
0.435390
0.436516
0.436881
0.436917
0.436476
0.436009
0.435405
0.435241
0.435509
0.435584
0.435838
0.436002
0.436334
0.436277
0.436293
0.436217
0.436141
0.436265
0.436073
0.436087
0.436122
0.436327
0.436419
0.436432
0.436016
0.436423
0.436230
0.435714
0.435019
0.434695
0.434647
0.434729
0.435575
0.436446
0.437131
0.437168
0.436485
0.436188
0.435831
0.434891
0.435159
0.435474
0.435908
0.435653
0.435985
0.436169
0.436364
0.435868
0.435963
0.436158
0.435903
0.435737
0.436185
0.436220
0.436070
0.436084
0.436254
0.435988
0.434680
0.434523
0.434215
0.434543
0.435137
0.436270
0.436709
0.436924
0.436246
0.435591
0.435411
0.435497
0.435089
0.435233
0.435841
0.435756
0.436097
0.436184
0.436299
0.435980
0.435977
0.435928
0.436078
0.436101
0.435949
0.436154
0.436184
0.436197
0.436271
0.435924
0.435037
0.434527
0.434393
0.434543
0.435386
0.436270
0.436709
0.436754
0.436741
0.436021
0.435491
0.435326
0.435268
0.435412
0.435670
0.436251
0.436097
0.436363
0.436129
0.436223
0.436156
0.435928
0.435908
0.436101
0.436128
0.436236
0.436257
0.436197
0.436450
0.435753
0.435109
0.434527
0.434463
0.434543
0.435386
0.436279
0.437141
0.436754
0.436571
0.435851
0.435670
0.435326
0.435340
0.435663
0.435849
0.436080
0.436170
0.436363
0.436308
0.436305
0.435986
0.436108
0.436339
0.436174
0.435958
0.436415
0.436257
0.436524
0.435946
0.435123
0.434790
0.434470
0.434792
0.435387
0.436515
0.436954
0.437000
0.436750
0.436101
0.435742
0.435505
0.435525
0.435735
0.436092
0.436260
0.436349
0.436436
0.436551
0.436484
0.436408
0.436351
0.436087
0.436353
0.436381
0.436415
0.436436
0.436450
0.436511
0.435749
0.435106
0.434523
0.434459
0.434539
0.435383
0.436518
0.436958
0.437003
0.436567
0.436091
0.435487
0.435322
0.435336
0.435660
0.435666
0.436077
0.436346
0.436360
0.436125
0.436302
0.436153
0.436104
0.436156
0.436097
0.436125
0.436412
0.436010
0.436273
0.435768
0.434876
0.434715
0.434225
0.434718
0.435376
0.436269
0.437131
0.436923
0.436747
0.436025
0.435667
0.435501
0.435450
0.435660
0.435846
0.436013
0.436273
0.436360
0.436304
0.436238
0.436332
0.436104
0.436092
0.436277
0.436125
0.436412
0.436015
0.436453
0.436273
0.436015
0.436425
0.436231
0.435477
0.434846
0.434520
0.434477
0.434732
0.435334
0.436633
0.437138
0.436766
0.436323
0.436023
0.435665
0.435078
0.435269
0.435665
0.435687
0.435846
0.436352
0.436183
0.436137
0.435881
0.435976
0.435929
0.435736
0.435920
0.436201
0.435992
0.435833
0.436270
0.436026
0.436085
0.435738
0.434857
0.434346
0.434460
0.434369
0.435391
0.436279
0.436538
0.436583
0.436570
0.435850
0.435498
0.435317
0.435095
0.435491
0.435677
0.436079
0.435926
0.436192
0.436307
0.436061
0.435985
0.435929
0.435907
0.435929
0.435957
0.436245
0.436012
0.436026
0.436279
0.436256
0.435573
0.434857
0.434517
0.434467
0.434618
0.435400
0.436531
0.436971
0.436763
0.436327
0.435850
0.435669
0.435075
0.435346
0.435491
0.435857
0.435836
0.436178
0.436363
0.436317
0.436061
0.435985
0.436353
0.435916
0.435929
0.436207
0.435998
0.436092
0.436276
0.436276
0.435587
0.434690
0.434529
0.434293
0.434968
0.435393
0.436701
0.437141
0.436771
0.436407
0.436099
0.435747
0.435338
0.435343
0.435488
0.435683
0.436266
0.436175
0.436442
0.436314
0.436238
0.436235
0.436186
0.436093
0.436360
0.436207
0.436169
0.436443
0.436276
0.436195
0.435055
0.434542
0.434651
0.434794
0.435805
0.436521
0.436778
0.436824
0.436565
0.435672
0.435313
0.435319
0.435168
0.435306
0.435915
0.436074
0.435993
0.436260
0.436375
0.436119
0.436052
0.436175
0.435974
0.435997
0.436024
0.436050
0.436324
0.436094
0.436518
0.435819
0.434930
0.434590
0.434283
0.434605
0.435208
0.436165
0.436775
0.436821
0.436394
0.435917
0.435556
0.435148
0.435161
0.435298
0.435492
0.435903
0.435813
0.436250
0.435951
0.435875
0.436043
0.435751
0.435730
0.435817
0.435772
0.436059
0.435900
0.435911
0.435416
0.434514
0.434112
0.434111
0.434192
0.435022
0.436158
0.436355
0.436570
0.436141
0.435744
0.435313
0.435148
0.434989
0.435055
0.435492
0.435903
0.435639
0.435833
0.435778
0.435522
0.435455
0.435578
0.435557
0.435643
0.435427
0.435633
0.435726
0.435497
0.435920
0.435222
0.434334
0.434173
0.433688
0.434017
0.434854
0.435749
0.436189
0.436224
0.436041
0.435320
0.435139
0.434794
0.434565
0.434961
0.435139
0.435306
0.435396
0.435663
0.435598
0.435531
0.435455
0.435578
0.435134
0.435400
0.435427
0.435706
0.435483
0.435497
0.435740
0.434978
0.434334
0.433994
0.433688
0.433838
0.434613
0.435749
0.436262
0.436477
0.435797
0.435320
0.434788
0.434551
0.434565
0.434961
0.435139
0.435306
0.435649
0.435663
0.435355
0.435531
0.435455
0.435227
0.435386
0.435400
0.435427
0.435462
0.435483
0.435750
0.435740
0.435483
0.435044
0.434148
0.433745
0.433758
0.434017
0.434870
0.435992
0.436189
0.436234
0.436051
0.435563
0.434968
0.434796
0.434808
0.434710
0.435148
0.435730
0.435639
0.435663
0.435778
0.435702
0.435525
0.435226
0.435384
0.435650
0.435254
0.435460
0.435733
0.435384
0.435565
0.435551
0.434852
0.433971
0.433810
0.433332
0.433834
0.434506
0.435564
0.436257
0.436302
0.435685
0.435136
0.434784
0.434431
0.434381
0.434777
0.435215
0.435365
0.435464
0.435478
0.435676
0.435590
0.435270
0.435468
0.435625
0.435215
0.435496
0.435701
0.435542
0.435565
0.435565
0.435470
0.434393
0.433817
0.433995
0.434083
0.434921
0.435817
0.436257
0.436473
0.435856
0.435136
0.434955
0.434790
0.434875
0.434777
0.435386
0.435545
0.435708
0.435649
0.435846
0.435770
0.435270
0.435646
0.435625
0.435459
0.435667
0.435701
0.435975
0.435565
0.435736
0.435975
0.435032
0.434566
0.434232
0.433753
0.434255
0.434686
0.435987
0.436681
0.436483
0.435866
0.435559
0.434964
0.434791
0.434804
0.434957
0.435143
0.435374
0.435888
0.435658
0.435603
0.435770
0.435451
0.435395
0.435454
0.435639
0.435423
0.435711
0.435478
0.435745
0.435745
0.435551
0.435039
0.434323
0.433569
0.433753
0.433841
0.434866
0.435817
0.436014
0.436059
0.435866
0.435388
0.434792
0.434791
0.434458
0.434361
0.434970
0.435201
0.435291
0.435315
0.435430
0.435173
0.435107
0.435051
0.435028
0.435051
0.435079
0.435104
0.435378
0.435148
0.435221
0.435378
0.434616
0.433798
0.433457
0.433158
0.433480
0.434091
0.435040
0.435903
0.435706
0.435088
0.434431
0.433711
0.432938
0.432601
0.432809
0.432644
0.432445
0.432606
0.432256
0.431852
0.431421
0.431168
0.430936
0.430568
0.430051
0.430151
0.429760
0.429428
0.429338
0.428914
0.428302
0.427253
0.426510
0.426344
0.426596
0.427423
0.428711
0.429069
0.428935
0.428157
0.427692
0.426584
0.426076
0.426340
0.425712
0.425964
0.425773
0.425931
0.425357
0.425203
0.424957
0.424297
0.424151
0.423961
0.423633
0.423318
0.423011
0.423288
0.422949
0.422198
0.422075
0.421242
0.420054
0.419575
0.419113
0.419598
0.420409
0.421768
0.422427
0.422301
0.421902
0.420687
0.420018
0.419521
0.418784
0.419179
0.419023
0.419023
0.419186
0.418868
0.418298
0.418250
0.417850
0.417634
0.417529
0.417332
0.417032
0.416974
0.416595
0.416518
0.416194
0.416029
0.415216
0.414074
0.413813
0.413623
0.414257
0.414802
0.415653
0.416230
0.416028
0.415536
0.414774
0.414302
0.413616
0.413125
0.413113
0.412954
0.413171
0.412938
0.412842
0.412233
0.412044
0.412062
0.411543
0.411132
0.411061
0.410751
0.410627
0.410319
0.410348
0.410266
0.409744
0.408973
0.408269
0.407626
0.407668
0.407499
0.408581
0.409588
0.409766
0.409805
0.409279
0.408548
0.407537
0.407254
0.406971
0.407021
0.406864
0.407026
0.407028
0.406741
0.406543
0.406030
0.405815
0.405447
0.405311
0.405029
0.404979
0.404643
0.404368
0.404307
0.403976
0.404063
0.403325
0.402246
0.401849
0.401417
0.401729
0.402602
0.403330
0.404023
0.403712
0.403165
0.402528
0.402112
0.401296
0.400825
0.401191
0.400824
0.400890
0.400685
0.400800
0.400229
0.400098
0.399755
0.399359
0.399071
0.398960
0.398634
0.398600
0.398689
0.398428
0.398292
0.398009
0.397518
0.396442
0.396115
0.395897
0.396207
0.396797
0.397901
0.398189
0.398091
0.397215
0.396726
0.396171
0.395389
0.395519
0.395374
0.395354
0.395222
0.395408
0.395159
0.395026
0.394706
0.394558
0.394214
0.393947
0.393874
0.393628
0.393156
0.393120
0.393176
0.392463
0.392366
0.391709
0.391012
0.390630
0.390393
0.390650
0.391195
0.392225
0.392768
0.393019
0.392599
0.391639
0.391337
0.390839
0.390541
0.390386
0.390290
0.390292
0.390096
0.389867
0.389758
0.389528
0.389233
0.388721
0.388490
0.388605
0.388393
0.388548
0.388088
0.388279
0.388107
0.387515
0.387311
0.386490
0.385779
0.385872
0.385871
0.386501
0.387509
0.387814
0.387846
0.387653
0.387075
0.386348
0.386063
0.385860
0.385504
0.385776
0.385965
0.385813
0.385319
0.385235
0.384966
0.384879
0.384554
0.384334
0.384313
0.384050
0.383867
0.383956
0.383531
0.383429
0.383214
0.382419
0.381933
0.381507
0.381300
0.381527
0.382117
0.383055
0.383763
0.383793
0.383457
0.382912
0.382375
0.382234
0.382042
0.381886
0.381990
0.381603
0.381642
0.381461
0.381574
0.381090
0.380853
0.380797
0.380775
0.380356
0.380448
0.380461
0.380049
0.380042
0.379801
0.379777
0.378837
0.378255
0.378045
0.377683
0.377981
0.378602
0.379495
0.380011
0.379950
0.379411
0.379104
0.378946
0.378425
0.378445
0.378290
0.378234
0.378325
0.378390
0.378391
0.377951
0.377990
0.377785
0.377595
0.377264
0.377441
0.377304
0.377323
0.377348
0.377207
0.376968
0.376566
0.376431
0.375772
0.375369
0.375411
0.375598
0.376027
0.376925
0.377182
0.377371
0.376730
0.376478
0.376063
0.375895
0.375671
0.375552
0.375765
0.375481
0.375606
0.375237
0.375451
0.375278
0.374739
0.374583
0.374451
0.374640
0.374484
0.374552
0.374638
0.374161
0.373914
0.373923
0.373588
0.372956
0.372903
0.372579
0.372624
0.372826
0.373530
0.374134
0.373852
0.373564
0.373129
0.372647
0.372206
0.372356
0.372378
0.372319
0.372667
0.372782
0.372568
0.372196
0.372183
0.371729
0.371607
0.371627
0.371541
0.371144
0.371190
0.370865
0.370828
0.370495
0.370081
0.369460
0.369444
0.369176
0.369747
0.369892
0.370590
0.371156
0.371377
0.370843
0.370791
0.370511
0.370323
0.370012
0.370533
0.370690
0.370234
0.370277
0.370350
0.370366
0.370268
0.370094
0.370084
0.369799
0.369745
0.369972
0.369684
0.369636
0.369688
0.370053
0.369850
0.369793
0.369702
0.369163
0.368996
0.368888
0.369020
0.369527
0.369730
0.370002
0.370183
0.369709
0.369723
0.369538
0.369605
0.369561
0.369671
0.370128
0.369753
0.369840
0.369983
0.370020
0.369466
0.369580
0.369619
0.369342
0.369323
0.369566
0.369306
0.369047
0.369037
0.369010
0.369060
0.369047
0.368838
0.368485
0.368891
0.368752
0.369207
0.369576
0.369727
0.369899
0.369574
0.369401
0.369202
0.369389
0.369391
0.369361
0.369492
0.369616
0.369644
0.369648
0.369883
0.369935
0.370087
0.369832
0.369836
0.370169
0.370109
0.370198
0.370216
0.370405
0.369991
0.370120
0.370131
0.369827
0.370002
0.370096
0.370075
0.370796
0.370734
0.370741
0.370635
0.370706
0.370403
0.370387
0.370577
0.370208
0.370271
0.370603
0.370749
0.370275
0.370529
0.371004
0.370773
0.370535
0.370835
0.370675
0.370482
0.370790
0.371237
0.371338
0.371116
0.371332
0.371120
0.370260
0.370184
0.369978
0.370246
0.370421
0.370427
0.370712
0.370962
0.370896
0.370405
0.370534
0.370560
0.370319
0.370613
0.370786
0.370955
0.370760
0.371008
0.371099
0.371189
0.371176
0.371202
0.371310
0.371423
0.371716
0.371722
0.371592
0.371846
0.372000
0.372080
0.371839
0.372056
0.372110
0.372086
0.372177
0.372178
0.372327
0.372417
0.372172
0.372361
0.372380
0.371931
0.372221
0.372321
0.371971
0.372094
0.372163
0.371954
0.371171
0.371582
0.372435
0.372581
0.372998
0.373329
0.373494
0.373272
0.373087
0.373728
0.373615
0.373372
0.373372
0.373194
0.373811
0.374328
0.374699
0.374725
0.374783
0.374620
0.374710
0.374389
0.374423
0.374503
0.374893
0.375137
0.375204
0.374728
0.374985
0.375069
0.375206
0.375101
0.375160
0.375363
0.375249
0.375554
0.375692
0.375837
0.375734
0.376051
0.376195
0.375856
0.376002
0.376302
0.376197
0.376840
0.376683
0.376689
0.376880
0.376649
0.376655
0.376818
0.376950
0.376919
0.377143
0.377390
0.377304
0.377616
0.377949
0.378096
0.378250
0.378411
0.378979
0.378807
0.378970
0.379370
0.379536
0.380022
0.379956
0.380201
0.380126
0.379965
0.379655
0.378888
0.378263
0.377453
0.376614
0.375800
0.374575
0.373564
0.372876
0.371988
0.371198
0.370173
0.369402
0.368017
0.366550
0.364770
0.362801
0.360676
0.358678
0.356170
0.353609
0.351009
0.348487
0.345653
0.342597
0.339743
0.336715
0.333548
0.330582
0.327710
0.324595
0.321589
0.318162
0.315221
0.312209
0.309684
0.306449
0.303666
0.300637
0.297071
0.293878
0.290849
0.287915
0.284517
0.281396
0.278240
0.275056
0.271759
0.268740
0.265668
0.262448
0.259318
0.256253
0.253093
0.249942
0.246654
0.243602
0.240196
0.237275
0.234000
0.231153
0.227989
0.224971
0.222258
0.218882
0.216182
0.213238
0.210211
0.207282
0.203671
0.200647
0.197153
0.193882
0.190712
0.187773
0.184967
0.182034
0.179352
0.176672
0.173820
0.170897
0.168047
0.165428
0.162799
0.159944
0.156970
0.154521
0.151694
0.149117
0.146210
0.143737
0.140937
0.138384
0.136140
0.133531
0.130959
0.128955
0.126931
0.124604
0.122624
0.120641
0.118663
0.116025
0.114071
0.112730
0.111671
0.110973
0.110530
0.109504
0.109433
0.109332
0.108850
0.108481
0.108091
0.107272
0.106479
0.106383
0.106279
0.106200
0.105400
0.104640
0.104028
0.103913
0.104160
0.103913
0.103330
0.102579
0.102766
0.102548
0.102514
0.101913
0.101717
0.101005
0.100266
0.099786
0.099612
0.099710
0.099493
0.099414
0.099512
0.098693
0.098399
0.098349
0.098195
0.098237
0.098148
0.098315
0.098222
0.097882
0.097930
0.097628
0.097738
0.097472
0.097350
0.097486
0.097382
0.097422
0.096841
0.096864
0.096314
0.096107
0.095121
0.095112
0.095014
0.094894
0.094310
0.094222
0.094159
0.093617
0.093544
0.093368
0.092590
0.092158
0.092087
0.091817
0.091277
0.091013
0.090756
0.090504
0.090215
0.089972
0.090212
0.089734
0.089630
0.089795
0.089944
0.089601
0.089411
0.088854
0.088706
0.088090
0.087995
0.088467
0.089099
0.088815
0.089248
0.089327
0.089153
0.089380
0.089545
0.089769
0.089787
0.089938
0.090447
0.090343
0.090518
0.090560
0.090222
0.089916
0.089350
0.088941
0.088383
0.087669
0.087004
0.086148
0.084972
0.083986
0.082244
0.080599
0.079653
0.078738
0.078292
0.078187
0.077552
0.076577
0.075380
0.074222
0.072692
0.071563
0.070828
0.069706
0.069339
0.068713
0.068063
0.067088
0.066077
0.065326
0.064784
0.063775
0.063036
0.062557
0.061619
0.060687
0.059991
0.059260
0.058539
0.057786
0.056688
0.055103
0.054075
0.053271
0.052579
0.052555
0.052560
0.052508
0.051820
0.050648
0.049491
0.048405
0.047519
0.046820
0.046678
0.046303
0.045662
0.045236
0.044715
0.044367
0.043807
0.042729
0.042381
0.041937
0.041174
0.040936
0.040436
0.039693
0.039197
0.038916
0.038643
0.037660
0.036608
0.035597
0.035046
0.034796
0.034810
0.035340
0.035468
0.035021
0.034369
0.033179
0.032621
0.032222
0.031502
0.031351
0.031268
0.031151
0.030739
0.030712
0.030179
0.029853
0.029303
0.028773
0.028024
0.027544
0.027092
0.026725
0.026028
0.025352
0.025204
0.024280
0.023413
0.022257
0.021789
0.021473
0.021142
0.021181
0.020949
0.020910
0.020817
0.020112
0.019477
0.019462
0.019043
0.018360
0.018152
0.017268
0.016936
0.016282
0.015968
0.016048
0.015774
0.016027
0.016185
0.016347
0.016345
0.016803
0.017056
0.016599
0.016917
0.017206
0.016852
0.017177
0.016923
0.017177
0.017077
0.016682
0.016762
0.016711
0.016462
0.016360
0.016033
0.015774
0.015771
0.015771
0.015528
0.015316
0.015451
0.015490
0.015135
0.014999
0.014983
0.014815
0.014821
0.014809
0.014928
0.014744
0.014775
0.015029
0.015095
0.015412
0.014720
0.013864
0.013706
0.013407
0.013800
0.015005
0.017505
0.019577
0.019553
0.019308
0.017986
0.017518
0.017224
0.017105
0.017978
0.018296
0.019004
0.019169
0.019879
0.019786
0.020103
0.019968
0.019883
0.020289
0.020080
0.020375
0.020889
0.020680
0.020459
0.020928
0.020902
0.020157
0.018565
0.017339
0.017653
0.017720
0.019251
0.021244
0.021920
0.021536
0.020347
0.019150
0.017962
0.017396
0.017668
0.017705
0.018088
0.018172
0.018723
0.018277
0.018260
0.017870
0.018079
0.017709
0.017463
0.017283
0.017818
0.017705
0.018378
0.017993
0.017571
0.018182
0.016912
0.014953
0.014288
0.014102
0.014805
0.016839
0.019248
0.020951
0.021296
0.020140
0.018644
0.017886
0.017214
0.017020
0.018390
0.018871
0.020106
0.020774
0.020956
0.020574
0.021203
0.020571
0.020590
0.021222
0.020772
0.021006
0.021763
0.021633
0.022092
0.022254
0.021979
0.021069
0.018628
0.017604
0.017598
0.018258
0.020162
0.022887
0.024060
0.024196
0.023634
0.022389
0.021238
0.020549
0.020425
0.020795
0.021702
0.022541
0.022776
0.023492
0.023347
0.022660
0.022948
0.022804
0.022767
0.022996
0.023069
0.023160
0.023652
0.023492
0.023935
0.022572
0.020627
0.019334
0.019079
0.019918
0.021680
0.024450
0.026323
0.025769
0.025058
0.023550
0.022624
0.022191
0.021740
0.022799
0.023095
0.023951
0.023948
0.024673
0.024526
0.024767
0.024364
0.023994
0.024381
0.024418
0.024491
0.024583
0.024638
0.025368
0.025368
0.024842
0.023951
0.021567
0.020354
0.020671
0.021282
0.023089
0.025881
0.027075
0.026971
0.025803
0.024286
0.023353
0.022463
0.022952
0.023334
0.024515
0.024450
0.025178
0.025215
0.025760
0.025068
0.025558
0.025206
0.024923
0.024717
0.025484
0.025126
0.025875
0.025669
0.025669
0.025875
0.024249
0.022538
0.021204
0.020794
0.021383
0.023624
0.025980
0.027737
0.027876
0.026701
0.024933
0.023993
0.023335
0.022902
0.023974
0.024471
0.025138
0.025831
0.025868
0.025720
0.025759
0.025312
0.025164
0.025370
0.025164
0.025238
0.026027
0.025629
0.026119
0.025988
0.025494
0.024800
0.022144
0.020959
0.021223
0.021654
0.023915
0.026535
0.027491
0.027630
0.027154
0.025627
0.024437
0.023776
0.023589
0.023728
0.024714
0.025833
0.025585
0.026319
0.025963
0.025759
0.025762
0.025613
0.025370
0.025613
0.025687
0.025439
0.026194
