2.349810
2.349810
2.349719
2.349580
2.349144
2.348667
2.348440
2.348308
2.348098
2.347898
2.347583
2.347250
2.347051
2.346778
2.347027
2.347029
2.347052
2.347162
2.346296
2.344800
2.343682
2.342554
2.341220
2.340007
2.338823
2.337469
2.335993
2.334421
2.332590
2.330728
2.328911
2.326927
2.324939
2.322998
2.320752
2.318602
2.316238
2.313694
2.311382
2.308862
2.306342
2.303701
2.301059
2.298396
2.295642
2.292748
2.289980
2.287442
2.284806
2.282091
2.279220
2.276476
2.273947
2.271512
2.269155
2.266697
2.264287
2.261650
2.258978
2.256392
2.253877
2.250983
2.248110
2.245140
2.242078
2.238992
2.235859
2.232582
2.229441
2.226090
2.222897
2.219709
2.216725
2.213799
2.210975
2.207850
2.204898
2.201738
2.198635
2.195691
2.192636
2.189597
2.186617
2.183440
2.180170
2.176836
2.173659
2.170850
2.167826
2.164672
2.161441
2.157974
2.154596
2.151177
2.147766
2.144346
2.141080
2.137665
2.134311
2.130783
2.127400
2.124015
2.120386
2.117023
2.113580
2.110123
2.106613
2.102960
2.099269
2.095770
2.092277
2.088684
2.085085
2.081399
2.077817
2.074388
2.070782
2.067157
2.063847
2.060565
2.057189
2.053777
2.050408
2.047083
2.043525
2.040104
2.036883
2.033518
2.030469
2.027495
2.024621
2.021519
2.018192
2.014893
2.011755
2.008264
2.005007
2.001739
1.998283
1.995060
1.991713
1.988445
1.985146
1.981811
1.978547
1.975301
1.971959
1.968682
1.965329
1.962132
1.958982
1.955728
1.952594
1.949518
1.946447
1.943601
1.940738
1.937761
1.934968
1.931874
1.928696
1.926121
1.923486
1.921147
1.918634
1.915869
1.913341
1.910789
1.908193
1.905714
1.903205
1.900822
1.898458
1.896058
1.893795
1.891766
1.889658
1.887467
1.885315
1.883056
1.880952
1.878787
1.876765
1.874764
1.872634
1.870169
1.867810
1.865472
1.863245
1.860967
1.858527
1.856050
1.853655
1.851079
1.848579
1.845883
1.843475
1.841109
1.838887
1.836702
1.834291
1.831672
1.829097
1.826422
1.823892
1.821376
1.818885
1.816557
1.814226
1.811890
1.809499
1.807109
1.804652
1.802287
1.800039
1.797886
1.795578
1.793300
1.791011
1.788509
1.786253
1.784403
1.782778
1.781079
1.779465
1.777583
1.775943
1.774402
1.772552
1.770894
1.769280
1.767482
1.766145
1.764160
1.762512
1.760786
1.758793
1.756495
1.754008
1.751917
1.750068
1.748199
1.745963
1.743521
1.740964
1.738114
1.735379
1.732421
1.729543
1.726797
1.724041
1.721256
1.718457
1.715725
1.712974
1.710162
1.707279
1.704414
1.701359
1.698196
1.694900
1.691505
1.688392
1.685561
1.682856
1.680073
1.677130
1.674381
1.671825
1.669401
1.666878
1.664821
1.662941
1.660791
1.658716
1.656499
1.654208
1.651526
1.648842
1.646244
1.643455
1.640961
1.638638
1.636530
1.634096
1.631139
1.628494
1.626004
1.623705
1.621372
1.619082
1.616682
1.614237
1.611685
1.609372
1.607043
1.605077
1.603179
1.601511
1.600358
1.598331
1.596172
1.594350
1.592680
1.590905
1.588964
1.586858
1.584501
1.581287
1.578840
1.575777
1.572510
1.569619
1.566782
1.564148
1.562161
1.560307
1.558715
1.557162
1.555527
1.553963
1.552214
1.550571
1.548767
1.546926
1.544847
1.542680
1.540577
1.538359
1.535620
1.533111
1.530588
1.527830
1.524810
1.521584
1.518303
1.514914
1.511694
1.508125
1.504619
1.500949
1.497337
1.493642
1.490263
1.486714
1.482951
1.479251
1.475536
1.471662
1.467812
1.463990
1.460298
1.456712
1.452945
1.449254
1.445759
1.442317
1.438537
1.434973
1.431218
1.427621
1.423740
1.420096
1.416125
1.412200
1.408271
1.404351
1.400508
1.396776
1.393012
1.389350
1.385785
1.382562
1.378712
1.375050
1.371091
1.367293
1.363224
1.359247
1.355005
1.351009
1.347105
1.343412
1.339312
1.335146
1.330954
1.326875
1.322897
1.319267
1.315693
1.311841
1.307957
1.304233
1.300576
1.296786
1.292710
1.289270
1.285867
1.282496
1.279168
1.275693
1.272411
1.269010
1.265520
1.262165
1.258749
1.255405
1.252159
1.248968
1.245704
1.242496
1.239391
1.236097
1.232711
1.229507
1.226304
1.223029
1.219769
1.216578
1.213383
1.210021
1.206557
1.203157
1.199663
1.196364
1.193077
1.189905
1.186649
1.183382
1.180022
1.176640
1.173324
1.170060
1.166934
1.163879
1.160851
1.157821
1.154747
1.151583
1.148419
1.145327
1.142238
1.139267
1.136566
1.133784
1.130940
1.127955
1.125013
1.122054
1.119193
1.116340
1.113609
1.110853
1.108238
1.105486
1.102814
1.100115
1.097409
1.094594
1.091920
1.089238
1.086650
1.083972
1.081330
1.078621
1.075873
1.073229
1.070666
1.068052
1.065558
1.063064
1.060626
1.057914
1.055185
1.052496
1.049899
1.047316
1.044692
1.042099
1.039346
1.036712
1.034272
1.031639
1.028837
1.026005
1.023057
1.020190
1.017486
1.014635
1.012232
1.010622
1.009154
1.007662
1.005979
1.003914
1.001861
1.000382
0.998986
0.997507
0.996025
0.994157
0.991887
0.989894
0.988341
0.986822
0.985131
0.983404
0.981607
0.979435
0.977407
0.975460
0.973373
0.971543
0.969762
0.968115
0.966106
0.964259
0.961987
0.959753
0.957707
0.955331
0.952493
0.949643
0.946553
0.943451
0.940188
0.936835
0.933521
0.930253
0.927008
0.923697
0.920338
0.916881
0.913177
0.909506
0.905661
0.901758
0.897715
0.893634
0.889470
0.885280
0.880956
0.876803
0.872481
0.868027
0.863750
0.859333
0.854991
0.850510
0.846051
0.841607
0.837152
0.832787
0.828369
0.823946
0.819576
0.815128
0.810744
0.806342
0.802047
0.797818
0.793580
0.789482
0.785521
0.781420
0.777348
0.773283
0.769295
0.765349
0.761108
0.756801
0.752348
0.748141
0.743791
0.739524
0.735192
0.730855
0.726580
0.722316
0.718132
0.713988
0.709720
0.705453
0.701161
0.697141
0.692951
0.688751
0.684459
0.679993
0.675787
0.671482
0.667009
0.662555
0.658425
0.654350
0.649937
0.646094
0.642251
0.638547
0.634906
0.631246
0.627743
0.624342
0.620909
0.617770
0.614687
0.611617
0.608818
0.606031
0.603374
0.600679
0.598053
0.595478
0.593004
0.590394
0.587891
0.585508
0.583009
0.580564
0.578133
0.575615
0.573272
0.570753
0.568328
0.565840
0.563479
0.561004
0.558477
0.556013
0.553454
0.550889
0.548382
0.545794
0.543088
0.540445
0.537874
0.535056
0.531976
0.529057
0.526256
0.523257
0.520170
0.517118
0.514150
0.510926
0.507950
0.505083
0.501997
0.499061
0.496013
0.492970
0.489979
0.486877
0.483886
0.480797
0.477692
0.474512
0.471388
0.468170
0.465069
0.461748
0.458543
0.455271
0.451977
0.448739
0.445444
0.442086
0.438816
0.435483
0.432092
0.428766
0.425341
0.421994
0.418613
0.415046
0.411631
0.408184
0.404713
0.401279
0.397906
0.394254
0.390926
0.387242
0.383778
0.380347
0.376811
0.373347
0.370005
0.366586
0.363221
0.359829
0.356444
0.353028
0.349628
0.346174
0.342918
0.339299
0.335945
0.332463
0.329018
0.325581
0.322149
0.318785
0.315315
0.311905
0.308406
0.305093
0.301607
0.298220
0.294903
0.291385
0.288092
0.284651
0.281462
0.278015
0.274594
0.271269
0.268031
0.264711
0.261571
0.258354
0.255080
0.251948
0.248732
0.245517
0.242409
0.239283
0.236130
0.233077
0.230078
0.227029
0.224081
0.221145
0.218160
0.215157
0.212284
0.209478
0.206587
0.203788
0.201030
0.198232
0.195450
0.192656
0.189988
0.187314
0.184567
0.182069
0.179554
0.176812
0.174319
0.171764
0.169219
0.166824
0.164334
0.161988
0.159538
0.157212
0.154897
0.152647
0.150367
0.148124
0.145864
0.143634
0.141681
0.139510
0.137429
0.135543
0.133429
0.131486
0.129635
0.127672
0.125838
0.123856
0.122120
0.120465
0.118509
0.116983
0.115307
0.113519
0.112027
0.110525
0.108831
0.107455
0.105905
0.104399
0.103079
0.101535
0.100210
0.098956
0.097539
0.096342
0.095074
0.093759
0.092751
0.091477
0.090268
0.089338
0.088083
0.087083
0.086193
0.084869
0.084089
0.082961
0.082006
0.081235
0.080076
0.079322
0.078599
0.077521
0.076844
0.076149
0.075046
0.074512
0.073802
0.072808
0.072314
0.071328
0.070771
0.070158
0.069294
0.068780
0.068153
0.067498
0.066947
0.066303
0.065732
0.065340
0.064638
0.064106
0.063759
0.062964
0.062626
0.062002
0.061551
0.061260
0.060641
0.060224
0.060037
0.059289
0.058993
0.058896
0.058224
0.057960
0.057912
0.057219
0.057013
0.056463
0.056296
0.056271
0.055635
0.055598
0.055495
0.054971
0.055000
0.054770
0.054386
0.054557
0.054261
0.054033
0.054044
0.053765
0.053685
0.053467
0.053313
0.053415
0.053124
0.052970
0.053196
0.052860
0.052859
0.053080
0.052696
0.052803
0.053085
0.052635
0.052812
0.052458
0.052646
0.052951
0.052532
0.052790
0.053140
0.052733
0.052976
0.053357
0.052970
0.053246
0.053453
0.053232
0.053685
0.053625
0.053711
0.053770
0.053616
0.054050
0.054077
0.054050
0.054444
0.054380
0.054416
0.054904
0.054557
0.054880
0.055393
0.054965
0.055307
0.055113
0.055363
0.055739
0.055409
0.055778
0.056170
0.055807
0.056162
0.056608
0.056204
0.056599
0.056865
0.056569
0.057029
0.057077
0.056907
0.057210
0.056983
0.057271
0.057459
0.057262
0.057678
0.057680
0.057592
0.058052
0.057855
0.057940
0.058370
0.058016
0.058258
0.058111
0.058155
0.058558
0.058252
0.058455
0.058854
0.058369
0.058637
0.059106
0.058594
0.058931
0.059222
0.058795
0.059189
0.058595
0.058935
0.059224
0.058820
0.059023
0.059289
0.058911
0.059263
0.059279
0.059017
0.059394
0.059273
0.059161
0.059528
0.059180
0.059303
0.059218
0.059174
0.059447
0.059183
0.059257
0.059595
0.059106
0.059326
0.059750
0.059207
0.059461
0.059914
0.059342
0.059653
0.059156
0.059495
0.059734
0.059271
0.059522
0.059902
0.059390
0.059675
0.059849
0.059488
0.059850
0.059807
0.059586
0.059978
0.059742
0.059712
0.059754
0.059610
0.059844
0.059698
0.059679
0.059993
0.059711
0.059734
0.060084
0.059627
0.059829
0.060215
0.059658
0.059973
0.059488
0.059754
0.060047
0.059593
0.059872
0.060110
0.059653
0.059918
0.060171
0.059733
0.059968
0.060131
0.059784
0.060126
0.060069
0.059875
0.060021
0.059655
0.059959
0.059936
0.059779
0.060035
0.059897
0.059837
0.060164
0.059864
0.059906
0.060273
0.059764
0.060048
0.059709
0.059801
0.060158
0.059638
0.059837
0.060237
0.059735
0.059941
0.060390
0.059807
0.060066
0.060359
0.059887
0.060166
0.060325
0.059978
0.060173
0.059839
0.060075
0.060204
0.059927
0.060109
0.060188
0.059952
0.060298
0.060148
0.059985
0.060419
0.060041
0.060156
0.059977
0.059927
0.060277
0.059889
0.060062
0.060307
0.059787
0.060088
0.060402
0.059862
0.060110
0.060468
0.059922
0.060177
0.060457
0.059943
0.060283
0.059780
0.060044
0.060218
0.059789
0.060079
0.060146
0.059866
0.060184
0.060032
0.059900
0.060273
0.059967
0.060026
0.059936
0.059786
0.060064
0.059874
0.059902
0.060151
0.059827
0.059954
0.060230
0.059813
0.060042
0.060354
0.059866
0.060139
0.060452
0.059989
0.060200
0.059739
0.060049
0.060332
0.059820
0.060107
0.060288
0.059892
0.060240
0.060273
0.060032
0.060300
0.060205
0.060061
0.060111
0.059911
0.060197
0.060112
0.059988
0.060272
0.060035
0.060083
0.060359
0.059989
0.060183
0.060476
0.059996
0.060253
0.059864
0.060053
0.060312
0.059813
0.060092
0.060428
0.059933
0.060115
0.060486
0.059966
0.060270
0.060408
0.060047
0.060338
0.060380
0.060108
0.060231
0.059928
0.060132
0.060043
0.059613
0.059338
0.058386
0.057246
0.056343
0.054452
0.052645
0.050347
0.048248
0.047822
0.047022
0.046835
0.046682
0.045432
0.044788
0.044370
0.044053
0.043849
0.043804
0.043782
0.043766
0.043759
0.043770
0.043762
0.043759
0.043760
0.043782
0.043772
0.043759
0.043781
0.043781
0.043737
0.043737
0.043755
0.043759
0.043772
5.482341
5.482746
5.482743
5.482664
5.482199
5.480766
5.479719
5.478176
5.476321
5.474204
5.472335
5.469786
5.467897
5.465158
5.462809
5.460471
5.458707
5.455627
5.453092
5.450059
5.445878
5.441137
5.436466
5.431560
5.425985
5.420290
5.414818
5.408856
5.403094
5.397136
5.390893
5.384591
5.378094
5.371994
5.365958
5.359908
5.353344
5.347066
5.341583
5.336299
5.331520
5.326847
5.321726
5.316853
5.312056
5.307067
5.301989
5.296810
5.291542
5.286176
5.280761
5.275403
5.269997
5.264494
5.258805
5.253251
5.247547
5.241706
5.235880
5.229752
5.223496
5.217245
5.211074
5.204897
5.198572
5.192205
5.185519
5.178838
5.172268
5.165563
5.158683
5.152557
5.146742
5.141002
5.135404
5.129629
5.123679
5.117788
5.111758
5.105687
5.099424
5.093232
5.087181
5.080985
5.074580
5.068210
5.061693
5.055002
5.048553
5.042098
5.035766
5.029228
5.022569
5.015882
5.009154
5.002488
4.995897
4.989497
4.982897
4.976050
4.969214
4.962498
4.955979
4.949463
4.942905
4.936280
4.929324
4.922400
4.915523
4.908624
4.901994
4.895556
4.889263
4.882759
4.876075
4.869431
4.862751
4.856269
4.849806
4.843043
4.836074
4.829031
4.821814
4.814575
4.807476
4.800265
4.793012
4.785940
4.778698
4.771643
4.764423
4.757234
4.749975
4.742707
4.735484
4.728213
4.720983
4.713734
4.706361
4.699078
4.691793
4.684400
4.677212
4.669965
4.662755
4.655598
4.648415
4.641371
4.634412
4.627296
4.620414
4.613465
4.606354
4.599511
4.592774
4.586511
4.580515
4.574261
4.567924
4.561318
4.554654
4.548032
4.541723
4.535453
4.529210
4.522688
4.516347
4.509804
4.503315
4.496907
4.490473
4.483918
4.477200
4.470362
4.463367
4.456531
4.449824
4.443406
4.436978
4.430551
4.423920
4.417102
4.410368
4.403751
4.397350
4.390947
4.384523
4.377829
4.371061
4.364520
4.358093
4.351700
4.345443
4.338906
4.332171
4.325405
4.318498
4.311860
4.305358
4.298676
4.291942
4.284970
4.277886
4.270917
4.263962
4.257088
4.250294
4.243415
4.236380
4.229304
4.222184
4.215144
4.208355
4.201713
4.195155
4.188352
4.181587
4.174986
4.168377
4.162112
4.155844
4.149558
4.143044
4.136332
4.129590
4.122797
4.116360
4.109943
4.103476
4.096818
4.090055
4.083197
4.076711
4.070642
4.064678
4.058780
4.053099
4.047194
4.041319
4.035551
4.029760
4.023906
4.018052
4.011985
4.006214
4.000670
3.995185
3.989730
3.984227
3.978726
3.973300
3.967788
3.962408
3.956952
3.951572
3.946042
3.940656
3.935178
3.929752
3.924303
3.918864
3.913528
3.908032
3.902585
3.897323
3.891840
3.886427
3.881080
3.875642
3.870195
3.864763
3.859316
3.853745
3.848253
3.842752
3.837186
3.831827
3.826466
3.821291
3.815807
3.809934
3.803957
3.798034
3.792025
3.785963
3.779859
3.773752
3.767622
3.761514
3.755483
3.749441
3.743523
3.737374
3.731808
3.726282
3.720399
3.714665
3.708564
3.702446
3.696394
3.690397
3.684219
3.678062
3.671959
3.665672
3.659626
3.653563
3.647488
3.641313
3.635236
3.629158
3.623052
3.617076
3.611070
3.604942
3.598906
3.592840
3.586876
3.581014
3.574976
3.568920
3.562881
3.556848
3.550956
3.545030
3.539159
3.533233
3.527374
3.521460
3.515553
3.509445
3.503503
3.497638
3.491751
3.485865
3.479979
3.473966
3.467812
3.461718
3.455679
3.449763
3.443986
3.438170
3.432189
3.426209
3.420202
3.414260
3.408414
3.402856
3.397031
3.390906
3.384830
3.378782
3.372830
3.367018
3.361063
3.355189
3.349341
3.343360
3.337450
3.331562
3.325627
3.319667
3.313662
3.307692
3.301690
3.295822
3.289845
3.283893
3.277922
3.271970
3.266034
3.260184
3.254296
3.248046
3.241902
3.236234
3.230533
3.225217
3.220236
3.215285
3.210323
3.205422
3.200560
3.195618
3.190620
3.185605
3.180689
3.175713
3.170917
3.165714
3.160968
3.156064
3.150779
3.146029
3.141332
3.136702
3.132007
3.127461
3.122900
3.118233
3.113499
3.108883
3.104173
3.099484
3.094828
3.090094
3.085599
3.081094
3.076260
3.071306
3.066389
3.061692
3.056933
3.052257
3.047650
3.042894
3.038203
3.033463
3.028713
3.024058
3.019191
3.014611
3.009495
3.004692
2.999879
2.994809
2.989578
2.984351
2.979413
2.975519
2.971854
2.968230
2.964641
2.960834
2.956469
2.951674
2.946608
2.941795
2.937122
2.932626
2.928031
2.923607
2.919138
2.914644
2.910172
2.905707
2.901199
2.896833
2.892415
2.887770
2.883409
2.878981
2.874352
2.870069
2.865576
2.861244
2.857035
2.852736
2.848212
2.844002
2.839677
2.835195
2.830672
2.825589
2.820517
2.815977
2.811326
2.806808
2.802205
2.797577
2.793060
2.788561
2.784197
2.779664
2.775147
2.770700
2.766257
2.761626
2.757033
2.752618
2.747984
2.743326
2.738651
2.734021
2.729416
2.724833
2.720510
2.716781
2.713095
2.709375
2.705605
2.701578
2.697564
2.693613
2.689549
2.685542
2.681708
2.677783
2.673651
2.669804
2.666000
2.661972
2.657997
2.654183
2.650382
2.646344
2.642433
2.638537
2.634498
2.630519
2.626517
2.622447
2.618188
2.614045
2.609772
2.605523
2.601369
2.597071
2.592643
2.588216
2.583804
2.579605
2.575368
2.570936
2.566540
2.562149
2.557868
2.553493
2.549099
2.544717
2.540425
2.536247
2.531781
2.527267
2.522944
2.518504
2.514161
2.509709
2.505492
2.501212
2.496822
2.492419
2.488103
2.483690
2.479327
2.474873
2.470442
2.466016
2.461739
2.457340
2.452913
2.448454
2.443959
2.439537
2.435224
2.430924
2.426545
2.422155
2.418033
2.413700
2.409255
2.404777
2.400271
2.395722
2.391044
2.386364
2.381554
2.376817
2.372072
2.367236
2.362532
2.357529
2.352520
2.347462
2.342358
2.337393
2.332218
2.327262
2.322138
2.317014
2.311967
2.307087
2.302011
2.296934
2.291845
2.287223
2.282087
2.276972
2.271753
2.266477
2.261369
2.256220
2.250887
2.245705
2.240566
2.235429
2.230301
2.225023
2.219700
2.214470
2.209415
2.204192
2.198915
2.193944
2.188771
2.183808
2.178555
2.173298
2.168358
2.163191
2.158164
2.152802
2.147348
2.141933
2.136571
2.131215
2.125776
2.120231
2.114699
2.109088
2.103496
2.098072
2.092486
2.087033
2.081607
2.076177
2.070705
2.065225
2.059779
2.054343
2.049000
2.043579
2.038181
2.032787
2.027467
2.022147
2.016897
2.011521
2.006226
2.000854
1.995606
1.990356
1.985085
1.979859
1.974635
1.969435
1.964240
1.959048
1.953877
1.948698
1.943549
1.938347
1.933183
1.927996
1.922767
1.917608
1.912455
1.907452
1.902497
1.897584
1.892675
1.887733
1.882720
1.877543
1.872510
1.867521
1.862517
1.857606
1.852494
1.847511
1.842556
1.837573
1.832528
1.827620
1.822641
1.817714
1.812701
1.807678
1.802752
1.797868
1.793081
1.788084
1.783176
1.778326
1.773474
1.768617
1.763825
1.758976
1.754300
1.749462
1.744805
1.740061
1.735309
1.730512
1.725893
1.721112
1.716448
1.711772
1.707120
1.702541
1.697978
1.693383
1.688860
1.684006
1.679265
1.674628
1.670305
1.665967
1.661477
1.657038
1.652953
1.648697
1.644412
1.640306
1.636259
1.632226
1.627896
1.623483
1.619022
1.614697
1.610550
1.606458
1.602322
1.598194
1.593930
1.589528
1.585263
1.581123
1.577072
1.573101
1.568922
1.564539
1.560185
1.555854
1.551434
1.547114
1.543094
1.538891
1.534715
1.530380
1.526084
1.521725
1.517425
1.512990
1.508661
1.504318
1.499963
1.495567
1.491398
1.487061
1.482761
1.478597
1.474852
1.471050
1.467032
1.463308
1.459555
1.455780
1.451725
1.447767
1.443632
1.439448
1.435350
1.431214
1.426971
1.422450
1.418383
1.414421
1.410434
1.406464
1.402413
1.398399
1.394027
1.389793
1.385476
1.381168
1.376845
1.372481
1.368194
1.363886
1.359665
1.355288
1.351018
1.346730
1.342446
1.338166
1.333866
1.329600
1.325316
1.321001
1.316814
1.312501
1.308277
1.303953
1.299587
1.295332
1.291096
1.286823
1.282557
1.278314
1.274072
1.269881
1.265583
1.261361
1.256977
1.252677
1.248626
1.244779
1.240917
1.236893
1.232748
1.228641
1.224639
1.220695
1.216874
1.212768
1.208687
1.204637
1.200562
1.196602
1.192575
1.188532
1.184637
1.180788
1.176796
1.172817
1.168869
1.165033
1.161180
1.157230
1.153408
1.149436
1.145491
1.141619
1.137882
1.133893
1.129905
1.125998
1.122034
1.117944
1.113724
1.109547
1.105328
1.101172
1.097038
1.092899
1.088690
1.084513
1.080230
1.075988
1.071665
1.067579
1.063288
1.059071
1.055030
1.050821
1.046742
1.042506
1.038372
1.034204
1.029974
1.025912
1.021701
1.017537
1.013418
1.009291
1.005225
1.000913
0.996660
0.992428
0.988242
0.983939
0.979525
0.975327
0.970865
0.966526
0.962227
0.957913
0.953590
0.949240
0.945036
0.940746
0.936474
0.932267
0.928107
0.923887
0.919666
0.915473
0.911192
0.907127
0.903011
0.898976
0.894803
0.890805
0.886779
0.882661
0.878667
0.874787
0.870791
0.866747
0.862927
0.859104
0.855254
0.851406
0.847601
0.843851
0.839987
0.836264
0.832551
0.828827
0.825187
0.821576
0.817955
0.814181
0.810592
0.806676
0.803005
0.799249
0.795526
0.791839
0.788169
0.784377
0.780762
0.777076
0.773426
0.769642
0.766104
0.762583
0.759082
0.755575
0.752174
0.748790
0.745509
0.742325
0.739229
0.736198
0.733239
0.730282
0.727438
0.724571
0.721748
0.719024
0.716276
0.713591
0.710978
0.708372
0.705856
0.703200
0.700696
0.698100
0.695721
0.693246
0.690815
0.688388
0.686021
0.683777
0.681401
0.679044
0.676748
0.674517
0.672367
0.670184
0.667955
0.665962
0.663880
0.661763
0.659754
0.657799
0.655823
0.653914
0.652104
0.650295
0.648554
0.646926
0.645165
0.643532
0.641760
0.640123
0.638569
0.636968
0.635414
0.633902
0.632300
0.630816
0.629129
0.627378
0.625655
0.623817
0.621868
0.619883
0.617929
0.616027
0.614200
0.612387
0.610540
0.608690
0.606716
0.604897
0.603102
0.601231
0.599300
0.597479
0.595501
0.592680
0.589561
0.587105
0.584796
0.582474
0.580249
0.577899
0.575583
0.573065
0.570694
0.568292
0.565846
0.563261
0.560665
0.558096
0.555515
0.553041
0.550532
0.548044
0.545438
0.542978
0.540337
0.537766
0.535160
0.532594
0.530001
0.527364
0.524764
0.522209
0.519786
0.517189
0.514597
0.511964
0.509439
0.506758
0.504008
0.501183
0.498319
0.495483
0.492619
0.489688
0.486662
0.483672
0.480605
0.477561
0.474356
0.471173
0.468044
0.464244
0.459423
0.453968
0.449573
0.446849
0.444928
0.443253
0.441509
0.439672
0.437412
0.435423
0.432876
0.430458
0.427876
0.424968
0.421977
0.418995
0.416127
0.412875
0.409910
0.406476
0.403452
0.399978
0.396927
0.393545
0.390886
0.387805
0.385039
0.382444
0.379645
0.377190
0.374413
0.372178
0.369624
0.367365
0.365233
0.362654
0.360215
0.357785
0.355638
0.352763
0.350495
0.347607
0.345430
0.342588
0.340013
0.337399
0.334288
0.331415
0.328532
0.325913
0.322530
0.319913
0.316320
0.313523
0.310400
0.307222
0.304294
0.300601
0.297724
0.294049
0.291152
0.287464
0.284524
0.280796
0.277857
0.274474
0.271114
0.268320
0.264506
0.261610
0.257866
0.255117
0.251496
0.248722
0.245314
0.242562
0.239598
0.236499
0.234056
0.230744
0.228195
0.224858
0.222480
0.219518
0.216840
0.213615
0.211207
0.208432
0.205755
0.203485
0.200281
0.198065
0.195052
0.192844
0.190219
0.187696
0.184781
0.182603
0.180263
0.177613
0.175717
0.172752
0.170804
0.167963
0.166135
0.163913
0.161686
0.159928
0.157330
0.155209
0.152957
0.151276
0.148838
0.147210
0.144895
0.143284
0.141407
0.139538
0.138145
0.135822
0.134132
0.132258
0.130916
0.128751
0.127505
0.125462
0.124192
0.122759
0.121005
0.119963
0.118056
0.117019
0.115144
0.114135
0.112224
0.111267
0.109580
0.108569
0.107331
0.105966
0.105125
0.103352
0.102535
0.100945
0.100119
0.098498
0.097724
0.096333
0.095467
0.094496
0.093213
0.092691
0.091125
0.090494
0.089083
0.088518
0.087687
0.086624
0.085453
0.084776
0.084172
0.083114
0.082845
0.081629
0.081399
0.080435
0.080073
0.079657
0.078863
0.078018
0.077630
0.077252
0.076493
0.076371
0.075295
0.075199
0.074322
0.074053
0.073877
0.073021
0.072333
0.072146
0.071885
0.071259
0.071219
0.070350
0.070467
0.069767
0.069745
0.069667
0.069118
0.069149
0.068576
0.068627
0.067976
0.068230
0.067495
0.067783
0.067280
0.067296
0.067365
0.066838
0.067110
0.066430
0.066631
0.066023
0.066260
0.065617
0.065935
0.065474
0.065531
0.065521
0.065145
0.065364
0.064693
0.064939
0.064472
0.064509
0.063844
0.064185
0.063807
0.063787
0.063900
0.063415
0.063617
0.062985
0.063292
0.062969
0.063028
0.062312
0.062607
0.062413
0.062336
0.062670
0.061980
0.062401
0.061745
0.062108
0.061871
0.061783
0.062067
0.061639
0.061455
0.061312
0.061792
0.061195
0.061429
0.060942
0.061320
0.061032
0.061090
0.061410
0.060896
0.060817
0.060646
0.061108
0.060521
0.060897
0.060391
0.060689
0.060580
0.060611
0.060916
0.060425
0.060819
0.060410
0.060706
0.060186
0.060576
0.060045
0.060444
0.060313
0.060367
0.060643
0.060203
0.060534
0.059953
0.060339
0.059782
0.060229
0.059667
0.059933
0.059972
0.059791
0.060213
0.059620
0.059988
0.059455
0.059847
0.059703
0.059691
0.059104
0.059487
0.059413
0.059250
0.059655
0.059039
0.059463
0.058859
0.059259
0.059161
0.059097
0.058628
0.058962
0.058933
0.058724
0.059126
0.058573
0.058876
0.058468
0.058788
0.058760
0.058620
0.058952
0.058474
0.058512
0.058339
0.058609
0.058089
0.058510
0.057976
0.058276
0.058327
0.058100
0.058520
0.057980
0.058068
0.057771
0.058170
0.057588
0.057956
0.057494
0.057841
0.057884
0.057677
0.058087
0.057554
0.057676
0.057446
0.057780
0.057267
0.057697
0.057281
0.057540
0.057636
0.057450
0.057827
0.057332
0.057728
0.057290
0.057655
0.057143
0.057603
0.057217
0.057487
0.057612
0.057375
0.057766
0.057281
0.057687
0.057295
0.057604
0.057138
0.057513
0.057262
0.057532
0.057712
0.057458
0.057890
0.057483
0.057843
0.057541
0.057831
0.058035
0.057784
0.057633
0.057799
0.058063
0.057802
0.058218
0.057789
0.058195
0.057991
0.058214
0.058487
0.058162
0.058019
0.058162
0.058535
0.058161
0.058663
0.058178
0.058636
0.058441
0.058629
0.058952
0.058609
0.059110
0.058636
0.059035
0.058595
0.059127
0.058608
0.059096
0.058814
0.059093
0.059305
0.059055
0.059464
0.059010
0.059416
0.059005
0.059445
0.058990
0.059449
0.059266
0.059405
0.059747
0.059339
0.059811
0.059349
0.059734
0.059511
0.059644
0.059197
0.059593
0.059361
0.059450
0.059723
0.059349
0.059671
0.059163
0.059490
0.059326
0.059370
0.058912
0.059234
0.059052
0.059023
0.059344
0.058912
0.059193
0.058693
0.059056
0.058864
0.058901
0.059222
0.058770
0.058636
0.058570
0.059002
0.058476
0.058796
0.058288
0.058727
0.058465
0.058552
0.058879
0.058398
0.058341
0.058273
0.058674
0.058205
0.058602
0.058105
0.058471
0.058480
0.058433
0.058937
0.058383
0.058843
0.058311
0.058704
0.058310
0.058678
0.058246
0.058588
0.058658
0.058583
0.059028
0.058508
0.058946
0.058503
0.058892
0.058453
0.058836
0.058309
0.058709
0.058796
0.058683
0.059189
0.058648
0.059088
0.058568
0.059020
0.058557
0.058986
0.058515
0.058812
0.058975
0.058828
0.059255
0.058737
0.059174
0.058753
0.059149
0.059053
0.059033
0.058648
0.059032
0.059010
0.058964
0.059297
0.058880
0.059234
0.058852
0.059159
0.059260
0.059132
0.058840
0.059090
0.059276
0.059069
0.059501
0.059048
0.059475
0.059034
0.059382
0.059440
0.059324
0.059747
0.059266
0.059444
0.059166
0.059619
0.059125
0.059515
0.059127
0.059501
0.059585
0.059400
0.059843
0.059379
0.059505
0.059155
0.059653
0.059157
0.059550
0.059170
0.059483
0.059577
0.059412
0.059767
0.059323
0.059707
0.059291
0.059582
0.059095
0.059536
0.059173
0.059417
0.059518
0.059347
0.059640
0.059149
0.059492
0.059220
0.059405
0.058982
0.059309
0.059109
0.059212
0.059469
0.059108
0.059561
0.059028
0.059447
0.059077
0.059390
0.059522
0.059297
0.059020
0.059245
0.059407
0.059180
0.059530
0.059070
0.059432
0.059099
0.059396
0.059559
0.059359
0.059138
0.059238
0.059545
0.059166
0.059645
0.059107
0.059516
0.059238
0.059480
0.059715
0.059326
0.059774
0.059359
0.059623
0.059282
0.059599
0.059166
0.059574
0.059367
0.059495
0.059827
0.059408
0.059845
0.059308
0.059655
0.059239
0.059589
0.059166
0.059488
0.059364
0.059467
0.059701
0.059254
0.059793
0.059183
0.059589
0.059368
0.059483
0.059003
0.059303
0.059167
0.059178
0.059554
0.059040
0.059448
0.058986
0.059314
0.058996
0.059128
0.058575
0.059018
0.058812
0.058837
0.059073
0.058600
0.058988
0.058472
0.058852
0.058614
0.058702
0.058973
0.058509
0.058455
0.058448
0.058791
0.058250
0.058608
0.058190
0.058471
0.058380
0.058318
0.058802
0.058231
0.058206
0.058144
0.058456
0.058020
0.058390
0.057918
0.058258
0.058183
0.058163
0.058566
0.058052
0.058070
0.057899
0.058334
0.057870
0.058244
0.057794
0.058110
0.058182
0.058125
0.058504
0.058049
0.058452
0.057994
0.058398
0.057937
0.058281
0.057886
0.058180
0.058303
0.058131
0.058594
0.058083
0.058552
0.058096
0.058493
0.058083
0.058468
0.058075
0.058482
0.058531
0.058507
0.058837
0.058510
0.058867
0.058488
0.058825
0.058900
0.058822
0.058483
0.058838
0.058944
0.058764
0.059231
0.058818
0.059131
0.058764
0.059147
0.059202
0.059089
0.058718
0.059010
0.059084
0.059002
0.059359
0.058907
0.059248
0.058862
0.059118
0.059308
0.059070
0.059506
0.058977
0.059117
0.058962
0.059259
0.058814
0.059305
0.058883
0.059204
0.059224
0.059104
0.059501
0.058990
0.059166
0.058878
0.059273
0.058808
0.059129
0.058827
0.059033
0.059203
0.058964
0.059394
0.058843
0.059240
0.058841
0.059154
0.058728
0.059078
0.058768
0.058925
0.059042
0.058839
0.059166
0.058691
0.059101
0.058638
0.059035
0.058500
0.058832
0.058583
0.058794
0.058991
0.058662
0.058970
0.058559
0.058887
0.058582
0.058764
0.058905
0.058753
0.058423
0.058554
0.058781
0.058446
0.058816
0.058268
0.058700
0.058347
0.058596
0.058773
0.058494
0.058316
0.058447
0.058649
0.058363
0.058666
0.058216
0.058576
0.058366
0.058471
0.058729
0.058416
0.058804
0.058360
0.058667
0.058239
0.058658
0.058232
0.058678
0.058505
0.058613
0.058875
0.058596
0.058965
0.058556
0.058952
0.058505
0.058884
0.058478
0.058866
0.058740
0.058833
0.059146
0.058792
0.059180
0.058764
0.059161
0.058764
0.059141
0.058707
0.059063
0.059028
0.059083
0.059470
0.059047
0.059482
0.058983
0.059432
0.059264
0.059352
0.058901
0.059328
0.059180
0.059195
0.059581
0.059141
0.059454
0.059035
0.059357
0.059184
0.059256
0.058792
0.059087
0.059094
0.058972
0.059360
0.058890
0.059251
0.058800
0.059213
0.059082
0.059051
0.059480
0.059016
0.059001
0.058912
0.059267
0.058886
0.059167
0.058791
0.059111
0.059116
0.058997
0.059310
0.058994
0.058996
0.058890
0.059347
0.058793
0.059222
0.058679
0.059156
0.059091
0.059086
0.059481
0.058921
0.059328
0.058923
0.059233
0.058882
0.059200
0.058766
0.059162
0.059089
0.059086
0.059423
0.058953
0.059343
0.058840
0.059263
0.058841
0.059199
0.058738
0.059132
0.059121
0.058989
0.059355
0.058927
0.059278
0.058821
0.059164
0.059176
0.059124
0.058774
0.059035
0.059125
0.058989
0.059340
0.058968
0.059274
0.058809
0.059237
0.059274
0.059202
0.058829
0.059137
0.059222
0.059034
0.059372
0.058943
0.059292
0.058944
0.059195
0.059307
0.059112
0.059531
0.059064
0.059202
0.058880
0.059305
0.058848
0.059217
0.058833
0.059057
0.059186
0.059030
0.059327
0.058836
0.059059
0.058773
0.059147
0.058683
0.059028
0.058688
0.058871
0.058974
0.058826
0.059162
0.058661
0.058980
0.058684
0.058869
0.058471
0.058806
0.058490
0.058731
0.058842
0.058588
0.058895
0.058524
0.058846
0.058496
0.058694
0.058325
0.058664
0.058433
0.058565
0.058808
0.058478
0.058818
0.058423
0.058648
0.058470
0.058574
0.058192
0.058506
0.058397
0.058415
0.058725
0.058367
0.058699
0.058318
0.058565
0.058462
0.058520
0.058798
0.058397
0.058366
0.058375
0.058729
0.058336
0.058706
0.058283
0.058708
0.058451
0.058560
0.058786
0.058467
0.058358
0.058366
0.058720
0.058268
0.058628
0.058187
0.058446
0.058338
0.058347
0.058708
0.058270
0.058616
0.058203
0.058461
0.058078
0.058403
0.057987
0.058333
0.058226
0.058246
0.058499
0.058156
0.058459
0.058038
0.058336
0.057940
0.058238
0.057869
0.058144
0.058152
0.058131
0.058522
0.057998
0.058437
0.058005
0.058404
0.058262
0.058361
0.057869
0.058261
0.058170
0.058207
0.058530
0.058100
0.058475
0.058056
0.058389
0.058301
0.058367
0.057929
0.058298
0.058291
0.058274
0.058591
0.058241
0.058525
0.058134
0.058451
0.058369
0.058415
0.058766
0.058350
0.058318
0.058280
0.058609
0.058158
0.058465
0.058147
0.058469
0.058433
0.058411
0.058750
0.058347
0.058419
0.058293
0.058634
0.058278
0.058607
0.058217
0.058483
0.058584
0.058446
0.058891
0.058421
0.058843
0.058377
0.058800
0.058325
0.058705
0.058265
0.058693
0.058647
0.058573
0.059014
0.058521
0.058921
0.058433
0.058882
0.058460
0.058745
0.058456
0.058730
0.058853
0.058653
0.059021
0.058598
0.058938
0.058483
0.058832
0.058840
0.058759
0.058440
0.058645
0.058711
0.058574
0.058950
0.058454
0.058901
0.058424
0.058753
0.058741
0.058678
0.058353
0.058575
0.058690
0.058484
0.058764
0.058400
0.058690
0.058393
0.058695
0.058768
0.058580
0.058310
0.058507
0.058653
0.058419
0.058709
0.058298
0.058683
0.058287
0.058554
0.058641
0.058357
0.058728
0.058320
0.058431
0.058145
0.058525
0.058111
0.058420
0.058224
0.058336
0.058543
0.058245
0.058681
0.058200
0.058475
0.058131
0.058559
0.058097
0.058471
0.058240
0.058401
0.058570
0.058402
0.058687
0.058284
0.058609
0.058316
0.058558
0.058069
0.058387
0.058216
0.058226
0.058528
0.058150
0.058607
0.058150
0.058530
0.058213
0.058479
0.058036
0.058388
0.058195
0.058352
0.058588
0.058260
0.058579
0.058162
0.058451
0.058314
0.058328
0.058743
0.058248
0.058147
0.058207
0.058499
0.058124
0.058465
0.058058
0.058389
0.058205
0.058318
0.058580
0.058162
0.058148
0.058149
0.058549
0.058079
0.058454
0.057999
0.058291
0.058158
0.058271
0.058619
0.058198
0.058556
0.058147
0.058471
0.058008
0.058446
0.057992
0.058374
0.058248
0.058305
0.058691
0.058320
0.058700
0.058244
0.058712
0.058223
0.058653
0.058153
0.058608
0.058491
0.058616
0.058859
0.058536
0.058875
0.058535
0.058795
0.058736
0.058703
0.058409
0.058612
0.058718
0.058571
0.059026
0.058508
0.058857
0.058400
0.058742
0.058672
0.058598
0.058169
0.058521
0.058444
0.058410
0.058645
0.058264
0.058552
0.058135
0.058510
0.058383
0.058351
0.058702
0.058163
0.058218
0.058106
0.058466
0.057946
0.058384
0.057769
0.058207
0.058135
0.058036
0.058385
0.057973
0.057961
0.057821
0.058069
0.057649
0.058000
0.057470
0.057823
0.057847
0.057769
0.058042
0.057586
0.057951
0.057466
0.057812
0.057339
0.057703
0.057298
0.057591
0.057607
0.057481
0.057851
0.057378
0.057793
0.057314
0.057629
0.057258
0.057504
0.057208
0.057432
0.057514
0.057346
0.057699
0.057212
0.057617
0.057118
0.057463
0.056955
0.057303
0.056954
0.057191
0.057264
0.057061
0.057342
0.056939
0.057204
0.056819
0.057127
0.057167
0.057095
0.056728
0.056915
0.057030
0.056860
0.057107
0.056632
0.057026
0.056712
0.056909
0.056982
0.056856
0.056584
0.056762
0.056919
0.056737
0.057020
0.056598
0.056978
0.056622
0.056884
0.057043
0.056834
0.057167
0.056796
0.056912
0.056681
0.057000
0.056605
0.056849
0.056720
0.056793
0.057036
0.056784
0.057136
0.056811
0.057021
0.056721
0.057119
0.056758
0.057106
0.056924
0.057091
0.057341
0.057071
0.057457
0.057077
0.057381
0.057206
0.057384
0.057064
0.057269
0.057262
0.057322
0.057575
0.057225
0.057744
0.057292
0.057650
0.057420
0.057685
0.057238
0.057628
0.057458
0.057556
0.057919
0.057564
0.057912
0.057489
0.057864
0.057654
0.057838
0.058081
0.057776
0.057647
0.057743
0.058085
0.057587
0.058019
0.057596
0.058017
0.057781
0.057947
0.058104
0.057864
0.057782
0.057803
0.058121
0.057718
0.058106
0.057663
0.058016
0.057851
0.057947
0.058249
0.057861
0.058226
0.057800
0.058182
0.057651
0.058098
0.057623
0.058115
0.057902
0.057976
0.058303
0.057917
0.058300
0.057885
0.058221
0.057802
0.058167
0.057751
0.058122
0.058049
0.058075
0.058413
0.058060
0.058380
0.057930
0.058346
0.058249
0.058284
0.057895
0.058295
0.058241
0.058199
0.058569
0.058236
0.058532
0.058140
0.058525
0.058488
0.058528
0.058178
0.058513
0.058513
0.058466
0.058892
0.058383
0.058846
0.058393
0.058769
0.058766
0.058748
0.058260
0.058702
0.058727
0.058631
0.058984
0.058609
0.058965
0.058625
0.058884
0.058961
0.058841
0.059182
0.058765
0.058848
0.058736
0.059119
0.058669
0.059012
0.058531
0.058915
0.058974
0.058838
0.059157
0.058753
0.058840
0.058670
0.059086
0.058630
0.059027
0.058576
0.058919
0.058986
0.058812
0.059180
0.058764
0.059137
0.058701
0.059071
0.058615
0.058971
0.058647
0.058849
0.058982
0.058815
0.059124
0.058667
0.059037
0.058582
0.058893
0.058479
0.058775
0.058473
0.058600
0.058673
0.058523
0.058722
0.058365
0.058634
0.058288
0.058427
0.058541
0.058345
0.058008
0.058149
0.058300
0.058107
0.058354
0.057932
0.058244
0.057877
0.058095
0.058180
0.058039
0.057747
0.057884
0.058083
0.057788
0.058079
0.057627
0.057952
0.057703
0.057905
0.058035
0.057771
0.058156
0.057698
0.057902
0.057604
0.057933
0.057470
0.057901
0.057538
0.057730
0.057865
0.057695
0.057922
0.057564
0.057757
0.057523
0.057817
0.057390
0.057667
0.057567
0.057655
0.057846
0.057591
0.057906
0.057534
0.057912
0.057568
0.057819
0.057428
0.057776
0.057566
0.057712
0.057982
0.057703
0.058037
0.057639
0.057915
0.057820
0.057896
0.057562
0.057931
0.057808
0.057879
0.058192
0.057931
0.058203
0.057782
0.058181
0.057965
0.058119
0.058360
0.058034
0.057922
0.057987
0.058253
0.057928
0.058273
0.057926
0.058204
0.058112
0.058125
0.058479
0.058138
0.058100
0.058107
0.058451
0.058082
0.058397
0.057969
0.058375
0.058198
0.058295
0.058627
0.058225
0.058190
0.058194
0.058487
0.058155
0.058467
0.058097
0.058387
0.058339
0.058327
0.058754
0.058246
0.058679
0.058221
0.058541
0.058115
0.058546
0.058074
0.058447
0.058388
0.058362
0.058682
0.058369
0.058655
0.058343
0.058643
0.058270
0.058578
0.058206
0.058603
0.058538
0.058541
0.058889
0.058503
0.058801
0.058401
0.058776
0.058679
0.058678
0.058291
0.058609
0.058573
0.058539
0.058875
0.058451
0.058838
0.058351
0.058745
0.058763
0.058691
0.058310
0.058623
0.058639
0.058583
0.058881
0.058470
0.058798
0.058333
0.058745
0.058730
0.058710
0.058940
0.058603
0.058683
0.058602
0.058856
0.058536
0.058814
0.058551
0.058792
0.058857
0.058735
0.059081
0.058658
0.058811
0.058512
0.058962
0.058491
0.058861
0.058559
0.058762
0.058848
0.058672
0.059054
0.058595
0.058989
0.058557
0.058911
0.058489
0.058883
0.058464
0.058794
0.058867
0.058689
0.059004
0.058658
0.058894
0.058619
0.058850
0.058467
0.058703
0.058540
0.058641
0.058846
5.370719
5.370009
5.365681
5.361978
5.363137
5.362077
5.360551
5.358825
5.356648
5.353948
5.350603
5.346715
5.342386
5.337397
5.331874
5.326112
5.319911
5.313278
5.306543
5.299366
5.291916
5.284176
5.276264
5.268343
5.260266
5.251699
5.243028
5.234429
5.225663
5.216385
5.207085
5.197650
5.188008
5.178253
5.168339
5.158355
5.148093
5.138058
5.127929
5.117506
5.107036
5.096525
5.085855
5.075166
5.064545
5.053947
5.043280
5.032513
5.021715
5.011002
5.000189
4.989661
4.979223
4.968229
4.957602
4.947551
4.938110
4.928073
4.917742
4.907803
4.897979
4.887840
4.877804
4.867676
4.857526
4.846951
4.836358
4.825621
4.814852
4.803617
4.792176
4.780776
4.769231
4.757541
4.745927
4.734317
4.722482
4.710874
4.699147
4.687638
4.676606
4.665347
4.653761
4.642660
4.631846
4.620754
4.609655
4.598722
4.588174
4.577723
4.566878
4.556096
4.545845
4.535479
4.524684
4.514272
4.503939
4.493276
4.482362
4.471721
4.461350
4.450779
4.440090
4.429571
4.419225
4.408505
4.397773
4.387421
4.377155
4.366623
4.356088
4.345937
4.335915
4.325438
4.315026
4.304960
4.295079
4.284679
4.274485
4.264844
4.254862
4.244749
4.234944
4.225496
4.215498
4.205294
4.195597
4.186201
4.176323
4.166282
4.157051
4.147680
4.137810
4.128158
4.119840
4.110580
4.100978
4.092272
4.084496
4.076703
4.068667
4.060825
4.053331
4.045385
4.036391
4.027701
4.019726
4.011392
4.002659
3.994350
3.986141
3.977502
3.968601
3.959989
3.951095
3.941918
3.932924
3.924010
3.914821
3.905436
3.896083
3.886724
3.877190
3.867580
3.858130
3.848319
3.838286
3.828706
3.819339
3.809364
3.799483
3.789982
3.780573
3.770766
3.761019
3.751294
3.741352
3.731055
3.720997
3.711093
3.701105
3.690716
3.680626
3.670792
3.660648
3.650332
3.640374
3.630991
3.621060
3.611772
3.602226
3.592873
3.583565
3.574065
3.564707
3.554566
3.545608
3.536617
3.527269
3.518152
3.508936
3.499728
3.490551
3.481538
3.472647
3.463402
3.454597
3.445610
3.437141
3.428320
3.419804
3.411817
3.402906
3.394179
3.386142
3.378408
3.370762
3.362656
3.354763
3.347012
3.339475
3.332027
3.324796
3.316927
3.308997
3.301615
3.294396
3.286536
3.278779
3.271431
3.263991
3.256599
3.248934
3.241066
3.233180
3.225560
3.218114
3.210335
3.201959
3.193660
3.185833
3.178281
3.170469
3.162863
3.155512
3.147887
3.139900
3.132323
3.124928
3.117145
3.109346
3.101539
3.094056
3.086629
3.078860
3.071258
3.063613
3.056011
3.048240
3.040811
3.033597
3.026069
3.018944
3.012367
3.005306
2.998098
2.991330
2.984571
2.977505
2.970295
2.963571
2.956351
2.948973
2.941726
2.934778
2.927724
2.920298
2.913162
2.906385
2.899387
2.892170
2.884929
2.878140
2.871315
2.864073
2.856992
2.849739
2.842719
2.835259
2.827894
2.820627
2.813456
2.806536
2.799627
2.793061
2.786300
2.779648
2.773112
2.766558
2.759889
2.753919
2.746826
2.740227
2.733075
2.726376
2.718915
2.710913
2.702037
2.693210
2.684690
2.676282
2.667932
2.659310
2.650282
2.641389
2.633514
2.625560
2.617114
2.609335
2.601695
2.593535
2.585423
2.578101
2.570186
2.561694
2.553864
2.546019
2.537649
2.529394
2.521150
2.512886
2.504797
2.496413
2.488308
2.480388
2.472299
2.463831
2.455033
2.446418
2.437762
2.429327
2.421220
2.412750
2.404511
2.396409
2.388445
2.380324
2.372274
2.364206
2.355836
2.347375
2.339062
2.330925
2.323020
2.314892
2.307171
2.299179
2.291400
2.283825
2.276639
2.269448
2.262323
2.255934
2.249750
2.243541
2.237437
2.231460
2.225130
2.218777
2.213209
2.208271
2.203036
2.198149
2.193601
2.189308
2.184902
2.180820
2.176660
2.172602
2.168270
2.163985
2.159432
2.153558
2.147385
2.140143
2.133539
2.127357
2.121315
2.114742
2.107965
2.101496
2.095253
2.089127
2.083157
2.077270
2.071199
2.065100
2.059016
2.052974
2.046833
2.041116
2.035247
2.029253
2.023411
2.017820
2.012359
2.006324
1.999808
1.993241
1.986614
1.980094
1.973118
1.965663
1.958180
1.950766
1.943268
1.935657
1.927871
1.919847
1.911536
1.903207
1.894879
1.886361
1.877848
1.869174
1.860284
1.851751
1.843488
1.835220
1.827102
1.819172
1.811539
1.803915
1.796079
1.788533
1.781397
1.774035
1.766702
1.759722
1.753156
1.746931
1.740241
1.734398
1.728394
1.722435
1.716348
1.710615
1.704649
1.698610
1.692833
1.687252
1.681472
1.675522
1.670046
1.664401
1.658852
1.652791
1.647102
1.642026
1.636740
1.631453
1.626124
1.620998
1.616286
1.611845
1.606352
1.601978
1.595982
1.589600
1.582270
1.574398
1.567947
1.560149
1.552312
1.544092
1.535789
1.527210
1.518385
1.509267
1.500184
1.491195
1.482121
1.472862
1.463661
1.454211
1.444705
1.435219
1.425520
1.415929
1.406195
1.396398
1.386606
1.376735
1.366863
1.356979
1.346906
1.336920
1.326984
1.316836
1.306672
1.296757
1.286541
1.276508
1.266368
1.256081
1.245962
1.235647
1.225340
1.215065
1.204938
1.194860
1.184857
1.174692
1.164809
1.155374
1.146234
1.136625
1.127459
1.118851
1.110196
1.101558
1.092636
1.084453
1.076555
1.068539
1.060548
1.052822
1.045843
1.037991
1.030063
1.022816
1.014816
1.006727
0.998481
0.990249
0.982124
0.974119
0.966248
0.958352
0.950363
0.942462
0.934634
0.926825
0.919087
0.911120
0.903055
0.895197
0.887119
0.878993
0.870674
0.862251
0.853576
0.845058
0.836342
0.827630
0.818694
0.809630
0.800381
0.790994
0.781419
0.771741
0.762008
0.752164
0.742547
0.732930
0.723419
0.714010
0.704783
0.695659
0.686735
0.677920
0.669367
0.661024
0.652829
0.644929
0.637132
0.629700
0.622369
0.615370
0.608621
0.601889
0.595458
0.589176
0.582725
0.577698
0.572304
0.565914
0.559673
0.553517
0.547183
0.540720
0.534241
0.527801
0.521468
0.515418
0.509698
0.504038
0.498377
0.492793
0.487460
0.481979
0.476360
0.470738
0.464889
0.458824
0.452697
0.446711
0.440324
0.433699
0.427061
0.420496
0.414047
0.407611
0.401136
0.394855
0.388420
0.381898
0.375288
0.368665
0.362068
0.355200
0.348259
0.341390
0.334357
0.327370
0.320428
0.313699
0.306861
0.300187
0.293601
0.287006
0.280278
0.273522
0.266845
0.260247
0.253483
0.246982
0.240398
0.233898
0.227521
0.221277
0.215002
0.208692
0.202719
0.196747
0.190842
0.185106
0.179416
0.173766
0.168210
0.162872
0.157631
0.152467
0.147459
0.142575
0.137713
0.133072
0.128535
0.124059
0.119794
0.115609
0.111578
0.107628
0.103859
0.100127
0.096493
0.093053
0.089743
0.086436
0.083305
0.080208
0.077297
0.074457
0.071755
0.069163
0.066651
0.064308
0.062036
0.059761
0.057610
0.055598
0.053663
0.051816
0.050033
0.048551
0.047350
0.046330
0.045328
0.044277
0.043509
0.043080
0.042996
0.043111
0.043624
0.044336
0.045231
0.046038
0.047030
0.047979
0.048907
0.049637
0.050355
0.050867
0.051367
0.051842
0.052427
0.052820
0.052978
0.052670
0.052060
0.051291
0.050414
0.049940
0.049915
0.050058
0.050322
0.050731
0.051153
0.051606
0.052009
0.052450
0.052839
0.053308
0.053592
0.054071
0.054517
0.054942
0.055424
0.055693
0.056008
0.056252
0.056466
0.056748
0.057020
0.057493
0.057954
0.058553
0.059259
0.059879
0.060435
0.060940
0.061390
0.061770
0.062138
0.062455
0.062818
0.063120
0.063504
0.063881
0.064385
0.064786
0.065301
0.065762
0.066249
0.066753
0.067461
0.067946
0.068507
0.069062
0.069543
0.070038
0.070505
0.070876
0.071324
0.071576
0.072046
0.072459
0.072887
0.073358
0.073687
0.074049
0.074335
0.074443
0.074380
0.074138
0.073906
0.073659
0.073303
0.072818
0.072190
0.071567
0.071163
0.070674
0.070213
0.069801
0.069512
0.069134
0.068872
0.068654
0.068519
0.068469
0.068510
0.068568
0.068658
0.068655
0.068581
0.068561
0.068423
0.068128
0.068011
0.067845
0.067614
0.067578
0.067517
0.067428
0.067309
0.067389
0.067600
0.067975
0.068343
0.068769
0.069003
0.069079
0.069105
0.069586
0.070339
0.070922
0.071833
0.072881
0.073871
0.074858
0.075726
0.076517
0.077328
0.078383
0.079387
0.080465
0.081400
0.082379
0.083352
0.084168
0.084865
0.085598
0.086367
0.087139
0.087986
0.088675
0.089259
0.089814
0.090279
0.090637
0.091119
0.091364
0.091788
0.092261
0.092830
0.093359
0.093979
0.094389
0.094698
0.095116
0.095314
0.095450
0.095579
0.095689
0.095642
0.095617
0.095609
0.095420
0.095154
0.094831
0.094388
0.093674
0.092859
0.091809
0.090970
0.089973
0.088851
0.087823
0.086851
0.085957
0.085438
0.084976
0.084241
0.083392
0.082588
0.081661
0.080760
0.079889
0.078984
0.078116
0.077231
0.076520
0.075920
0.075405
0.075192
0.074942
0.074697
0.074556
0.074641
0.074879
0.075330
0.075850
0.076720
0.077539
0.078386
0.079149
0.080054
0.080957
0.082040
0.083014
0.083807
0.084461
0.084992
0.085422
0.085624
0.085783
0.085892
0.085853
0.085738
0.085562
0.085305
0.084969
0.084813
0.084677
0.084432
0.084054
0.083597
0.082903
0.082083
0.081093
0.080129
0.078998
0.077920
0.076893
0.075920
0.075124
0.074385
0.073555
0.072903
0.072429
0.071997
0.071730
0.071646
0.071825
0.072196
0.072556
0.073001
0.073572
0.074160
0.074886
0.075637
0.076406
0.077013
0.077649
0.078259
0.078844
0.079468
0.079986
0.080481
0.080897
0.081336
0.081730
0.082138
0.082463
0.082896
0.083244
0.083616
0.083810
0.084041
0.084153
0.084320
0.084383
0.084421
0.084343
0.084274
0.084254
0.084597
0.085312
0.085964
0.087157
0.088596
0.089956
0.091388
0.093070
0.094981
0.097082
0.099175
0.101284
0.103242
0.105201
0.106816
0.108450
0.109914
0.111351
0.112725
0.114127
0.115503
0.116762
0.117850
0.118680
0.119429
0.120223
0.120943
0.121450
0.121844
0.122210
0.122561
0.122730
0.122864
0.122702
0.122205
0.121339
0.120446
0.119285
0.118142
0.116971
0.115385
0.113941
0.112623
0.111398
0.110357
0.109429
0.108536
0.107857
0.107110
0.106454
0.105474
0.104635
0.103629
0.102628
0.101581
0.100258
0.098862
0.097480
0.096150
0.095005
0.093917
0.093009
0.092003
0.091128
0.090166
0.089330
0.088449
0.087425
0.086228
0.084996
0.083611
0.082112
0.080459
0.078758
0.076993
0.075121
0.073366
0.071573
0.069788
0.068045
0.066515
0.065056
0.063744
0.062492
0.061348
0.060241
0.059175
0.058300
0.057460
0.056577
0.055775
0.055015
0.054272
0.053541
0.052889
0.052268
0.051592
0.050891
0.050211
0.049442
0.048773
0.048129
0.047443
0.046811
0.046212
0.045585
0.045017
0.044408
0.043829
0.043380
0.043008
0.042632
0.042277
0.041941
0.041641
0.041299
0.041142
0.041261
0.041271
0.041335
0.041633
0.041801
0.042134
0.042556
0.043165
0.043721
0.044171
0.044702
0.045154
0.045608
0.046227
0.046646
0.047022
0.047232
0.047421
0.047514
0.047541
0.047510
0.047534
0.047481
0.047534
0.047565
0.047728
0.048065
0.048319
0.048647
0.049015
0.049411
0.049817
0.050057
0.050228
0.050444
0.050597
0.050870
0.051013
0.051143
0.051051
0.050793
0.050264
0.049618
0.049245
0.048986
0.048837
0.048820
0.048969
0.049142
0.049405
0.049678
0.049963
0.050033
0.050258
0.050574
0.050927
0.051416
0.051859
0.052416
0.052731
0.053085
0.053622
0.054286
0.054958
0.055497
0.055978
0.056410
0.056780
0.057194
0.057484
0.057724
0.058006
0.058389
0.058624
0.058765
0.059027
0.059355
0.059563
0.059848
0.060093
0.060272
0.060311
0.060099
0.060051
0.060006
0.059796
0.059593
0.059545
0.059298
0.059089
0.058953
0.058580
0.058542
0.058472
0.058444
0.058329
0.058294
0.058061
0.057582
0.056957
0.056349
0.055762
0.055418
0.055233
0.054994
0.054877
0.054882
0.054898
0.054975
0.055252
0.055548
0.055821
0.056065
0.056498
0.056913
0.057428
