0.924807
0.924807
0.924807
0.924807
0.924807
0.924807
0.924807
0.924807
0.924814
0.924809
0.924796
0.924663
0.924456
0.924159
0.923805
0.923396
0.922933
0.922593
0.921973
0.921550
0.920974
0.920257
0.919652
0.919287
0.918412
0.917558
0.916813
0.915711
0.914264
0.912498
0.910620
0.908326
0.906150
0.904291
0.902159
0.900428
0.898866
0.897175
0.895345
0.893628
0.891798
0.889736
0.888006
0.885775
0.883983
0.881925
0.880073
0.878213
0.876232
0.874381
0.872450
0.870536
0.868574
0.866776
0.864690
0.862962
0.861119
0.859183
0.857402
0.855535
0.853778
0.851624
0.849984
0.848048
0.846155
0.844321
0.842443
0.840607
0.838804
0.837007
0.834986
0.833235
0.831460
0.829427
0.827560
0.825783
0.824109
0.822116
0.820248
0.818108
0.816052
0.813719
0.811237
0.808837
0.806585
0.804341
0.802138
0.800345
0.798450
0.796538
0.794684
0.792509
0.790358
0.788252
0.786199
0.784132
0.782118
0.779989
0.777897
0.776086
0.774119
0.772020
0.770061
0.768034
0.766049
0.764352
0.762448
0.760534
0.758650
0.756858
0.755251
0.753400
0.751550
0.749815
0.748138
0.746503
0.744861
0.743179
0.741478
0.739905
0.738350
0.736948
0.735089
0.733698
0.732351
0.731121
0.729974
0.728964
0.728054
0.727369
0.726665
0.725964
0.725137
0.724287
0.723509
0.722716
0.722117
0.721221
0.720545
0.719724
0.718627
0.717779
0.716712
0.715698
0.714430
0.713237
0.712016
0.710480
0.709017
0.706912
0.705017
0.702857
0.701218
0.699230
0.697502
0.695437
0.693176
0.690690
0.688067
0.685486
0.683105
0.680668
0.678793
0.676556
0.674441
0.672201
0.669959
0.667712
0.665507
0.663111
0.661056
0.658812
0.656490
0.654294
0.652094
0.649918
0.647633
0.645455
0.643216
0.641002
0.638861
0.636636
0.634373
0.632306
0.629934
0.627817
0.625794
0.623719
0.621375
0.619348
0.617234
0.615126
0.612992
0.610825
0.608570
0.606600
0.604508
0.602346
0.600153
0.598286
0.596064
0.594112
0.592087
0.589963
0.587801
0.585904
0.583745
0.581758
0.579706
0.577721
0.575843
0.573830
0.571751
0.569853
0.567902
0.566039
0.564067
0.561976
0.560395
0.558342
0.556444
0.554738
0.552825
0.550939
0.549128
0.547512
0.545558
0.543722
0.541989
0.540189
0.538713
0.536787
0.535196
0.533439
0.531728
0.530142
0.528393
0.526765
0.525041
0.523594
0.522091
0.520353
0.518904
0.517226
0.515642
0.514230
0.512642
0.511223
0.509752
0.508127
0.506772
0.505329
0.503905
0.502501
0.501042
0.499563
0.498309
0.496860
0.495701
0.494357
0.492954
0.491593
0.490504
0.489148
0.487812
0.486553
0.485241
0.484145
0.482977
0.481603
0.480622
0.478835
0.477508
0.476350
0.475248
0.474021
0.472825
0.471766
0.470669
0.469502
0.468531
0.467481
0.466327
0.465297
0.464224
0.463381
0.462442
0.461179
0.460403
0.459453
0.458592
0.457673
0.456721
0.455661
0.454986
0.454137
0.453194
0.452221
0.451642
0.450713
0.449855
0.449153
0.448360
0.447594
0.446778
0.445995
0.445161
0.444582
0.443907
0.443188
0.442312
0.441593
0.441069
0.440355
0.439833
0.439183
0.438669
0.438042
0.437455
0.436961
0.436496
0.435768
0.435256
0.434710
0.434196
0.433594
0.433283
0.432654
0.432292
0.431694
0.431120
0.430475
0.430192
0.429681
0.429201
0.428692
0.428264
0.427762
0.427283
0.426791
0.426387
0.425943
0.425538
0.425074
0.424577
0.424172
0.423769
0.423406
0.423157
0.422599
0.422312
0.421848
0.421569
0.421085
0.420684
0.420380
0.419991
0.419589
0.419163
0.418888
0.418557
0.418362
0.417257
0.416856
0.416339
0.415816
0.415382
0.415218
0.414633
0.414394
0.414061
0.413631
0.413375
0.412977
0.412685
0.412444
0.412147
0.411909
0.411671
0.411269
0.410917
0.410740
0.410510
0.410289
0.410014
0.409863
0.409484
0.409357
0.409148
0.408842
0.408666
0.408398
0.408136
0.407774
0.407820
0.407575
0.407362
0.407127
0.406941
0.406806
0.556735
0.556497
0.556389
0.556150
0.555908
0.555943
0.555899
0.555831
0.555801
0.555623
0.555506
0.555363
0.555212
0.555127
0.555060
0.554890
0.554834
0.554730
0.554589
0.554404
0.272732
0.272609
0.272586
0.272255
0.272286
0.272123
0.272021
0.271657
0.271118
0.270623
0.270048
0.269265
0.268592
0.267722
0.267151
0.266668
0.266027
0.265357
0.264793
0.264209
0.263548
0.262942
0.262270
0.261532
0.260890
0.260209
0.259644
0.259020
0.258312
0.257586
0.257001
0.256332
0.255791
0.254422
0.253702
0.252769
0.252114
0.251354
0.250818
0.250123
0.249383
0.248834
0.248011
0.247397
0.246862
0.246212
0.245553
0.244980
0.244412
0.243841
0.243128
0.242454
0.241852
0.241362
0.240832
0.240212
0.239668
0.238982
0.238452
0.237926
0.237380
0.236892
0.236460
0.235983
0.235460
0.234627
0.234041
0.233202
0.232174
0.231421
0.230820
0.230280
0.229848
0.229376
0.228702
0.227792
0.227125
0.226104
0.225174
0.224150
0.223322
0.222380
0.221729
0.220898
0.220118
0.219235
0.218391
0.217509
0.216578
0.215734
0.214680
0.213886
0.212997
0.212066
0.211130
0.210399
0.209457
0.208422
0.207613
0.206559
0.205745
0.204885
0.203922
0.202989
0.202023
0.200683
0.199457
0.197949
0.196580
0.195491
0.194150
0.192742
0.191490
0.190259
0.188932
0.187804
0.186309
0.185013
0.183700
0.182452
0.180996
0.179812
0.178449
0.177246
0.175261
0.173942
0.172382
0.171124
0.169672
0.168488
0.167086
0.165819
0.164412
0.163193
0.161936
0.160686
0.159565
0.158302
0.157051
0.155740
0.154590
0.153355
0.152164
0.151026
0.149809
0.148501
0.147453
0.146292
0.145033
0.144001
0.142718
0.141590
0.140470
0.139315
0.138227
0.136992
0.135870
0.134820
0.133650
0.132505
0.131466
0.130254
0.129166
0.128057
0.126951
0.125883
0.124810
0.123691
0.122639
0.121672
0.120788
0.119804
0.118753
0.117668
0.116738
0.115740
0.114636
0.113733
0.112737
0.111704
0.110767
0.109649
0.108539
0.107674
0.106678
0.105508
0.104681
0.103565
0.102639
0.101620
0.100520
0.099649
0.098589
0.097630
0.096639
0.095630
0.094550
0.093642
0.092626
0.091730
0.090687
0.089909
0.088906
0.088040
0.087085
0.086140
0.085186
0.084240
0.083317
0.082384
0.081472
0.080632
0.079723
0.078827
0.077333
0.076263
0.075220
0.074215
0.073326
0.072586
0.071580
0.070759
0.069786
0.068936
0.068169
0.067306
0.066616
0.065806
0.065003
0.064284
0.063585
0.062778
0.062065
0.061325
0.060603
0.059893
0.059209
0.058567
0.057913
0.057228
0.056633
0.055940
0.055377
0.054638
0.054096
0.053471
0.052872
0.052346
0.051714
0.051189
0.050601
0.050021
0.049396
0.048909
0.048369
0.047860
0.047319
0.046832
0.046345
0.045928
0.045515
0.045254
0.044785
0.044396
0.043980
0.043559
0.043192
0.042812
0.042451
0.042132
0.041665
0.041396
0.040966
0.040546
0.040281
0.039749
0.039432
0.039223
0.038810
0.038447
0.037981
0.037704
0.037458
0.037046
0.036730
0.036352
0.036036
0.035665
0.035276
0.034960
0.034644
0.034256
0.034016
0.033766
0.033458
0.033180
0.032930
0.032561
0.032205
0.032084
0.031714
0.031307
0.031096
0.030819
0.029885
0.029450
0.029038
0.028630
0.028346
0.028070
0.027778
0.027479
0.027177
0.026863
0.026621
0.026373
0.026064
0.025857
0.025648
0.025456
0.025155
0.024881
0.024703
0.024587
0.024345
0.024129
0.023934
0.023746
0.023500
0.023334
0.023136
0.022979
0.022772
0.022652
0.022417
0.022251
0.022045
0.021950
0.021781
0.021642
0.021427
0.021226
0.021076
0.020956
0.020855
0.020650
0.020513
0.020355
0.020200
0.020050
0.020088
0.020055
0.019962
0.020050
0.019896
0.019797
0.019777
0.019795
0.019782
0.019639
0.019545
0.019501
0.019460
0.019313
0.019196
0.019309
0.019111
0.018967
0.019028
0.018877
0.018778
0.018689
0.018582
0.018644
0.018545
0.018362
0.018308
0.018246
0.018112
0.018007
0.017914
0.017860
0.017837
0.017837
0.017722
0.017647
0.017508
0.017453
0.017352
0.017352
0.017129
0.017129
0.017070
0.017016
0.016957
0.016197
0.015948
0.015748
0.015654
0.015468
0.015378
0.015238
0.015135
0.015024
0.014919
0.014862
0.014770
0.014670
0.014614
0.014549
0.014516
0.014371
0.014371
0.014350
0.014295
0.014206
0.014152
0.014126
0.014083
0.014030
0.013977
0.013942
0.013889
0.013889
0.013889
0.013725
0.013725
0.013692
0.013699
0.013648
0.013596
0.013596
0.013511
0.013511
0.013480
0.013405
0.013356
0.013356
0.013356
0.013356
0.013309
0.013379
0.013416
0.013573
0.013615
0.013708
0.013688
0.013736
0.013793
0.013898
0.013864
0.013946
0.013903
0.014014
0.013964
0.013964
0.014077
0.014035
0.014035
0.014150
0.014150
0.014118
0.014027
0.014027
0.014144
0.014144
0.014144
0.014144
0.014106
0.014106
0.014059
0.014059
0.014059
0.014140
0.014108
0.014108
0.014108
0.014108
0.014108
0.014108
0.014074
0.014074
0.014074
0.014074
0.014074
0.013390
0.013285
0.013052
0.012958
0.012870
0.012870
0.012788
0.012713
0.012713
0.012647
0.012591
0.012591
0.012545
0.012545
0.012545
0.012512
0.012512
0.012512
0.012491
0.012491
0.012491
0.012491
0.012491
0.012491
0.012484
0.012484
0.012484
0.012484
0.012484
0.012484
0.012484
0.012484
0.012484
0.012491
0.012491
0.012491
0.012491
0.012491
0.012491
0.012491
0.012491
0.012491
0.012491
0.012491
0.012491
0.012491
0.012491
0.012647
0.012713
0.012870
0.012958
0.013052
0.013052
0.013150
0.013252
0.013358
0.013358
0.013467
0.013467
0.013578
0.013578
0.013578
0.013691
0.013691
0.013691
0.013806
0.013806
0.013806
0.013806
0.013806
0.013923
0.013923
0.013923
0.013923
0.013923
0.013923
0.013923
0.013923
0.013923
0.014041
0.014041
0.014041
0.014041
0.014041
0.014041
0.014041
0.014041
0.014041
0.014041
0.014041
0.014041
0.013358
0.013252
0.013052
0.012958
0.012870
0.012870
0.012788
0.012713
0.012713
0.012647
0.012591
0.012591
0.012545
0.012545
0.012545
0.012512
0.012512
0.012512
0.012491
0.012491
0.012491
0.012491
0.012491
0.012484
0.012484
0.012484
0.012484
0.012484
0.012484
0.012484
0.012484
0.012484
0.012484
0.012491
0.012491
0.012491
0.012491
0.012491
0.012491
0.012491
0.012491
0.012491
0.012491
0.012491
0.012491
0.012491
0.012491
0.012647
0.012713
0.012870
0.012958
0.013052
0.013052
0.013150
0.013252
0.013358
0.013358
0.013467
0.013467
0.013578
0.013578
0.013578
0.013691
0.013691
0.013691
0.013806
0.013806
0.013806
0.013806
0.013806
0.013923
0.013923
0.013923
0.013923
0.013923
0.013923
0.013923
0.013923
0.013923
0.014041
0.014041
0.014041
0.014041
0.014041
0.014041
0.014041
0.014041
0.014041
0.014041
0.014041
0.014041
0.013358
0.013252
0.013052
0.012958
0.012870
0.012870
0.012788
0.012713
0.012713
0.012647
0.012591
0.012591
0.012545
0.012545
0.012545
0.012512
0.012512
0.012512
0.012491
0.012491
0.012491
0.012491
0.012491
0.012484
0.012484
0.012484
0.012484
0.012484
0.012484
0.012484
0.012484
0.012484
0.012484
0.012491
0.012491
0.012491
0.012491
0.012491
0.012491
0.012491
0.012491
0.012491
0.012491
0.012491
0.012491
0.012491
0.012491
0.012647
0.012713
0.012870
0.012958
0.013052
0.013052
0.013150
0.013252
0.013358
0.013358
0.013467
0.013467
0.013578
0.013578
0.013578
0.013691
0.013691
0.013691
0.013806
0.013806
0.013806
0.013806
0.013806
0.013923
0.013923
0.013923
0.013923
0.013923
0.013923
0.013923
0.013923
0.013923
0.014041
0.014041
0.014041
0.014041
0.014041
0.014041
0.014041
0.014041
0.014041
0.014041
0.014041
0.014041
0.013358
0.013252
0.013052
0.012958
0.012870
0.012870
0.012788
0.012713
0.012713
0.012692
0.012636
0.012636
0.012590
0.012590
0.012590
0.012557
0.012557
0.012557
0.012536
0.012536
0.012536
0.012536
