0.342032
0.342032
0.342032
0.342032
0.342032
0.342032
0.342032
0.342032
0.342032
0.341995
0.341958
0.341931
0.341826
0.341719
0.341613
0.341493
0.341445
0.341359
0.341337
0.341233
0.341195
0.341048
0.340766
0.340499
0.340245
0.339874
0.339520
0.339233
0.339159
0.338829
0.338639
0.338500
0.338254
0.337990
0.337826
0.337716
0.337659
0.337528
0.337344
0.337064
0.336943
0.336587
0.336330
0.336162
0.335970
0.335837
0.335630
0.335780
0.335458
0.335255
0.334830
0.334523
0.334284
0.334132
0.334039
0.333699
0.333644
0.333249
0.332963
0.332745
0.332234
0.332010
0.331592
0.331490
0.331115
0.330844
0.330489
0.330121
0.329650
0.329417
0.329006
0.328599
0.328284
0.327885
0.327625
0.327228
0.326815
0.326282
0.325682
0.325323
0.324885
0.324469
0.324002
0.323651
0.323175
0.322645
0.322029
0.321481
0.320960
0.320374
0.319862
0.319355
0.318823
0.318222
0.317603
0.316912
0.316291
0.315624
0.315047
0.314590
0.313975
0.313365
0.312648
0.312125
0.311236
0.310500
0.309701
0.309076
0.308349
0.307604
0.306933
0.306134
0.305257
0.304401
0.303578
0.302615
0.301633
0.301020
0.300123
0.299288
0.298352
0.297457
0.296353
0.295325
0.294328
0.293200
0.292140
0.291154
0.290152
0.289018
0.288042
0.286900
0.285669
0.284523
0.283430
0.282122
0.281054
0.279836
0.278767
0.277610
0.276430
0.275321
0.274308
0.273137
0.272096
0.271052
0.270060
0.268899
0.267992
0.266858
0.265936
0.265005
0.263915
0.263037
0.261999
0.261077
0.260184
0.259267
0.258392
0.257395
0.256566
0.255753
0.254887
0.253943
0.253054
0.252254
0.251505
0.250492
0.249748
0.248922
0.248117
0.247358
0.246498
0.245813
0.245055
0.244301
0.243492
0.242774
0.241998
0.241256
0.240596
0.239859
0.239178
0.238418
0.237777
0.237090
0.236347
0.235532
0.235067
0.234366
0.233620
0.233048
0.232368
0.231900
0.231310
0.230684
0.229947
0.229483
0.228815
0.228110
0.227721
0.227132
0.226482
0.225900
0.225311
0.224893
0.224278
0.223685
0.223157
0.222621
0.222082
0.221448
0.220974
0.220449
0.219931
0.219360
0.218924
0.218409
0.217821
0.217409
0.216806
0.216334
0.215871
0.215441
0.214868
0.214405
0.213912
0.213462
0.212984
0.212574
0.212098
0.211539
0.211182
0.210717
0.210164
0.209770
0.209294
0.208821
0.208397
0.207945
0.207542
0.207237
0.206784
0.206439
0.205864
0.205646
0.205306
0.204834
0.204552
0.204120
0.203745
0.203461
0.203055
0.202803
0.202428
0.202116
0.201824
0.201404
0.201103
0.200853
0.200597
0.200270
0.199955
0.199625
0.199408
0.199218
0.198900
0.198631
0.198316
0.198091
0.197914
0.197637
0.197346
0.197115
0.196881
0.196630
0.196436
0.196141
0.195987
0.195780
0.195566
0.195390
0.195132
0.194841
0.194742
0.194558
0.194466
0.194236
0.194079
0.193965
0.193743
0.193645
0.193448
0.193250
0.193086
0.192975
0.192895
0.192613
0.192491
0.192311
0.192173
0.192099
0.191888
0.191806
0.191617
0.191478
0.191417
0.191241
0.191040
0.190991
0.190853
0.190754
0.190627
0.190505
0.190364
0.190232
0.190104
0.190083
0.189972
0.189777
0.189707
0.189608
0.189547
0.189444
0.189342
0.189184
0.189114
0.188889
0.188768
0.188686
0.293795
0.293727
0.293617
0.293519
0.293427
0.293338
0.293211
0.293128
0.293060
0.292967
0.292907
0.292829
0.292769
0.292651
0.292613
0.292552
0.292503
0.292388
0.292350
0.292289
0.292264
0.292180
0.292074
0.292013
0.291989
0.291951
0.291890
0.291863
0.291778
0.291735
0.291712
0.291651
0.291636
0.291587
0.291550
0.291489
0.291466
0.291428
0.291405
0.291344
0.291344
0.291276
0.291217
0.291217
0.291156
0.291156
0.291096
0.291073
0.291036
0.291036
0.291064
0.291108
0.291093
0.291083
0.291056
0.291056
0.291041
0.291040
0.291025
0.291025
0.291047
0.290986
0.291009
0.290971
0.290948
0.290933
0.290933
0.290933
0.290895
0.290895
0.129520
0.129520
0.129520
0.129482
0.129482
0.129482
0.129426
0.129323
0.129163
0.128939
0.128742
0.128541
0.128237
0.128036
0.127803
0.127600
0.127522
0.127517
0.127476
0.127426
0.127249
0.126849
0.126404
0.125919
0.125467
0.125072
0.124694
0.124460
0.124158
0.123921
0.123745
0.123461
0.123182
0.122963
0.122667
0.122593
0.122545
0.122379
0.122399
0.122410
0.122514
0.122570
0.122663
0.122794
0.122961
0.123151
0.123480
0.123710
0.124054
0.124357
0.124747
0.125225
0.125658
0.126189
0.126629
0.127208
0.127840
0.128391
0.129109
0.129766
0.130417
0.131078
0.131585
0.132090
0.132396
0.132485
0.132499
0.132079
0.131727
0.131187
0.130617
0.129851
0.129077
0.128183
0.127253
0.126257
0.125368
0.124503
0.123675
0.122835
0.121921
0.120992
0.120151
0.119217
0.118289
0.117428
0.116547
0.115721
0.114776
0.113994
0.113008
0.112169
0.111323
0.110495
0.109613
0.108791
0.107868
0.107076
0.106251
0.105448
0.104658
0.103789
0.102987
0.102198
0.101312
0.100580
0.099759
0.098908
0.098165
0.097354
0.096588
0.095778
0.095026
0.094314
0.093517
0.092767
0.091991
0.091156
0.090409
0.089624
0.088832
0.088166
0.087349
0.086585
0.085880
0.085181
0.084432
0.083668
0.082948
0.082279
0.081510
0.080805
0.080133
0.079447
0.078701
0.077992
0.077349
0.076682
0.076023
0.075305
0.074602
0.073948
0.073300
0.072616
0.071919
0.071277
0.070667
0.070020
0.069277
0.068630
0.067978
0.067385
0.066727
0.066109
0.065457
0.064835
0.064162
0.063549
0.062975
0.062294
0.061682
0.060964
0.060351
0.059772
0.059182
0.058546
0.057954
0.057282
0.056728
0.056148
0.055613
0.055031
0.054462
0.053886
0.053313
0.052766
0.052253
0.051730
0.051193
0.050679
0.050112
0.049662
0.049062
0.048524
0.048042
0.047582
0.047088
0.046613
0.046149
0.045691
0.045242
0.044845
0.044438
0.043984
0.043555
0.043140
0.042680
0.042311
0.041953
0.041549
0.041177
0.040729
0.040346
0.039994
0.039619
0.039229
0.038827
0.038460
0.038147
0.037659
0.037291
0.036899
0.036536
0.036175
0.035915
0.035489
0.035154
0.034873
0.034511
0.034212
0.033922
0.033563
0.033267
0.033000
0.032665
0.032385
0.032123
0.031856
0.031564
0.031283
0.030994
0.030731
0.030484
0.030238
0.029982
0.029716
0.029479
0.029240
0.029004
0.028723
0.028506
0.028274
0.028046
0.027823
0.027594
0.027357
0.027172
0.026955
0.026752
0.026503
0.026359
0.026092
0.025940
0.025752
0.025496
0.025310
0.025136
0.025009
0.024779
0.024617
0.024498
0.024325
0.024173
0.023975
0.023821
0.023672
0.023498
0.023402
0.023207
0.023060
0.022893
0.022753
0.022629
0.022477
0.022352
0.022182
0.022034
0.021920
0.021768
0.021641
0.021528
0.021355
0.021228
0.021088
0.020935
0.020818
0.020680
0.020532
0.020396
0.020300
0.020183
0.020058
0.019948
0.019860
0.019744
0.019610
0.019488
0.019401
0.019280
0.019155
0.018949
0.018845
0.018688
0.018580
0.018469
0.018338
0.018222
0.018143
0.018069
0.017985
0.017870
0.017781
0.017676
0.017577
0.017503
0.017403
0.017324
0.017230
0.017154
0.017111
0.016984
0.016915
0.016831
0.016766
0.016716
0.016619
0.016542
0.016497
0.016420
0.016339
0.016316
0.016217
0.016173
0.016090
0.016053
0.015975
0.015916
0.015849
0.015817
0.015743
0.015711
0.015607
0.015579
0.015535
0.015456
0.015444
0.015331
0.015341
0.015266
0.015248
0.015213
0.015194
0.015174
0.015131
0.015095
0.015050
0.015023
0.014960
0.014941
0.014918
0.014885
0.014849
0.014780
0.014787
0.014731
0.014688
0.014678
0.014629
0.014567
0.014567
0.014504
0.014481
0.014459
0.014397
0.014384
0.014348
0.014223
0.014178
0.014141
0.014086
0.014077
0.014024
0.013983
0.013938
0.013891
0.013891
0.013831
0.013795
0.013756
0.013756
0.013697
0.013557
0.013521
0.013447
0.013408
0.013346
0.013327
0.013272
0.013239
0.013238
0.013174
0.013164
0.013096
0.013056
0.013056
0.013022
0.012995
0.012954
0.012937
0.012937
0.012911
0.012846
0.012824
0.012824
0.012806
0.012786
0.012736
0.012724
0.012701
0.012720
0.012710
0.012703
0.012672
0.012686
0.012651
0.012648
0.012663
0.012642
0.012646
0.012640
0.012622
0.012617
0.012597
0.012597
0.012587
0.012568
0.012558
0.012558
0.012577
0.012577
0.012592
0.012563
0.012590
0.012624
0.012640
0.012634
0.012651
0.012650
0.012647
0.012647
0.012653
0.012653
0.012671
0.012691
0.012664
0.012684
0.012684
0.012684
0.012703
0.012703
0.012703
0.012691
0.012672
0.012692
0.012692
0.012692
0.012692
0.012692
0.012575
0.012557
0.012505
0.012488
0.012493
0.012480
0.012466
0.012453
0.012441
0.012441
0.012431
0.012431
0.012423
0.012423
0.012423
0.012302
0.012284
0.012250
0.012230
0.012215
0.012215
0.012201
0.012189
0.012187
0.012176
0.012166
0.012166
0.012158
0.012158
0.012158
0.012153
0.012153
0.012154
0.012154
0.012150
0.012150
0.012150
0.012150
0.012150
0.012149
0.012149
0.012149
0.012149
0.012177
0.012189
0.012216
0.012232
0.012248
0.012249
0.012266
0.012284
0.012284
0.012302
0.012320
0.012320
0.012339
0.012339
0.012339
0.012358
0.012358
0.012358
0.012358
0.012378
0.012405
0.012416
0.012443
0.012458
0.012494
0.012494
0.012511
0.012528
0.012546
0.012546
0.012564
0.012564
0.012583
0.012603
0.012603
0.012622
0.012622
0.012622
0.012641
0.012641
0.012641
0.012641
0.012641
0.012661
0.012661
0.012661
0.012661
0.012545
0.012527
0.012492
0.012476
0.012460
0.012480
0.012466
0.012453
0.012441
0.012441
0.012431
0.012431
0.012423
0.012423
0.012423
0.012417
0.012302
0.012284
0.012246
0.012230
0.012215
0.012215
0.012201
0.012187
0.012187
0.012176
0.012166
0.012166
0.012158
0.012158
0.012158
0.012153
0.012154
0.012154
0.012154
0.012150
0.012150
0.012150
0.012150
0.012150
0.012149
0.012149
