0.732133
0.732133
0.732133
0.732133
0.732133
0.732133
0.732133
0.732133
0.732140
0.732135
0.732114
0.731886
0.731640
0.731281
0.730580
0.729666
0.728760
0.727490
0.726239
0.724724
0.723322
0.722338
0.721383
0.720637
0.719561
0.718287
0.716602
0.714692
0.712554
0.710234
0.707838
0.705604
0.703382
0.700824
0.698302
0.695530
0.692377
0.689121
0.685834
0.682371
0.679029
0.675862
0.672846
0.670245
0.667484
0.664854
0.661918
0.659128
0.656161
0.652870
0.649456
0.645577
0.641993
0.638494
0.634947
0.631351
0.627995
0.624841
0.621514
0.617980
0.614735
0.611373
0.608002
0.604520
0.601280
0.597776
0.594437
0.591251
0.587815
0.584614
0.581155
0.577973
0.574841
0.571560
0.568233
0.564970
0.561745
0.558419
0.555241
0.552093
0.548765
0.545743
0.542491
0.539332
0.536221
0.533087
0.529970
0.526948
0.523753
0.520636
0.517417
0.514421
0.511554
0.508464
0.505389
0.502351
0.499415
0.496606
0.493849
0.491482
0.489176
0.487078
0.485032
0.483309
0.481813
0.480689
0.479498
0.478366
0.476972
0.475766
0.474370
0.472828
0.471278
0.469675
0.467924
0.466153
0.464448
0.462987
0.461660
0.460393
0.458980
0.457165
0.455211
0.453259
0.450968
0.448383
0.446000
0.443630
0.440900
0.438483
0.435971
0.433498
0.430753
0.427666
0.424472
0.421009
0.417502
0.413891
0.410219
0.406969
0.403764
0.400372
0.397297
0.393820
0.390564
0.387260
0.383888
0.380537
0.377154
0.373928
0.370568
0.367526
0.364243
0.361054
0.357870
0.354689
0.351444
0.348339
0.345161
0.342075
0.338995
0.335838
0.332837
0.329577
0.326594
0.323574
0.320494
0.317436
0.314362
0.311542
0.308404
0.305539
0.302665
0.299535
0.296823
0.293801
0.290759
0.287991
0.285133
0.282242
0.279472
0.276797
0.273967
0.271215
0.268404
0.265593
0.263044
0.260207
0.257559
0.254977
0.252123
0.249558
0.246954
0.244253
0.241765
0.239182
0.236520
0.233918
0.231439
0.228841
0.226296
0.223813
0.221285
0.218812
0.216366
0.214058
0.211728
0.209272
0.206834
0.204672
0.202345
0.199981
0.197860
0.195693
0.193466
0.191257
0.189055
0.186951
0.184951
0.182746
0.180678
0.178773
0.176854
0.174942
0.172750
0.170857
0.168879
0.167245
0.165249
0.163403
0.161606
0.159688
0.158083
0.156195
0.154531
0.152855
0.151083
0.149404
0.147900
0.146092
0.144601
0.142845
0.141444
0.139780
0.138219
0.136637
0.135318
0.133758
0.132159
0.130957
0.129402
0.127980
0.126521
0.125268
0.123691
0.122418
0.121074
0.119718
0.118329
0.117057
0.115730
0.114514
0.113130
0.111979
0.110743
0.109439
0.108142
0.106933
0.105907
0.104456
0.103269
0.102271
0.100787
0.099765
0.098770
0.097540
0.096473
0.095364
0.094223
0.093279
0.092066
0.091099
0.089973
0.088895
0.088109
0.086868
0.085966
0.084923
0.083929
0.082864
0.082142
0.080935
0.080157
0.079245
0.078251
0.077329
0.076113
0.075096
0.074363
0.073386
0.072448
0.071370
0.070521
0.069579
0.068523
0.067757
0.066910
0.066076
0.065231
0.064367
0.063638
0.062727
0.062064
0.061210
0.060467
0.059711
0.059034
0.058366
0.057614
0.056933
0.056207
0.055539
0.054931
0.054326
0.053546
0.053026
0.052373
0.051795
0.051233
0.050568
0.050169
0.049400
0.048870
0.048273
0.047788
0.047238
0.046685
0.046204
0.045745
0.045214
0.044816
0.044235
0.043921
0.043596
0.043177
0.042515
0.042228
0.041847
0.041542
0.041120
0.040678
0.040257
0.039865
0.039460
0.039082
0.038828
0.038473
0.038020
0.037542
0.037153
0.036785
0.036300
0.035896
0.035538
0.035081
0.034827
0.034323
0.034019
0.033596
0.033391
0.032992
0.032868
0.032483
0.032182
0.031792
0.031549
0.031177
0.030941
0.030659
0.030463
0.030109
0.029862
0.029663
0.029309
0.029107
0.028711
0.028645
0.028355
0.028070
0.027897
0.027220
0.026837
0.026668
0.026385
0.025776
0.025468
0.025203
0.024871
0.024613
0.024471
0.371367
0.371119
0.370944
0.370878
0.370572
0.370387
0.370211
0.370147
0.369961
0.369828
0.369798
0.369581
0.369459
0.369390
0.369263
0.369126
0.368994
0.368888
0.368740
0.368697
0.045672
0.045448
0.045390
0.045324
0.045198
0.045136
0.044849
0.044628
0.044320
0.043951
0.043601
0.043309
0.043029
0.042750
0.042335
0.042061
0.041748
0.041479
0.041154
0.040658
0.040424
0.040030
0.039743
0.039450
0.039097
0.038763
0.038523
0.038163
0.037872
0.037572
0.037241
0.036550
0.036256
0.035807
0.035484
0.035107
0.034725
0.034485
0.034102
0.033855
0.033595
0.033260
0.032930
0.032654
0.032414
0.032202
0.031909
0.031620
0.031371
0.031020
0.030932
0.030680
0.030440
0.030187
0.030037
0.029767
0.029571
0.029318
0.029132
0.028866
0.028669
0.028456
0.028269
0.028123
0.027927
0.027806
0.027580
0.027449
0.026982
0.026650
0.026455
0.026276
0.026071
0.025951
0.025758
0.025564
0.025376
0.025256
0.025163
0.025044
0.024953
0.024852
0.024806
0.024625
0.024582
0.024488
0.024384
0.024237
0.024199
0.024054
0.023964
0.023867
0.023774
0.023634
0.023541
0.023483
0.023346
0.023252
0.023159
0.023109
0.022968
0.022881
0.022787
0.022694
0.022292
0.022161
0.021999
0.021915
0.021763
0.021663
0.021635
0.021595
0.021585
0.021408
0.021343
0.021298
0.021296
0.021189
0.021083
0.021086
0.021022
0.020928
0.020545
0.020365
0.020226
0.020085
0.019987
0.019893
0.019800
0.019708
0.019615
0.019528
0.019405
0.019423
0.019280
0.019187
0.019134
0.019076
0.019023
0.018932
0.018803
0.018763
0.018669
0.018675
0.018635
0.018578
0.018485
0.018419
0.018326
0.018273
0.018273
0.018179
0.018179
0.018086
0.018033
0.017931
0.017878
0.017838
0.017785
0.017785
0.017691
0.017434
0.017310
0.017250
0.017249
0.017160
0.017160
0.017077
0.017173
0.017176
0.017216
0.017288
0.017283
0.017277
0.017274
0.017326
0.017327
0.017327
0.017329
0.017337
0.017393
0.017340
0.017300
0.017363
0.017360
0.017320
0.017324
0.017324
0.017272
0.017231
0.017231
0.017237
0.017260
0.017260
0.017207
0.017207
0.017167
0.017113
0.017113
0.017113
0.017080
0.016734
0.016681
0.016602
0.016546
0.016623
0.016568
0.016526
0.016533
0.016542
0.016505
0.016476
0.016528
0.016143
0.016066
0.016019
0.015953
0.015855
0.015871
0.015829
0.015780
0.015727
0.015750
0.015721
0.015681
0.015600
0.015600
0.015658
0.015641
0.015641
0.015547
0.015537
0.015537
0.015537
0.015484
0.015484
0.015444
0.015502
0.015502
0.015502
0.015449
0.015449
0.015449
0.015409
0.015409
0.015356
0.015360
0.015360
0.015360
0.015360
0.015360
0.015266
0.014927
0.014875
0.014776
0.014730
0.014687
0.014715
0.014747
0.014793
0.014840
0.014968
0.014986
0.015084
0.015061
0.015165
0.015217
0.015309
0.015309
0.015381
0.015371
0.015427
0.015431
0.015431
0.015488
0.015543
0.015543
0.015601
0.015601
0.015562
0.015567
0.015567
0.015626
0.015626
0.015629
0.015629
0.015629
0.015629
0.015689
0.015689
0.015689
0.015749
0.015749
0.015749
0.015749
0.015825
0.015857
0.015588
0.015578
0.015522
0.015474
0.015523
0.015528
0.015486
0.015155
0.015155
0.015018
0.014996
0.014951
0.014951
0.014942
0.014903
0.014886
0.014852
0.014880
0.014880
0.014845
0.014845
0.014845
0.014886
0.014886
0.014882
0.014872
0.014872
0.014872
0.014872
0.014872
0.014868
0.014927
0.014927
0.014927
0.014927
0.014931
0.014931
0.014931
0.014931
0.014931
0.014934
0.014934
0.014934
0.014934
0.014934
0.014934
0.014595
0.014543
0.014444
0.014398
0.014354
0.014354
0.014395
0.014393
0.014441
0.014486
0.014506
0.014587
0.014688
0.014782
0.014827
0.014912
0.014967
0.015017
0.015115
0.015169
0.015169
0.015281
0.015281
0.015334
0.015392
0.015392
0.015450
0.015450
0.015450
0.015567
0.015567
0.015567
0.015570
0.015629
0.015629
0.015629
0.015629
0.015629
0.015629
0.015689
0.015689
0.015689
0.015749
0.015825
0.015857
0.015934
0.015977
0.016023
0.016023
0.016072
0.016122
0.015777
0.015430
0.015328
0.015178
0.015185
0.015095
0.015053
0.015029
0.014990
0.014922
0.014893
0.014921
0.014921
0.014874
0.014874
0.014856
0.014897
0.014897
0.014897
0.014875
0.014875
0.014875
0.014875
0.014875
0.014868
0.014927
0.014927
0.014927
0.014927
0.014927
0.014927
0.014927
0.014927
0.014931
0.014931
0.014934
0.014934
0.014934
0.014934
0.014934
0.014595
0.014543
0.014444
0.014398
0.014354
0.014354
0.014395
0.014393
0.014441
0.014486
0.014506
0.014506
0.014534
0.014586
0.014586
0.014623
0.014759
0.014832
0.014920
0.014965
0.015013
0.015071
0.015121
0.015169
0.015281
0.015281
0.015336
0.015336
0.015392
0.015451
0.015451
0.015509
0.015512
0.015512
0.015570
0.015570
0.015570
0.015570
0.015570
0.015689
0.015689
0.015689
0.015689
0.015689
0.015765
0.015797
0.015874
0.015977
0.016023
0.016023
0.016072
0.015777
0.015723
0.015673
0.015679
0.015634
0.015344
0.015248
0.015108
0.015116
0.015082
0.015007
0.015023
0.014961
0.014961
0.014926
0.014880
0.014938
0.014938
0.014903
0.014903
0.014886
0.014886
0.014886
0.014882
0.014872
0.014872
0.014931
0.014931
0.014931
0.014927
0.014927
0.014927
0.014927
0.014931
0.014931
0.014931
0.014931
0.014931
0.014931
0.014592
0.014543
0.014444
0.014398
0.014354
0.014354
0.014314
0.014359
0.014360
0.014441
0.014458
0.014506
0.014484
0.014534
0.014586
0.014623
0.014623
0.014678
0.014668
0.014725
0.014725
0.014725
0.014782
0.014860
0.014932
0.015032
0.015078
0.015125
0.015125
0.015175
0.015286
0.015340
0.015343
0.015398
0.015398
0.015455
0.015455
0.015455
0.015512
0.015572
0.015572
0.015630
0.015630
0.015630
0.015630
0.015765
0.015797
0.015874
0.015917
0.015964
0.015964
0.016012
0.015717
0.015664
0.015673
0.015679
0.015634
0.015689
0.015647
0.015609
0.015665
0.015631
0.015602
0.015313
0.015236
0.015134
0.015086
0.015069
0.015082
0.015040
0.014990
0.014990
0.014956
0.014927
0.014927
0.014924
0.014900
0.014900
0.014941
0.014941
0.014941
0.014941
0.014931
0.014931
0.014931
0.014934
0.014934
0.014931
0.014931
0.014931
0.014931
0.014592
0.014539
0.014440
0.014394
0.014351
0.014351
0.014392
0.014393
0.014441
0.014486
0.014506
0.014506
0.014534
0.014586
0.014586
0.014623
0.014678
0.014678
0.014725
0.014725
0.014725
0.014782
0.014782
0.014779
0.014837
0.014837
0.014837
0.014837
0.014918
0.015049
0.015091
0.015137
0.015188
0.015188
0.015238
0.015290
0.015343
0.015343
0.015398
0.015458
0.015514
0.015514
0.015514
0.015572
0.015648
0.015680
0.015815
0.015858
0.015905
0.015905
0.015953
0.016063
0.015717
0.015716
0.015667
0.015620
0.015630
0.015630
0.015587
0.015665
0.015631
0.015631
0.015659
0.015659
0.015635
0.015635
0.015635
0.015618
0.015330
0.015277
0.015164
0.015116
0.015116
0.015071
0.015029
0.014987
0.014987
0.015012
0.014982
0.014982
0.014982
0.014959
0.014959
0.014941
0.014945
0.014945
0.014945
0.014934
0.014934
0.014934
0.014934
0.014595
0.014539
0.014440
0.014394
0.014351
0.014351
0.014392
0.014389
0.014437
0.014482
0.014503
0.014503
0.014534
0.014586
0.014586
0.014623
0.014678
0.014678
0.014725
0.014725
0.014725
0.014782
0.014782
0.014779
0.014837
0.014837
0.014837
0.014837
0.014837
0.014896
0.014896
0.014896
0.014899
0.014899
0.014980
0.015053
0.015095
0.015140
0.015188
0.015247
0.015297
0.015349
0.015403
0.015403
0.015534
0.015567
0.015700
0.015743
0.015789
0.015846
0.015895
0.015600
0.015605
0.015555
0.015561
0.015516
0.015630
0.015587
0.015549
0.015605
0.015571
0.015542
0.015599
0.015575
0.015575
0.015635
0.015618
0.015618
0.015676
0.015665
0.015665
0.015665
0.015665
0.015665
