0.293333
0.293333
0.293333
0.293333
0.293333
0.293333
0.293333
0.293333
0.293333
0.293333
0.293333
0.293333
0.293333
0.293333
0.293333
0.293333
0.293333
0.293333
0.293333
0.293333
0.293333
0.293333
0.293333
0.293267
0.292956
0.292023
0.290447
0.288094
0.285076
0.281729
0.278516
0.275459
0.272625
0.269817
0.267277
0.264672
0.262090
0.259486
0.256687
0.253778
0.250826
0.247715
0.244978
0.242465
0.240038
0.237972
0.235823
0.233796
0.231795
0.229585
0.227448
0.225266
0.223222
0.221455
0.219931
0.218543
0.217322
0.215791
0.214089
0.212445
0.210682
0.208754
0.206660
0.204649
0.202305
0.200268
0.198153
0.196132
0.194184
0.192312
0.190243
0.188182
0.186291
0.184478
0.182451
0.180550
0.178442
0.176449
0.174293
0.172322
0.170319
0.168408
0.166589
0.164867
0.163097
0.161600
0.160044
0.158353
0.156690
0.155062
0.153450
0.151808
0.150143
0.148259
0.146501
0.144669
0.142756
0.141025
0.139325
0.137662
0.136170
0.134548
0.132904
0.131197
0.129560
0.127885
0.126223
0.124687
0.122954
0.121416
0.119877
0.118357
0.116729
0.115306
0.113717
0.112338
0.110708
0.109272
0.107885
0.106540
0.105147
0.103820
0.102404
0.101099
0.099789
0.098353
0.097170
0.095843
0.094548
0.093398
0.092142
0.090917
0.089747
0.088582
0.087485
0.086350
0.085133
0.084074
0.082965
0.081850
0.080754
0.079666
0.078740
0.077705
0.076560
0.075636
0.074585
0.073604
0.072779
0.071824
0.070823
0.069931
0.069030
0.068074
0.067198
0.066368
0.065396
0.064618
0.063759
0.062867
0.062028
0.061223
0.060533
0.059645
0.058932
0.058092
0.057324
0.056587
0.055909
0.055075
0.054396
0.053715
0.052983
0.052222
0.051671
0.050903
0.050292
0.049624
0.048968
0.048365
0.047637
0.047099
0.046481
0.045818
0.045278
0.044684
0.044102
0.043509
0.042967
0.042407
0.041819
0.041303
0.040733
0.040188
0.039680
0.039180
0.038608
0.038139
0.037595
0.037214
0.323371
0.322834
0.322412
0.321920
0.321556
0.321077
0.320637
0.320260
0.319773
0.319425
0.319034
0.318590
0.318169
0.317725
0.317397
0.316994
0.316622
0.316227
0.315896
0.315523
0.315157
0.314853
0.314422
0.314111
0.313864
0.313427
0.313025
0.312844
0.312486
0.312175
0.311814
0.311567
0.311230
0.310872
0.310582
0.310400
0.309983
0.309681
0.309530
0.309288
0.308816
0.308643
0.308406
0.308131
0.307902
0.307504
0.307342
0.307124
0.306877
0.306599
0.077565
0.077316
0.077067
0.076849
0.076695
0.076320
0.076190
0.076029
0.075832
0.075513
0.075293
0.075104
0.074909
0.074690
0.074423
0.074060
0.073731
0.073531
0.073364
0.073239
0.073265
0.073599
0.073947
0.074409
0.074995
0.075638
0.076185
0.076664
0.077016
0.077053
0.076930
0.076678
0.076348
0.075686
0.075138
0.074554
0.074052
0.073636
0.073142
0.072780
0.072290
0.071828
0.071387
0.070829
0.070417
0.069914
0.069406
0.068880
0.068366
0.067946
0.067434
0.066955
0.066463
0.066011
0.065575
0.065089
0.064579
0.064108
0.063549
0.063177
0.062785
0.062274
0.061906
0.061409
0.060958
0.060512
0.060057
0.059644
0.059225
0.058730
0.058321
0.057919
0.057561
0.057056
0.056660
0.056243
0.055878
0.055420
0.054967
0.054660
0.054165
0.053790
0.053391
0.052950
0.052561
0.052143
0.051777
0.051385
0.050939
0.050530
0.050202
0.049812
0.049377
0.048971
0.048577
0.048267
0.047868
0.047417
0.047087
0.046715
0.046401
0.046017
0.045622
0.045317
0.044943
0.044530
0.044183
0.043869
0.043533
0.043228
0.042813
0.042494
0.042178
0.041874
0.041587
0.041200
0.040922
0.040567
0.040267
0.039968
0.039626
0.039358
0.039025
0.038762
0.038395
0.038074
0.037813
0.037519
0.037236
0.036931
0.036643
0.036334
0.036050
0.035742
0.035474
0.035211
0.034949
0.034689
0.034363
0.034073
0.033819
0.033587
0.033318
0.033070
0.032795
0.032547
0.032292
0.032047
0.031799
0.031553
0.031305
0.031073
0.030819
0.030573
0.030341
0.030093
0.029862
0.029621
0.029390
0.029158
0.028910
0.028679
0.028433
0.028224
0.027976
0.027745
0.027513
0.027281
0.027056
0.026824
0.026593
0.026362
0.026152
0.025921
0.025690
0.025481
0.025255
0.025046
0.024837
0.024627
0.024418
0.024224
0.024014
0.023805
0.023596
0.023409
0.023239
0.023030
0.022858
0.022671
0.022484
0.022319
0.022125
0.021960
0.021795
0.021602
0.021452
0.021288
0.021123
0.020958
0.020825
0.020638
0.020473
0.020346
0.020198
0.020048
0.019883
0.019741
0.019607
0.019465
0.019322
0.019189
0.019047
0.018919
0.018770
0.018665
0.018517
0.018397
0.018247
0.018143
0.018037
0.017873
0.017784
0.017664
0.017575
0.017432
0.017321
0.017201
0.017112
0.016992
0.016903
0.016783
0.016677
0.016588
0.016468
0.016379
0.016276
0.016170
0.016089
0.015983
0.015894
0.015773
0.015729
0.015609
0.015520
0.015437
0.015355
0.015266
0.015205
0.015102
0.014996
0.014937
0.014848
0.014787
0.014683
0.014622
0.014533
0.014474
0.014391
0.014324
0.014258
0.014160
0.014115
0.014048
0.013950
0.013906
0.013839
0.013764
0.013697
0.013652
0.013569
0.013510
0.013466
0.013382
0.013338
0.013279
0.013212
0.013151
0.013106
0.013047
0.012986
0.012941
0.012897
0.012838
0.012777
0.012732
0.012688
0.012629
0.012567
0.012523
0.012479
0.012434
0.012358
0.012314
0.012269
0.012247
0.012225
0.012149
0.012105
0.012060
0.012016
0.011971
0.011955
0.011896
0.011851
0.011807
0.011807
0.011746
0.011687
0.011642
0.011642
0.011598
0.011537
0.011514
0.011492
0.011433
0.011411
0.011389
0.011327
0.011305
0.011283
0.011239
0.011224
0.011180
0.011141
0.011118
0.011074
0.011074
0.011029
0.011015
0.010970
0.010931
0.010909
0.010887
0.010865
0.010843
0.010820
0.010798
0.010761
0.010722
0.010700
0.010678
0.010656
0.010633
0.010611
0.010589
0.010567
0.010535
0.010513
0.010491
0.010469
0.010447
0.010424
0.010402
0.010402
0.010380
0.010358
0.010319
0.010304
0.010282
0.010260
0.010237
0.010237
0.010215
0.010193
0.010170
0.010170
0.010148
0.010126
0.010126
0.010104
0.010081
0.010081
0.010059
0.010037
0.010037
0.010037
0.010015
0.009993
0.009993
0.009970
0.009948
0.009948
0.009948
0.009926
0.009904
0.009904
0.009881
0.009881
0.009859
0.009859
0.009837
0.009837
0.009815
0.009815
0.009815
0.009793
0.009770
0.009770
0.009770
0.009748
0.009726
0.009726
0.009726
0.009726
0.009704
0.009681
0.009681
0.009681
0.009681
0.009659
0.009637
0.009637
0.009637
0.009637
0.009615
0.009615
0.009593
0.009593
0.009593
0.009593
0.009570
0.009548
0.009548
0.009548
0.009548
0.009548
0.009526
0.009526
0.009504
0.009504
0.009504
0.009504
0.009504
0.009481
0.009481
0.009459
0.009459
0.009459
0.009459
0.009459
0.009459
0.009459
0.009459
0.009459
0.009459
0.009459
0.009459
0.009459
0.009459
0.009459
0.009459
0.009459
0.009459
0.009459
0.009459
0.009459
0.009459
0.009459
0.009459
0.009459
0.009459
0.009459
0.009459
0.009459
0.009459
0.009459
0.009459
0.009459
0.009459
0.009459
0.009459
0.009459
0.009459
0.009459
0.009459
0.009459
0.009459
0.009459
0.009459
0.009459
0.009459
0.009459
0.009459
0.009459
0.009459
0.009459
0.009459
0.009459
0.009459
0.009459
0.009459
0.009459
0.009459
0.009459
0.009459
0.009459
0.009459
0.009459
0.009459
0.009459
0.009459
0.009459
0.009459
0.009459
0.009459
0.009459
0.009459
0.009459
0.009459
0.009459
0.009459
0.009459
0.009459
0.009459
0.009459
0.009459
0.009459
0.009459
0.009459
0.009459
0.009459
0.009459
0.009459
0.009459
0.009459
0.009459
0.009459
0.009459
0.009459
0.009459
0.009459
0.009459
0.009459
0.009459
0.009459
0.009459
0.009459
0.009459
0.009459
0.009459
0.009459
0.009459
0.009459
0.009459
0.009459
0.009459
0.009459
0.009459
0.009459
0.009459
0.009459
0.009459
0.009459
0.009459
0.009459
0.009459
0.009459
0.009459
0.009459
0.009459
0.009459
0.009459
0.009459
0.009459
0.009459
0.009459
0.009459
0.009459
0.009459
0.009459
0.009459
0.009459
0.009459
0.009459
0.009459
0.009459
0.009459
0.009459
0.009459
0.009459
0.009459
0.009459
0.009459
0.009459
0.009459
0.009459
0.009459
0.009459
0.009459
0.009459
0.009459
0.009459
0.009459
0.009459
0.009459
0.009459
0.009459
0.009459
0.009459
0.009459
0.009459
0.009459
0.009459
0.009459
0.009459
0.009459
0.009459
0.009459
0.009459
0.009459
0.009459
0.009459
0.009459
0.009459
0.009459
0.009459
0.009459
0.009459
0.009459
0.009459
0.009459
0.009459
0.009459
0.009459
0.009459
0.009459
0.009459
0.009459
0.009459
0.009459
0.009459
0.009459
0.009459
0.009459
0.009459
0.009459
0.009459
0.009459
0.009459
0.009459
0.009459
0.009459
0.009459
0.009459
0.009459
0.009459
0.009459
0.009459
0.009459
0.009459
0.009459
0.009459
0.009459
0.009459
0.009459
0.009459
0.009459
0.009459
0.009459
0.009459
0.009459
0.009459
0.009459
0.009459
0.009459
0.009459
0.009459
0.009459
0.009459
0.009459
0.009459
0.009459
0.009459
0.009459
0.009459
0.009459
0.009459
0.009459
0.009459
0.009459
0.009459
0.009459
0.009459
0.009459
0.009459
0.009459
0.009459
0.009459
0.009459
0.009459
0.009459
0.009459
0.009459
0.009459
0.009459
0.009459
0.009459
0.009459
0.009459
0.009459
0.009459
0.009459
0.009459
0.009459
0.009459
0.009459
0.009459
0.009459
0.009459
0.009459
0.009459
0.009459
0.009459
0.009459
0.009459
0.009459
0.009459
0.009459
0.009459
0.009459
0.009459
0.009459
0.009459
0.009459
0.009459
0.009459
0.009459
0.009459
0.009459
0.009459
0.009459
0.009459
0.009459
0.009459
0.009459
0.009459
0.009459
0.009459
0.009459
0.009459
0.009459
0.009459
0.009459
0.009459
0.009459
0.009459
0.009459
0.009459
0.009459
