1.535992
1.441734
1.253227
1.074702
0.951150
0.888023
0.865163
0.859588
0.961627
0.998954
1.024167
1.023375
0.985821
0.987957
0.990182
0.992628
0.995517
0.998080
1.000021
1.000304
0.999208
0.996042
0.992205
0.989098
0.986631
0.984809
0.983837
0.982527
0.981672
0.979960
0.978245
0.975443
0.972916
0.969698
0.967106
0.963994
0.961672
0.959093
0.956712
0.954507
0.951803
0.949411
0.947245
0.944612
0.942351
0.939506
0.937300
0.935059
0.932528
0.930315
0.928313
0.925704
0.923871
0.921237
0.919323
0.917163
0.914709
0.912556
0.910719
0.908232
0.906417
0.904603
0.902357
0.900245
0.898261
0.896270
0.894678
0.892386
0.890725
0.888869
0.886853
0.885129
0.882992
0.881287
0.879898
0.878167
0.876693
0.874923
0.873172
0.871724
0.869697
0.868313
0.866588
0.865121
0.863671
0.862208
0.860375
0.859124
0.857708
0.855944
0.854737
0.853100
0.851643
0.850572
0.848967
0.847678
0.846335
0.844745
0.843540
0.842039
0.840776
0.839695
0.838194
0.836944
0.835932
0.834380
0.833525
0.832514
0.830937
0.829677
0.828030
0.826856
0.825873
0.823807
0.822368
0.820760
0.818930
0.817530
0.910045
0.737257
0.736081
0.641252
0.640147
0.814681
0.727248
0.608256
0.605776
0.602826
0.599593
0.596474
0.593252
0.590131
0.586906
0.583921
0.581501
0.578598
0.576275
0.573601
0.571226
0.568954
0.566151
0.563796
0.561476
0.559087
0.556635
0.554497
0.551885
0.549655
0.547187
0.545350
0.543471
0.541397
0.539591
0.537611
0.535682
0.533918
0.531948
0.530185
0.528223
0.526264
0.524589
0.522713
0.520718
0.518883
0.516821
0.515165
0.513233
0.511174
0.509354
0.507652
0.505711
0.504087
0.502261
0.500586
0.498665
0.496908
0.495204
0.493284
0.491668
0.489881
0.488246
0.486245
0.484589
0.482773
0.480951
0.478942
0.477335
0.475309
0.473695
0.471818
0.469836
0.467937
0.466234
0.464277
0.462518
0.460545
0.458957
0.456926
0.455226
0.453383
0.451594
0.449863
0.448160
0.446230
0.444463
0.442732
0.440767
0.439286
0.437359
0.435559
0.433786
0.432020
0.430341
0.428695
0.426787
0.425261
0.423574
0.421988
0.420558
0.418787
0.417079
0.415423
0.413879
0.412179
0.410880
0.409354
0.408096
0.406184
0.404330
0.402669
0.400840
0.399179
0.397625
0.395964
0.394422
0.392677
0.391085
0.389710
0.388200
0.386778
0.385188
0.383073
0.381394
0.379577
0.377762
0.376324
0.374580
0.372962
0.371606
0.370139
0.368278
0.366734
0.365050
0.363703
0.362207
0.360636
0.359182
0.357857
0.356460
0.354885
0.353644
0.352398
0.350848
0.349639
0.348331
0.347064
0.345875
0.344358
0.342731
0.341205
0.339737
0.338194
0.336741
0.335190
0.333198
0.331252
0.329598
0.328097
0.326539
0.324832
0.323407
0.322019
0.320612
0.318921
0.317568
0.315916
0.314745
0.312993
0.311428
0.309830
0.308159
0.306414
0.304749
0.303114
0.301293
0.299774
0.297738
0.296275
0.294412
0.292415
0.290813
0.288945
0.286738
0.285039
0.283238
0.281484
0.279463
0.277555
0.275693
0.273811
0.271830
0.270093
0.268078
0.266085
0.264348
0.262413
0.260730
0.259009
0.256823
0.255151
0.253362
0.251180
0.249426
0.247664
0.245826
0.243981
0.242029
0.240406
0.237985
0.235213
0.233177
0.231591
0.230420
0.229421
0.228163
0.226905
0.225013
0.223028
0.221140
0.219187
0.217347
0.215634
0.213803
0.212167
0.210612
0.208853
0.206892
0.205343
0.203470
0.201765
0.200112
0.198202
0.196753
0.194871
0.193197
0.191495
0.189786
0.188095
0.186368
0.184696
0.183066
0.181501
0.179817
0.178311
0.176548
0.175161
0.173359
0.171789
0.170180
0.168571
0.167031
0.165635
0.163947
0.162519
0.161033
0.159484
0.157870
0.156469
0.155044
0.153554
0.151977
0.150600
0.149207
0.147783
0.146376
0.144974
0.143492
0.142165
0.140717
0.139259
0.138019
0.136671
0.135155
0.133757
0.132439
0.131254
0.129714
0.128351
0.127059
0.125872
0.124439
0.123090
0.121963
0.120559
0.119246
0.118074
0.116721
0.115650
0.114384
0.113187
0.111957
0.110902
0.109647
0.108569
0.107295
0.106399
0.105322
0.104179
0.103121
0.102127
0.101026
0.100034
0.099021
0.098008
0.097110
0.096118
0.095134
0.094143
0.093277
0.092381
0.091366
0.090412
0.089493
0.088644
0.087675
0.086780
0.085831
0.085069
0.084291
0.083376
0.082648
0.081702
0.080819
0.080159
0.079151
0.078413
0.077720
0.076889
0.075978
0.075305
0.074568
0.073804
0.073034
0.072268
0.071480
0.070813
0.070133
0.069388
0.068661
0.067778
0.067213
0.066550
0.065863
0.065187
0.064518
0.063780
0.063286
0.062549
0.061830
0.061283
0.060597
0.059985
0.059374
0.058687
0.058152
0.057624
0.056969
0.056435
0.055749
0.055139
0.054599
0.054000
0.053421
0.053035
0.052299
0.051772
0.051317
0.050709
0.050205
0.049616
0.048962
0.048509
0.047916
0.047337
0.046856
0.046247
0.045794
0.045171
0.044689
0.044161
0.043730
0.043199
0.042621
0.042219
0.041767
0.041360
0.040857
0.040491
0.039884
0.039482
0.039123
0.038718
0.038266
0.037906
0.037377
0.037060
0.036690
0.036289
0.035726
0.035474
0.035074
0.034597
0.034295
0.033894
0.033546
0.033277
0.032876
0.032602
0.032079
0.031755
0.031503
0.031103
0.030782
0.030456
0.030313
0.029939
0.029669
0.029346
0.029020
0.028746
0.028380
0.028106
0.027905
0.027584
0.027367
0.027101
0.026769
0.026518
0.026241
0.026107
0.025937
0.025664
0.025413
0.025124
0.024762
0.024561
0.024436
0.024169
0.023968
0.023823
0.023551
0.023483
0.023227
0.023029
0.022826
0.022700
0.022531
0.022311
0.022189
0.021927
0.021801
0.021586
0.021343
0.021160
0.021035
0.020859
0.020658
0.020533
0.020366
0.020241
0.019926
0.019851
0.019726
0.019601
0.019476
0.019283
0.019167
0.019042
0.018918
0.018843
0.018719
0.018526
0.018386
0.018261
0.018137
0.018063
0.017899
0.017708
0.017634
0.017509
0.017385
0.017311
0.017122
0.017049
0.016912
0.016904
0.016830
0.016664
0.016528
0.016405
0.016365
0.016241
0.016108
0.015948
0.015948
0.015825
0.015752
0.015499
0.015499
0.015333
0.015234
0.015227
0.015215
0.015122
0.015105
0.014982
0.014932
0.014830
0.014745
0.014611
0.014561
0.014488
0.014477
0.014398
0.014283
0.014260
0.014224
0.014221
0.014099
0.014099
0.013979
0.013979
0.013907
0.013858
0.013750
0.013716
0.013667
0.013667
0.013596
0.013561
0.013490
0.013428
0.013309
0.013309
0.013238
0.013238
0.013120
0.013120
0.013120
0.012944
0.012944
0.012879
0.012879
0.012762
0.012762
0.012762
0.012593
0.012593
0.012593
0.012525
0.012478
0.012410
0.012410
0.012363
0.012296
0.012249
0.012249
0.012183
0.012183
0.012137
0.012071
0.012071
0.012071
0.012071
0.011960
0.011960
0.011960
0.011895
0.011895
0.011850
0.011850
0.011786
0.011786
0.011786
0.011679
0.011679
0.011679
0.011679
0.011617
0.011617
0.011575
0.011575
0.011513
0.011473
0.011399
0.011437
0.011395
0.011335
0.011335
0.011335
0.011334
0.011276
0.011276
0.011235
0.011235
0.011235
0.011178
0.011178
0.011178
0.011142
0.011104
0.011066
0.011010
0.011010
0.011048
0.011048
0.011048
0.010995
0.011032
0.010995
0.010995
0.010921
0.010921
0.010870
0.010870
0.010870
0.010870
0.010870
0.010908
0.010874
0.010825
0.010787
0.010787
0.010787
0.010787
0.010787
0.010787
0.010787
0.010742
0.010742
0.010710
0.010710
0.010710
0.010710
0.010710
0.010710
0.010668
0.010668
0.010668
0.010668
0.010668
0.010668
0.010668
0.010640
0.010640
0.010640
0.010640
0.010640
0.010640
0.010640
0.010640
0.010640
0.010640
0.010640
0.010640
0.010640
0.010640
0.010640
0.010640
0.010640
0.010640
0.010640
0.010640
0.010640
0.010640
0.010640
0.010640
0.010601
0.010601
0.010601
0.010601
0.010641
0.010641
0.010641
0.010662
0.010708
0.010708
0.010673
0.010649
0.010677
0.010644
0.010636
0.010636
0.010636
0.010679
0.010614
0.010614
0.010636
0.010637
0.010637
0.010639
0.010609
0.010639
0.010690
0.010637
0.010660
0.010661
0.010727
0.011401
0.012072
0.012934
0.012897
0.012261
0.011771
0.011674
0.011662
0.011646
0.012068
0.012301
0.012700
0.012862
0.013241
0.013289
0.013699
0.013743
0.013700
0.014083
0.013485
0.013017
0.012544
0.012516
0.012764
0.013749
0.015280
0.016552
0.016240
0.015810
0.014902
0.014162
0.013944
0.013822
0.014510
0.014805
0.015490
0.015155
0.015694
0.015530
0.015962
0.015775
0.015610
0.015972
0.015851
0.015867
0.016539
0.016538
0.015965
0.014402
0.013512
0.013624
0.014215
0.015981
0.018052
0.019089
0.019241
0.018149
0.016952
0.016304
0.015683
0.016321
0.016479
0.017434
0.017870
0.018626
0.018620
0.019150
0.018835
0.018567
0.018972
0.018761
0.018802
0.019405
0.018225
0.017158
0.016088
0.015872
0.016320
0.018033
0.020245
0.021854
0.021926
0.020875
0.019448
0.018518
0.018035
0.017931
0.018429
0.018809
0.019599
0.020174
0.019929
0.020062
0.019753
0.019290
0.019424
0.019171
0.018817
0.019268
0.018896
0.018654
0.017661
0.016344
0.015537
0.015635
0.015788
0.017414
0.019351
0.020292
0.020398
0.020126
0.019299
0.018923
0.018614
0.018694
0.018855
0.019138
0.019777
0.019966
0.020216
0.020408
0.020507
0.020942
0.021208
0.021481
0.021841
0.022196
0.022091
0.021685
0.021388
0.021307
0.021478
0.022054
0.022812
0.023377
0.023341
0.023130
0.022839
0.022582
0.022748
0.022986
0.023187
0.023601
0.023947
0.024285
0.024516
0.024700
0.024833
0.024841
0.025103
0.025239
0.025492
0.025830
0.025990
0.026340
0.026003
0.025636
0.025090
0.025020
0.024977
0.025663
0.026850
0.027679
0.027883
0.027475
0.027125
0.026741
0.026695
0.026763
0.027030
0.027111
0.027439
0.027580
0.027883
0.028147
0.028340
0.028325
0.028282
0.028460
0.028707
0.028638
0.029019
0.029197
0.029416
0.029199
0.028784
0.028520
0.028197
0.028028
0.028494
0.029248
0.029575
0.029931
0.030019
0.029652
0.029160
0.029179
0.029284
0.029530
0.029961
0.030401
0.030892
0.031221
0.031424
0.031566
0.031978
0.031977
0.032192
0.032299
0.032424
0.032754
0.032613
0.032378
0.032390
0.032334
0.032622
0.032757
0.033531
0.033854
0.033956
0.033879
0.033639
0.033507
0.033488
0.033630
0.033912
0.034355
0.035003
0.035234
0.035488
0.035362
0.035655
0.035635
0.035664
0.035774
0.035920
0.035964
0.036083
0.036394
0.036081
0.035281
0.034940
0.034594
0.034660
0.034788
0.035523
0.035986
0.036163
0.035924
0.035473
0.035239
0.035073
0.035277
0.035426
0.035660
0.035988
0.036154
0.036357
0.036467
0.036440
0.036584
0.036573
0.036644
0.036675
0.036902
0.036699
0.037083
0.037251
0.037043
0.036523
0.036374
0.036202
0.036277
0.036662
0.037657
0.038271
0.038405
0.038322
0.038196
0.038108
0.038453
0.038785
0.039294
0.039554
0.040036
0.040327
0.040518
0.040553
0.040591
0.040712
0.040747
0.040767
0.040750
0.040769
0.040650
0.040701
0.040434
0.039782
0.039443
0.038837
0.038757
0.039138
0.039685
0.040064
0.039995
0.039590
0.039134
0.038633
0.038066
0.037883
0.037684
0.037829
0.037632
0.037470
0.037174
0.036671
0.036130
0.035870
0.035411
0.034940
0.035058
0.035028
0.035114
0.034862
0.034680
0.033686
0.032598
0.031395
0.030909
0.030350
0.030845
0.031267
0.031324
0.031142
0.030410
0.029925
0.029289
0.029026
0.028853
0.028817
0.028977
0.028897
0.029243
0.029283
0.029071
0.028634
0.028749
0.028391
0.028302
0.028387
0.028193
0.028131
0.028163
0.028104
0.027367
0.026325
0.025589
0.025220
0.025345
0.026326
0.027449
0.028134
0.027995
0.027111
0.025975
0.025197
0.024695
0.024731
0.024715
0.025311
0.025250
0.025490
0.025372
0.025277
0.025218
0.024622
0.024771
0.024493
0.024293
0.024565
0.024303
0.024543
0.024268
0.023227
0.022460
0.021457
0.021603
0.021148
0.023080
0.023974
0.025114
0.024990
0.024053
0.023036
0.022190
0.021492
0.021925
0.022048
0.022419
0.022718
0.023303
0.023212
0.023272
0.023054
0.022790
0.022821
0.022628
0.022657
0.022990
0.022801
0.022901
0.023337
0.022000
0.021087
0.020311
0.019891
0.020235
0.021704
0.023522
0.024922
0.025082
0.023964
0.022752
0.021934
0.021307
0.021161
0.021964
0.022283
0.023069
0.023767
0.023882
0.024191
0.023945
0.023492
0.023492
0.023934
0.023718
0.024318
0.024252
0.024117
0.024655
0.023335
0.022165
0.021063
0.020603
0.021194
0.023028
0.025064
0.026959
0.026426
0.025808
0.024411
0.023347
0.022845
0.022727
0.023619
0.023790
0.024828
0.024912
0.025530
0.025270
0.025571
0.025247
0.024814
0.025257
0.025234
0.025280
0.025533
0.025531
0.026128
0.024520
0.023498
0.022248
0.021711
0.022284
0.023994
0.026236
0.027186
0.027176
0.026628
0.025436
0.024260
0.023591
0.023483
0.024302
0.024720
0.025530
0.025699
0.026213
0.026012
0.026210
0.025788
0.025579
0.025413
0.025807
0.025803
0.026201
0.026191
0.026197
0.025193
0.023357
0.022320
0.022357
0.022811
0.024573
0.026656
0.027806
0.027994
0.027382
0.025937
0.024842
0.024169
0.023973
0.024322
0.025355
0.026099
0.026195
0.026885
0.026678
0.026284
0.026461
0.026160
0.026078
0.026369
0.026301
0.026360
0.026775
0.026555
0.025781
0.023972
0.022736
0.022859
0.023296
0.025188
0.027191
0.028266
0.028371
0.027238
0.025708
0.024706
0.024787
0.024578
0.024683
0.025728
0.025991
0.026727
0.027171
0.026968
0.026599
0.026883
0.026537
0.026396
0.026740
0.026751
0.026680
0.027127
0.027015
0.027505
0.027198
0.025686
0.024509
0.023324
0.022731
0.023253
0.025279
0.027182
0.028969
0.029045
0.027880
0.026347
0.025266
0.024661
0.024714
0.025253
0.025593
0.026597
0.027491
0.027210
0.027383
0.027209
0.026839
0.026585
0.026832
0.026780
0.027344
0.027197
0.026995
0.027569
0.026116
0.024824
0.023561
0.023168
0.023544
0.025540
0.027638
0.029257
0.029244
0.028099
0.026690
0.025592
0.025001
0.024854
0.025638
0.025972
0.026961
0.027568
0.027512
0.027338
0.027575
0.027052
0.026904
0.027197
0.027081
0.027038
0.027652
0.027385
0.027823
0.027847
0.026314
0.024874
0.023905
0.023073
0.023856
0.025600
0.027724
0.029501
0.029659
0.028126
0.026754
0.025754
0.025082
0.024855
0.025678
0.026771
0.027013
0.027647
0.027534
0.028055
0.027629
0.027165
0.027530
0.027419
0.027110
0.027734
0.027675
0.027359
0.026626
0.024878
0.024166
0.023790
0.024083
0.026046
0.028202
0.029199
0.029241
0.028663
0.027360
0.026184
0.025503
0.025496
0.025591
0.026595
0.027412
0.027672
0.028094
0.027825
0.027422
0.027767
0.027466
0.027043
0.027686
0.027695
0.028047
0.027870
0.027818
0.028398
0.026635
0.025432
0.024231
0.023710
0.024284
0.026136
0.028339
0.029962
0.029392
0.028668
0.027326
0.026319
0.025544
0.025328
0.026276
0.026786
0.027433
0.027525
0.028166
0.028020
0.028052
0.027621
0.027494
0.027846
0.027559
0.027549
0.028219
0.028124
0.027139
0.025440
0.024181
0.024289
0.024614
0.026547
0.028544
0.029716
0.029842
0.028530
0.027264
0.025997
0.025310
0.025885
0.026180
0.027071
0.027253
0.028074
0.028028
0.028333
0.027873
0.027648
0.027980
0.027752
0.027503
0.028034
0.027951
0.028501
0.028216
0.028185
0.028587
0.026974
0.025718
0.024578
0.023957
0.024532
0.026326
0.028516
0.030239
0.030224
0.028960
0.027609
0.026519
0.025808
0.025660
0.026476
0.026813
0.027810
0.028428
0.028457
0.028107
0.028368
0.027972
0.027627
0.027940
0.027827
0.027785
0.028315
0.028103
0.028638
0.028492
0.026926
0.025565
0.024502
0.024472
0.024406
0.026338
0.028400
0.030191
0.030087
0.028911
0.027444
0.026431
0.025741
0.025519
0.026355
0.027116
0.027610
0.028344
0.028231
0.028410
0.028146
0.027827
0.028055
0.027764
0.027712
0.028368
0.028137
0.027988
0.028575
0.026993
0.025603
0.024449
0.023798
0.024350
0.025894
0.028036
0.029773
0.029848
0.028508
0.027228
0.026016
0.025495
0.025285
0.025998
0.026341
0.027347
0.028026
0.027826
0.028266
0.028000
0.027362
0.027206
0.027773
0.027546
0.027243
0.027975
0.027852
0.028217
0.028067
0.026669
0.025232
0.024043
0.024185
0.023943
0.026544
0.027885
0.029709
0.029850
0.028555
0.027076
0.025971
0.025447
0.025745
0.026063
0.027059
0.027244
0.027983
0.027869
0.028227
0.027872
0.027465
0.027779
0.027575
0.027345
0.027921
0.027865
0.028422
0.028129
0.028129
0.027085
0.025031
0.024016
0.023813
0.024541
0.026438
0.028583
0.029862
0.029709
0.028531
0.027019
0.026086
0.025913
0.025771
0.025977
0.026886
0.027157
0.027920
0.028461
0.028163
0.027612
0.027562
0.027199
0.026974
0.027253
0.026920
0.026759
0.027058
0.026737
0.026876
0.025198
0.023791
0.022459
0.021593
0.022156
0.023872
0.025790
0.026865
0.026990
0.026269
0.024667
0.023487
0.022938
0.022882
0.023113
0.023980
0.024970
0.025029
0.025517
0.025616
0.025949
0.025873
0.025789
0.026010
0.026798
0.026899
0.027735
0.027998
0.028119
0.028360
0.027457
0.026923
0.026317
0.025979
0.026544
0.027981
0.029167
0.030389
0.030431
0.029481
0.028025
0.027239
0.026820
0.026711
0.027540
0.028171
0.029107
0.029492
0.029488
0.029769
0.030350
0.030199
0.030078
0.030606
0.030632
0.030544
0.031270
0.031499
0.032236
0.032324
0.032538
0.032255
0.031322
0.030510
0.030808
0.031182
0.032771
0.034426
0.035203
0.035388
0.034487
0.034106
0.033315
0.033286
0.033457
0.033858
0.035006
0.036062
0.036433
0.036986
0.037049
0.036918
0.037171
0.037179
0.037209
0.037636
0.037347
0.037370
0.037795
0.037395
0.037757
0.037472
0.036083
0.035190
0.034447
0.033546
0.033691
0.034668
0.035782
0.036952
0.036753
0.035600
0.034703
0.033942
0.033341
0.033163
0.033624
0.033516
0.033681
0.034073
0.033675
0.033603
0.033055
0.032836
0.032847
0.032627
0.032501
0.032818
0.032632
0.032668
0.032870
0.032721
0.032423
0.031539
0.030973
0.031128
0.031323
0.032417
0.033304
0.033806
0.033890
0.033477
0.032944
0.032590
0.032668
0.033172
0.033653
0.034591
0.035364
0.036256
0.036569
0.037288
0.037619
0.037632
0.038311
0.038485
0.038644
0.039086
0.039114
0.039282
0.039143
0.038494
0.037754
0.036602
0.036216
0.035496
0.036479
0.036774
0.037596
0.037287
0.036428
0.035617
0.034719
0.034163
0.034261
0.034331
0.034768
0.035033
0.035694
0.035681
0.035996
0.036003
0.036107
0.036323
0.036482
0.036627
0.037109
0.037048
0.037252
0.037557
0.037466
0.037109
0.036584
0.035804
0.036076
0.036389
0.037535
0.038646
0.039539
0.039914
0.039425
0.038460
0.037744
0.037437
0.037307
0.037383
0.037863
0.037951
0.037673
0.037342
0.037214
0.036588
0.036353
0.036109
0.035942
0.035961
0.035663
0.035650
0.035725
0.035372
0.035535
0.035613
0.034614
0.034507
0.034236
0.033701
0.033976
0.034551
0.035332
0.035758
0.035518
0.034701
0.033937
0.033131
0.032754
0.032714
0.032793
0.032996
0.033479
0.033992
0.033802
0.034040
0.033837
0.033702
0.033565
0.033908
0.033840
0.033800
0.034203
0.034323
0.034528
0.034439
0.033793
0.033462
0.032714
0.032876
0.032629
0.034015
0.034552
0.035211
0.035089
0.034391
0.033413
0.032460
0.032063
0.032377
0.032445
0.033195
0.033398
0.033932
0.034035
0.034343
0.034480
0.034447
0.034827
0.034792
0.034816
0.035335
0.035410
0.035943
0.035966
0.036050
0.035732
0.035031
0.034494
0.034774
0.034897
0.036362
0.037014
0.037585
0.037505
0.036469
0.035501
0.034831
0.034895
0.034815
0.034968
0.035793
0.035890
0.036488
0.036874
0.036771
0.036632
0.036756
0.036581
0.036452
0.036922
0.036835
0.036813
0.037130
0.036894
0.037285
0.037152
0.036943
0.036105
0.035145
0.034214
0.034250
0.034363
0.035604
0.036688
0.037150
0.036729
0.035365
0.033721
0.032498
0.031570
0.031603
0.031546
0.032166
0.032319
0.032813
0.033111
0.032566
0.032148
0.032112
0.031463
0.030936
0.031044
0.030627
0.030146
0.030491
0.030136
0.029806
0.029862
0.028544
0.027786
0.026790
0.026291
0.026521
0.027817
0.029125
0.030438
0.030283
0.029266
0.028105
0.027167
0.026651
0.026425
0.026893
0.026895
0.027686
0.028111
0.027791
0.028014
0.027592
0.027264
0.026864
0.027123
0.026923
0.026773
0.027032
0.026894
0.027185
0.026837
0.025625
0.024819
0.023821
0.023866
0.023623
0.025409
0.026163
0.027582
0.027428
0.026285
0.025227
0.024365
0.023786
0.024015
0.024118
0.024929
0.024883
0.025444
0.025359
0.025456
0.025118
0.024951
0.025166
0.024861
0.024644
0.025081
0.024966
0.025498
0.025173
0.025127
0.024370
0.022911
0.022145
0.021938
0.022375
0.023823
0.025468
0.026294
0.026529
0.025462
0.024131
0.023193
0.023270
0.023124
0.023264
0.024232
0.024484
0.024998
0.025704
0.025470
0.025168
0.025304
0.025175
0.024954
0.025382
0.025363
0.025273
0.025840
0.025689
0.026038
0.024719
0.023478
0.022285
0.021897
0.022272
0.024247
0.026269
0.027361
0.027303
0.026756
0.025502
0.024423
0.023738
0.023678
0.023930
0.024680
0.025792
0.025939
0.026418
0.025911
0.026416
0.025952
0.025463
0.025471
0.025972
0.025867
0.026395
0.026340
0.026260
0.025072
0.023391
0.022251
0.022227
0.022740
0.024493
0.026865
0.027841
0.027846
0.027318
0.025890
0.024775
0.024082
0.024056
0.024148
0.025158
0.026043
0.026327
0.026724
0.026392
0.026165
0.026433
0.026042
0.025722
0.026465
0.026182
0.026069
0.026684
0.026357
0.026984
0.025441
0.024270
0.022980
0.022416
0.023017
0.024789
0.026997
0.027987
0.028122
0.027663
0.025945
0.025021
0.024333
0.024280
0.025011
0.025314
0.026357
0.026498
0.027155
0.026559
0.026898
0.026600
0.026296
0.026763
0.026534
0.026341
0.026964
0.026840
0.026673
0.027225
0.025685
0.024341
0.023212
0.022483
0.023253
0.024954
0.027167
0.029080
0.029032
0.027728
0.026289
0.025246
0.024548
0.024499
0.025350
0.025567
0.026517
0.027369
0.027227
0.026876
0.027137
0.026848
0.026523
0.026761
0.026790
0.026578
0.027221
0.027009
0.027668
0.027312
0.027159
0.026265
0.024310
0.023157
0.023163
0.023720
0.025619
0.027822
0.028711
0.028910
0.028441
0.026988
0.025706
0.025077
0.025042
0.025340
0.026009
0.027075
0.027272
0.027849
0.027251
0.027110
0.027469
0.026966
0.026726
0.027322
0.027217
0.026982
0.027502
0.027450
0.027902
0.026170
0.025071
0.023852
0.023240
0.023853
0.025642
0.027871
0.029665
0.028867
0.028316
0.027001
0.025631
0.025108
0.024970
0.025881
0.026105
0.027061
0.027115
0.027686
0.027358
0.027691
0.027292
0.026896
0.027470
0.027145
0.027040
0.027672
0.027454
0.028026
0.027840
0.026208
0.024934
0.023627
0.023067
0.023678
0.025649
0.027790
0.029532
0.029398
0.028265
0.026781
0.025848
0.025065
0.024750
0.025780
0.025999
0.026959
0.027726
0.027666
0.027965
0.027582
0.026571
0.026143
0.026467
0.026065
0.026687
0.026580
0.026197
0.026795
0.026413
0.026257
0.025103
0.023223
0.021993
0.022067
0.022750
0.024508
0.026808
0.027715
0.027846
0.027017
0.025675
0.024562
0.023827
0.023706
0.023909
0.025064
0.025930
0.025942
0.026556
0.026181
0.025864
0.026121
0.025796
0.025634
0.026095
0.025952
0.026521
0.026277
0.026225
0.026702
0.025026
0.023961
0.022735
0.022166
0.022960
0.024846
0.027071
0.028726
0.028260
0.027706
0.026251
0.025141
0.024709
0.024397
0.025402
0.025795
0.026844
0.026813
0.027288
0.027052
0.027655
0.027092
0.026698
0.027268
0.027029
0.026932
0.027560
0.027430
0.027919
0.027424
0.027120
0.026278
0.024465
0.023063
0.023441
0.023817
0.025833
0.027884
0.029050
0.029159
0.027854
0.026391
0.025183
0.025195
0.024988
0.024742
0.025692
0.025744
0.026342
0.026932
0.026556
0.025997
0.026283
0.025830
0.025535
0.026103
0.025759
0.025763
0.026395
0.026094
0.026631
0.026439
0.024878
0.023492
0.022478
0.021668
0.022424
0.024351
0.026582
0.028305
0.028214
0.026960
0.025555
0.024435
0.023712
0.023505
0.024484
0.024853
0.025759
0.026357
0.026440
0.026943
0.026262
0.025883
0.025797
0.026051
0.025821
0.026550
0.026433
0.026132
0.026736
0.026527
0.025794
0.023578
0.022429
0.022554
0.023023
0.025289
0.027101
0.028237
0.028348
0.026950
0.025547
0.024431
0.023724
0.024260
0.024351
0.025498
0.025626
0.026430
0.026347
0.026765
0.026173
0.025852
0.026226
0.026051
0.025704
0.026457
0.026255
0.026776
0.026603
0.026427
0.026864
0.025181
0.024107
0.022692
0.022317
0.022794
0.024812
0.026875
0.028631
0.027950
0.027296
0.025716
0.024772
0.023872
0.023659
0.024784
0.024989
0.025799
0.025921
0.026670
0.026256
0.026347
0.026111
0.025849
0.026046
0.025963
0.025862
0.026251
0.025829
0.026075
0.025421
0.024762
0.023847
0.021472
0.019971
0.019862
0.020166
0.022201
0.024270
0.025404
0.025677
0.024253
0.022436
0.021221
0.020730
0.020374
0.020182
0.020889
0.020997
0.021457
0.021758
0.021199
0.020870
0.020915
0.020623
0.020780
0.021290
0.021345
0.021518
0.022172
0.022036
0.022668
0.022225
0.021311
0.021030
0.020922
0.021475
0.022484
0.023716
0.024236
0.024278
0.023821
0.023273
0.023141
0.023091
0.023201
0.023809
0.024525
0.025115
0.025561
0.026233
0.026130
0.026325
0.026367
0.026396
0.026349
0.026782
0.026885
0.027410
0.027235
0.027502
0.027928
0.027808
0.027673
0.026643
0.026274
0.026685
0.026768
0.027430
0.028867
0.029281
0.029144
0.028573
0.028094
0.028023
0.028022
0.028576
0.028904
0.029554
0.030046
0.030645
0.031030
0.031382
0.031819
0.032179
0.032643
0.033053
0.033394
0.034013
0.034268
0.035021
0.035440
0.035799
0.036359
0.036469
0.036366
0.036373
0.036769
0.036833
0.037265
0.037571
0.038052
0.037979
0.037782
0.038015
0.038350
0.038703
0.038991
0.039642
0.040089
0.040929
0.041319
0.041954
0.042376
0.042894
0.043182
0.043575
0.044163
0.044416
0.045160
0.046025
0.046280
0.046676
0.047080
0.046953
0.047119
0.047035
0.047165
0.047363
0.047841
0.344149
0.941949
0.940092
0.937205
0.934430
0.931404
0.929018
0.926798
0.925005
0.923069
0.921557
0.919712
0.917422
0.915334
0.912705
0.909656
0.907375
0.904503
0.901411
0.898694
0.895423
0.892448
0.889675
0.886065
0.882843
0.879340
0.875038
0.871065
0.867509
0.863829
0.860896
0.858431
0.856099
0.853504
0.849737
0.845581
0.841208
0.837430
0.833691
0.830542
0.827852
0.824584
0.821966
0.819242
0.815655
0.813022
0.809233
0.805755
0.802612
0.799516
0.796353
0.793424
0.790391
0.786994
0.784139
0.780943
0.777408
0.773213
0.770689
0.768441
0.767092
0.764939
0.762027
0.758696
0.754614
0.750442
0.745970
0.742606
0.740093
0.738165
0.736352
0.734145
0.731105
0.729313
0.726862
0.723369
0.719994
0.716727
0.713370
0.710527
0.707239
0.704585
0.702042
0.699557
0.696910
0.694257
0.691546
0.688883
0.685552
0.682949
0.680213
0.677109
0.674640
0.672181
0.669607
0.666501
0.664007
0.661716
0.658977
0.655962
0.653548
0.650791
0.648301
0.645559
0.642897
0.640543
0.638083
0.635173
0.632838
0.630634
0.628164
0.625189
0.622834
0.620538
0.617553
0.615001
0.612862
0.610295
0.607480
0.605288
0.602825
0.600313
0.597584
0.595201
0.592651
0.590439
0.587527
0.585328
0.582954
0.580643
0.577660
0.575379
0.572847
0.569801
0.567202
0.564611
0.561864
0.558739
0.555810
0.553086
0.550080
0.546561
0.543625
0.540639
0.537542
0.533899
0.530784
0.527636
0.524795
0.521039
0.517918
0.514716
0.511543
0.507837
0.504752
0.501600
0.497750
0.494572
0.491403
0.488425
0.484659
0.481617
0.478494
0.475405
0.471812
0.468747
0.465772
0.462596
0.458974
0.455829
0.452766
0.449725
0.446206
0.443399
0.440097
0.436700
0.433717
0.430590
0.427692
0.424047
0.421073
0.418349
0.415381
0.411793
0.409004
0.405989
0.403189
0.399661
0.396692
0.393885
0.391143
0.387640
0.384683
0.381876
0.378979
0.375580
0.372891
0.370033
0.366507
0.363674
0.361079
0.358026
0.354998
0.352130
0.349117
0.346564
0.342916
0.340121
0.337628
0.334776
0.331350
0.328673
0.325837
0.323038
0.319823
0.317072
0.314283
0.311034
0.308331
0.305673
0.303019
0.299610
0.296995
0.294190
0.291601
0.288487
0.285635
0.283024
0.280238
0.277130
0.274380
0.271709
0.269170
0.265916
0.263161
0.260665
0.258134
0.254945
0.252369
0.249846
0.246811
0.244341
0.241802
0.239346
0.236339
0.233853
0.231584
0.229153
0.226157
0.223944
0.221551
0.219391
0.216416
0.214152
0.211925
0.210001
0.207056
0.204877
0.202761
0.200123
0.197844
0.195950
0.193919
0.191315
0.189176
0.187228
0.185448
0.182814
0.180752
0.178875
0.176972
0.174546
0.172676
0.170837
0.169150
0.166728
0.164988
0.162849
0.161248
0.158848
0.157107
0.155442
0.153198
0.151611
0.149727
0.148133
0.146053
0.144323
0.142791
0.141289
0.139089
0.137530
0.136061
0.134598
0.132423
0.130997
0.129590
0.128405
0.126257
0.124754
0.123533
0.121593
0.120425
0.119115
0.117749
0.115902
0.114775
0.113423
0.112213
0.110612
0.109380
0.108293
0.107229
0.105556
0.104485
0.103133
0.102155
0.100488
0.099456
0.098500
0.097611
0.095957
0.095115
0.094330
0.092730
0.092061
0.091171
0.090663
0.089087
0.088291
0.087719
0.087241
0.085805
0.085014
0.084586
0.084216
0.082698
0.082203
0.081833
0.081562
0.080154
0.079751
0.079548
0.079153
0.077723
0.077621
0.077238
0.077017
0.075762
0.075588
0.075306
0.075089
0.074189
0.073695
0.073692
0.072542
0.072435
0.072224
0.072246
0.071086
0.070818
0.070879
0.070688
0.069703
0.069515
0.069692
0.069489
0.068356
0.068298
0.068294
0.068142
0.067357
0.067210
0.067317
0.067203
0.066185
0.066328
0.066384
0.065149
0.065318
0.065447
0.065434
0.064459
0.064535
0.064468
0.064557
0.063566
0.063646
0.063801
0.063896
0.063039
0.062889
0.063029
0.063169
0.062351
0.062478
0.062439
0.062602
0.061741
0.061740
0.061858
0.061154
0.061073
0.061246
0.061408
0.060555
0.060610
0.060791
0.060804
0.060022
0.060252
0.060323
0.060413
0.059742
0.059722
0.059720
0.059990
0.059343
0.059377
0.059463
0.058831
0.058956
0.058970
0.058946
0.058509
0.058597
0.058686
0.058615
0.058268
0.058259
0.058347
0.058708
0.057864
0.057855
0.057855
0.058415
0.057508
0.057642
0.057714
0.058075
0.057270
0.057439
0.057710
0.056868
0.057048
0.057218
0.057580
0.056773
0.056858
0.056903
0.057175
0.056648
0.056649
0.056829
0.057010
0.056291
0.056427
0.056608
0.056788
0.055987
0.056417
0.056508
0.055802
0.055749
0.056201
0.056291
0.055495
0.055672
0.056043
0.056043
0.055287
0.055558
0.055830
0.055916
0.055294
0.055384
0.055565
0.055656
0.055308
0.055262
0.055522
0.055884
0.055086
0.055173
0.055354
0.054900
0.054991
0.055076
0.055529
0.054772
0.054862
0.054859
0.055481
0.054769
0.054859
0.055131
0.055403
0.054692
0.054873
0.055145
0.055190
0.054646
0.054916
0.055097
0.054389
0.054744
0.054835
0.055016
0.054520
0.054867
0.054958
0.055049
0.054521
0.054747
0.054928
0.055018
0.054475
0.054745
0.054926
0.055107
0.054487
0.054578
0.054926
0.053454
0.051609
0.049926
0.049753
0.050050
0.050904
0.050929
0.051290
0.050542
0.049728
0.048678
0.048616
0.047765
0.047220
0.046701
0.047104
0.046442
0.046780
0.046024
0.045445
0.045843
0.045066
0.044290
0.044560
0.044018
0.043493
0.043799
0.043184
0.043614
0.042823
0.042461
0.042624
0.041992
0.041629
0.041901
0.041268
0.040907
0.041087
0.040545
0.040897
0.040365
0.039823
0.040094
0.039642
0.039100
0.039371
0.038920
0.039349
0.038830
0.038288
0.038559
0.038198
0.037747
0.038017
0.037565
0.037114
0.037385
0.037114
0.037375
0.036934
0.036573
0.036753
0.036482
0.035941
0.036392
0.035941
0.036460
0.035941
0.035400
0.035941
0.035220
0.035130
0.035220
0.035039
0.034499
0.035039
0.034499
0.034949
0.034499
0.034228
0.034499
0.034228
0.033778
0.034228
0.033778
0.034477
0.033688
0.033598
0.033688
0.033598
0.032968
0.033688
0.032968
0.032968
0.033058
0.032968
0.033058
0.032968
0.032428
0.032968
0.032518
0.032248
0.032698
0.032248
0.033036
0.032338
0.032158
0.032428
0.032158
0.031708
0.032248
0.031978
0.031528
0.031978
0.031618
0.032068
0.031708
0.031349
0.031888
0.031439
0.031145
0.031505
0.031145
0.031764
0.031235
0.031054
0.031235
0.031145
0.030874
0.031235
0.031054
0.031395
0.031145
0.030604
0.031145
0.030964
0.030513
0.031054
0.030513
0.030423
0.030694
0.030513
0.031249
0.030630
0.030540
0.030720
0.030630
0.030360
0.030630
0.030540
0.030968
0.030540
0.030270
0.030630
0.030540
0.030001
0.030540
0.030180
0.029911
0.030540
0.030001
0.030630
0.030091
0.030001
0.030540
0.030001
0.029911
0.030181
0.030001
0.030698
0.030001
0.029911
0.030180
0.030001
0.029821
0.030001
0.030001
0.029462
0.030001
0.029821
0.030091
0.030001
0.029462
0.030001
0.030001
0.029373
0.030001
0.029642
0.030249
0.030001
0.029462
0.030001
0.029821
0.029373
0.030001
0.029462
0.029373
0.029911
0.029373
0.030001
0.029731
0.029373
0.030001
0.029552
0.029373
0.029821
0.029373
0.030081
0.029731
0.029373
0.029911
0.029552
0.029373
0.029702
0.029342
0.030133
0.029702
0.029251
0.029792
0.029431
0.029251
0.029702
0.029342
0.029161
0.029702
0.029342
0.029961
0.029431
0.029251
0.029702
0.029342
0.029161
0.029612
0.029342
0.030042
0.029612
0.029342
0.029792
0.029342
0.029161
0.029821
0.029462
0.029283
0.029731
0.029462
0.029911
0.029642
0.029372
0.029731
0.029462
0.029372
0.029731
0.029462
0.029979
0.029731
0.027886
0.026211
0.025162
0.024174
0.024774
0.026769
0.029334
0.031094
0.031041
0.029529
0.027916
0.026820
0.026157
0.025849
0.026820
0.026765
0.027790
0.028739
0.028331
0.028797
0.028349
0.027793
0.027302
0.027975
0.027651
0.028253
0.028260
0.027864
0.028349
0.026634
0.024966
0.023803
0.023078
0.023494
0.025651
0.028199
0.030243
0.029993
0.028464
0.027111
0.025939
0.025171
0.025043
0.025922
0.026122
0.026980
0.027928
0.027520
0.027167
0.027602
0.027049
0.026746
0.027233
0.026999
0.026799
0.027426
0.027299
0.027694
0.027514
0.025615
0.023981
0.022891
0.023032
0.022677
0.024821
0.027445
0.029309
0.029263
0.027794
0.026359
0.025294
0.024533
0.024313
0.025277
0.026271
0.026323
0.027268
0.026860
0.027258
0.026972
0.026509
0.027007
0.026694
0.026459
0.026979
0.026886
0.026759
0.027154
0.025458
0.023915
0.022654
0.022096
0.022321
0.024713
0.027244
0.029018
0.029063
0.027523
0.026196
0.024935
0.024353
0.024224
0.025008
0.025213
0.026233
0.027178
0.026770
0.027330
0.026882
0.026419
0.025937
0.026604
0.026459
0.026169
0.026796
0.026849
0.027244
0.025279
0.024073
0.022564
0.022006
0.022321
0.024620
0.027245
0.029106
0.028071
0.027599
0.026276
0.024927
0.024263
0.024223
0.025008
0.025201
0.026143
0.026207
0.026680
0.026357
0.026792
0.026509
0.025937
0.026424
0.026369
0.026079
0.026706
0.026669
0.027236
0.025279
0.023894
0.022563
0.021828
0.022399
0.024440
0.027243
0.028319
0.028161
0.027600
0.026186
0.025105
0.024262
0.024133
0.025176
0.025291
0.026316
0.026284
0.026860
0.026447
0.026872
0.026419
0.026027
0.025795
0.026369
0.026349
0.026796
0.026669
0.024840
0.023241
0.022150
0.022262
0.021801
0.024980
0.026593
0.028456
0.028430
0.027054
0.025549
0.024500
0.023832
0.024362
0.024605
0.025589
0.025820
0.026498
0.026246
0.026752
0.026470
0.025919
0.026337
0.026106
0.025781
0.026389
0.026386
0.027046
0.026562
0.024972
0.023270
0.022175
0.021526
0.021741
0.024107
0.026707
0.028383
0.028525
0.027183
0.025513
0.024443
0.024044
0.023557
0.024426
0.024805
0.025820
0.026488
0.026263
0.027002
0.026290
0.025919
0.025545
0.026196
0.025781
0.026557
0.026386
0.026258
0.026742
0.026562
0.025547
0.023059
0.021969
0.022101
0.022517
0.024821
0.027266
0.028403
0.028273
0.027002
0.025329
0.024372
0.023708
0.024166
0.024515
0.025409
0.025550
0.026318
0.026173
0.026572
0.026110
0.025829
0.026158
0.025836
0.025691
0.026389
0.026206
0.026785
0.026562
0.026382
0.025207
0.022882
0.021814
0.021854
0.022428
0.024640
0.027175
0.027974
0.028005
0.026732
0.026204
0.024971
0.024394
0.024256
0.024157
0.025152
0.026259
0.026138
0.026793
0.026392
0.026110
0.026358
0.025978
0.025836
0.026230
0.026119
0.026026
0.026617
0.026292
0.025329
0.023002
0.021667
0.022044
0.022337
0.024713
0.027337
0.028045
0.028254
0.026732
0.025346
0.024102
0.023617
0.024182
0.024157
0.025409
0.025383
0.026318
0.025993
0.026482
0.026110
0.025664
0.026067
0.025836
0.025691
0.026119
0.026115
0.026707
0.026562
0.024622
0.023178
0.021998
0.022116
0.021740
0.024712
0.026372
0.028473
0.028434
0.026913
0.025436
0.024371
0.023617
0.024271
0.024515
0.025409
0.025640
0.026408
0.026353
0.026572
0.026289
0.025829
0.026337
0.026016
0.025870
0.026479
0.026295
0.027045
0.026652
0.026472
0.026977
0.025262
0.023723
0.022479
0.021862
0.022259
0.024498
0.027086
0.029034
0.028096
0.027469
0.026008
0.024831
0.024138
0.023920
0.024993
0.025120
0.026075
0.026131
0.026710
0.026383
0.026725
0.026255
0.026022
0.026516
0.026202
0.026184
0.026725
0.026688
0.027313
0.026880
0.026664
0.025454
0.023199
0.022027
0.022098
0.022789
0.024997
0.027560
0.028554
0.028659
0.027175
0.025552
0.024477
0.023783
0.024356
0.024536
0.025638
0.025700
0.026554
0.027295
0.026806
0.026337
0.026853
0.026450
0.026054
0.026793
0.026611
0.026429
0.026935
0.026880
0.025777
0.023245
0.022232
0.022187
0.022878
0.025050
0.027632
0.028782
0.028640
0.027175
0.025750
0.024567
0.023799
0.024553
0.024626
0.025719
0.025867
0.026734
0.026409
0.026806
0.026518
0.025960
0.331240
0.331989
0.332693
0.333532
0.431925
0.430596
0.429310
0.396357
0.394946
0.393740
0.392343
0.390927
0.389419
0.388129
0.386836
0.412695
0.411307
0.409983
0.408349
0.406509
0.404619
0.402871
0.400845
0.398605
0.396352
0.394006
0.391547
0.388819
0.386487
0.383924
0.381304
0.377911
0.373974
0.405392
0.401248
0.396814
0.392396
0.388457
0.383843
0.379633
0.375002
0.370881
0.366654
0.361953
0.357746
0.353243
0.348856
0.344414
0.339892
0.335208
0.330743
0.325984
0.321407
0.316966
0.312230
0.307791
0.303231
0.298472
0.294078
0.289342
0.284860
0.280407
0.275763
0.271512
0.267149
0.262395
0.258486
0.253984
0.250119
0.245802
0.241456
0.237541
0.233748
0.229826
0.225933
0.222284
0.218373
0.214834
0.210968
0.207439
0.204131
0.200491
0.197078
0.193999
0.190603
0.187293
0.184103
0.181197
0.178108
0.175125
0.172356
0.169451
0.166551
0.164013
0.161052
0.158544
0.155888
0.153303
0.150859
0.148658
0.146086
0.143758
0.141575
0.139125
0.136899
0.134730
0.132789
0.130481
0.128429
0.126485
0.124482
0.122359
0.120516
0.118526
0.116771
0.114920
0.113207
0.111273
0.109666
0.107867
0.106201
0.104618
0.102925
0.101389
0.099638
0.098053
0.096710
0.095230
0.093759
0.092281
0.090807
0.089458
0.088124
0.086910
0.085638
0.084902
0.084306
0.083660
0.082522
0.081414
0.079900
0.078258
0.077024
0.075954
0.074935
0.073750
0.072635
0.071462
0.070212
0.069133
0.067986
0.067173
0.065846
0.064994
0.063968
0.063001
0.062176
0.061188
0.060402
0.059490
0.058656
0.057947
0.057185
0.056214
0.055386
0.054664
0.053899
0.053559
0.053438
0.053018
0.052189
0.051913
0.051045
0.050323
0.049533
0.048876
0.048262
0.047524
0.046741
0.046061
0.045478
0.044655
0.043844
0.043211
0.042601
0.041992
0.041241
0.040586
0.040071
0.039546
0.038989
0.038637
0.037921
0.037061
0.036900
0.036781
0.036962
0.036838
0.037221
0.037040
0.037368
0.036722
0.035822
0.034724
0.034108
0.033577
0.033418
0.032999
0.032981
0.032781
0.032635
0.032433
0.032509
0.032009
0.031392
0.031613
0.031108
0.030832
0.030331
0.029277
0.028566
0.028516
0.028846
0.029687
0.031065
0.031707
0.031758
0.030878
0.029859
0.028624
0.028137
0.027968
0.026756
0.026270
0.026193
0.026000
0.027382
0.029142
0.030873
0.030771
0.029673
0.028382
0.027300
0.026512
0.026301
0.025951
0.025402
0.024771
0.025165
0.026777
0.028144
0.029681
0.029797
0.028735
0.027451
0.026473
0.025910
0.026151
0.026271
0.026981
0.027235
0.027963
0.027762
0.028221
0.027852
0.027794
0.028235
0.028019
0.027748
0.028354
0.028239
0.028831
0.028557
0.028320
0.028567
0.028662
0.028342
0.028749
0.028419
0.028798
0.028527
0.028291
0.028688
0.028441
0.027979
0.028539
0.028231
0.027212
0.025556
0.024718
0.025020
0.025408
0.027211
0.029256
0.030070
0.029596
0.028356
0.026760
0.025678
0.025077
0.025369
0.024378
0.023818
0.023237
0.023890
0.025379
0.027227
0.028161
0.028157
0.027610
0.026426
0.025662
0.025276
0.024872
0.024898
0.025733
0.026582
0.026501
0.027032
0.026884
0.026473
0.026840
0.026598
0.025625
0.024781
0.024163
0.024323
0.024752
0.026143
0.027906
0.028650
0.028471
0.027320
0.026182
0.025585
0.025263
0.025905
0.025885
0.026679
0.026901
0.027406
0.027419
0.027717
0.027545
0.027234
0.027568
0.027439
0.027305
0.026794
0.025684
0.025510
0.025153
0.025808
0.026689
0.028350
0.029234
0.029197
0.028648
0.027413
0.026617
0.026188
0.026213
0.026188
0.026923
0.027575
0.027631
0.027856
0.027813
0.027431
0.027663
0.027387
0.026496
0.025658
0.024951
0.025261
0.025598
0.026865
0.028719
0.029379
0.029195
0.028087
0.027076
0.026415
0.026161
0.026317
0.026484
0.027038
0.027369
0.027826
0.027742
0.028034
0.027758
0.027544
0.027908
0.027100
0.026065
0.025456
0.025199
0.025528
0.026791
0.028333
0.029610
0.029471
0.028415
0.027479
0.026892
0.026447
0.026503
0.027036
0.027347
0.027702
0.028407
0.028325
0.028243
0.028322
0.028016
0.027949
0.028281
0.027516
0.026786
0.026165
0.026128
0.026248
0.027256
0.029143
0.030258
0.030047
0.028880
0.028090
0.027610
0.027274
0.027010
0.027559
0.027715
0.028140
0.028706
0.028538
0.028315
0.028675
0.028280
0.028156
0.027712
0.026717
0.026374
0.026509
0.026822
0.028068
0.029585
0.030283
0.030130
0.029575
0.028553
0.027731
0.027303
0.027298
0.027441
0.027907
0.028420
0.028468
0.028875
0.028637
0.028379
0.028526
0.028486
0.028342
0.027779
0.026649
0.026235
0.026234
0.026441
0.027589
0.029020
0.029671
0.029663
0.029069
0.028093
0.027395
0.027208
0.026934
0.027090
0.027810
0.028301
0.028370
0.028867
0.028449
0.028263
0.028534
0.028428
0.028289
0.028037
0.026921
0.026372
0.026496
0.026833
0.027770
0.029334
0.029940
0.029801
0.029444
0.028636
0.027962
0.027729
0.027742
0.027892
0.028278
0.028882
0.028858
0.029252
0.029017
0.028739
0.029107
0.028762
0.028655
0.028308
0.027139
0.026454
0.026706
0.026853
0.027922
0.029558
0.030416
0.030150
0.029682
0.028714
0.028026
0.027667
0.027612
0.027622
0.028362
0.029135
0.028950
0.029520
0.029355
0.029193
0.029389
0.029103
0.028885
0.029427
0.028438
0.027868
0.027177
0.026939
0.027311
0.028729
0.030658
0.032021
0.032100
0.031148
0.030194
0.029426
0.029102
0.028891
0.029681
0.029949
0.030777
0.031525
0.031342
0.031716
0.031352
0.031179
0.030826
0.031337
0.031244
0.030698
0.029470
0.028808
0.028928
0.029276
0.030500
0.032328
0.033213
0.033274
0.032101
0.030983
0.030214
0.029942
0.030213
0.030393
0.031236
0.031461
0.032018
0.032496
0.032345
0.032142
0.032501
0.032335
0.032013
0.032279
0.032243
0.031344
0.030675
0.030100
0.030083
0.030136
0.032004
0.033139
0.034566
0.034592
0.033723
0.032706
0.032077
0.031855
0.032299
0.032396
0.033257
0.033356
0.034062
0.034065
0.034500
0.034297
0.034079
0.034529
0.034430
0.034400
0.034062
0.032859
0.032252
0.032459
0.032857
0.034111
0.035840
0.036650
0.036657
0.035801
0.035475
0.034648
0.034393
0.034493
0.034499
0.035285
0.035984
0.036095
0.036434
0.036251
0.036042
0.036302
0.036052
0.035806
0.036339
0.035321
0.034671
0.033826
0.033537
0.033769
0.035043
0.036343
0.037633
0.037785
0.036957
0.035994
0.035330
0.035015
0.034841
0.035461
0.035655
0.036210
0.036858
0.036633
0.036326
0.036674
0.036434
0.036215
0.036562
0.036472
0.035716
0.035083
0.034529
0.034812
0.035144
0.036282
0.037953
0.038429
0.038651
0.037685
0.036918
0.036287
0.036119
0.036458
0.036720
0.037458
0.037697
0.038279
0.038348
0.038713
0.038489
0.038450
0.038826
0.038569
0.038687
0.039056
0.038395
0.037672
0.037051
0.036678
0.037200
0.038126
0.039807
0.040699
0.040467
0.039318
0.038200
0.037250
0.036462
0.036281
0.036743
0.036834
0.037298
0.037672
0.037606
0.038030
0.037858
0.037659
0.037617
0.037991
0.037923
0.037894
0.036524
0.036104
0.036196
0.036756
0.038134
0.039796
0.040576
0.040788
0.040132
0.039210
0.038631
0.038124
0.038610
0.038684
0.038881
0.039017
0.039531
0.040190
0.039850
0.039463
0.039876
0.039660
0.039421
0.039543
0.039093
0.038599
0.038546
0.038029
0.037909
0.037383
0.036542
0.035729
0.034893
0.034336
0.034707
0.035847
0.037211
0.038040
0.037724
0.036530
0.035575
0.034941
0.034673
0.034686
0.035251
0.035533
0.036096
0.036444
0.036293
0.036353
0.036231
0.036457
0.036447
0.037006
0.037037
0.037609
0.036857
0.035959
0.035547
0.034861
0.035501
0.036486
0.038239
0.039176
0.039098
0.039150
0.038225
0.037697
0.037521
0.037662
0.037835
0.038053
0.038649
0.038284
0.038460
0.037843
0.037801
0.037101
0.037113
0.037348
0.036793
0.036700
0.037276
0.036810
0.036397
0.035161
0.035040
0.034762
0.035065
0.035940
0.037299
0.038222
0.038121
0.037479
0.037037
0.036495
0.036414
0.036874
0.036923
0.037490
0.037867
0.038534
0.038397
0.038455
0.038589
0.038708
0.038698
0.038564
0.038675
0.039238
0.038601
0.037589
0.037235
0.036968
0.037318
0.038621
0.039679
0.041024
0.040942
0.039871
0.039437
0.038863
0.038321
0.038028
0.038882
0.038713
0.039255
0.039895
0.039515
0.039707
0.039696
0.039187
0.039142
0.039308
0.039088
0.038798
0.039145
0.038608
0.037691
0.037145
0.037037
0.036618
0.037302
0.038640
0.039418
0.039341
0.038630
0.037752
0.037103
0.036811
0.036640
0.036966
0.037526
0.037606
0.037963
0.037793
0.037999
0.037671
0.037412
0.037564
0.037160
0.036882
0.037134
0.036689
0.035956
0.035077
0.034358
0.033901
0.033944
0.034376
0.035471
0.035823
0.035751
0.034595
0.033819
0.033087
0.032709
0.032777
0.032671
0.032854
0.032715
0.032977
0.032512
0.032711
0.032269
0.031896
0.031999
0.031738
0.031515
0.031731
0.031564
0.031692
0.030831
0.030019
0.029633
0.029269
0.029635
0.030470
0.032075
0.032461
0.032250
0.031836
0.030957
0.030448
0.030103
0.029927
0.030194
0.030281
0.030601
0.030800
0.031080
0.030844
0.030997
0.030689
0.030453
0.030483
0.030656
0.030450
0.030840
0.030771
0.030075
0.029241
0.028862
0.029050
0.028789
0.030067
0.031057
0.031753
0.031839
0.031049
0.030234
0.029698
0.029457
0.029767
0.029808
0.030340
0.030233
0.030649
0.030451
0.030680
0.030581
0.030145
0.030471
0.030083
0.030158
0.030345
0.029972
0.030340
0.029583
0.028740
0.028405
0.028209
0.028284
0.029424
0.030718
0.031102
0.030864
0.030518
0.029847
0.029200
0.028577
0.028596
0.029011
0.028823
0.029110
0.029134
0.029183
0.029072
0.029180
0.028933
0.028755
0.028623
0.028744
0.028738
0.029015
0.028942
0.028683
0.028023
0.027884
0.027889
0.028006
0.028867
0.029631
0.030263
0.030125
0.029588
0.029158
0.028610
0.028538
0.028604
0.028489
0.028872
0.029044
0.029138
0.029176
0.029315
0.029119
0.029003
0.029143
0.029013
0.028723
0.029178
0.029096
0.028938
0.029182
0.028729
0.028359
0.027335
0.026930
0.026932
0.027114
0.027918
0.029108
0.029612
0.029439
0.028575
0.027959
0.027729
0.027285
0.027507
0.027672
0.027901
