0.809096
0.809096
0.809096
0.809096
0.809096
0.809096
0.809096
0.809096
0.809102
0.809098
0.809077
0.808849
0.808489
0.807876
0.806964
0.805699
0.804525
0.803094
0.801841
0.800280
0.798688
0.797526
0.796433
0.795461
0.794115
0.792799
0.791271
0.789550
0.787649
0.785350
0.782813
0.779998
0.777180
0.774180
0.771297
0.768670
0.766009
0.763442
0.760948
0.758098
0.755116
0.752243
0.749290
0.746540
0.743707
0.740938
0.738003
0.735259
0.732491
0.729391
0.726549
0.723180
0.720021
0.717193
0.714086
0.711298
0.708645
0.706124
0.703468
0.700797
0.698219
0.695422
0.692666
0.689901
0.687299
0.684553
0.681818
0.679233
0.676566
0.673978
0.671319
0.668690
0.666117
0.663594
0.660964
0.658294
0.655744
0.653043
0.650503
0.647966
0.645442
0.642959
0.640283
0.637881
0.635346
0.632927
0.630470
0.627959
0.625483
0.622976
0.620466
0.618092
0.615717
0.613440
0.610968
0.608448
0.606182
0.604002
0.602041
0.600519
0.599311
0.598253
0.597336
0.596113
0.594737
0.593399
0.591825
0.590201
0.588335
0.586635
0.585037
0.583548
0.582096
0.580770
0.579240
0.577807
0.576330
0.574929
0.573537
0.572407
0.571314
0.570030
0.568775
0.567401
0.565716
0.563625
0.561780
0.559806
0.557682
0.555576
0.553683
0.551815
0.549725
0.547384
0.545240
0.542767
0.540307
0.537651
0.535035
0.532757
0.530523
0.528066
0.526056
0.523579
0.521290
0.518994
0.516673
0.514366
0.512188
0.509953
0.507699
0.505641
0.503463
0.501357
0.499223
0.497059
0.495019
0.493083
0.491026
0.488993
0.486987
0.485027
0.482991
0.481032
0.479161
0.477314
0.475238
0.473363
0.471437
0.469653
0.467850
0.466143
0.464375
0.462416
0.460856
0.458987
0.457143
0.455500
0.453866
0.452291
0.450578
0.449097
0.447495
0.445983
0.444294
0.442873
0.441451
0.439901
0.438381
0.436989
0.435440
0.434004
0.432710
0.431388
0.430096
0.428702
0.427320
0.425935
0.424572
0.423466
0.422112
0.420901
0.419578
0.418382
0.417114
0.416195
0.414960
0.413892
0.412769
0.411813
0.410698
0.409674
0.408769
0.407778
0.406879
0.405915
0.405043
0.404022
0.403191
0.402328
0.401424
0.400592
0.399976
0.399136
0.398189
0.397438
0.396561
0.396068
0.395275
0.394541
0.393958
0.393132
0.392664
0.391868
0.391361
0.390751
0.390075
0.389535
0.389070
0.388333
0.387894
0.387211
0.386833
0.386315
0.385709
0.385212
0.384863
0.384355
0.383957
0.383610
0.382975
0.382701
0.382211
0.381964
0.381424
0.381094
0.380760
0.380408
0.379924
0.379597
0.379278
0.379076
0.378571
0.378459
0.378119
0.377710
0.377459
0.377069
0.377005
0.376570
0.376162
0.376021
0.375556
0.375436
0.375371
0.375078
0.374781
0.374598
0.374380
0.374241
0.374058
0.373966
0.373583
0.373477
0.373473
0.373117
0.373189
0.372906
0.372772
0.372591
0.372578
0.372303
0.372385
0.372330
0.372028
0.372012
0.371636
0.371406
0.371504
0.371435
0.371191
0.370919
0.370829
0.370720
0.370557
0.370503
0.370445
0.370397
0.370359
0.370262
0.370231
0.370109
0.370160
0.369995
0.370019
0.369977
0.369980
0.369996
0.369958
0.369900
0.369888
0.369880
0.369918
0.370028
0.369818
0.369950
0.369884
0.369921
0.369928
0.369733
0.369879
0.369879
0.369896
0.369891
0.369972
0.369894
0.369887
0.369824
0.369965
0.369995
0.369998
0.370085
0.370195
0.370406
0.370289
0.370250
0.370499
0.370420
0.370682
0.370759
0.370581
0.370683
0.370682
0.370799
0.370844
0.370881
0.370948
0.371034
0.370930
0.370932
0.370842
0.370791
0.370862
0.370774
0.370789
0.370723
0.370647
0.370701
0.370706
0.370750
0.370812
0.370937
0.370816
0.370910
0.370910
0.370944
0.370836
0.370919
0.371057
0.371028
0.371114
0.371133
0.371086
0.371129
0.371032
0.371134
0.371192
0.371141
0.371196
0.371273
0.370855
0.370748
0.370819
0.370796
0.370461
0.370398
0.370270
0.370255
0.370266
0.370258
0.518455
0.518477
0.518433
0.518492
0.518478
0.518579
0.518461
0.518631
0.518710
0.518827
0.519110
0.519379
0.519401
0.519550
0.519543
0.519547
0.519482
0.519332
0.519138
0.519053
0.375146
0.375009
0.374689
0.374622
0.374334
0.374196
0.374296
0.374290
0.374529
0.374596
0.374675
0.374552
0.374220
0.374050
0.373853
0.373772
0.373962
0.374047
0.374102
0.373888
0.373642
0.373213
0.372907
0.372580
0.372352
0.372199
0.371770
0.371521
0.371020
0.370384
0.369742
0.369091
0.368599
0.367808
0.367409
0.366687
0.366176
0.365559
0.364984
0.364558
0.363967
0.363335
0.362700
0.362213
0.361486
0.361080
0.360424
0.359920
0.359307
0.358799
0.358152
0.357740
0.357069
0.356553
0.355973
0.355298
0.354949
0.354286
0.353756
0.353134
0.352722
0.352122
0.351377
0.350604
0.350055
0.349431
0.348886
0.348312
0.347761
0.347200
0.346575
0.346113
0.345597
0.345105
0.344591
0.344048
0.343539
0.343021
0.342527
0.341962
0.341433
0.340919
0.340507
0.339957
0.339613
0.339087
0.338732
0.338269
0.337769
0.337221
0.336371
0.335476
0.334459
0.333365
0.332319
0.331231
0.330217
0.329355
0.328322
0.327544
0.326741
0.325669
0.324800
0.323686
0.322714
0.321810
0.320893
0.319937
0.318982
0.318024
0.317058
0.316213
0.315207
0.314379
0.313416
0.312524
0.311409
0.310601
0.309423
0.308442
0.307137
0.305770
0.304325
0.302839
0.301312
0.299777
0.298219
0.296774
0.295454
0.293938
0.292521
0.291021
0.289507
0.287960
0.286480
0.285061
0.283456
0.282044
0.280509
0.279123
0.277631
0.276158
0.274692
0.273315
0.271790
0.270206
0.268795
0.267343
0.266031
0.264416
0.263015
0.261519
0.260129
0.258699
0.256963
0.255430
0.253918
0.252446
0.251064
0.249700
0.248182
0.246874
0.245452
0.244209
0.242909
0.241587
0.240228
0.238984
0.237802
0.236456
0.235223
0.234031
0.232851
0.231674
0.230514
0.229207
0.228245
0.226960
0.225945
0.224678
0.223643
0.222555
0.221426
0.220405
0.219311
0.218351
0.217205
0.216238
0.215224
0.214294
0.213189
0.212212
0.211328
0.210324
0.209473
0.208430
0.207674
0.206767
0.206003
0.205041
0.204152
0.203358
0.202537
0.201747
0.200918
0.200116
0.199309
0.198605
0.197738
0.196979
0.196154
0.195536
0.194681
0.193858
0.193100
0.192463
0.191770
0.191048
0.190402
0.189657
0.189034
0.188254
0.187557
0.186911
0.186267
0.185557
0.184855
0.184197
0.183530
0.183000
0.182499
0.181888
0.181276
0.180748
0.180158
0.179488
0.179071
0.178479
0.177952
0.177457
0.176995
0.176416
0.175918
0.175467
0.174983
0.174554
0.173787
0.173079
0.172719
0.172221
0.171767
0.171315
0.170830
0.170460
0.169996
0.169760
0.169224
0.168930
0.168476
0.168191
0.167879
0.167403
0.167127
0.166814
0.166542
0.166271
0.166019
0.165658
0.165390
0.165098
0.164769
0.164469
0.164317
0.164074
0.163724
0.163478
0.163290
0.163210
0.162927
0.162698
0.162431
0.162323
0.161955
0.161660
0.161326
0.161009
0.160275
0.159372
0.157743
0.156022
0.154096
0.152152
0.150320
0.149038
0.147952
0.147246
0.147026
0.146653
0.146439
0.146065
0.145408
0.144443
0.143364
0.142418
0.141527
0.140588
0.139893
0.139203
0.138445
0.137696
0.137008
0.136186
0.135381
0.134594
0.133899
0.133011
0.132320
0.131481
0.130819
0.130053
0.129300
0.128500
0.127864
0.127060
0.126454
0.125504
0.124895
0.124087
0.123520
0.122723
0.121996
0.121288
0.120633
0.119822
0.119130
0.118324
0.117325
0.116506
0.115741
0.114970
0.114239
0.113556
0.112796
0.112017
0.111293
0.110586
0.109955
0.109161
0.108391
0.107796
0.107054
0.106404
0.105774
0.104893
0.104344
0.103656
0.102910
0.102285
0.101693
0.100909
0.100171
0.099546
0.098976
0.098234
0.097604
0.096943
0.096370
0.095603
0.095035
0.094380
0.093758
0.093073
0.092333
0.091658
0.091063
0.090410
0.089671
0.088991
0.088365
0.087748
0.086979
0.086383
0.085834
0.085255
0.084646
0.083991
0.083409
0.082891
0.082177
0.081579
0.081060
0.080464
0.079954
0.079429
0.078780
0.078298
0.077759
0.077098
0.076572
0.075892
0.075353
0.074815
0.074238
0.073475
0.072922
0.072316
0.071653
0.071066
0.070507
0.069942
0.069385
0.068901
0.068320
0.067785
0.067338
0.066786
0.066289
0.065750
0.065167
0.064663
0.064216
0.063710
0.063161
0.062630
0.062129
0.061591
0.061144
0.060356
0.059882
0.059336
0.058787
0.058121
0.057675
0.057188
0.056705
0.056226
0.055721
0.055249
0.054803
0.054337
0.053891
0.053428
0.052937
0.052490
0.052101
0.051704
0.051257
0.050756
0.050321
0.049874
0.049481
0.049034
0.048663
0.048305
0.047935
0.047588
0.047187
0.046798
0.046434
0.046098
0.045703
0.045313
0.045037
0.044590
0.044255
0.043900
0.043454
0.043120
0.042730
0.042313
0.042015
0.041701
0.041344
0.040974
0.040722
0.040436
0.040046
0.039740
0.039460
0.039100
0.038857
0.038464
0.038164
0.037864
0.037592
0.037262
0.036993
0.036663
0.036398
0.036124
0.035824
0.035529
0.035228
0.034990
0.034747
0.034114
0.033762
0.033333
0.033022
0.032738
0.032442
0.032159
0.031917
0.031586
0.031348
0.031079
0.030841
0.030578
0.030313
0.030107
0.029907
0.029612
0.029371
0.029165
0.028912
0.028706
0.028465
0.028316
0.027771
0.027475
0.027167
0.026850
0.026601
0.026452
0.026171
0.026015
0.025837
0.025596
0.025422
0.025217
0.025010
0.024805
0.024621
0.024458
0.024309
0.024103
0.023942
0.023793
0.023587
0.023463
0.023257
0.023134
0.022953
0.022879
0.022822
0.022658
0.022641
0.022481
0.022392
0.022229
0.022193
0.022099
0.021980
0.021909
0.021763
0.021698
0.021552
0.021428
0.021365
0.021218
0.021129
0.021035
0.021021
0.020934
0.020865
0.020819
0.020837
0.020699
0.020693
0.020661
0.020458
0.020421
0.020423
0.020286
0.020292
0.020228
0.020122
0.020090
0.020043
0.019898
0.019897
0.019846
0.019787
0.019643
0.019598
0.019569
0.019117
0.018943
0.018802
0.018698
0.018569
0.018511
0.018385
0.018257
0.018142
0.018140
0.018055
0.017987
0.017852
0.017852
0.017732
0.017658
0.017602
0.017516
0.017459
0.017393
0.017365
0.017107
0.016695
0.016587
0.016415
0.016310
0.016170
0.016101
0.016053
0.015927
0.015794
0.015788
0.015643
0.015617
0.015530
0.015530
0.015438
0.015421
0.015306
0.015211
0.015169
0.015109
0.015109
0.015050
0.014963
0.014899
0.014899
0.014899
0.014885
0.014917
0.014900
0.014886
0.014872
0.014842
0.014834
0.014885
0.014937
0.014878
0.014902
0.014786
0.014841
0.014841
0.014781
0.014773
0.014713
0.014713
0.014770
0.014729
0.014732
0.014809
0.014820
0.014936
0.014967
0.014978
0.015022
0.015022
0.015042
0.015122
0.015150
0.015152
0.015215
0.015215
0.015253
0.015253
0.015253
0.015346
0.015296
0.015272
0.015310
0.015262
0.015320
0.015320
0.014982
0.014925
0.014827
0.014758
0.014715
0.014670
0.014630
0.014594
0.014652
0.014576
0.014595
0.014574
0.014552
0.014552
0.014511
0.014494
0.014494
0.014494
0.014445
0.014445
0.014445
0.013809
0.013717
0.013541
0.013409
0.013334
0.013334
0.013265
0.013202
0.013115
0.013092
0.013045
0.013016
0.012981
0.012981
0.012923
0.012894
0.012894
0.012894
0.012884
0.012877
0.012818
0.012818
0.012818
0.012785
0.012782
0.012857
0.012890
0.012906
0.012949
0.012995
0.012995
0.013043
0.013097
0.013152
0.013152
0.013146
0.013146
0.013201
0.013201
0.013172
0.013228
0.013228
0.013228
0.013285
0.013285
0.013361
0.013393
0.013470
0.013648
0.013726
0.013803
0.013895
0.013992
0.013992
0.014093
0.014197
0.014250
0.014363
0.014417
0.014417
0.014529
0.014529
0.014529
0.014642
0.014642
0.014642
0.014699
0.014699
0.014757
0.014757
0.014419
0.014425
0.014327
0.014281
0.014238
0.014238
0.014198
0.014220
0.014220
0.014188
0.014220
