0.441225
0.441225
0.441225
0.441225
0.441225
0.441225
0.441225
0.441225
0.441225
0.441225
0.441225
0.441225
0.441225
0.441225
0.441225
0.441225
0.441225
0.441225
0.441225
0.441225
0.441225
0.441225
0.441055
0.440568
0.438847
0.436442
0.433035
0.429037
0.425156
0.421383
0.417877
0.414689
0.411521
0.408449
0.405325
0.402080
0.398591
0.394956
0.391537
0.387840
0.384434
0.380877
0.377533
0.374224
0.370832
0.367441
0.364027
0.360672
0.357305
0.353973
0.350579
0.347076
0.343893
0.340666
0.337259
0.334079
0.330809
0.327648
0.324401
0.321079
0.317961
0.314580
0.311548
0.308343
0.305277
0.302112
0.298888
0.295753
0.292769
0.289503
0.286659
0.283558
0.280409
0.277539
0.274385
0.271446
0.268514
0.265469
0.262499
0.259521
0.256711
0.253796
0.250856
0.247984
0.245162
0.242344
0.239618
0.236653
0.234063
0.231155
0.228492
0.225720
0.223070
0.220248
0.217641
0.214987
0.212288
0.209743
0.207153
0.204563
0.202231
0.199592
0.197047
0.194663
0.192244
0.189865
0.187319
0.184953
0.182684
0.180417
0.178062
0.175716
0.173550
0.171418
0.169143
0.167014
0.164969
0.162840
0.160632
0.158750
0.156698
0.154564
0.152644
0.150680
0.148627
0.146731
0.144885
0.143044
0.141088
0.139292
0.137451
0.135711
0.133992
0.132260
0.130513
0.128848
0.127111
0.125390
0.123758
0.122235
0.120575
0.119036
0.117453
0.115888
0.114407
0.113032
0.111479
0.109991
0.108677
0.107116
0.105865
0.104345
0.103056
0.101623
0.100334
0.099190
0.097715
0.096517
0.095414
0.094119
0.092728
0.091616
0.090373
0.089196
0.088061
0.086827
0.085908
0.084643
0.083672
0.082505
0.081371
0.080283
0.079251
0.078397
0.077263
0.076360
0.075328
0.074329
0.073382
0.072319
0.071483
0.070536
0.069478
0.068677
0.067820
0.066894
0.065992
0.065171
0.064367
0.063448
0.062741
0.061963
0.061174
0.060330
0.059502
0.058601
0.057999
0.057177
0.056477
0.055742
0.054931
0.054341
0.053694
0.052819
0.052259
0.051527
0.050884
0.050263
0.049477
0.048940
0.048263
0.047734
0.047097
0.046419
0.045893
0.045226
0.044551
0.044164
0.043630
0.042992
0.042479
0.041893
0.041261
0.040800
0.040264
0.039933
0.039222
0.038711
0.038265
0.037666
0.037289
0.036876
0.036266
0.035781
0.035382
0.034899
0.034476
0.034146
0.033706
0.033188
0.032635
0.032298
0.031800
0.031501
0.031128
0.030763
0.030240
0.029962
0.029592
0.029114
0.028810
0.028469
0.028129
0.027747
0.027420
0.027099
0.026788
0.026364
0.026074
0.025806
0.025454
0.025210
0.024863
0.024591
0.024235
0.023852
0.023726
0.023415
0.023100
0.022841
0.022485
0.022363
0.021928
0.021785
0.021442
0.021180
0.021047
0.020721
0.020362
0.020270
0.020048
0.019762
0.019650
0.019300
0.018950
0.018864
0.018606
0.018391
0.018224
0.017868
0.017696
0.017561
0.017423
0.017090
0.016911
0.016796
0.016561
0.016412
0.016320
0.016093
0.015787
0.015673
0.015539
0.015306
0.015071
0.014957
0.014957
0.014679
0.014513
0.014300
0.014251
0.014159
0.014011
0.013759
0.013701
0.013523
0.013391
0.013283
0.013221
0.013070
0.012935
0.012827
0.012751
0.012616
0.012471
0.012304
0.012198
0.012198
0.012086
0.011991
0.011870
0.011814
0.011656
0.011568
0.011505
0.011355
0.011253
0.011198
0.011111
0.011111
0.011007
0.010734
0.010734
0.010679
0.010627
0.010578
0.010578
0.010421
0.010329
0.010303
0.010199
0.010122
0.010122
0.010034
0.009997
0.009997
0.009889
0.009889
0.009783
0.009747
0.009690
0.009603
0.009603
0.009603
0.009577
0.009577
0.009523
0.009415
0.009365
0.009365
0.009327
0.009327
0.009292
0.009292
0.009292
0.009242
0.009242
0.009242
0.009242
0.009205
0.009205
0.009205
0.009154
0.009154
0.009154
0.009154
0.009154
0.009154
0.009154
0.009154
0.009118
0.009067
0.009067
0.009067
0.009067
0.009067
0.009067
0.009067
0.009067
0.009067
0.009067
0.009067
0.009067
0.009067
0.009067
0.009067
0.009067
0.009067
0.009067
0.009067
0.009067
0.009067
0.009067
0.009067
0.009067
0.009067
0.009067
0.009067
0.009067
0.009067
0.009067
0.009067
0.009067
0.009067
0.009067
0.009067
0.009067
0.009067
0.009067
0.009067
0.009067
0.009067
0.009067
0.009067
0.009067
0.009067
0.009067
0.009067
0.009067
0.009067
0.009067
0.009067
0.009067
0.009067
0.009067
0.009067
0.009067
0.009067
0.009067
0.009067
0.009067
0.009067
0.009067
0.009067
0.009067
0.009067
0.009067
0.009067
0.009067
0.009067
0.009067
0.009067
0.009067
0.009067
0.009067
0.009067
0.009067
0.009067
0.009067
0.009067
0.009067
0.009067
0.009067
0.009067
0.009067
0.009067
0.009067
0.009067
0.009067
0.009067
0.009067
0.009067
0.009067
0.009067
0.009067
0.009067
0.009067
0.009067
0.009067
0.009067
0.009067
0.009067
0.009067
0.009067
0.009067
0.009067
0.009067
0.009067
0.009067
0.009067
0.009067
0.009067
0.009067
0.009067
0.009067
0.009067
0.009067
0.009067
0.009067
0.009067
0.009067
0.009067
0.009067
0.009067
0.009067
0.009067
0.009067
0.009067
0.009067
0.009067
0.009067
0.009067
0.009067
0.009067
0.009067
0.009067
0.009067
0.009067
0.009067
0.009067
0.009067
0.009067
0.009067
0.009067
0.009067
0.009067
0.009067
0.009067
0.009067
0.009067
0.009067
0.009067
0.009067
0.009067
0.009067
0.009067
0.009067
0.009067
0.009067
0.009067
0.009067
0.009067
0.009067
0.009067
0.009067
0.009067
0.009067
0.009067
0.009067
0.009067
0.009067
0.009067
0.009067
0.009067
0.009067
0.009067
0.009067
0.009067
0.009067
0.009067
0.009067
0.009067
0.009067
0.009067
0.009067
0.009067
0.009067
0.009067
0.009067
0.009067
0.009067
0.009067
0.009067
0.009067
0.009067
0.009067
0.009067
0.009067
0.009067
0.009067
0.009067
0.009067
0.009067
0.009067
0.009067
0.009067
0.009067
0.009067
0.009067
0.009067
0.009067
0.009067
0.009067
0.009067
0.009067
0.009067
0.009067
0.009067
0.009067
0.009067
0.009067
0.009067
0.009067
0.009067
0.009067
0.009067
0.009067
0.009067
0.009067
0.009067
0.009067
0.009067
0.009067
0.009067
0.009067
0.009067
0.009067
0.009067
0.009067
0.009067
0.009067
0.009067
0.009067
0.009067
0.009067
0.009067
0.009067
0.009067
0.009067
0.009067
0.009067
0.009067
0.009067
0.009067
0.009067
0.009067
0.009067
0.009067
0.009067
0.009067
0.009067
0.009067
0.009067
0.009067
0.009067
0.009067
0.009067
0.009067
0.009067
0.009067
0.009067
0.009067
0.009067
0.009067
0.009067
0.009067
0.009067
0.009067
0.009067
0.009067
0.009067
0.009067
0.009067
0.009067
0.009067
0.009067
0.009067
0.009067
0.009067
0.009067
0.009067
0.009067
0.009067
0.009067
0.009067
0.009067
0.009067
0.009067
0.009067
0.009067
0.009067
0.009067
0.009067
0.009067
0.009067
0.009067
0.009067
0.009067
0.009067
0.009067
