0.766996
0.766996
0.766996
0.766996
0.766996
0.766996
0.766996
0.766996
0.766996
0.766996
0.766996
0.766996
0.766996
0.766996
0.766996
0.766996
0.766996
0.766996
0.766996
0.766996
0.766996
0.766996
0.766961
0.766870
0.766897
0.766603
0.766052
0.764893
0.763720
0.762375
0.761071
0.759847
0.758482
0.757202
0.755457
0.753416
0.751130
0.748836
0.746335
0.744035
0.741621
0.739295
0.736934
0.734437
0.731648
0.728654
0.725597
0.722435
0.719190
0.715842
0.712462
0.708917
0.705204
0.701479
0.697832
0.694202
0.690458
0.686991
0.683322
0.679724
0.676166
0.672595
0.669094
0.665350
0.661710
0.658180
0.654734
0.651043
0.647372
0.643889
0.640422
0.636914
0.633443
0.629914
0.626357
0.622956
0.619385
0.615891
0.612418
0.609010
0.605489
0.602046
0.598740
0.595331
0.591825
0.588441
0.585047
0.581724
0.578346
0.574972
0.571444
0.568200
0.564988
0.561418
0.558151
0.554913
0.551559
0.548269
0.545032
0.541711
0.538512
0.535221
0.531950
0.528781
0.525656
0.522294
0.519097
0.516015
0.512747
0.509578
0.506409
0.503195
0.500202
0.497203
0.494104
0.491069
0.488137
0.485169
0.482097
0.479159
0.476045
0.473106
0.470220
0.467144
0.464260
0.461331
0.458376
0.455431
0.452506
0.449564
0.446788
0.443997
0.441306
0.438628
0.436054
0.433360
0.430756
0.428230
0.425357
0.422743
0.419983
0.417216
0.414466
0.411833
0.409109
0.406474
0.403762
0.401016
0.398401
0.395620
0.393017
0.390188
0.387595
0.384916
0.382220
0.379525
0.376882
0.374178
0.371559
0.368925
0.366347
0.363680
0.360988
0.358453
0.355837
0.353346
0.350675
0.348215
0.345617
0.343146
0.340610
0.338090
0.335501
0.333046
0.330541
0.327899
0.325583
0.323126
0.320595
0.318086
0.315544
0.313065
0.310656
0.308029
0.305656
0.303237
0.300772
0.298159
0.295760
0.293276
0.290832
0.288390
0.285965
0.283388
0.280997
0.278531
0.276123
0.273608
0.271125
0.268787
0.266368
0.263891
0.261500
0.259162
0.256743
0.254421
0.252131
0.249706
0.247401
0.245294
0.242916
0.240675
0.238572
0.236258
0.234050
0.231708
0.229632
0.227456
0.225212
0.223032
0.220867
0.218788
0.216728
0.214576
0.212505
0.210387
0.208282
0.206339
0.204327
0.202084
0.200144
0.198048
0.196253
0.194191
0.192222
0.190276
0.188288
0.186457
0.184418
0.182556
0.180570
0.178878
0.177000
0.175050
0.173240
0.171342
0.169575
0.167762
0.165903
0.164234
0.162437
0.160685
0.158969
0.157128
0.155515
0.153703
0.152136
0.150424
0.148583
0.146956
0.145255
0.143617
0.142087
0.140395
0.138871
0.137212
0.135616
0.134195
0.132467
0.131012
0.129588
0.128039
0.126566
0.125024
0.123569
0.122101
0.120664
0.119292
0.117868
0.116440
0.115016
0.113775
0.112409
0.110889
0.109579
0.108304
0.107028
0.105708
0.104424
0.103122
0.101839
0.100630
0.099303
0.098112
0.096977
0.095693
0.094507
0.093329
0.092109
0.090875
0.089707
0.088587
0.087501
0.086412
0.085249
0.084160
0.083086
0.082027
0.080963
0.079977
0.078944
0.077979
0.076968
0.075988
0.075004
0.074069
0.073119
0.072302
0.071360
0.070434
0.069471
0.068628
0.067828
0.066972
0.066200
0.065287
0.064484
0.063648
0.062957
0.062163
0.061264
0.060516
0.059761
0.059061
0.058351
0.057635
0.056795
0.056178
0.055482
0.054852
0.054091
0.053503
0.052855
0.052093
0.051543
0.050874
0.050147
0.049654
0.049060
0.048456
0.047719
0.047316
0.046692
0.046070
0.045511
0.044917
0.044492
0.043916
0.043315
0.042843
0.042374
0.041780
0.041258
0.040774
0.040380
0.039717
0.039369
0.038886
0.038362
0.038011
0.037472
0.037085
0.036640
0.036106
0.035786
0.035388
0.034980
0.034582
0.034169
0.033744
0.033385
0.032996
0.032591
0.032236
0.031849
0.031478
0.031110
0.030833
0.030398
0.030141
0.029807
0.029444
0.029100
0.028714
0.028373
0.028185
0.027914
0.027486
0.027167
0.026961
0.026619
0.026362
0.026067
0.025751
0.025485
0.025137
0.024921
0.024609
0.024368
0.024152
0.023827
0.023538
0.023305
0.022987
0.022796
0.022589
0.022340
0.022181
0.021872
0.021648
0.021419
0.021182
0.020946
0.020738
0.020527
0.020346
0.020130
0.019983
0.019776
0.019542
0.019278
0.019164
0.018901
0.018779
0.018538
0.018367
0.018182
0.018069
0.017817
0.017667
0.017561
0.017348
0.017132
0.016982
0.016837
0.016727
0.016548
0.016413
0.016256
0.016120
0.015967
0.015861
0.015742
0.015593
0.015395
0.015285
0.015139
0.015124
0.014896
0.014757
0.014646
0.014569
0.014367
0.014360
0.014129
0.014032
0.013952
0.013913
0.013777
0.013660
0.013495
0.013351
0.013269
0.013199
0.013093
0.013053
0.012870
0.012818
0.012752
0.012602
0.012541
0.012471
0.012327
0.012247
0.012247
0.012142
0.012071
0.012071
0.011912
0.011782
0.011760
0.011642
0.011642
0.011545
0.011466
0.011426
0.011362
0.011322
0.011216
0.011176
0.011106
0.011106
0.011066
0.010940
0.010900
0.010795
0.010755
0.010751
0.010725
0.010615
0.010535
0.010535
0.010535
0.010469
0.010399
0.010357
0.010317
0.010277
0.010237
0.010181
0.010181
0.010141
0.010101
0.010021
0.009992
0.009925
0.009925
0.009925
0.009885
0.009885
0.009816
0.009816
0.009789
0.009749
0.009749
0.009710
0.009680
0.009680
0.009680
0.009640
0.009574
0.009574
0.009574
0.009544
0.009544
0.009464
0.009460
0.009460
0.009434
0.009434
0.009434
0.009363
0.009323
0.009323
0.009323
0.009321
0.009321
0.009282
0.009256
0.009225
0.009225
0.009225
0.009225
0.009225
0.009185
0.009185
0.009185
0.009185
0.009185
0.009129
0.009129
0.009129
0.009129
0.009129
0.009129
0.009129
0.009129
0.009129
0.009129
0.009129
0.009129
0.009129
0.009129
0.009129
0.009129
0.009129
0.009129
0.009129
0.009129
0.009129
0.009129
0.009129
0.009129
0.009129
0.009129
0.009129
0.009129
0.009129
0.009129
0.009129
0.009129
0.009129
0.009129
0.009129
0.009129
0.009129
0.009129
0.009129
0.009129
0.009129
0.009129
0.009129
0.009129
0.009129
0.009129
0.009129
0.009129
0.009129
0.009129
0.009129
0.009129
0.009129
0.009129
0.009129
0.009129
0.009129
0.009129
0.009129
0.009129
0.009129
0.009129
0.009129
0.009129
0.009129
0.009129
0.009129
0.009129
0.009129
0.009129
0.009129
0.009129
0.009129
0.009129
0.009129
0.009129
0.009129
0.009129
0.009129
0.009129
0.009129
0.009129
0.009129
0.009129
0.009129
0.009129
0.009129
0.009129
0.009129
0.009129
0.009129
0.009129
0.009129
0.009129
0.009129
0.009129
0.009129
0.009129
0.009129
0.009129
0.009129
0.009129
0.009129
0.009129
0.009129
0.009129
0.009129
0.009129
0.009129
0.009129
0.009129
0.009129
0.009129
0.009129
0.009129
0.009129
0.009129
0.009129
0.009129
0.009129
0.009129
0.009129
0.009129
0.009129
0.009129
0.009129
0.009129
0.009129
0.009129
0.009129
0.009129
