0.759386
0.759386
0.759386
0.759386
0.759386
0.759386
0.759386
0.759386
0.759386
0.759386
0.759386
0.759386
0.759386
0.759386
0.759386
0.759386
0.759386
0.759386
0.759386
0.759386
0.759386
0.759386
0.759386
0.759275
0.759128
0.758870
0.758573
0.757994
0.756953
0.756004
0.754732
0.753578
0.752058
0.750079
0.747595
0.744751
0.741691
0.738608
0.735252
0.732068
0.728820
0.725497
0.722083
0.718361
0.714645
0.710690
0.706799
0.702653
0.698816
0.694897
0.691060
0.687213
0.683405
0.679553
0.675481
0.671711
0.667855
0.663972
0.660084
0.656148
0.652251
0.648436
0.644554
0.640790
0.636928
0.633149
0.629240
0.625544
0.621777
0.617911
0.614077
0.610250
0.606552
0.602711
0.599005
0.595227
0.591509
0.587725
0.584023
0.580336
0.576645
0.572984
0.569304
0.565576
0.561975
0.558242
0.554651
0.551021
0.547496
0.543813
0.540421
0.537063
0.533535
0.530218
0.526697
0.523297
0.519753
0.516346
0.512948
0.509506
0.506112
0.502672
0.499338
0.495973
0.492555
0.489255
0.485903
0.482624
0.479054
0.475873
0.472578
0.469238
0.465968
0.462646
0.459300
0.456141
0.452942
0.449714
0.446455
0.443300
0.440133
0.436992
0.433901
0.430722
0.427650
0.424659
0.421725
0.418607
0.415716
0.412786
0.409892
0.406984
0.404172
0.401219
0.398267
0.395236
0.392173
0.389224
0.386170
0.383076
0.380145
0.377361
0.374305
0.371519
0.368627
0.365702
0.362917
0.359942
0.357085
0.354207
0.351315
0.348479
0.345684
0.343046
0.340070
0.337441
0.334642
0.332020
0.329173
0.326459
0.323871
0.321194
0.318345
0.315826
0.313235
0.310508
0.307921
0.305458
0.302739
0.300272
0.297624
0.295269
0.292676
0.290132
0.287572
0.285115
0.282621
0.280119
0.277605
0.275066
0.272771
0.270207
0.267755
0.265384
0.263025
0.260593
0.258263
0.255823
0.253508
0.251197
0.248932
0.246528
0.244133
0.241902
0.239567
0.237471
0.235123
0.232815
0.230734
0.228431
0.226406
0.224214
0.221962
0.219898
0.217733
0.215620
0.213392
0.211485
0.209333
0.207248
0.205151
0.203278
0.201173
0.199154
0.197161
0.195165
0.193158
0.191251
0.189269
0.187408
0.185461
0.183468
0.181660
0.179605
0.177815
0.175970
0.174032
0.172242
0.170341
0.168696
0.166860
0.165038
0.163209
0.161437
0.159683
0.158057
0.156264
0.154516
0.152810
0.151314
0.149487
0.147898
0.146240
0.144602
0.143020
0.141512
0.139920
0.138429
0.136813
0.135325
0.133790
0.132323
0.130888
0.129392
0.127932
0.126496
0.125098
0.123694
0.122274
0.120948
0.119560
0.118322
0.116953
0.115648
0.114204
0.112965
0.111571
0.110327
0.109168
0.107842
0.106556
0.105345
0.104205
0.103098
0.101755
0.100632
0.099431
0.098361
0.097245
0.096049
0.094966
0.093926
0.092796
0.091736
0.090680
0.089664
0.088498
0.087696
0.086685
0.085590
0.084681
0.083646
0.082772
0.081784
0.080808
0.079948
0.079029
0.078062
0.077206
0.076358
0.075462
0.074697
0.073711
0.072862
0.072153
0.071262
0.070473
0.069639
0.068785
0.067970
0.067321
0.066463
0.065608
0.064843
0.064057
0.063525
0.062677
0.061906
0.061279
0.060512
0.059834
0.059045
0.058448
0.057732
0.056927
0.056292
0.055743
0.055058
0.054365
0.053713
0.053040
0.052572
0.051720
0.051184
0.050541
0.050089
0.049347
0.048674
0.048220
0.047591
0.047007
0.046400
0.045874
0.045320
0.044717
0.044225
0.043633
0.043232
0.042556
0.042150
0.041576
0.041071
0.040564
0.040113
0.039685
0.039138
0.038695
0.038120
0.037753
0.037364
0.036883
0.036454
0.036020
0.035607
0.035209
0.034704
0.034355
0.034039
0.033532
0.033219
0.032802
0.032477
0.032043
0.031683
0.031318
0.030948
0.030607
0.030260
0.029916
0.029539
0.029238
0.028922
0.028509
0.028281
0.027956
0.027667
0.027329
0.027077
0.026691
0.026483
0.026148
0.025844
0.025583
0.025384
0.025077
0.024772
0.024514
0.024242
0.024029
0.023832
0.023488
0.023249
0.023000
0.022787
0.022535
0.022264
0.022037
0.021813
0.021626
0.021369
0.021211
0.020937
0.020764
0.020511
0.020267
0.020071
0.019882
0.019803
0.019571
0.019256
0.019130
0.018949
0.018860
0.018650
0.018437
0.018250
0.018021
0.017927
0.017768
0.017672
0.017387
0.017310
0.017195
0.016993
0.016814
0.016674
0.016537
0.016428
0.016250
0.016038
0.015953
0.015873
0.015727
0.015597
0.015452
0.015318
0.015116
0.015041
0.014880
0.014805
0.014765
0.014486
0.014426
0.014283
0.014195
0.014155
0.014003
0.013934
0.013856
0.013707
0.013598
0.013520
0.013406
0.013324
0.013282
0.013130
0.013053
0.012974
0.012840
0.012749
0.012714
0.012615
0.012547
0.012474
0.012396
0.012322
0.012253
0.012193
0.012113
0.012051
0.012024
0.011878
0.011785
0.011745
0.011713
0.011673
0.011593
0.011559
0.011433
0.011361
0.011321
0.011281
0.011189
0.011189
0.011114
0.011035
0.011035
0.010995
0.010967
0.010887
0.010887
0.010828
0.010724
0.010724
0.010644
0.010644
0.010604
0.010604
0.010564
0.010561
0.010447
0.010447
0.010407
0.010407
0.010367
0.010367
0.010287
0.010287
0.010247
0.010247
0.010207
0.010207
0.010167
0.010127
0.010127
0.010088
0.010088
0.010048
0.010048
0.010008
0.009968
0.009968
0.009968
0.009928
0.009928
0.009888
0.009888
0.009888
0.009848
0.009848
0.009848
0.009808
0.009808
0.009808
0.009768
0.009768
0.009768
0.009728
0.009726
0.009726
0.009726
0.009686
0.009686
0.009686
0.009646
0.009646
0.009646
0.009646
0.009606
0.009606
0.009606
0.009566
0.009566
0.009566
0.009566
0.009526
0.009526
0.009526
0.009526
0.009526
0.009486
0.009486
0.009486
0.009486
0.009446
0.009446
0.009446
0.009446
0.009446
0.009406
0.009406
0.009406
0.009406
0.009406
0.009366
0.009366
0.009366
0.009366
0.009366
0.009326
0.009326
0.009326
0.009326
0.009326
0.009326
0.009287
0.009287
0.009287
0.009287
0.009287
0.009287
0.009287
0.009247
0.009247
0.009247
0.009247
0.009247
0.009247
0.009207
0.009207
0.009207
0.009207
0.009207
0.009207
0.009207
0.009207
0.009207
0.009207
0.009207
0.009207
0.009207
0.009207
0.009207
0.009207
0.009207
0.009207
0.009207
0.009207
0.009207
0.009207
0.009207
0.009207
0.009207
0.009207
0.009207
0.009207
0.009207
0.009207
0.009207
0.009207
0.009207
0.009207
0.009207
0.009207
0.009207
0.009207
0.009207
0.009207
0.009207
0.009207
0.009207
0.009207
0.009207
0.009207
0.009207
0.009207
0.009207
0.009207
0.009207
0.009207
0.009207
0.009207
0.009207
0.009207
0.009207
0.009207
0.009207
0.009207
0.009207
0.009207
0.009207
0.009207
0.009207
0.009207
0.009207
0.009207
0.009207
0.009207
0.009207
0.009207
0.009207
0.009207
0.009207
0.009207
0.009207
0.009207
0.009207
0.009207
0.009207
0.009207
0.009207
0.009207
0.009207
0.009207
0.009207
0.009207
0.009207
0.009207
0.009207
0.009207
