0.309137
0.309137
0.309137
0.309137
0.309137
0.309137
0.309137
0.309031
0.308389
0.306827
0.304628
0.301730
0.298667
0.295829
0.293134
0.290560
0.288100
0.286082
0.283661
0.281544
0.279053
0.276558
0.274363
0.271611
0.269115
0.266538
0.264222
0.262028
0.259574
0.257435
0.254887
0.252410
0.250133
0.247862
0.245715
0.243143
0.240867
0.238584
0.236444
0.234151
0.231934
0.229698
0.227275
0.225068
0.222879
0.220692
0.218565
0.216372
0.214042
0.211957
0.209987
0.207621
0.205463
0.203466
0.201174
0.199279
0.197068
0.194925
0.193038
0.190831
0.188814
0.186637
0.184530
0.182624
0.180427
0.178677
0.176633
0.174476
0.172350
0.170384
0.168442
0.166378
0.164558
0.162469
0.160546
0.158548
0.156654
0.154793
0.153057
0.150724
0.149088
0.147118
0.145241
0.143443
0.141522
0.139540
0.137760
0.135941
0.133994
0.132529
0.130724
0.128948
0.127277
0.125686
0.123984
0.122352
0.120785
0.119293
0.117732
0.116107
0.114760
0.113234
0.111571
0.110141
0.108904
0.107202
0.105901
0.104558
0.103122
0.101915
0.100602
0.099137
0.097769
0.096623
0.095383
0.094013
0.092920
0.091571
0.090304
0.089280
0.088095
0.086784
0.085886
0.084852
0.083449
0.082421
0.081274
0.080326
0.079398
0.078258
0.077147
0.076294
0.075258
0.074224
0.073267
0.072159
0.071334
0.070500
0.069456
0.068538
0.067680
0.066976
0.065840
0.065094
0.064138
0.063265
0.062514
0.061732
0.060949
0.059996
0.059374
0.058585
0.057977
0.056792
0.056293
0.055478
0.054804
0.054271
0.053383
0.052739
0.052003
0.051318
0.050748
0.050075
0.049506
0.048761
0.048160
0.047519
0.046949
0.046365
0.045754
0.045105
0.044403
0.044089
0.043436
0.042771
0.042381
0.041954
0.041270
0.040744
0.040394
0.039668
0.039240
0.038745
0.038242
0.037708
0.037318
0.036903
0.036331
0.035897
0.035582
0.035197
0.034733
0.034243
0.033728
0.033464
0.033039
0.032576
0.032142
0.031828
0.031338
0.031088
0.030695
0.030265
0.029916
0.029556
0.029205
0.028680
0.028457
0.028086
0.027736
0.027386
0.027060
0.026840
0.026415
0.026169
0.025816
0.025676
0.025388
0.024958
0.024601
0.024459
0.024144
0.024039
0.023795
0.023248
0.023033
0.022823
0.022613
0.022370
0.022188
0.021902
0.021502
0.021293
0.021138
0.020853
0.020748
0.020433
0.020433
0.019897
0.019636
0.019426
0.019320
0.019111
0.019006
0.018727
0.018582
0.018400
0.018109
0.018004
0.017795
0.017620
0.017476
0.017265
0.017265
0.016951
0.016840
0.016518
0.016298
0.016153
0.015944
0.015944
0.015733
0.015629
0.015383
0.015383
0.015245
0.014994
0.014994
0.014785
0.014679
0.014679
0.014434
0.014329
0.014295
0.014151
0.013940
0.013940
0.013835
0.013626
0.013590
0.013484
0.013379
0.013276
0.013136
0.012991
0.012886
0.012782
0.012676
0.012676
0.012536
0.012431
0.012325
0.012325
0.012220
0.012083
0.011937
0.011937
0.011832
0.011728
0.011622
0.011586
0.011481
0.011481
0.011272
0.011272
0.011167
0.011133
0.011094
0.010883
0.010883
0.010779
0.010779
0.010637
0.010533
0.010533
0.010427
0.010427
0.010322
0.010322
0.010219
0.010114
0.010114
0.010080
0.009934
0.009934
0.009725
0.009725
0.009725
0.009689
0.009583
0.009583
0.009477
0.009373
0.009373
0.009373
0.009268
0.009268
0.009163
0.009163
0.009163
0.009061
0.009027
0.008880
0.008880
0.008776
0.008776
0.008776
0.008740
0.008740
0.008634
0.008634
0.008634
0.008528
0.008528
0.008528
0.008528
0.008528
0.008528
0.008528
0.008528
0.008528
0.008528
0.008528
0.008528
0.008528
0.008528
0.008528
0.008528
0.008528
0.008528
0.008528
0.008528
0.008528
0.008528
0.008528
0.008528
0.008528
0.008528
0.008528
0.008528
0.008528
0.008528
0.008528
0.008528
0.008528
0.008528
0.008528
0.008528
0.008528
0.008528
0.008528
0.008528
0.008528
0.008528
0.008528
0.008528
0.008528
0.008528
0.008528
0.008528
0.008528
0.008528
0.008528
0.008528
0.008528
0.008528
0.008528
0.008528
0.008528
0.008528
0.008528
0.008528
0.008528
0.008528
0.008528
0.008528
0.008528
0.008528
0.008528
0.008528
0.008528
0.008528
0.008528
0.008528
0.008528
0.008528
0.008528
0.008528
0.008528
0.008528
0.008528
0.008528
0.008528
0.008528
0.008528
0.008528
0.008528
0.008528
0.008528
0.008528
0.008528
0.008528
0.008528
0.008528
0.008528
0.008528
0.008528
0.008528
0.008528
0.008528
0.008528
0.008528
0.008528
0.008528
0.008528
0.008528
0.008528
0.008528
0.008528
0.008528
0.008528
0.008528
0.008528
0.008528
0.008528
0.008528
0.008528
0.008528
0.008528
0.008528
0.008528
0.008528
0.008528
0.008528
0.008528
0.008528
0.008528
0.008528
0.008528
0.008528
0.008528
0.008528
0.008528
0.008528
0.008528
0.008528
0.008528
0.008528
0.008528
0.008528
0.008528
0.008528
0.008528
0.008528
0.008528
0.008528
0.008528
0.008528
0.008528
0.008528
0.008528
0.008528
0.008528
0.008528
0.008528
0.008528
0.008528
0.008528
0.008528
0.008528
0.008528
0.008528
0.008528
0.008528
0.008528
0.008528
0.008528
0.008528
0.008528
0.008528
0.008528
0.008528
0.008528
0.008528
0.008528
0.008528
0.008528
0.008528
0.008528
0.008528
0.008528
0.008528
0.008528
0.008528
0.008528
0.008528
0.008528
0.008528
0.008528
0.008528
0.008528
0.008528
0.008528
0.008528
0.008528
0.008528
0.008528
0.008528
0.008528
0.008528
0.008528
0.008528
0.008528
0.008528
0.008528
0.008528
0.008528
0.008528
0.008528
0.008528
0.008528
0.008528
0.008528
0.008528
0.008528
0.008528
0.008528
0.008528
0.008528
0.008528
0.008528
0.008528
0.008528
0.008528
0.008528
0.008528
0.008528
0.008528
0.008528
0.008528
0.008528
0.008528
0.008528
0.008528
0.008528
0.008528
0.008528
0.008528
0.008528
0.008528
0.008528
0.008528
0.008528
0.008528
0.008528
0.008528
0.008528
0.008528
0.008528
0.008528
0.008528
0.008528
0.008528
0.008528
0.008528
0.008528
0.008528
0.008528
0.008528
0.008528
0.008528
0.008528
0.008528
0.008528
0.008528
0.008528
0.008528
0.008528
0.008528
0.008528
0.008528
0.008528
0.008528
0.008528
0.008528
0.008528
0.008528
0.008528
0.008528
0.008528
0.008528
0.008528
0.008528
0.008528
0.008528
0.008528
0.008528
0.008528
0.008528
0.008528
0.008528
0.008528
0.008528
0.008528
0.008528
0.008528
0.008528
0.008528
0.008528
0.008528
0.008528
0.008528
0.008528
0.008528
0.008528
0.008528
0.008528
0.008528
0.008528
0.008528
0.008528
0.008528
0.008528
0.008528
0.008528
0.008528
0.008528
0.008528
0.008528
0.008528
0.008528
0.008528
0.008528
0.008528
0.008528
0.008528
0.008528
0.008528
0.008528
0.008528
0.008528
0.008528
0.008528
0.008528
0.008528
0.008528
0.008528
0.008528
0.008528
0.008528
0.008528
0.008528
0.008528
0.008528
0.008528
0.008528
0.008528
0.008528
0.008528
