1.201782
1.094902
0.877524
0.665809
0.515091
0.437062
0.410081
0.405308
0.406055
0.406651
0.406880
0.406702
0.406520
0.405986
0.406299
0.406347
0.405801
0.405559
0.405507
0.404985
0.404239
0.403795
0.402780
0.401953
0.400696
0.399984
0.398653
0.397484
0.396226
0.395097
0.393883
0.392785
0.391665
0.390572
0.389797
0.388350
0.387471
0.386507
0.385769
0.385262
0.384375
0.383871
0.383249
0.382631
0.382085
0.381527
0.381209
0.381129
0.380723
0.380547
0.380550
0.380389
0.380247
0.380484
0.380395
0.380790
0.380573
0.380761
0.381305
0.381349
0.382012
0.382084
0.382417
0.382863
0.383217
0.383999
0.384323
0.384777
0.385103
0.385796
0.386413
0.386547
0.386998
0.387917
0.388452
0.388891
0.389512
0.390049
0.390559
0.391147
0.391533
0.392327
0.392850
0.393520
0.393964
0.394514
0.395329
0.395740
0.396476
0.397047
0.397492
0.398266
0.398865
0.399144
0.399731
0.400270
0.400805
0.401653
0.402206
0.402773
0.403435
0.403922
0.404367
0.404958
0.405649
0.405819
0.406423
0.407037
0.407443
0.408066
0.408694
0.408984
0.409410
0.409949
0.410383
0.411134
0.411470
0.411917
0.412259
0.413155
0.413377
0.413840
0.414196
0.414778
0.415128
0.415254
0.415917
0.416287
0.416659
0.416914
0.417292
0.417964
0.418346
0.418731
0.418999
0.419458
0.419850
0.420245
0.420806
0.420865
0.421485
0.421734
0.422013
0.422485
0.422765
0.423059
0.423406
0.423358
0.423706
0.424124
0.424473
0.424674
0.424847
0.425419
0.425624
0.425976
0.426055
0.426407
0.426891
0.426972
0.427212
0.427508
0.427650
0.428080
0.428436
0.428523
0.428880
0.429236
0.429327
0.429684
0.429874
0.429799
0.430158
0.430218
0.430577
0.430728
0.430897
0.431034
0.431394
0.431493
0.431630
0.431991
0.432163
0.432206
0.432344
0.432655
0.433018
0.432810
0.433174
0.433262
0.433486
0.433851
0.433733
0.433958
0.434098
0.434463
0.434414
0.434572
0.434572
0.434938
0.435256
0.435147
0.435288
0.435307
0.435449
0.435627
0.435769
0.435994
0.436136
0.436156
0.436252
0.436477
0.436620
0.436620
0.436989
0.436943
0.436881
0.437107
0.437107
0.437476
0.437476
0.437620
0.437846
0.437846
0.437786
0.438012
0.437904
0.438049
0.438275
0.438275
0.438420
0.438420
0.438646
0.438791
0.438587
0.438587
0.438958
0.438958
0.438958
0.439330
0.439330
0.439330
0.439330
0.439476
0.439702
0.439702
0.439499
0.439645
0.439872
0.439872
0.439872
0.440018
0.440018
0.440244
0.440244
0.440244
0.440391
0.440391
0.440617
0.440617
0.440617
0.440562
0.440562
0.440562
0.440562
0.440562
0.440562
0.440709
0.440709
0.440709
0.440709
0.440709
0.440709
0.440709
0.440709
0.440709
0.440709
0.440709
0.440709
0.440709
0.440709
0.440464
0.440464
0.440464
0.440464
0.440464
0.440464
0.440464
0.440464
0.440464
0.440464
0.440464
0.440464
0.440464
0.440464
0.440464
0.440464
0.440464
0.440464
0.440464
0.440464
0.440464
0.440464
0.440464
0.440464
0.440464
0.440464
0.440464
0.440464
0.440464
0.440464
0.440464
0.440464
0.440464
0.440464
0.440464
0.440464
0.440464
0.440464
0.440464
0.440464
0.440464
0.440464
0.440464
0.440464
0.440464
0.440464
0.440464
0.440464
0.440464
0.440418
0.440418
0.440418
0.440418
0.440418
0.440418
0.440418
0.440418
0.440418
0.440418
0.440418
0.440418
0.440418
0.440418
0.440418
0.440418
0.440418
0.440418
0.440418
0.440418
0.440418
0.440418
0.440418
0.440418
0.440418
0.440418
0.440418
0.440418
0.440418
0.440418
0.440418
0.440418
0.440418
0.440418
0.440418
0.440418
0.440418
0.440418
0.440418
0.440418
0.440418
0.440418
0.440418
0.440418
0.440418
0.440418
0.440418
0.440418
0.440418
0.440418
0.440418
0.440418
0.440418
0.440418
0.440418
0.440418
0.440418
0.440418
0.440418
0.440418
0.440418
0.440418
0.440418
0.440418
0.440418
0.440418
0.440418
0.440418
0.440418
0.440418
0.440418
0.440418
0.440418
0.440418
0.440418
0.440418
0.440418
0.440418
0.440418
0.440418
0.440418
0.440418
0.440418
0.440418
0.440418
0.440418
0.440418
0.440418
0.440418
0.440418
0.440418
0.440418
0.440418
0.440418
0.440418
0.440418
0.440418
0.440418
0.440418
0.440418
0.440418
0.440418
0.440418
0.440418
0.440418
0.440418
0.440418
0.440418
0.440418
0.440418
0.440418
0.440418
0.440418
0.440418
0.440418
0.440418
0.440374
0.440374
0.440374
0.440374
0.440374
0.440374
0.440374
0.440374
0.440374
0.441169
0.442862
0.443091
0.443217
0.442903
0.442585
0.442434
0.441952
0.441985
0.442739
0.443375
0.443341
0.443858
0.444149
0.444539
0.444449
0.444360
0.444833
0.444236
0.443212
0.442710
0.442628
0.443133
0.444506
0.446523
0.447684
0.447322
0.447250
0.446637
0.446054
0.445747
0.446008
0.446882
0.447430
0.448120
0.448647
0.449092
0.449200
0.449510
0.449321
0.449242
0.449654
0.449874
0.449919
0.450411
0.450445
0.450414
0.451047
0.451024
0.450457
0.448949
0.448346
0.448659
0.449196
0.450387
0.452290
0.453191
0.453287
0.452567
0.451826
0.451195
0.450684
0.451152
0.451390
0.452132
0.452338
0.452923
0.452946
0.453337
0.453212
0.453525
0.453377
0.453126
0.453149
0.453633
0.453536
0.453953
0.453976
0.453976
0.453558
0.451756
0.451035
0.451339
0.451599
0.452839
0.454768
0.455520
0.455558
0.455276
0.454484
0.453673
0.453245
0.453213
0.453351
0.454098
0.454801
0.454664
0.454973
0.454882
0.454755
0.455070
0.454932
0.454669
0.454978
0.455024
0.455024
0.455500
0.455523
0.455581
0.454662
0.453572
0.452999
0.452434
0.452978
0.454169
0.455876
0.457077
0.456729
0.456445
0.455591
0.454852
0.454348
0.454371
0.454994
0.455304
0.455855
0.455776
0.456183
0.456091
0.456407
0.456125
0.455757
0.456165
0.456188
0.456079
0.456291
0.456326
0.456793
0.456793
0.455486
0.454393
0.453818
0.453252
0.453797
0.454762
0.456704
0.457908
0.458006
0.456985
0.456033
0.455447
0.455171
0.454908
0.455435
0.455745
0.456224
0.456758
0.456781
0.456978
0.456622
0.456435
0.456354
0.456608
0.456402
0.456833
0.456890
0.456541
0.456948
0.456948
0.456526
0.454604
0.453972
0.453897
0.454389
0.455798
0.457304
0.458064
0.458162
0.457430
0.456247
0.455601
0.455326
0.455561
0.455590
0.456343
0.456608
0.456974
0.456841
0.457133
0.456777
0.456650
0.456798
0.456763
0.456557
0.457048
0.456890
0.457370
0.457164
0.457164
0.457370
0.457118
0.456250
0.454964
0.454170
0.454434
0.454172
0.455965
0.457761
0.458293
0.458380
0.457635
0.456786
0.455802
0.455526
0.455945
0.455802
0.456557
0.456835
0.457358
0.456997
0.457349
0.457222
0.457034
0.457002
0.456979
0.456942
0.457204
0.457106
0.457587
0.457549
0.457319
0.457587
0.457502
0.456405
0.455175
0.454553
0.454490
0.454555
0.456178
0.457532
0.458679
0.458765
0.457791
0.456846
0.456187
0.455681
0.456158
0.456245
0.456942
0.456990
0.457575
0.457442
0.457505
0.457377
0.457094
0.457386
0.457134
0.457157
0.457494
0.457262
0.457742
0.457766
0.457549
0.456896
0.455353
0.454565
0.454631
0.454970
0.456155
0.458112
0.458656
0.458754
0.457791
0.456989
0.456185
0.456122
0.456145
0.456388
0.456700
0.456966
0.457563
0.458033
0.457493
0.457365
0.457684
0.457386
0.457122
0.457591
0.457637
0.457249
0.457730
0.457753
0.458139
0.456883
0.455781
0.454990
0.454631
0.455124
0.456155
0.458112
0.458812
0.458754
0.458238
0.457435
0.456784
0.456122
0.456145
0.456329
0.457085
0.457412
0.457563
0.457971
0.457649
0.457365
0.457684
0.457541
0.457122
0.457591
0.457637
0.458080
0.457730
0.457753
0.458238
0.457138
0.455882
0.455246
0.454731
0.455225
0.456255
0.458211
0.459361
0.459010
0.458337
0.457535
0.456884
0.456378
0.456246
0.456872
0.457185
0.457667
0.457662
0.458071
0.457978
0.458067
0.457783
0.457641
0.458052
0.457690
0.457676
0.458180
0.457548
0.457863
0.456953
0.455850
0.454886
0.454687
0.455085
0.456627
0.458148
0.458526
0.458561
0.458286
0.457494
0.456505
0.456168
0.456203
0.456649
0.456746
0.457459
0.457610
0.457851
0.457540
0.457859
0.457731
0.457420
0.457168
0.457638
0.457684
0.457743
0.457778
0.457801
0.458019
0.456929
0.455827
0.455018
0.454675
0.455226
0.456200
0.458160
0.459374
0.459179
0.458286
0.457482
0.456890
0.456168
0.456191
0.456878
0.456902
0.457459
0.458057
0.458080
0.457696
0.457859
0.457731
0.457420
0.457771
0.457638
0.457684
0.457899
0.457778
0.458248
0.457169
0.456005
0.455041
0.454842
0.455226
0.456344
0.458148
0.459133
0.458781
0.458505
0.457650
0.456661
0.456383
0.456358
0.456649
0.456962
0.457676
0.457537
0.458008
0.457758
0.458015
0.457658
0.457420
0.457833
0.457565
0.457612
0.457961
0.457996
0.458176
0.458176
0.457996
0.458129
0.458106
0.457088
0.455719
0.455161
0.455053
0.455175
0.456438
0.458099
0.459302
0.459401
0.458264
0.457409
0.456805
0.456298
0.456118
0.456805
0.457577
0.457459
0.457984
0.458008
0.458133
0.457848
0.457658
0.458012
0.457760
0.457565
0.458059
0.457888
0.457923
0.458176
0.457947
0.458372
0.457279
0.456185
0.455374
0.455042
0.455365
0.456583
0.458306
0.459073
0.459171
0.458662
0.457627
0.457034
0.456683
0.456333
0.457022
0.457336
0.457833
0.457755
0.458227
0.458133
0.458005
0.457877
0.457783
0.457698
0.457783
0.457830
0.458337
0.458080
0.457947
0.458395
0.458309
0.457496
0.455956
0.455088
0.455255
0.455521
0.456799
0.458756
0.459230
0.459329
0.458433
0.457627
0.456744
0.456454
0.456778
0.457022
0.457492
0.457760
0.458203
0.457935
0.458290
0.458100
0.457753
0.457817
0.457674
0.457424
0.457326
0.457327
0.457692
0.457204
0.456035
0.455149
0.454379
0.454595
0.454736
0.456506
0.457735
0.458866
0.458560
0.457330
0.456465
0.455433
0.454601
0.455020
0.454954
0.455212
0.455426
0.455669
0.455493
0.455157
0.454642
0.453767
0.453516
0.452622
0.452050
0.451886
0.451120
0.450529
0.450379
0.449759
0.448675
0.446946
0.446359
0.446140
0.446648
0.447512
0.449017
0.449129
0.448678
0.447543
0.446181
0.445169
0.444348
0.444448
0.444327
0.444687
0.444590
0.444787
0.444857
0.444471
0.444290
0.444250
0.444118
0.443802
0.444249
0.444137
0.443909
0.444225
0.444200
0.443575
0.441534
0.440547
0.440453
0.440882
0.442065
0.443456
0.444139
0.444077
0.443185
0.442015
0.441242
0.440738
0.440426
0.440796
0.441146
0.441089
0.441071
0.440568
0.440333
0.439702
0.438593
0.438109
0.437055
0.435820
0.435119
0.433892
0.433262
0.432029
0.431017
0.430173
0.428422
0.427222
0.427317
0.427376
0.428384
0.429476
0.430099
0.429934
0.428839
0.427822
0.426854
0.425990
0.425509
0.425205
0.425282
0.425446
0.425072
0.424920
0.424578
0.423988
0.423973
0.423645
0.423356
0.423239
0.423021
0.423026
0.422926
0.422909
0.422465
0.420508
0.419800
0.419684
0.419645
0.420768
0.421786
0.422418
0.422169
0.421236
0.420570
0.419593
0.418564
0.418815
0.418776
0.418715
0.418435
0.418465
0.417994
0.417597
0.417003
0.416435
0.416248
0.415983
0.415636
0.415844
0.415314
0.415266
0.415085
0.414625
0.414187
0.412662
0.411753
0.412372
0.412523
0.413717
0.415405
0.415983
0.416200
0.416087
0.415231
0.414637
0.414239
0.414285
0.414288
0.415000
0.415635
0.415830
0.416260
0.416029
0.415950
0.416024
0.416384
0.416387
0.416592
0.416713
0.416798
0.417000
0.416876
0.417295
0.416592
0.415287
0.414595
0.414401
0.414867
0.416315
0.418004
0.419095
0.418935
0.418551
0.417758
0.417302
0.417131
0.417153
0.417779
0.418091
0.418755
0.418932
0.419607
0.419631
0.419722
0.419901
0.419890
0.420061
0.420232
0.420133
0.420522
0.420242
0.420605
0.420281
0.420096
0.420357
0.419701
0.418781
0.417960
0.418059
0.417963
0.419326
0.420488
0.421889
0.421497
0.421159
0.419861
0.419346
0.418946
0.418577
0.419033
0.419125
0.419558
0.419278
0.419503
0.419262
0.419363
0.418948
0.418474
0.418421
0.418052
0.417934
0.418193
0.418066
0.417703
0.417679
0.416815
0.415556
0.414940
0.414461
0.414849
0.415997
0.417439
0.418434
0.418036
0.417519
0.416246
0.415304
0.414935
0.414344
0.414527
0.414880
0.415318
0.415195
0.414833
0.414381
0.414209
0.413905
0.413707
0.413907
0.413325
0.413170
0.413510
0.413411
0.413369
0.413307
0.412492
0.411513
0.410939
0.410836
0.410864
0.412390
0.413363
0.414393
0.414342
0.413694
0.412649
0.412008
0.411677
0.411639
0.411774
0.412259
0.412359
0.412490
0.412400
0.412747
0.412297
0.411865
0.412047
0.411673
0.411536
0.411574
0.411570
0.411600
0.411293
0.410952
0.411070
0.410558
0.409541
0.409297
0.408913
0.409577
0.410868
0.411772
0.412413
0.412052
0.411541
0.410499
0.410172
0.409667
0.409384
0.409756
0.409913
0.410143
0.409933
0.410179
0.410034
0.409724
0.409591
0.409382
0.409398
0.409347
0.409314
0.409324
0.409285
0.409321
0.409258
0.408703
0.408264
0.406647
0.405722
0.405366
0.405262
0.406054
0.406571
0.406797
0.407090
0.406527
0.405845
0.405371
0.405141
0.405460
0.405544
0.406043
0.405901
0.406268
0.406514
0.406447
0.406108
0.406317
0.406145
0.405616
0.405915
0.405916
0.405627
0.405937
0.405925
0.405899
0.405883
0.405593
0.405277
0.403504
0.402556
0.402798
0.403120
0.403884
0.405228
0.405655
0.405441
0.404170
0.403354
0.402356
0.401674
0.401495
0.401330
0.401106
0.401034
0.400853
0.400611
0.400115
0.399772
0.399113
0.398619
0.398353
0.397800
0.397652
0.396966
0.396562
0.395555
0.394856
0.393631
0.391658
0.390260
0.389725
0.389530
0.390199
0.390744
0.390531
0.389617
0.388198
0.386614
0.384911
0.383519
0.381909
0.380868
0.379726
0.378787
0.377533
0.376906
0.376001
0.374903
0.373876
0.372665
0.371489
0.370717
0.369619
0.368893
0.368191
0.367433
0.367135
0.365613
0.364730
0.364322
0.364350
0.364769
0.366048
0.367045
0.367462
0.366977
0.366206
0.365382
0.365091
0.364952
0.365006
0.366043
0.366792
0.368286
0.368599
0.370017
0.370485
0.371500
0.371876
0.372404
0.373414
0.374157
0.374835
0.376147
0.376748
0.377919
0.378686
0.378461
0.378278
0.378414
0.378953
0.380385
0.382329
0.384938
0.386842
0.387959
0.388314
0.388540
0.388913
0.389693
0.390562
0.392109
0.393777
0.395068
0.396545
0.397274
0.398531
0.399055
0.399741
0.400379
0.401481
0.402149
0.402985
0.403764
0.404319
0.405487
0.405287
0.405201
0.404977
0.405318
0.406707
0.409212
0.411912
0.413501
0.413986
0.413561
0.413080
0.412493
0.412489
0.412784
0.413750
0.414442
0.415515
0.415576
0.416352
0.416452
0.416887
0.417100
0.417084
0.417739
0.418380
0.418489
0.419588
0.420101
0.421097
0.421516
0.421173
0.420826
0.420350
0.420785
0.421664
0.423511
0.425399
0.427125
0.427709
0.427292
0.426724
0.426306
0.426388
0.426555
0.427564
0.428787
0.429061
0.429987
0.430287
0.430990
0.431430
0.431655
0.432428
0.433025
0.433538
0.434724
0.435399
0.436192
0.437481
0.438103
0.438309
0.437140
0.436317
0.436403
0.436935
0.438752
0.440807
0.441606
0.442052
0.441550
0.440772
0.440561
0.440292
0.440878
0.441349
0.442287
0.442715
0.443385
0.443481
0.444066
0.443944
0.443910
0.444292
0.444479
0.444377
0.445104
0.445237
0.445733
0.445510
0.445757
0.445982
0.446255
0.445714
0.444460
0.443834
0.444030
0.444738
0.446019
0.447668
0.448186
0.447933
0.446853
0.446033
0.445338
0.444945
0.444894
0.445169
0.445686
0.445777
0.446127
0.446409
0.446576
0.446219
0.445977
0.446215
0.446008
0.446141
0.446477
0.446353
0.446723
0.446634
0.446746
0.447101
0.446115
0.444755
0.444108
0.443765
0.444365
0.445798
0.447646
0.448685
0.448450
0.447512
0.446593
0.445820
0.445194
0.444857
0.445440
0.445873
0.446397
0.446668
0.446585
0.446384
0.446706
0.446205
0.446005
0.446660
0.446352
0.446399
0.446911
0.446646
0.447293
0.447188
0.446530
0.445190
0.444602
0.444470
0.444809
0.446246
0.448164
0.449395
0.449391
0.448642
0.447600
0.447000
0.446718
0.446675
0.447372
0.448142
0.448345
0.449022
0.449046
0.449406
0.449206
0.449076
0.449219
0.448958
0.448981
0.449483
0.449542
0.449508
0.449986
0.449829
0.449395
0.447753
0.447008
0.447031
0.447592
0.448880
0.450808
0.451587
0.451686
0.450638
0.449820
0.449165
0.448883
0.449290
0.449538
0.450082
0.450285
0.450736
0.450759
0.451120
0.450726
0.450698
0.450685
0.450580
0.450604
0.451106
0.451007
0.451428
0.451452
0.451224
0.451850
0.450734
0.449428
0.448836
0.448266
0.448828
0.450061
0.451819
0.453057
0.453396
0.452573
0.451595
0.450992
0.450402
0.450541
0.451083
0.451334
0.452060
0.452442
0.452308
0.452143
0.452468
0.452338
0.451857
0.452219
0.452243
0.452290
0.452735
0.452385
0.452865
0.452865
0.452771
0.452178
0.450612
0.449728
0.449899
0.450065
0.451525
0.453358
0.454067
0.454132
0.453838
0.452789
0.452185
0.451661
0.451472
0.451526
0.452299
0.452730
0.452726
0.453205
0.453110
0.452910
0.452849
0.452754
0.452661
0.453334
0.452995
0.452985
0.453476
0.453500
0.453570
0.453476
0.452587
0.451473
0.450431
0.450310
0.450807
0.451879
0.453797
0.455034
0.454747
0.453995
0.453346
0.452743
0.452063
0.452032
0.452732
0.453347
0.453323
0.453932
0.453956
0.454158
0.453730
0.453600
0.453960
0.453709
0.453505
0.454008
0.454067
0.453875
0.454127
0.454127
0.454490
0.453441
0.452100
0.451443
0.451359
0.451628
0.452928
0.454687
0.455396
0.455496
0.455043
0.453995
0.453323
0.453028
0.452906
0.453311
0.453630
0.454358
0.454354
0.454536
0.454441
0.454766
0.454408
0.454085
0.454061
0.454471
0.454360
0.454647
0.454683
0.454479
0.454935
0.454683
0.454179
0.452456
0.451637
0.451743
0.452078
0.453314
0.455302
0.455854
0.455883
0.454973
0.454154
0.453323
0.452962
0.453291
0.453539
0.454017
0.454289
0.454740
0.454764
0.454827
0.454697
0.454408
0.454768
0.454448
0.454313
0.454816
0.454806
0.455070
0.454935
0.454935
0.455310
0.454262
0.453148
0.452022
0.451743
0.452013
0.453314
0.455233
0.456242
0.456342
0.455430
0.454781
0.453950
0.453655
0.453532
0.453938
0.454257
0.454985
0.455208
0.455163
0.455068
0.455393
0.454807
0.454712
0.455143
0.454780
0.454759
0.455274
0.455082
0.455334
0.455334
0.455310
0.454488
0.452855
0.452036
0.452142
0.452477
0.453712
0.455701
0.456253
0.456353
0.455372
0.455008
0.454176
0.453778
0.453588
0.453608
0.454381
0.455041
0.455037
0.455289
0.455194
0.454994
0.454932
0.454837
0.454813
0.455065
0.454884
0.454944
0.455367
0.455003
0.455653
0.455629
0.454441
0.453169
0.452383
0.451812
0.452374
0.453382
0.455371
0.456611
0.456251
0.455499
0.454678
0.454073
0.453518
0.453554
0.454255
0.454188
0.454848
0.455458
0.455323
0.455387
0.455256
0.455125
0.455100
0.455006
0.455030
0.455375
0.455137
0.455173
0.455495
0.455197
0.455629
0.454580
0.453169
0.452420
0.452006
0.452411
0.453804
0.455564
0.456185
0.456285
0.455920
0.454871
0.454109
0.453746
0.453554
0.454097
0.454349
0.455076
0.455002
0.455323
0.455159
0.455484
0.454967
0.454803
0.454779
0.455030
0.454919
0.455365
0.455173
0.455038
0.455425
0.454535
0.453023
0.452367
0.451849
0.452347
0.453406
0.455336
0.456573
0.456673
0.455533
0.454645
0.454041
0.453600
0.453330
0.454030
0.454349
0.454689
0.455230
0.455254
0.455159
0.455097
0.455091
0.455249
0.455510
0.455237
0.455284
0.455641
0.455379
0.455858
0.455858
0.455676
0.455811
0.454922
0.453663
0.452791
0.452513
0.452794
0.454081
0.455781
0.457017
0.457105
0.456183
0.455307
0.454464
0.454024
0.453993
0.454464
0.454681
0.455262
0.455336
0.455586
0.455491
0.455658
0.455459
0.455135
0.455409
0.455364
0.455183
0.455697
0.455575
0.455985
0.455757
0.455575
0.455072
0.453279
0.452532
0.452568
0.452973
0.454365
0.455966
0.456745
0.456774
0.456024
0.455432
0.454216
0.454308
0.454115
0.454205
0.454910
0.455182
0.455562
0.455884
0.455720
0.455589
0.455686
0.455432
0.455340
0.455819
0.455480
0.455471
0.455962
0.455757
0.456248
0.456155
0.455266
0.453767
0.453112
0.452411
0.452908
0.453979
0.455896
0.457133
0.457197
0.456445
0.455467
0.454568
0.454273
0.454151
0.454785
0.454875
0.455602
0.456053
0.455780
0.456140
0.456010
0.455424
0.455784
0.455760
0.455626
0.455832
0.455891
0.455927
0.456020
0.455950
0.455516
0.453551
0.452895
0.452826
0.453324
0.454386
0.456317
0.457097
0.457197
0.456217
0.455239
0.454568
0.454057
0.454375
0.454556
0.455329
0.455373
0.455825
0.455780
0.455912
0.455781
0.455492
0.455796
0.455532
0.455397
0.455832
0.455662
0.456154
0.456020
0.454857
0.453732
0.452919
0.452995
0.452875
0.454079
0.456077
0.457085
0.456956
0.456217
0.455409
0.454568
0.454057
0.454545
0.454714
0.455101
0.455373
0.455914
0.455938
0.455912
0.455781
0.455582
0.455567
0.455532
0.455487
0.455990
0.455662
0.455629
0.456109
0.455722
0.455287
0.453643
0.452667
0.452919
0.453096
0.454477
0.456317
0.456868
0.456898
0.456147
0.455171
0.454340
0.453991
0.454309
0.454328
0.455033
0.455147
0.455756
0.455551
0.455843
0.455795
0.456119
0.455740
0.455546
0.455570
0.455843
0.455676
0.456167
0.456191
0.455894
0.455302
0.453727
0.452689
0.453004
0.453116
0.454560
0.456260
0.456879
0.456979
0.456685
0.455798
0.454809
0.454526
0.454550
0.454345
0.455116
0.455842
0.455928
0.456020
0.455925
0.455693
0.455563
0.455480
0.455444
0.455855
0.455516
0.456223
0.456259
0.456056
0.456283
0.456259
0.455146
0.453808
0.453218
0.453096
0.453209
0.454893
0.456194
0.457429
0.457300
0.456550
0.455504
0.454901
0.454384
0.454642
0.454890
0.455437
0.455709
0.456088
0.456112
0.456246
0.456116
0.455757
0.455959
0.455867
0.455662
0.456164
0.455997
0.456488
0.456283
0.456125
0.456488
0.455371
0.454101
0.453446
0.452940
0.453437
0.454664
0.456423
0.457658
0.457300
0.456778
0.455800
0.455130
0.454607
0.454485
0.455118
0.455437
0.455934
0.455931
0.456341
0.456246
0.456342
0.456054
0.455890
0.456322
0.455959
0.455938
0.456452
0.456101
0.456581
0.456511
0.456259
0.455667
0.454036
0.453061
0.453325
0.453658
0.454959
0.456650
0.457429
0.457370
0.456619
0.455504
0.454901
0.454449
0.454642
0.454890
0.455504
0.455776
0.456088
0.456103
0.456305
0.455946
0.456202
0.456107
0.455697
0.455652
0.456155
0.456056
0.456319
0.456273
0.456273
0.455452
0.453809
0.453283
0.453086
0.453420
0.454710
0.456641
0.457192
0.457133
0.456839
0.455949
0.455116
0.454675
0.454699
0.454651
0.455266
0.455994
0.456079
0.456330
0.456077
0.455946
0.455973
0.455890
0.455697
0.456107
0.455926
0.456477
0.456443
0.456238
0.456694
0.456443
0.456191
0.455756
0.453980
0.453174
0.453281
0.453626
0.455073
0.456847
0.457397
0.457485
0.457109
0.456142
0.455298
0.454948
0.454984
0.454845
0.455618
0.456288
0.456431
0.456524
0.456360
0.456229
0.456167
0.456072
0.455980
0.456459
0.456120
0.456111
0.456601
0.456238
0.456625
0.456601
0.455555
0.454149
0.453402
0.453437
0.453394
0.455073
0.456537
0.457614
0.457714
0.456664
0.455846
0.455327
0.454804
0.455225
0.455315
0.456087
0.456063
0.456671
0.456537
0.456897
0.456470
0.456181
0.456541
0.456221
0.456087
0.456589
0.456547
0.456128
0.456606
0.456606
0.456741
0.455694
0.454582
0.453542
0.453421
0.453533
0.454989
0.456905
0.457753
0.457395
0.457102
0.456282
0.455225
0.454931
0.454966
0.455213
0.455532
0.456258
0.456344
0.456436
0.456341
0.456666
0.456309
0.455986
0.456416
0.456282
0.456033
0.456547
0.456583
0.456380
0.456606
0.455718
0.454372
0.453553
0.453201
0.453533
0.454820
0.456747
0.457753
0.457853
0.456943
0.456056
0.455225
0.454942
0.454743
0.455408
0.455726
0.456294
0.456835
0.456630
0.456535
0.456702
0.456503
0.456192
0.456453
0.456408
0.456456
0.456741
0.456619
0.457029
0.456800
0.455754
0.454566
0.453748
0.453844
0.453728
0.455466
0.456941
0.458175
0.457888
0.457137
0.456250
0.455420
0.454980
0.455389
0.455636
0.456022
0.456294
0.456835
0.456859
0.456832
0.456702
0.456503
0.456646
0.456453
0.456408
0.456681
0.456583
0.457074
0.456800
0.455935
0.454655
0.453772
0.453471
0.453728
0.455003
0.456769
0.457935
0.458034
0.457137
0.456101
0.455420
0.454980
0.454787
0.455408
0.455726
0.456294
0.456675
0.456630
0.456990
0.456473
0.456343
0.456192
0.456610
0.456248
0.456750
0.456741
0.456390
0.456869
0.456800
0.456137
0.454403
0.453748
0.453679
0.454177
0.455238
0.457168
0.457947
0.457817
0.456908
0.456022
0.455420
0.454908
0.455160
0.455408
0.455951
0.456066
0.456606
0.456630
0.456761
0.456405
0.456274
0.456417
0.456314
0.456180
0.456681
0.456512
0.456934
0.456800
0.456571
0.456934
0.456753
0.455636
0.454471
0.453737
0.453772
0.454189
0.455341
0.457338
0.457958
0.457817
0.456985
0.456179
0.455408
0.454831
0.455318
0.455565
0.455951
0.456168
0.456764
0.456788
0.456693
0.456562
0.456432
0.456634
0.456314
0.456337
0.456681
0.456444
0.456934
0.456958
0.456571
0.456934
0.456046
0.454776
0.453893
0.453616
0.453885
0.455183
0.456870
0.458105
0.457589
0.457295
0.455227
0.453222
0.451916
0.450420
0.450049
0.449951
0.448825
0.447307
0.445863
0.444027
0.442211
0.440244
0.438152
0.436404
0.434254
0.431783
0.429897
0.427042
0.424799
0.421749
0.417808
0.413867
0.410396
0.407059
0.404433
0.402345
0.400599
0.398066
0.394027
0.389160
0.383991
0.379397
0.374999
0.370846
0.367722
0.363655
0.360246
0.356824
0.352444
0.348764
0.344464
0.340301
0.336749
0.332213
0.328546
0.324795
0.320948
0.317079
0.313639
0.309964
0.305724
0.300777
0.296861
0.293986
0.291030
0.288991
0.286853
0.283768
0.279805
0.275456
0.270948
0.266410
0.262477
0.259579
0.256427
0.253394
0.250037
0.247300
0.243784
0.240564
0.237111
0.233407
0.230245
0.226783
0.223377
0.220218
0.216757
0.213813
0.210489
0.206977
0.204253
0.200915
0.197000
0.192937
0.189523
0.186627
0.184518
0.183328
0.182015
0.179494
0.176438
0.172535
0.168767
0.164971
0.162035
0.159642
0.157160
0.155420
0.153322
0.151277
0.149164
0.146700
0.144071
0.141623
0.139793
0.137371
0.135236
0.133576
0.131510
0.129992
0.127895
0.125933
0.124304
0.121562
0.119085
0.117161
0.116150
0.115466
0.115474
0.115405
0.114646
0.112569
0.110522
0.108180
0.106358
0.104696
0.103103
0.102328
0.101197
0.100573
0.099382
0.098173
0.096900
0.096033
0.094405
0.093157
0.092116
0.090976
0.089609
0.088916
0.087765
0.086794
0.085637
0.083444
0.082250
0.081563
0.081175
0.081643
0.082444
0.083157
0.083291
0.082416
0.080565
0.078846
0.077008
0.075799
0.074536
0.074424
0.073570
0.073523
0.072914
0.071980
0.071747
0.070496
0.069642
0.069239
0.068226
0.067503
0.067228
0.066540
0.066257
0.066006
0.065444
0.065122
0.063737
0.063008
0.062553
0.062069
0.062407
0.063517
0.064032
0.063880
0.063495
0.062299
0.060755
0.059504
0.058499
0.057802
0.057484
0.057637
0.057457
0.057592
0.057731
0.057129
0.057120
0.056622
0.056178
0.056086
0.056018
0.056166
0.056386
0.056159
0.055847
0.056489
0.056225
0.055516
0.054328
0.054040
0.054478
0.055218
0.057018
0.058837
0.059594
0.059990
0.058996
0.057894
0.056941
0.056489
0.057012
0.057223
0.058022
0.057941
0.058672
0.058420
0.058846
0.058285
0.057758
0.057792
0.057448
0.057067
0.057249
0.056886
0.057427
0.056753
0.056596
0.056476
0.054869
0.053533
0.052871
0.053010
0.054018
0.056159
0.058356
0.059563
0.057965
0.057113
0.055533
0.053702
0.052824
0.052066
0.052170
0.051829
0.052252
0.052020
0.051830
0.051486
0.051297
0.050544
0.049782
0.049990
0.049709
0.049231
0.049476
0.049432
0.049618
0.049080
0.048444
0.047685
0.045909
0.044925
0.045033
0.045731
0.047443
0.049252
0.050116
0.050275
0.048789
0.047779
0.045892
0.046138
0.045906
0.045800
0.046857
0.047051
0.047492
0.047985
0.047737
0.047090
0.047350
0.047110
0.046639
0.046880
0.046719
0.046739
0.046995
0.046800
0.047044
0.045514
0.044375
0.043284
0.042667
0.042899
0.044569
0.046317
0.047289
0.046763
0.046113
0.044917
0.043570
0.042739
0.042305
0.042661
0.043363
0.043957
0.044325
0.044602
0.043850
0.044231
0.043813
0.043249
0.042971
0.043346
0.042971
0.043501
0.043225
0.043016
0.043022
0.041497
0.040416
0.039330
0.038885
0.039437
0.041033
0.042576
0.043925
0.044081
0.042371
0.040949
0.040076
0.039005
0.038813
0.039365
0.039825
0.040421
0.041061
0.040869
0.040261
0.040745
0.040126
0.039538
0.040158
0.039521
0.039365
0.040122
0.039656
0.040159
0.039934
0.039432
0.039865
0.038006
0.037344
0.036043
0.035554
0.036177
0.037769
0.039069
0.040888
0.039773
0.039340
0.037946
0.036621
0.035997
0.035583
0.036596
0.036390
0.037462
0.037444
0.037861
0.037157
0.037395
0.036984
0.036423
0.036701
0.036513
0.036582
0.036667
0.036719
0.036850
0.036644
0.035140
0.034203
0.032823
0.032375
0.032921
0.034505
0.036027
0.037621
0.037645
0.036078
0.034892
0.033518
0.032916
0.032371
0.033167
0.033625
0.034018
0.034914
0.034480
0.035017
0.034399
0.033965
0.034296
0.034039
0.033608
0.034347
0.034212
0.033812
0.034297
0.034187
0.034376
0.032872
0.032193
0.030682
0.030276
0.030632
0.032389
0.034000
0.034676
0.034729
0.034090
0.032658
0.031369
0.030706
0.030539
0.030890
0.031525
0.032365
0.032587
0.032828
0.032484
0.032748
0.032315
0.032178
0.031719
0.032067
0.031913
0.032466
0.032050
0.031951
0.032407
0.031917
0.031307
0.029621
0.028476
0.028528
0.028858
0.030939
0.032238
0.033389
0.033077
0.031984
0.030802
0.029275
0.028822
0.028956
0.029309
0.030232
0.030157
0.031054
0.030866
0.030951
0.030763
0.030353
0.030645
0.030182
0.030216
0.030713
0.030128
0.030860
0.030425
0.030425
0.030860
0.029351
0.028419
0.027358
0.026664
0.027451
0.029063
0.030729
0.032328
0.032490
0.031157
0.029719
0.028613
0.028074
0.027880
0.028689
0.028701
0.029778
0.030005
0.030724
0.030128
0.030490
0.030297
0.029910
0.030121
0.030156
0.029887
0.030453
0.030259
0.030986
0.030541
0.030259
0.029632
0.028045
0.026923
0.026973
0.027498
0.029399
0.031164
0.032092
0.031912
0.030557
0.029784
0.028207
0.028250
0.027827
0.028190
0.029136
0.029293
0.029977
0.030682
0.030081
0.029887
0.030151
0.029553
0.029518
0.030243
0.029623
0.029581
0.030247
0.029587
0.030282
0.030247
0.028478
0.027530
0.026444
0.025923
0.026543
0.028203
0.030223
0.031618
0.031565
0.030439
0.028972
0.027944
0.027069
0.026876
0.027927
0.027957
0.028805
0.029730
0.029530
0.029870
0.029428
0.028999
0.029261
0.029226
0.028778
0.029545
0.029421
0.028991
0.029723
0.029509
0.029934
0.028233
0.027430
0.026308
0.025685
0.026275
0.027983
0.029782
0.030720
0.030558
0.029912
0.028681
0.027533
0.026652
0.026705
0.026590
0.027755
0.028645
0.028639
0.029125
0.028982
0.029034
0.028838
0.028449
0.027966
0.028697
0.028325
0.028661
0.028715
0.028751
0.028967
0.028715
0.027842
0.026230
0.025093
0.025285
0.025865
0.027592
0.029386
0.030337
0.030501
0.029366
0.027440
0.026409
0.025971
0.026234
0.026322
0.027497
0.027667
0.028354
0.028175
0.028494
0.028297
0.027639
0.027958
0.027922
0.027958
0.028029
0.028118
0.028636
0.028445
0.028198
0.027324
0.025694
0.024801
0.024584
0.025415
0.026884
0.028957
0.029665
0.029772
0.028630
0.027639
0.026483
0.026059
0.025646
0.025769
0.026945
0.027115
0.027835
0.028328
0.027943
0.027746
0.028037
0.027425
0.027371
0.027894
0.027726
0.027815
0.028109
0.027784
0.028491
0.028455
0.027712
0.027074
0.025376
0.024425
0.024461
0.025075
0.026758
0.028627
0.029579
0.029483
0.028322
0.027100
0.025717
0.025750
0.025803
0.025928
0.026530
0.026960
0.027883
0.028139
0.027775
0.027576
0.027845
0.027235
0.027199
0.027701
0.027773
0.027397
0.027914
0.027899
0.028390
0.028111
0.026516
0.025582
0.024438
0.023783
0.024382
0.026251
0.028070
0.029624
0.029790
0.028396
0.026929
0.025769
0.025324
0.025138
0.025998
0.026233
0.027111
0.028055
0.027871
0.028189
0.027990
0.027330
0.027186
0.027611
0.027647
0.028209
0.028300
0.027820
0.028348
0.028348
0.028914
0.027552
0.025778
0.025324
0.024666
0.025304
0.027025
0.029112
0.030076
0.030019
0.029333
0.028077
0.026913
0.026003
0.026056
0.026185
0.027161
0.027793
0.028029
0.028530
0.028165
0.027718
0.027985
0.027258
0.027222
0.027971
0.027575
0.028135
0.027942
0.027757
0.028223
0.026620
0.025657
0.024497
0.023578
0.024557
0.026044
0.028141
0.029713
0.028913
0.028004
0.026749
0.025582
0.024937
0.024694
0.025531
0.026017
0.026679
0.026669
0.027420
0.027027
0.027320
0.026874
0.026501
0.026939
0.026729
0.026555
0.027139
0.027193
0.027451
0.027119
0.025758
0.024640
0.023518
0.023051
0.023443
0.025390
0.027031
0.028714
0.028881
0.027478
0.025976
0.024840
0.024411
0.023957
0.024822
0.025307
0.025940
0.026889
0.026705
0.027273
0.026580
0.026161
0.026635
0.026335
0.026124
0.026690
0.026535
0.026343
0.026872
0.025549
0.024527
0.023152
0.022666
0.023170
0.025100
0.026765
0.028425
0.028488
0.027099
0.025857
0.024695
0.023774
0.023827
0.024677
0.024918
0.025802
0.026756
0.026573
0.026180
0.026450
0.026249
0.025654
0.026314
0.026104
0.025708
0.026514
0.026569
0.026605
0.026605
0.025246
0.024281
0.022877
0.023142
0.022800
0.025495
0.026404
0.028342
0.028510
0.026855
0.025375
0.024454
0.024023
0.024278
0.024436
0.025635
0.025560
0.026513
0.026326
0.026897
0.026450
0.025781
0.026368
0.026068
0.026104
0.026423
0.026268
0.026322
0.026834
0.026235
0.026918
0.026656
0.025290
0.024079
0.023083
0.022632
0.023042
0.025001
0.026876
0.028344
0.028246
0.027067
0.025824
0.024882
0.023740
0.023794
0.024771
0.025508
0.025699
0.026638
0.026675
0.026775
0.026326
0.026125
0.026452
0.026189
0.025979
0.026772
0.026390
0.026445
0.026955
0.026708
0.027165
0.027129
0.025267
0.024324
0.023419
0.022507
0.023379
0.024886
0.027021
0.028722
0.028624
0.027439
0.025964
0.024771
0.024092
0.023924
0.025017
0.025262
0.026171
0.026885
0.026675
0.027249
0.026800
0.026372
0.026699
0.026651
0.026688
0.027008
0.026852
0.026908
0.027439
0.027192
0.026192
0.024593
0.023670
0.023444
0.024304
0.025820
0.027963
0.028694
0.028633
0.027478
0.026211
0.025036
0.024134
0.024884
0.025018
0.025755
0.026175
0.027133
0.026922
0.027022
0.026821
0.026519
0.026638
0.026335
0.026372
0.026940
0.026537
0.027315
0.027123
0.027123
0.025976
0.024273
0.023348
0.023122
0.023737
0.025610
0.027747
0.028380
0.028549
0.027876
0.026604
0.025177
0.024741
0.024553
0.024442
0.025652
0.026567
0.026806
0.027071
0.026923
0.026493
0.027013
0.026390
0.026109
0.026866
0.026445
0.026310
0.027087
0.026876
0.027259
0.025651
0.024985
0.023348
0.023122
0.023273
0.025501
0.027152
0.028877
0.028319
0.027876
0.026109
0.024952
0.024517
0.024061
0.025159
0.025426
0.026320
0.026311
0.027067
0.026692
0.026965
0.026420
0.026062
0.026730
0.026273
0.026117
0.026933
0.026494
0.026531
0.025684
0.024912
0.023268
0.023023
0.023269
0.025479
0.027130
0.028036
0.028206
0.027284
0.026028
0.024847
0.024409
0.023972
0.024336
0.025322
0.026220
0.026212
0.026974
0.026596
0.025899
0.026420
0.026062
0.026007
0.026273
0.026347
0.026933
0.026494
0.026531
0.027025
0.025647
0.024384
0.023232
0.022760
0.023156
0.025146
0.026825
0.028784
0.027728
0.027284
0.026009
0.024847
0.023917
0.023954
0.025056
0.025076
0.025973
0.026212
0.026974
0.026349
0.026623
0.026420
0.026062
0.026236
0.026273
0.026347
0.026933
0.026494
0.027256
0.025684
0.024421
0.023268
0.022778
0.023156
0.025128
0.027037
0.028269
0.028206
0.027284
0.026028
0.025074
0.024164
0.023972
0.025056
0.025550
0.025973
0.026212
0.026974
0.026826
0.026623
0.026420
0.026291
0.025760
0.026273
0.026347
0.027163
0.026494
0.026531
0.027256
0.026899
0.025748
0.024366
0.023214
0.023227
0.023870
0.025639
0.027784
0.028287
0.028457
0.027284
0.026009
0.024828
0.023899
0.024672
0.025056
0.025550
0.025976
0.026940
0.026977
0.026830
0.026627
0.026424
0.026913
0.026150
0.026187
0.026987
0.026600
0.027136
0.027173
0.026940
0.027383
0.027098
0.026208
0.024498
0.023357
0.023372
0.024035
0.025890
0.027969
0.028474
0.028625
0.027430
0.025923
0.024736
0.024051
0.024827
0.024736
0.025708
0.026151
0.026853
0.026657
0.026989
0.026785
0.026103
0.026434
0.026397
0.026187
0.026508
0.026600
0.027383
0.026609
0.026609
0.025950
0.023966
0.022885
0.023147
0.023524
0.025300
0.027220
0.028455
0.028377
0.026720
0.026169
0.024984
0.024224
0.024015
0.024154
0.025376
0.026048
0.026289
0.026808
0.026659
0.025974
0.026498
0.026122
0.025585
0.026350
0.026177
0.025789
0.026572
0.026362
0.026857
0.025224
0.024441
0.023030
0.022557
0.022709
0.024961
0.026655
0.027644
0.027566
0.027120
0.025838
0.024418
0.023733
0.023769
0.024400
0.024650
0.025801
0.026042
0.026079
0.025931
0.026455
0.026004
0.025394
0.025339
0.026103
0.025450
0.026270
0.026325
0.025881
0.026362
0.026325
0.025420
0.023457
0.022523
0.022557
0.023182
0.024733
0.026891
0.027880
0.027803
0.026390
0.025111
0.023680
0.022993
0.023769
0.023908
0.024883
0.025074
0.026042
0.025585
0.026165
0.025727
0.025524
0.025610
0.025259
0.025296
0.025606
0.025699
0.026248
0.026285
0.025791
0.026248
0.024860
0.023600
0.022430
0.021729
0.022371
0.024239
0.026082
0.027808
0.027730
0.026463
0.025167
0.023732
0.023021
0.023076
0.023948
0.024216
0.025129
0.026106
0.025896
0.025509
0.025787
0.025581
0.024947
0.025393
0.025431
0.025258
0.025848
0.025656
0.026427
0.025941
0.025656
0.024986
0.022998
0.021807
0.022090
0.022480
0.024787
0.026239
0.027486
0.027405
0.026215
0.025415
0.024214
0.023502
0.023558
0.023466
0.024452
0.025614
0.025858
0.026144
0.025746
0.025539
0.025829
0.025183
0.025146
0.025916
0.025506
0.025352
0.026141
0.025941
0.026427
0.024703
0.023976
0.022549
0.022321
0.022480
0.024768
0.026488
0.027486
0.027654
0.027198
0.025900
0.024709
0.024262
0.023805
0.024690
0.025194
0.026358
0.026602
0.027136
0.026737
0.027017
0.026572
0.026459
0.026155
0.026688
0.026516
0.027273
0.026842
0.026880
0.027615
0.027101
0.026179
0.024661
0.023477
0.023501
0.024241
0.026056
0.028007
0.028690
0.028858
0.027664
0.026124
0.025169
0.024209
0.024758
0.025150
0.026141
0.026325
0.027065
0.027103
0.027191
0.026745
0.026539
0.027122
0.026589
0.026388
0.027198
0.026796
0.027348
0.027386
0.027138
0.027348
0.025941
0.024907
0.023477
0.023021
0.023429
0.025495
0.027201
0.029187
0.028858
0.027664
0.026124
0.025169
0.024209
0.024264
0.024903
0.025161
0.026325
0.027065
0.026607
0.026457
0.026984
0.026291
0.025893
0.026524
0.026074
0.025901
0.026731
0.026540
0.026825
0.026825
0.026540
0.025378
0.023857
0.022425
0.022696
0.022857
0.025176
0.026880
0.028132
0.027810
0.026615
0.025801
0.024604
0.023890
0.023699
0.023845
0.024844
0.025764
0.025761
0.026535
0.025895
0.025688
0.025970
0.025579
0.025293
0.025819
0.025875
0.025481
0.026026
0.026064
0.026312
0.026026
0.025988
0.024816
0.023067
0.021888
0.021924
0.022586
0.024413
0.026384
0.027387
0.027285
0.026071
0.025028
0.023318
0.023364
0.022926
0.023318
0.024558
0.024274
0.025235
0.026010
0.025122
0.024915
0.025444
0.025046
0.024520
0.025293
0.025121
0.024727
0.025519
0.025251
0.025741
0.025461
0.024050
0.022764
0.021571
0.020868
0.021591
0.023410
0.025367
0.026860
0.026975
0.025777
0.024225
0.022779
0.022312
0.022122
0.022760
0.023266
0.024188
0.025171
0.024718
0.025057
0.024850
0.024395
0.023755
0.024454
0.024244
0.024814
0.024661
0.024470
0.025245
0.024756
0.023835
0.022290
0.020853
0.021106
0.021512
0.023567
0.025302
0.026308
0.026477
0.025033
0.023730
0.022285
0.021838
0.022362
0.022267
0.023508
0.023940
0.024923
0.024470
0.024809
0.024602
0.024395
0.024510
0.024454
0.024491
0.025304
0.024908
0.025703
0.025493
0.025251
0.024576
0.023029
0.021589
0.022090
0.022251
0.024559
0.026545
0.027552
0.027721
0.026274
0.025464
0.024503
0.024052
0.024090
0.023996
0.025004
0.026175
0.026179
0.026707
0.026556
0.026123
0.026405
0.026273
0.025969
0.026502
0.026577
0.026424
0.026729
0.026766
0.027505
0.026729
0.026691
0.026014
0.024263
0.022834
0.023116
0.023536
0.025606
0.027338
0.028593
0.028742
0.027034
0.026237
0.024521
0.024319
0.024128
0.024521
0.025518
0.025728
0.026444
0.027220
0.026526
0.026070
0.026601
0.026202
0.025921
0.026450
0.026278
0.026129
0.026677
0.026714
0.026962
0.026677
0.025261
0.023974
0.022771
0.022074
0.022722
0.024806
0.026527
0.028277
0.028446
0.026997
0.025198
0.024237
0.023520
0.023088
0.024218
0.024232
0.025160
0.026144
0.026182
0.026274
0.025823
0.025615
0.024969
0.025669
0.025217
0.025783
0.025877
0.025443
0.025972
0.025972
0.024805
0.023008
0.022052
0.021822
0.022716
0.024291
0.026275
0.027282
0.027207
0.025761
0.024456
0.023249
0.022312
0.023084
0.023231
0.023985
0.024418
0.025402
0.024944
0.025288
0.025080
0.024378
0.024965
0.024665
0.024208
0.025021
0.024872
0.025172
0.025210
0.025210
0.025172
0.023760
0.022964
0.021275
0.021063
0.021223
0.023300
0.025019
0.026767
0.026937
0.025490
0.023941
0.022735
0.022021
0.021831
0.022716
0.022976
0.023899
0.024144
0.024677
0.024031
0.024562
0.024111
0.023466
0.024120
0.024158
0.023495
0.024328
0.024385
0.024411
0.024411
0.024373
0.023204
0.021427
0.020471
0.020257
0.021150
0.022742
0.024710
0.025719
0.025890
0.024197
0.023631
0.021686
0.021709
0.021521
0.021668
0.022666
0.023099
0.023591
0.024369
0.023971
0.023270
0.023802
0.023404
0.023367
0.023651
0.023727
0.023821
0.024123
0.023916
0.024656
0.024618
0.022713
0.021915
0.020713
0.020011
0.020904
0.022742
0.024710
0.026711
0.026635
0.025434
0.024126
0.022917
0.022204
0.022260
0.023145
0.023654
0.024583
0.025570
0.025608
0.026198
0.025755
0.025547
0.026136
0.025853
0.025643
0.026211
0.026061
0.026118
0.026897
0.026652
0.025972
0.023917
0.022714
0.023219
0.023383
0.025706
0.027207
0.028467
0.028636
0.027432
0.025875
0.024415
0.023963
0.024514
0.024910
0.025664
0.026100
0.026842
0.026880
0.027221
0.026520
0.026311
0.026671
0.026366
0.026160
0.026976
0.026823
0.027127
0.027165
0.026918
0.027127
0.025708
0.024658
0.023208
0.022751
0.023161
0.025252
0.026979
0.028732
0.028901
0.027449
0.025646
0.024682
0.023964
0.023531
0.024663
0.024925
0.025853
0.025854
0.026633
0.025946
0.026479
0.026024
0.025377
0.026080
0.025872
0.025453
0.026289
0.025853
0.026384
0.026384
0.026098
0.026308
0.024888
0.023609
0.022423
0.021719
0.022393
0.024218
0.025966
0.027721
0.027127
0.026401
0.024863
0.023633
0.022914
0.022479
0.023366
0.023875
0.024823
0.024557
0.025336
0.024936
0.025221
0.024767
0.024121
0.024824
0.024616
0.024197
0.025032
0.025089
0.025127
0.025127
0.024841
0.023672
0.022132
0.020440
0.020960
0.021364
0.023208
0.025181
0.026192
0.026116
0.024666
0.023112
0.022139
0.021915
0.021726
0.021873
0.022628
0.023062
0.023800
0.024332
0.023935
0.023727
0.023764
0.023368
0.023082
