1.883846
1.883846
1.883846
1.883846
1.883846
1.883846
1.883846
1.883846
1.883846
1.883846
1.883846
1.883846
1.883846
1.883846
1.883846
1.883846
1.883846
1.883846
1.883846
1.883846
1.883846
1.883846
1.883879
1.883937
1.884340
1.884758
1.885334
1.886273
1.887007
1.887749
1.888509
1.889119
1.889768
1.890510
1.891199
1.891837
1.892597
1.893403
1.893948
1.894910
1.895586
1.896392
1.896943
1.897818
1.898600
1.899399
1.900031
1.900727
1.901714
1.902372
3.162278
3.162278
3.162278
3.162278
3.162278
3.162278
3.162278
3.162278
3.162278
3.162278
3.162278
3.162278
3.162278
3.162278
3.162278
3.162278
3.162278
3.162278
3.162278
3.162278
3.162278
3.162278
3.162278
3.162278
3.162278
3.162278
3.162278
3.162278
3.162278
3.162278
3.162278
3.162278
3.162278
3.162278
3.162278
3.162278
3.162278
3.162278
3.162278
3.162278
3.162278
3.162278
3.162278
3.162278
3.162278
3.162278
3.162278
3.162278
3.162278
3.162278
3.162278
3.162278
3.162278
3.162278
3.162278
3.162278
3.162278
3.162278
3.162278
3.162278
3.162278
3.162278
3.162278
3.162278
3.162278
3.162278
3.162278
3.162278
3.162278
3.162278
3.162278
3.162278
3.162278
3.162278
3.162278
3.162278
3.162278
3.162278
3.162278
3.162278
3.162278
3.162278
3.162278
3.162278
3.162278
3.162278
3.162278
3.162278
3.162278
3.162278
3.162278
3.162278
3.162278
3.162278
3.162278
3.162278
3.162278
3.162278
3.162278
3.162278
3.162278
3.162278
3.162278
3.162278
3.162278
3.162278
3.162278
3.162278
3.162278
3.162278
3.162278
3.162278
3.162278
3.162278
3.162278
3.162278
3.162278
3.162278
3.162278
3.162278
3.162278
3.162278
3.162278
3.162278
3.162278
3.162278
3.162278
3.162278
3.162278
3.162278
3.162278
3.162278
3.162278
3.162278
3.162278
3.162278
3.162278
3.162278
3.162278
3.162278
3.162278
3.162278
3.162278
3.162278
3.162278
3.162278
3.162278
3.162278
3.162278
3.162278
3.162278
3.162278
3.162278
3.162278
3.162278
3.162278
3.162278
3.162278
3.162278
3.162278
3.162278
3.162278
3.162278
3.162278
3.162278
3.162278
3.162278
3.162278
3.162278
3.162278
3.162278
3.162278
3.162278
3.162278
3.162278
3.162278
3.162278
3.162278
3.162278
3.162278
3.162278
3.162278
3.162278
3.162278
3.162278
3.162278
3.162278
3.162278
3.162278
3.162278
3.162278
3.162278
3.162278
3.162278
3.162278
3.162278
3.162278
3.162278
3.162278
3.162278
3.162278
3.162278
3.162278
3.162278
3.162278
3.162278
3.162278
3.162278
3.162278
3.162278
3.162278
3.162278
3.162278
3.162278
3.162278
3.162278
3.162278
3.162278
3.162278
3.162278
3.162278
3.162278
3.162278
3.162278
3.162278
3.162278
3.162278
3.162278
3.162278
3.162278
3.162278
3.162278
3.162278
3.162278
3.162278
3.162278
3.162278
3.162278
3.162278
3.162278
3.162278
3.162278
3.162278
3.162278
3.162278
3.162278
3.162278
3.162278
3.162278
3.162278
3.162278
3.162278
3.162278
3.162278
3.162278
3.162278
3.162278
3.162278
3.162278
3.162278
3.162278
3.162278
3.162278
3.162278
3.162278
3.162278
3.162278
3.162278
3.162278
3.162278
3.162278
3.162278
3.162278
3.162278
3.162278
3.162278
3.162278
3.162278
3.162278
3.162278
3.162278
3.162278
3.162278
3.162278
3.162278
3.162278
3.162278
3.162278
3.162278
3.162278
3.162278
3.162278
3.162278
3.162278
3.162278
3.162278
3.162278
3.162278
3.162278
3.162278
3.162278
3.162278
3.162278
3.162278
3.162278
3.162278
3.162278
3.162278
3.162278
3.162278
3.162278
3.162278
3.162278
3.162278
3.162278
3.162278
3.162278
3.162278
3.162278
3.162278
3.162278
3.162278
3.162278
3.162278
3.162278
3.162278
3.162278
3.162278
3.162278
3.162278
3.162278
3.162278
3.162278
3.162278
3.162278
3.162278
3.162278
3.162278
3.162278
3.162278
3.162278
3.162278
3.162278
3.162278
3.162278
3.162278
3.162278
3.162278
3.162278
3.162278
3.162278
3.162278
3.162278
3.162278
3.162278
3.162278
3.162278
3.162278
3.162278
3.162278
3.162278
3.162278
3.162278
3.162278
3.162278
3.162278
3.162278
3.162278
3.162278
3.162278
3.162278
3.162278
3.162278
3.162278
3.162278
3.162278
3.162278
3.162278
3.162278
3.162278
3.162278
3.162278
3.162278
3.162278
3.162278
3.162278
3.162278
3.162278
3.162278
3.162278
3.162278
3.162278
3.162278
3.162278
3.162278
3.162278
3.162278
3.162278
3.162278
3.162278
3.162278
3.162278
3.162278
3.162278
3.162278
3.162278
3.162278
3.162278
3.162278
3.162278
3.162278
3.162278
3.162278
3.162278
3.162278
3.162278
3.162278
3.162278
3.162278
3.162278
3.162278
3.162278
3.162278
3.162278
3.162278
3.162278
3.162278
3.162278
3.162278
3.162278
3.162278
3.162278
3.162278
3.162278
3.162278
3.162278
3.162278
3.162278
3.162278
3.162278
3.162278
3.162278
3.162278
3.162278
3.162278
3.162278
3.162278
3.162278
3.162278
3.162278
3.162278
3.162278
3.162278
3.162278
3.162278
3.162278
3.162278
3.162278
3.162278
3.162278
3.162278
3.162278
3.162278
3.162278
3.162278
3.162278
3.162278
3.162278
3.162278
3.162278
3.162278
3.162278
3.162278
3.162278
3.162278
3.162278
3.162278
3.162278
3.162278
3.162278
3.162278
3.162278
3.162278
3.162278
3.162278
3.162278
3.162278
3.162278
3.162278
3.162278
3.162278
3.162278
3.162278
3.162278
3.162278
3.162278
3.162278
3.162278
3.162278
3.162278
3.162278
3.162278
3.162278
3.162278
3.162278
3.162278
3.162278
3.162278
3.162278
3.162278
3.162278
3.162278
3.162278
3.162278
3.162278
3.162278
3.162278
3.162278
3.162278
3.162278
3.162278
3.162278
3.162278
3.162278
3.162278
3.162278
3.162278
3.162278
3.162278
3.162278
3.162278
3.162278
3.162278
3.162278
3.162278
3.162278
3.162278
3.162278
3.162278
3.162278
3.162278
3.162278
3.162278
3.162278
3.162278
3.162278
3.162278
3.162278
3.162278
3.162278
3.162278
3.162278
3.162278
3.162278
3.162278
3.162278
3.162278
3.162278
3.162278
3.162278
3.162278
3.162278
3.162278
3.162278
3.162278
3.162278
3.162278
3.162278
3.162278
3.162278
3.162278
3.162278
3.162278
3.162278
3.162278
3.162278
3.162278
3.162278
3.162278
3.162278
3.162278
3.162278
3.162278
3.162278
3.162278
3.162278
3.162278
3.162278
3.162278
3.162278
3.162278
3.162278
3.162278
3.162278
3.162278
3.162278
3.162278
3.162278
3.162278
3.162278
3.162278
3.162278
3.162278
3.162278
3.162278
3.162278
3.162278
3.162278
3.162278
3.162278
3.162278
3.162278
3.162278
3.162278
3.162278
3.162278
3.162278
3.162278
3.162278
3.162278
3.162278
3.162278
3.162278
3.162278
3.162278
3.162278
3.162278
3.162278
3.162278
3.162278
3.162278
3.162278
3.162278
3.162278
3.162278
3.162278
3.162278
3.162278
3.162278
3.162278
3.162278
3.162278
3.162278
3.162278
3.162278
3.162278
3.162278
3.162278
3.162278
3.162278
