0.578782
0.578782
0.578782
0.578782
0.578782
0.578782
0.578782
0.578782
0.578782
0.578782
0.578782
0.578782
0.578782
0.578782
0.578782
0.578782
0.578782
0.578782
0.578782
0.578782
0.578782
0.578782
0.578782
0.578671
0.578385
0.577515
0.576394
0.574829
0.572510
0.570248
0.567154
0.564098
0.561413
0.558599
0.556174
0.553299
0.550978
0.548314
0.545625
0.543007
0.540199
0.537307
0.534799
0.531872
0.529361
0.526748
0.523982
0.521541
0.518891
0.516114
0.513385
0.510326
0.507483
0.504544
0.501308
0.498363
0.495092
0.491878
0.488517
0.485069
0.481806
0.478345
0.475191
0.471920
0.468333
0.465061
0.461700
0.458520
0.455478
0.452052
0.448763
0.445479
0.442251
0.439007
0.435730
0.432677
0.429293
0.426077
0.422996
0.419839
0.416714
0.413530
0.410340
0.407129
0.404046
0.401066
0.397797
0.394661
0.391559
0.388557
0.385370
0.382269
0.379296
0.376108
0.373084
0.370270
0.367132
0.364195
0.361064
0.358085
0.355109
0.352175
0.349345
0.346071
0.343167
0.340456
0.337365
0.334466
0.331646
0.328906
0.325885
0.323169
0.320160
0.317520
0.314593
0.311979
0.309046
0.306410
0.303907
0.301191
0.298329
0.295792
0.293101
0.290724
0.287909
0.285312
0.282798
0.280303
0.277971
0.275002
0.272584
0.270201
0.267654
0.265130
0.262612
0.260108
0.257744
0.255331
0.252976
0.250482
0.248149
0.245800
0.243310
0.240973
0.238691
0.236316
0.233898
0.231702
0.229289
0.227085
0.224680
0.222460
0.220487
0.218101
0.215870
0.213523
0.211409
0.209286
0.206993
0.204725
0.202786
0.200520
0.198589
0.196236
0.194202
0.192111
0.190170
0.188056
0.186003
0.184133
0.182023
0.179944
0.178046
0.176222
0.174259
0.172404
0.170519
0.168564
0.166698
0.164891
0.163063
0.161319
0.159657
0.157763
0.156009
0.154311
0.152465
0.151020
0.149165
0.147691
0.145881
0.144307
0.142797
0.141163
0.139359
0.138001
0.136359
0.134817
0.133193
0.131656
0.130227
0.128935
0.127150
0.125922
0.124354
0.123009
0.121432
0.120205
0.118590
0.117231
0.115851
0.114432
0.113135
0.111905
0.110608
0.108995
0.107897
0.106599
0.105185
0.104067
0.102659
0.101627
0.100411
0.098811
0.097800
0.096739
0.095277
0.093949
0.093092
0.091763
0.090615
0.089581
0.088013
0.087183
0.086123
0.084875
0.083664
0.082763
0.081438
0.080680
0.079499
0.078486
0.077465
0.076366
0.075500
0.074289
0.073481
0.072500
0.071552
0.070723
0.069587
0.068742
0.067873
0.066857
0.066225
0.065208
0.064302
0.063404
0.062646
0.062040
0.061086
0.060342
0.059358
0.058725
0.057923
0.057268
0.056595
0.055679
0.055007
0.054117
0.053552
0.052870
0.052037
0.051431
0.050953
0.050111
0.049656
0.048665
0.048149
0.047477
0.046923
0.046404
0.045768
0.045046
0.044534
0.044035
0.043486
0.042865
0.042475
0.041940
0.041213
0.040714
0.040264
0.039724
0.039184
0.038829
0.038295
0.037710
0.037178
0.036731
0.036370
0.035937
0.035504
0.034935
0.034726
0.034177
0.033861
0.033446
0.033052
0.032617
0.032148
0.031904
0.031476
0.031161
0.030714
0.030376
0.030019
0.029810
0.029328
0.029119
0.028504
0.028366
0.028005
0.027675
0.027224
0.027117
0.026698
0.026440
0.026012
0.025788
0.025580
0.025258
0.024974
0.024578
0.024369
0.024013
0.023906
0.023653
0.023296
0.023087
0.022805
0.022370
0.022218
0.022003
0.021683
0.021546
0.021229
0.021122
0.020941
0.020550
0.020333
0.020226
0.019878
0.019771
0.019620
0.019217
0.018969
0.018867
0.018689
0.018474
0.018266
0.018084
0.017869
0.017735
0.017440
0.017303
0.017087
0.016985
0.016879
0.016549
0.016416
0.016309
0.016202
0.015987
0.015798
0.015661
0.015554
0.015511
0.015193
0.015193
0.014945
0.014838
0.014604
0.014497
0.014497
0.014391
0.014152
0.013998
0.013891
0.013891
0.013682
0.013682
0.013436
0.013436
0.013329
0.013121
0.013121
0.012862
0.012862
0.012832
0.012622
0.012622
0.012515
0.012407
0.012300
0.012300
0.012092
0.012061
0.011932
0.011822
0.011779
0.011672
0.011569
0.011462
0.011462
0.011432
0.011216
0.011216
0.011007
0.011007
0.011007
0.010900
0.010900
0.010900
0.010685
0.010508
0.010508
0.010401
0.010401
0.010401
0.010294
0.010294
0.010192
0.010086
0.010086
0.010086
0.009948
0.009948
0.009948
0.009948
0.009841
0.009841
0.009841
0.009734
0.009734
0.009734
0.009734
0.009628
0.009597
0.009597
0.009597
0.009490
0.009490
0.009490
0.009490
0.009383
0.009383
0.009383
0.009383
0.009383
0.009277
0.009277
0.009277
0.009277
0.009247
0.009139
0.009139
0.009139
0.009139
0.009139
0.009032
0.009032
0.009032
0.009032
0.009032
0.008926
0.008926
0.008926
0.008926
0.008926
0.008926
0.008820
0.008820
0.008789
0.008789
0.008789
0.008789
0.008681
0.008681
0.008681
0.008681
0.008681
0.008681
0.008681
0.008574
0.008574
0.008574
0.008574
0.008574
0.008574
0.008574
0.008574
0.008468
0.008468
0.008468
0.008468
0.008468
0.008468
0.008468
0.008468
0.008468
0.008468
0.008468
0.008468
0.008468
0.008468
0.008468
0.008468
0.008468
0.008468
0.008468
0.008468
0.008468
0.008468
0.008468
0.008468
0.008468
0.008468
0.008468
0.008468
0.008468
0.008468
0.008468
0.008468
0.008468
0.008468
0.008468
0.008468
0.008468
0.008468
0.008468
0.008468
0.008468
0.008468
0.008468
0.008468
0.008468
0.008468
0.008468
0.008468
0.008468
0.008468
0.008468
0.008468
0.008468
0.008468
0.008468
0.008468
0.008468
0.008468
0.008468
0.008468
0.008468
0.008468
0.008468
0.008468
0.008468
0.008468
0.008468
0.008468
0.008468
0.008468
0.008468
0.008468
0.008468
0.008468
0.008468
0.008468
0.008468
0.008468
0.008468
0.008468
0.008468
0.008468
0.008468
0.008468
0.008468
0.008468
0.008468
0.008468
0.008468
0.008468
0.008468
0.008468
0.008468
0.008468
0.008468
0.008468
0.008468
0.008468
0.008468
0.008468
0.008468
0.008468
0.008468
0.008468
0.008468
0.008468
0.008468
0.008468
0.008468
0.008468
0.008468
0.008468
0.008468
0.008468
0.008468
0.008468
0.008468
0.008468
0.008468
0.008468
0.008468
0.008468
0.008468
0.008468
0.008468
0.008468
0.008468
0.008468
0.008468
0.008468
0.008468
0.008468
0.008468
0.008468
0.008468
0.008468
0.008468
0.008468
0.008468
0.008468
0.008468
0.008468
0.008468
0.008468
0.008468
0.008468
0.008468
0.008468
0.008468
0.008468
0.008468
0.008468
0.008468
0.008468
0.008468
0.008468
0.008468
0.008468
0.008468
0.008468
0.008468
0.008468
0.008468
0.008468
0.008468
0.008468
0.008468
0.008468
0.008468
0.008468
0.008468
0.008468
0.008468
0.008468
0.008468
0.008468
0.008468
0.008468
0.008468
0.008468
0.008468
0.008468
0.008468
0.008468
0.008468
0.008468
0.008468
0.008468
0.008468
0.008468
0.008468
0.008468
0.008468
0.008468
0.008468
0.008468
0.008468
0.008468
