0.681388
0.681388
0.681388
0.681388
0.681388
0.681388
0.681388
0.681332
0.680800
0.679922
0.678509
0.676908
0.674954
0.672397
0.669379
0.665941
0.662480
0.658671
0.655232
0.651907
0.648604
0.645276
0.641967
0.638620
0.635323
0.631758
0.628213
0.624760
0.621309
0.617726
0.614278
0.610960
0.607353
0.603944
0.600713
0.597294
0.593805
0.590379
0.586839
0.583601
0.580290
0.576752
0.573259
0.570004
0.566724
0.563255
0.560067
0.556382
0.553166
0.549853
0.546500
0.543262
0.539950
0.536376
0.533380
0.529968
0.526602
0.523304
0.519842
0.516754
0.513350
0.509952
0.506983
0.503572
0.500221
0.497171
0.493770
0.490533
0.487230
0.484061
0.480748
0.477469
0.474169
0.471049
0.467720
0.464576
0.461289
0.458166
0.454851
0.451674
0.448611
0.445166
0.442102
0.439032
0.435516
0.432642
0.429457
0.426171
0.423021
0.419904
0.416817
0.413846
0.410615
0.407455
0.404396
0.401329
0.398335
0.395240
0.392206
0.389033
0.386057
0.383020
0.379959
0.376923
0.374075
0.370789
0.367991
0.365025
0.362009
0.359039
0.356047
0.352974
0.350186
0.347045
0.344097
0.341256
0.338479
0.335431
0.332458
0.329602
0.326736
0.323769
0.321064
0.318000
0.315218
0.312233
0.309399
0.306463
0.303720
0.300905
0.298013
0.295170
0.292534
0.289678
0.286943
0.284303
0.281407
0.278966
0.276248
0.273339
0.270930
0.267921
0.265493
0.262985
0.260351
0.257661
0.255143
0.252573
0.249953
0.247426
0.244994
0.242429
0.239833
0.237609
0.235086
0.232546
0.230136
0.227574
0.225243
0.223174
0.220368
0.218113
0.215720
0.213508
0.211248
0.208624
0.206464
0.204231
0.202036
0.199570
0.197286
0.195018
0.192908
0.190415
0.188466
0.186077
0.183921
0.181724
0.179505
0.177519
0.175387
0.173102
0.170927
0.168926
0.166834
0.164871
0.162825
0.160765
0.158746
0.156886
0.154794
0.152818
0.150876
0.149042
0.146846
0.145165
0.143316
0.141343
0.139608
0.137772
0.135897
0.134141
0.132503
0.130674
0.129027
0.127266
0.125693
0.123967
0.122541
0.120740
0.119242
0.117503
0.116215
0.114549
0.113037
0.111685
0.110046
0.108886
0.107367
0.105913
0.104724
0.103328
0.101925
0.100560
0.099281
0.097993
0.096835
0.095559
0.094259
0.093023
0.091809
0.090556
0.089423
0.088297
0.087187
0.086052
0.084887
0.083980
0.082819
0.081803
0.080602
0.079559
0.078503
0.077486
0.076559
0.075422
0.074604
0.073659
0.072605
0.071887
0.070981
0.069945
0.069023
0.068072
0.067055
0.066556
0.065410
0.064694
0.063656
0.062915
0.062313
0.061385
0.060685
0.059858
0.059040
0.058449
0.057599
0.056850
0.056149
0.055462
0.054689
0.053861
0.053160
0.052631
0.051876
0.051504
0.050566
0.049756
0.049314
0.048614
0.048112
0.047449
0.046967
0.046150
0.045614
0.045232
0.044477
0.044085
0.043384
0.043068
0.042351
0.041888
0.041296
0.040815
0.040279
0.039778
0.039232
0.038750
0.038311
0.038035
0.037370
0.036888
0.036462
0.036091
0.035648
0.035036
0.034690
0.034319
0.034003
0.033511
0.032954
0.032625
0.032363
0.031938
0.031456
0.031107
0.030625
0.030309
0.030090
0.029591
0.029166
0.028870
0.028444
0.028349
0.027952
0.027401
0.027196
0.026789
0.026474
0.026308
0.025992
0.025457
0.025182
0.025085
0.024626
0.024365
0.024035
0.023924
0.023315
0.023206
0.023000
0.022781
0.022279
0.022268
0.021841
0.021566
0.021250
0.021141
0.020825
0.020659
0.020404
0.020197
0.020088
0.019607
0.019496
0.019291
0.019181
0.018919
0.018700
0.018480
0.018364
0.018088
0.017992
0.017663
0.017535
0.017274
0.017163
0.017054
0.016848
0.016508
0.016453
0.016226
0.016115
0.015800
0.015800
0.015524
0.015318
0.015318
0.015209
0.014989
0.014784
0.014728
0.014508
0.014282
0.014282
0.014173
0.013801
0.013801
0.013692
0.013455
0.013360
0.013250
0.013141
0.012975
0.012770
0.012770
0.012770
0.012550
0.012344
0.012324
0.012160
0.012160
0.011953
0.011953
0.011733
0.011733
0.011733
0.011362
0.011351
0.011351
0.011351
0.011146
0.011035
0.011035
0.010926
0.010926
0.010774
0.010664
0.010534
0.010534
0.010534
0.010534
0.010438
0.010218
0.010218
0.010162
0.010162
0.010053
0.009956
0.009956
0.009846
0.009846
0.009736
0.009736
0.009642
0.009642
0.009474
0.009366
0.009366
0.009366
0.009366
0.009269
0.009161
0.009140
0.009140
0.009029
0.009029
0.009029
0.008936
0.008878
0.008878
0.008768
0.008768
0.008768
0.008658
0.008658
0.008658
0.008563
0.008563
0.008563
0.008563
0.008453
0.008453
0.008453
0.008453
0.008453
0.008453
0.008453
0.008453
0.008453
0.008345
0.008345
0.008345
0.008345
0.008453
0.008345
0.008345
0.008345
0.008345
0.008345
0.008345
0.008345
0.008345
0.008345
0.008345
0.008345
0.008345
0.008345
0.008345
0.008345
0.008345
0.008345
0.008345
0.008345
0.008345
0.008345
0.008345
0.008345
0.008345
0.008345
0.008345
0.008345
0.008345
0.008345
0.008345
0.008345
0.008345
0.008345
0.008345
0.008345
0.008345
0.008345
0.008345
0.008345
0.008345
0.008345
0.008345
0.008345
0.008345
0.008345
0.008345
0.008345
0.008345
0.008345
0.008345
0.008345
0.008345
0.008345
0.008345
0.008345
0.008345
0.008345
0.008345
0.008345
0.008345
0.008345
0.008345
0.008345
0.008345
0.008345
0.008345
0.008345
0.008345
0.008345
0.008345
0.008345
0.008345
0.008345
0.008345
0.008345
0.008345
0.008345
0.008345
0.008345
0.008345
0.008345
0.008345
0.008345
0.008345
0.008345
0.008345
0.008345
0.008345
0.008345
0.008345
0.008345
0.008345
0.008345
0.008345
0.008345
0.008345
0.008345
0.008345
0.008345
0.008345
0.008345
0.008345
0.008345
0.008345
0.008345
0.008345
0.008345
0.008345
0.008345
0.008345
0.008345
0.008345
0.008345
0.008345
0.008345
0.008345
0.008345
0.008345
0.008345
0.008345
0.008345
0.008345
0.008345
0.008345
0.008345
0.008345
0.008345
0.008345
0.008345
0.008345
0.008345
0.008345
0.008345
0.008345
0.008345
0.008345
0.008345
0.008345
0.008345
0.008345
0.008345
0.008345
0.008345
0.008345
0.008345
0.008345
0.008345
0.008345
0.008345
0.008345
0.008345
0.008345
0.008345
0.008345
0.008345
0.008345
0.008345
0.008345
0.008345
0.008345
0.008345
0.008345
0.008345
0.008345
0.008345
0.008345
0.008345
0.008345
0.008345
0.008345
0.008345
0.008345
0.008345
0.008345
0.008345
0.008345
0.008345
0.008345
0.008345
0.008345
0.008345
0.008345
0.008345
0.008345
0.008345
0.008345
0.008345
0.008345
0.008345
0.008345
0.008345
0.008345
0.008345
0.008345
0.008345
0.008345
0.008345
0.008345
0.008345
0.008345
0.008345
0.008345
0.008345
0.008345
0.008345
0.008345
0.008345
0.008345
0.008345
0.008345
0.008345
0.008345
0.008345
0.008345
0.008345
0.008345
0.008345
0.008345
0.008345
0.008345
0.008345
0.008345
0.008345
0.008345
0.008345
