0.740295
0.740295
0.740295
0.740295
0.740295
0.740295
0.740295
0.740295
0.740295
0.740295
0.740295
0.740295
0.740295
0.740295
0.740295
0.740295
0.740295
0.740295
0.740295
0.740295
0.740295
0.740295
0.740313
0.740327
0.740332
0.740091
0.739951
0.739161
0.738125
0.736707
0.734838
0.732726
0.730299
0.727469
0.724629
0.721643
0.718507
0.715284
0.712152
0.708832
0.705345
0.701734
0.698073
0.694269
0.690590
0.686808
0.683229
0.679442
0.675809
0.672043
0.668403
0.664596
0.660706
0.656710
0.652780
0.648955
0.645002
0.640989
0.637231
0.633439
0.629793
0.626032
0.622241
0.618494
0.614695
0.611080
0.607409
0.603669
0.600234
0.596537
0.592743
0.589349
0.585787
0.582162
0.578494
0.574968
0.571513
0.567929
0.564453
0.560829
0.557308
0.553804
0.550303
0.546850
0.543292
0.539855
0.536368
0.532844
0.529259
0.525881
0.522475
0.518898
0.515345
0.512038
0.508619
0.505272
0.501874
0.498521
0.495111
0.491926
0.488498
0.485161
0.481728
0.478426
0.475101
0.471865
0.468499
0.465216
0.461934
0.458647
0.455437
0.452313
0.449071
0.445727
0.442609
0.439412
0.436247
0.433054
0.429998
0.426726
0.423769
0.420681
0.417673
0.414626
0.411322
0.408265
0.405370
0.402163
0.399222
0.396160
0.393186
0.390114
0.387043
0.384230
0.381173
0.378251
0.375341
0.372421
0.369373
0.366594
0.363841
0.360957
0.358146
0.355370
0.352578
0.349895
0.347096
0.344372
0.341544
0.338766
0.336027
0.333414
0.330633
0.327935
0.325179
0.322404
0.319716
0.317143
0.314404
0.311789
0.309076
0.306431
0.303922
0.301195
0.298520
0.295983
0.293354
0.290767
0.288087
0.285615
0.283093
0.280412
0.277821
0.275308
0.272797
0.270247
0.267672
0.265049
0.262681
0.260242
0.257783
0.255287
0.252726
0.250388
0.248004
0.245540
0.243066
0.240707
0.238357
0.236055
0.233739
0.231339
0.229025
0.226747
0.224476
0.222167
0.220003
0.217730
0.215567
0.213303
0.211081
0.209056
0.206924
0.204673
0.202566
0.200434
0.198466
0.196328
0.194184
0.192250
0.190130
0.188157
0.186142
0.184221
0.182164
0.180251
0.178323
0.176384
0.174538
0.172627
0.170761
0.168830
0.166848
0.165205
0.163328
0.161566
0.159812
0.158025
0.156266
0.154319
0.152659
0.151116
0.149312
0.147602
0.146016
0.144381
0.142742
0.141083
0.139564
0.137949
0.136254
0.134773
0.133261
0.131842
0.130277
0.128722
0.127294
0.125799
0.124344
0.122791
0.121539
0.120021
0.118610
0.117180
0.115754
0.114407
0.113058
0.111691
0.110240
0.109034
0.107704
0.106474
0.104935
0.103760
0.102488
0.101304
0.099896
0.098759
0.097571
0.096418
0.095062
0.093941
0.092770
0.091567
0.090561
0.089394
0.088313
0.087159
0.085982
0.084993
0.083943
0.082887
0.081835
0.080743
0.079763
0.078825
0.077790
0.076657
0.075776
0.074778
0.073882
0.072969
0.072088
0.071021
0.070061
0.069212
0.068365
0.067386
0.066679
0.065701
0.064869
0.064053
0.063252
0.062330
0.061616
0.060860
0.059971
0.059207
0.058545
0.057725
0.056991
0.056336
0.055661
0.054764
0.054118
0.053426
0.052682
0.052144
0.051396
0.050692
0.050058
0.049430
0.048959
0.048236
0.047605
0.046929
0.046438
0.045880
0.045276
0.044728
0.044185
0.043547
0.043085
0.042473
0.042023
0.041503
0.041068
0.040392
0.039980
0.039511
0.038891
0.038486
0.037971
0.037627
0.037108
0.036652
0.036187
0.035777
0.035274
0.034908
0.034510
0.033977
0.033681
0.033216
0.032879
0.032382
0.032089
0.031601
0.031243
0.030949
0.030680
0.030128
0.029855
0.029499
0.029070
0.028813
0.028493
0.028070
0.027789
0.027480
0.027241
0.026864
0.026580
0.026240
0.025905
0.025627
0.025318
0.024997
0.024705
0.024435
0.024190
0.023987
0.023725
0.023357
0.023067
0.022849
0.022607
0.022316
0.022123
0.022025
0.021730
0.021351
0.021141
0.021035
0.020849
0.020639
0.020350
0.020129
0.019940
0.019849
0.019621
0.019404
0.019181
0.019017
0.018852
0.018677
0.018496
0.018278
0.018149
0.017914
0.017802
0.017572
0.017423
0.017208
0.017106
0.016999
0.016749
0.016665
0.016514
0.016346
0.016179
0.016121
0.015814
0.015724
0.015632
0.015532
0.015350
0.015181
0.014999
0.014970
0.014789
0.014712
0.014690
0.014434
0.014265
0.014192
0.014102
0.013986
0.013930
0.013795
0.013677
0.013535
0.013335
0.013321
0.013249
0.013061
0.012999
0.012923
0.012879
0.012745
0.012672
0.012532
0.012499
0.012383
0.012349
0.012281
0.012202
0.012143
0.012118
0.011963
0.011908
0.011820
0.011820
0.011688
0.011688
0.011636
0.011564
0.011494
0.011393
0.011370
0.011294
0.011260
0.011192
0.011092
0.011042
0.011005
0.010974
0.010974
0.010884
0.010859
0.010781
0.010717
0.010678
0.010641
0.010620
0.010581
0.010505
0.010474
0.010474
0.010351
0.010351
0.010312
0.010250
0.010219
0.010205
0.010167
0.010129
0.010129
0.010129
0.010061
0.010035
0.009996
0.009996
0.009945
0.009945
0.009945
0.009877
0.009839
0.009802
0.009802
0.009765
0.009765
0.009765
0.009734
0.009682
0.009644
0.009644
0.009644
0.009618
0.009581
0.009581
0.009542
0.009511
0.009511
0.009474
0.009474
0.009474
0.009460
0.009422
0.009359
0.009359
0.009328
0.009328
0.009328
0.009290
0.009290
0.009290
0.009290
0.009290
0.009290
0.009253
0.009253
0.009239
0.009239
0.009239
0.009239
0.009201
0.009201
0.009201
0.009201
0.009201
0.009201
0.009201
0.009164
0.009164
0.009164
0.009164
0.009164
0.009164
0.009164
0.009164
0.009113
0.009113
0.009113
0.009113
0.009113
0.009113
0.009113
0.009113
0.009113
0.009113
0.009113
0.009113
0.009113
0.009113
0.009113
0.009113
0.009113
0.009113
0.009113
0.009113
0.009113
0.009113
0.009113
0.009113
0.009113
0.009113
0.009113
0.009113
0.009113
0.009113
0.009113
0.009113
0.009113
0.009113
0.009113
0.009113
0.009113
0.009113
0.009113
0.009113
0.009113
0.009113
0.009113
0.009113
0.009113
0.009113
0.009113
0.009113
0.009113
0.009113
0.009113
0.009113
0.009113
0.009113
0.009113
0.009113
0.009113
0.009113
0.009113
0.009113
0.009113
0.009113
0.009113
0.009113
0.009113
0.009113
0.009113
0.009113
0.009113
0.009113
0.009113
0.009113
0.009113
0.009113
0.009113
0.009113
0.009113
0.009113
0.009113
0.009113
0.009113
0.009113
0.009113
0.009113
0.009113
0.009113
0.009113
0.009113
0.009113
0.009113
0.009113
0.009113
0.009113
0.009113
0.009113
0.009113
0.009113
0.009113
0.009113
0.009113
0.009113
0.009113
0.009113
0.009113
0.009113
0.009113
0.009113
0.009113
0.009113
0.009113
0.009113
0.009113
0.009113
0.009113
0.009113
0.009113
0.009113
0.009113
0.009113
0.009113
0.009113
0.009113
0.009113
0.009113
0.009113
0.009113
0.009113
0.009113
0.009113
0.009113
0.009113
0.009113
0.009113
0.009113
0.009113
0.009113
0.009113
0.009113
0.009113
