0.843181
0.843181
0.843181
0.843181
0.843181
0.843181
0.843181
0.843077
0.842425
0.841179
0.839746
0.837832
0.835622
0.832836
0.829590
0.826239
0.822614
0.818776
0.815002
0.811575
0.807976
0.804457
0.801054
0.797553
0.794076
0.790234
0.786523
0.783164
0.779130
0.775397
0.771886
0.768237
0.764517
0.760831
0.757296
0.753602
0.750022
0.746438
0.742881
0.739164
0.735365
0.731776
0.728306
0.724487
0.720992
0.717499
0.713697
0.710138
0.706604
0.703015
0.699222
0.695606
0.692117
0.688327
0.684816
0.681387
0.677652
0.674184
0.670486
0.667065
0.663221
0.659708
0.656089
0.652326
0.649018
0.645303
0.641802
0.638336
0.634703
0.631192
0.627467
0.624012
0.620297
0.617026
0.613254
0.609643
0.606245
0.602463
0.599103
0.595584
0.592002
0.588342
0.584777
0.581462
0.577789
0.574212
0.570724
0.567100
0.563645
0.560263
0.556661
0.552906
0.549477
0.546028
0.542445
0.538936
0.535456
0.531663
0.528371
0.524937
0.521334
0.517694
0.514174
0.510749
0.507320
0.503712
0.500196
0.496677
0.493154
0.489696
0.486202
0.482477
0.479026
0.475657
0.472148
0.468673
0.465110
0.461755
0.458276
0.454892
0.451406
0.447846
0.444371
0.440969
0.437717
0.434177
0.430642
0.427385
0.423996
0.420772
0.417231
0.413719
0.410269
0.406911
0.403637
0.400217
0.396995
0.393609
0.390532
0.387122
0.383931
0.380549
0.377261
0.373942
0.370579
0.367491
0.364404
0.361066
0.357967
0.354536
0.351572
0.348429
0.345202
0.341964
0.338832
0.335670
0.332561
0.329311
0.326411
0.323268
0.320083
0.317371
0.314138
0.311146
0.308099
0.305205
0.302278
0.299336
0.296475
0.293677
0.290767
0.288160
0.285322
0.282483
0.279689
0.277115
0.274324
0.271759
0.269254
0.266405
0.263936
0.261307
0.258883
0.256127
0.253494
0.251035
0.248603
0.246124
0.243690
0.241350
0.239105
0.236491
0.234363
0.231798
0.229644
0.227212
0.224991
0.222509
0.220535
0.218115
0.215780
0.213763
0.211621
0.209249
0.207142
0.205140
0.202940
0.200691
0.198686
0.196737
0.194431
0.192538
0.190428
0.188334
0.186411
0.184344
0.182348
0.180524
0.178462
0.176485
0.174748
0.172733
0.170921
0.169072
0.167158
0.165570
0.163771
0.161846
0.160160
0.158338
0.156825
0.154730
0.153136
0.151520
0.149815
0.148286
0.146672
0.144915
0.143129
0.141770
0.139940
0.138670
0.137053
0.135507
0.133932
0.132597
0.131154
0.129365
0.127949
0.126673
0.124988
0.123702
0.122388
0.120772
0.119483
0.118210
0.116894
0.115433
0.114121
0.112740
0.111404
0.110374
0.108821
0.107612
0.106408
0.105030
0.103974
0.102480
0.101313
0.100001
0.098996
0.097655
0.096345
0.095467
0.094238
0.093075
0.091935
0.090685
0.089526
0.088393
0.087316
0.086001
0.085127
0.084019
0.082881
0.081872
0.080795
0.079794
0.078581
0.077922
0.076788
0.075560
0.074641
0.073718
0.072866
0.071784
0.070932
0.069923
0.069066
0.068147
0.067185
0.066414
0.065541
0.064748
0.063965
0.063149
0.062181
0.061512
0.060646
0.059902
0.059192
0.058318
0.057552
0.056807
0.056241
0.055312
0.054700
0.054042
0.053322
0.052773
0.051985
0.051439
0.050734
0.049969
0.049292
0.048716
0.048040
0.047642
0.046812
0.046370
0.045546
0.045123
0.044427
0.044025
0.043413
0.042779
0.042401
0.041775
0.041286
0.040590
0.040150
0.039730
0.039270
0.038724
0.037999
0.037669
0.037228
0.036699
0.036453
0.035710
0.035320
0.035034
0.034417
0.034049
0.033539
0.033170
0.032666
0.032401
0.032005
0.031445
0.031093
0.030628
0.030273
0.029926
0.029707
0.029259
0.028681
0.028331
0.028086
0.027828
0.027298
0.027033
0.026739
0.026309
0.026064
0.025697
0.025408
0.025039
0.024885
0.024355
0.024135
0.023679
0.023476
0.023257
0.022798
0.022798
0.022452
0.022191
0.021987
0.021530
0.021372
0.021114
0.020830
0.020626
0.020303
0.020213
0.019845
0.019752
0.019398
0.019240
0.019035
0.018748
0.018594
0.018325
0.018081
0.018081
0.017825
0.017587
0.017371
0.017167
0.017013
0.016831
0.016770
0.016406
0.016406
0.016120
0.015917
0.015856
0.015698
0.015453
0.015350
0.015155
0.014983
0.014801
0.014642
0.014581
0.014488
0.014427
0.014142
0.014142
0.013923
0.013923
0.013740
0.013679
0.013586
0.013586
0.013432
0.013277
0.013184
0.013123
0.013030
0.013030
0.012876
0.012787
0.012694
0.012629
0.012475
0.012475
0.012475
0.012292
0.012231
0.012138
0.012138
0.012013
0.011920
0.011829
0.011736
0.011675
0.011675
0.011582
0.011582
0.011582
0.011340
0.011273
0.011273
0.011181
0.011119
0.011119
0.011026
0.011026
0.010937
0.010783
0.010783
0.010783
0.010626
0.010626
0.010564
0.010564
0.010381
0.010381
0.010381
0.010227
0.010227
0.010227
0.010227
0.010134
0.010134
0.010073
0.010073
0.009980
0.009980
0.009980
0.009980
0.009826
0.009826
0.009826
0.009826
0.009826
0.009734
0.009734
0.009673
0.009673
0.009673
0.009579
0.009579
0.009579
0.009579
0.009579
0.009426
0.009426
0.009426
0.009426
0.009426
0.009333
0.009333
0.009333
0.009272
0.009272
0.009272
0.009179
0.009179
0.009179
0.009179
0.009179
0.009179
0.009088
0.009025
0.009025
0.009025
0.009025
0.009025
0.009025
0.008933
0.008933
0.008933
0.008933
0.008933
0.008872
0.008872
0.008872
0.008778
0.008778
0.008778
0.008778
0.008778
0.008778
0.008778
0.008778
0.008687
0.008625
0.008625
0.008625
0.008625
0.008625
0.008625
0.008625
0.008625
0.008625
0.008625
0.008625
0.008625
0.008625
0.008625
0.008625
0.008625
0.008625
0.008625
0.008625
0.008625
0.008625
0.008625
0.008625
0.008625
0.008625
0.008625
0.008625
0.008625
0.008625
0.008625
0.008625
0.008625
0.008625
0.008625
0.008625
0.008625
0.008625
0.008625
0.008625
0.008625
0.008625
0.008625
0.008625
0.008625
0.008625
0.008625
0.008625
0.008625
0.008625
0.008625
0.008625
0.008625
0.008625
0.008625
0.008625
0.008625
0.008625
0.008625
0.008625
0.008625
0.008625
0.008625
0.008625
0.008625
0.008625
0.008625
0.008625
0.008625
0.008625
0.008625
0.008625
0.008625
0.008625
0.008625
0.008625
0.008625
0.008625
0.008625
0.008625
0.008625
0.008625
0.008625
0.008625
0.008625
0.008625
0.008625
0.008625
0.008625
0.008625
0.008625
0.008625
0.008625
0.008625
0.008625
0.008625
0.008625
0.008625
0.008625
0.008625
0.008625
0.008625
0.008625
0.008625
0.008625
0.008625
0.008625
0.008625
0.008625
0.008625
0.008625
0.008625
0.008625
0.008625
0.008625
0.008625
0.008625
0.008625
0.008625
0.008625
0.008625
0.008625
0.008625
0.008625
0.008625
0.008625
0.008625
0.008625
0.008625
0.008625
0.008625
0.008625
0.008625
0.008625
0.008625
0.008625
0.008625
0.008625
0.008625
0.008625
0.008625
0.008625
0.008625
0.008625
0.008625
0.008625
0.008625
0.008625
0.008625
0.008625
0.008625
0.008625
