0.668549
0.668549
0.668549
0.668549
0.668549
0.668549
0.668549
0.668549
0.668549
0.668549
0.668549
0.668549
0.668549
0.668549
0.668549
0.668549
0.668549
0.668549
0.668549
0.668549
0.668549
0.668549
0.668549
0.668342
0.667411
0.666166
0.664350
0.662058
0.659408
0.656532
0.653870
0.650940
0.647665
0.644042
0.640223
0.636123
0.631910
0.627704
0.623455
0.619391
0.615400
0.611296
0.607161
0.603014
0.598959
0.594769
0.590490
0.586055
0.581789
0.577691
0.573536
0.569365
0.565199
0.560931
0.556578
0.552416
0.548240
0.543856
0.539679
0.535529
0.531165
0.526970
0.522832
0.518587
0.514346
0.510068
0.505834
0.501683
0.497438
0.493256
0.489121
0.484865
0.480648
0.476284
0.472045
0.467791
0.463661
0.459446
0.455123
0.450962
0.446790
0.442566
0.438377
0.434291
0.430237
0.426139
0.422127
0.418244
0.414399
0.410617
0.406616
0.402752
0.399040
0.395276
0.391486
0.387688
0.384153
0.380564
0.376943
0.373427
0.369933
0.366339
0.363037
0.359443
0.356087
0.352979
0.349190
0.345980
0.342721
0.339523
0.336389
0.333152
0.329984
0.326807
0.323697
0.320584
0.317577
0.314696
0.311627
0.308753
0.305786
0.302872
0.300058
0.297136
0.294450
0.291620
0.288712
0.286180
0.283573
0.280655
0.278238
0.275574
0.272843
0.270557
0.267841
0.265503
0.262840
0.260590
0.258017
0.255794
0.253309
0.250942
0.248570
0.246342
0.244005
0.241760
0.239571
0.237225
0.235033
0.233057
0.230877
0.228692
0.226574
0.224509
0.222533
0.220411
0.218363
0.216396
0.214335
0.212523
0.210610
0.208723
0.206736
0.204957
0.203091
0.201218
0.199374
0.197670
0.195826
0.194009
0.192208
0.190498
0.188752
0.186903
0.185298
0.183621
0.182041
0.180395
0.178809
0.177149
0.175508
0.173860
0.172215
0.170785
0.169291
0.167587
0.166107
0.164592
0.163170
0.161548
0.160095
0.158548
0.157282
0.155711
0.154221
0.152770
0.151521
0.150032
0.148457
0.147288
0.145858
0.144326
0.143296
0.141725
0.140501
0.139302
0.137805
0.136754
0.135275
0.134044
0.132778
0.131345
0.130333
0.128862
0.127908
0.126467
0.125419
0.124134
0.122941
0.121767
0.120623
0.119406
0.118205
0.117116
0.115883
0.114883
0.113570
0.112688
0.111464
0.110597
0.109347
0.108286
0.107079
0.105969
0.105059
0.103866
0.102966
0.101828
0.100806
0.099854
0.098632
0.097720
0.096794
0.095600
0.094671
0.093763
0.092734
0.091758
0.090827
0.089804
0.088772
0.087925
0.086914
0.085937
0.085085
0.084094
0.083087
0.082379
0.081299
0.080391
0.079608
0.078495
0.077766
0.076747
0.076008
0.074975
0.074168
0.073234
0.072409
0.071470
0.070683
0.069863
0.068956
0.067982
0.067363
0.066425
0.065619
0.064744
0.063940
0.063145
0.062237
0.061457
0.060641
0.059881
0.059122
0.058396
0.057522
0.056756
0.056066
0.055279
0.054732
0.053785
0.053140
0.052451
0.051770
0.051168
0.050482
0.049690
0.049127
0.048592
0.047896
0.047334
0.046639
0.045933
0.045327
0.044894
0.044312
0.043678
0.043130
0.042490
0.041994
0.041385
0.040878
0.040424
0.039759
0.039294
0.038722
0.038269
0.037737
0.037236
0.036917
0.036311
0.035857
0.035253
0.034859
0.034355
0.033950
0.033489
0.033112
0.032742
0.032326
0.031880
0.031299
0.030937
0.030502
0.030073
0.029794
0.029431
0.029060
0.028718
0.028398
0.027912
0.027432
0.027043
0.026635
0.026409
0.026076
0.025783
0.025496
0.025271
0.025057
0.024769
0.024514
0.024317
0.024031
0.023905
0.023630
0.023465
0.023194
0.022997
0.022760
0.022573
0.022370
0.022232
0.022029
0.021788
0.021623
0.021385
0.021248
0.021010
0.020884
0.020686
0.020501
0.020302
0.020165
0.020011
0.019800
0.019614
0.019498
0.019338
0.019180
0.019032
0.018856
0.018668
0.018515
0.018377
0.018251
0.018112
0.017942
0.017815
0.017700
0.017585
0.017447
0.017321
0.017206
0.017068
0.016991
0.016865
0.016788
0.016689
0.563310
0.563184
0.563069
0.562969
0.562827
0.562739
0.562662
0.562524
0.562448
0.562332
0.562245
0.562156
0.562044
0.561929
0.561886
0.561909
0.561962
0.562100
0.562361
0.562644
0.161609
0.161881
0.162067
0.162266
0.162539
0.162756
0.162998
0.163305
0.163587
0.163768
0.164088
0.164225
0.164487
0.164595
0.164520
0.164108
0.163958
0.163773
0.163467
0.163027
0.162642
0.162470
0.162219
0.162267
0.161972
0.161591
0.160596
0.159778
0.158702
0.157650
0.156621
0.155739
0.154833
0.154052
0.153237
0.152474
0.151622
0.150648
0.149667
0.148619
0.147762
0.146961
0.145998
0.145122
0.144178
0.143321
0.142424
0.141575
0.140729
0.139776
0.138929
0.138123
0.137207
0.136240
0.135363
0.134583
0.133778
0.132930
0.131968
0.131102
0.130285
0.129461
0.128564
0.127639
0.126870
0.126030
0.125176
0.124368
0.123521
0.122712
0.121780
0.121016
0.120141
0.119322
0.118476
0.117656
0.116770
0.116041
0.115235
0.114375
0.113567
0.112733
0.111859
0.111130
0.110400
0.109514
0.108717
0.107807
0.107067
0.106258
0.105518
0.104709
0.103787
0.103137
0.102202
0.101512
0.100653
0.099923
0.099234
0.098493
0.097715
0.096820
0.096053
0.095351
0.094651
0.093909
0.093144
0.092430
0.091588
0.090864
0.090162
0.089422
0.088710
0.088037
0.087259
0.086515
0.085842
0.085169
0.084536
0.083795
0.083122
0.082304
0.081631
0.081038
0.080285
0.079680
0.079006
0.078255
0.077624
0.076833
0.076197
0.075524
0.074879
0.074205
0.073561
0.072928
0.072283
0.071610
0.070966
0.070320
0.069687
0.069031
0.068397
0.067792
0.067068
0.066502
0.065858
0.065213
0.064569
0.063923
0.063359
0.062674
0.062057
0.061384
0.060808
0.060231
0.059558
0.058941
0.058285
0.057679
0.057115
0.056458
0.055813
0.055196
0.054620
0.054083
0.053399
0.052794
0.052137
0.051601
0.051064
0.050448
0.049871
0.049335
0.048838
0.048301
0.047725
0.047188
0.046623
0.046087
0.045619
0.045083
0.044546
0.044089
0.043593
0.043097
0.042628
0.042171
0.041715
0.041218
0.040802
0.040305
0.039905
0.039449
0.039032
0.038575
0.038187
0.037799
0.037380
0.036964
0.036615
0.036227
0.035851
0.035474
0.035125
0.034737
0.034321
0.034012
0.033664
0.033288
0.032939
0.032632
0.032322
0.031986
0.031638
0.031369
0.031073
0.030713
0.030416
0.030109
0.029800
0.029503
0.029223
0.028966
0.028686
0.028390
0.028150
0.027853
0.027613
0.027317
0.027037
0.026781
0.026541
0.026324
0.026084
0.025827
0.025627
0.025358
0.025131
0.024902
0.024634
0.024485
0.024218
0.023949
0.023829
0.023561
0.023372
0.023145
0.022956
0.022796
0.022568
0.022379
0.022152
0.021963
0.021803
0.021575
0.021386
0.021266
0.020999
0.020849
0.020729
0.020542
0.020313
0.020193
0.020006
0.019856
0.019696
0.019576
0.019400
0.019200
0.019080
0.018903
0.018783
0.018623
0.018503
0.018287
0.018167
0.018047
0.017898
0.017750
0.017630
0.017510
0.017361
0.017213
0.017093
0.017013
0.016864
0.016756
0.016636
0.016516
0.016408
0.016260
0.016180
0.016060
0.015940
0.015831
0.015683
0.015603
0.015523
0.015443
0.015295
0.015187
0.015067
0.015027
0.014947
0.014798
0.014650
0.014650
0.014530
0.014410
0.014381
0.014261
0.014114
0.014114
0.013994
0.013914
0.013845
0.013725
0.013685
0.013577
0.013497
0.013457
0.013308
0.013268
0.013188
0.013148
0.013041
0.012961
0.012921
0.012812
0.012732
0.012692
0.012612
0.012544
0.012464
0.012424
0.012384
0.012275
0.012235
0.012195
0.012115
0.012075
0.012008
0.011928
0.011888
0.011819
0.011779
0.011699
0.011659
0.011579
0.011579
0.011471
0.011431
0.011431
0.011311
0.011282
0.011282
0.011162
0.011162
0.011122
0.011042
0.011042
0.011002
0.010922
0.010922
0.010922
0.010802
0.010802
0.010802
0.010682
0.010682
0.010682
0.010562
0.010562
0.010562
0.010482
0.010442
0.010442
0.010402
0.010362
0.010322
0.010322
0.010282
0.010242
0.010202
0.010202
0.010162
0.010122
0.010082
0.010082
0.010042
0.010002
0.009962
0.009962
0.009922
0.009922
0.009882
0.009842
0.009842
0.009802
0.009762
0.009762
0.009722
0.009682
0.009682
0.009642
0.009642
0.009642
0.009562
0.009562
0.009562
0.009522
0.009522
0.009522
0.009442
0.009442
0.009442
0.009402
0.009402
0.009402
0.009322
0.009322
0.009322
0.009282
0.009282
0.009282
0.009242
0.009202
0.009202
0.009202
0.009162
0.009162
0.009162
0.009122
0.009122
0.009122
0.009122
0.009122
0.009122
0.009122
0.009122
0.009122
0.009122
0.009122
0.009082
0.009082
0.009082
0.009082
0.009042
0.009042
0.009042
0.009042
0.009042
0.009042
0.009042
0.009082
0.009082
0.009042
0.009042
0.009002
0.009002
0.009002
0.009002
0.009002
0.009002
0.009002
0.009002
0.009002
0.009002
0.009002
0.009002
0.009002
0.009002
0.009002
0.009002
0.009002
0.009002
0.009002
0.009002
0.009002
0.009002
0.009002
0.009002
0.009002
0.009002
0.009002
0.009002
0.009002
0.009002
0.009002
0.009002
0.009002
0.009002
0.009002
0.009002
0.009002
0.009002
0.009002
0.009002
0.009002
0.009002
0.009002
0.009002
0.009002
0.009002
0.009002
0.009002
0.009002
0.009002
0.009002
0.009002
0.009002
0.009002
0.009002
0.009002
0.009002
0.009002
0.009002
0.009002
0.009002
0.009002
0.009002
0.009002
0.009002
0.009002
0.009002
0.009002
0.009002
0.009002
0.009002
0.009002
0.009002
0.009002
0.009002
0.009002
0.009002
0.009002
0.009002
0.009002
0.009002
0.009002
0.009002
0.009002
0.009002
0.009002
0.009002
0.009002
0.009002
0.009002
0.009002
0.009002
0.009002
0.009002
0.009002
0.009002
0.009002
0.009002
0.009002
0.009002
0.009002
0.009002
0.009002
0.009002
0.009002
0.009002
0.009002
0.009002
0.009002
0.009002
0.009002
0.009002
0.009002
0.009002
0.009002
0.009002
0.009002
0.009002
0.009002
0.009002
0.009002
