1.179597
1.179597
1.179597
1.179597
1.179597
1.179597
1.179597
1.179597
1.179535
1.179449
1.179347
1.179204
1.179050
1.178918
1.178782
1.178607
1.178451
1.178289
1.178033
1.177765
1.177526
1.177144
1.176641
1.175936
1.175077
1.174148
1.173007
1.171887
1.170728
1.169586
1.168405
1.167218
1.166071
1.164881
1.163596
1.162265
1.160962
1.159525
1.158173
1.156738
1.155361
1.153866
1.152377
1.150883
1.149206
1.147743
1.146075
1.144520
1.142897
1.141195
1.139615
1.138089
1.136433
1.134941
1.133291
1.131717
1.130185
1.128665
1.127038
1.125503
1.123841
1.122196
1.120580
1.119005
1.117177
1.115488
1.113745
1.112054
1.110423
1.108670
1.107034
1.105124
1.103350
1.101354
1.099197
1.097187
1.095157
1.093071
1.090940
1.088964
1.086835
1.084622
1.082378
1.080133
1.077798
1.075610
1.073385
1.071072
1.068865
1.066686
1.064462
1.062137
1.059842
1.057485
1.055138
1.052745
1.050423
1.048135
1.045766
1.043477
1.041264
1.038905
1.036485
1.034143
1.031774
1.029441
1.026996
1.024566
1.022255
1.019813
1.017582
1.015014
1.012729
1.010219
1.007756
1.005238
1.002717
1.000224
0.997866
0.995403
0.993032
0.990500
0.987932
0.985494
0.982901
0.980401
0.977841
0.975189
0.972710
0.970177
0.967772
0.965156
0.962592
0.959918
0.957231
0.954750
0.952170
0.949673
0.947030
0.944434
0.941722
0.939051
0.936423
0.933762
0.931131
0.928489
0.925879
0.923202
0.920547
0.917720
0.914934
0.912128
0.909227
0.906417
0.903562
0.900869
0.898174
0.895492
0.892852
0.890082
0.887600
0.884999
0.882434
0.879906
0.877318
0.874801
0.872251
0.869804
0.867468
0.865097
0.862795
0.860523
0.858179
0.855792
0.853044
0.850327
0.847457
0.844668
0.841993
0.839367
0.836872
0.834206
0.831690
0.829165
0.826500
0.823752
0.820882
0.818022
0.815118
0.812331
0.809599
0.807092
0.804586
0.802167
0.799849
0.797493
0.794952
0.792355
0.789653
0.786978
0.784390
0.781899
0.779515
0.777181
0.775007
0.772789
0.770466
0.768013
0.765438
0.762903
0.760556
0.758203
0.755854
0.753669
0.751571
0.749404
0.747337
0.745012
0.742696
0.740247
0.737922
0.735630
0.733387
0.731440
0.729438
0.727469
0.725544
0.723395
0.721313
0.719010
0.716800
0.714533
0.712502
0.710442
0.708440
0.706615
0.704631
0.702570
0.700502
0.698307
0.696298
0.694184
0.692159
0.690280
0.688373
0.686440
0.684432
0.682411
0.680265
0.678203
0.676190
0.674219
0.672326
0.670588
0.668869
0.667051
0.665189
0.663240
0.661136
0.659147
0.657247
0.655408
0.653505
0.651725
0.649880
0.648023
0.646249
0.644327
0.642323
0.640285
0.638507
0.636664
0.634900
0.633217
0.631398
0.629602
0.627759
0.625808
0.623917
0.621960
0.620174
0.618291
0.616609
0.614937
0.613153
0.611341
0.609519
0.607607
0.605731
0.603997
0.602237
0.600489
0.598788
0.597122
0.595529
0.593853
0.592197
0.590541
0.588863
0.587303
0.585621
0.584086
0.582415
0.580886
0.579376
0.577844
0.576351
0.574833
0.573292
0.571689
0.570315
0.568757
0.567305
0.565864
0.564458
0.563012
0.561613
0.560206
0.558887
0.557411
0.556128
0.554686
0.553305
0.552066
0.550665
0.549429
0.548136
0.546780
0.545564
0.544246
0.543012
0.541781
0.540616
0.539405
0.538132
0.536942
0.535750
0.534490
0.533360
0.532215
0.531090
0.529984
0.528916
0.527753
0.526597
0.525555
0.524559
0.523340
0.522421
0.521271
0.520212
0.519258
0.518230
0.517131
0.516264
0.515218
0.514334
0.513447
0.512413
0.511431
0.510617
0.509560
0.508784
0.507814
0.506886
0.506048
0.505224
0.504291
0.503488
0.502680
0.501849
0.501081
0.500238
0.499490
0.498705
0.497931
0.497134
0.496394
0.495666
0.494908
0.494163
0.493473
0.492655
0.491979
0.491338
0.490612
0.489956
0.489280
0.488633
0.487937
0.487314
0.486691
0.486032
0.485438
0.484759
0.484232
0.483517
0.482891
0.482346
0.481729
0.481236
0.480578
0.480010
0.479482
0.478903
0.478371
0.477814
0.477294
0.476726
0.476188
0.475713
0.475136
0.474618
0.474214
0.473668
0.473172
0.472698
0.472228
0.471748
0.471344
0.470861
0.470340
0.469872
0.469492
0.468994
0.468561
0.468138
0.467717
0.467301
0.466834
0.466486
0.466056
0.465717
0.465275
0.464835
0.464492
0.464115
0.463762
0.463337
0.463009
0.462715
0.462333
0.462018
0.461659
0.461246
0.461002
0.460707
0.460420
0.460105
0.459820
0.362357
0.362024
0.361745
0.361520
0.361254
0.360946
0.360753
0.360430
0.360220
0.359981
0.359743
0.359488
0.359248
0.359032
0.358811
0.358585
0.358363
0.358122
0.357940
0.357740
0.357492
0.357267
0.357124
0.356891
0.356667
0.356495
0.356334
0.356141
0.355961
0.355743
0.355589
0.355458
0.355216
0.355032
0.354887
0.354767
0.354588
0.354404
0.354236
0.354157
0.353922
0.353811
0.353671
0.353510
0.353325
0.353209
0.353028
0.352968
0.352796
0.352649
0.352549
0.352432
0.352283
0.352116
0.352040
0.351913
0.351741
0.351658
0.351544
0.351401
0.351317
0.351201
0.351075
0.350947
0.350897
0.350772
0.350597
0.350525
0.350467
0.350327
0.251047
0.250976
0.250865
0.250782
0.250687
0.250601
0.250446
0.250309
0.250132
0.249860
0.249619
0.249406
0.249145
0.248901
0.248600
0.248364
0.248201
0.248118
0.248015
0.247876
0.247689
0.247383
0.246937
0.246440
0.245858
0.245251
0.244568
0.243554
0.242511
0.241451
0.240254
0.239149
0.237986
0.236917
0.235928
0.234852
0.233789
0.232746
0.231640
0.230562
0.229389
0.228347
0.227163
0.226133
0.225090
0.223983
0.222906
0.221863
0.220798
0.219774
0.218695
0.217641
0.216517
0.215548
0.214519
0.213419
0.212408
0.211406
0.210354
0.209319
0.208324
0.207318
0.206311
0.205352
0.204357
0.203362
0.202351
0.201324
0.200206
0.199046
0.197829
0.196598
0.195409
0.194122
0.192965
0.191830
0.190752
0.189527
0.188314
0.187201
0.186055
0.184859
0.183681
0.182480
0.181341
0.180179
0.179081
0.177904
0.176757
0.175645
0.174443
0.173385
0.172183
0.171063
0.169951
0.168794
0.167714
0.166574
0.165455
0.164310
0.163230
0.162148
0.160996
0.159907
0.158782
0.157682
0.156622
0.155521
0.154440
0.153311
0.152172
0.151163
0.150051
0.148980
0.147913
0.146823
0.145758
0.144677
0.143581
0.142521
0.141452
0.140408
0.139340
0.138273
0.137208
0.136098
0.135073
0.133991
0.132938
0.131901
0.130848
0.129768
0.128715
0.127723
0.126656
0.125590
0.124544
0.123491
0.122499
0.121403
0.120367
0.119343
0.118290
0.117300
0.116234
0.115210
0.114179
0.113091
0.112122
0.111057
0.110033
0.109002
0.107936
0.106972
0.105915
0.104880
0.103871
0.102805
0.101863
0.100792
0.099750
0.098737
0.097664
0.096729
0.095683
0.094654
0.093652
0.092601
0.091602
0.090571
0.089592
0.088570
0.087562
0.086627
0.085601
0.084644
0.083658
0.082703
0.081769
0.080805
0.079915
0.078967
0.078068
0.077150
0.076259
0.075436
0.074539
0.073671
0.072865
0.072021
0.071168
0.070350
0.069571
0.068740
0.067960
0.067223
0.066461
0.065725
0.064947
0.064248
0.063527
0.062771
0.062073
0.061383
0.060671
0.060061
0.059350
0.058725
0.058080
0.057433
0.056767
0.056208
0.055563
0.054938
0.054338
0.053758
0.053179
0.052621
0.052020
0.051528
0.050928
0.050392
0.049880
0.049344
0.048766
0.048296
0.047783
0.047249
0.046756
0.046254
0.045805
0.045314
0.044780
0.044354
0.043872
0.043446
0.043000
0.042554
0.042151
0.041693
0.041267
0.040908
0.040471
0.040069
0.039687
0.039221
0.038891
0.038533
0.038067
0.037737
0.037378
0.036944
0.036628
0.036269
0.035899
0.035585
0.035226
0.034875
0.034542
0.034256
0.033897
0.033615
0.033259
0.032997
0.032681
0.032394
0.032068
0.031730
0.031489
0.031179
0.030893
0.030604
0.030341
0.030071
0.029791
0.029550
0.029280
0.029042
0.028777
0.028493
0.028267
0.028047
0.027821
0.027569
0.027350
0.027124
0.026905
0.026679
0.026446
0.026227
0.025985
0.025766
0.025547
0.025307
0.025111
0.024929
0.024711
0.024536
0.024333
0.024123
0.024015
0.023790
0.023637
0.023442
0.023239
0.023074
0.022921
0.022747
0.022588
0.022393
0.022197
0.022104
0.021919
0.021723
0.021614
0.021478
0.021284
0.021153
0.021060
0.020844
0.020714
0.020607
0.020427
0.020319
0.020191
0.020082
0.019947
0.019817
0.019688
0.019560
0.019431
0.019339
0.019188
0.019060
0.018996
0.018839
0.018775
0.018626
0.018541
0.018413
0.018321
0.018193
0.018108
0.018003
0.017897
0.017770
0.017699
0.017572
0.017509
0.017403
0.017321
0.017207
0.017124
0.017061
0.016956
0.016874
0.016808
0.016727
0.016636
0.016573
0.016451
0.016385
0.016304
0.016242
0.016151
0.016071
0.015987
0.015945
0.015866
0.015761
0.015741
0.015662
0.015550
0.015550
0.015472
0.015367
0.015348
0.015329
0.015188
0.015147
0.015119
0.015063
0.014960
0.014941
0.014901
0.014804
0.014743
0.014723
0.014668
0.014578
0.014520
0.014502
0.014425
0.014382
0.014364
0.014309
0.014268
0.014212
0.014172
0.014148
0.014111
0.014016
0.013979
0.013961
0.013927
0.013866
0.013814
0.013792
0.013775
0.013721
0.013682
0.013642
0.013601
0.013585
0.013532
0.013493
0.013461
0.013439
0.013401
0.013370
0.013316
0.013316
0.013285
0.013243
0.013243
0.013211
0.013151
0.013137
0.013137
0.013087
0.013065
0.013065
0.013036
0.012985
0.012985
0.012937
0.012915
0.012915
0.012902
0.012866
0.012866
0.012847
0.012847
0.012840
0.012840
0.012840
0.012840
0.012840
0.012820
0.012820
0.012820
0.012820
0.012820
0.012820
0.012820
0.012800
0.012800
0.012800
0.012800
0.012800
0.012800
0.012800
0.012800
0.012800
0.012800
0.012800
0.012800
0.012800
0.012800
0.012800
0.012800
0.012800
0.012800
0.012800
0.012800
0.012800
0.012800
0.012800
0.012800
0.012800
0.012800
0.012800
0.012800
0.012800
0.012800
0.012800
0.012800
0.012800
0.012800
0.012800
0.012800
0.012800
0.012800
0.012800
0.012800
0.012800
0.012800
0.012800
0.012800
0.012800
0.012800
0.012800
0.012800
0.012800
0.012800
0.012800
0.012800
0.012800
0.012800
0.012800
0.012800
0.012800
0.012800
0.012800
0.012800
0.012800
0.012800
0.012800
0.012800
0.012800
0.012800
0.012800
0.012800
0.012800
0.012800
0.012800
0.012800
0.012800
0.012800
0.012800
0.012800
0.012800
0.012800
0.012800
0.012800
0.012800
0.012800
0.012800
0.012800
0.012800
0.012800
0.012800
0.012800
0.012800
0.012800
0.012800
0.012800
0.012800
0.012800
0.012800
0.012800
0.012800
0.012800
0.012800
0.012800
0.012800
0.012800
0.012800
0.012800
0.012800
0.012800
0.012800
0.012800
0.012800
0.012800
0.012800
0.012800
0.012800
0.012800
0.012800
0.012800
0.012800
0.012800
0.012800
0.012800
0.012800
0.012800
0.012800
0.012800
0.012800
0.012800
0.012800
0.012800
0.012800
0.012800
0.012800
0.012800
0.012800
0.012800
0.012800
0.012800
0.012800
0.012800
0.012800
0.012800
0.012800
0.012800
0.012800
0.012800
0.012800
0.012800
0.012800
0.012800
0.012800
0.012800
0.012800
0.012800
0.012800
0.012800
0.012800
0.012800
0.012800
0.012800
0.012800
0.012800
0.012800
0.012800
0.012800
0.012800
0.012800
0.012800
0.012800
0.012800
0.012800
0.012800
0.012800
0.012800
0.012800
0.012800
0.012800
0.012800
0.012800
0.012800
0.012800
0.012800
0.012800
0.012800
0.012800
0.012800
0.012800
0.012800
0.012800
0.012800
0.012800
0.012800
0.012800
0.012800
0.012800
0.012800
0.012800
0.012800
0.012800
0.012800
0.012800
0.012800
0.012800
0.012800
0.012800
0.012800
0.012800
0.012800
0.012800
0.012800
0.012800
0.012800
0.012800
0.012800
0.012800
0.012800
0.012800
0.012800
0.012800
0.012800
0.012800
0.012800
0.012800
0.012800
0.012800
0.012800
0.012800
0.012800
0.012800
0.012800
0.012800
0.012800
0.012800
0.012800
0.012800
0.012800
0.012800
0.012800
0.012800
0.012800
0.012800
0.012800
0.012800
0.012800
0.012800
0.012800
0.012800
0.012800
0.012800
0.012800
0.012800
0.012800
0.012800
0.012800
0.012800
0.012800
0.012800
0.012800
0.012800
0.012800
0.012800
0.012800
0.012800
0.012800
0.012800
0.012800
0.012800
0.012800
0.012800
0.012800
0.012800
0.012800
0.012800
0.012800
0.012800
0.012800
0.012800
0.012800
0.012800
0.012800
0.012800
0.012800
0.012800
0.012800
0.012800
0.012800
0.012800
0.012800
0.012800
0.012800
0.012800
0.012800
0.012800
0.012800
0.012800
0.012800
0.012800
0.012800
0.012800
0.012800
0.012800
0.012800
0.012800
0.012800
0.012800
0.012800
0.012800
0.012800
0.012800
0.012800
0.012800
0.012800
0.012800
0.012800
0.012800
0.012800
0.012800
0.012800
0.012800
0.012800
0.012800
0.012800
0.012800
0.012800
0.012800
0.012800
0.012800
0.012800
0.012800
0.012800
0.012800
0.012800
0.012800
0.012800
0.012800
0.012800
0.012800
0.012800
0.012800
0.012800
0.012800
0.012800
0.012800
0.012800
0.012800
0.012800
0.012800
0.012800
0.012800
0.012800
0.012800
0.012800
0.012800
0.012800
0.012800
0.012800
0.012800
0.012800
0.012800
0.012800
0.012800
0.012800
0.012800
0.012800
0.012800
0.012800
0.012800
0.012800
0.012800
0.012800
0.012800
0.012800
0.012800
0.012800
0.012800
0.012800
0.012800
0.012800
0.012800
0.012800
0.012800
0.012800
0.012800
0.012800
0.012800
0.012800
0.012800
0.012800
0.012800
0.012800
0.012800
0.012800
0.012800
0.012800
0.012800
0.012800
0.012800
0.012800
0.012800
0.012800
0.012800
0.012800
0.012800
0.012800
0.012800
0.012800
0.012800
0.012800
0.012800
0.012800
0.012800
0.012800
0.012800
0.012800
0.012800
0.012800
0.012800
0.012800
0.012800
0.012800
0.012800
0.012800
0.012800
0.012800
0.012800
0.012800
0.012800
0.012800
0.012800
0.012800
0.012800
0.012800
0.012800
0.012800
0.012800
0.012800
0.012800
0.012800
0.012800
0.012800
0.012800
0.012800
0.012800
0.012800
0.012800
0.012800
0.012800
0.012800
0.012800
0.012800
0.012800
0.012800
0.012800
0.012800
0.012800
0.012800
0.012800
0.012800
0.012800
0.012800
0.012800
0.012800
0.012800
0.012800
0.012800
0.012800
0.012800
0.012800
0.012800
0.012800
0.012800
0.012800
0.012800
0.012800
0.012800
0.012800
0.012800
0.012800
0.012800
0.012800
0.012800
0.012800
0.012800
0.012800
0.012800
0.012800
0.012800
0.012800
0.012800
0.012800
0.012800
0.012800
0.012800
0.012800
0.012800
0.012800
0.012800
0.012800
0.012800
0.012800
0.012800
0.012800
0.012800
0.012800
0.012800
0.012800
0.012800
0.012800
0.012800
0.012800
0.012800
0.012800
0.012800
0.012800
0.012800
0.012800
0.012800
0.012800
0.012800
0.012800
0.012800
0.012800
0.012800
0.012800
0.012800
0.012800
0.012800
