1.400777
1.314605
1.144280
0.985740
0.876294
0.816686
0.790351
0.780688
0.782435
0.783946
0.783890
0.783020
0.781464
0.779629
0.777861
0.776958
0.776877
0.777399
0.778174
0.778843
0.778972
0.777930
0.776115
0.773552
0.770987
0.768369
0.766382
0.764891
0.763253
0.762398
0.761562
0.760319
0.758798
0.757295
0.755677
0.754177
0.752696
0.751412
0.750404
0.749313
0.748308
0.747016
0.745499
0.743872
0.742229
0.740458
0.738856
0.737319
0.735570
0.733815
0.732154
0.730381
0.728685
0.727348
0.726226
0.725411
0.724687
0.723955
0.723276
0.722547
0.721680
0.720646
0.719981
0.718762
0.717380
0.715792
0.714024
0.712210
0.710252
0.708648
0.706908
0.705147
0.703786
0.702137
0.700556
0.698952
0.697364
0.695800
0.694045
0.692350
0.690649
0.689022
0.687409
0.685852
0.684132
0.682629
0.680945
0.679477
0.677880
0.676393
0.675142
0.673983
0.673092
0.672601
0.672361
0.671846
0.670863
0.669768
0.668237
0.666634
0.664974
0.663355
0.661756
0.660188
0.658662
0.657112
0.655407
0.653874
0.652215
0.650522
0.648784
0.647123
0.645578
0.644099
0.642560
0.641021
0.639469
0.638060
0.636577
0.635087
0.633552
0.631965
0.630603
0.629124
0.627632
0.626197
0.624922
0.623402
0.621875
0.620711
0.619181
0.617834
0.616446
0.615039
0.613774
0.612509
0.611148
0.609795
0.608519
0.607275
0.606022
0.604729
0.603369
0.601971
0.600592
0.599048
0.597634
0.596113
0.594814
0.593418
0.591982
0.590722
0.589444
0.588041
0.586634
0.585403
0.583936
0.582674
0.581293
0.580062
0.578627
0.577421
0.576119
0.574699
0.573435
0.572215
0.570808
0.569593
0.568175
0.567025
0.565678
0.564365
0.563112
0.561846
0.560623
0.559365
0.558089
0.556831
0.555433
0.554353
0.553064
0.551778
0.550482
0.549290
0.548029
0.546617
0.545499
0.544279
0.542996
0.541684
0.540460
0.539143
0.537952
0.536605
0.535406
0.534103
0.532843
0.531459
0.530105
0.528765
0.527206
0.526068
0.524657
0.523322
0.522174
0.520877
0.519702
0.518485
0.517114
0.515844
0.514395
0.513074
0.511855
0.510448
0.509152
0.507989
0.506874
0.505560
0.504389
0.503270
0.502080
0.500973
0.499799
0.498677
0.497526
0.496182
0.495231
0.493993
0.492862
0.491723
0.490537
0.489419
0.488348
0.487242
0.486115
0.484965
0.483999
0.482770
0.481663
0.480598
0.479523
0.478407
0.477356
0.476199
0.475157
0.473961
0.472942
0.471928
0.470733
0.469766
0.468538
0.467609
0.466584
0.465373
0.464458
0.463229
0.462208
0.461250
0.460063
0.458980
0.457958
0.456794
0.455825
0.454766
0.453622
0.452607
0.451651
0.450528
0.449462
0.448396
0.447376
0.446318
0.445151
0.444205
0.443116
0.442068
0.441079
0.439905
0.439097
0.438053
0.436779
0.435835
0.434719
0.433814
0.432755
0.431627
0.430690
0.429590
0.428623
0.427662
0.426572
0.425502
0.424552
0.423623
0.422612
0.421541
0.420616
0.419595
0.418705
0.417740
0.416582
0.415727
0.414811
0.413950
0.412903
0.412043
0.411105
0.410060
0.409341
0.408381
0.407470
0.406614
0.405631
0.404859
0.404080
0.403207
0.402408
0.401618
0.400718
0.400016
0.399153
0.398413
0.397757
0.396971
0.396495
0.395733
0.394949
0.394244
0.393568
0.392981
0.392317
0.391653
0.391031
0.390354
0.389916
0.389271
0.388645
0.388051
0.387490
0.386986
0.386464
0.385701
0.385065
0.384557
0.384056
0.383444
0.382877
0.382482
0.381930
0.381523
0.380922
0.380526
0.380117
0.379717
0.379251
0.378682
0.378332
0.377810
0.377266
0.376941
0.376476
0.376042
0.375801
0.375449
0.374982
0.374571
0.374320
0.373739
0.373380
0.373142
0.372697
0.372355
0.372176
0.371675
0.371385
0.371089
0.370752
0.370428
0.370173
0.369929
0.369595
0.369277
0.368991
0.368678
0.368432
0.368135
0.367858
0.367664
0.367319
0.367133
0.366820
0.366636
0.366424
0.366150
0.365855
0.365563
0.365442
0.365112
0.364918
0.364731
0.364470
0.364295
0.364063
0.363817
0.363618
0.363375
0.363175
0.362903
0.362813
0.362549
0.362351
0.362175
0.361949
0.361703
0.361467
0.361138
0.361002
0.360837
0.360735
0.360503
0.360330
0.360134
0.359963
0.359757
0.359604
0.359416
0.359330
0.359189
0.358920
0.358835
0.358673
0.358571
0.358270
0.358132
0.357907
0.357832
0.357694
0.357352
0.357297
0.357172
0.356894
0.356820
0.356769
0.356538
0.356454
0.356352
0.356049
0.355890
0.355780
0.355627
0.355588
0.355343
0.355191
0.355032
0.354904
0.354830
0.354665
0.354615
0.354434
0.354185
0.354072
0.353921
0.353735
0.353686
0.353644
0.353505
0.353406
0.353300
0.353303
0.353019
0.352925
0.352791
0.352739
0.352613
0.352499
0.352389
0.352271
0.352282
0.352141
0.352024
0.351830
0.351715
0.351630
0.351488
0.351438
0.351315
0.351278
0.351134
0.351042
0.351013
0.350906
0.350797
0.350708
0.350611
0.350549
0.350492
0.350444
0.350361
0.350182
0.350169
0.350066
0.349969
0.349929
0.349867
0.349784
0.349671
0.349614
0.349503
0.349404
0.349447
0.349267
0.349167
0.349235
0.349278
0.349169
0.348962
0.348925
0.348989
0.348834
0.348784
0.348797
0.348769
0.348686
0.348657
0.348611
0.348581
0.348529
0.348472
0.348531
0.348398
0.348375
0.348407
0.348418
0.348330
0.348281
0.348311
0.348304
0.348215
0.348249
0.348284
0.348238
0.348224
0.348194
0.348154
0.348158
0.348075
0.348019
0.348055
0.348030
0.348082
0.348017
0.347982
0.348111
0.348023
0.347999
0.347998
0.347971
0.348030
0.348058
0.348160
0.348147
0.348138
0.348164
0.348214
0.348136
0.348199
0.348256
0.348256
0.348296
0.348237
0.348287
0.348249
0.348245
0.348253
0.348307
0.348257
0.348315
0.348315
0.348347
0.348317
0.348268
0.348268
0.348286
0.348322
0.348368
0.348404
0.348398
0.348364
0.348364
0.348385
0.348335
0.348283
0.348283
0.348283
0.348233
0.348233
0.348053
0.348036
0.348015
0.348012
0.229119
0.229119
0.229127
0.229091
0.229109
0.229109
0.229133
0.229129
0.229102
0.228950
0.228695
0.228236
0.227792
0.227247
0.226692
0.226142
0.225699
0.225256
0.224766
0.224206
0.223709
0.223180
0.222539
0.221991
0.221345
0.220710
0.220117
0.219622
0.219018
0.218473
0.217831
0.217240
0.216647
0.216158
0.215565
0.214977
0.214335
0.213746
0.213160
0.212568
0.212028
0.211210
0.210650
0.210044
0.209450
0.208865
0.208225
0.207593
0.207025
0.206435
0.205864
0.205247
0.204658
0.204050
0.203456
0.202824
0.202319
0.201727
0.201095
0.200484
0.199898
0.199311
0.198720
0.198145
0.197489
0.196898
0.196363
0.195778
0.195145
0.194555
0.193965
0.193369
0.192727
0.192181
0.191641
0.191003
0.190373
0.189778
0.189240
0.188653
0.188059
0.187423
0.186886
0.186294
0.185751
0.185159
0.184396
0.183792
0.183223
0.182643
0.182064
0.181531
0.180949
0.180428
0.179841
0.179319
0.178861
0.178271
0.177715
0.177229
0.176647
0.176198
0.175603
0.175072
0.174577
0.174047
0.173515
0.173035
0.172499
0.171954
0.171385
0.170912
0.170427
0.169893
0.169378
0.168846
0.168320
0.167844
0.167361
0.166886
0.166398
0.165924
0.165443
0.165002
0.164487
0.163885
0.163095
0.162543
0.161722
0.160857
0.159806
0.158895
0.157711
0.156726
0.155800
0.154838
0.153881
0.152915
0.152017
0.151112
0.150220
0.149170
0.148332
0.147301
0.146374
0.145363
0.144462
0.143467
0.142564
0.141697
0.140662
0.139804
0.138944
0.137877
0.136967
0.135992
0.135034
0.134166
0.133157
0.132296
0.131327
0.130364
0.129510
0.128536
0.127718
0.126758
0.125803
0.124894
0.123984
0.123174
0.122205
0.121296
0.120443
0.119475
0.118714
0.117761
0.116944
0.115959
0.115017
0.114192
0.113279
0.112526
0.111623
0.110770
0.110022
0.109111
0.108423
0.107625
0.106765
0.106085
0.105191
0.104478
0.103654
0.102886
0.102167
0.101312
0.100600
0.099888
0.099082
0.098419
0.097597
0.096856
0.096100
0.095353
0.094624
0.093859
0.093145
0.092389
0.091730
0.091019
0.090261
0.089612
0.088895
0.088182
0.087539
0.086788
0.086132
0.085432
0.084765
0.084107
0.083365
0.082700
0.081810
0.081148
0.080516
0.079799
0.079207
0.078449
0.077897
0.077210
0.076551
0.075975
0.075288
0.074630
0.074096
0.073343
0.072798
0.072069
0.071522
0.070857
0.070291
0.069681
0.069035
0.068431
0.067884
0.067254
0.066641
0.065944
0.065349
0.064738
0.064089
0.063577
0.062979
0.062322
0.061769
0.061261
0.060700
0.060048
0.059439
0.058843
0.058282
0.057737
0.057092
0.056580
0.056026
0.055384
0.054872
0.054276
0.053585
0.052973
0.052405
0.051885
0.051196
0.050700
0.050147
0.049613
0.049087
0.048476
0.048002
0.047456
0.046867
0.046413
0.045867
0.045400
0.044841
0.044345
0.043881
0.043419
0.042969
0.042470
0.041974
0.041596
0.041150
0.040654
0.040161
0.039797
0.039351
0.038905
0.038508
0.038000
0.037656
0.037285
0.036889
0.036453
0.036055
0.035659
0.035214
0.034900
0.034504
0.034207
0.033813
0.033466
0.033107
0.032571
0.032256
0.031839
0.031540
0.031183
0.030836
0.030546
0.030263
0.029915
0.029620
0.029284
0.028981
0.028713
0.028463
0.028119
0.027892
0.027584
0.027384
0.027072
0.026870
0.026624
0.026332
0.026072
0.025859
0.025565
0.025329
0.025036
0.024836
0.024638
0.024413
0.024213
0.023971
0.023805
0.023610
0.023357
0.023122
0.022880
0.022666
0.022470
0.022275
0.022110
0.021915
0.021719
0.021520
0.021345
0.020966
0.020789
0.020523
0.020421
0.020134
0.020034
0.019893
0.019667
0.019567
0.019386
0.019295
0.019056
0.018983
0.018833
0.018683
0.018517
0.018367
0.018223
0.018106
0.017963
0.017863
0.017706
0.017556
0.017448
0.017299
0.017155
0.017056
0.016956
0.016814
0.016671
0.016572
0.016472
0.016331
0.016225
0.016112
0.016013
0.015913
0.015771
0.015631
0.015531
0.015432
0.015333
0.015241
0.015059
0.015009
0.014910
0.014629
0.014470
0.014399
0.014258
0.014148
0.014099
0.014002
0.013925
0.013844
0.013757
0.013678
0.013628
0.013555
0.013466
0.013416
0.013346
0.013261
0.013211
0.013144
0.013007
0.013007
0.012908
0.012858
0.012843
0.012733
0.012683
0.012597
0.012498
0.012498
0.012400
0.012400
0.012301
0.012287
0.012203
0.012082
0.012082
0.012006
0.012006
0.011908
0.011908
0.011785
0.011785
0.011687
0.011687
0.011589
0.011410
0.011344
0.011273
0.011271
0.011176
0.011176
0.011087
0.011100
0.011052
0.011021
0.011044
0.010946
0.010972
0.010924
0.010875
0.010904
0.010807
0.010807
0.010792
0.010742
0.010742
0.010695
0.010646
0.010680
0.010633
0.010583
0.010583
0.010536
0.010487
0.010487
0.010440
0.010391
0.010391
0.010381
0.010381
0.010332
0.010332
0.010285
0.010237
0.010237
0.010190
0.010190
0.010142
0.010138
0.010092
0.009911
0.009844
0.009822
0.009773
0.009775
0.009727
0.009735
0.009703
0.009703
0.009672
0.009694
0.009694
0.009675
0.009675
0.009627
0.009656
0.009612
0.009612
0.009644
0.009596
0.009596
0.009553
0.009553
0.009587
0.009540
0.009540
0.009540
0.009497
0.009497
0.009497
0.009450
0.009450
0.009408
0.009444
0.009444
0.009444
0.009397
0.009397
0.009397
0.009356
0.009356
0.009356
0.009356
0.009310
0.009310
0.009310
0.009092
0.009074
0.009053
0.009002
0.009005
0.008960
0.009017
0.009030
0.009049
0.009010
0.009071
0.009071
0.009049
0.009049
0.009049
0.009079
0.009041
0.009041
0.009121
0.009121
0.009121
0.009121
0.009073
0.009107
0.009107
0.009107
0.009107
0.009107
0.009107
0.009107
0.009155
0.009156
0.009192
0.009192
0.009192
0.009144
0.009144
0.009144
0.009144
0.009144
0.009192
0.009192
0.009192
0.009192
0.009192
0.009011
0.008993
0.008971
0.008967
0.008970
0.008970
0.008978
0.008991
0.008991
0.009009
0.009031
0.009031
0.009057
0.009057
0.009057
