0.398801
0.398801
0.398801
0.398801
0.398801
0.398801
0.398801
0.398801
0.398801
0.398801
0.398801
0.398801
0.398801
0.398801
0.398801
0.398801
0.398801
0.398801
0.398801
0.398801
0.398801
0.398801
0.398910
0.398679
0.398605
0.398239
0.397135
0.395577
0.393022
0.390066
0.386831
0.383431
0.380226
0.377221
0.374577
0.371675
0.368977
0.366289
0.363207
0.360237
0.357232
0.354199
0.351017
0.347986
0.344988
0.341932
0.339052
0.336328
0.333161
0.330268
0.327440
0.324430
0.321576
0.318476
0.315508
0.312581
0.309754
0.306694
0.303802
0.301125
0.298114
0.295040
0.292307
0.289247
0.286503
0.283658
0.280892
0.278088
0.275267
0.272425
0.269530
0.266740
0.264084
0.261500
0.258617
0.255826
0.253090
0.250524
0.247651
0.245298
0.242597
0.239861
0.237397
0.234916
0.232094
0.229742
0.227143
0.224332
0.222073
0.219548
0.217007
0.214430
0.212083
0.209591
0.207259
0.204953
0.202524
0.200372
0.198060
0.195534
0.193375
0.191115
0.188703
0.186494
0.184364
0.182318
0.180053
0.177887
0.175796
0.173561
0.171691
0.169558
0.167582
0.165501
0.163396
0.161396
0.159444
0.157698
0.155663
0.153655
0.151712
0.149975
0.148079
0.146211
0.144459
0.142736
0.140870
0.139194
0.137501
0.135765
0.133847
0.132363
0.130662
0.128986
0.127235
0.125641
0.124018
0.122497
0.120682
0.119288
0.117748
0.116130
0.114712
0.113318
0.111737
0.110144
0.108778
0.107195
0.105971
0.104519
0.103272
0.101755
0.100624
0.099009
0.097840
0.096617
0.095379
0.094155
0.092997
0.091437
0.090449
0.089303
0.088008
0.086965
0.085707
0.084711
0.083673
0.082546
0.081409
0.080451
0.079096
0.078248
0.077127
0.076283
0.075004
0.074206
0.073342
0.072225
0.071329
0.070383
0.069463
0.068656
0.067813
0.066864
0.065679
0.065182
0.064380
0.063297
0.062609
0.061723
0.060792
0.060106
0.059238
0.058642
0.057816
0.057066
0.056264
0.055534
0.054863
0.054077
0.053528
0.052730
0.052178
0.051310
0.050525
0.049966
0.049348
0.048660
0.048143
0.047433
0.046827
0.046148
0.045569
0.044970
0.044502
0.043903
0.043484
0.042869
0.041922
0.041636
0.040949
0.040698
0.040139
0.039540
0.039184
0.038568
0.038033
0.037431
0.037273
0.036476
0.036115
0.035701
0.035349
0.034792
0.034488
0.033881
0.033415
0.033148
0.032606
0.032391
0.031920
0.031498
0.031034
0.030518
0.030249
0.029880
0.029561
0.029124
0.028751
0.028453
0.028075
0.027720
0.027436
0.027190
0.026852
0.026463
0.026232
0.025966
0.025594
0.025279
0.025028
0.024640
0.024469
0.024330
0.023790
0.023625
0.023377
0.023094
0.022995
0.022479
0.022308
0.022042
0.021870
0.021593
0.021184
0.021104
0.020917
0.020632
0.020409
0.020125
0.019980
0.019789
0.019510
0.019262
0.019262
0.018790
0.018790
0.018566
0.018214
0.017946
0.017946
0.017853
0.017586
0.017371
0.017103
0.016899
0.016742
0.016742
0.016478
0.016125
0.016125
0.016056
0.015786
0.015566
0.015427
0.015168
0.015168
0.014979
0.014901
0.014629
0.014490
0.014302
0.014214
0.014135
0.013963
0.013743
0.013663
0.013527
0.013428
0.013361
0.013083
0.012894
0.012894
0.012721
0.012644
0.012476
0.012476
0.012377
0.012008
0.012008
0.011748
0.011748
0.011671
0.011518
0.011438
0.011438
0.011251
0.011251
0.011251
0.011078
0.011078
0.011000
0.011000
0.010752
0.010752
0.010675
0.010469
0.010469
0.010389
0.010389
0.010314
0.010314
0.010221
0.010141
0.009970
0.009970
0.009893
0.009893
0.009704
0.009704
0.009610
0.009719
0.009642
0.009642
0.009562
0.009453
0.009395
0.009395
0.009222
0.009222
0.009142
0.009142
0.009142
0.009142
0.009142
0.009065
0.009065
0.008985
0.008985
0.008985
0.008985
0.008985
0.008908
0.008908
0.008908
0.008828
0.008828
0.008828
0.008828
0.008828
0.008828
0.008752
0.008752
0.008671
0.008671
0.008671
0.008671
0.008671
0.008671
0.008671
0.008595
0.008595
0.008595
0.008513
0.008513
0.008513
0.008513
0.008513
0.008513
0.008513
0.008513
0.008513
0.008513
0.008513
0.008513
0.008513
0.008513
0.008513
0.008513
0.008513
0.008513
0.008513
0.008513
0.008513
0.008513
0.008513
0.008513
0.008513
0.008513
0.008513
0.008513
0.008513
0.008513
0.008513
0.008513
0.008513
0.008513
0.008513
0.008513
0.008513
0.008513
0.008513
0.008513
0.008513
0.008513
0.008513
0.008513
0.008513
0.008513
0.008513
0.008513
0.008513
0.008513
0.008513
0.008513
0.008513
0.008513
0.008513
0.008513
0.008513
0.008513
0.008513
0.008513
0.008513
0.008513
0.008513
0.008513
0.008513
0.008513
0.008513
0.008513
0.008513
0.008513
0.008513
0.008513
0.008513
0.008513
0.008513
0.008513
0.008513
0.008513
0.008513
0.008513
0.008513
0.008513
0.008513
0.008513
0.008513
0.008513
0.008513
0.008513
0.008513
0.008513
0.008513
0.008513
0.008513
0.008513
0.008513
0.008513
0.008513
0.008513
0.008513
0.008513
0.008513
0.008513
0.008513
0.008513
0.008513
0.008513
0.008513
0.008513
0.008513
0.008513
0.008513
0.008513
0.008513
0.008513
0.008513
0.008513
0.008513
0.008513
0.008513
0.008513
0.008513
0.008513
0.008513
0.008513
0.008513
0.008513
0.008513
0.008513
0.008513
0.008513
0.008513
0.008513
0.008513
0.008513
0.008513
0.008513
0.008513
0.008513
0.008513
0.008513
0.008513
0.008513
0.008513
0.008513
0.008513
0.008513
0.008513
0.008513
0.008513
0.008513
0.008513
0.008513
0.008513
0.008513
0.008513
0.008513
0.008513
0.008513
0.008513
0.008513
0.008513
0.008513
0.008513
0.008513
0.008513
0.008513
0.008513
0.008513
0.008513
0.008513
0.008513
0.008513
0.008513
0.008513
0.008513
0.008513
0.008513
0.008513
0.008513
0.008513
0.008513
0.008513
0.008513
0.008513
0.008513
0.008513
0.008513
0.008513
0.008513
0.008513
0.008513
0.008513
0.008513
0.008513
0.008513
0.008513
0.008513
0.008513
0.008513
0.008513
0.008513
0.008513
0.008513
0.008513
0.008513
0.008513
0.008513
0.008513
0.008513
0.008513
0.008513
0.008513
0.008513
0.008513
0.008513
0.008513
0.008513
0.008513
0.008513
0.008513
0.008513
0.008513
0.008513
0.008513
0.008513
0.008513
0.008513
0.008513
0.008513
0.008513
0.008513
0.008513
0.008513
0.008513
0.008513
0.008513
0.008513
0.008513
0.008513
0.008513
0.008513
0.008513
0.008513
0.008513
0.008513
0.008513
0.008513
0.008513
0.008513
0.008513
0.008513
0.008513
0.008513
0.008513
0.008513
0.008513
0.008513
0.008513
0.008513
0.008513
0.008513
0.008513
0.008513
0.008513
0.008513
0.008513
0.008513
0.008513
0.008513
0.008513
0.008513
0.008513
0.008513
0.008513
0.008513
0.008513
0.008513
0.008513
0.008513
0.008513
0.008513
0.008513
0.008513
0.008513
0.008513
0.008513
0.008513
0.008513
0.008513
0.008513
0.008513
0.008513
0.008513
0.008513
0.008513
0.008513
0.008513
