1.407839
1.323190
1.157508
1.007179
0.908714
0.859758
0.840819
0.835029
0.836025
0.836914
0.837269
0.837499
0.838141
0.839007
0.839798
0.840778
0.841783
0.842483
0.843466
0.843995
0.844283
0.844443
0.844484
0.844333
0.843987
0.843585
0.842963
0.842351
0.841294
0.840379
0.839452
0.838374
0.837431
0.836419
0.835513
0.834475
0.833263
0.831943
0.830630
0.829234
0.827880
0.826570
0.825142
0.823789
0.822387
0.821016
0.819599
0.818148
0.816845
0.815450
0.814091
0.812698
0.811398
0.810032
0.808654
0.807167
0.805807
0.804391
0.803103
0.801564
0.800302
0.799036
0.797510
0.796006
0.794503
0.792796
0.791087
0.789515
0.787599
0.786110
0.784598
0.782793
0.781141
0.779506
0.777958
0.776492
0.775147
0.773712
0.772221
0.770892
0.769497
0.768179
0.766793
0.765455
0.763965
0.762587
0.761256
0.759811
0.758381
0.756910
0.755404
0.753874
0.752219
0.750742
0.749317
0.747830
0.746563
0.745195
0.743834
0.742459
0.741252
0.739816
0.738530
0.737100
0.735850
0.734563
0.733131
0.731812
0.730415
0.729049
0.727820
0.726537
0.725264
0.723947
0.722543
0.721157
0.719753
0.718297
0.716773
0.715445
0.713968
0.712545
0.711057
0.709397
0.707737
0.706078
0.704243
0.702475
0.700604
0.698768
0.696919
0.695165
0.693668
0.692212
0.690775
0.689499
0.688159
0.687081
0.685795
0.684712
0.683524
0.682433
0.681242
0.679986
0.678917
0.677806
0.676697
0.675496
0.674274
0.673074
0.671970
0.670690
0.669460
0.668332
0.667016
0.665924
0.664719
0.663353
0.662087
0.660730
0.659533
0.658313
0.657089
0.655710
0.654495
0.653124
0.651799
0.650442
0.649278
0.648031
0.646855
0.645651
0.644355
0.643214
0.641897
0.640823
0.639538
0.638351
0.637103
0.635980
0.634789
0.633434
0.632131
0.630866
0.629495
0.628122
0.626818
0.625538
0.624215
0.622882
0.621577
0.620062
0.618734
0.617453
0.616155
0.614846
0.613844
0.612628
0.611470
0.610260
0.609156
0.607998
0.606806
0.605588
0.604379
0.603184
0.601976
0.600729
0.599482
0.598109
0.596796
0.595599
0.594087
0.592950
0.591333
0.590087
0.588987
0.587779
0.586584
0.585433
0.584309
0.583375
0.582105
0.580881
0.579689
0.578653
0.577331
0.576324
0.575068
0.573751
0.572615
0.571511
0.570168
0.568778
0.567700
0.566101
0.564713
0.563445
0.562150
0.560775
0.559647
0.558609
0.557323
0.556019
0.555033
0.553990
0.553081
0.551783
0.550810
0.549690
0.548507
0.547428
0.546293
0.545080
0.543979
0.542961
0.541742
0.540468
0.539195
0.537968
0.536791
0.535390
0.534061
0.532772
0.531480
0.530348
0.529153
0.527771
0.526586
0.525461
0.524407
0.523287
0.522339
0.521432
0.520377
0.519703
0.518707
0.517949
0.516953
0.516020
0.515188
0.514241
0.513085
0.512097
0.511011
0.509767
0.508889
0.507649
0.506593
0.505758
0.504741
0.503785
0.502789
0.501730
0.500846
0.500049
0.499290
0.498396
0.497660
0.496854
0.495921
0.495121
0.494225
0.493267
0.492590
0.491606
0.490736
0.490141
0.489251
0.488119
0.487163
0.486293
0.485352
0.484723
0.483934
0.483188
0.482495
0.481478
0.480955
0.480125
0.479475
0.478811
0.478138
0.477260
0.476639
0.475861
0.475170
0.474589
0.473797
0.473242
0.472631
0.472076
0.471466
0.470797
0.470244
0.469617
0.468860
0.468024
0.467335
0.466820
0.465979
0.465247
0.464530
0.463858
0.462958
0.461895
0.461121
0.460325
0.459494
0.458704
0.458032
0.457500
0.456923
0.456231
0.455543
0.454840
0.454078
0.453330
0.452667
0.452039
0.451336
0.450677
0.450043
0.449277
0.448451
0.447823
0.447305
0.446502
0.445838
0.445281
0.444616
0.443930
0.443242
0.442605
0.442207
0.441531
0.440902
0.440199
0.439611
0.438885
0.438265
0.437609
0.436918
0.436356
0.435795
0.435147
0.434550
0.433831
0.433231
0.432462
0.431625
0.430997
0.430186
0.429478
0.428627
0.427838
0.427132
0.426315
0.425379
0.424751
0.424018
0.423282
0.422719
0.422137
0.421555
0.420936
0.420280
0.419578
0.419000
0.418344
0.417774
0.417018
0.416263
0.415552
0.414636
0.413990
0.413333
0.412680
0.412017
0.411291
0.410557
0.410113
0.409323
0.408696
0.408016
0.407416
0.406766
0.406220
0.405706
0.405172
0.404658
0.404135
0.403325
0.402580
0.401890
0.401202
0.400429
0.399729
0.399130
0.398466
0.397949
0.397411
0.396663
0.396126
0.395549
0.395037
0.394250
0.393601
0.392775
0.392065
0.391445
0.390903
0.390365
0.389742
0.389318
0.388710
0.388167
0.387544
0.387000
0.386422
0.385766
0.385183
0.384709
0.384114
0.383414
0.382641
0.382171
0.381366
0.380827
0.380335
0.379665
0.379177
0.378561
0.378003
0.377358
0.376792
0.376238
0.375636
0.375135
0.374462
0.373967
0.373449
0.372918
0.372312
0.371812
0.371236
0.370697
0.370125
0.369601
0.369060
0.368520
0.367965
0.367403
0.366916
0.366419
0.365790
0.365345
0.364831
0.364226
0.363716
0.363125
0.362486
0.361884
0.361230
0.360808
0.360241
0.359729
0.359138
0.358524
0.357829
0.357254
0.356728
0.356022
0.355312
0.354616
0.353913
0.353139
0.352348
0.351628
0.350986
0.350377
0.349798
0.349274
0.348887
0.348349
0.347855
0.347360
0.346871
0.346489
0.345881
0.345363
0.344759
0.344270
0.343715
0.343181
0.342531
0.341931
0.341308
0.340662
0.340066
0.339493
0.339066
0.338575
0.338037
0.337660
0.337076
0.336739
0.336234
0.335685
0.335219
0.334821
0.334170
0.333617
0.333159
0.332624
0.332154
0.331699
0.331049
0.330477
0.330048
0.329529
0.328999
0.328624
0.328134
0.327536
0.327127
0.326739
0.326307
0.326012
0.325587
0.325158
0.324762
0.324242
0.323692
0.323351
0.322834
0.322362
0.321774
0.321274
0.320810
0.320103
0.319561
0.318998
0.318284
0.317733
0.317071
0.316601
0.316070
0.315561
0.315128
0.314668
0.314239
0.313817
0.313348
0.312958
0.312426
0.311909
0.311377
0.311004
0.310683
0.310270
0.309838
0.309366
0.308926
0.308371
0.307818
0.307339
0.306762
0.306347
0.305869
0.305381
0.305116
0.304713
0.304367
0.303881
0.303543
0.303142
0.302787
0.302273
0.301822
0.301454
0.300946
0.300415
0.300056
0.299563
0.299231
0.298909
0.298603
0.298305
0.297895
0.297525
0.297059
0.296688
0.296367
0.295950
0.295532
0.295251
0.294955
0.294734
0.294446
0.294146
0.293986
0.293572
0.293228
0.292897
0.292743
0.292594
0.292302
0.291867
0.291502
0.291159
0.290411
0.290000
0.289605
0.289273
0.288984
0.288759
0.288436
0.288264
0.288050
0.287808
0.287445
0.287093
0.286794
0.286467
0.286286
0.286103
0.285934
0.285709
0.285390
0.285201
0.285045
0.284740
0.284545
0.284315
0.284096
0.283990
0.283895
0.283656
0.283464
0.283349
0.283196
0.283045
0.282927
0.282812
0.282732
0.282576
0.282592
0.282517
0.282369
0.282351
0.282255
0.282287
0.282259
0.282256
0.282257
0.282080
0.282224
0.282150
0.282094
0.281926
0.281878
0.281837
0.281806
0.281740
0.281747
0.281719
0.281605
0.281577
0.281570
0.281499
0.281484
0.281408
0.281361
0.281272
0.281248
0.281278
0.281223
0.281152
0.281165
0.281061
0.280976
0.280892
0.280846
0.280836
0.280736
0.280729
0.280678
0.280660
0.280714
0.280672
0.280716
0.280591
0.280567
0.280523
0.280521
0.280565
0.280499
0.280457
0.280394
0.280337
0.280382
0.280388
0.280396
0.280355
0.280087
0.279885
0.279829
0.279753
0.279717
0.279707
0.279576
0.279522
0.279466
0.279485
0.279355
0.279410
0.279337
0.279345
0.279270
0.279249
0.279203
0.279252
0.279153
0.279109
0.279042
0.278953
0.278870
0.278731
0.278691
0.278651
0.278755
0.278783
0.278721
0.278587
0.278542
0.278493
0.278484
0.278433
0.278411
0.278367
0.278286
0.278335
0.278311
0.278195
0.278143
0.278206
0.278318
0.278401
0.278439
0.278496
0.278552
0.278598
0.278664
0.278642
0.278668
0.278684
0.278656
0.278653
0.278709
0.200822
0.200816
0.200791
0.200760
0.200785
0.200816
0.200830
0.200882
0.200928
0.200861
0.200827
0.200730
0.200467
0.200373
0.200127
0.199978
0.199851
0.199766
0.199504
0.199348
0.199147
0.199097
0.198903
0.198701
0.198568
0.198389
0.198185
0.197887
0.197782
0.197576
0.197434
0.197290
0.197055
0.196844
0.196611
0.196438
0.196311
0.196179
0.195841
0.195656
0.195499
0.195141
0.194987
0.194668
0.194564
0.194250
0.194035
0.194007
0.193776
0.193663
0.193437
0.193235
0.192890
0.192818
0.192797
0.192454
0.192327
0.192229
0.192048
0.191947
0.191698
0.191374
0.191264
0.190931
0.190780
0.190677
0.190277
0.190014
0.189646
0.189354
0.188991
0.188632
0.188370
0.188132
0.187758
0.187415
0.187065
0.186657
0.186227
0.185882
0.185400
0.185163
0.184885
0.184493
0.184151
0.183791
0.183427
0.183255
0.182786
0.182515
0.182296
0.181848
0.181454
0.181247
0.180718
0.180472
0.179943
0.179494
0.179094
0.178778
0.178265
0.177979
0.177670
0.177079
0.176685
0.176340
0.175910
0.175394
0.174834
0.174055
0.173331
0.172612
0.171796
0.171089
0.170477
0.169914
0.169563
0.169029
0.168369
0.167791
0.167172
0.166553
0.165810
0.165343
0.164807
0.164180
0.163355
0.162642
0.161639
0.161039
0.160139
0.159283
0.158554
0.157670
0.156898
0.156317
0.155398
0.154539
0.153690
0.152691
0.151739
0.150767
0.149955
0.149013
0.148362
0.147814
0.147065
0.146259
0.145605
0.144860
0.144268
0.143724
0.142995
0.142356
0.141586
0.140939
0.140049
0.139469
0.138800
0.138225
0.137657
0.137027
0.136613
0.136198
0.135636
0.135176
0.134674
0.134108
0.133489
0.132883
0.132346
0.132007
0.131593
0.131148
0.130812
0.130489
0.130035
0.129761
0.129566
0.129148
0.128969
0.128516
0.128202
0.127721
0.127392
0.127121
0.126751
0.126358
0.125920
0.125529
0.125160
0.124582
0.123999
0.123659
0.123159
0.122781
0.122356
0.121833
0.121624
0.121083
0.120625
0.120038
0.119482
0.119045
0.118445
0.117981
0.117502
0.116875
0.116471
0.115816
0.115418
0.114769
0.114088
0.113581
0.113058
0.112462
0.111832
0.111364
0.110484
0.109647
0.108925
0.108161
0.107511
0.106913
0.106177
0.105487
0.104820
0.104328
0.103690
0.103207
0.102652
0.102154
0.101632
0.101182
0.100520
0.100070
0.099400
0.098722
0.097977
0.097364
0.096735
0.096012
0.095500
0.095221
0.094789
0.094211
0.093796
0.093258
0.092783
0.092118
0.091532
0.090977
0.090618
0.089973
0.089403
0.088855
0.088492
0.088121
0.087814
0.087482
0.087025
0.086797
0.086605
0.086224
0.086034
0.085621
0.085271
0.084906
0.084586
0.084417
0.084109
0.083755
0.083425
0.083128
0.082595
0.082227
0.081765
0.081408
0.081013
0.080647
0.080426
0.080142
0.079796
0.079395
0.079004
0.078710
0.078478
0.078095
0.077782
0.077506
0.077183
0.076992
0.076634
0.076440
0.076062
0.075657
0.075248
0.074959
0.074456
0.074152
0.073949
0.073763
0.073600
0.073375
0.073187
0.072827
0.072493
0.072046
0.071382
0.071049
0.070684
0.070329
0.070088
0.069684
0.069289
0.068805
0.068347
0.067826
0.067377
0.066931
0.066481
0.066096
0.065577
0.065257
0.064807
0.064560
0.064033
0.063506
0.063180
0.062890
0.062502
0.062083
0.061688
0.061211
0.060726
0.060422
0.060188
0.059910
0.059594
0.059203
0.058993
0.058619
0.058137
0.057753
0.057199
0.056662
0.056350
0.056095
0.055746
0.055447
0.055209
0.054992
0.054717
0.054344
0.054249
0.053982
0.053757
0.053561
0.053374
0.053044
0.052819
0.052599
0.052351
0.052064
0.051870
0.051673
0.051461
0.051354
0.050933
0.050749
0.050649
0.050367
0.050159
0.049808
0.049580
0.049405
0.049291
0.048875
0.048833
0.048589
0.048323
0.048117
0.048003
0.047935
0.047664
0.047394
0.047210
0.046893
0.046702
0.046433
0.046332
0.046262
0.046043
0.045888
0.045682
0.045405
0.045167
0.044853
0.044665
0.044134
0.043849
0.043555
0.043182
0.042746
0.042503
0.042181
0.042009
0.041791
0.041536
0.041258
0.041124
0.040850
0.040692
0.040485
0.040272
0.040062
0.039890
0.039720
0.039666
0.039412
0.039398
0.039020
0.038796
0.038642
0.038499
0.038309
0.038201
0.038112
0.037999
0.037773
0.037531
0.037249
0.037088
0.036864
0.036492
0.036467
0.036272
0.036212
0.036086
0.035850
0.035638
0.035416
0.035206
0.034983
0.034683
0.034561
0.034324
0.034220
0.034402
0.034337
0.034217
0.034147
0.033981
0.033833
0.033616
0.033480
0.033511
0.033441
0.033301
0.033158
0.033076
0.032849
0.032705
0.032482
0.032411
0.032333
0.032427
0.032433
0.032355
0.032361
0.032338
0.032243
0.032187
0.031966
0.031870
0.031721
0.031740
0.031654
0.031571
0.031472
0.031279
0.031221
0.031184
0.031066
0.031026
0.030989
0.030972
0.031003
0.030955
0.030829
0.030781
0.030662
0.030462
0.030362
0.030303
0.030275
0.030170
0.030196
0.030178
0.030123
0.030136
0.030051
0.029988
0.029968
0.029805
0.029783
0.029745
0.029726
0.029785
0.029644
0.029576
0.029562
0.029404
0.029336
0.029274
0.029185
0.029180
0.029165
0.029018
0.029004
0.028921
0.028808
0.028598
0.028457
0.028475
0.028364
0.028281
0.028116
0.028039
0.027966
0.027952
0.027967
0.027692
0.027659
0.027726
0.027531
0.027347
0.027318
0.027246
0.027234
0.027097
0.026942
0.026795
0.026777
0.026752
0.026650
0.026612
0.026353
0.026343
0.026072
0.025995
0.025862
0.025696
0.025559
0.025519
0.025379
0.025363
0.025230
0.025064
0.024976
0.024827
0.024807
0.024831
0.024716
0.024761
0.024567
0.024476
0.024388
0.024207
0.024047
0.024208
0.024043
0.023860
0.023801
0.023737
0.023526
0.023447
0.023323
0.023220
0.022962
0.022517
0.022460
0.022457
0.022282
0.022133
0.021998
0.021746
0.021567
0.021463
0.021387
0.021249
0.021228
0.021205
0.020975
0.020929
0.020858
0.020715
0.020627
0.020638
0.020727
0.020639
0.020492
0.020417
0.020373
0.020369
0.020294
0.020249
0.020262
0.020284
0.020257
0.020278
0.020296
0.020245
0.020207
0.020160
0.020122
0.020142
0.020207
0.020130
0.020220
0.020208
0.020188
0.020008
0.020051
0.020222
0.020074
0.020145
0.020174
0.020311
0.020313
0.020306
0.020473
0.020519
0.020578
0.020569
0.020513
0.020579
0.020576
0.020549
0.020788
0.020794
0.020910
0.020930
0.021033
0.020979
0.021025
0.020825
0.020756
0.020890
0.020885
0.020912
0.020864
0.020908
0.020857
0.020854
0.020815
0.020913
0.020849
0.021019
0.020968
0.021187
0.021119
0.021191
0.021209
0.021114
0.021145
0.021205
0.021208
0.021301
0.021348
0.021302
0.021288
0.021348
0.021306
0.020997
0.020919
0.020872
0.020913
0.020984
0.020906
0.020840
0.020853
0.020949
0.020866
0.020927
0.020886
0.020908
0.020920
0.020829
0.020896
0.020810
0.020778
0.020778
0.020802
0.020724
0.020579
0.020598
0.020526
0.020354
0.020287
0.020310
0.020303
0.020092
0.020083
0.020123
0.020053
0.019940
0.019820
0.019729
0.019669
0.019528
0.019551
0.019491
0.019268
0.019271
0.019163
0.019156
0.019098
0.018984
0.018946
0.018799
0.018746
0.018630
0.018629
0.018641
0.018636
0.018548
0.018423
0.018464
0.018311
0.018369
0.018396
0.018108
0.018174
0.018026
0.018086
0.018080
0.018007
0.018017
0.017815
0.017843
0.017818
0.017776
0.017670
0.017558
0.017459
0.017336
0.017335
0.017361
0.017135
0.017041
0.017035
0.016895
0.016806
0.016729
0.016613
0.016451
0.016469
0.016498
0.016560
0.016483
0.016438
0.016232
0.016222
0.016148
0.015715
0.015557
0.015385
0.015346
0.015319
0.015262
0.015036
0.014895
0.014932
0.014856
0.014731
0.014678
0.014616
0.014620
0.014564
0.014381
0.014327
0.014465
0.014427
0.014379
0.014416
0.014379
0.014428
0.014383
0.014284
0.014299
0.014389
0.014302
0.014426
0.014414
0.014443
0.014508
0.014549
0.014543
0.014562
0.014537
0.014591
0.014719
0.014817
0.014837
0.014767
0.014825
0.014855
0.014949
0.014897
0.014882
0.014957
0.015034
0.015011
0.015035
0.015039
0.015112
0.015259
0.015237
0.015262
0.015276
0.015348
0.015327
0.015402
0.015470
0.015573
0.015573
0.015594
0.015572
0.015622
0.015549
0.015586
0.015608
0.015605
0.015627
0.015625
0.015672
0.015794
0.015831
0.015935
0.015989
0.016001
0.015983
0.015947
0.015990
0.016044
0.016013
0.016001
0.015951
0.016018
0.015966
0.015992
0.015989
0.015819
0.015850
0.015786
0.015735
0.015648
0.015272
0.015159
0.015045
0.015057
0.014922
0.014747
0.014538
0.014535
0.014493
0.014448
0.014279
0.014207
0.014189
0.014052
0.014053
0.013978
0.013949
0.013818
0.013711
0.013758
0.013658
0.013728
0.013595
0.013592
0.013495
0.013461
0.013418
0.013369
0.013363
0.013460
0.013424
0.013342
0.013308
0.013234
0.013257
0.013245
0.013235
0.013171
0.013081
0.013148
0.013105
0.013164
