0.668549
0.668549
0.668549
0.668549
0.668549
0.668549
0.668549
0.668549
0.668549
0.668549
0.668549
0.668549
0.668549
0.668549
0.668549
0.668549
0.668549
0.668549
0.668549
0.668549
0.668549
0.668549
0.668549
0.668342
0.667411
0.666166
0.664350
0.662058
0.659408
0.656532
0.653870
0.650940
0.647665
0.644042
0.640223
0.636123
0.631910
0.627704
0.623455
0.619391
0.615400
0.611296
0.607161
0.603014
0.598959
0.594769
0.590490
0.586055
0.581789
0.577691
0.573536
0.569365
0.565199
0.560931
0.556578
0.552416
0.548240
0.543856
0.539679
0.535529
0.531165
0.526970
0.522832
0.518587
0.514346
0.510068
0.505834
0.501683
0.497438
0.493256
0.489121
0.484865
0.480648
0.476284
0.472045
0.467791
0.463661
0.459446
0.455123
0.450962
0.446790
0.442566
0.438377
0.434291
0.430237
0.426139
0.422127
0.418244
0.414399
0.410617
0.406616
0.402752
0.399040
0.395276
0.391486
0.387688
0.384153
0.380564
0.376943
0.373427
0.369933
0.366339
0.363037
0.359443
0.356087
0.352979
0.349190
0.345980
0.342721
0.339523
0.336389
0.333152
0.329984
0.326807
0.323697
0.320584
0.317577
0.314696
0.311627
0.308753
0.305786
0.302872
0.300058
0.297136
0.294450
0.291620
0.288712
0.286180
0.283573
0.280655
0.278238
0.275574
0.272843
0.270557
0.267841
0.265503
0.262840
0.260590
0.258017
0.255794
0.253309
0.250942
0.248570
0.246342
0.244005
0.241760
0.239571
0.237225
0.235033
0.233057
0.230877
0.228692
0.226574
0.224509
0.222533
0.220411
0.218363
0.216396
0.214335
0.212523
0.210610
0.208723
0.206736
0.204957
0.203091
0.201218
0.199374
0.197670
0.195826
0.194009
0.192208
0.190498
0.188752
0.186903
0.185298
0.183621
0.182041
0.180395
0.178809
0.177149
0.175508
0.173860
0.172215
0.170785
0.169291
0.167587
0.166107
0.164592
0.163170
0.161548
0.160095
0.158548
0.157282
0.155711
0.154221
0.152770
0.151521
0.150032
0.148457
0.147288
0.145858
0.144326
0.143296
0.141725
0.140501
0.139302
0.137805
0.136754
0.135275
0.134044
0.132778
0.131345
0.130333
0.128862
0.127908
0.126467
0.125419
0.124134
0.122941
0.121767
0.120623
0.119406
0.118205
0.117116
0.115883
0.114883
0.113570
0.112688
0.111464
0.110597
0.109347
0.108286
0.107079
0.105969
0.105059
0.103866
0.102966
0.101828
0.100806
0.099854
0.098632
0.097720
0.096794
0.095600
0.094671
0.093763
0.092734
0.091758
0.090827
0.089804
0.088772
0.087925
0.086914
0.085937
0.085085
0.084094
0.083087
0.082379
0.081299
0.080391
0.079608
0.078495
0.077766
0.076747
0.076008
0.074975
0.074168
0.073234
0.072409
0.071470
0.070683
0.069863
0.068956
0.067982
0.067363
0.066425
0.065619
0.064744
0.063940
0.063145
0.062237
0.061457
0.060641
0.059881
0.059122
0.058396
0.057522
0.056756
0.056066
0.055279
0.054732
0.053785
0.053140
0.052451
0.051770
0.051168
0.050482
0.049690
0.049127
0.048592
0.047896
0.047334
0.046639
0.045933
0.045327
0.044894
0.044312
0.043678
0.043130
0.042490
0.041994
0.041385
0.040878
0.040424
0.039759
0.039294
0.038722
0.038269
0.037737
0.037236
0.036917
0.036311
0.035857
0.035253
0.034859
0.034355
0.033950
0.033489
0.033112
0.032742
0.032326
0.031880
0.031299
0.030937
0.030502
0.030073
0.029794
0.029431
0.029060
0.028718
0.028398
0.027912
0.027432
0.027043
0.026635
0.026409
0.026076
0.025783
0.025496
0.025271
0.025057
0.024769
0.024514
0.024317
0.024031
0.023905
0.023630
0.023465
0.023194
0.022997
0.022760
0.022573
0.022370
0.022232
0.022029
0.021788
0.021623
0.021385
0.021248
0.021010
0.020884
0.020686
0.020501
0.020302
0.020165
0.020011
0.019800
0.019614
0.019498
0.019338
0.019180
0.019032
0.018856
0.018668
0.018515
0.018377
0.018251
0.018112
0.017942
0.017815
0.017700
0.017585
0.017447
0.017321
0.017206
0.017068
0.016991
0.016865
0.016788
0.016689
0.782829
0.782817
0.782815
0.782892
0.782891
0.782839
0.782840
0.782879
0.782916
0.782915
0.782863
0.782905
0.782942
0.782941
0.782889
0.782931
0.782968
0.782967
0.782929
0.782956
0.335072
0.335033
0.335070
0.335070
0.335032
0.335099
0.335098
0.335098
0.335072
0.335001
0.335056
0.334995
0.334970
0.334864
0.334727
0.334590
0.334460
0.334296
0.334166
0.334005
0.333844
0.333684
0.333556
0.333460
0.333289
0.333129
0.332970
0.332843
0.332746
0.332605
0.332507
0.332142
0.331575
0.330811
0.330091
0.329343
0.328733
0.328973
0.329306
0.329754
0.330254
0.330594
0.330949
0.331288
0.331505
0.331906
0.332172
0.332629
0.333186
0.333761
0.334099
0.334638
0.334982
0.335399
0.335966
0.336367
0.336744
0.337207
0.337640
0.338015
0.338460
0.338694
0.339117
0.339351
0.339594
0.339430
0.339189
0.338691
0.337947
0.336901
0.335894
0.335038
0.334173
0.333554
0.333038
0.332419
0.331642
0.330506
0.329152
0.327483
0.325630
0.323726
0.321769
0.320022
0.318261
0.316392
0.314842
0.313239
0.311545
0.309690
0.307933
0.306273
0.304249
0.302551
0.300732
0.299021
0.297278
0.295410
0.293778
0.292072
0.290164
0.288552
0.286807
0.285088
0.283489
0.281674
0.279952
0.278142
0.276433
0.274837
0.273053
0.271423
0.269648
0.268009
0.266343
0.264645
0.263007
0.261246
0.259696
0.257916
0.256273
0.254662
0.252985
0.251391
0.249682
0.248113
0.246512
0.244783
0.243226
0.241631
0.240025
0.238407
0.236751
0.235194
0.233590
0.232074
0.230471
0.228849
0.227305
0.225634
0.224135
0.222532
0.220863
0.219301
0.217751
0.216044
0.214552
0.212869
0.211392
0.209808
0.208129
0.206652
0.205009
0.203391
0.201864
0.200271
0.198752
0.197093
0.195554
0.194102
0.192495
0.190967
0.189468
0.187833
0.186418
0.184833
0.183255
0.181754
0.180252
0.178708
0.177168
0.175705
0.174165
0.172670
0.171222
0.169679
0.168083
0.166693
0.165224
0.163786
0.162246
0.160764
0.159355
0.157792
0.156380
0.154876
0.153397
0.151971
0.150570
0.149180
0.147612
0.146280
0.144762
0.143386
0.142024
0.140453
0.139155
0.137785
0.136434
0.135053
0.133632
0.132225
0.130911
0.129654
0.128209
0.126828
0.125531
0.124273
0.122845
0.121529
0.120213
0.118891
0.117666
0.116332
0.115153
0.113829
0.112568
0.111276
0.110184
0.109007
0.107652
0.106480
0.105372
0.104196
0.102946
0.101849
0.100788
0.099602
0.098538
0.097390
0.096366
0.095257
0.094160
0.093244
0.092088
0.091091
0.090081
0.089150
0.088148
0.087152
0.086205
0.085207
0.084197
0.083289
0.082360
0.081467
0.080486
0.079638
0.078740
0.077930
0.077067
0.076231
0.075216
0.074411
0.073596
0.072858
0.071990
0.071251
0.070448
0.069463
0.068763
0.068030
0.067220
0.066518
0.065709
0.065004
0.064290
0.063583
0.062814
0.062191
0.061508
0.060730
0.060146
0.059451
0.058768
0.058075
0.057496
0.056792
0.056152
0.055544
0.054876
0.054313
0.053620
0.053016
0.052498
0.051894
0.051289
0.050676
0.050133
0.049578
0.048996
0.048396
0.047887
0.047388
0.046754
0.046247
0.045717
0.045113
0.044647
0.044143
0.043579
0.043104
0.042621
0.042157
0.041655
0.041197
0.040733
0.040245
0.039874
0.039455
0.039007
0.038450
0.038064
0.037716
0.037218
0.036816
0.036469
0.036055
0.035609
0.035226
0.034796
0.034438
0.034107
0.033760
0.033376
0.033028
0.032636
0.032270
0.031947
0.031559
0.031247
0.030956
0.030594
0.030242
0.029934
0.029647
0.029315
0.028951
0.028758
0.028396
0.028159
0.027853
0.027465
0.027289
0.026977
0.026654
0.026402
0.026186
0.025903
0.025591
0.025375
0.025172
0.024802
0.024585
0.024343
0.024167
0.023809
0.023638
0.023332
0.023156
0.022949
0.022697
0.022505
0.022249
0.021998
0.021852
0.021596
0.021460
0.021177
0.021041
0.020865
0.020658
0.020406
0.020172
0.020036
0.019894
0.019610
0.019474
0.019297
0.019122
0.018985
0.018755
0.018604
0.018468
0.018292
0.018079
0.017911
0.017735
0.017664
0.017448
0.017383
0.017193
0.017002
0.016906
0.016730
0.016634
0.016407
0.016311
0.016215
0.015959
0.015923
0.015778
0.015588
0.015517
0.015341
0.015244
0.015165
0.015028
0.014882
0.014746
0.014610
0.014570
0.014394
0.014323
0.014200
0.014027
0.013956
0.013892
0.013700
0.013643
0.013603
0.013507
0.013316
0.013216
0.013145
0.013009
0.013009
0.012833
0.012793
0.012657
0.012608
0.012503
0.012395
0.012316
0.012220
0.012176
0.012120
0.012080
0.011944
0.011862
0.011751
0.011686
0.011655
0.011510
0.011439
0.011399
0.011303
0.011303
0.011167
0.011167
0.011016
0.010991
0.010920
0.010880
0.010855
0.010704
0.010704
0.010568
0.010607
0.010566
0.010509
0.010390
0.010358
0.010318
0.010293
0.010222
0.010182
0.010117
0.010084
0.010044
0.010044
0.009988
0.009948
0.009908
0.009837
0.009772
0.009772
0.009741
0.009741
0.009716
0.009644
0.009644
0.009604
0.009580
0.009548
0.009548
0.009548
0.009492
0.009492
0.009492
0.009492
0.009461
0.009436
0.009436
0.009436
0.009405
0.009405
0.009380
0.009380
0.009348
0.009348
0.009348
0.009323
0.009323
0.009292
0.009292
0.009292
0.009292
0.009267
0.009236
0.009236
0.009236
0.009236
0.009236
0.009205
0.009180
0.009180
0.009180
0.009180
0.009149
0.009149
0.009149
0.009123
0.009123
0.009123
0.009092
0.009092
0.009092
0.009092
0.009067
0.009067
0.009036
0.009036
0.009036
0.009036
0.009036
0.009036
0.009036
0.008980
0.008980
0.008980
0.008980
0.008980
0.008980
0.008980
0.008980
0.008949
0.008923
0.008923
0.008923
0.008923
0.008923
0.008923
0.008923
0.008893
0.008893
0.008893
0.008893
0.008867
0.008867
0.008867
0.008867
0.008867
0.008867
0.008836
0.008836
0.008836
0.008836
0.008836
0.008836
0.008836
0.008836
0.008836
0.008836
0.008836
0.008836
0.008836
0.008836
0.008836
0.008836
