0.965900
0.965900
0.965900
0.965900
0.965900
0.965900
0.965900
0.965900
0.965906
0.965902
0.965881
0.965653
0.965253
0.964560
0.963345
0.961762
0.960135
0.958259
0.956670
0.954746
0.953029
0.951703
0.950381
0.949247
0.947826
0.946501
0.944842
0.943199
0.941460
0.939549
0.937722
0.935662
0.933743
0.931276
0.928816
0.926198
0.923351
0.920393
0.917500
0.914503
0.911491
0.908603
0.905778
0.903313
0.900807
0.898580
0.896144
0.894204
0.892062
0.889665
0.887272
0.884185
0.881217
0.878244
0.875093
0.871816
0.868802
0.865921
0.862888
0.859850
0.856883
0.853794
0.850721
0.847617
0.844645
0.841494
0.838395
0.835485
0.832450
0.829597
0.826460
0.823629
0.820738
0.817870
0.814997
0.811981
0.809132
0.806162
0.803312
0.800625
0.797680
0.794979
0.792169
0.789414
0.786734
0.783950
0.781273
0.778677
0.775861
0.773272
0.770380
0.767756
0.765329
0.762684
0.760124
0.757409
0.754860
0.752300
0.749688
0.747467
0.745291
0.743228
0.741199
0.739426
0.737926
0.736568
0.735264
0.733925
0.732558
0.731310
0.730061
0.728704
0.727234
0.725616
0.723613
0.721465
0.719422
0.717471
0.715885
0.714410
0.713102
0.711640
0.710272
0.709030
0.707556
0.705781
0.704191
0.702421
0.700499
0.698784
0.697045
0.695299
0.693378
0.691137
0.688901
0.686422
0.683733
0.681108
0.678170
0.675841
0.673532
0.671149
0.668934
0.666398
0.664066
0.661770
0.659182
0.656788
0.654438
0.652182
0.649721
0.647602
0.645320
0.642938
0.640750
0.638479
0.636275
0.634050
0.631783
0.629676
0.627528
0.625296
0.623263
0.621061
0.618941
0.616829
0.614839
0.612623
0.610568
0.608587
0.606514
0.604630
0.602703
0.600443
0.598762
0.596614
0.594547
0.592770
0.590819
0.588959
0.587111
0.585368
0.583539
0.581653
0.579758
0.578090
0.576384
0.574520
0.572871
0.571111
0.569318
0.567581
0.566101
0.564291
0.562819
0.561140
0.559486
0.557734
0.556175
0.554641
0.553071
0.551503
0.549822
0.548367
0.546758
0.545339
0.543828
0.542478
0.540938
0.539623
0.538177
0.536765
0.535522
0.534165
0.532806
0.531476
0.530095
0.528835
0.527719
0.526345
0.525086
0.523931
0.522792
0.521629
0.520335
0.519149
0.517866
0.517048
0.515733
0.514593
0.513690
0.512476
0.511422
0.510295
0.509284
0.508272
0.507219
0.506167
0.505377
0.504247
0.503215
0.502147
0.501460
0.500435
0.499397
0.498489
0.497637
0.496771
0.495814
0.495181
0.494091
0.493284
0.492312
0.491703
0.490656
0.489812
0.489112
0.488344
0.487295
0.486611
0.485797
0.485145
0.484275
0.483474
0.482806
0.482054
0.481169
0.480402
0.479805
0.478996
0.478081
0.477574
0.476649
0.476016
0.475547
0.474687
0.474018
0.473259
0.472660
0.471934
0.471333
0.470681
0.469929
0.469228
0.468684
0.467975
0.467413
0.466774
0.466131
0.465406
0.464894
0.464195
0.463711
0.463159
0.462475
0.461794
0.461093
0.460318
0.459795
0.459327
0.458599
0.457701
0.457165
0.456605
0.455786
0.455331
0.454726
0.454102
0.453705
0.453060
0.452542
0.451968
0.451515
0.450947
0.450519
0.449973
0.449497
0.449097
0.448582
0.448126
0.447688
0.447161
0.446746
0.446328
0.445908
0.445606
0.444993
0.444642
0.444364
0.443786
0.443531
0.442983
0.442768
0.442379
0.441994
0.441545
0.441290
0.440956
0.440691
0.440344
0.439946
0.439679
0.439569
0.439375
0.439041
0.438742
0.438577
0.438289
0.438066
0.437861
0.437541
0.437249
0.437060
0.436669
0.436546
0.436300
0.436239
0.435921
0.435523
0.435246
0.435219
0.434880
0.434860
0.434574
0.434352
0.434052
0.433781
0.433504
0.433389
0.433201
0.433018
0.432914
0.432652
0.432450
0.432223
0.432178
0.431934
0.431785
0.431652
0.431432
0.431286
0.431028
0.431017
0.430799
0.430536
0.430359
0.430293
0.430037
0.429957
0.429785
0.429236
0.429034
0.428877
0.428700
0.428176
0.427979
0.427701
0.427474
0.427335
0.427202
0.654082
0.653953
0.653736
0.653670
0.653610
0.653396
0.653241
0.653165
0.653026
0.652799
0.652510
0.652129
0.651698
0.651138
0.650692
0.650292
0.650075
0.649850
0.649771
0.649594
0.368082
0.367901
0.368023
0.368165
0.368197
0.368355
0.368639
0.368652
0.368958
0.369004
0.369237
0.369433
0.369670
0.370154
0.370448
0.370781
0.371197
0.371547
0.372055
0.372305
0.372836
0.373163
0.373503
0.373824
0.374296
0.374859
0.375249
0.375575
0.376057
0.376349
0.376871
0.377186
0.377520
0.377943
0.378294
0.378835
0.379204
0.379517
0.380026
0.380280
0.380853
0.381161
0.381511
0.381965
0.382181
0.382748
0.383151
0.383406
0.383878
0.384285
0.384737
0.385090
0.385399
0.385970
0.386137
0.386751
0.387063
0.387326
0.387770
0.388140
0.388526
0.388943
0.388951
0.389339
0.389598
0.389936
0.390270
0.390683
0.390684
0.390888
0.391233
0.391544
0.391840
0.392194
0.392484
0.392820
0.393023
0.393245
0.393474
0.393427
0.393178
0.392390
0.391288
0.390284
0.389181
0.388295
0.387383
0.386428
0.385564
0.384375
0.382558
0.380461
0.378233
0.375686
0.373249
0.370558
0.368033
0.365757
0.363246
0.361038
0.358691
0.356338
0.353910
0.351544
0.349133
0.346719
0.344416
0.341942
0.339540
0.337346
0.335149
0.332924
0.330688
0.328689
0.326808
0.324718
0.322594
0.320524
0.318019
0.315647
0.313395
0.310957
0.308631
0.306518
0.304229
0.302074
0.299746
0.297656
0.295315
0.293257
0.291031
0.288698
0.286421
0.284192
0.282316
0.279962
0.277823
0.275558
0.273560
0.271402
0.269175
0.267202
0.264982
0.262823
0.260777
0.258645
0.256696
0.254775
0.252443
0.250414
0.248323
0.246342
0.244318
0.242347
0.239859
0.237666
0.235710
0.233707
0.231686
0.229711
0.227436
0.225504
0.223692
0.221778
0.219897
0.217846
0.215815
0.213933
0.211825
0.209867
0.207946
0.206081
0.204205
0.202172
0.200538
0.198514
0.196764
0.194977
0.193084
0.191211
0.189425
0.187554
0.185957
0.184045
0.182365
0.180548
0.178897
0.177192
0.175456
0.173763
0.172037
0.170396
0.168721
0.167166
0.165604
0.163924
0.162430
0.160783
0.159318
0.157885
0.156297
0.154762
0.153505
0.152054
0.150696
0.149293
0.147910
0.146590
0.145191
0.143903
0.142433
0.141230
0.139983
0.138628
0.137229
0.136058
0.134730
0.133400
0.132190
0.130851
0.129749
0.128635
0.127421
0.126230
0.124955
0.123802
0.122578
0.121684
0.120347
0.119167
0.118201
0.117087
0.116044
0.114800
0.113557
0.112729
0.111729
0.110608
0.109442
0.108587
0.107385
0.106451
0.105454
0.104437
0.103437
0.102515
0.101132
0.100086
0.099155
0.098078
0.097120
0.096267
0.094974
0.093793
0.092899
0.091970
0.091084
0.090172
0.089270
0.088285
0.087373
0.086615
0.085675
0.084895
0.084007
0.083109
0.082380
0.081617
0.080778
0.079942
0.079078
0.078404
0.077578
0.076893
0.076132
0.075364
0.074623
0.073886
0.073103
0.072432
0.071777
0.070941
0.070216
0.069630
0.068840
0.068253
0.067505
0.066879
0.066279
0.065442
0.064886
0.064300
0.063696
0.063138
0.062374
0.062024
0.061347
0.060808
0.060335
0.059849
0.059155
0.058689
0.058146
0.057474
0.057005
0.056534
0.055824
0.055453
0.054861
0.054318
0.053727
0.053213
0.052650
0.052105
0.051612
0.050985
0.050501
0.049988
0.049440
0.048874
0.048476
0.047943
0.047451
0.046883
0.046439
0.045967
0.045371
0.044921
0.044539
0.044135
0.043595
0.043124
0.042625
0.042290
0.041810
0.041457
0.040643
0.040122
0.039688
0.039180
0.038797
0.038377
0.037619
0.037084
0.036639
0.036229
0.035721
0.035332
0.034896
0.034554
0.034100
0.033825
0.033395
0.033191
0.032661
0.032436
0.032170
0.031733
0.031494
0.031078
0.030833
0.030461
0.030185
0.029860
0.029674
0.029398
0.029099
0.028767
0.028605
0.028302
0.028089
0.027832
0.027593
0.027461
0.027199
0.026967
0.026692
0.026489
0.026171
0.025953
0.025826
0.025705
0.025635
0.025349
0.025192
0.025099
0.024968
0.024960
0.024783
0.024675
0.024592
0.024440
0.024331
0.024153
0.024002
0.024019
0.023929
0.023631
0.023652
0.023505
0.023304
0.023253
0.023105
0.023012
0.022865
0.022719
0.022626
0.022503
0.022252
0.022159
0.022125
0.021964
0.021871
0.021753
0.021604
0.021496
0.021377
0.021238
0.021133
0.021046
0.020899
0.020844
0.020724
0.020579
0.020525
0.020382
0.020279
0.019779
0.019592
0.019438
0.019353
0.019256
0.019089
0.018574
0.018387
0.018160
0.018058
0.017844
0.017844
0.017687
0.017556
0.017429
0.017412
0.017190
0.017136
0.017063
0.016971
0.016842
0.016780
0.016688
0.016627
0.016578
0.016515
0.016515
0.016388
0.016292
0.016249
0.016195
0.016156
0.016105
0.016105
0.016012
0.015918
0.015918
0.015825
0.015829
0.015736
0.015736
0.015682
0.015643
0.015589
0.015665
0.015604
0.015681
0.015725
0.015678
0.015678
0.015753
0.015799
0.015825
0.015923
0.016024
0.015931
0.016037
0.016035
0.015996
0.016051
0.016106
0.016106
0.016127
0.016127
0.016127
0.016091
0.016091
0.016149
0.016154
0.016115
0.016115
0.016061
0.016061
0.016120
0.016027
0.016027
0.016027
0.016032
0.015993
0.015993
0.015939
0.015939
0.015939
0.015906
0.015906
0.015906
0.015906
0.015852
0.015813
0.015813
0.015813
0.015420
0.015368
0.015230
0.015184
0.015087
0.015087
0.014701
0.014611
0.014384
0.014336
0.014263
0.014263
0.014199
0.014107
0.014073
0.014018
0.013988
0.013934
0.013901
0.013901
0.013901
0.013845
0.013791
0.013787
0.013777
0.013777
0.013777
0.013777
0.013724
0.013681
0.013681
0.013681
0.013684
0.013684
0.013631
0.013631
0.013631
0.013592
0.013596
0.013596
0.013542
0.013542
0.013542
0.013542
0.013618
0.013650
0.013727
0.013679
0.013725
0.013725
0.013854
0.013939
0.014019
0.014117
0.014165
0.014165
0.014271
0.014323
0.014284
0.014394
0.014449
0.014449
0.014562
0.014509
0.014509
0.014566
0.014566
0.014624
0.014682
0.014682
0.014682
0.014682
0.014682
0.014741
0.014741
0.014741
0.014741
0.014800
0.014800
0.014800
0.014800
0.014800
0.014800
0.014860
0.014860
0.014860
0.014860
0.014860
0.014860
0.014860
0.014521
0.014469
0.014370
0.014324
0.014280
0.014280
0.014240
0.013858
0.013772
0.013670
0.013594
0.013549
0.013527
0.013485
0.013447
0.013396
0.013396
0.013367
0.013357
0.013333
0.013333
0.013333
0.013316
0.013313
0.013313
0.013302
0.013302
0.013302
0.013302
0.013302
0.013298
0.013298
0.013302
0.013302
0.013302
0.013302
0.013302
0.013302
0.013302
0.013305
0.013305
0.013305
0.013305
0.013305
0.013305
0.013381
0.013414
0.013490
0.013534
0.013580
0.013580
0.013709
0.013794
0.013875
0.013972
0.014074
0.014074
0.014179
0.014231
0.014231
0.014341
0.014396
0.014396
0.014509
0.014509
0.014509
0.014566
0.014566
0.014624
0.014682
0.014682
0.014682
0.014682
0.014682
0.014741
0.014741
0.014741
0.014741
0.014800
0.014800
0.014800
0.014800
0.014800
0.014800
0.014860
0.014860
0.014860
0.014860
0.014860
0.014860
0.014860
0.014521
0.014469
0.014370
0.014324
0.014280
0.014280
0.013894
0.013804
0.013670
0.013622
0.013549
0.013549
0.013485
0.013447
0.013413
0.013396
0.013367
0.013367
0.013333
0.013333
0.013333
0.013316
0.013316
0.013313
0.013302
0.013302
0.013302
0.013302
0.013302
0.013298
0.013298
0.013298
0.013302
0.013302
0.013302
0.013302
0.013302
0.013302
0.013305
0.013305
0.013305
0.013305
0.013305
0.013305
0.013305
0.013381
0.013414
0.013490
0.013534
0.013580
0.013580
0.013709
0.013794
0.013875
0.013972
0.014074
0.014074
0.014179
0.014231
0.014231
0.014341
0.014396
0.014396
0.014509
0.014509
0.014509
0.014566
0.014566
0.014624
0.014682
0.014682
0.014682
0.014682
0.014682
0.014741
0.014741
0.014741
0.014800
0.014800
0.014800
0.014800
