0.609884
0.609884
0.609884
0.609884
0.609884
0.609884
0.609884
0.609884
0.609884
0.609884
0.609884
0.609884
0.609884
0.609884
0.609884
0.609884
0.609884
0.609884
0.609884
0.609884
0.609884
0.609884
0.609924
0.609948
0.610059
0.610268
0.610512
0.610763
0.610767
0.610443
0.610118
0.609672
0.609277
0.608526
0.607721
0.606640
0.605420
0.604071
0.602642
0.601168
0.599815
0.599009
0.598596
0.598605
0.598825
0.598995
0.599037
0.598987
0.598544
0.597946
0.596950
0.596280
0.595473
0.594180
0.593122
0.592184
0.591024
0.589834
0.588359
0.586908
0.585007
0.582794
0.580342
0.577790
0.574817
0.571914
0.568734
0.565735
0.562852
0.559877
0.557100
0.554055
0.551208
0.548341
0.545683
0.543387
0.541788
0.540891
0.540149
0.539613
0.538985
0.538412
0.537294
0.535674
0.533904
0.532388
0.530888
0.529282
0.527730
0.526193
0.525103
0.523900
0.522530
0.521015
0.519395
0.517056
0.514485
0.511529
0.508302
0.504658
0.501079
0.497470
0.493893
0.490445
0.487071
0.483710
0.480270
0.476971
0.473376
0.469945
0.466300
0.462790
0.459286
0.455782
0.452345
0.448930
0.445657
0.441993
0.438654
0.435436
0.431965
0.428412
0.425146
0.421698
0.418474
0.414988
0.411658
0.408351
0.404959
0.401835
0.398451
0.395082
0.391867
0.388607
0.385191
0.382101
0.378732
0.375565
0.372470
0.369153
0.365952
0.362895
0.359720
0.356509
0.353329
0.350278
0.347164
0.344025
0.340986
0.337989
0.334915
0.331925
0.328956
0.325974
0.323016
0.320063
0.317251
0.314356
0.311316
0.308508
0.305726
0.302860
0.300058
0.297252
0.294471
0.291708
0.288982
0.286180
0.283429
0.280953
0.278145
0.275395
0.272826
0.270340
0.267727
0.265043
0.262530
0.259881
0.257449
0.254952
0.252471
0.249972
0.247488
0.245186
0.242641
0.240284
0.238014
0.235584
0.233227
0.230911
0.228581
0.226412
0.223998
0.221776
0.219560
0.217344
0.215099
0.212944
0.210782
0.208752
0.206635
0.204548
0.202327
0.200384
0.198325
0.196283
0.194308
0.192242
0.190194
0.188465
0.186391
0.184570
0.182513
0.180638
0.178751
0.176811
0.175100
0.173364
0.171453
0.169526
0.167906
0.165974
0.164354
0.162532
0.160754
0.159095
0.157462
0.155787
0.154147
0.152485
0.150760
0.149246
0.147680
0.146041
0.144458
0.142884
0.141384
0.139867
0.138350
0.136848
0.135429
0.133898
0.132240
0.130893
0.129490
0.127999
0.126615
0.125282
0.123882
0.122290
0.121002
0.119731
0.118355
0.117093
0.115708
0.114358
0.112941
0.111679
0.110571
0.109295
0.108070
0.106752
0.105671
0.104428
0.103261
0.101996
0.100920
0.099753
0.098621
0.097346
0.096347
0.095111
0.094162
0.093019
0.091945
0.090968
0.089870
0.088804
0.087763
0.086753
0.085694
0.084737
0.083717
0.082775
0.081857
0.080816
0.079996
0.079102
0.078183
0.077192
0.076270
0.075284
0.074572
0.073632
0.072801
0.071885
0.071031
0.070228
0.069520
0.068568
0.067805
0.067054
0.066170
0.065412
0.064686
0.063925
0.063050
0.062520
0.061720
0.060903
0.060256
0.059511
0.058862
0.057859
0.057291
0.056661
0.055950
0.055462
0.054621
0.054022
0.053308
0.052593
0.052017
0.051470
0.050692
0.050141
0.049544
0.048810
0.048311
0.047684
0.047085
0.046568
0.045954
0.045395
0.044789
0.044270
0.043716
0.043092
0.042707
0.041999
0.041508
0.041104
0.040506
0.040063
0.039587
0.039062
0.038469
0.038035
0.037669
0.037138
0.036665
0.036247
0.035644
0.035249
0.034938
0.034409
0.034029
0.033691
0.033242
0.032829
0.032413
0.032053
0.031695
0.031241
0.030902
0.030519
0.030204
0.029708
0.029365
0.029165
0.028808
0.028509
0.027989
0.027759
0.027491
0.027144
0.026881
0.026507
0.026246
0.025865
0.025638
0.025331
0.025022
0.024793
0.024537
0.024275
0.023962
0.023628
0.023345
0.023119
0.022838
0.022642
0.022422
0.022106
0.021838
0.021601
0.021480
0.021191
0.020936
0.020792
0.020533
0.020251
0.020062
0.019828
0.019592
0.019426
0.019249
0.018990
0.018912
0.018618
0.018469
0.018261
0.018048
0.017939
0.017721
0.017518
0.017404
0.017326
0.017107
0.016908
0.016833
0.016746
0.016501
0.016382
0.016192
0.016115
0.015950
0.015842
0.015727
0.015545
0.015393
0.015227
0.015153
0.015001
0.014877
0.014791
0.014735
0.014572
0.014533
0.014340
0.014301
0.014196
0.014010
0.013948
0.013874
0.013746
0.013690
0.013576
0.013497
0.013401
0.013318
0.013278
0.013144
0.013069
0.013020
0.012942
0.012867
0.012789
0.012693
0.012608
0.012569
0.012531
0.012456
0.012339
0.012329
0.012273
0.012198
0.012120
0.012120
0.011990
0.011951
0.011872
0.011872
0.011780
0.011732
0.011684
0.011605
0.011531
0.011531
0.011492
0.011414
0.011351
0.011312
0.011312
0.011234
0.011156
0.011120
0.011081
0.011071
0.011033
0.011033
0.010901
0.010901
0.010862
0.010824
0.010816
0.010692
0.010692
0.010653
0.010653
0.010614
0.010579
0.010561
0.010483
0.010473
0.010434
0.010434
0.010359
0.010359
0.010321
0.010281
0.010281
0.010243
0.010207
0.010141
0.010141
0.010141
0.010063
0.010063
0.010024
0.009988
0.009988
0.009949
0.009949
0.009949
0.009901
0.009901
0.009901
0.009826
0.009808
0.009808
0.009770
0.009770
0.009770
0.009731
0.009731
0.009731
0.009682
0.009682
0.009682
0.009682
0.009644
0.009644
0.009644
0.009605
0.009605
0.009605
0.009605
0.009566
0.009566
0.009566
0.009566
0.009518
0.009518
0.009518
0.009518
0.009479
0.009479
0.009479
0.009479
0.009479
0.009440
0.009440
0.009440
0.009440
0.009401
0.009401
0.009401
0.009401
0.009401
0.009362
0.009362
0.009353
0.009353
0.009353
0.009353
0.009314
0.009314
0.009314
0.009314
0.009314
0.009314
0.009275
0.009275
0.009275
0.009275
0.009275
0.009275
0.009236
0.009236
0.009236
0.009236
0.009236
0.009236
0.009236
0.009198
0.009198
0.009188
0.009188
0.009188
0.009188
0.009188
0.009188
0.009149
0.009149
0.009149
0.009149
0.009149
0.009149
0.009149
0.009149
0.009149
0.009149
0.009149
0.009149
0.009149
0.009149
0.009149
0.009149
0.009149
0.009149
0.009149
0.009149
0.009149
0.009149
0.009149
0.009149
0.009149
0.009149
0.009149
0.009149
0.009149
0.009149
0.009149
0.009149
0.009149
0.009149
0.009149
0.009149
0.009149
0.009149
0.009149
0.009149
0.009149
0.009149
0.009149
0.009149
0.009149
0.009149
0.009149
0.009149
0.009149
0.009149
0.009149
0.009149
0.009149
0.009149
0.009149
0.009149
0.009149
0.009149
0.009149
0.009149
0.009149
0.009149
0.009149
0.009149
0.009149
0.009149
0.009149
0.009149
0.009149
0.009149
0.009149
0.009149
0.009149
0.009149
0.009149
0.009149
0.009149
0.009149
0.009149
0.009149
0.009149
0.009149
0.009149
0.009149
0.009149
0.009149
0.009149
0.009149
0.009149
0.009149
0.009149
0.009149
0.009149
0.009149
0.009149
0.009149
0.009149
