1.944713
1.935858
1.927007
1.918161
1.909319
1.900481
1.891648
1.882818
1.873992
1.865170
1.856351
1.847536
1.838725
1.829917
1.821112
1.812310
1.803511
1.794716
1.785923
1.777134
1.768347
1.759562
1.750781
1.742002
1.733226
1.724452
1.715680
1.706911
1.698144
1.689379
1.680617
1.671856
1.663098
1.654341
1.645587
1.636834
1.628084
1.619335
1.610587
1.601842
1.593098
1.584356
1.575615
1.566876
1.558139
1.549402
1.540668
1.531934
1.523202
1.514472
1.505742
1.497014
1.488287
1.479561
1.470837
1.462113
1.453391
1.444670
1.435949
1.427231
1.418518
1.409812
1.401111
1.392416
1.383726
1.375043
1.366368
1.357704
1.349049
1.340405
1.331769
1.323144
1.314527
1.305919
1.297319
1.288731
1.280154
1.271592
1.263041
1.254503
1.245976
1.237462
1.228959
1.220472
1.212005
1.203560
1.195134
1.186728
1.178341
1.169972
1.161621
1.153288
1.144973
1.136678
1.128405
1.120153
1.111927
1.103724
1.095547
1.087392
1.079262
1.071152
1.063067
1.055007
1.046974
1.038964
1.030981
1.023019
1.015083
1.007167
0.999277
0.991413
0.983587
0.975793
0.968037
0.960311
0.952620
0.944960
0.937334
0.929742
0.922185
0.914662
0.907171
0.899712
0.892286
0.884894
0.877537
0.870213
0.862922
0.855663
0.848435
0.841239
0.834076
0.826943
0.819836
0.812758
0.805707
0.798695
0.791714
0.784771
0.777859
0.770982
0.764133
0.757319
0.750531
0.743776
0.737047
0.730347
0.723673
0.717027
0.710405
0.703809
0.697237
0.690689
0.684167
0.677672
0.671206
0.664772
0.658369
0.651995
0.645650
0.639334
0.633045
0.626783
0.620547
0.614338
0.608159
0.602009
0.595895
0.589815
0.583774
0.577766
0.571796
0.565858
0.559957
0.554084
0.548247
0.542437
0.536661
0.530911
0.525192
0.519499
0.513834
0.508200
0.502607
0.497051
0.491537
0.486060
0.480621
0.475216
0.469849
0.464516
0.459223
0.453967
0.448747
0.443568
0.438425
0.433316
0.428239
0.423195
0.418181
0.413200
0.408252
0.403335
0.398446
0.393592
0.388768
0.383977
0.379213
0.374481
0.369779
0.365119
0.360488
0.355890
0.351320
0.346782
0.342270
0.337788
0.333332
0.328915
0.324522
0.320155
0.315810
0.311492
0.307199
0.302938
0.298707
0.294509
0.290345
0.286211
0.282106
0.278035
0.273998
0.269995
0.266034
0.262116
0.258244
0.254413
0.250630
0.246886
0.243186
0.239526
0.235911
0.232334
0.228802
0.225304
0.221856
0.218452
0.215095
0.211774
0.208500
0.205265
0.202076
0.198924
0.195821
0.192759
0.189742
0.186764
0.183828
0.180931
0.178078
0.175262
0.172483
0.169738
0.167028
0.164352
0.161708
0.159098
0.156523
0.153985
0.151479
0.149010
0.146579
0.144183
0.141817
0.139482
0.137175
0.134898
0.132646
0.130423
0.128224
0.126053
0.123905
0.121783
0.119682
0.117606
0.115551
0.113520
0.111508
0.109520
0.107555
0.105617
0.103706
0.101824
0.099969
0.098141
0.096339
0.094564
0.092813
0.091087
0.089385
0.087711
0.086061
0.084437
0.082840
0.081273
0.079731
0.078214
0.076727
0.075267
0.073835
0.072428
0.071049
0.069693
0.068364
0.067057
0.065775
0.064513
0.063280
0.062074
0.060896
0.059737
0.058598
0.057477
0.056376
0.055292
0.054226
0.053181
0.052155
0.051144
0.050149
0.049169
0.048204
0.047254
0.046322
0.045408
0.044513
0.043636
0.042776
0.041935
0.041114
0.040310
0.039520
0.038747
0.037988
0.037249
0.036523
0.035812
0.035113
0.034428
0.033755
0.033095
0.032445
0.031808
0.031182
0.030567
0.029962
0.029368
0.028784
0.028212
0.027654
0.027110
0.026575
0.026054
0.025545
0.025050
0.024569
0.024105
0.023653
0.023224
0.022812
0.022410
0.022019
0.021638
0.021266
0.020905
0.020557
0.020220
0.019891
0.019570
0.019258
0.018954
0.018660
0.018376
0.018101
0.017836
0.017580
0.017331
0.017088
0.016851
0.016627
0.016407
0.016194
0.015986
0.015784
0.015587
0.015395
0.015208
0.015025
0.014848
0.014675
0.014506
0.014342
0.014187
0.014036
0.013890
0.013748
0.013609
0.013473
0.013342
0.013213
0.013088
0.012966
0.012848
0.012732
0.012619
0.012509
0.012403
0.012298
0.012197
0.012098
0.012002
0.011908
0.011817
0.011728
0.011641
0.011560
0.011484
0.011413
0.011346
0.011281
0.011217
0.011155
0.011094
0.011035
0.010978
0.010922
0.010868
0.010814
0.010766
0.010721
0.010677
0.010636
0.010600
0.010565
0.010531
0.010498
0.010466
0.010435
0.010405
0.010375
0.010346
0.010318
0.010290
0.010264
0.010238
0.010212
0.010187
0.010163
0.010140
0.010117
0.010095
0.010073
0.010052
0.010031
0.010011
0.009992
0.009973
0.009954
0.009940
0.009929
0.009917
0.009906
0.009894
0.009884
0.009873
0.009863
0.009853
0.009843
0.009834
0.009825
0.009816
0.009807
0.009798
0.009790
0.009782
0.009774
0.009767
0.009759
0.009752
0.009745
0.009738
0.009731
0.009725
0.009718
0.009712
0.009706
0.009700
0.009698
0.009698
0.009698
0.009698
0.009698
0.009698
0.009698
0.009698
0.009698
0.009698
0.009698
0.009698
0.009698
0.009698
0.009698
0.009698
0.009698
0.009698
0.009698
0.009698
0.009698
0.009698
0.009698
0.009698
0.009698
0.009698
0.009698
0.009698
0.009698
0.009698
0.009698
0.009698
0.009698
0.009698
0.009698
0.009698
0.009698
0.009698
0.009698
0.009698
0.009698
0.009698
0.009698
0.009698
0.009698
0.009698
0.009698
0.009698
0.009698
0.009698
0.009698
0.009698
0.009698
0.009698
0.009698
0.009698
0.009698
0.009698
0.009698
0.009698
0.009698
0.009698
0.009698
0.009698
0.009698
0.009698
0.009698
0.009698
0.009698
0.009698
0.009698
0.009698
0.009698
0.009698
0.009698
0.009698
0.009698
0.009698
0.009698
0.009698
0.009698
0.009698
0.009698
0.009698
0.009698
0.009698
0.009698
0.009698
0.009698
0.009698
0.009698
0.009698
0.009698
0.009698
0.009698
0.009698
0.009698
0.009698
0.009698
0.009698
0.009698
0.009698
0.009698
0.009698
0.009698
0.009698
0.009698
0.009698
0.009698
0.009698
0.009698
0.009698
0.009698
0.009698
0.009698
0.009698
0.009698
0.009698
0.009698
0.009698
0.009698
0.009698
0.009698
0.009698
0.009698
0.009698
0.009698
0.009698
0.009698
0.009698
0.009698
0.009698
0.009698
0.009698
0.009698
0.009698
0.009698
0.009698
0.009698
0.009698
0.009698
0.009698
0.009698
0.009698
0.009698
0.009698
0.009698
0.009698
0.009698
0.009698
0.009698
0.009698
0.009698
0.009698
0.009698
0.009698
0.009698
0.009698
0.009698
0.009698
0.009698
0.009698
0.009698
0.009698
0.009698
0.009698
0.009698
0.009698
0.009698
0.009698
0.009698
0.009698
0.009698
0.009698
0.009698
0.009698
0.009698
0.009698
0.009698
0.009698
0.009698
0.009698
0.009698
0.009698
0.009698
0.009698
0.009698
0.009698
0.009698
0.009698
0.009698
0.009698
0.009698
0.009698
0.009698
0.009698
0.009698
0.009698
0.009698
0.009698
0.009698
0.009698
0.009698
0.009698
0.009698
0.009698
0.009698
0.009698
0.009698
0.009698
0.009698
0.009698
0.009698
0.009698
0.009698
0.009698
0.009698
0.009698
0.009698
0.009698
0.009698
0.009698
0.009698
0.009698
0.009698
0.009698
0.009698
0.009698
0.009698
0.009698
0.009698
0.009698
0.009698
0.009698
0.009698
0.009698
0.009698
0.009698
0.009698
0.009698
0.009698
0.009698
0.009698
0.009698
0.009698
0.009698
0.009698
0.009698
0.009698
0.009698
0.009698
0.009698
0.009698
0.009698
0.009698
0.009698
0.009698
0.009698
0.009698
0.009698
0.009698
0.009698
0.009698
0.009698
0.009698
0.009698
0.009698
0.009698
0.009698
0.009698
0.009698
0.009698
0.009698
0.009698
0.009698
0.009698
0.009698
0.009698
0.009698
0.009698
0.009698
0.009698
0.009698
0.009698
0.009698
0.009698
0.009698
0.009698
0.009698
0.009698
0.009698
0.009698
0.009698
0.009698
0.009698
0.009698
0.009698
0.009698
0.009698
0.009698
0.009698
0.009698
0.009698
0.009698
0.009698
0.009698
0.009698
0.009698
0.009698
0.009698
0.009698
0.009698
0.009698
0.009698
0.009698
0.009698
0.009698
0.009698
0.009698
0.009698
0.009698
0.009698
0.009698
0.009698
0.009698
0.009698
0.009698
0.009698
0.009698
0.009698
0.009698
0.009698
0.009698
0.009698
0.009698
0.009698
0.009698
0.009698
0.009698
0.009698
0.009698
0.009698
0.009698
0.009698
0.009698
0.009698
0.009698
0.009698
0.009698
0.009698
0.009698
0.009698
0.009698
0.009698
0.009698
0.009698
0.009698
0.009698
0.009698
0.009698
0.009698
0.009698
0.009698
0.009698
0.009698
0.009698
0.009698
0.009698
0.009698
0.009698
0.009698
0.009698
0.009698
0.009698
0.009698
0.009698
0.009698
0.009698
0.009698
0.009698
0.009698
0.009698
0.009698
0.009698
0.009698
0.009698
0.009698
0.009698
0.009698
0.009698
0.009698
0.009698
0.009698
0.009698
0.009698
0.009698
0.009698
0.009698
0.009698
0.009698
0.009698
0.009698
0.009698
0.009698
0.009698
0.009698
0.009698
0.009698
0.009698
0.009698
0.009698
0.009698
0.009698
0.009698
0.009698
0.009698
0.009698
0.009698
0.009698
0.009698
0.009698
0.009698
0.009698
0.009698
0.009698
0.009698
0.009698
0.009698
0.009698
0.009698
0.009698
0.009698
0.009698
0.009698
0.009698
0.009698
0.009698
0.009698
0.009698
0.009698
0.009698
0.009698
0.009698
0.009698
0.009698
0.009698
0.009698
0.009698
0.009698
0.009698
0.009698
0.009698
0.009698
0.009698
0.009698
0.009698
0.009698
0.009698
0.009698
0.009698
0.009698
0.009698
0.009698
0.009698
0.009698
0.009698
0.009698
0.009698
0.009698
0.009698
0.009698
0.009698
0.009698
0.009698
0.009698
0.009698
0.009698
0.009698
0.009698
0.009698
0.009698
0.009698
0.009698
0.009698
0.009698
0.009698
0.009698
0.009698
0.009698
0.009698
0.009698
0.009698
0.009698
0.009698
0.009698
0.009698
0.009698
0.009698
0.009698
0.009698
0.009698
0.009698
0.009698
0.009698
0.009698
0.009698
0.009698
0.009698
0.009698
0.009698
0.009698
0.009698
0.009698
0.009698
0.009698
0.009698
0.009698
0.009698
0.009698
0.009698
0.009698
0.009698
0.009698
0.009698
0.009698
0.009698
0.009698
0.009698
0.009698
0.009698
0.009698
0.009698
0.009698
0.009698
0.009698
0.009698
0.009698
0.009698
0.009698
0.009698
0.009698
0.009698
0.009698
0.009698
0.009698
0.009698
0.009698
0.009698
0.009698
0.009698
0.009698
0.009698
0.009698
0.009698
0.009698
0.009698
0.009698
0.009698
0.009698
0.009698
0.009698
0.009698
0.009698
0.009698
0.009698
0.009698
0.009698
0.009698
0.009698
0.009698
0.009698
0.009698
0.009698
0.009698
0.009698
0.009698
0.009698
0.009698
0.009698
0.009698
0.009698
0.009698
0.009698
0.009698
0.009698
0.009698
0.009698
0.009698
0.009698
0.009698
0.009698
0.009698
0.009698
0.009698
0.009698
0.009698
0.009698
0.009698
0.009698
0.009698
0.009698
0.009698
0.009698
0.009698
0.009698
0.009698
0.009698
0.009698
0.009698
0.009698
0.009698
0.009698
0.009698
0.009698
0.009698
0.009698
0.009698
0.009698
0.009698
0.009698
0.009698
0.009698
0.009698
0.009698
0.009698
0.009698
0.009698
0.009698
0.009698
0.009698
0.009698
0.009698
0.009698
0.009698
0.009698
0.009698
0.009698
0.009698
0.009698
0.009698
0.009698
0.009698
0.009698
0.009698
0.009698
0.009698
0.009698
0.009698
0.009698
0.009698
0.009698
0.009698
0.009698
0.009698
0.009698
0.009698
0.009698
0.009698
0.009698
0.009698
0.009698
0.009698
0.009698
0.009698
0.009698
0.009698
0.009698
0.009698
0.009698
0.009698
0.009698
0.009698
0.009698
0.009698
0.009698
0.009698
0.009698
0.009698
0.009698
0.009698
0.009698
0.009698
0.009698
0.009698
0.009698
0.009698
0.009698
0.009698
0.009698
0.009698
0.009698
0.009698
0.009698
0.009698
0.009698
0.009698
0.009698
0.009698
0.009698
0.009698
0.009698
0.009698
5.368448
5.358553
5.348671
5.338802
5.328946
5.319103
5.309272
5.299453
5.289646
5.279850
5.270065
5.260290
5.250527
5.240773
5.231029
5.221294
5.211569
5.201852
5.192144
5.182444
5.172753
5.163069
5.153393
5.143725
5.134064
5.124410
5.114763
5.105122
5.095488
5.085859
5.076237
5.066621
5.057011
5.047406
5.037806
5.028212
5.018622
5.009038
4.999459
4.989883
4.980313
4.970747
4.961185
4.951627
4.942073
4.932523
4.922977
4.913434
4.903895
4.894360
4.884827
4.875298
4.865772
4.856249
4.846729
4.837212
4.827698
4.818187
4.808678
4.799171
4.789667
4.780166
4.770667
4.761170
4.751675
4.742182
4.732692
4.723203
4.713717
4.704232
4.694749
4.685268
4.675789
4.666311
4.656835
4.647360
4.637888
4.628416
4.618947
4.609483
4.600028
4.590580
4.581140
4.571707
4.562281
4.552863
4.543450
4.534044
4.524645
4.515251
4.505864
4.496482
4.487106
4.477735
4.468373
4.459019
4.449669
4.440324
4.430984
4.421648
4.412316
4.402988
4.393664
4.384344
4.375033
4.365727
4.356424
4.347124
4.337828
4.328534
4.319244
4.309956
4.300671
4.291389
4.282110
4.272833
4.263559
4.254287
4.245017
4.235750
4.226488
4.217231
4.207976
4.198724
4.189472
4.180223
4.170975
4.161729
4.152485
4.143242
4.134000
4.124760
4.115522
4.106284
4.097048
4.087814
4.078580
4.069348
4.060117
4.050887
4.041658
4.032430
4.023204
4.013978
4.004753
3.995529
3.986306
3.977085
3.967863
3.958643
3.949424
3.940205
3.930987
3.921770
3.912554
3.903338
3.894123
3.884909
3.875695
3.866482
3.857269
3.848057
3.838846
3.829635
3.820425
3.811216
3.802006
3.792798
3.783589
3.774382
3.765174
3.755968
3.746761
3.737555
3.728349
3.719144
3.709939
3.700735
3.691531
3.682327
3.673126
3.663934
3.654757
3.645593
3.636441
3.627308
3.618194
3.609098
3.600018
3.590957
3.581911
3.572881
3.563867
3.554868
3.545883
3.536912
3.527956
3.519012
3.510087
3.501175
3.492282
3.483406
3.474548
3.465708
3.456884
3.448076
3.439284
3.430507
3.421745
3.413000
3.404273
3.395569
3.386882
3.378215
3.369566
3.360935
3.352321
3.343723
3.335143
3.326578
3.318028
3.309493
3.300973
3.292467
3.283973
3.275494
3.267027
3.258573
3.250130
3.241700
3.233281
3.224872
3.216475
3.208088
3.199711
3.191343
3.182986
3.174637
3.166298
3.157967
3.149645
3.141331
3.133024
3.124726
3.116435
3.108151
3.099874
3.091605
3.083341
3.075085
3.066834
3.058590
3.050351
3.042119
3.033891
3.025670
3.017453
3.009242
3.001035
2.992833
2.984636
2.976444
2.968256
2.960072
2.951892
2.943716
2.935544
2.927376
2.919212
2.911051
2.902893
2.894739
2.886588
2.878441
2.870296
2.862154
2.854016
2.845880
2.837746
2.829616
2.821488
2.813362
2.805239
2.797118
2.789000
2.780883
2.772769
2.764657
2.756547
2.748439
2.740333
2.732228
2.724126
2.716025
2.707926
2.699828
2.691732
2.683638
2.675545
2.667455
2.659375
2.651299
2.643224
2.635151
2.627084
2.619018
2.610952
2.602887
2.594823
2.586760
2.578697
2.570634
2.562572
2.554511
2.546450
2.538390
2.530330
2.522271
2.514212
2.506160
2.498109
2.490057
2.482006
2.473955
2.465904
2.457854
2.449803
2.441753
2.433705
2.425661
2.417618
2.409575
2.401531
2.393488
2.385445
2.377401
2.369358
2.361315
2.353271
2.345228
2.337185
2.329141
2.321098
2.313055
2.305011
2.296968
2.288925
2.280881
2.272838
2.264795
2.256751
2.248708
2.240665
2.232621
2.224578
2.216535
2.208491
2.200448
2.192405
2.184361
2.176318
2.168275
2.160231
2.152188
2.144145
2.136101
2.128058
2.120015
2.111971
2.103928
2.095885
2.087841
2.079798
2.071755
2.063711
2.055668
2.047625
2.039581
2.031538
2.023495
2.015451
2.007408
1.999365
1.991321
1.983278
1.975235
1.967191
1.959148
1.951105
1.943061
1.935018
1.926975
1.918931
1.910888
1.902845
1.894801
1.886758
1.878715
1.870671
1.862629
1.854592
1.846561
1.838538
1.830526
1.822526
1.814538
1.806563
1.798599
1.790646
1.782704
1.774773
1.766851
1.758940
1.751038
1.743146
1.735262
1.727387
1.719522
1.711664
1.703814
1.695975
1.688150
1.680338
1.672540
1.664756
1.656984
1.649224
1.641475
1.633739
1.626014
1.618300
1.610596
1.602903
1.595220
1.587545
1.579882
1.572233
1.564599
1.556981
1.549377
1.541787
1.534210
1.526647
1.519098
1.511566
1.504053
1.496560
1.489083
1.481623
1.474180
1.466753
1.459342
1.451945
1.444564
1.437197
1.429844
1.422504
1.415177
1.407863
1.400561
1.393272
1.385994
1.378727
1.371471
1.364226
1.356991
1.349766
1.342551
1.335345
1.328148
1.320960
1.313781
1.306611
1.299448
1.292293
1.285146
1.278006
1.270874
1.263748
1.256630
1.249517
1.242411
1.235312
1.228219
1.221131
1.214049
1.206972
1.199901
1.192835
1.185774
1.178719
1.171667
1.164620
1.157578
1.150541
1.143507
1.136477
1.129452
1.122430
1.115412
1.108398
1.101387
1.094380
1.087376
1.080375
1.073377
1.066383
1.059391
1.052402
1.045416
1.038432
1.031452
1.024474
1.017498
1.010524
1.003553
0.996585
0.989618
0.982653
0.975697
0.968743
0.961790
0.954846
0.947903
0.940962
0.934022
0.927083
0.920146
0.913210
0.906275
0.899341
0.892409
0.885479
0.878559
0.871650
0.864756
0.857875
0.851007
0.844152
0.837312
0.830488
0.823675
0.816873
0.810082
0.803302
0.796531
0.789770
0.783019
0.776278
0.769545
0.762820
0.756106
0.749404
0.742717
0.736044
0.729391
0.722752
0.716124
0.709510
0.702908
0.696317
0.689738
0.683172
0.676621
0.670082
0.663561
0.657056
0.650565
0.644090
0.637630
0.631187
0.624764
0.618361
0.611978
0.605613
0.599265
0.592937
0.586625
0.580330
0.574059
0.567818
0.561604
0.555417
0.549257
0.543124
0.537014
0.530928
0.524870
0.518846
0.512862
0.506926
0.501038
0.495195
0.489400
0.483656
0.477959
0.472307
0.466699
0.461136
0.455617
0.450143
0.444717
0.439336
0.433998
0.428706
0.423464
0.418268
0.413115
0.408005
0.402940
0.397914
0.392926
0.387978
0.383068
0.378194
0.373353
0.368549
0.363781
0.359054
0.354372
0.349734
0.345137
0.340579
0.336063
0.331584
0.327141
0.322735
0.318364
0.314027
0.309722
0.305451
0.301217
0.297019
0.292855
0.288728
0.284634
0.280572
0.276541
0.272542
0.268574
0.264639
0.260741
0.256875
0.253042
0.249240
0.245470
0.241729
0.238018
0.234342
0.230701
0.227092
0.223525
0.220000
0.216523
0.213087
0.209692
0.206337
0.203019
0.199743
0.196511
0.193321
0.190177
0.187076
0.184023
0.181010
0.178038
0.175106
0.172214
0.169359
0.166540
0.163760
0.161027
0.158334
0.155678
0.153062
0.150482
0.147936
0.145425
0.142948
0.140502
0.138087
0.135704
0.133350
0.131032
0.128757
0.126523
0.124330
0.122179
0.120073
0.118010
0.115992
0.114011
0.112071
0.110166
0.108297
0.106462
0.104662
0.102895
0.101168
0.099476
0.097812
0.096177
0.094569
0.092990
0.091436
0.089906
0.088406
0.086938
0.085503
0.084093
0.082705
0.081339
0.079997
0.078674
0.077371
0.076085
0.074816
0.073565
0.072332
0.071119
0.069922
0.068740
0.067574
0.066427
0.065293
0.064172
0.063064
0.061968
0.060884
0.059812
0.058751
0.057701
0.056661
0.055632
0.054613
0.053603
0.052609
0.051629
0.050659
0.049698
0.048744
0.047798
0.046860
0.045929
0.045005
0.044088
0.043178
0.042274
0.041377
0.040492
0.039625
0.038771
0.037928
0.037096
0.036276
0.035466
0.034666
0.033876
0.033098
0.032338
0.031595
0.030875
0.030175
0.029495
0.028836
0.028196
0.027579
0.026982
0.026403
0.025843
0.025303
0.024783
0.024282
0.023795
0.023322
0.022864
0.022421
0.021995
0.021581
0.021183
0.020800
0.020428
0.020067
0.019718
0.019378
0.019047
0.018727
0.018417
0.018115
0.017825
0.017548
0.017278
0.017016
0.016762
0.016515
0.016276
0.016043
0.015818
0.015599
0.015387
0.015180
0.014980
0.014792
0.014616
0.014445
0.014282
0.014127
0.013977
0.013832
0.013690
0.013553
0.013420
0.013291
0.013166
0.013044
0.012926
0.012811
0.012700
0.012592
0.012487
0.012385
0.012287
0.012191
0.012098
0.012007
0.011920
0.011835
0.011752
0.011672
0.011594
0.011518
0.011445
0.011374
0.011305
0.011238
0.011173
0.011110
0.011048
0.010989
0.010931
0.010875
0.010820
0.010768
0.010716
0.010667
0.010618
0.010571
0.010526
0.010482
0.010439
0.010397
0.010357
0.010318
0.010280
0.010243
0.010207
0.010172
0.010138
0.010105
0.010074
0.010043
0.010013
0.009984
0.009955
0.009928
0.009901
0.009875
0.009852
0.009834
0.009816
0.009800
0.009783
0.009767
0.009752
0.009737
0.009722
0.009708
0.009695
0.009686
0.009684
0.009684
0.009684
0.009684
0.009684
0.009684
0.009684
0.009684
0.009684
0.009684
0.009684
0.009684
0.009684
0.009684
0.009684
0.009684
0.009684
0.009684
0.009684
0.009684
0.009684
0.009684
0.009684
0.009684
0.009684
0.009684
0.009684
0.009684
0.009684
0.009684
0.009684
0.009684
0.009684
0.009684
0.009684
0.009684
0.009684
0.009684
0.009684
0.009684
0.009684
0.009684
0.009684
0.009684
0.009684
0.009684
0.009684
0.009684
0.009684
0.009684
0.009684
0.009684
0.009684
0.009684
0.009684
0.009684
0.009684
0.009684
0.009684
0.009684
0.009684
0.009684
0.009684
0.009684
0.009684
0.009684
0.009684
0.009684
0.009684
0.009684
0.009684
0.009684
0.009684
0.009684
0.009684
0.009684
0.009684
0.009684
0.009684
0.009684
0.009684
0.009684
0.009684
0.009684
0.009684
0.009684
0.009684
0.009684
0.009684
0.009684
0.009684
0.009684
0.009684
0.009684
0.009684
0.009684
0.009684
0.009684
0.009684
0.009684
0.009684
0.009684
0.009684
0.009684
0.009684
0.009684
0.009684
0.009684
0.009684
0.009684
0.009684
0.009684
0.009684
0.009684
0.009684
0.009684
0.009684
0.009684
0.009684
0.009684
0.009684
0.009684
0.009684
0.009684
0.009684
0.009684
0.009684
0.009684
0.009684
0.009684
0.009684
0.009684
0.009684
0.009684
0.009684
0.009684
0.009684
0.009684
0.009684
0.009684
0.009684
0.009684
0.009684
0.009684
0.009684
0.009684
0.009684
0.009684
0.009684
0.009684
0.009684
0.009684
0.009684
0.009684
0.009684
0.009684
0.009684
0.009684
0.009684
0.009684
0.009684
0.009684
0.009684
0.009684
0.009684
0.009684
0.009684
0.009684
0.009684
0.009684
0.009684
0.009684
0.009684
0.009684
0.009684
0.009684
0.009684
0.009684
0.009684
0.009684
0.009684
0.009684
0.009684
0.009684
0.009684
0.009684
0.009684
0.009684
0.009684
0.009684
0.009684
0.009684
0.009684
0.009684
0.009684
0.009684
0.009684
0.009684
0.009684
0.009684
0.009684
0.009684
0.009684
0.009684
0.009684
0.009684
0.009684
0.009684
0.009684
0.009684
0.009684
0.009684
0.009684
0.009684
0.009684
0.009684
0.009684
0.009684
0.009684
0.009684
0.009684
0.009684
0.009684
0.009684
0.009684
0.009684
0.009684
0.009684
0.009684
0.009684
0.009684
0.009684
0.009684
0.009684
0.009684
0.009684
0.009684
0.009684
0.009684
0.009684
0.009684
0.009684
0.009684
0.009684
0.009684
0.009684
0.009684
0.009684
0.009684
0.009684
0.009684
0.009684
0.009684
0.009684
0.009684
0.009684
0.009684
0.009684
0.009684
0.009684
0.009684
0.009684
0.009684
0.009684
0.009684
0.009684
0.009684
0.009684
0.009684
0.009684
0.009684
0.009684
0.009684
0.009684
0.009684
0.009684
0.009684
0.009684
0.009684
0.009684
0.009684
0.009684
0.009684
0.009684
0.009684
0.009684
0.009684
0.009684
0.009684
0.009684
0.009684
0.009684
0.009684
0.009684
0.009684
0.009684
0.009684
0.009684
0.009684
0.009684
0.009684
0.009684
0.009684
0.009684
0.009684
0.009684
0.009684
0.009684
0.009684
0.009684
0.009684
0.009684
0.009684
0.009684
0.009684
0.009684
0.009684
0.009684
0.009684
0.009684
0.009684
0.009684
0.009684
0.009684
0.009684
0.009684
0.009684
0.009684
0.009684
0.009684
0.009684
0.009684
0.009684
0.009684
0.009684
0.009684
0.009684
0.009684
0.009684
0.009684
0.009684
0.009684
0.009684
0.009684
0.009684
0.009684
0.009684
0.009684
0.009684
0.009684
0.009684
0.009684
0.009684
0.009684
0.009684
0.009684
0.009684
0.009684
0.009684
0.009684
0.009684
0.009684
0.009684
0.009684
0.009684
0.009684
0.009684
0.009684
0.009684
0.009684
0.009684
0.009684
0.009684
0.009684
0.009684
0.009684
0.009684
0.009684
0.009684
0.009684
0.009684
0.009684
0.009684
0.009684
0.009684
0.009684
0.009684
0.009684
0.009684
0.009684
0.009684
0.009684
0.009684
0.009684
0.009684
0.009684
0.009684
0.009684
0.009684
0.009684
0.009684
0.009684
0.009684
0.009684
0.009684
0.009684
0.009684
0.009684
0.009684
0.009684
0.009684
0.009684
0.009684
0.009684
0.009684
0.009684
0.009684
0.009684
0.009684
0.009684
0.009684
0.009684
0.009684
0.009684
0.009684
0.009684
0.009684
0.009684
0.009684
0.009684
0.009684
0.009684
0.009684
0.009684
0.009684
0.009684
0.009684
0.009684
0.009684
0.009684
0.009684
0.009684
0.009684
0.009684
0.009684
0.009684
0.009684
0.009684
0.009684
0.009684
0.009684
0.009684
0.009684
0.009684
0.009684
0.009684
0.009684
0.009684
0.009684
0.009684
0.009684
0.009684
0.009684
0.009684
0.009684
0.009684
0.009684
0.009684
0.009684
0.009684
0.009684
0.009684
0.009684
0.009684
0.009684
0.009684
0.009684
0.009684
0.009684
0.009684
0.009684
0.009684
0.009684
0.009684
0.009684
0.009684
0.009684
0.009684
0.009684
0.009684
0.009684
0.009684
0.009684
0.009684
0.009684
0.009684
0.009684
0.009684
0.009684
0.009684
0.009684
0.009684
0.009684
0.009684
0.009684
0.009684
0.009684
0.009684
0.009684
0.009684
0.009684
0.009684
0.009684
0.009684
0.009684
0.009684
0.009684
0.009684
0.009684
0.009684
0.009684
0.009684
0.009684
0.009684
0.009684
0.009684
0.009684
0.009684
0.009684
0.009684
0.009684
0.009684
0.009684
0.009684
0.009684
0.009684
0.009684
0.009684
0.009684
0.009684
0.009684
0.009684
0.009684
0.009684
0.009684
0.009684
0.009684
0.009684
0.009684
0.009684
0.009684
0.009684
0.009684
0.009684
0.009684
0.009684
0.009684
0.009684
0.009684
0.009684
0.009684
0.009684
0.009684
0.009684
0.009684
0.009684
0.009684
0.009684
0.009684
0.009684
0.009684
0.009684
0.009684
0.009684
0.009684
0.009684
0.009684
0.009684
0.009684
0.009684
0.009684
0.009684
0.009684
0.009684
0.009684
0.009684
0.009684
0.009684
0.009684
0.009684
0.009684
0.009684
0.009684
0.009684
0.009684
0.009684
0.009684
0.009684
0.009684
0.009684
0.009684
0.009684
0.009684
0.009684
0.009684
0.009684
0.009684
0.009684
0.009684
0.009684
0.009684
0.009684
0.009684
0.009684
0.009684
0.009684
0.009684
0.009684
0.009684
0.009684
0.009684
0.009684
0.009684
0.009684
0.009684
0.009684
0.009684
0.009684
0.009684
0.009684
0.009684
0.009684
0.009684
0.009684
0.009684
0.009684
0.009684
0.009684
0.009684
0.009684
0.009684
0.009684
0.009684
0.009684
0.009684
0.009684
0.009684
0.009684
0.009684
0.009684
0.009684
0.009684
0.009684
0.009684
0.009684
0.009684
0.009684
0.009684
0.009684
0.009684
0.009684
0.009684
0.009684
0.009684
0.009684
0.009684
0.009684
0.009684
0.009684
0.009684
0.009684
0.009684
0.009684
0.009684
0.009684
0.009684
0.009684
0.009684
0.009684
0.009684
0.009684
0.009684
0.009684
0.009684
0.009684
0.009684
0.009684
0.009684
0.009684
0.009684
0.009684
0.009684
0.009684
0.009684
0.009684
0.009684
0.009684
0.009684
0.009684
0.009684
0.009684
0.009684
0.009684
0.009684
0.009684
0.009684
0.009684
0.009684
0.009684
0.009684
0.009684
0.009684
0.009684
0.009684
0.009684
0.009684
0.009684
0.009684
0.009684
0.009684
0.009684
0.009684
0.009684
0.009684
0.009684
0.009684
0.009684
0.009684
0.009684
0.009684
0.009684
0.009684
0.009684
0.009684
0.009684
0.009684
0.009684
0.009684
0.009684
0.009684
0.009684
0.009684
0.009684
0.009684
0.009684
0.009684
0.009684
0.009684
0.009684
0.009684
0.009684
0.009684
0.009684
0.009684
0.009684
0.009684
0.009684
0.009684
0.009684
0.009684
0.009684
0.009684
0.009684
0.009684
0.009684
0.009684
0.009684
0.009684
0.009684
0.009684
0.009684
0.009684
0.009684
0.009684
0.009684
0.009684
0.009684
0.009684
0.009684
0.009684
0.009684
0.009684
0.009684
0.009684
0.009684
0.009684
0.009684
0.009684
0.009684
0.009684
0.009684
0.009684
0.009684
0.009684
0.009684
0.009684
0.009684
0.009684
0.009684
0.009684
0.009684
0.009684
0.009684
0.009684
0.009684
0.009684
0.009684
0.009684
0.009684
0.009684
0.009684
0.009684
0.009684
0.009684
0.009684
0.009684
0.009684
0.009684
0.009684
0.009684
0.009684
0.009684
0.009684
0.009684
0.009684
0.009684
0.009684
0.009684
0.009684
0.009684
0.009684
0.009684
0.009684
0.009684
0.009684
0.009684
0.009684
0.009684
0.009684
0.009684
0.009684
0.009684
0.009684
0.009684
0.009684
0.009684
0.009684
0.009684
0.009684
0.009684
0.009684
0.009684
0.009684
0.009684
0.009684
0.009684
0.009684
0.009684
0.009684
0.009684
0.009684
0.009684
0.009684
0.009684
0.009684
0.009684
0.009684
0.009684
0.009684
0.009684
0.009684
0.009684
0.009684
0.009684
0.009684
0.009684
0.009684
0.009684
0.009684
0.009684
0.009684
0.009684
0.009684
0.009684
0.009684
0.009684
0.009684
0.009684
0.009684
0.009684
0.009684
0.009684
0.009684
0.009684
0.009684
0.009684
0.009684
0.009684
0.009684
0.009684
0.009684
0.009684
0.009684
0.009684
0.009684
0.009684
0.009684
0.009684
0.009684
0.009684
0.009684
0.009684
0.009684
0.009684
0.009684
0.009684
0.009684
0.009684
0.009684
0.009684
0.009684
0.009684
0.009684
0.009684
0.009684
0.009684
0.009684
0.009684
0.009684
0.009684
0.009684
0.009684
0.009684
0.009684
0.009684
0.009684
0.009684
0.009684
0.009684
0.009684
0.009684
0.009684
0.009684
0.009684
0.009684
0.009684
0.009684
0.009684
0.009684
0.009684
0.009684
0.009684
0.009684
0.009684
0.009684
0.009684
0.009684
0.009684
0.009684
0.009684
0.009684
0.009684
0.009684
0.009684
0.009684
0.009684
0.009684
0.009684
0.009684
0.009684
0.009684
0.009684
0.009684
0.009684
0.009684
0.009684
0.009684
0.009684
0.009684
0.009684
0.009684
0.009684
0.009684
0.009684
0.009684
0.009684
0.009684
0.009684
0.009684
0.009684
0.009684
0.009684
0.009684
0.009684
0.009684
0.009684
0.009684
0.009684
0.009684
0.009684
0.009684
0.009684
0.009684
0.009684
0.009684
0.009684
0.009684
0.009684
0.009684
0.009684
0.009684
0.009684
0.009684
0.009684
0.009684
0.009684
0.009684
0.009684
0.009684
0.009684
0.009684
0.009684
0.009684
0.009684
0.009684
0.009684
0.009684
0.009684
0.009684
0.009684
0.009684
0.009684
0.009684
0.009684
0.009684
0.009684
0.009684
0.009684
0.009684
0.009684
0.009684
0.009684
0.009684
0.009684
0.009684
0.009684
0.009684
0.009684
0.009684
0.009684
0.009684
0.009684
0.009684
0.009684
0.009684
0.009684
0.009684
0.009684
0.009684
0.009684
0.009684
0.009684
0.009684
0.009684
0.009684
0.009684
0.009684
0.009684
0.009684
0.009684
0.009684
0.009684
0.009684
0.009684
0.009684
0.009684
0.009684
0.009684
0.009684
0.009684
0.009684
0.009684
0.009684
0.009684
0.009684
0.009684
0.009684
0.009684
0.009684
0.009684
0.009684
0.009684
0.009684
0.009684
0.009684
0.009684
0.009684
0.009684
0.009684
0.009684
0.009684
0.009684
0.009684
0.009684
0.009684
0.009684
0.009684
0.009684
0.009684
0.009684
0.009684
0.009684
0.009684
0.009684
0.009684
0.009684
0.009684
0.009684
0.009684
0.009684
0.009684
0.009684
0.009684
0.009684
0.009684
0.009684
0.009684
0.009684
0.009684
0.009684
0.009684
0.009684
0.009684
0.009684
0.009684
0.009684
0.009684
0.009684
0.009684
0.009684
0.009684
0.009684
0.009684
0.009684
0.009684
0.009684
0.009684
0.009684
0.009684
0.009684
0.009684
0.009684
0.009684
0.009684
0.009684
0.009684
0.009684
0.009684
0.009684
0.009684
0.009684
0.009684
0.009684
0.009684
0.009684
0.009684
0.009684
0.009684
0.009684
0.009684
0.009684
0.009684
0.009684
0.009684
0.009684
0.009684
0.009684
0.009684
0.009684
0.009684
0.009684
0.009684
0.009684
0.009684
0.009684
0.009684
0.009684
0.009684
0.009684
0.009684
0.009684
0.009684
0.009684
0.009684
0.009684
0.009684
0.009684
0.009684
0.009684
0.009684
0.009684
0.009684
0.009684
0.009684
0.009684
0.009684
0.009684
0.009684
0.009684
0.009684
0.009684
0.009684
0.009684
0.009684
0.009684
0.009684
0.009684
0.009684
0.009684
0.009684
0.009684
0.009684
0.009684
0.009684
0.009684
0.009684
0.009684
0.009684
0.009684
0.009684
0.009684
0.009684
0.009684
0.009684
0.009684
0.009684
0.009684
0.009684
0.009684
0.009684
0.009684
0.009684
0.009684
0.009684
0.009684
0.009684
0.009684
0.009684
0.009684
0.009684
0.009684
0.009684
0.009684
0.009684
0.009684
0.009684
0.009684
0.009684
0.009684
0.009684
0.009684
0.009684
0.009684
0.009684
0.009684
0.009684
0.009684
0.009684
0.009684
0.009684
0.009684
0.009684
0.009684
0.009684
0.009684
0.009684
0.009684
0.009684
0.009684
0.009684
0.009684
0.009684
0.009684
0.009684
0.009684
0.009684
0.009684
0.009684
0.009684
0.009684
0.009684
0.009684
0.009684
0.009684
0.009684
0.009684
0.009684
0.009684
0.009684
0.009684
0.009684
0.009684
0.009684
0.009684
0.009684
0.009684
0.009684
0.009684
0.009684
0.009684
0.009684
0.009684
0.009684
0.009684
0.009684
0.009684
0.009684
0.009684
0.009684
0.009684
0.009684
0.009684
0.009684
0.009684
0.009684
0.009684
0.009684
0.009684
0.009684
0.009684
0.009684
0.009684
0.009684
0.009684
0.009684
0.009684
0.009684
0.009684
0.009684
0.009684
0.009684
0.009684
0.009684
0.009684
0.009684
0.009684
0.009684
0.009684
0.009684
0.009684
0.009684
0.009684
0.009684
0.009684
0.009684
0.009684
0.009684
0.009684
0.009684
0.009684
0.009684
0.009684
0.009684
0.009684
0.009684
0.009684
0.009684
0.009684
0.009684
0.009684
0.009684
0.009684
0.009684
0.009684
0.009684
0.009684
0.009684
0.009684
0.009684
0.009684
0.009684
0.009684
0.009684
0.009684
0.009684
0.009684
0.009684
0.009684
0.009684
0.009684
0.009684
0.009684
0.009684
0.009684
0.009684
0.009684
0.009684
0.009684
0.009684
0.009684
0.009684
0.009684
0.009684
0.009684
0.009684
0.009684
0.009684
0.009684
0.009684
0.009684
0.009684
0.009684
0.009684
0.009684
0.009684
0.009684
0.009684
0.009684
0.009684
0.009684
0.009684
0.009684
0.009684
0.009684
0.009684
0.009684
0.009684
0.009684
0.009684
0.009684
0.009684
0.009684
0.009684
0.009684
0.009684
0.009684
0.009684
0.009684
0.009684
0.009684
0.009684
0.009684
0.009684
0.009684
0.009684
0.009684
0.009684
0.009684
0.009684
0.009684
0.009684
0.009684
0.009684
0.009684
0.009684
0.009684
0.009684
0.009684
0.009684
0.009684
0.009684
0.009684
0.009684
0.009684
0.009684
0.009684
0.009684
0.009684
0.009684
0.009684
0.009684
0.009684
0.009684
0.009684
0.009684
0.009684
0.009684
0.009684
0.009684
0.009684
0.009684
0.009684
0.009684
0.009684
0.009684
0.009684
0.009684
0.009684
0.009684
0.009684
0.009684
0.009684
0.009684
0.009684
0.009684
0.009684
0.009684
0.009684
0.009684
0.009684
0.009684
0.009684
0.009684
0.009684
0.009684
0.009684
0.009684
0.009684
0.009684
0.009684
0.009684
0.009684
0.009684
0.009684
0.009684
0.009684
0.009684
0.009684
0.009684
0.009684
0.009684
0.009684
0.009684
0.009684
0.009684
0.009684
0.009684
0.009684
0.009684
0.009684
0.009684
0.009684
0.009684
0.009684
0.009684
0.009684
0.009684
0.009684
0.009684
0.009684
0.009684
0.009684
0.009684
0.009684
0.009684
0.009684
0.009684
0.009684
0.009684
0.009684
0.009684
0.009684
0.009684
0.009684
0.009684
0.009684
0.009684
0.009684
0.009684
0.009684
0.009684
0.009684
0.009684
0.009684
0.009684
0.009684
0.009684
0.009684
0.009684
0.009684
0.009684
0.009684
0.009684
0.009684
0.009684
0.009684
0.009684
0.009684
0.009684
0.009684
0.009684
0.009684
0.009684
0.009684
0.009684
0.009684
0.009684
0.009684
0.009684
0.009684
0.009684
0.009684
0.009684
0.009684
0.009684
0.009684
0.009684
0.009684
0.009684
0.009684
0.009684
0.009684
0.009684
0.009684
0.009684
0.009684
0.009684
0.009684
0.009684
0.009684
0.009684
0.009684
0.009684
0.009684
0.009684
0.009684
0.009684
0.009684
0.009684
0.009684
0.009684
0.009684
0.009684
0.009684
0.009684
0.009684
0.009684
0.009684
0.009684
0.009684
0.009684
0.009684
0.009684
0.009684
0.009684
0.009684
0.009684
0.009684
0.009684
0.009684
0.009684
0.009684
0.009684
0.009684
0.009684
0.009684
0.009684
0.009684
0.009684
0.009684
0.009684
0.009684
0.009684
0.009684
0.009684
0.009684
0.009684
0.009684
0.009684
0.009684
0.009684
0.009684
0.009684
0.009684
0.009684
0.009684
0.009684
0.009684
0.009684
0.009684
0.009684
0.009684
0.009684
0.009684
0.009684
0.009684
0.009684
0.009684
0.009684
0.009684
0.009684
0.009684
0.009684
0.009684
0.009684
0.009684
0.009684
0.009684
0.009684
0.009684
0.009684
0.009684
0.009684
0.009684
0.009684
0.009684
0.009684
0.009684
0.009684
0.009684
0.009684
0.009684
0.009684
0.009684
0.009684
0.009684
0.009684
0.009684
0.009684
0.009684
0.009684
0.009684
0.009684
0.009684
0.009684
0.009684
0.009684
0.009684
0.009684
0.009684
0.009684
0.009684
0.009684
0.009684
0.009684
0.009684
0.009684
0.009684
0.009684
0.009684
0.009684
0.009684
0.009684
0.009684
0.009684
0.009684
0.009684
0.009684
0.009684
0.009684
0.009684
0.009684
0.009684
0.009684
0.009684
0.009684
0.009684
0.009684
0.009684
0.009684
0.009684
0.009684
0.009684
0.009684
0.009684
0.009684
0.009684
0.009684
0.009684
0.009684
0.009684
0.009684
0.009684
0.009684
0.009684
0.009684
0.009684
0.009684
0.009684
0.009684
0.009684
0.009684
0.009684
0.009684
0.009684
0.009684
0.009684
0.009684
0.009684
0.009684
0.009684
0.009684
0.009684
0.009684
0.009684
0.009684
0.009684
0.009684
0.009684
0.009684
0.009684
0.009684
0.009684
0.009684
0.009684
0.009684
0.009684
0.009684
0.009684
0.009684
0.009684
0.009684
0.009684
0.009684
0.009684
0.009684
0.009684
0.009684
0.009684
0.009684
0.009684
0.009684
0.009684
0.009684
0.009684
0.009684
0.009684
0.009684
0.009684
0.009684
0.009684
0.009684
0.009684
0.009684
0.009684
0.009684
0.009684
0.009684
0.009684
0.009684
0.009684
0.009684
0.009684
0.009684
0.009684
0.009684
0.009684
0.009684
0.009684
0.009684
0.009684
0.009684
0.009684
0.009684
0.009684
0.009684
0.009684
0.009684
0.009684
0.009684
0.009684
0.009684
0.009684
0.009684
0.009684
0.009684
0.009684
0.009684
0.009684
0.009684
0.009684
0.009684
0.009684
0.009684
0.009684
0.009684
0.009684
0.009684
0.009684
0.009684
0.009684
0.009684
0.009684
0.009684
0.009684
0.009684
0.009684
0.009684
0.009684
0.009684
0.009684
0.009684
0.009684
0.009684
0.009684
0.009684
0.009684
0.009684
0.009684
0.009684
0.009684
0.009684
0.009684
0.009684
0.009684
0.009684
0.009684
0.009684
0.009684
0.009684
0.009684
0.009684
0.009684
0.009684
0.009684
0.009684
0.009684
0.009684
0.009684
0.009684
0.009684
0.009684
0.009684
0.009684
0.009684
0.009684
0.009684
0.009684
0.009684
0.009684
0.009684
5.405572
5.391412
5.377258
5.363109
5.348966
5.334827
5.320693
5.306564
5.292439
5.278318
5.264202
5.250089
5.235980
5.221874
5.207772
5.193673
5.179577
5.165484
5.151393
5.137306
5.123221
5.109139
5.095059
5.080981
5.066905
5.052832
5.038761
5.024691
5.010623
4.996558
4.982493
4.968431
4.954370
4.940310
4.926252
4.912195
4.898140
4.884085
4.870032
4.855980
4.841929
4.827880
4.813831
4.799783
4.785738
4.771711
4.757702
4.743712
4.729738
4.715776
4.701826
4.687886
4.673957
4.660038
4.646129
4.632228
4.618337
4.604454
4.590579
4.576712
4.562852
4.549000
4.535154
4.521314
4.507481
4.493654
4.479833
4.466017
4.452206
4.438401
4.424600
4.410803
4.397012
4.383224
4.369441
4.355661
4.341885
4.328112
4.314343
4.300578
4.286815
4.273055
4.259299
4.245544
4.231793
4.218044
4.204298
4.190553
4.176811
4.163071
4.149334
4.135598
4.121864
4.108131
4.094401
4.080672
4.066944
4.053218
4.039494
4.025771
4.012049
3.998328
3.984609
3.970891
3.957174
3.943458
3.929743
3.916029
3.902315
3.888603
3.874892
3.861181
3.847471
3.833762
3.820054
3.806346
3.792639
3.778933
3.765227
3.751522
3.737817
3.724113
3.710410
3.696707
3.683004
3.669302
3.655602
3.641910
3.628218
3.614526
3.600833
3.587141
3.573449
3.559757
3.546065
3.532372
3.518680
3.504988
3.491296
3.477604
3.463912
3.450219
3.436527
3.422835
3.409143
3.395451
3.381759
3.368066
3.354374
3.340682
3.326990
3.313298
3.299605
3.285913
3.272221
3.258529
3.244837
3.231145
3.217452
3.203760
3.190068
3.176376
3.162684
3.148992
3.135299
3.121607
3.107915
3.094223
3.080531
3.066838
3.053146
3.039454
3.025762
3.012070
2.998378
2.984685
2.970993
2.957301
2.943609
2.929917
2.916224
2.902532
2.888840
2.875148
2.861456
2.847764
2.834071
2.820379
2.806687
2.792995
2.779303
2.765611
2.751918
2.738226
2.724534
2.710842
2.697150
2.683457
2.669765
2.656073
2.642381
2.628689
2.614997
2.601304
2.587612
2.573920
2.560228
2.546536
2.532844
2.519151
2.505459
2.491767
2.478075
2.464383
2.450690
2.437001
2.423325
2.409663
2.396013
2.382375
2.368750
2.355136
2.341532
2.327939
2.314356
2.300783
2.287218
2.273663
2.260115
2.246576
2.233044
2.219520
2.206003
2.192492
2.178988
2.165490
2.151998
2.138512
2.125031
2.111556
2.098085
2.084619
2.071160
2.057718
2.044293
2.030885
2.017494
2.004130
1.990794
1.977486
1.964203
1.950946
1.937726
1.924557
1.911436
1.898362
1.885332
1.872345
1.859399
1.846492
1.833622
1.820790
1.808010
1.795303
1.782667
1.770100
1.757598
1.745159
1.732780
1.720459
1.708193
1.695980
1.683818
1.671714
1.659671
1.647685
1.635755
1.623877
1.612050
1.600270
1.588538
1.576849
1.565203
1.553599
1.542044
1.530540
1.519085
1.507688
1.496350
1.485068
1.473839
1.462661
1.451533
1.440452
1.429416
1.418422
1.407471
1.396561
1.385697
1.374867
1.364072
1.353309
1.342584
1.331901
1.321262
1.310662
1.300101
1.289577
1.279090
1.268635
1.258224
1.247856
1.237532
1.227248
1.217005
1.206799
1.196630
1.186495
1.176394
1.166323
1.156285
1.146274
1.136299
1.126362
1.116472
1.106621
1.096809
1.087048
1.077352
1.067722
1.058163
1.048667
1.039236
1.029863
1.020568
1.011326
1.002137
0.992997
0.983905
0.974864
0.965881
0.956952
0.948077
0.939252
0.930494
0.921790
0.913131
0.904513
0.895935
0.887394
0.878890
0.870421
0.861986
0.853582
0.845212
0.836877
0.828570
0.820290
0.812035
0.803805
0.795598
0.787413
0.779249
0.771106
0.762983
0.754879
0.746801
0.738741
0.730706
0.722708
0.714737
0.706793
0.698875
0.690994
0.683150
0.675341
0.667565
0.659822
0.652111
0.644459
0.636876
0.629360
0.621909
0.614529
0.607230
0.600016
0.592880
0.585820
0.578833
0.571916
0.565076
0.558315
0.551636
0.545028
0.538488
0.532013
0.525599
0.519246
0.512949
0.506707
0.500517
0.494377
0.488285
0.482239
0.476244
0.470293
0.464382
0.458509
0.452676
0.446893
0.441143
0.435430
0.429754
0.424121
0.418543
0.413033
0.407585
0.402200
0.396872
0.391601
0.386382
0.381222
0.376113
0.371052
0.366046
0.361099
0.356203
0.351362
0.346567
0.341823
0.337132
0.332500
0.327921
0.323396
0.318920
0.314494
0.310112
0.305776
0.301480
0.297239
0.293061
0.288950
0.284897
0.280905
0.276967
0.273084
0.269252
0.265469
0.261733
0.258043
0.254403
0.250806
0.247248
0.243728
0.240247
0.236807
0.233398
0.230022
0.226674
0.223356
0.220067
0.216830
0.213617
0.210427
0.207260
0.204122
0.201008
0.197918
0.194846
0.191791
0.188752
0.185731
0.182732
0.179747
0.176775
0.173816
0.170869
0.167933
0.165009
0.162095
0.159192
0.156299
0.153415
0.150540
0.147673
0.144815
0.141965
0.139122
0.136287
0.133458
0.130636
0.127821
0.125016
0.122230
0.119468
0.116729
0.114024
0.111336
0.108662
0.106003
0.103358
0.100725
0.098106
0.095498
0.092901
0.090319
0.087753
0.085197
0.082650
0.080112
0.077590
0.075103
0.072680
0.070315
0.068013
0.065777
0.063609
0.061503
0.059460
0.057473
0.055544
0.053682
0.051875
0.050116
0.048404
0.046735
0.045117
0.043553
0.042045
0.040598
0.039214
0.037886
0.036617
0.035400
0.034236
0.033120
0.032053
0.031029
0.030051
0.029112
0.028215
0.027354
0.026531
0.025741
0.024987
0.024263
0.023571
0.022907
0.022272
0.021664
0.021082
0.020524
0.019990
0.019478
0.018988
0.018519
0.018070
0.017640
0.017228
0.016834
0.016456
0.016094
0.015748
0.015416
0.015099
0.014794
0.014503
0.014224
0.013957
0.013701
0.013456
0.013222
0.012997
0.012782
0.012582
0.012394
0.012214
0.012041
0.011876
0.011718
0.011566
0.011421
0.011282
0.011149
0.011021
0.010899
0.010783
0.010671
0.010563
0.010461
0.010363
0.010269
0.010189
0.010128
0.010079
0.010034
0.009998
0.009966
0.009936
0.009907
0.009879
0.009852
0.009826
0.009802
0.009778
0.009756
0.009734
0.009715
0.009704
0.009694
0.009688
0.009688
0.009688
0.009688
0.009688
0.009688
0.009688
0.009688
0.009688
0.009688
0.009688
0.009688
0.009688
0.009688
0.009688
0.009688
0.009688
0.009688
0.009688
0.009688
0.009688
0.009688
0.009688
0.009688
0.009688
0.009688
0.009688
0.009688
0.009688
0.009688
0.009688
0.009688
0.009688
0.009688
0.009688
0.009688
0.009688
0.009688
0.009688
0.009688
0.009688
0.009688
0.009688
0.009688
0.009688
0.009688
0.009688
0.009688
0.009688
0.009688
0.009688
0.009688
0.009688
0.009688
0.009688
0.009688
0.009688
0.009688
0.009688
0.009688
0.009688
0.009688
0.009688
0.009688
0.009688
0.009688
0.009688
0.009688
0.009688
0.009688
0.009688
0.009688
0.009688
0.009688
0.009688
0.009688
0.009688
0.009688
0.009688
0.009688
0.009688
0.009688
0.009688
0.009688
0.009688
0.009688
0.009688
0.009688
0.009688
0.009688
0.009688
0.009688
0.009688
0.009688
0.009688
0.009688
0.009688
0.009688
0.009688
0.009688
0.009688
0.009688
0.009688
0.009688
0.009688
0.009688
0.009688
0.009688
0.009688
0.009688
0.009688
0.009688
0.009688
0.009688
0.009688
0.009688
0.009688
0.009688
0.009688
0.009688
0.009688
0.009688
0.009688
0.009688
0.009688
0.009688
0.009688
0.009688
0.009688
0.009688
0.009688
0.009688
0.009688
0.009688
0.009688
0.009688
0.009688
0.009688
0.009688
0.009688
0.009688
0.009688
0.009688
0.009688
0.009688
0.009688
0.009688
0.009688
0.009688
0.009688
0.009688
0.009688
0.009688
0.009688
0.009688
0.009688
0.009688
0.009688
0.009688
0.009688
0.009688
0.009688
0.009688
0.009688
0.009688
0.009688
0.009688
0.009688
0.009688
0.009688
0.009688
0.009688
0.009688
0.009688
0.009688
0.009688
0.009688
0.009688
0.009688
0.009688
0.009688
0.009688
0.009688
0.009688
0.009688
0.009688
0.009688
0.009688
0.009688
0.009688
0.009688
0.009688
0.009688
0.009688
0.009688
0.009688
0.009688
0.009688
0.009688
0.009688
0.009688
0.009688
0.009688
0.009688
0.009688
0.009688
0.009688
0.009688
0.009688
0.009688
0.009688
0.009688
0.009688
0.009688
0.009688
0.009688
0.009688
0.009688
0.009688
0.009688
0.009688
0.009688
0.009688
0.009688
0.009688
0.009688
0.009688
0.009688
0.009688
0.009688
0.009688
0.009688
0.009688
0.009688
0.009688
0.009688
0.009688
0.009688
0.009688
0.009688
0.009688
0.009688
0.009688
0.009688
0.009688
0.009688
0.009688
0.009688
0.009688
0.009688
0.009688
0.009688
0.009688
0.009688
0.009688
0.009688
0.009688
0.009688
0.009688
0.009688
0.009688
0.009688
0.009688
0.009688
0.009688
0.009688
0.009688
0.009688
0.009688
0.009688
0.009688
0.009688
0.009688
0.009688
0.009688
0.009688
0.009688
0.009688
0.009688
0.009688
0.009688
0.009688
0.009688
0.009688
0.009688
0.009688
0.009688
0.009688
0.009688
0.009688
0.009688
0.009688
0.009688
0.009688
0.009688
0.009688
0.009688
0.009688
0.009688
0.009688
0.009688
0.009688
0.009688
0.009688
0.009688
0.009688
0.009688
0.009688
0.009688
0.009688
0.009688
0.009688
0.009688
0.009688
0.009688
0.009688
0.009688
0.009688
0.009688
0.009688
0.009688
0.009688
0.009688
0.009688
0.009688
0.009688
0.009688
0.009688
0.009688
0.009688
0.009688
0.009688
0.009688
0.009688
0.009688
0.009688
0.009688
0.009688
0.009688
0.009688
0.009688
0.009688
0.009688
0.009688
0.009688
0.009688
0.009688
0.009688
0.009688
0.009688
0.009688
0.009688
0.009688
0.009688
0.009688
0.009688
0.009688
0.009688
0.009688
0.009688
0.009688
0.009688
0.009688
0.009688
0.009688
0.009688
0.009688
0.009688
0.009688
0.009688
0.009688
0.009688
0.009688
0.009688
0.009688
0.009688
0.009688
0.009688
0.009688
0.009688
0.009688
0.009688
0.009688
0.009688
0.009688
0.009688
0.009688
0.009688
0.009688
0.009688
0.009688
0.009688
0.009688
0.009688
0.009688
0.009688
0.009688
0.009688
0.009688
0.009688
0.009688
0.009688
0.009688
0.009688
0.009688
0.009688
0.009688
0.009688
0.009688
0.009688
0.009688
0.009688
0.009688
0.009688
0.009688
0.009688
0.009688
0.009688
0.009688
0.009688
0.009688
0.009688
0.009688
0.009688
0.009688
0.009688
0.009688
0.009688
0.009688
0.009688
0.009688
0.009688
0.009688
0.009688
0.009688
0.009688
0.009688
0.009688
0.009688
0.009688
0.009688
0.009688
0.009688
0.009688
0.009688
0.009688
0.009688
0.009688
0.009688
0.009688
0.009688
0.009688
0.009688
0.009688
0.009688
0.009688
0.009688
0.009688
0.009688
0.009688
0.009688
0.009688
0.009688
0.009688
0.009688
0.009688
0.009688
0.009688
0.009688
0.009688
0.009688
0.009688
0.009688
0.009688
0.009688
0.009688
0.009688
0.009688
0.009688
0.009688
0.009688
0.009688
0.009688
0.009688
0.009688
0.009688
0.009688
0.009688
0.009688
0.009688
0.009688
0.009688
0.009688
0.009688
0.009688
0.009688
0.009688
0.009688
0.009688
0.009688
0.009688
0.009688
0.009688
0.009688
0.009688
0.009688
0.009688
0.009688
0.009688
0.009688
0.009688
0.009688
0.009688
0.009688
0.009688
0.009688
0.009688
0.009688
0.009688
0.009688
0.009688
0.009688
0.009688
0.009688
0.009688
0.009688
0.009688
0.009688
0.009688
0.009688
0.009688
0.009688
0.009688
0.009688
0.009688
0.009688
0.009688
0.009688
0.009688
0.009688
0.009688
0.009688
0.009688
0.009688
0.009688
0.009688
0.009688
0.009688
0.009688
0.009688
0.009688
0.009688
0.009688
0.009688
0.009688
0.009688
0.009688
0.009688
0.009688
0.009688
0.009688
0.009688
0.009688
0.009688
0.009688
0.009688
0.009688
0.009688
0.009688
0.009688
0.009688
0.009688
0.009688
0.009688
0.009688
0.009688
0.009688
0.009688
0.009688
0.009688
0.009688
0.009688
0.009688
0.009688
0.009688
0.009688
0.009688
0.009688
0.009688
0.009688
0.009688
0.009688
0.009688
0.009688
0.009688
0.009688
0.009688
0.009688
0.009688
0.009688
0.009688
0.009688
0.009688
0.009688
0.009688
0.009688
0.009688
0.009688
0.009688
0.009688
0.009688
0.009688
0.009688
0.009688
0.009688
0.009688
0.009688
0.009688
0.009688
0.009688
0.009688
0.009688
0.009688
0.009688
0.009688
0.009688
0.009688
0.009688
0.009688
0.009688
0.009688
0.009688
0.009688
0.009688
0.009688
0.009688
0.009688
0.009688
0.009688
0.009688
0.009688
0.009688
0.009688
0.009688
0.009688
0.009688
0.009688
0.009688
0.009688
0.009688
0.009688
0.009688
0.009688
0.009688
0.009688
0.009688
0.009688
0.009688
0.009688
0.009688
0.009688
0.009688
0.009688
0.009688
0.009688
0.009688
0.009688
0.009688
0.009688
0.009688
0.009688
0.009688
0.009688
0.009688
0.009688
0.009688
0.009688
0.009688
0.009688
0.009688
0.009688
0.009688
0.009688
0.009688
0.009688
0.009688
0.009688
0.009688
0.009688
0.009688
0.009688
0.009688
0.009688
0.009688
0.009688
0.009688
0.009688
0.009688
0.009688
0.009688
0.009688
0.009688
0.009688
0.009688
0.009688
0.009688
0.009688
0.009688
0.009688
0.009688
0.009688
0.009688
0.009688
0.009688
0.009688
0.009688
0.009688
0.009688
0.009688
0.009688
0.009688
0.009688
0.009688
0.009688
0.009688
0.009688
0.009688
0.009688
0.009688
0.009688
0.009688
0.009688
0.009688
0.009688
0.009688
0.009688
0.009688
0.009688
0.009688
0.009688
0.009688
0.009688
0.009688
0.009688
0.009688
0.009688
0.009688
0.009688
0.009688
0.009688
0.009688
0.009688
0.009688
0.009688
0.009688
0.009688
0.009688
0.009688
0.009688
0.009688
0.009688
0.009688
0.009688
0.009688
0.009688
0.009688
0.009688
0.009688
0.009688
0.009688
0.009688
0.009688
0.009688
0.009688
0.009688
0.009688
0.009688
0.009688
0.009688
0.009688
0.009688
0.009688
0.009688
0.009688
0.009688
0.009688
0.009688
0.009688
0.009688
0.009688
0.009688
0.009688
0.009688
0.009688
0.009688
0.009688
0.009688
0.009688
0.009688
0.009688
0.009688
0.009688
0.009688
0.009688
0.009688
0.009688
0.009688
0.009688
0.009688
0.009688
0.009688
0.009688
0.009688
0.009688
0.009688
0.009688
0.009688
0.009688
0.009688
0.009688
0.009688
0.009688
0.009688
0.009688
0.009688
0.009688
0.009688
0.009688
0.009688
0.009688
0.009688
0.009688
0.009688
0.009688
0.009688
0.009688
0.009688
0.009688
0.009688
0.009688
0.009688
0.009688
0.009688
0.009688
0.009688
0.009688
0.009688
0.009688
0.009688
0.009688
0.009688
0.009688
0.009688
0.009688
0.009688
0.009688
0.009688
0.009688
0.009688
0.009688
0.009688
0.009688
0.009688
0.009688
0.009688
0.009688
0.009688
0.009688
0.009688
0.009688
0.009688
0.009688
0.009688
0.009688
0.009688
0.009688
0.009688
0.009688
0.009688
0.009688
0.009688
0.009688
0.009688
0.009688
0.009688
0.009688
0.009688
0.009688
0.009688
0.009688
