0.489680
0.489680
0.489680
0.489680
0.489680
0.489680
0.489680
0.489680
0.489680
0.489680
0.489680
0.489680
0.489680
0.489680
0.489680
0.489680
0.489680
0.489680
0.489680
0.489680
0.489680
0.489680
0.489680
0.488906
0.487251
0.484419
0.480669
0.476535
0.472331
0.468024
0.464217
0.460567
0.457261
0.453838
0.450488
0.446823
0.443127
0.439283
0.435301
0.431415
0.427649
0.423765
0.420121
0.416431
0.412848
0.409007
0.405346
0.401712
0.397877
0.394379
0.390770
0.387012
0.383350
0.379779
0.376234
0.372692
0.369078
0.365509
0.362064
0.358299
0.354971
0.351379
0.347860
0.344492
0.341045
0.337552
0.334139
0.330865
0.327375
0.323956
0.320489
0.317206
0.313911
0.310653
0.307537
0.304106
0.300924
0.297693
0.294475
0.291479
0.288180
0.285122
0.281977
0.278987
0.275882
0.272986
0.269807
0.266837
0.263907
0.260858
0.257932
0.255014
0.252131
0.249273
0.246385
0.243587
0.240702
0.238081
0.235244
0.232485
0.229694
0.226963
0.224334
0.221593
0.218914
0.216188
0.213618
0.210991
0.208451
0.205815
0.203224
0.200650
0.198231
0.195691
0.193273
0.190832
0.188370
0.185981
0.183560
0.181136
0.178865
0.176540
0.174202
0.171972
0.169745
0.167521
0.165220
0.163255
0.161017
0.158976
0.156877
0.154865
0.152714
0.150767
0.148757
0.146883
0.144949
0.143138
0.141188
0.139369
0.137498
0.135708
0.133909
0.132230
0.130398
0.128658
0.127007
0.125383
0.123673
0.122238
0.120452
0.118997
0.117419
0.115766
0.114299
0.112821
0.111346
0.109973
0.108461
0.106985
0.105633
0.104195
0.102899
0.101570
0.100207
0.098831
0.097661
0.096520
0.095117
0.093788
0.092657
0.091424
0.090230
0.089026
0.087835
0.086678
0.085505
0.084515
0.083354
0.082276
0.081184
0.080100
0.079086
0.078096
0.077005
0.076074
0.074927
0.074003
0.072991
0.072072
0.071232
0.070293
0.069390
0.068340
0.067510
0.066728
0.065724
0.064890
0.063984
0.063152
0.062427
0.061481
0.060791
0.059953
0.059123
0.058418
0.057575
0.056833
0.056150
0.055396
0.054685
0.053976
0.053147
0.052579
0.051962
0.051157
0.050593
0.049873
0.049210
0.048685
0.047962
0.047332
0.046633
0.046162
0.045479
0.044976
0.044387
0.043782
0.043301
0.042652
0.042050
0.041485
0.041030
0.040459
0.040030
0.039451
0.039006
0.038439
0.037990
0.037471
0.036935
0.036651
0.036005
0.035638
0.035083
0.034798
0.034232
0.033786
0.033527
0.032930
0.032494
0.032214
0.031707
0.031356
0.030910
0.030567
0.030260
0.029687
0.029466
0.029045
0.028622
0.028352
0.027966
0.027605
0.027244
0.026908
0.026633
0.026204
0.025980
0.025721
0.025319
0.024968
0.024668
0.024310
0.024000
0.023786
0.023425
0.023230
0.022725
0.022565
0.022365
0.022132
0.021775
0.021445
0.021315
0.021031
0.020693
0.020512
0.020241
0.019913
0.019644
0.019467
0.019214
0.018958
0.018664
0.018549
0.018264
0.018081
0.017988
0.017716
0.017427
0.017190
0.017033
0.016803
0.016704
0.016511
0.016256
0.016130
0.015810
0.015684
0.015669
0.015436
0.015283
0.015133
0.015001
0.014784
0.014571
0.014481
0.014316
0.014245
0.014097
0.013920
0.013803
0.013680
0.013534
0.013346
0.013239
0.013195
0.012942
0.012829
0.012719
0.012606
0.012539
0.012436
0.012361
0.012207
0.012098
0.011980
0.011903
0.011765
0.011665
0.011629
0.011559
0.011402
0.011358
0.011292
0.011216
0.011185
0.011065
0.011065
0.010947
0.010880
0.010835
0.010764
0.010714
0.010674
0.010614
0.010578
0.010466
0.010295
0.010264
0.010264
0.010227
0.010188
0.010111
0.010064
0.009977
0.009908
0.009872
0.009833
0.009794
0.009757
0.009739
0.009689
0.009627
0.009526
0.009482
0.009456
0.009448
0.009448
0.009410
0.009410
0.009331
0.009265
0.009265
0.009265
0.009240
0.009222
0.009222
0.009182
0.009143
0.009143
0.009111
0.009080
0.009080
0.009080
0.009111
0.009072
0.009072
0.009041
0.009041
0.009041
0.009041
0.009041
0.009041
0.009041
0.009041
0.009041
0.009041
0.009041
0.009041
0.009041
0.009041
0.009041
0.009041
0.009041
0.009041
0.009041
0.009041
0.009041
0.009041
0.009041
0.009041
0.009041
0.009041
0.009041
0.009041
0.009041
0.009041
0.009041
0.009041
0.009041
0.009041
0.009041
0.009041
0.009041
0.009041
0.009041
0.009041
0.009041
0.009041
0.009041
0.009041
0.009041
0.009041
0.009041
0.009041
0.009041
0.009041
0.009041
0.009041
0.009041
0.009041
0.009041
0.009041
0.009041
0.009041
0.009041
0.009041
0.009041
0.009041
0.009041
0.009041
0.009041
0.009041
0.009041
0.009041
0.009041
0.009041
0.009041
0.009041
0.009041
0.009041
0.009041
0.009041
0.009041
0.009041
0.009041
0.009041
0.009041
0.009041
0.009041
0.009041
0.009041
0.009041
0.009041
0.009041
0.009041
0.009041
0.009041
0.009041
0.009041
0.009041
0.009041
0.009041
0.009041
0.009041
0.009041
0.009041
0.009041
0.009041
0.009041
0.009041
0.009041
0.009041
0.009041
0.009041
0.009041
0.009041
0.009041
0.009041
0.009041
0.009041
0.009041
0.009041
0.009041
0.009041
0.009041
0.009041
0.009041
0.009041
0.009041
0.009041
0.009041
0.009041
0.009041
0.009041
0.009041
0.009041
0.009041
0.009041
0.009041
0.009041
0.009041
0.009041
0.009041
0.009041
0.009041
0.009041
0.009041
0.009041
0.009041
0.009041
0.009041
0.009041
0.009041
0.009041
0.009041
0.009041
0.009041
0.009041
0.009041
0.009041
0.009041
0.009041
0.009041
0.009041
0.009041
0.009041
0.009041
0.009041
0.009041
0.009041
0.009041
0.009041
0.009041
0.009041
0.009041
0.009041
0.009041
0.009041
0.009041
0.009041
0.009041
0.009041
0.009041
0.009041
0.009041
0.009041
0.009041
0.009041
0.009041
0.009041
0.009041
0.009041
0.009041
0.009041
0.009041
0.009041
0.009041
0.009041
0.009041
0.009041
0.009041
0.009041
0.009041
0.009041
0.009041
0.009041
0.009041
0.009041
0.009041
0.009041
0.009041
0.009041
0.009041
0.009041
0.009041
0.009041
0.009041
0.009041
0.009041
0.009041
0.009041
0.009041
0.009041
0.009041
0.009041
0.009041
0.009041
0.009041
0.009041
0.009041
0.009041
0.009041
0.009041
0.009041
0.009041
0.009041
0.009041
0.009041
0.009041
0.009041
0.009041
0.009041
0.009041
0.009041
0.009041
0.009041
0.009041
0.009041
0.009041
0.009041
0.009041
0.009041
0.009041
0.009041
0.009041
0.009041
0.009041
0.009041
0.009041
0.009041
0.009041
0.009041
0.009041
0.009041
0.009041
0.009041
0.009041
0.009041
0.009041
0.009041
0.009041
0.009041
0.009041
0.009041
0.009041
0.009041
0.009041
0.009041
0.009041
0.009041
0.009041
0.009041
0.009041
0.009041
0.009041
0.009041
0.009041
0.009041
0.009041
0.009041
0.009041
0.009041
0.009041
0.009041
0.009041
0.009041
0.009041
0.009041
0.009041
0.009041
0.009041
0.009041
0.009041
0.009041
0.009041
0.009041
0.009041
