0.594316
0.594316
0.594316
0.594316
0.594316
0.594316
0.594316
0.594316
0.594316
0.594272
0.594228
0.594186
0.594059
0.593930
0.593802
0.593585
0.593455
0.593325
0.593243
0.593116
0.592997
0.592835
0.592530
0.592247
0.591918
0.591638
0.591350
0.591135
0.590922
0.590544
0.590240
0.589924
0.589545
0.589209
0.588933
0.588712
0.588475
0.588288
0.587957
0.587745
0.587453
0.587026
0.586742
0.586349
0.586108
0.585841
0.585596
0.585414
0.585053
0.584779
0.584271
0.583813
0.583518
0.583117
0.582919
0.582471
0.582294
0.581783
0.581401
0.581033
0.580406
0.580068
0.579566
0.579324
0.578888
0.578465
0.578008
0.577565
0.576967
0.576550
0.576062
0.575531
0.575097
0.574570
0.574190
0.573673
0.573168
0.572516
0.571796
0.571361
0.570794
0.570291
0.569707
0.569236
0.568672
0.568021
0.567276
0.566640
0.566003
0.565329
0.564693
0.564065
0.563489
0.562768
0.562060
0.561281
0.560495
0.559739
0.559041
0.558402
0.557655
0.556900
0.556073
0.555438
0.554385
0.553489
0.552534
0.551701
0.550755
0.549845
0.549069
0.548262
0.547392
0.546576
0.545839
0.544971
0.544135
0.543561
0.542715
0.541971
0.541080
0.540274
0.539259
0.538371
0.537479
0.536490
0.535526
0.534644
0.533782
0.532722
0.531801
0.530755
0.529656
0.528616
0.527612
0.526409
0.525437
0.524314
0.523350
0.522446
0.521392
0.520380
0.519494
0.518444
0.517492
0.516566
0.515651
0.514618
0.513794
0.512772
0.511911
0.511107
0.510095
0.509269
0.508390
0.507514
0.506682
0.505849
0.505051
0.504181
0.503413
0.502662
0.501874
0.501013
0.500207
0.499463
0.498776
0.497840
0.497157
0.496409
0.495622
0.494950
0.494142
0.493544
0.492825
0.492105
0.491357
0.490726
0.489959
0.489309
0.488704
0.488007
0.487382
0.486672
0.486076
0.485438
0.484783
0.483970
0.483598
0.482908
0.482246
0.481686
0.481092
0.480584
0.479953
0.479392
0.478650
0.478208
0.477617
0.476908
0.476540
0.475979
0.475374
0.474813
0.474279
0.473852
0.473270
0.472720
0.472188
0.471738
0.471233
0.470595
0.470164
0.469682
0.469182
0.468645
0.468230
0.467727
0.467187
0.466819
0.466250
0.465789
0.465375
0.464988
0.464436
0.463975
0.463488
0.463081
0.462646
0.462247
0.461820
0.461295
0.460938
0.460484
0.460111
0.459782
0.459393
0.458900
0.458519
0.458138
0.457800
0.457517
0.457075
0.456801
0.456287
0.456069
0.455771
0.455333
0.455050
0.454683
0.454356
0.454062
0.453668
0.453438
0.453106
0.452835
0.452548
0.452171
0.451861
0.451654
0.451440
0.451113
0.450845
0.450515
0.450309
0.450119
0.449843
0.449574
0.449278
0.449059
0.448923
0.448616
0.448366
0.448135
0.447943
0.447692
0.447544
0.447249
0.447106
0.446899
0.446685
0.446550
0.446292
0.446042
0.445943
0.445805
0.445624
0.445350
0.445211
0.445076
0.444872
0.444775
0.444555
0.444376
0.444194
0.444084
0.444022
0.443740
0.443596
0.443456
0.443318
0.443222
0.443051
0.442969
0.442759
0.442663
0.442602
0.442426
0.442265
0.442194
0.442056
0.441957
0.441868
0.441747
0.441606
0.441513
0.441385
0.441341
0.441235
0.441078
0.441009
0.440910
0.440848
0.440784
0.440682
0.440524
0.440453
0.440397
0.440298
0.440260
0.345810
0.345757
0.345686
0.345614
0.345544
0.345455
0.345365
0.345304
0.345235
0.345143
0.345105
0.345040
0.345003
0.344885
0.344847
0.344786
0.344773
0.344657
0.344619
0.344558
0.344533
0.344472
0.344382
0.344321
0.344297
0.344259
0.344198
0.344171
0.344099
0.344055
0.344032
0.343971
0.343934
0.343885
0.343847
0.343799
0.343775
0.343738
0.343714
0.343653
0.343653
0.343585
0.343537
0.343537
0.343476
0.343476
0.343416
0.343393
0.343355
0.343355
0.343295
0.343295
0.343258
0.343225
0.343177
0.343177
0.343140
0.343117
0.343079
0.343079
0.343080
0.343019
0.343020
0.342982
0.342959
0.342922
0.342922
0.342922
0.342862
0.342862
0.255341
0.255341
0.255341
0.255281
0.255281
0.255281
0.255227
0.255137
0.255054
0.254903
0.254738
0.254544
0.254310
0.254088
0.253895
0.253648
0.253432
0.253224
0.252967
0.252916
0.252862
0.252834
0.252836
0.252829
0.252683
0.252373
0.252055
0.251536
0.250758
0.249958
0.248982
0.248002
0.246947
0.246047
0.245013
0.244069
0.243238
0.242500
0.241552
0.240569
0.239654
0.238659
0.237742
0.236778
0.235913
0.234983
0.234065
0.233216
0.232329
0.231456
0.230498
0.229627
0.228834
0.227873
0.227061
0.226132
0.225312
0.224547
0.223716
0.222868
0.222087
0.221220
0.220422
0.219601
0.218842
0.218071
0.217250
0.216449
0.215450
0.214591
0.213552
0.212439
0.211301
0.209971
0.208701
0.207340
0.206116
0.204864
0.203527
0.202271
0.201061
0.199803
0.198614
0.197290
0.195991
0.194728
0.193392
0.192208
0.190918
0.189742
0.188410
0.187209
0.185898
0.184695
0.183492
0.182225
0.181030
0.179802
0.178574
0.177308
0.176068
0.174878
0.173643
0.172458
0.171214
0.170044
0.168884
0.167633
0.166489
0.165236
0.164027
0.162859
0.161694
0.160546
0.159351
0.158118
0.156972
0.155839
0.154620
0.153518
0.152308
0.151174
0.150046
0.148864
0.147661
0.146535
0.145423
0.144267
0.143077
0.142000
0.140848
0.139654
0.138542
0.137442
0.136327
0.135162
0.134069
0.132891
0.131757
0.130666
0.129497
0.128423
0.127338
0.126194
0.125054
0.123966
0.122899
0.121811
0.120627
0.119543
0.118471
0.117393
0.116231
0.115161
0.114100
0.113007
0.111894
0.110776
0.109685
0.108667
0.107573
0.106449
0.105339
0.104300
0.103272
0.102161
0.101067
0.100006
0.098913
0.097881
0.096799
0.095694
0.094638
0.093609
0.092569
0.091508
0.090486
0.089448
0.088471
0.087480
0.086496
0.085488
0.084477
0.083558
0.082610
0.081704
0.080804
0.079816
0.078940
0.077984
0.077147
0.076213
0.075351
0.074527
0.073652
0.072855
0.071971
0.071173
0.070389
0.069568
0.068816
0.068046
0.067306
0.066480
0.065746
0.065005
0.064273
0.063570
0.062832
0.062134
0.061363
0.060739
0.060040
0.059377
0.058709
0.058066
0.057389
0.056800
0.056143
0.055499
0.054932
0.054285
0.053686
0.053149
0.052537
0.051973
0.051405
0.050825
0.050250
0.049743
0.049172
0.048690
0.048157
0.047635
0.047134
0.046610
0.046155
0.045628
0.045184
0.044689
0.044219
0.043758
0.043301
0.042867
0.042385
0.041954
0.041554
0.041126
0.040671
0.040262
0.039841
0.039468
0.039018
0.038633
0.038247
0.037903
0.037508
0.037114
0.036758
0.036389
0.036056
0.035666
0.035300
0.034964
0.034635
0.034307
0.033972
0.033660
0.033312
0.032997
0.032725
0.032413
0.032095
0.031744
0.031479
0.031183
0.030905
0.030609
0.030340
0.030060
0.029814
0.029547
0.029298
0.029057
0.028762
0.028512
0.028257
0.028006
0.027759
0.027546
0.027262
0.027016
0.026765
0.026510
0.026300
0.026065
0.025865
0.025651
0.025442
0.025203
0.025020
0.024807
0.024623
0.024387
0.024197
0.024003
0.023850
0.023646
0.023475
0.023290
0.023099
0.022931
0.022726
0.022582
0.022413
0.022231
0.022091
0.021928
0.021712
0.021544
0.021416
0.021232
0.021082
0.020898
0.020776
0.020644
0.020454
0.020357
0.020160
0.020071
0.019880
0.019796
0.019635
0.019545
0.019385
0.019272
0.019151
0.019045
0.018873
0.018797
0.018642
0.018545
0.018415
0.018318
0.018178
0.018053
0.017949
0.017830
0.017755
0.017627
0.017541
0.017405
0.017343
0.017205
0.017117
0.017025
0.016928
0.016805
0.016761
0.016624
0.016580
0.016477
0.016384
0.016324
0.016212
0.016128
0.016050
0.015988
0.015898
0.015839
0.015760
0.015673
0.015624
0.015537
0.015473
0.015378
0.015335
0.015245
0.015179
0.015118
0.015050
0.015007
0.014941
0.014885
0.014824
0.014737
0.014710
0.014640
0.014589
0.014486
0.014465
0.014406
0.014315
0.014292
0.014250
0.014204
0.014145
0.014113
0.014053
0.014005
0.013946
0.013888
0.013856
0.013792
0.013771
0.013699
0.013676
0.013624
0.013581
0.013546
0.013413
0.013352
0.013311
0.013232
0.013202
0.013125
0.013096
0.013050
0.013025
0.012969
0.012923
0.012888
0.012844
0.012822
0.012803
0.012729
0.012678
0.012644
0.012620
0.012598
0.012579
0.012519
0.012477
0.012476
0.012431
0.012409
0.012366
0.012329
0.012308
0.012288
0.012288
0.012288
0.012277
0.012230
0.012230
0.012230
0.012230
0.012230
0.012230
0.012212
0.012191
0.012191
0.012179
0.012199
0.012207
0.012228
0.012225
0.012218
0.012218
0.012233
0.012248
0.012248
0.012264
0.012261
0.012261
0.012279
0.012279
0.012279
0.012297
0.012297
0.012297
0.012297
0.012306
0.012306
0.012306
0.012300
0.012300
0.012319
0.012319
0.012319
0.012319
0.012319
0.012319
0.012319
0.012319
0.012319
0.012339
0.012339
0.012339
0.012339
0.012339
0.012339
0.012339
0.012339
0.012339
0.012339
0.012339
0.012339
0.012339
0.012339
0.012339
0.012225
0.012207
0.012173
0.012158
0.012143
0.012143
0.012129
0.012116
0.012105
0.012105
0.012096
0.012096
0.012088
0.012088
0.012088
0.012082
0.012082
0.012082
0.012079
0.012079
0.012079
0.012079
0.012079
0.012077
0.012077
0.012077
0.012077
0.012077
0.012077
0.012077
0.012077
0.012077
0.012079
0.012079
0.012079
0.012079
0.012079
0.012079
0.012079
0.012079
0.012079
0.012079
0.012079
0.012105
0.012116
0.012143
0.012158
0.012173
0.012173
0.012190
0.012207
0.012207
0.012225
0.012243
0.012243
0.012262
0.012262
0.012262
0.012281
0.012281
0.012281
0.012281
0.012300
0.012300
0.012300
0.012300
0.012300
0.012319
0.012319
0.012319
0.012319
0.012319
0.012319
0.012319
0.012319
0.012319
0.012339
0.012339
0.012339
0.012339
0.012339
0.012339
0.012339
0.012339
0.012339
0.012339
0.012339
0.012339
0.012339
0.012339
0.012339
0.012339
0.012225
0.012207
0.012173
0.012158
0.012143
0.012143
0.012129
