1.245721
1.142749
0.935784
0.739270
0.604649
0.537656
0.515042
0.511074
0.510042
0.509338
0.508701
0.507552
0.506567
0.505478
0.504477
0.503803
0.502481
0.501613
0.500510
0.499674
0.498103
0.497214
0.495990
0.495243
0.493812
0.492999
0.491500
0.490725
0.489521
0.488047
0.486972
0.485878
0.484867
0.483675
0.482887
0.481726
0.480932
0.479744
0.479030
0.477778
0.476845
0.475969
0.475058
0.474207
0.473368
0.472334
0.471869
0.470870
0.470224
0.469264
0.468780
0.468176
0.467243
0.466663
0.465902
0.465318
0.464378
0.463997
0.463408
0.462691
0.462471
0.461618
0.461008
0.460518
0.460131
0.459616
0.459088
0.458586
0.458209
0.457716
0.457232
0.456884
0.456326
0.456209
0.455876
0.455547
0.455008
0.454689
0.454159
0.454074
0.453769
0.453381
0.453084
0.452991
0.452422
0.452261
0.451963
0.451840
0.451469
0.451401
0.450965
0.450705
0.450543
0.450443
0.449983
0.449936
0.449735
0.449576
0.449274
0.449345
0.449044
0.448700
0.448677
0.448260
0.448460
0.448045
0.447910
0.447972
0.447609
0.447851
0.447408
0.447433
0.447248
0.447240
0.446836
0.446937
0.446651
0.446533
0.446669
0.446506
0.446272
0.446532
0.445986
0.446223
0.445829
0.445820
0.445865
0.445588
0.445707
0.445707
0.445431
0.445330
0.445479
0.445406
0.445182
0.444997
0.445236
0.445188
0.444855
0.445095
0.444714
0.444718
0.444958
0.444779
0.444512
0.444250
0.444649
0.444649
0.444274
0.444364
0.444300
0.444190
0.444350
0.444242
0.444180
0.444070
0.444008
0.444250
0.443954
0.443954
0.443894
0.444137
0.443969
0.443618
0.443560
0.443785
0.443919
0.443862
0.443862
0.443456
0.443347
0.443591
0.443760
0.443760
0.443652
0.443247
0.443491
0.443491
0.443438
0.443330
0.443330
0.443503
0.443747
0.443397
0.443237
0.443237
0.443237
0.443186
0.443186
0.443431
0.443324
0.443274
0.443500
0.443500
0.443500
0.443450
0.443450
0.443695
0.443695
0.443647
0.443647
0.443647
0.443647
0.443647
0.443599
0.443599
0.443844
0.443844
0.443798
0.443798
0.443798
0.443798
0.443798
0.443798
0.443752
0.443752
0.443998
0.443998
0.443998
0.443998
0.443953
0.443953
0.443953
0.443953
0.443953
0.443953
0.443953
0.443953
0.443953
0.443953
0.443953
0.443953
0.443953
0.443953
0.443953
0.443953
0.443953
0.443953
0.443953
0.443953
0.443953
0.443953
0.443953
0.443953
0.443953
0.443953
0.443953
0.443953
0.443953
0.443953
0.443953
0.443953
0.443953
0.443846
0.443846
0.443846
0.443846
0.443846
0.443846
0.443846
0.443846
0.443846
0.443846
0.443846
0.443846
0.443846
0.443846
0.443846
0.443846
0.443846
0.443846
0.443846
0.443846
0.443846
0.443846
0.443846
0.443846
0.443846
0.443846
0.443846
0.443846
0.443846
0.443846
0.443846
0.443846
0.443846
0.443846
0.443846
0.443846
0.443846
0.443846
0.443846
0.443846
0.443846
0.443846
0.443846
0.443846
0.443846
0.443846
0.443846
0.443846
0.443846
0.443846
0.443846
0.443846
0.443846
0.443846
0.443846
0.443846
0.443846
0.443846
0.443846
0.443846
0.443846
0.443846
0.443846
0.443846
0.443846
0.443846
0.443846
0.443696
0.443696
0.443696
0.443696
0.443696
0.443696
0.443696
0.443696
0.443696
0.443696
0.443696
0.443696
0.443696
0.443696
0.443696
0.443696
0.443696
0.443696
0.443696
0.443696
0.443696
0.443696
0.443696
0.443696
0.443696
0.443696
0.443696
0.443696
0.443696
0.443696
0.443696
0.443696
0.443696
0.443696
0.443696
0.443696
0.443696
0.443696
0.443696
0.443696
0.443696
0.443696
0.443696
0.443696
0.443696
0.443696
0.443696
0.443696
0.443696
0.443496
0.443496
0.443496
0.443496
0.443496
0.443496
0.443496
0.443496
0.443496
0.443496
0.443496
0.443496
0.443496
0.443496
0.443496
0.443496
0.443496
0.443496
0.443496
0.443496
0.443496
0.443496
0.443496
0.443496
0.443496
0.443496
0.443496
0.443496
0.443496
0.443496
0.443496
0.443496
0.443496
0.443496
0.443496
0.443389
0.443389
0.443389
0.443389
0.443389
0.443389
0.443389
0.443389
0.443389
0.443389
0.443389
0.443389
0.443389
0.443389
0.443389
0.443389
0.443389
0.443389
0.443389
0.443389
0.443389
0.443389
0.443389
0.443389
0.443389
0.443389
0.443389
0.443389
0.443389
0.443389
0.443389
0.443389
0.443389
0.443389
0.443389
0.443389
0.443389
0.443389
0.443389
0.443389
0.443389
0.443389
0.443389
0.443389
0.443389
0.443389
0.443389
0.443389
0.443239
0.443239
0.443239
0.444040
0.445270
0.445429
0.445473
0.443928
0.443285
0.442713
0.441811
0.441565
0.441521
0.442023
0.441691
0.442179
0.441830
0.441938
0.441850
0.441858
0.442230
0.441305
0.440333
0.439638
0.439556
0.440332
0.441904
0.443765
0.444923
0.444362
0.444063
0.443771
0.443190
0.442933
0.442967
0.443544
0.443792
0.444725
0.444871
0.445445
0.445355
0.445664
0.445632
0.445596
0.446007
0.446077
0.446122
0.446641
0.447021
0.447044
0.447479
0.447484
0.447118
0.445813
0.445506
0.445818
0.446302
0.447893
0.449596
0.450571
0.450608
0.449890
0.449106
0.448729
0.448447
0.448859
0.449096
0.450036
0.450525
0.451110
0.451274
0.451620
0.451495
0.451855
0.451764
0.451683
0.451803
0.452286
0.452343
0.452665
0.452629
0.452828
0.452183
0.450317
0.449696
0.449999
0.450389
0.451495
0.453419
0.453928
0.453924
0.453627
0.452838
0.452257
0.451984
0.451849
0.452087
0.452452
0.453353
0.453502
0.453805
0.453713
0.453587
0.453750
0.453427
0.453104
0.453567
0.453613
0.453419
0.453834
0.453857
0.454070
0.453057
0.451968
0.451339
0.450830
0.451517
0.452686
0.454470
0.455670
0.455125
0.454778
0.453984
0.453399
0.452836
0.452708
0.453387
0.453697
0.454403
0.454491
0.454728
0.454483
0.454800
0.454611
0.454531
0.454787
0.454581
0.454565
0.455066
0.455101
0.455186
0.455124
0.454260
0.453167
0.452211
0.452024
0.452419
0.453734
0.455478
0.456530
0.456629
0.455834
0.454807
0.454220
0.453945
0.453757
0.454209
0.454519
0.455228
0.455760
0.455630
0.456224
0.456066
0.455877
0.455644
0.456053
0.455784
0.456274
0.455981
0.456016
0.456192
0.456192
0.455617
0.454078
0.453263
0.453571
0.453680
0.455088
0.457039
0.457735
0.457603
0.456719
0.455921
0.455272
0.454767
0.455080
0.455321
0.456014
0.456279
0.456645
0.456515
0.456805
0.456677
0.456321
0.456469
0.456435
0.456458
0.456566
0.456562
0.456844
0.456867
0.456484
0.456844
0.456820
0.455800
0.454496
0.453871
0.454009
0.454072
0.455771
0.457433
0.458194
0.458281
0.457536
0.456365
0.455504
0.455228
0.455705
0.455504
0.456260
0.456537
0.457122
0.456700
0.457053
0.456925
0.456735
0.456705
0.456681
0.456705
0.456981
0.456809
0.457290
0.457313
0.457097
0.457290
0.457267
0.456182
0.454877
0.454311
0.454191
0.454312
0.456016
0.457235
0.458446
0.458533
0.457568
0.456549
0.455948
0.455610
0.455935
0.455948
0.456705
0.456920
0.457352
0.457145
0.457499
0.457308
0.457027
0.457150
0.457064
0.457087
0.457427
0.457255
0.457673
0.457543
0.457313
0.456691
0.455130
0.454322
0.454407
0.454728
0.455993
0.457889
0.458653
0.458763
0.457962
0.457008
0.456418
0.456355
0.456317
0.456407
0.457163
0.457138
0.457734
0.458051
0.457958
0.457537
0.457702
0.457621
0.457356
0.457762
0.457656
0.457714
0.457705
0.457574
0.458022
0.457149
0.455602
0.455221
0.454650
0.455200
0.456387
0.458130
0.458894
0.458992
0.458705
0.457454
0.456862
0.456585
0.456317
0.456209
0.456966
0.457679
0.457537
0.457854
0.457761
0.457569
0.457658
0.457423
0.457388
0.457795
0.457458
0.457964
0.457998
0.457728
0.458022
0.457149
0.455984
0.455022
0.454891
0.455002
0.456617
0.457933
0.459147
0.458795
0.458508
0.457639
0.456664
0.456387
0.456348
0.456806
0.456966
0.457679
0.457767
0.458237
0.457761
0.458016
0.457888
0.457653
0.457835
0.457795
0.457841
0.458193
0.457934
0.458405
0.457402
0.456068
0.455275
0.454903
0.455231
0.456637
0.458305
0.459069
0.459014
0.458508
0.457714
0.457047
0.456387
0.456421
0.457035
0.457119
0.457679
0.457831
0.458084
0.457454
0.457468
0.456883
0.456204
0.455867
0.456282
0.455733
0.455933
0.455667
0.455390
0.455241
0.454078
0.452689
0.451530
0.451310
0.451565
0.452763
0.454472
0.455608
0.455705
0.454827
0.453304
0.452564
0.451996
0.451700
0.452085
0.452097
0.452219
0.452720
0.452453
0.452009
0.451803
0.451186
0.450756
0.450437
0.449890
0.449368
0.449720
0.449731
0.450255
0.449225
0.447438
0.446460
0.445687
0.446001
0.447510
0.449529
0.450915
0.450433
0.450028
0.448545
0.447685
0.446932
0.446400
0.446778
0.446670
0.447201
0.447220
0.447401
0.447042
0.446849
0.446392
0.446047
0.445945
0.445769
0.445336
0.445554
0.444880
0.445000
0.444868
0.444141
0.444217
0.443127
0.442016
0.441315
0.441202
0.441507
0.443009
0.444253
0.445016
0.444571
0.443944
0.442618
0.441724
0.441118
0.440665
0.440972
0.440734
0.440633
0.440422
0.440182
0.439685
0.439072
0.438393
0.437555
0.437055
0.436162
0.435392
0.435334
0.434755
0.434524
0.434843
0.434431
0.434796
0.433607
0.432316
0.431555
0.431165
0.431462
0.432789
0.434084
0.434576
0.434409
0.434005
0.432506
0.431603
0.430883
0.430512
0.430461
0.430413
0.430683
0.430244
0.430124
0.429697
0.429711
0.428926
0.428499
0.428259
0.428415
0.427888
0.428361
0.428110
0.427562
0.427763
0.426606
0.425188
0.424646
0.424139
0.424436
0.425455
0.426357
0.426728
0.426177
0.424708
0.423096
0.421980
0.421033
0.420650
0.420727
0.420553
0.421034
0.421026
0.420579
0.420365
0.420258
0.419440
0.419238
0.419158
0.418773
0.418245
0.418163
0.417788
0.417785
0.417569
0.416443
0.415466
0.414601
0.414958
0.415086
0.416762
0.418036
0.419453
0.419810
0.419239
0.418308
0.417744
0.417398
0.417781
0.417784
0.418509
0.418536
0.418832
0.418987
0.419098
0.418745
0.418790
0.418911
0.419012
0.418875
0.419719
0.419818
0.419915
0.420242
0.420550
0.419911
0.418868
0.418913
0.419458
0.420186
0.421839
0.423609
0.424061
0.423855
0.423025
0.421586
0.420800
0.420195
0.420456
0.420405
0.421104
0.421391
0.422069
0.422458
0.422617
0.422412
0.422815
0.423236
0.423425
0.424046
0.424529
0.424709
0.425542
0.426114
0.425921
0.424826
0.424748
0.425108
0.425802
0.427426
0.429591
0.430805
0.431228
0.430624
0.430378
0.430322
0.430147
0.430977
0.431757
0.432772
0.433289
0.434283
0.434428
0.435265
0.435488
0.435424
0.436141
0.436391
0.436734
0.437325
0.437734
0.438274
0.438691
0.438813
0.438571
0.437370
0.436758
0.437160
0.437836
0.439197
0.441135
0.442100
0.442396
0.441557
0.441747
0.441350
0.441040
0.441395
0.441761
0.442617
0.443465
0.443738
0.444408
0.444512
0.444439
0.444957
0.445226
0.445160
0.445762
0.446160
0.445989
0.446671
0.446978
0.446346
0.445143
0.444698
0.444769
0.445401
0.446585
0.448753
0.449650
0.449717
0.449033
0.448889
0.448189
0.448110
0.448636
0.448837
0.449730
0.450195
0.450794
0.450787
0.451273
0.451145
0.450835
0.451134
0.451298
0.451092
0.451586
0.451729
0.452410
0.452205
0.452205
0.452563
0.451460
0.450367
0.449723
0.449375
0.449864
0.451068
0.453023
0.454241
0.454271
0.453302
0.452495
0.451835
0.451317
0.451606
0.452296
0.452119
0.452835
0.453437
0.453460
0.453071
0.453392
0.453066
0.452905
0.453103
0.453126
0.453072
0.453285
0.453320
0.453598
0.453598
0.453278
0.452849
0.451300
0.450424
0.450551
0.450816
0.452260
0.454076
0.454550
0.454650
0.454359
0.453546
0.452652
0.452163
0.452198
0.452216
0.452761
0.453482
0.453635
0.453883
0.453525
0.453396
0.453490
0.453396
0.453305
0.453781
0.453599
0.453591
0.454079
0.453946
0.454171
0.454079
0.453195
0.451860
0.451208
0.450859
0.451199
0.452647
0.454395
0.455557
0.455657
0.454680
0.453707
0.453107
0.452519
0.452554
0.453252
0.453727
0.453841
0.454448
0.454243
0.454535
0.454404
0.454274
0.454405
0.454156
0.454420
0.454693
0.454684
0.454720
0.454969
0.454812
0.454311
0.452510
0.451921
0.452016
0.452348
0.453726
0.455493
0.456112
0.456213
0.455165
0.454349
0.453747
0.453014
0.453488
0.453735
0.454507
0.454325
0.454933
0.454956
0.455088
0.454889
0.454601
0.454973
0.454709
0.454665
0.455167
0.454839
0.455261
0.455285
0.455057
0.454623
0.452824
0.452006
0.452258
0.452434
0.453879
0.455809
0.456201
0.456301
0.456008
0.455119
0.454129
0.453846
0.453803
0.453822
0.454436
0.455163
0.455249
0.455500
0.455405
0.455048
0.455144
0.455061
0.454799
0.455277
0.454995
0.455054
0.455319
0.455114
0.455570
0.455477
0.454431
0.453090
0.452435
0.452377
0.452425
0.453947
0.455411
0.456647
0.456747
0.455608
0.454721
0.454119
0.453438
0.453859
0.454107
0.454722
0.454698
0.455306
0.455330
0.455304
0.455105
0.454974
0.455335
0.454856
0.454880
0.455382
0.454986
0.455022
0.455501
0.455433
0.455477
0.454589
0.453476
0.452435
0.452507
0.452620
0.454075
0.455991
0.456839
0.456482
0.456189
0.455302
0.454313
0.454018
0.453988
0.454301
0.454619
0.455278
0.455274
0.455523
0.455429
0.455685
0.455397
0.455073
0.455437
0.455302
0.455121
0.455567
0.455602
0.455468
0.455694
0.454739
0.453617
0.452641
0.452445
0.452620
0.453997
0.455833
0.456839
0.456869
0.456120
0.455143
0.454247
0.453964
0.453830
0.454235
0.454553
0.455278
0.455729
0.455455
0.455816
0.455527
0.455397
0.455018
0.455437
0.455302
0.455053
0.455567
0.455444
0.455923
0.455820
0.455796
0.455205
0.453578
0.452760
0.452867
0.453200
0.454497
0.456185
0.456962
0.457062
0.456542
0.455495
0.454893
0.454441
0.454410
0.454429
0.455042
0.455700
0.455625
0.456104
0.455851
0.455653
0.455748
0.455654
0.455405
0.455654
0.455701
0.455602
0.455796
0.455820
0.456275
0.455796
0.454909
0.453799
0.452760
0.453087
0.452814
0.454655
0.456185
0.457032
0.457062
0.456313
0.455495
0.454441
0.454147
0.454405
0.454495
0.455200
0.455472
0.455852
0.455649
0.456009
0.455650
0.455520
0.455654
0.455630
0.455425
0.455769
0.455760
0.455567
0.456046
0.456013
0.456216
0.455328
0.454216
0.453175
0.453054
0.453166
0.454620
0.456378
0.457384
0.457027
0.456734
0.455689
0.454858
0.454564
0.454442
0.454846
0.455165
0.455891
0.455590
0.456069
0.455974
0.456299
0.455713
0.455619
0.456050
0.455687
0.455666
0.456180
0.456216
0.455784
0.456240
0.456216
0.455553
0.453765
0.453175
0.453054
0.453615
0.454844
0.456605
0.457384
0.457256
0.456505
0.455460
0.454858
0.454335
0.454599
0.454846
0.455390
0.455504
0.456045
0.456069
0.456201
0.455912
0.456168
0.455845
0.455821
0.455608
0.456110
0.455940
0.456274
0.456229
0.456000
0.456432
0.456250
0.455747
0.453963
0.453163
0.453262
0.453837
0.454834
0.456836
0.457809
0.457668
0.456676
0.455869
0.455253
0.454518
0.455006
0.455253
0.455801
0.455857
0.456455
0.456252
0.456612
0.456253
0.456054
0.456256
0.456004
0.456027
0.456544
0.456603
0.456866
0.456662
0.456662
0.456866
0.455909
0.454639
0.453820
0.453478
0.453811
0.455045
0.457029
0.458266
0.457908
0.457056
0.456237
0.455181
0.454886
0.454922
0.455398
0.455488
0.456213
0.456755
0.456391
0.456296
0.456621
0.456265
0.455941
0.456372
0.456328
0.456217
0.456502
0.456470
0.456791
0.456562
0.455674
0.454328
0.453509
0.453762
0.453489
0.454867
0.456702
0.457936
0.457807
0.456829
0.456012
0.455181
0.454676
0.454699
0.455398
0.455874
0.455988
0.456596
0.456620
0.456525
0.456395
0.456265
0.456340
0.456146
0.456170
0.456672
0.456277
0.456506
0.456984
0.456687
0.456096
0.454522
0.453485
0.453800
0.454069
0.455355
0.457122
0.457831
0.457772
0.457023
0.455977
0.455152
0.454870
0.455116
0.455140
0.455910
0.455953
0.456494
0.456359
0.456719
0.456360
0.456616
0.456376
0.456111
0.456068
0.456411
0.456242
0.456732
0.456687
0.456530
0.456732
0.455777
0.454511
0.453693
0.453352
0.453684
0.455073
0.456667
0.457901
0.458001
0.457181
0.455977
0.455375
0.455015
0.454665
0.455363
0.455682
0.456182
0.456561
0.456585
0.456423
0.456360
0.456230
0.456135
0.456269
0.456135
0.456182
0.456628
0.456277
0.456755
0.456755
0.456435
0.455844
0.454282
0.453401
0.453571
0.453840
0.455138
0.457122
0.457602
0.457543
0.457250
0.456431
0.455532
0.455081
0.455116
0.455069
0.455682
0.456407
0.456561
0.456743
0.456490
0.456360
0.456455
0.456135
0.456111
0.456589
0.456340
0.456242
0.456732
0.456527
0.456914
0.456732
0.455844
0.454439
0.453693
0.453791
0.453684
0.454909
0.457018
0.458094
0.458194
0.457215
0.456329
0.455569
0.455046
0.455468
0.455558
0.456329
0.456372
0.456913
0.456779
0.457139
0.456780
0.456581
0.456783
0.456531
0.456555
0.456831
0.456890
0.456697
0.457107
0.456949
0.457152
0.456263
0.455084
0.454108
0.453923
0.454099
0.455556
0.457316
0.457865
0.457965
0.457671
0.456625
0.455793
0.455498
0.455310
0.455781
0.456100
0.456669
0.456755
0.457005
0.456752
0.457009
0.456878
0.456555
0.456828
0.456783
0.456602
0.456959
0.456926
0.456949
0.457018
0.456926
0.456492
0.454770
0.453887
0.454058
0.454327
0.455784
0.457316
0.458094
0.458194
0.457286
0.456171
0.455569
0.455118
0.455310
0.455558
0.456329
0.456376
0.456755
0.456779
0.456981
0.456783
0.456424
0.456783
0.456534
0.456558
0.456831
0.456664
0.457154
0.456949
0.456792
0.457154
0.456267
0.454927
0.454116
0.453766
0.454107
0.455332
0.457089
0.458323
0.458423
0.457444
0.456400
0.455798
0.455275
0.455088
0.455786
0.455876
0.456444
0.456984
0.457008
0.456684
0.456783
0.456653
0.456329
0.456534
0.456558
0.456376
0.456890
0.456700
0.456949
0.456949
0.456700
0.456461
0.454672
0.453863
0.453961
0.454302
0.455527
0.457510
0.458060
0.458159
0.457637
0.456819
0.455992
0.455470
0.455505
0.455529
0.456070
0.456795
0.456949
0.457202
0.456878
0.456748
0.456847
0.456523
0.456500
0.456977
0.456571
0.456630
0.457120
0.456918
0.457143
0.457120
0.456166
0.454672
0.454082
0.453514
0.454074
0.455233
0.457054
0.458288
0.458387
0.457340
0.456365
0.455764
0.455176
0.455054
0.455752
0.456523
0.456342
0.456949
0.456973
0.457036
0.456748
0.456618
0.456977
0.456657
0.456523
0.457025
0.456787
0.456665
0.457143
0.457143
0.456413
0.454683
0.453866
0.453961
0.454522
0.455672
0.457510
0.458288
0.458088
0.457182
0.456365
0.455535
0.455187
0.455505
0.455752
0.456227
0.456342
0.456949
0.456744
0.457036
0.456748
0.456618
0.456760
0.456657
0.456523
0.456796
0.456787
0.457120
0.457143
0.456914
0.456413
0.454683
0.453866
0.453961
0.454294
0.455672
0.457510
0.458059
0.458088
0.457795
0.456819
0.455987
0.455638
0.455505
0.455523
0.456227
0.456953
0.456949
0.457199
0.457036
0.456906
0.457072
0.456760
0.456657
0.456977
0.456796
0.456855
0.457120
0.457143
0.457370
0.457277
0.457096
0.456433
0.454881
0.454082
0.454181
0.454534
0.455750
0.457522
0.458300
0.458387
0.457853
0.456887
0.456204
0.455693
0.455571
0.455752
0.456523
0.456875
0.457018
0.457428
0.457175
0.456816
0.457072
0.456977
0.456567
0.456977
0.457025
0.456926
0.457120
0.457143
0.457441
0.457417
0.456232
0.455122
0.454082
0.454410
0.454302
0.455527
0.457352
0.458517
0.458387
0.457637
0.456662
0.455992
0.455470
0.455348
0.455981
0.456523
0.456638
0.457178
0.457202
0.457333
0.457045
0.456847
0.456977
0.456796
0.456752
0.457254
0.456926
0.456894
0.457566
0.457337
0.457611
0.456656
0.455316
0.454506
0.454157
0.454497
0.455722
0.457546
0.458253
0.458353
0.457831
0.456856
0.456187
0.455664
0.455543
0.456175
0.456265
0.456989
0.456986
0.457396
0.457072
0.457397
0.457041
0.456718
0.456694
0.456946
0.456765
0.457278
0.457314
0.457112
0.457337
0.456450
0.455107
0.454289
0.453938
0.454269
0.455710
0.457249
0.458481
0.458581
0.457674
0.456560
0.455958
0.455676
0.455249
0.455947
0.456265
0.456536
0.457143
0.457167
0.457072
0.456942
0.456812
0.456729
0.456694
0.456718
0.456765
0.457278
0.456859
0.457337
0.457337
0.456155
0.454878
0.454289
0.454157
0.454269
0.455710
0.457249
0.458481
0.458352
0.457376
0.456560
0.455958
0.455225
0.455700
0.455947
0.456489
0.456536
0.457143
0.457167
0.457230
0.456942
0.456812
0.456954
0.456694
0.456718
0.457219
0.457049
0.456859
0.457337
0.456245
0.455058
0.454313
0.453877
0.454269
0.455469
0.457237
0.458469
0.458569
0.457602
0.456571
0.455958
0.455447
0.455417
0.455947
0.456036
0.456761
0.457143
0.457167
0.457298
0.457168
0.456812
0.456729
0.456919
0.456875
0.457219
0.457049
0.457085
0.457495
0.457337
0.456675
0.455035
0.454289
0.454376
0.454717
0.455933
0.457861
0.458481
0.458581
0.457602
0.456717
0.455958
0.455447
0.455856
0.455947
0.456489
0.456761
0.457301
0.457167
0.457298
0.457168
0.456812
0.457183
0.456919
0.456943
0.457219
0.457278
0.457540
0.457337
0.457337
0.457540
0.456494
0.455316
0.454498
0.454157
0.454489
0.455722
0.457704
0.458939
0.458194
0.457831
0.457013
0.456025
0.455664
0.455700
0.456242
0.456265
0.456989
0.457143
0.457464
0.457072
0.457397
0.457109
0.456718
0.457148
0.457171
0.456994
0.457278
0.457314
0.457566
0.457566
0.457314
0.456723
0.455095
0.454278
0.454385
0.454717
0.455950
0.457933
0.458481
0.458423
0.457605
0.456788
0.455958
0.456134
0.456169
0.456188
0.456734
0.457006
0.457613
0.457705
0.457542
0.457412
0.457507
0.457187
0.457163
0.457412
0.457234
0.457293
0.457554
0.457578
0.457807
0.457783
0.456668
0.455337
0.454519
0.454180
0.454511
0.455963
0.457718
0.458721
0.458821
0.457845
0.457029
0.456199
0.455840
0.455719
0.456188
0.456506
0.457006
0.457384
0.457408
0.457667
0.457311
0.456952
0.456858
0.457063
0.456858
0.457359
0.457350
0.456999
0.457477
0.457477
0.456591
0.455019
0.454430
0.454297
0.454858
0.455850
0.457844
0.458621
0.458422
0.457516
0.456700
0.456099
0.455366
0.455840
0.456087
0.456405
0.456676
0.457283
0.457307
0.457212
0.457082
0.456952
0.457027
0.456834
0.456858
0.457130
0.456964
0.457454
0.457477
0.457181
0.456591
0.455019
0.454138
0.454297
0.454566
0.455850
0.457844
0.458392
0.458422
0.457516
0.457153
0.456256
0.455816
0.455840
0.455858
0.456405
0.457120
0.457045
0.457524
0.457203
0.457073
0.457168
0.457017
0.456824
0.457073
0.457120
0.457112
0.457444
0.457239
0.457625
0.457444
0.457191
0.456757
0.455141
0.454179
0.454443
0.454631
0.456076
0.457847
0.458625
0.458483
0.457653
0.456690
0.455848
0.456017
0.455987
0.455848
0.456619
0.456836
0.457432
0.457524
0.457429
0.457230
0.457397
0.457073
0.457049
0.457459
0.457315
0.457374
0.457796
0.457662
0.457888
0.456999
0.455653
0.454834
0.454482
0.454814
0.456258
0.458029
0.458578
0.458677
0.458226
0.457338
0.456507
0.456067
0.456025
0.456043
0.456657
0.457383
0.457468
0.457718
0.457466
0.457721
0.457591
0.457122
0.457086
0.457496
0.457315
0.457671
0.457638
0.457662
0.457731
0.457638
0.457204
0.455485
0.454603
0.454774
0.455043
0.456499
0.458029
0.458807
0.458906
0.457999
0.456885
0.456283
0.455833
0.456025
0.456272
0.457043
0.457157
0.457468
0.457492
0.457695
0.457496
0.457137
0.457496
0.457248
0.457271
0.457544
0.457446
0.457867
0.457662
0.457505
0.457867
0.456980
0.455641
0.454831
0.454482
0.454823
0.456276
0.457804
0.459036
0.458679
0.458156
0.457114
0.456512
0.455989
0.455803
0.456501
0.456590
0.457314
0.457244
0.457721
0.457397
0.457564
0.457366
0.457043
0.457473
0.457271
0.457090
0.457603
0.457413
0.457891
0.457662
0.457638
0.456980
0.455192
0.454384
0.454482
0.455043
0.456048
0.458029
0.458807
0.458679
0.457701
0.457338
0.456061
0.455989
0.456025
0.456272
0.456590
0.456861
0.457468
0.457721
0.457397
0.457267
0.457591
0.457043
0.457019
0.457496
0.457247
0.457149
0.457638
0.457662
0.457662
0.457638
0.456751
0.455348
0.454603
0.454191
0.454595
0.456048
0.457575
0.458807
0.458906
0.457927
0.456885
0.456283
0.455761
0.455574
0.456272
0.456590
0.457018
0.457468
0.457492
0.457852
0.457424
0.457137
0.457043
0.457244
0.457043
0.457544
0.457374
0.457342
0.457662
0.457662
0.457864
0.456751
0.455641
0.454822
0.454482
0.454814
0.456048
0.457800
0.458578
0.458607
0.458156
0.457109
0.456507
0.455989
0.456025
0.456043
0.456747
0.457314
0.457239
0.457718
0.457555
0.457267
0.457362
0.457267
0.457176
0.457267
0.457315
0.457760
0.457638
0.457433
0.457888
0.457796
0.456976
0.455412
0.454759
0.454701
0.454751
0.456270
0.458256
0.458965
0.458906
0.457927
0.457109
0.456283
0.455761
0.456247
0.456272
0.457043
0.457086
0.457694
0.457492
0.457852
0.457492
0.457205
0.457496
0.457244
0.457110
0.457544
0.457603
0.457707
0.457731
0.457662
0.457864
0.456818
0.455641
0.454666
0.454482
0.454658
0.456048
0.458029
0.458877
0.458519
0.458156
0.457338
0.456350
0.455989
0.456025
0.456567
0.456590
0.457314
0.457311
0.457560
0.457397
0.457721
0.457434
0.457043
0.457473
0.457339
0.457319
0.457603
0.457638
0.457960
0.457662
0.457638
0.456027
0.453518
0.452371
0.452224
0.450953
0.450626
0.450198
0.449188
0.448679
0.445747
0.442635
0.439889
0.437511
0.435309
0.433204
0.431422
0.429023
0.427087
0.424521
0.421357
0.418588
0.415580
0.412442
0.409075
0.406336
0.403056
0.399375
0.396176
0.392454
0.388917
0.384068
0.379971
0.375397
0.371132
0.367097
0.364280
0.361016
0.357564
0.353578
0.349093
0.344387
0.339814
0.335612
0.331577
0.328047
0.324536
0.321181
0.317265
0.313479
0.309485
0.305852
0.301982
0.297682
0.293770
0.290696
0.286851
0.283242
0.279392
0.275424
0.272247
0.268332
0.264401
0.259951
0.256275
0.253042
0.250137
0.247766
0.245054
0.241883
0.238272
0.233939
0.229765
0.225676
0.221826
0.218358
0.214903
0.212373
0.208708
0.205800
0.202139
0.199136
0.195613
0.192188
0.188542
0.185244
0.182040
0.179161
0.175922
0.172984
0.170015
0.167069
0.164353
0.161062
0.157821
0.154631
0.151794
0.149672
0.147341
0.146547
0.144844
0.142859
0.140407
0.137589
0.134504
0.131384
0.128657
0.126761
0.124505
0.122709
0.120598
0.119108
0.116983
0.115350
0.113191
0.111305
0.109330
0.107637
0.105898
0.104240
0.102447
0.101178
0.099738
0.097985
0.096605
0.094439
0.092864
0.091115
0.090161
0.089246
0.089269
0.088927
0.088667
0.087250
0.085867
0.083956
0.082178
0.080845
0.079743
0.079119
0.078014
0.077653
0.076648
0.075904
0.074367
0.073944
0.072587
0.071366
0.070884
0.069795
0.068577
0.068315
0.067056
0.066351
0.065532
0.063751
0.062781
0.061979
0.061711
0.061377
0.062551
0.063292
0.063753
0.062948
0.061448
0.059651
0.058459
0.057156
0.056527
0.056033
0.055236
0.054976
0.054855
0.053981
0.053307
0.052462
0.051519
0.050799
0.050302
0.049432
0.049255
0.048604
0.047933
0.047741
0.047102
0.047031
0.045517
0.044529
0.044394
0.044494
0.044891
0.046035
0.047141
0.047495
0.047233
0.046470
0.045610
0.044658
0.043742
0.043473
0.043526
0.044353
0.044753
0.044599
0.044958
0.044609
0.044523
0.044900
0.044566
0.044594
0.044574
0.044815
0.045149
0.045177
0.044892
0.044591
0.043556
0.042690
0.043102
0.043598
0.044963
0.046683
0.047297
0.047378
0.046664
0.046187
0.045239
0.044841
0.045013
0.045032
0.045669
0.046292
0.046426
0.046749
0.046251
0.046039
0.046524
0.046228
0.045614
0.046212
0.046099
0.046014
0.046103
0.046164
0.046245
0.046226
0.046065
0.045194
0.043497
0.042822
0.043615
0.044217
0.046149
0.047947
0.048744
0.048148
0.046898
0.045495
0.044285
0.043801
0.043804
0.043692
0.044353
0.044337
0.044972
0.045471
0.045192
0.044943
0.045049
0.044684
0.044364
0.045151
0.044735
0.045017
0.045484
0.045480
0.045908
0.045433
0.044083
0.043213
0.042438
0.042354
0.042939
0.044755
0.046714
0.048156
0.048087
0.046901
0.045771
0.044953
0.043745
0.043793
0.044748
0.044563
0.045565
0.046219
0.046045
0.046399
0.046220
0.045709
0.045361
0.045981
0.045663
0.046138
0.045999
0.045945
0.046642
0.046251
0.045486
0.043979
0.043234
0.043361
0.044150
0.045907
0.047623
0.048538
0.048709
0.047484
0.046348
0.045300
0.044914
0.045577
0.045532
0.046787
0.047162
0.048018
0.047814
0.048323
0.047974
0.047980
0.048280
0.048066
0.048287
0.048579
0.048660
0.049180
0.049213
0.048829
0.048232
0.046491
0.045504
0.045774
0.046324
0.048038
0.049575
0.050629
0.050700
0.049671
0.049031
0.047796
0.047415
0.047298
0.047409
0.048210
0.049017
0.049090
0.049530
0.049400
0.048872
0.049102
0.048988
0.048803
0.049031
0.048871
0.048791
0.049290
0.049322
0.049595
0.047938
0.047048
0.046175
0.045927
0.046723
0.048197
0.049904
0.051001
0.050945
0.050366
0.049222
0.048060
0.047668
0.047318
0.048071
0.048697
0.049469
0.049699
0.050147
0.050044
0.050276
0.049868
0.049591
0.049732
0.049992
0.049830
0.050547
0.050435
0.050220
0.050468
0.050435
0.050879
0.049416
0.048489
0.047548
0.046968
0.047481
0.049476
0.050936
0.051770
0.051900
0.051296
0.049958
0.049122
0.048739
0.048414
0.048299
0.049359
0.050151
0.050189
0.050858
0.050479
0.050489
0.050148
0.050017
0.049755
0.049827
0.049892
0.050616
0.050084
0.050116
0.050761
0.050084
0.050485
0.049247
0.047742
0.047499
0.047098
0.047448
0.049630
0.051197
0.051985
0.051938
0.051937
0.050628
0.049536
0.048895
0.048944
0.049058
0.049981
0.051210
0.051162
0.051613
0.051495
0.051312
0.051544
0.051434
0.051401
0.051915
0.051748
0.052064
0.052303
0.052102
0.052584
0.051357
0.050258
0.049412
0.048827
0.048966
0.051130
0.052939
0.054187
0.053748
0.053349
0.052215
0.051004
0.050619
0.050651
0.050943
0.051254
0.052264
0.052477
0.052919
0.052436
0.052898
0.052484
0.052209
0.052611
0.052396
0.052067
0.052608
0.052657
0.053173
0.052755
0.051513
0.050512
0.049610
0.049358
0.050007
0.051728
0.053729
0.055501
0.055239
0.054168
0.053007
0.052092
0.051282
0.051315
0.052310
0.052711
0.053579
0.054452
0.054431
0.054951
0.054811
0.054627
0.054758
0.054708
0.054929
0.055480
0.055327
0.055215
0.055895
0.055497
0.054899
0.053497
0.052044
0.052330
0.053054
0.054670
0.056417
0.057356
0.057264
0.056212
0.055073
0.053807
0.053268
0.053931
0.053791
0.054870
0.055093
0.055553
0.055339
0.055852
0.055271
0.054899
0.055181
0.054895
0.054766
0.055293
0.055057
0.055356
0.055206
0.054958
0.053948
0.052313
0.051608
0.051412
0.052390
0.053952
0.055745
0.056685
0.056595
0.056181
0.054829
0.053732
0.053267
0.053300
0.053168
0.054073
0.055049
0.055269
0.055551
0.055350
0.055165
0.055228
0.055048
0.054835
0.055517
0.054935
0.054989
0.055526
0.055262
0.054345
0.052690
0.051683
0.051627
0.052168
0.053526
0.055725
0.056476
0.056134
0.055096
0.053968
0.052698
0.052308
0.052542
0.052482
0.053314
0.053694
0.054316
0.054398
0.054264
0.054081
0.053707
0.053563
0.053513
0.053546
0.053425
0.053346
0.053798
0.053407
0.053241
0.053429
0.052142
0.050737
0.050082
0.049613
0.049994
0.052238
0.053761
0.055546
0.055521
0.053950
0.052776
0.051752
0.051098
0.050900
0.051874
0.052026
0.052900
0.053959
0.053744
0.053858
0.053857
0.053260
0.053126
0.053532
0.053317
0.053225
0.053715
0.053334
0.054015
0.054015
0.053334
0.052674
0.051125
0.050017
0.050325
0.050470
0.052464
0.054298
0.054904
0.055050
0.054429
0.053279
0.052049
0.051641
0.051441
0.051197
0.052276
0.053051
0.053267
0.053549
0.053223
0.053040
0.053015
0.052724
0.052498
0.053181
0.052576
0.052469
0.053172
0.053043
0.053020
0.052821
0.051566
0.050375
0.049479
0.049939
0.049795
0.052093
0.053423
0.054999
0.055149
0.054071
0.052475
0.051616
0.051198
0.051437
0.051788
0.052894
0.053283
0.053688
0.053722
0.054428
0.053837
0.053652
0.054198
0.053916
0.053708
0.054265
0.054349
0.054240
0.054682
0.054273
0.053619
0.051955
0.051179
0.051224
0.051762
0.053582
0.055198
0.056298
0.056254
0.055195
0.053805
0.052820
0.052430
0.052855
0.052999
0.053686
0.054067
0.054687
0.055180
0.054886
0.054702
0.054925
0.054457
0.054407
0.054850
0.054508
0.054422
0.055127
0.054755
0.055224
0.055190
0.053765
0.052546
0.051878
0.051247
0.051984
0.053809
0.055605
0.057207
0.057358
0.055852
0.054676
0.053814
0.053153
0.053392
0.054148
0.054197
0.055428
0.056307
0.055682
0.056390
0.056203
0.056043
0.055418
0.055876
0.055909
0.055520
0.056252
0.056302
0.056336
0.056336
0.056145
0.055054
0.053303
0.052677
0.052499
0.053231
0.054622
0.056814
0.057315
0.057462
0.056811
0.055663
0.054574
0.053524
0.053573
0.053668
0.054512
0.055192
0.055160
0.055601
0.055466
0.054876
0.055150
0.054751
0.054311
0.054995
0.054379
0.054463
0.055006
0.054359
0.055018
0.054569
0.053117
0.052086
0.051009
0.051176
0.051077
0.053835
0.054715
0.056506
0.056479
0.055149
0.053721
0.052858
0.052195
0.052487
0.052822
0.053630
0.054020
0.054735
0.054704
0.054984
0.054630
0.054382
0.054660
0.054463
0.054437
0.054998
0.054572
0.055115
0.055149
0.054656
0.055115
0.053609
0.052688
0.051609
0.051035
0.051529
0.053172
0.055146
0.056292
0.055784
0.055375
0.053975
0.052931
0.052119
0.051926
0.052666
0.053114
0.053991
0.053523
0.054211
0.054076
0.054124
0.053500
0.053365
0.053786
0.053326
0.053205
0.053784
0.053341
0.053189
0.053683
0.052163
0.050941
0.050279
0.049589
0.050330
0.052150
0.053980
0.055597
0.055749
0.054661
0.053051
0.051933
0.051526
0.051503
0.052267
0.052559
0.053369
0.054438
0.054053
0.054580
0.054330
0.053976
0.053608
0.054226
0.054015
0.054577
0.054412
0.054218
0.054746
0.054746
0.054550
0.054678
0.053258
0.052502
0.051284
0.051056
0.051220
0.053100
0.055075
0.056597
0.056377
0.055293
0.054151
0.053041
0.052446
0.052346
0.052844
0.053294
0.054189
0.055044
0.054643
0.054507
0.054816
0.054381
0.053811
0.054272
0.054306
0.054128
0.054519
0.054321
0.054849
0.054419
0.054384
0.053608
0.051990
0.050842
0.051306
0.051806
0.053730
0.055710
0.056408
0.056809
0.056391
0.054962
0.053910
0.053486
0.053561
0.053421
0.054537
0.055423
0.055584
0.056281
0.056144
0.055989
0.056216
0.055917
0.055883
0.056107
0.056174
0.056259
0.056804
0.056592
0.057087
0.056804
0.055145
0.054374
0.053388
0.053354
0.053310
0.055603
0.056686
0.058455
0.058357
0.057130
0.055974
0.054683
0.054020
0.054564
0.054667
0.055514
0.055707
0.056175
0.055959
0.056480
0.056135
0.055262
0.055783
0.055589
0.054937
0.055663
0.055585
0.055140
0.055647
0.055481
0.054620
0.052737
0.051636
0.052035
0.052780
0.054195
0.056191
0.057140
0.057291
0.055778
0.054345
0.053478
0.052828
0.053106
0.053649
0.054271
0.054663
0.055315
0.055349
0.055630
0.055213
0.055686
0.054895
0.054844
0.055068
0.055136
0.055220
0.055517
0.055550
0.055145
0.054289
0.052851
0.052010
0.051418
0.051913
0.053798
0.055583
0.056290
0.056438
0.055778
0.054178
0.053325
0.052777
0.052316
0.052663
0.053356
0.054197
0.053921
0.054600
0.054304
0.053678
0.053903
0.053624
0.053324
0.053579
0.053484
0.053978
0.053843
0.053216
0.053877
0.053659
0.051725
0.050950
0.050256
0.050232
0.050166
0.052606
0.053990
0.055368
0.055520
0.054180
0.052993
0.052123
0.051290
0.051740
0.052096
0.052726
0.053133
0.054020
0.053987
0.054100
0.053912
0.053910
0.053774
0.053740
0.053800
0.054275
0.053952
0.054660
0.054694
0.054282
0.054660
0.053237
0.052462
0.050975
0.050545
0.051144
0.052795
0.055007
0.056070
0.055558
0.054985
0.053824
0.052727
0.052113
0.052163
0.052513
0.052964
0.054003
0.053872
0.054067
0.053931
0.054403
0.053619
0.053483
0.053859
0.053730
0.053363
0.054110
0.054161
0.054012
0.054012
0.052569
0.051585
0.050583
0.050225
0.050726
0.052802
0.054637
0.056011
0.056163
0.055322
0.053954
0.052586
0.052178
0.052237
0.053004
0.053463
0.054271
0.055173
0.054961
0.055490
0.055132
0.055129
0.054600
0.055209
0.054830
0.055499
0.055583
0.055472
0.056165
0.055756
0.055722
0.054955
0.052839
0.052046
0.052506
0.052856
0.054762
0.056289
0.057405
0.057803
0.057230
0.055627
0.054773
0.054356
0.054010
0.054358
0.055013
0.055897
0.055869
0.056561
0.056425
0.055888
0.056112
0.055977
0.055533
0.055788
0.055856
0.056446
0.055815
0.055849
0.056346
0.055881
0.054191
0.053412
0.052472
0.052725
0.052382
0.055322
0.056291
0.057843
0.057817
0.056726
0.055045
0.054177
0.053753
0.053968
0.054160
0.055216
0.055609
0.056251
0.056050
0.056577
0.056142
0.055726
0.056250
0.056053
0.055591
0.056155
0.056179
0.056480
0.056513
0.056264
0.056480
0.054967
0.053841
0.052701
0.052374
0.052725
0.054525
0.056140
0.057663
0.057153
0.056742
0.055386
0.053885
0.053461
0.053261
0.053859
0.054059
0.054901
0.054874
0.055154
0.055019
0.055300
0.054617
0.054321
0.054694
0.054294
0.054199
0.054693
0.054558
0.054592
0.054592
0.054375
0.053096
0.051661
0.050716
0.050781
0.051527
0.053319
0.054952
0.056087
0.055813
0.054723
0.053538
0.052420
0.051744
0.052454
0.052562
0.053272
0.053599
0.054488
0.055201
0.054567
0.054379
0.054873
0.054490
0.054043
0.054736
0.054992
0.054419
0.055128
0.055000
0.054504
0.054948
0.053685
0.052463
0.051415
0.050839
0.051334
0.053241
0.054768
0.056382
0.056531
0.055461
0.054051
0.053002
0.052186
0.051990
0.052736
0.053187
0.053877
0.054507
0.054286
0.054810
0.054272
0.053838
0.053453
0.053916
0.053514
0.053582
0.053914
0.053780
0.054232
0.054063
0.053596
0.052732
0.051128
0.050432
0.050598
0.051156
0.053037
0.054793
0.055935
0.055910
0.055235
0.054035
0.053154
0.052477
0.052361
0.052471
0.053785
0.054603
0.054656
0.055541
0.055154
0.054545
0.055206
0.054903
0.054621
0.055153
0.055159
0.055082
0.055546
0.055417
0.056078
0.055795
0.054363
0.053328
0.052082
0.052399
0.052256
0.054577
0.056153
0.057578
0.057477
0.056401
0.055483
0.053931
0.053362
0.054059
0.054411
0.055116
0.055311
0.055945
0.055979
0.056093
0.055716
0.055528
0.055642
0.055607
0.055453
0.056019
0.055607
0.055472
0.056004
0.055756
0.054783
0.053319
0.052123
0.052613
0.053118
0.054961
0.056810
0.057765
0.057914
0.056640
0.055200
0.054326
0.053667
0.054115
0.054247
0.055370
0.055518
0.055990
0.056874
0.056736
0.056132
0.056544
0.056424
0.055961
0.056407
0.056501
0.056338
0.056637
0.056671
0.056919
0.056637
0.055367
0.054179
0.053086
0.052511
0.052865
0.054680
0.056308
0.057834
0.057982
0.056906
0.055336
0.054034
0.053617
0.053170
0.054017
0.054219
0.055066
0.055697
0.055320
0.055843
0.055408
0.054619
0.054484
0.054610
0.054293
0.054111
0.054857
0.054497
0.054757
0.054752
0.053868
0.053248
0.051802
0.050448
0.050863
0.051175
0.053476
0.055127
0.056012
0.055734
0.055309
0.054113
0.052988
0.052310
0.052361
0.052058
0.053369
0.054431
0.054406
0.054873
0.054735
0.054129
0.054542
0.054405
0.053958
0.054653
0.054250
0.054995
0.054884
0.054420
0.055080
0.054884
0.053363
0.052179
0.051083
0.051153
0.051112
0.053329
0.054554
0.056080
0.056228
0.054904
0.053736
0.052530
0.051866
0.052313
0.052665
0.053367
0.053314
0.054193
0.053978
0.054091
0.053904
0.053526
0.053638
0.053353
0.053198
0.053515
0.053352
0.053884
0.053750
0.053500
0.053702
0.052245
0.051458
0.050261
0.050268
0.050423
0.052474
0.054540
0.055859
0.055409
0.054982
0.053782
0.052485
0.051807
0.051859
0.052636
0.053034
0.053928
0.054153
0.054790
0.054482
0.054710
0.054704
0.054152
0.054782
0.054650
0.054409
0.054992
0.055043
0.054915
0.055327
0.055043
0.054265
0.052579
0.051579
0.051646
0.052397
0.054074
0.056058
0.056577
0.056975
0.055899
0.054482
0.053428
0.052859
0.053059
0.053411
0.054363
0.054558
0.055190
0.054974
0.055335
0.054959
0.055184
0.054884
0.054850
0.054699
0.055017
0.055102
0.055384
0.055002
0.055002
0.055282
0.053995
0.052959
0.052098
0.051612
0.052421
0.054061
0.056122
0.057933
0.057908
0.056548
0.055352
0.054473
0.053797
0.053434
0.054456
0.054857
0.055670
0.056393
0.056609
0.056223
0.056282
0.056278
0.055729
0.056357
0.056168
0.055988
0.056571
0.056372
0.056818
0.056656
0.056372
0.055599
0.053915
0.052671
0.052888
0.053489
0.054913
0.057142
0.057820
0.057805
0.057141
0.055972
0.054917
0.054000
0.053900
0.054001
0.054857
0.055493
0.055521
0.055966
0.055579
0.055232
0.055263
0.054878
0.054684
0.054938
0.054758
0.054430
0.055143
0.054742
0.054991
0.054957
0.053236
0.052039
0.051089
0.051257
0.051412
0.053715
0.054863
0.056675
0.056650
0.055051
0.053854
0.052976
0.052051
0.052599
0.052709
0.054023
0.054172
0.054645
0.054862
0.054891
0.054531
0.054528
0.054639
0.054357
0.054227
0.054896
0.054733
0.054372
0.055067
0.054904
0.053790
0.052180
0.050836
0.051137
0.051885
0.053298
0.054947
0.056067
0.055966
0.054890
0.053527
0.052267
0.051617
0.052298
0.052001
0.053105
0.053050
0.053930
0.053554
0.054077
0.053450
0.053924
0.053393
0.052903
0.052938
0.053256
0.053092
0.053623
0.053489
0.052807
0.052184
0.050554
0.050015
0.050005
0.050321
0.052195
0.054280
0.055174
0.055149
0.054722
0.053521
0.052142
0.051730
0.051597
0.051459
0.052773
0.053839
0.053643
0.054280
0.054141
0.053782
0.054443
0.053659
0.053607
0.054328
0.054148
0.054481
0.054533
0.054404
0.054817
0.054782
0.054336
0.053472
0.051700
0.051067
0.050887
0.051504
0.053315
0.055157
0.056274
0.056215
0.055782
0.054626
0.053346
0.052498
0.052548
0.052748
0.053602
0.054416
0.054429
0.054962
0.054825
0.054389
0.054700
0.054124
0.053842
0.054374
0.054442
0.054339
0.054640
0.054425
0.054906
0.053206
0.052401
0.051542
0.051041
0.051848
0.053469
0.055543
0.057349
0.056648
0.055975
0.055032
0.053907
0.053335
0.053121
0.054139
0.054602
0.055433
0.055656
0.056357
0.055801
0.056214
0.056026
0.055742
0.056104
0.055975
0.056233
0.056729
0.056369
0.057064
0.056902
0.056619
0.055753
0.053963
0.053065
0.053132
0.053285
0.055562
0.056946
0.058067
0.058214
0.057138
0.055370
0.054514
0.053847
0.054147
0.054497
0.055352
0.055299
0.056018
0.056461
0.056325
0.055729
0.055760
0.055623
0.055341
0.055435
0.055503
0.055090
0.055640
0.055488
0.055238
0.055454
0.053983
0.052783
0.051836
0.051596
0.051909
0.054046
0.055610
0.057172
0.057147
0.056046
0.054601
0.053723
0.053045
0.052684
0.053456
0.054104
0.054919
0.055392
0.055609
0.055889
0.055281
0.055278
0.054727
0.055106
0.054977
0.054795
0.055731
0.055122
0.055816
0.055654
0.055122
0.054506
0.052466
0.051569
0.051636
0.051990
0.053814
0.055696
0.056318
0.056466
0.056049
0.054525
0.053417
0.052748
0.052798
0.052501
0.053604
0.054208
0.054429
0.054713
0.054327
0.053950
0.054012
0.053626
0.053592
0.053685
0.053506
0.053591
0.053873
0.053491
0.054158
0.053692
0.052234
0.051198
0.050248
0.050064
0.050410
0.052880
0.053860
0.055673
0.055827
0.054474
0.053101
0.051974
0.051298
0.052014
0.052125
0.053089
0.053419
0.054065
0.054280
0.054391
0.054201
0.053778
0.054305
0.053857
0.053641
0.054396
0.054233
0.054034
0.054567
0.054567
0.054782
0.053256
0.052120
0.051216
0.050637
0.050991
0.053065
0.054697
0.056232
0.055716
0.055299
0.053775
0.052667
0.052248
