1.445364
1.342296
1.132453
0.927057
0.779030
0.701479
0.673376
0.667802
0.667089
0.668217
0.668421
0.668169
0.669511
0.670579
0.672098
0.672991
0.673899
0.674253
0.674711
0.675700
0.676183
0.676793
0.677404
0.678256
0.678889
0.680007
0.680606
0.681034
0.681506
0.682248
0.682898
0.683114
0.683418
0.683743
0.684191
0.684117
0.684346
0.684362
0.684469
0.684360
0.684768
0.684494
0.684485
0.684274
0.684199
0.684064
0.684046
0.683951
0.683827
0.683731
0.683666
0.683835
0.683811
0.683418
0.682873
0.682156
0.681248
0.680508
0.679811
0.679024
0.678067
0.677335
0.676420
0.675486
0.674617
0.673985
0.673076
0.672505
0.671702
0.671037
0.670403
0.669848
0.669151
0.668828
0.668150
0.667786
0.667429
0.667049
0.666894
0.666793
0.666719
0.666908
0.666793
0.666903
0.667148
0.667467
0.667862
0.668356
0.668899
0.669598
0.670184
0.670887
0.671655
0.672574
0.673392
0.674370
0.675187
0.676517
0.677448
0.678532
0.679726
0.680768
0.681755
0.682957
0.683844
0.685142
0.685995
0.687074
0.688377
0.689409
0.690376
0.691811
0.692959
0.694302
0.695548
0.696860
0.697859
0.699162
0.700138
0.700976
0.701760
0.703059
0.703937
0.705786
0.707095
0.708808
0.710114
0.711097
0.712103
0.713377
0.714917
0.716502
0.717600
0.718724
0.720372
0.722197
0.724697
0.726654
0.728511
0.729728
0.731045
0.732562
0.734260
0.735738
0.737528
0.739177
0.741205
0.742811
0.744296
0.745981
0.747616
0.748917
0.750649
0.752102
0.753662
0.755309
0.756757
0.758076
0.759814
0.761187
0.763025
0.764406
0.765814
0.767506
0.768829
0.770266
0.771664
0.772503
0.773525
0.774919
0.776639
0.778473
0.780176
0.781496
0.782963
0.783843
0.784905
0.786126
0.787226
0.788246
0.789320
0.790765
0.792452
0.794196
0.795549
0.796644
0.797902
0.798893
0.799937
0.801331
0.802627
0.804374
0.805529
0.807172
0.808802
0.809881
0.811159
0.812822
0.814102
0.815344
0.816622
0.817811
0.818843
0.820277
0.821496
0.822223
0.822719
0.823083
0.823849
0.824129
0.824712
0.825062
0.825428
0.825924
0.826612
0.827149
0.827660
0.828192
0.828277
0.828754
0.828781
0.829056
0.829130
0.829313
0.829638
0.829914
0.830421
0.830793
0.830743
0.830737
0.830875
0.831460
0.831303
0.831575
0.831868
0.831990
0.832967
0.833685
0.834402
0.835411
0.836099
0.836874
0.837340
0.838155
0.838741
0.839228
0.839243
0.839088
0.839194
0.839331
0.839717
0.840043
0.840348
0.840911
0.841067
0.841477
0.841536
0.841931
0.842524
0.842048
0.842343
0.842569
0.842538
0.843117
0.843749
0.843827
0.844085
0.844169
0.843944
0.843455
0.843461
0.843555
0.843062
0.843076
0.842998
0.843173
0.843194
0.843239
0.843093
0.843079
0.843122
0.843063
0.843020
0.843039
0.843580
0.843867
0.844480
0.844370
0.844383
0.844522
0.844703
0.844704
0.844463
0.844140
0.844545
0.844720
0.844983
0.845113
0.845798
0.845709
0.845758
0.845856
0.845899
0.845954
0.845313
0.844938
0.844758
0.844560
0.844551
0.844478
0.844336
0.844556
0.844443
0.844483
0.844416
0.844233
0.843993
0.843372
0.842957
0.842294
0.842086
0.841625
0.841577
0.841535
0.841422
0.842230
0.842394
0.842347
0.842711
0.842578
0.842690
0.842445
0.842603
0.842728
0.842859
0.843761
0.844586
0.845255
0.846112
0.846879
0.847507
0.848096
0.848493
0.848703
0.848888
0.849464
0.849970
0.850878
0.851459
0.852520
0.853301
0.853846
0.854232
0.854015
0.853798
0.853770
0.854198
0.854402
0.854798
0.855778
0.856817
0.857769
0.859023
0.859803
0.860861
0.861407
0.860977
0.860777
0.860409
0.860711
0.860749
0.860962
0.861106
0.861765
0.862098
0.862686
0.863129
0.863417
0.863236
0.863156
0.863220
0.863384
0.863866
0.864352
0.864842
0.865827
0.866947
0.868066
0.868842
0.869237
0.869385
0.869522
0.869430
0.869981
0.870535
0.870592
0.870592
0.871663
0.872709
0.873597
0.874061
0.874309
0.874336
0.874762
0.875009
0.875602
0.875752
0.875805
0.876471
0.876956
0.877597
0.877854
0.878446
0.879272
0.879713
0.880255
0.880391
0.880592
0.880925
0.881449
0.881846
0.882700
0.883469
0.884184
0.884913
0.885460
0.886174
0.886933
0.887027
0.887156
0.887185
0.887453
0.888212
0.888791
0.889494
0.890276
0.890704
0.891318
0.891717
0.892387
0.892858
0.893439
0.893879
0.894497
0.895135
0.895736
0.895854
0.896176
0.896581
0.896649
0.896556
0.896652
0.897168
0.897570
0.897847
0.898125
0.898541
0.899063
0.899680
0.900118
0.900451
0.900909
0.901472
0.902060
0.902500
0.903050
0.903395
0.903972
0.904582
0.904987
0.905539
0.906099
0.906604
0.907136
0.907682
0.908120
0.908558
0.908890
0.909455
0.909819
0.910384
0.910944
0.911229
0.911806
0.912314
0.912690
0.913125
0.913578
0.913971
0.914520
0.914977
0.915506
0.915828
0.916389
0.917013
0.917470
0.917859
0.918410
0.918878
0.919411
0.919890
0.920190
0.920886
0.921335
0.921739
0.922277
0.922700
0.923126
0.923615
0.923956
0.924625
0.924975
0.925439
0.925881
0.926195
0.926657
0.927220
0.927582
0.928051
0.928493
0.928833
0.929404
0.929762
0.930118
0.930515
0.930821
0.931208
0.931760
0.932069
0.932464
0.932904
0.933250
0.933651
0.934031
0.934533
0.934935
0.935250
0.935764
0.936214
0.936603
0.937003
0.937305
0.937625
0.938064
0.938432
0.938755
0.939078
0.939482
0.939791
0.940207
0.940543
0.940774
0.941126
0.941363
0.941691
0.942020
0.942350
0.942556
0.942967
0.943202
0.943533
0.943775
0.944107
0.944441
0.944684
0.945009
0.945344
0.945603
0.945799
0.946092
0.946139
0.946465
0.946892
0.946963
0.947235
0.947495
0.947811
0.948069
0.948230
0.948571
0.948732
0.949033
0.949286
0.949503
0.949594
0.949973
0.950047
0.950306
0.950513
0.950773
0.950971
0.951314
0.951487
0.951699
0.951872
0.952133
0.952166
0.952169
0.952503
0.952635
0.952848
0.953022
0.953106
0.953367
0.953445
0.953707
0.953833
0.954008
0.954180
0.954338
0.954342
0.954685
0.954770
0.954861
0.955124
0.955209
0.955294
0.955470
0.955685
0.955770
0.955855
0.956119
0.956167
0.956173
0.956347
0.956520
0.956697
0.956787
0.956873
0.957047
0.957133
0.957266
0.957352
0.957526
0.957522
0.957532
0.957577
0.957744
0.957922
0.958034
0.958121
0.958212
0.958299
0.958515
0.958606
0.958693
0.958784
0.958780
0.958874
0.958923
0.959036
0.959215
0.959328
0.959354
0.959354
0.959510
0.959601
0.959680
0.959880
0.959881
0.960014
0.959979
0.959937
0.960025
0.960083
0.960080
0.960145
0.960189
0.960189
0.960254
0.960342
0.960300
0.960282
0.960363
0.960451
0.960516
0.960516
0.960692
0.960666
0.960755
0.960976
0.960976
0.961064
0.961022
0.961094
0.961172
0.961263
0.961261
0.961378
0.961465
0.961554
0.961554
0.961687
0.961685
0.961776
0.961734
0.961742
0.961823
0.961914
0.961914
0.961912
0.962028
0.962028
0.962118
0.962160
0.962251
0.962251
0.962249
0.962298
0.962217
0.962296
0.962387
0.962387
0.962478
0.962502
0.962502
0.962593
0.962635
0.962634
0.962725
0.962683
0.962602
0.962773
0.962772
0.962772
0.962863
0.962863
0.962862
0.962953
0.962995
0.962995
0.962995
0.963085
0.963085
0.963005
0.963005
0.963095
0.963095
0.963094
0.963185
0.963185
0.963185
0.963185
0.963275
0.963275
0.963275
0.963275
0.963453
0.963453
0.963453
0.963453
0.963453
0.963543
0.963543
0.963543
0.963543
0.963543
0.963634
0.963634
0.963634
0.963634
0.963634
0.963724
0.963724
0.963724
0.963724
0.963724
0.963815
0.963815
0.963815
0.963815
0.963857
0.963856
0.963947
0.963947
0.963947
0.963947
0.963947
0.963947
0.964038
0.964038
0.964038
0.964038
0.964038
0.964038
0.964038
0.964129
0.964326
0.964869
0.965177
0.965462
0.965342
0.965606
0.965615
0.965738
0.965988
0.966082
0.965984
0.965874
0.966164
0.966310
0.966733
0.967387
0.967612
0.967713
0.967499
0.967474
0.967284
0.967261
0.967461
0.967546
0.968115
0.968030
0.968412
0.968456
0.968339
0.968340
0.968730
0.968310
0.967777
0.967638
0.967785
0.967861
0.967923
0.968429
0.968880
0.968935
0.968822
0.968458
0.968246
0.968039
0.968167
0.967937
0.967818
0.968005
0.968110
0.967868
0.968030
0.967818
0.967572
0.967714
0.967199
0.966916
0.966974
0.966837
0.967015
0.967129
0.967860
0.967790
0.967888
0.967492
0.967372
0.966886
0.966534
0.966382
0.966321
0.966491
0.966294
0.966570
0.966576
0.966378
0.966099
0.966282
0.966201
0.965745
0.965586
0.965320
0.965362
0.965203
0.965582
0.966176
0.966399
0.966686
0.966575
0.966329
0.965993
0.965646
0.965521
0.965766
0.965753
0.966044
0.965929
0.966261
0.966137
0.966159
0.966010
0.965962
0.965807
0.965335
0.965058
0.965200
0.965175
0.965339
0.965621
0.966100
0.966205
0.966276
0.965922
0.965843
0.965354
0.965303
0.965513
0.965477
0.965834
0.965838
0.965882
0.965811
0.965780
0.965596
0.965894
0.965308
0.965008
0.964846
0.964694
0.964809
0.965274
0.965823
0.966182
0.965957
0.965941
0.965656
0.965298
0.964938
0.964871
0.965167
0.965271
0.965455
0.965386
0.965327
0.965000
0.965318
0.965160
0.964705
0.964535
0.964193
0.964051
0.964187
0.964700
0.965202
0.965719
0.965878
0.965897
0.965683
0.965188
0.964674
0.964256
0.963807
0.963722
0.964084
0.964288
0.964554
0.964969
0.965416
0.965615
0.965887
0.965752
0.965339
0.964794
0.963759
0.963613
0.963430
0.963368
0.963563
0.963949
0.964393
0.964532
0.964748
0.965265
0.965487
0.964761
0.964219
0.963508
0.962891
0.962396
0.961759
0.961962
0.962137
0.962556
0.962899
0.963505
0.963637
0.964224
0.964442
0.963618
0.962955
0.962102
0.961235
0.960858
0.960491
0.960737
0.961176
0.961515
0.961970
0.961882
0.962217
0.962871
0.962976
0.962567
0.962009
0.961238
0.960165
0.959804
0.959569
0.959163
0.959435
0.959954
0.960779
0.960717
0.961114
0.961742
0.961799
0.961530
0.960783
0.959885
0.959002
0.958395
0.957972
0.957858
0.958086
0.958477
0.958825
0.959411
0.959812
0.960245
0.960295
0.959612
0.959247
0.958543
0.957816
0.957081
0.956782
0.956196
0.956696
0.957201
0.957398
0.958041
0.958223
0.958936
0.958856
0.958609
0.957993
0.957436
0.956591
0.956246
0.955633
0.955223
0.955742
0.956124
0.956287
0.957019
0.957351
0.957477
0.957647
0.957470
0.957041
0.956265
0.955635
0.955036
0.954856
0.954492
0.954518
0.954868
0.955739
0.955555
0.956617
0.956996
0.956765
0.956669
0.955938
0.955016
0.954430
0.954346
0.954166
0.954269
0.954523
0.954931
0.954845
0.955241
0.955801
0.956072
0.956082
0.955616
0.955137
0.954296
0.954078
0.953727
0.953493
0.953903
0.954230
0.954383
0.954755
0.955027
0.955585
0.956032
0.955513
0.954962
0.954501
0.953496
0.953362
0.952645
0.952563
0.952936
0.953445
0.953636
0.954031
0.954301
0.954788
0.954964
0.954497
0.953974
0.953607
0.952673
0.952200
0.952089
0.952019
0.951924
0.952210
0.952358
0.952755
0.952984
0.953745
0.953991
0.953960
0.953505
0.952984
0.952153
0.951884
0.951885
0.951632
0.951561
0.952139
0.952282
0.952267
0.952652
0.953143
0.953431
0.953357
0.953307
0.953003
0.952245
0.951786
0.951631
0.951339
0.951344
0.951464
0.951650
0.952132
0.952085
0.952595
0.953128
0.953119
0.953134
0.952654
0.952212
0.951252
0.950914
0.950392
0.950061
0.950642
0.950854
0.951320
0.951742
0.951920
0.952736
0.952356
0.952174
0.951506
0.950968
0.950059
0.949189
0.949112
0.948711
0.949022
0.949465
0.949877
0.949956
0.950880
0.951238
0.951424
0.950716
0.950001
0.949413
0.948445
0.948310
0.947894
0.948048
0.948528
0.948903
0.948889
0.949270
0.950150
0.950099
0.950297
0.949765
0.949086
0.948546
0.947880
0.947530
0.947394
0.947620
0.947993
0.948576
0.948753
0.948987
0.949730
0.949825
0.949731
0.948820
0.948441
0.947537
0.947398
0.946921
0.946818
0.946850
0.947247
0.947491
0.947837
0.947950
0.948805
0.948989
0.948899
0.948357
0.947524
0.947032
0.946663
0.946527
0.946061
0.946418
0.946759
0.947132
0.947792
0.948390
0.948868
0.948179
0.947882
0.947340
0.946465
0.945811
0.945446
0.945266
0.945388
0.946184
0.946546
0.947080
0.947260
0.947643
0.947869
0.947610
0.946803
0.946013
0.945509
0.944793
0.944383
0.944234
0.944311
0.944769
0.945506
0.945727
0.946233
0.946736
0.946748
0.946403
0.945785
0.944818
0.944117
0.943382
0.943011
0.942823
0.942975
0.943536
0.944169
0.944229
0.944598
0.945100
0.945150
0.945123
0.944378
0.943771
0.942981
0.942541
0.942399
0.942301
0.942414
0.942647
0.942952
0.943047
0.943355
0.943882
0.944418
0.944479
0.943994
0.943187
0.942768
0.942552
0.942342
0.942079
0.942666
0.942924
0.943093
0.943624
0.944406
0.944288
0.944372
0.944073
0.943823
0.943098
0.942501
0.942162
0.942130
0.942254
0.943000
0.943188
0.943240
0.943868
0.944027
0.944399
0.944026
0.943513
0.942549
0.941786
0.941608
0.941177
0.941077
0.941475
0.941853
0.942303
0.942758
0.943387
0.943676
0.943475
0.942592
0.941838
0.940983
0.940266
0.939849
0.939525
0.940053
0.940449
0.940840
0.941301
0.941589
0.942233
0.942113
0.941727
0.941187
0.940396
0.939965
0.939104
0.939084
0.938924
0.939022
0.938988
0.939695
0.939809
0.940077
0.940836
0.941174
0.940565
0.940353
0.939986
0.939180
0.939062
0.939018
0.938929
0.939124
0.939497
0.939790
0.939768
0.940032
0.940203
0.940679
0.940705
0.940779
0.940666
0.939969
0.939607
0.939477
0.939248
0.939611
0.939730
0.939903
0.940356
0.940350
0.940553
0.940708
0.941050
0.941219
0.940871
0.940672
0.939840
0.939564
0.939036
0.938817
0.939196
0.939781
0.939899
0.940373
0.940602
0.941230
0.941038
0.940849
0.940027
0.939278
0.938518
0.937825
0.937512
0.937175
0.937445
0.938090
0.938456
0.938665
0.939278
0.939483
0.939843
0.939461
0.938652
0.937778
0.936985
0.936322
0.936252
0.936187
0.936138
0.936139
0.936474
0.936467
0.937328
0.937510
0.937901
0.938101
0.937671
0.937110
0.936357
0.936166
0.935865
0.935983
0.936150
0.936445
0.936922
0.937322
0.937968
0.938511
0.938649
0.938280
0.937716
0.937024
0.936955
0.936436
0.936341
0.936861
0.937077
0.937451
0.937767
0.937961
0.938558
0.938971
0.938648
0.938053
0.937260
0.936420
0.936067
0.935763
0.935865
0.935901
0.936664
0.937103
0.937219
0.938025
0.938062
0.937844
0.937132
0.936171
0.935234
0.934544
0.934039
0.933964
0.934286
0.934605
0.935234
0.935393
0.935920
0.936295
0.936676
0.936365
0.935325
0.934896
0.934107
0.933755
0.933469
0.933282
0.933385
0.933867
0.933963
0.933935
0.934194
0.934790
0.935097
0.935199
0.934832
0.934550
0.933801
0.933460
0.933061
0.932922
0.933033
0.933112
0.933444
0.933826
0.933784
0.934054
0.934693
0.934779
0.934932
0.934443
0.934164
0.933286
0.932982
0.932788
0.932842
0.932921
0.933149
0.933505
0.933459
0.933894
0.934286
0.934626
0.934584
0.934490
0.934007
0.933087
0.932605
0.932339
0.932216
0.932229
0.932380
0.932706
0.933289
0.933254
0.933451
0.934169
0.934234
0.933981
0.933662
0.933190
0.932338
0.931945
0.931413
0.931464
0.931427
0.931956
0.932326
0.932787
0.933041
0.933503
0.933384
0.933066
0.932501
0.932060
0.931238
0.930718
0.930161
0.929908
0.930407
0.930706
0.930946
0.931225
0.931488
0.931674
0.931870
0.931644
0.931062
0.930018
0.929335
0.928552
0.928519
0.928237
0.928160
0.928031
0.928207
0.928606
0.929001
0.929655
0.929688
0.929597
0.929105
0.928659
0.927789
0.927370
0.926731
0.926238
0.926467
0.926852
0.926927
0.927209
0.927640
0.927936
0.928197
0.928098
0.927669
0.926542
0.926001
0.925349
0.924979
0.924920
0.924912
0.925018
0.925576
0.926093
0.926726
0.927122
0.926855
0.926307
0.925192
0.924244
0.923627
0.922812
0.922579
0.922746
0.923203
0.923468
0.923816
0.924273
0.924778
0.924520
0.924367
0.923708
0.923062
0.922178
0.921344
0.920745
0.920689
0.921080
0.921226
0.921785
0.922146
0.922590
0.922815
0.922493
0.921955
0.921336
0.920376
0.919647
0.919404
0.919271
0.919470
0.920114
0.920215
0.920700
0.921578
0.921752
0.921336
0.921041
0.920426
0.919580
0.918426
0.918660
0.918855
0.919422
0.920073
0.920647
0.921492
0.922102
0.922811
0.922563
0.922071
0.921778
0.921975
0.921632
0.921891
0.922610
0.922910
0.923845
0.924605
0.924897
0.925889
0.926736
0.927349
0.927663
0.927784
0.928302
0.927865
0.928047
0.928407
0.929108
0.929687
0.930200
0.930943
0.931924
0.932834
0.933344
0.933353
0.933358
0.933189
0.933107
0.933035
0.933334
0.934108
0.934937
0.935438
0.936030
0.936633
0.937255
0.937287
0.936923
0.936564
0.936421
0.936151
0.936053
0.936340
0.936630
0.937467
0.937969
0.938621
0.939410
0.939451
0.939696
0.938951
0.938521
0.938224
0.937782
0.937901
0.938223
0.938318
0.939161
0.939550
0.940173
0.940607
0.941143
0.941348
0.940672
0.940545
0.940276
0.939328
0.939447
0.939674
0.940382
0.940577
0.941200
0.941878
0.942483
0.942982
0.942880
0.943045
0.942648
0.942218
0.942184
0.942437
0.942366
0.942475
0.942773
0.943155
0.943323
0.943774
0.944562
0.945198
0.945696
0.945968
0.945890
0.946010
0.946123
0.946507
0.946604
0.946838
0.947235
0.947841
0.948480
0.949342
0.950244
0.950821
0.951231
0.951220
0.951522
0.951003
0.950880
0.950627
0.950469
0.951001
0.951429
0.952083
0.952522
0.953562
0.954042
0.954211
0.953997
0.953739
0.953479
0.953126
0.952618
0.952859
0.952899
0.953550
0.954328
0.954546
0.955233
0.956041
0.956781
0.957401
0.957419
0.956909
0.956535
0.956585
0.956206
0.956401
0.956518
0.956804
0.957140
0.958089
0.958419
0.959309
0.959834
0.960043
0.960294
0.960013
0.959709
0.960063
0.959933
0.960352
0.959908
0.959831
0.960210
0.960710
0.961154
0.962031
0.962276
0.962324
0.962263
0.962425
0.962172
0.962243
0.962138
0.962145
0.962216
0.962604
0.962316
0.963058
0.963555
0.964457
0.964548
0.964922
0.964883
0.964881
0.964468
0.964362
0.964251
0.964448
0.964693
0.964994
0.964852
0.965440
0.965832
0.966234
0.966444
0.966644
0.966544
0.966015
0.965638
0.965519
0.965211
0.965211
0.965452
0.966070
0.966197
0.966700
0.967536
0.967868
0.968052
0.967752
0.966969
0.966726
0.966294
0.965713
0.965889
0.966071
0.966588
0.966793
0.967591
0.968111
0.968362
0.968438
0.968053
0.967667
0.966970
0.966492
0.966514
0.966480
0.966428
0.966516
0.966729
0.967423
0.967857
0.968416
0.968664
0.968379
0.967962
0.967371
0.966810
0.966341
0.966241
0.966078
0.966146
0.966417
0.966605
0.967064
0.967684
0.967835
0.968404
0.967917
0.967663
0.966923
0.966575
0.966218
0.965969
0.966043
0.966041
0.966487
0.966825
0.967546
0.967935
0.968018
0.968154
0.968012
0.967509
0.966871
0.966503
0.966296
0.966283
0.966130
0.966167
0.966552
0.966615
0.967384
0.968025
0.968145
0.968153
0.967850
0.967615
0.967205
0.966507
0.966403
0.966349
0.965879
0.966310
0.966627
0.966931
0.967171
0.967772
0.968267
0.968370
0.968135
0.967855
0.967343
0.966735
0.966484
0.966277
0.966218
0.966728
0.966887
0.967282
0.967654
0.968145
0.968370
0.968683
0.968411
0.968325
0.967571
0.967024
0.966789
0.966791
0.966779
0.966719
0.967310
0.967505
0.968059
0.968650
0.968812
0.968840
0.968841
0.968576
0.967950
0.967515
0.967273
0.967003
0.967152
0.967008
0.967330
0.967996
0.968358
0.968759
0.969182
0.969040
0.969220
0.968774
0.968385
0.967902
0.967793
0.967427
0.967450
0.967626
0.967809
0.968013
0.968960
0.969455
0.969704
0.969709
0.969305
0.969268
0.968772
0.968193
0.968202
0.967920
0.967600
0.967983
0.968203
0.968497
0.968997
0.969406
0.969716
0.970148
0.969756
0.969537
0.969354
0.968613
0.968389
0.968354
0.968374
0.968919
0.968885
0.969143
0.969571
0.969895
0.970450
0.970837
0.970494
0.970375
0.969842
0.969593
0.969388
0.969214
0.969232
0.969313
0.969815
0.970011
0.970386
0.970719
0.971136
0.971079
0.971339
0.971120
0.970465
0.970218
0.970030
0.969830
0.970083
0.969979
0.970211
0.970670
0.971265
0.971597
0.972001
0.971953
0.972080
0.971724
0.971145
0.970922
0.970715
0.970643
0.970665
0.970750
0.970822
0.971153
0.971839
0.972201
0.972663
0.972522
0.972294
0.972180
0.971846
0.971247
0.971304
0.971200
0.971056
0.971295
0.971538
0.971694
0.972121
0.972528
0.972887
0.973255
0.973005
0.972451
0.972151
0.971729
0.971687
0.971240
0.971587
0.971922
0.972029
0.972473
0.973330
0.973713
0.973788
0.973379
0.973248
0.972527
0.972093
0.971790
0.971733
0.971746
0.972303
0.972790
0.972879
0.973678
0.973863
0.974106
0.973918
0.973679
0.972717
0.972520
0.972025
0.972061
0.971682
0.972242
0.972599
0.973018
0.973361
0.973591
0.974107
0.974193
0.974314
0.974054
0.973461
0.972984
0.972445
0.972160
0.972257
0.972743
0.973265
0.973864
0.973802
0.974271
0.974593
0.975047
0.974632
0.974040
0.973768
0.973305
0.973028
0.972823
0.972974
0.973269
0.973937
0.974114
0.974592
0.975195
0.975169
0.974986
0.974215
0.973677
0.973349
0.972351
0.972445
0.972462
0.973078
0.973341
0.973895
0.973869
0.974289
0.974110
0.973561
0.972742
0.971674
0.970677
0.970061
0.969616
0.969733
0.969874
0.970361
0.970305
0.970828
0.971057
0.971089
0.970795
0.969597
0.969066
0.967902
0.966753
0.966555
0.966433
0.966789
0.967005
0.967541
0.967621
0.968259
0.968402
0.968090
0.967320
0.966437
0.965274
0.964505
0.963996
0.963649
0.963894
0.964742
0.964839
0.965488
0.965977
0.966100
0.965852
0.965072
0.964303
0.963369
0.962661
0.962037
0.961416
0.961631
0.961802
0.962212
0.962939
0.963166
0.963636
0.964234
0.964050
0.963519
0.963170
0.961955
0.961601
0.961560
0.961299
0.961310
0.961776
0.961990
0.962791
0.963072
0.963823
0.963814
0.963499
0.963193
0.962783
0.962005
0.961591
0.961262
0.961022
0.961357
0.962056
0.962494
0.962990
0.963280
0.963599
0.963701
0.963474
0.963015
0.962354
0.961694
0.961142
0.961065
0.960741
0.961058
0.961539
0.962398
0.962609
0.963072
0.963585
0.963284
0.963016
0.962019
0.961296
0.960364
0.960284
0.960051
0.960441
0.960536
0.961218
0.961554
0.961942
0.962420
0.962628
0.962454
0.961806
0.961166
0.960468
0.960163
0.959619
0.959838
0.960074
0.960320
0.960411
0.960666
0.960927
0.961266
0.961759
0.961385
0.961086
0.960765
0.959970
0.959763
0.959422
0.959214
0.959886
0.960129
0.960155
0.960851
0.960893
0.961364
0.961254
0.961092
0.960812
0.960328
0.959758
0.959206
0.958881
0.958806
0.959044
0.959580
0.959659
0.959917
0.960609
0.960668
0.961136
0.960862
0.960103
0.959581
0.958840
0.958167
0.958272
0.958195
0.958155
0.958024
0.958486
0.958857
0.959347
0.959606
0.959786
0.959608
0.959271
0.958915
0.958104
0.957722
0.957186
0.956798
0.956634
0.957261
0.957434
0.957306
0.957919
0.958243
0.958485
0.958378
0.958200
0.957256
0.956618
0.956111
0.955728
0.955329
0.955501
0.955644
0.956056
0.956368
0.957105
0.957471
0.957322
0.957129
0.956471
0.955660
0.955296
0.954402
0.954252
0.954527
0.954826
0.954857
0.955188
0.955265
0.955693
0.955771
0.955662
0.955514
0.954729
0.954319
0.953476
0.953669
0.953361
0.953498
0.953336
0.953885
0.954007
0.954116
0.954557
0.955055
0.954675
0.954298
0.953759
0.952792
0.952582
0.952286
0.952311
0.952248
0.952903
0.952937
0.953162
0.953655
0.953884
0.953879
0.953504
0.952851
0.952471
0.951922
0.951190
0.951275
0.951076
0.951204
0.951767
0.951844
0.951934
0.952634
0.952814
0.952745
0.952159
0.951796
0.951037
0.950822
0.950245
0.949968
0.949930
0.950041
0.950277
0.950533
0.950687
0.951062
0.951309
0.950977
0.950607
0.950227
0.949617
0.949381
0.949119
0.949086
0.949025
0.949245
0.949246
0.949298
0.949654
0.950036
0.950127
0.950191
0.950256
0.950121
0.949505
0.949116
0.948865
0.948571
0.948636
0.948566
0.948720
0.949100
0.949108
0.949293
0.949191
0.949555
0.949698
0.949758
0.948996
0.947370
0.945401
0.943437
0.941648
0.939869
0.938281
0.936681
0.935158
0.933802
0.932129
0.930383
0.928607
0.926370
0.924357
0.922110
0.920215
0.918323
0.916239
0.914183
0.911905
0.909066
0.906934
0.904213
0.901835
0.899155
0.896465
0.893949
0.891407
0.888502
0.885939
0.883194
0.880353
0.877393
0.874494
0.871492
0.868610
0.865655
0.862927
0.859856
0.856668
0.853952
0.850893
0.847793
0.845028
0.842044
0.839304
0.835901
0.833015
0.830219
0.827187
0.824053
0.821257
0.818319
0.815441
0.812666
0.809657
0.807044
0.803748
0.800825
0.798357
0.795454
0.792341
0.789768
0.786906
0.784228
0.781359
0.778511
0.775699
0.773020
0.769926
0.767519
0.764553
0.761989
0.759149
0.756296
0.753624
0.750905
0.748036
0.745467
0.742695
0.740142
0.737218
0.734349
0.731835
0.729137
0.726461
0.723708
0.720957
0.718290
0.715681
0.712941
0.710312
0.707627
0.704924
0.702529
0.699659
0.697034
0.694399
0.691725
0.689252
0.686749
0.683913
0.681496
0.678731
0.676277
0.673740
0.671122
0.668749
0.665998
0.663501
0.661096
0.658557
0.656086
0.653428
0.651119
0.648519
0.646244
0.643664
0.641319
0.638871
0.636502
0.634066
0.631735
0.629285
0.626846
0.624318
0.622110
0.619787
0.617302
0.615122
0.612948
0.610591
0.608071
0.605953
0.603782
0.601479
0.599223
0.597043
0.594727
0.592589
0.590431
0.588448
0.586282
0.584145
0.582327
0.580206
0.578074
0.576149
0.574200
0.572255
0.570409
0.568296
0.566235
0.564403
0.562420
0.560545
0.558780
0.556812
0.555117
0.553402
0.551596
0.549914
0.548371
0.546560
0.544792
0.543419
0.541653
0.539795
0.538259
0.536624
0.534907
0.533367
0.531784
0.530095
0.528709
0.527024
0.525611
0.524144
0.522569
0.521102
0.519572
0.518207
0.516643
0.515192
0.513754
0.512488
0.511129
0.509871
0.508526
0.507278
0.506144
0.504880
0.503647
0.502608
0.501383
0.500192
0.499170
0.498207
0.497068
0.496190
0.495113
0.494175
0.493295
0.492321
0.491546
0.490789
0.489913
0.489069
0.488414
0.487721
0.487027
0.486565
0.485749
0.485057
0.484694
0.484192
0.483666
0.483316
0.482834
0.482475
0.482247
0.481731
0.481568
0.481324
0.481012
0.480829
0.480661
0.480612
0.480438
0.480251
0.480163
0.480185
0.480105
0.480109
0.480222
0.480192
0.480358
0.480332
0.480345
0.480641
0.480794
0.480857
0.481132
0.481294
0.481540
0.481382
0.481933
0.482317
0.482492
0.482700
0.482966
0.483374
0.483617
0.483593
0.484045
0.484426
0.484624
0.485176
0.485320
0.485632
0.485947
0.486182
0.486306
0.486572
0.487051
0.487274
0.487881
0.487960
0.488258
0.488705
0.489033
0.489379
0.489639
0.490085
0.490404
0.490597
0.490863
0.491298
0.491312
0.491749
0.492163
0.492159
0.492545
0.492620
0.493061
0.493442
0.493609
0.493949
0.494524
0.494443
0.494875
0.494971
0.495415
0.496004
0.496306
0.496701
0.497295
0.497418
0.497957
0.498398
0.498432
0.499052
0.499444
0.499920
0.500467
0.500523
0.500921
0.501468
0.501573
0.502130
0.502150
0.502651
0.503287
0.503373
0.503707
0.504276
0.504442
0.504837
0.505318
0.505347
0.505722
0.505722
0.506235
0.506749
0.506736
0.506985
0.507384
0.507136
0.507583
0.507469
0.507670
0.508025
0.507923
0.508210
0.508545
0.508385
0.508602
0.508451
0.508721
0.509083
0.508789
0.508849
0.509353
0.509021
0.509226
0.509554
0.509260
0.509397
0.509219
0.509154
0.509383
0.509081
0.509078
0.509229
0.508906
0.509071
0.508786
0.508896
0.509145
0.508961
0.509186
0.509393
0.509169
0.509260
0.509427
0.509387
0.509349
0.509130
0.509314
0.509603
0.509512
0.509699
0.509845
0.509794
0.509860
0.509723
0.509879
0.510090
0.510152
0.510265
0.510568
0.510296
0.510741
0.511057
0.510938
0.510994
0.511055
0.511266
0.511539
0.511338
0.511593
0.512057
0.511859
0.512026
0.511943
0.512114
0.512513
0.512537
0.512684
0.512911
0.512814
0.513196
0.513361
0.513184
0.513480
0.513391
0.513694
0.513945
0.513818
0.513992
0.514263
0.514223
0.514566
0.514419
0.514582
0.514795
0.514913
0.514993
0.515419
0.515230
0.515463
0.515697
0.515610
0.515833
0.515665
0.516014
0.516113
0.516114
0.516300
0.516545
0.516440
0.516655
0.516473
0.516820
0.517013
0.516746
0.517113
0.517136
0.517079
0.517331
0.517322
0.517519
0.517719
0.517536
0.517606
0.517998
0.517750
0.518106
0.518211
0.518142
0.518235
0.518115
0.518471
0.518577
0.518415
0.518556
0.518753
0.518577
0.518814
0.518556
0.518939
0.519077
0.518890
0.519107
0.519228
0.519150
0.519262
0.519527
0.519381
0.519471
0.519386
0.519374
0.519728
0.519524
0.519631
0.519860
0.519704
0.519937
0.519724
0.519861
0.520106
0.519767
0.520078
0.520197
0.519966
0.520085
0.520295
0.520315
0.520386
0.520110
0.520347
0.520417
0.520330
0.520441
0.520514
0.520412
0.520653
0.520444
0.520503
0.520699
0.520573
0.520549
0.520786
0.520609
0.520669
0.520911
0.520607
0.520759
0.520759
0.520814
0.520856
0.520720
0.520864
0.520981
0.520845
0.520956
0.520739
0.520973
0.520954
0.520878
0.521021
0.521078
0.520956
0.521106
0.520968
0.521112
0.521104
0.521017
0.521159
0.521306
0.521015
0.521159
0.521305
0.521003
0.521141
0.521015
0.521082
0.521280
0.521064
0.521132
0.521354
0.521064
0.521210
0.521064
0.521132
0.521253
0.521075
0.521220
0.521288
0.521075
0.521270
0.521414
0.521124
0.521270
0.521124
0.521281
0.521268
0.521124
0.521270
0.521261
0.521202
0.521270
0.520966
0.521190
0.521257
0.521125
0.521269
0.521248
0.521113
0.521257
0.521248
0.521239
0.521306
0.521092
0.521239
0.521298
0.521163
0.521318
0.521388
0.521163
0.521318
0.521016
0.521163
0.521300
0.521004
0.521163
0.521388
0.521004
0.521318
0.521388
0.521163
0.521312
0.521004
0.521163
0.521388
0.521004
0.521163
0.521388
0.521004
0.521236
0.521004
0.521086
0.521314
0.521004
0.521163
0.521311
0.521004
0.521163
0.521004
0.521004
0.521235
0.521004
0.521130
0.521361
0.521054
0.521208
0.521349
0.521130
0.521290
0.520977
0.521130
0.521363
0.520977
0.521208
0.521361
0.521054
0.521258
0.521027
0.521103
0.521337
0.521103
0.521258
0.521328
0.521103
0.521258
0.521404
0.521103
0.521337
0.521021
0.521103
0.521412
0.521103
0.521181
0.521404
0.521103
0.521261
0.521033
0.521103
0.521337
0.521022
0.521182
0.521405
0.521022
0.521261
0.521405
0.521022
0.521338
0.521034
0.521112
0.521405
0.521034
0.521338
0.521405
0.521022
0.521414
0.521034
0.521112
0.521408
0.521034
0.521255
0.521405
0.521034
0.521332
0.521405
0.521124
0.521326
0.521034
0.521264
0.521323
0.521034
0.521343
0.521405
0.521124
0.521332
0.521034
0.521200
0.521326
0.521034
0.521276
0.521323
0.521110
0.521343
0.521323
0.521200
0.521326
0.520952
0.521276
0.521323
0.521028
0.521276
0.521323
0.521110
0.521355
0.521028
0.521200
0.521337
0.521028
0.521276
0.521323
0.521028
0.521276
0.521028
0.521118
0.521355
0.521028
0.521118
0.521323
0.521028
0.521194
0.521399
0.521118
0.521264
0.521028
0.521118
0.521251
0.521118
0.521193
0.521323
0.521207
0.521354
0.521119
0.521207
0.521342
0.521028
0.521193
0.521414
0.521207
0.521354
0.521490
0.521207
0.521421
0.521209
0.521354
0.521414
0.521207
0.521354
0.521490
0.521207
0.521421
0.521209
0.521278
0.521415
0.521207
0.521354
0.521414
0.521289
0.521421
0.521580
0.521289
0.521415
0.521209
0.521278
0.521414
0.521289
0.521342
0.521504
0.521289
0.521421
0.521209
0.521278
0.521415
0.521289
0.521278
0.521504
0.521289
0.521421
0.521504
0.521278
0.521421
0.521289
0.521278
0.521504
0.521289
0.521278
0.521504
0.521289
0.521345
0.521215
0.521278
0.521511
0.521289
0.521278
0.521504
0.521289
0.521278
0.521215
0.521289
0.521421
0.521213
0.521278
0.521504
0.521213
0.521278
0.521586
0.521289
0.521354
0.521215
0.521289
0.521517
0.521213
0.521354
0.521586
0.521213
0.521354
0.521215
0.521213
0.521348
0.521213
0.521366
0.521586
0.521213
0.521354
0.521586
0.521213
0.521354
0.521215
0.521289
0.521504
0.521213
0.521289
0.521586
0.521213
0.521289
0.521215
0.521289
0.521415
0.521213
0.521289
0.521504
0.521213
0.521289
0.521504
0.521213
0.521357
0.521215
0.521289
0.521414
0.521213
0.521289
0.521504
0.521213
0.521357
0.521132
0.521289
0.521421
0.521213
0.521289
0.521414
0.521213
0.521278
0.521504
0.521213
0.521421
0.521131
0.521289
0.521414
0.521131
0.521366
0.521504
0.521213
0.521421
0.521132
0.521213
0.521415
0.521131
0.521366
0.521504
0.521131
0.521354
0.521132
0.521213
0.521421
0.521131
0.521289
0.521414
0.521131
0.521354
0.521504
0.521131
0.521354
0.521132
0.521207
0.521415
0.521131
0.521278
0.521414
0.521131
0.521278
0.521132
0.521207
0.521348
0.521131
0.521207
0.521414
0.521131
0.521195
0.521414
0.521207
0.521195
0.521132
0.521207
0.521259
0.521131
0.521195
0.521414
0.521131
0.521195
0.521132
0.521207
0.521266
0.521131
0.521207
0.521338
0.521131
0.521195
0.521504
0.521131
0.521266
0.521132
0.521207
0.521344
0.521131
0.521207
0.521504
0.521131
0.521266
0.521132
0.521207
0.521421
0.521131
0.521289
0.521504
0.521131
0.521289
0.521504
0.521131
0.521433
0.521132
0.521213
0.521504
0.521131
0.521289
0.521504
0.521131
0.521433
0.521132
0.521213
0.521427
0.521131
0.521289
0.521504
0.521131
0.521366
0.521504
0.521213
0.521427
0.521131
0.521213
0.521504
0.521131
0.521289
0.521504
0.521213
0.521289
0.521132
0.521213
0.521505
0.521131
0.521289
0.521504
0.521131
0.521289
0.521132
0.521213
0.521278
0.521131
0.521213
0.521504
0.521131
0.521289
0.521504
0.521213
0.521278
0.521132
0.521213
0.521432
0.521131
0.521289
0.521504
0.521131
0.521278
0.521132
0.521213
0.521342
0.521131
0.521213
0.521504
0.521131
0.521278
0.521504
0.521131
0.521342
0.521132
0.521131
0.521414
0.521131
0.521289
0.521504
0.521131
0.521278
0.521132
0.521131
0.521415
0.521131
0.521207
0.521504
0.521131
0.521289
0.521504
0.521131
0.521345
0.521132
0.521131
0.521338
0.521131
0.521207
0.521504
0.521131
0.521207
0.521132
0.521131
0.521339
0.521131
0.521207
0.521414
0.521131
0.521207
0.521504
0.521131
0.521207
0.521131
0.521131
0.521414
0.521131
0.521207
0.521504
0.521131
0.521207
0.521132
0.521131
0.521354
0.521131
0.521131
0.521504
0.521131
0.521207
0.521132
0.521131
0.521354
0.521131
0.521131
0.521504
0.521131
0.521131
0.521504
0.521131
0.521354
0.521132
0.521131
0.521505
0.521131
0.521131
0.521504
0.521131
0.521289
0.521132
0.521131
0.521415
0.521131
0.521131
0.521504
0.521131
0.521289
0.521504
0.521131
0.521266
0.521132
0.521131
0.521428
0.521131
0.521213
0.521504
0.521131
0.521278
0.521132
0.521131
0.521421
0.521131
0.521213
0.521504
0.521131
0.521213
0.521504
0.521131
0.521354
0.521132
0.521131
0.521510
0.521131
0.521213
0.521504
0.521131
0.521289
0.521132
0.521131
0.521421
0.521131
0.521131
0.521504
0.521131
0.521289
0.521504
0.521131
0.521289
0.521131
0.521131
0.521504
0.521131
0.521213
0.521504
0.521131
0.521289
0.521132
0.521131
0.521284
0.521131
0.521131
0.521504
0.521131
0.521207
0.521132
0.521131
0.521289
0.521131
0.521131
0.521414
0.521131
0.521131
0.521504
0.521131
0.521207
0.521132
0.521131
0.521333
0.521131
0.521131
0.521504
0.521131
0.521207
0.521132
0.521131
0.521339
0.521131
0.521131
0.521504
0.521131
0.521131
0.521504
0.521131
0.521272
0.521132
0.521131
0.521510
0.521131
0.521131
0.521504
0.521131
0.521207
0.521132
0.521131
0.521345
0.521131
0.521131
0.521504
0.521131
0.521213
0.521504
0.521131
0.521278
0.521132
0.521131
0.521504
0.521131
0.521213
0.521504
0.521131
0.521213
0.521132
0.521131
0.521348
0.521131
0.521131
0.521504
0.521131
0.521213
0.521504
0.521131
0.521289
0.521132
0.521131
0.521504
0.521131
0.521131
0.521504
0.521131
0.521289
0.521132
0.521131
0.521351
0.521131
0.521131
0.521504
0.521131
0.521131
0.521504
0.521131
0.521357
0.521131
0.521131
0.521504
0.521131
0.521131
0.521504
0.521131
0.521207
0.521132
0.521131
0.521421
0.521131
0.521131
0.521504
0.521131
0.521131
0.521132
0.521131
0.521260
0.521131
0.521131
0.521414
0.521131
0.521131
0.521504
0.521131
0.521195
0.521132
0.521131
0.521415
0.521131
0.521131
0.521504
0.521131
0.521131
0.521132
0.521131
0.521272
0.521131
0.521131
0.521504
0.521131
0.521131
0.521504
0.521131
0.521213
0.521132
0.521131
0.521428
0.521131
0.521131
0.521504
0.521131
0.521131
0.521132
0.521131
0.521447
0.521131
0.521131
0.521504
0.521131
0.521131
0.521504
0.521131
0.521213
0.521132
0.521131
0.521510
0.521131
0.521131
0.521504
0.521131
0.521213
0.521132
0.521131
0.521421
0.521131
0.521131
0.521504
0.521131
0.521131
0.521504
0.521131
0.521278
0.521131
0.521131
0.521504
0.521131
0.521131
0.521504
0.521131
0.521289
0.521132
0.521131
0.521336
0.521131
0.521131
0.521504
0.521131
0.521131
0.521132
0.521131
0.521354
0.521131
0.521131
0.521504
0.521131
0.521131
0.521504
0.521131
0.521131
0.521132
0.521131
0.521333
0.521131
0.521131
0.521504
0.521131
0.521131
0.521132
0.521131
0.521207
0.521131
0.521131
0.521504
0.521131
0.521131
0.521504
0.521131
0.521131
0.521132
0.521131
0.521350
0.521131
0.521131
0.521504
0.521131
0.521131
0.521132
0.521131
0.521281
0.521131
0.521131
0.521504
0.521131
0.521131
0.521504
0.521131
0.521213
0.521132
0.521131
0.521504
0.521131
0.521131
0.521504
0.521131
0.521213
0.521132
0.521131
0.521438
0.521131
0.521131
0.521504
0.521131
0.521131
0.521504
0.521131
0.521354
0.521131
0.521131
0.521504
0.521131
0.521131
0.521504
0.521131
0.521131
0.521132
0.521131
0.521433
0.521131
0.521131
0.521504
0.521131
0.521131
0.521132
0.521131
0.521283
0.521131
0.521131
0.521414
0.521131
0.521131
0.521504
0.521131
0.521131
0.521132
0.521131
0.521345
0.521131
0.521131
0.521504
0.521131
0.521131
0.521132
0.521131
0.521119
0.521131
0.521131
0.521504
0.521131
0.521131
0.521504
0.521131
0.521131
0.521132
0.521131
0.521428
0.521131
0.521131
0.521504
0.521131
0.521131
0.521132
0.521131
0.521278
0.521131
0.521131
0.521504
0.521131
0.521131
0.521504
0.521131
0.521213
0.521132
0.521131
0.521510
0.521131
0.521131
0.521504
0.521131
0.521131
0.521132
0.521131
0.521433
0.521131
0.521131
0.521504
0.521131
0.521131
0.521504
0.521131
0.521283
0.521131
0.521131
0.521504
0.521131
0.521131
0.521504
0.521131
0.521131
0.521132
0.521131
0.521427
0.521131
0.521131
0.521504
0.521131
0.521131
0.521504
0.521131
0.521131
0.521131
0.521131
0.521504
0.521131
0.521131
0.521504
0.521131
0.521131
0.521132
0.522158
0.522874
0.523596
0.524011
0.523604
0.522467
0.521166
0.520698
0.520830
0.521066
0.521890
0.522607
0.522832
0.523040
0.522608
0.522343
0.521898
0.521990
0.521597
0.521840
0.521783
0.521889
0.522120
0.522361
0.521968
0.522081
0.521880
0.521849
0.521984
0.521832
0.521849
0.521252
0.519847
0.517826
0.515556
0.513158
0.509525
0.505638
0.500968
0.497439
0.494334
0.491678
0.489394
0.486827
0.484146
0.480752
0.477673
0.473831
0.469923
0.466359
0.462690
0.458996
0.455339
0.451630
0.447765
0.444070
0.439838
0.435971
0.431824
0.428239
0.424540
0.420306
0.416467
0.412175
0.408104
0.403991
0.399361
0.395204
0.391089
0.386474
0.382088
0.378064
0.373361
0.368980
0.364299
0.359933
0.355505
0.350692
0.346305
0.341743
0.337092
0.332548
0.327627
0.323012
0.318454
0.313777
0.309007
0.304467
0.299837
0.295003
0.290307
0.285887
0.281551
0.276771
0.272439
0.268112
0.263548
0.259210
0.255185
0.251016
0.246859
0.242586
0.238724
0.234807
0.230666
0.227117
0.223203
0.219642
0.215898
0.212249
0.208843
0.205361
0.201921
0.198648
0.195472
0.192145
0.189016
0.186118
0.182842
0.180120
0.177108
0.174411
0.171743
0.168863
0.166168
0.163594
0.160925
0.158416
0.155805
0.153300
0.150939
0.148525
0.146341
0.144077
0.141473
0.139492
0.137265
0.135103
0.133137
0.130952
0.129026
0.127077
0.124934
0.123112
0.121159
0.119219
0.117421
0.115427
0.113897
0.112138
0.110126
0.108620
0.107071
0.105262
0.103818
0.101905
0.100512
0.099087
0.097451
0.095894
0.094335
0.092961
0.091494
0.090102
0.088613
0.087509
0.085938
0.084624
0.083610
0.082029
0.080745
0.079580
0.078241
0.077122
0.075770
0.074689
0.073540
0.072450
0.071327
0.070258
0.069185
0.068155
0.067118
0.066081
0.065044
0.064163
0.063237
0.062243
0.061344
0.060469
0.059593
0.058723
0.057749
0.057071
0.056350
0.055209
0.054630
0.053710
0.053109
0.052389
0.051634
0.051038
0.050078
0.049518
0.048641
0.048346
0.048012
0.047468
0.047557
0.047492
0.047112
0.046769
0.046212
0.045039
0.044460
0.043472
0.042807
0.042276
0.041842
0.041451
0.041110
0.040617
0.040083
0.039493
0.038763
0.038419
0.037849
0.037362
0.036822
0.036656
0.036178
0.036166
0.035765
0.035232
0.035296
0.034836
0.034790
0.033637
0.032899
0.032147
0.031738
0.032065
0.032963
0.034201
0.034786
0.034689
0.034130
0.032971
0.032449
0.031868
0.031653
0.032137
0.032195
0.032753
0.032331
0.032493
0.032298
0.032399
0.031974
0.031702
0.031223
0.031737
0.031359
0.031771
0.031624
0.031328
0.031720
0.030266
0.029064
0.028143
0.027841
0.028256
0.029875
0.031893
0.033230
0.033117
0.031890
0.030727
0.029718
0.029041
0.028824
0.029592
0.029917
0.030536
0.031161
0.031192
0.030721
0.031000
0.030507
0.028865
0.027798
0.027102
0.027089
0.027441
0.030063
0.032046
0.032932
0.032859
0.031469
0.029979
0.028995
0.028460
0.028874
0.029090
0.030100
0.030389
0.031249
0.030974
0.031386
0.030908
0.030719
0.031053
0.030657
0.030421
0.031091
0.031091
0.031616
0.031451
0.031264
0.030328
0.028532
0.027357
0.027601
0.028152
0.029952
0.032225
0.033261
0.033127
0.031565
0.030787
0.029006
0.028939
0.028827
0.029127
0.029878
0.030238
0.030795
0.031246
0.030939
0.030624
0.030748
0.030558
0.030125
0.030637
0.029016
0.027853
0.027083
0.026749
0.027260
0.029439
0.031647
0.033188
0.032403
0.031578
0.030253
0.029008
0.028481
0.028262
0.029118
0.029394
0.030434
0.030423
0.030903
0.030688
0.031024
0.030587
0.030287
0.030630
0.030566
0.030443
0.029520
0.027716
0.026917
0.027041
0.027705
0.029705
0.031826
0.032873
0.032730
0.031961
0.030526
0.029404
0.028669
0.028657
0.028678
0.029726
0.030627
0.030766
0.031244
0.030900
0.030504
0.030754
0.030379
0.030136
0.029098
0.027497
0.026474
0.026723
0.027560
0.029462
0.031635
0.032462
0.032428
0.031536
0.029959
0.028820
0.028146
0.028045
0.028289
0.029235
0.030000
0.030136
0.030451
0.030289
0.029759
0.029878
0.029351
0.029298
0.028247
0.026403
0.025575
0.025786
0.026544
0.028721
0.030701
0.031573
0.031511
0.030714
0.029377
0.028147
0.027408
0.027472
0.027790
0.028774
0.029458
0.029679
0.030165
0.029868
0.029309
0.029728
0.029506
0.029209
0.028235
0.026653
0.025726
0.025910
0.026684
0.028589
0.030918
0.031842
0.031631
0.030876
0.029371
0.028214
0.027557
0.027590
0.027695
0.028812
0.029694
0.029840
0.030365
0.030101
0.029559
0.029962
0.029780
0.029594
0.030015
0.028699
0.027510
0.026714
0.026296
0.027118
0.029262
0.031345
0.032928
0.032910
0.031574
0.030231
0.028961
0.028316
0.028296
0.029222
0.029600
0.030490
0.031297
0.031117
0.031563
0.031139
0.030936
0.030520
0.030982
0.030780
0.029835
0.028231
0.027153
0.027505
0.028100
0.030146
0.032168
0.032895
0.032698
0.031327
0.029800
0.028766
0.028023
0.028531
0.028683
0.029748
0.029877
0.030484
0.030419
0.030726
0.030271
0.030880
0.030464
0.030267
0.030160
0.030631
0.030578
0.029722
0.027912
0.026851
0.027077
0.027815
0.029814
0.032031
0.033167
0.033099
0.031687
0.030988
0.029690
0.029169
0.029159
0.029422
0.030343
0.031486
0.031649
0.032233
0.031837
0.031709
0.032080
0.031825
0.031704
0.032478
0.030871
0.029831
0.028981
0.028701
0.029471
0.031564
0.033801
0.035477
0.034743
0.034010
0.032542
0.031320
0.030721
0.030563
0.031520
0.031801
0.032594
0.032657
0.033144
0.032734
0.032963
0.032518
0.032179
0.032557
0.032414
0.032320
0.032924
0.031350
0.030231
0.029292
0.028900
0.029732
0.031878
0.033979
0.035775
0.035849
0.034554
0.033012
0.031937
0.031464
0.031466
0.032380
0.032786
0.033862
0.034753
0.034591
0.034989
0.034659
0.034351
0.033914
0.034426
0.034256
0.033386
0.031552
0.030615
0.030952
0.031546
0.033565
0.035711
0.036738
0.036646
0.033659
0.031985
0.030808
0.030324
0.030923
0.031256
0.032315
0.032735
0.033765
0.033771
0.034371
0.034167
0.034111
0.034731
0.034707
0.034935
0.035589
0.035649
0.036660
0.036664
0.036526
0.036037
0.034452
0.033855
0.033860
0.034348
0.035839
0.037526
0.038395
0.038503
0.038089
0.036630
0.036056
0.035424
0.035119
0.035309
0.035895
0.036620
0.036632
0.037143
0.036643
0.036402
0.036653
0.036282
0.036159
0.036791
0.035417
0.035376
0.036009
0.034593
0.033514
0.032705
0.032430
0.033090
0.035274
0.037638
0.039732
0.039860
0.038681
0.037341
0.036435
0.036030
0.035867
0.037016
0.037683
0.038848
0.039427
0.039409
0.040002
0.039600
0.039096
0.038758
0.039149
0.038901
0.039321
0.039132
0.037740
0.036384
0.035237
0.035311
0.035446
0.038349
0.039677
0.041452
0.041277
0.038436
0.036750
0.035560
0.035031
0.035596
0.035749
0.036984
0.037515
0.038045
0.038051
0.038721
0.038461
0.038141
0.038877
0.038639
0.038585
0.039518
0.039490
0.039545
0.039327
0.038339
0.037398
0.036865
0.037294
0.038782
0.040459
0.041361
0.041570
0.041117
0.039902
0.038846
0.038068
0.037420
0.037630
0.038584
0.039399
0.039154
0.039599
0.039049
0.038717
0.038937
0.039079
0.038871
0.039229
0.038913
0.039257
0.039121
0.039198
0.039731
0.038379
0.037451
0.036625
0.036156
0.036566
0.038282
0.040022
0.041438
0.040698
0.040209
0.039187
0.038354
0.037671
0.037401
0.038028
0.037952
0.038877
0.038990
0.039435
0.039162
0.039425
0.038874
0.038149
0.038647
0.038585
0.038414
0.038795
0.037541
0.036545
0.035434
0.034871
0.035127
0.036622
0.038518
0.040112
0.040231
0.039204
0.038081
0.037255
0.036768
0.036776
0.037650
0.037966
0.039076
0.039705
0.039641
0.039318
0.039797
0.039537
0.039192
0.039770
0.039723
0.039520
0.040003
0.039740
0.039066
0.037217
0.036356
0.036195
0.036557
0.038040
0.039540
0.040468
0.040645
0.039491
0.038836
0.037162
0.037169
0.036892
0.037110
0.038213
0.038558
0.039347
0.039773
0.039680
0.039458
0.039844
0.039670
0.039627
0.040020
0.040083
0.040334
0.040974
0.040910
0.040444
0.038973
0.037821
0.037920
0.037946
0.039554
0.041352
0.041576
0.041480
0.040167
0.038653
0.037196
0.036170
0.036675
0.036887
0.037744
0.037977
0.038844
0.038688
0.038606
0.038175
0.037843
0.038075
0.037792
0.037567
0.038422
0.038406
0.039058
0.038026
0.037317
0.036186
0.035597
0.036065
0.037426
0.039462
0.041227
0.040694
0.040426
0.039377
0.038917
0.038313
0.038311
0.039033
0.039410
0.040217
0.040308
0.040965
0.040847
0.041161
0.040889
0.040548
0.040867
0.040836
0.040799
0.041248
0.040869
0.041235
0.039895
0.038532
0.037622
0.036822
0.036989
0.038451
0.040268
0.041101
0.041135
0.040868
0.039756
0.038873
0.038379
0.038316
0.038525
0.039578
0.040567
0.040680
0.041474
0.041219
0.041854
0.041628
0.041494
0.041353
0.042015
0.042043
0.042616
0.042530
0.042432
0.041601
0.039843
0.038968
0.039032
0.039427
0.040713
0.042278
0.043025
0.043047
0.042400
0.041061
0.040040
0.039260
0.038962
0.038957
