0.797221
0.797221
0.797221
0.797221
0.797221
0.797221
0.797221
0.797221
0.797221
0.797221
0.797221
0.797221
0.797221
0.797221
0.797221
0.797221
0.797221
0.797221
0.797221
0.797221
0.797221
0.797221
0.797115
0.797191
0.797246
0.797319
0.797213
0.796919
0.796104
0.794767
0.792843
0.790357
0.787267
0.783841
0.780528
0.777082
0.774007
0.770911
0.767830
0.764544
0.761132
0.757169
0.753235
0.749185
0.744952
0.740874
0.736920
0.732975
0.729181
0.725293
0.721310
0.717395
0.713409
0.709387
0.705486
0.701672
0.697542
0.693649
0.689775
0.685904
0.682100
0.678204
0.674296
0.670514
0.666478
0.662809
0.658882
0.655096
0.651267
0.647408
0.643701
0.639957
0.636141
0.632363
0.628515
0.624920
0.621139
0.617370
0.613749
0.609917
0.606333
0.602607
0.598935
0.595333
0.591699
0.588106
0.584495
0.580810
0.577309
0.573588
0.570108
0.566547
0.563132
0.559529
0.555881
0.552468
0.548963
0.545522
0.542160
0.538626
0.535103
0.531637
0.528312
0.524924
0.521606
0.518208
0.514757
0.511365
0.508162
0.504698
0.501312
0.498128
0.494819
0.491564
0.488259
0.484972
0.481770
0.478454
0.475397
0.472064
0.468840
0.465684
0.462399
0.459386
0.456163
0.453097
0.449920
0.446824
0.443731
0.440720
0.437559
0.434655
0.431467
0.428526
0.425478
0.422531
0.419643
0.416592
0.413608
0.410656
0.407782
0.405142
0.402117
0.399469
0.396759
0.394137
0.391362
0.388565
0.385716
0.382883
0.380053
0.377337
0.374698
0.371944
0.369164
0.366293
0.363492
0.360670
0.357734
0.354983
0.352006
0.349328
0.346549
0.343861
0.341081
0.338421
0.335664
0.332988
0.330262
0.327696
0.324974
0.322416
0.319697
0.317190
0.314686
0.311953
0.309458
0.306912
0.304428
0.301963
0.299513
0.296970
0.294566
0.292141
0.289731
0.287294
0.284934
0.282652
0.280134
0.277830
0.275552
0.273267
0.270922
0.268627
0.266370
0.264184
0.261945
0.259769
0.257614
0.255437
0.253189
0.251174
0.249046
0.246921
0.244769
0.242837
0.240816
0.238864
0.236899
0.234945
0.232971
0.231073
0.229031
0.227235
0.225246
0.223528
0.221599
0.219733
0.217948
0.216146
0.214333
0.212462
0.210746
0.208986
0.207258
0.205497
0.203821
0.202033
0.200360
0.198687
0.197098
0.195302
0.193717
0.191929
0.190365
0.188802
0.187175
0.185605
0.183933
0.182518
0.180901
0.179279
0.177758
0.176383
0.174616
0.173189
0.171714
0.170313
0.168785
0.167312
0.165887
0.164425
0.162997
0.161627
0.160069
0.158776
0.157369
0.155930
0.154614
0.153275
0.151892
0.150615
0.149153
0.147768
0.146471
0.145105
0.143857
0.142420
0.141225
0.139870
0.138619
0.137275
0.136042
0.134797
0.133404
0.132284
0.131057
0.129781
0.128597
0.127434
0.126073
0.124859
0.123672
0.122599
0.121339
0.120191
0.119014
0.117869
0.116710
0.115515
0.114423
0.113254
0.112182
0.111148
0.109924
0.108820
0.107740
0.106655
0.105709
0.104576
0.103472
0.102474
0.101333
0.100256
0.099403
0.098282
0.097399
0.096389
0.095338
0.094362
0.093365
0.092477
0.091456
0.090551
0.089599
0.088766
0.087555
0.086861
0.085934
0.085046
0.084203
0.083286
0.082537
0.081560
0.080695
0.079918
0.079078
0.078359
0.077428
0.076603
0.075763
0.075079
0.074115
0.073439
0.072590
0.071819
0.071133
0.070208
0.069552
0.068787
0.068063
0.067365
0.066410
0.065708
0.064956
0.064386
0.063714
0.063057
0.062248
0.061653
0.060851
0.060222
0.059567
0.058873
0.058204
0.057553
0.056963
0.056359
0.055707
0.055089
0.054468
0.053849
0.053268
0.052571
0.052094
0.051599
0.050871
0.050269
0.049735
0.049179
0.048568
0.047968
0.047538
0.047008
0.046387
0.045874
0.045316
0.044828
0.044412
0.043737
0.043309
0.042786
0.042274
0.041803
0.041251
0.040771
0.040407
0.039932
0.039401
0.038867
0.038458
0.038084
0.037551
0.037185
0.036734
0.036249
0.035903
0.035482
0.035075
0.034664
0.034290
0.033933
0.033461
0.033173
0.032806
0.032336
0.031944
0.031652
0.031301
0.030881
0.030611
0.030217
0.029913
0.029573
0.029205
0.028890
0.028618
0.028246
0.027934
0.027641
0.027302
0.027044
0.026738
0.026523
0.026245
0.025898
0.025684
0.025329
0.025120
0.024887
0.024651
0.024373
0.024138
0.023850
0.023697
0.023403
0.023188
0.023008
0.022833
0.022596
0.022292
0.022111
0.021914
0.021665
0.021520
0.021289
0.021083
0.020875
0.020734
0.020540
0.020358
0.020239
0.020046
0.019832
0.019579
0.019460
0.019267
0.019088
0.018935
0.018812
0.018672
0.018460
0.018341
0.018153
0.018020
0.017871
0.017720
0.017521
0.017409
0.017307
0.017150
0.016993
0.016913
0.016772
0.016619
0.016542
0.016408
0.016234
0.016150
0.016070
0.015957
0.015794
0.015732
0.015579
0.015460
0.015380
0.015303
0.015164
0.015004
0.014965
0.014852
0.014812
0.014696
0.014505
0.014461
0.014382
0.014342
0.014189
0.014088
0.014048
0.013927
0.013854
0.013735
0.013695
0.013611
0.013516
0.013436
0.013319
0.013240
0.013160
0.013087
0.013073
0.012931
0.012891
0.012778
0.012734
0.012655
0.012655
0.012535
0.012474
0.012360
0.012360
0.012321
0.012241
0.012201
0.012085
0.012045
0.012001
0.011939
0.011900
0.011820
0.011746
0.011707
0.011627
0.011627
0.011587
0.011507
0.011452
0.011412
0.011372
0.011333
0.011293
0.011253
0.011209
0.011176
0.011096
0.011096
0.011056
0.010995
0.010955
0.010955
0.010915
0.010842
0.010802
0.010802
0.010722
0.010722
0.010682
0.010682
0.010603
0.010570
0.010508
0.010504
0.010464
0.010421
0.010421
0.010381
0.010341
0.010301
0.010301
0.010301
0.010261
0.010221
0.010221
0.010182
0.010182
0.010142
0.010102
0.010102
0.010062
0.010062
0.010062
0.009983
0.009983
0.009983
0.009943
0.009943
0.009899
0.009859
0.009859
0.009859
0.009819
0.009819
0.009779
0.009779
0.009739
0.009739
0.009739
0.009739
0.009660
0.009660
0.009660
0.009620
0.009620
0.009620
0.009620
0.009540
0.009540
0.009540
0.009540
0.009540
0.009501
0.009501
0.009501
0.009501
0.009461
0.009461
0.009461
0.009461
0.009461
0.009421
0.009421
0.009421
0.009421
0.009421
0.009382
0.009377
0.009377
0.009377
0.009377
0.009338
0.009338
0.009338
0.009338
0.009338
0.009338
0.009298
0.009298
0.009298
0.009298
0.009298
0.009298
0.009258
0.009258
0.009258
0.009258
0.009258
0.009258
0.009258
0.009218
0.009218
0.009218
0.009218
0.009218
0.009218
0.009218
0.009218
0.009218
0.009218
0.009218
0.009218
0.009218
0.009218
0.009218
0.009218
0.009218
0.009218
0.009218
0.009218
0.009218
0.009218
0.009218
0.009218
0.009218
0.009218
0.009218
0.009218
0.009218
0.009218
0.009218
0.009218
0.009218
0.009218
0.009218
0.009218
0.009218
0.009218
0.009218
0.009218
0.009218
0.009218
0.009218
0.009218
0.009218
0.009218
0.009218
0.009218
0.009218
0.009218
0.009218
