1.112020
1.112020
1.112020
1.112020
1.112020
1.112020
1.112020
1.112020
1.111958
1.111872
1.111770
1.111627
1.111473
1.111341
1.111205
1.111030
1.110874
1.110712
1.110457
1.110189
1.109954
1.109561
1.109071
1.108403
1.107606
1.106759
1.105729
1.104728
1.103631
1.102588
1.101484
1.100396
1.099312
1.098182
1.096978
1.095713
1.094532
1.093218
1.091872
1.090575
1.089302
1.087883
1.086484
1.085078
1.083533
1.082095
1.080528
1.079072
1.077511
1.076004
1.074548
1.073092
1.071640
1.070241
1.068787
1.067306
1.065873
1.064473
1.063038
1.061577
1.060113
1.058625
1.057146
1.055730
1.054083
1.052467
1.050921
1.049317
1.047735
1.046168
1.044510
1.042724
1.040981
1.039033
1.037095
1.035245
1.033526
1.031762
1.029917
1.028121
1.026279
1.024272
1.022229
1.020244
1.018150
1.016166
1.014251
1.012304
1.010249
1.008363
1.006344
1.004218
1.002132
1.000043
0.998009
0.995886
0.993916
0.991896
0.989820
0.987787
0.985750
0.983618
0.981392
0.979387
0.977226
0.975142
0.973037
0.970939
0.968928
0.966745
0.964742
0.962449
0.960424
0.958101
0.955888
0.953716
0.951575
0.949439
0.947333
0.945114
0.942958
0.940750
0.938461
0.936244
0.933968
0.931716
0.929483
0.927210
0.924883
0.922552
0.920286
0.917969
0.915711
0.913488
0.911287
0.909121
0.906909
0.904673
0.902362
0.900067
0.897747
0.895525
0.893222
0.890979
0.888684
0.886438
0.884109
0.881798
0.879560
0.877152
0.874802
0.872525
0.870160
0.867881
0.865479
0.863150
0.860783
0.858312
0.855995
0.853505
0.851229
0.848958
0.846655
0.844480
0.842192
0.840122
0.838045
0.836232
0.834625
0.833011
0.831569
0.829866
0.828127
0.826093
0.823690
0.821237
0.818529
0.815945
0.813459
0.811052
0.808851
0.806524
0.804250
0.802061
0.799804
0.797516
0.795096
0.792856
0.790461
0.788201
0.786005
0.783858
0.781822
0.779742
0.777738
0.775815
0.773861
0.772155
0.770367
0.768672
0.767092
0.765483
0.763901
0.762205
0.760681
0.758936
0.757109
0.755072
0.752993
0.750942
0.749049
0.747173
0.745340
0.743642
0.742236
0.740688
0.739346
0.737940
0.736478
0.734995
0.733481
0.731953
0.730476
0.729176
0.727780
0.726467
0.725184
0.723753
0.722346
0.720824
0.719341
0.717809
0.716415
0.714959
0.713668
0.712490
0.711232
0.709895
0.708516
0.707067
0.705698
0.704289
0.702954
0.701745
0.700503
0.699262
0.698042
0.696660
0.695249
0.693918
0.692582
0.691279
0.690079
0.688962
0.687871
0.686668
0.685529
0.684159
0.682724
0.681486
0.680195
0.678936
0.677747
0.676590
0.675516
0.674287
0.673221
0.671982
0.670696
0.669386
0.668241
0.666988
0.665905
0.664910
0.663773
0.662717
0.661640
0.660412
0.659211
0.657985
0.656783
0.655618
0.654606
0.653582
0.652584
0.651591
0.650504
0.649452
0.648381
0.647339
0.646271
0.645304
0.644279
0.643349
0.642382
0.641437
0.640470
0.639510
0.638513
0.637711
0.636675
0.635861
0.634870
0.633994
0.633111
0.632255
0.631356
0.630517
0.629638
0.628727
0.627967
0.627011
0.626197
0.625296
0.624520
0.623671
0.622871
0.622111
0.621305
0.620460
0.619700
0.618872
0.618132
0.617449
0.616593
0.615913
0.615216
0.614342
0.613716
0.612974
0.612343
0.611591
0.610896
0.610254
0.609613
0.608850
0.608298
0.607520
0.606859
0.606287
0.605621
0.604972
0.604422
0.603753
0.603133
0.602596
0.602055
0.601377
0.600913
0.600294
0.599751
0.599177
0.598663
0.598027
0.597535
0.597007
0.596517
0.596108
0.595500
0.594974
0.594563
0.594037
0.593608
0.593139
0.592621
0.592276
0.591792
0.591294
0.590928
0.590472
0.590046
0.589720
0.589214
0.588857
0.588465
0.588139
0.587772
0.587389
0.586992
0.586611
0.586281
0.585897
0.585534
0.585207
0.584855
0.584430
0.584167
0.583819
0.583459
0.583175
0.582850
0.582561
0.582284
0.581997
0.581598
0.581382
0.581057
0.580759
0.580446
0.580189
0.579971
0.579609
0.579316
0.579034
0.578748
0.578495
0.578263
0.577999
0.577690
0.577467
0.577212
0.576977
0.576676
0.576464
0.576304
0.576005
0.575772
0.575488
0.575337
0.575126
0.574916
0.574679
0.574418
0.574295
0.574119
0.573848
0.573705
0.573484
0.573295
0.573159
0.573005
0.572843
0.572648
0.572467
0.572293
0.572135
0.571946
0.571760
0.571660
0.571522
0.571393
0.571178
0.571088
0.570919
0.570738
0.570600
0.570550
0.570408
0.570272
0.570139
0.672505
0.672326
0.672288
0.672163
0.672018
0.671944
0.671913
0.671746
0.671703
0.671615
0.671447
0.671304
0.671168
0.670991
0.670791
0.670660
0.670434
0.670260
0.670111
0.669916
0.669698
0.669493
0.669264
0.669096
0.668862
0.668684
0.668491
0.668254
0.668125
0.667917
0.667662
0.667513
0.667345
0.667094
0.666995
0.666776
0.666580
0.666361
0.666204
0.666000
0.665739
0.665388
0.664987
0.664406
0.663825
0.663005
0.662202
0.661298
0.660309
0.659472
0.658640
0.657935
0.657263
0.656785
0.656122
0.655490
0.655010
0.654453
0.653930
0.653461
0.653053
0.652692
0.652218
0.651879
0.651486
0.651073
0.650726
0.650279
0.649847
0.649519
0.539731
0.539383
0.538943
0.538659
0.538278
0.537959
0.537670
0.537255
0.536819
0.536419
0.536019
0.535573
0.535182
0.534747
0.534356
0.533951
0.533589
0.533138
0.532587
0.531888
0.531073
0.530222
0.529310
0.528289
0.527352
0.526206
0.525294
0.524343
0.523562
0.522684
0.521922
0.521195
0.520324
0.519468
0.518561
0.517595
0.516586
0.515596
0.514639
0.513854
0.512887
0.512053
0.511189
0.510357
0.509519
0.508649
0.507830
0.506988
0.506142
0.505338
0.504496
0.503742
0.502864
0.502153
0.501200
0.500367
0.499424
0.498353
0.497382
0.496460
0.495624
0.494834
0.494065
0.493354
0.492544
0.491799
0.490971
0.490253
0.489599
0.489040
0.488481
0.487686
0.486843
0.486027
0.485190
0.484354
0.483633
0.482822
0.482094
0.481326
0.480760
0.480363
0.479843
0.479420
0.478863
0.478054
0.476940
0.475619
0.473912
0.471966
0.469867
0.467659
0.465288
0.462869
0.460412
0.457988
0.455452
0.452919
0.450364
0.447759
0.445126
0.442364
0.439636
0.436951
0.434274
0.431425
0.428848
0.426183
0.423614
0.420892
0.418261
0.415587
0.413001
0.410351
0.407717
0.405089
0.402549
0.399970
0.397445
0.394945
0.392541
0.390050
0.387656
0.385371
0.383014
0.380699
0.378388
0.375972
0.373689
0.371294
0.368846
0.366512
0.364176
0.361851
0.359673
0.357409
0.355183
0.353070
0.350967
0.348767
0.346737
0.344613
0.342551
0.340523
0.338587
0.336660
0.334715
0.332799
0.330872
0.329115
0.327355
0.325517
0.323758
0.322063
0.320339
0.318715
0.317085
0.315441
0.313893
0.312335
0.310894
0.309410
0.307898
0.306530
0.305166
0.303870
0.302516
0.301252
0.300084
0.298882
0.297771
0.296651
0.295479
0.294404
0.293398
0.292229
0.291257
0.290260
0.289265
0.288329
0.287461
0.286616
0.285807
0.285041
0.284216
0.283553
0.282903
0.282194
0.281407
0.280496
0.279391
0.278099
0.276878
0.275511
0.273975
0.272527
0.271039
0.269498
0.268047
0.266403
0.264710
0.262736
0.260856
0.258879
0.256655
0.254620
0.252599
0.250624
0.248643
0.246860
0.244845
0.242910
0.240750
0.238479
0.236230
0.233822
0.231491
0.229084
0.226815
0.224544
0.222459
0.220348
0.218181
0.215987
0.213872
0.211708
0.209546
0.207408
0.205404
0.203274
0.201250
0.199257
0.197271
0.195436
0.193573
0.191621
0.189880
0.188063
0.186141
0.184500
0.182611
0.180999
0.179264
0.177457
0.175884
0.174144
0.172609
0.170777
0.169116
0.167402
0.165656
0.163979
0.162310
0.160693
0.159012
0.157464
0.155871
0.154267
0.152775
0.151184
0.149610
0.148174
0.146654
0.145145
0.143732
0.142366
0.141084
0.139921
0.138791
0.137807
0.136708
0.135688
0.134607
0.133486
0.132340
0.131226
0.130062
0.128877
0.127825
0.126597
0.125474
0.124285
0.123212
0.122080
0.120969
0.119896
0.118866
0.117799
0.116814
0.115760
0.114751
0.113714
0.112716
0.111729
0.110756
0.109796
0.108853
0.107801
0.106877
0.105942
0.105008
0.104098
0.103216
0.102342
0.101398
0.100557
0.099683
0.098796
0.097949
0.097113
0.096297
0.095472
0.094691
0.093850
0.092975
0.092198
0.091450
0.090683
0.089908
0.089196
0.088352
0.087659
0.086921
0.086184
0.085409
0.084807
0.084039
0.083299
0.082645
0.081979
0.081304
0.080575
0.079885
0.079280
0.078619
0.077992
0.077270
0.076673
0.076074
0.075384
0.074864
0.074207
0.073573
0.073022
0.072413
0.071862
0.071259
0.070665
0.070055
0.069579
0.068938
0.068398
0.067806
0.067333
0.066782
0.066250
0.065650
0.065162
0.064660
0.064144
0.063608
0.063058
0.062545
0.062106
0.061595
0.061036
0.060551
0.060085
0.059624
0.059035
0.058588
0.058113
0.057696
0.057107
0.056630
0.056267
0.055710
0.055279
0.054782
0.054443
0.053886
0.053406
0.052986
0.052543
0.052108
0.051674
0.051170
0.050749
0.050354
0.049886
0.049468
0.049057
0.048624
0.048233
0.047817
0.047376
0.046913
0.046561
0.046145
0.045733
0.045379
0.044935
0.044505
0.044226
0.043764
0.043441
0.042994
0.042661
0.042233
0.041860
0.041464
0.041223
0.040766
0.040473
0.040133
0.039786
0.039407
0.039067
0.038774
0.038404
0.038005
0.037759
0.037472
0.037134
0.036796
0.036530
0.036236
0.035886
0.035605
0.035301
0.035039
0.034734
0.034438
0.034129
0.033894
0.033619
0.033284
0.033056
0.032799
0.032523
0.032261
0.031998
0.031740
0.031507
0.031219
0.030994
0.030774
0.030504
0.030250
0.030012
0.029821
0.029573
0.029323
0.029094
0.028865
0.028646
0.028506
0.028295
0.028015
0.027838
0.027667
0.027459
0.027221
0.027033
0.026828
0.026610
0.026437
0.026210
0.026068
0.025856
0.025689
0.025520
0.025315
0.025126
0.024956
0.024790
0.024600
0.024473
0.024297
0.024089
0.023917
0.023780
0.023626
0.023459
0.023271
0.023157
0.023020
0.022805
0.022683
0.022517
0.022361
0.022228
0.022113
0.021950
0.021827
0.021699
0.021544
0.021436
0.021304
0.021186
0.021085
0.020929
0.020818
0.020704
0.020640
0.020513
0.020409
0.020298
0.020179
0.020071
0.019948
0.019849
0.019757
0.019687
0.019562
0.019462
0.019358
0.019269
0.019167
0.019097
0.018996
0.018909
0.018817
0.018759
0.018649
0.018555
0.018511
0.018419
0.018336
0.018230
0.018183
0.018100
0.018016
0.017946
0.017881
0.017820
0.017736
0.017653
0.017610
0.017539
0.017478
0.017395
0.017330
0.017269
0.017204
0.017138
0.017072
0.017024
0.016947
0.016925
0.016837
0.016781
0.016711
0.016686
0.016616
0.016562
0.016500
0.016452
0.016386
0.016353
0.016282
0.016260
0.016172
0.016150
0.016085
0.016058
0.016015
0.015971
0.015915
0.015849
0.015828
0.015779
0.015736
0.015714
0.015665
0.015605
0.015583
0.015539
0.015500
0.015456
0.015412
0.015385
0.015346
0.015302
0.015259
0.015233
0.015189
0.015167
0.015146
0.015097
0.015064
0.015025
0.014981
0.014954
0.014932
0.014911
0.014867
0.014840
0.014819
0.014775
0.014753
0.014732
0.014705
0.014683
0.014661
0.014640
0.014618
0.014569
0.014548
0.014526
0.014526
0.014482
0.014456
0.014434
0.014434
0.014412
0.014369
0.014342
0.014342
0.014320
0.014299
0.014255
0.014255
0.014228
0.014207
0.014207
0.014163
0.014163
0.014141
0.014120
0.014115
0.014071
0.014049
0.014049
0.014028
0.014028
0.014006
0.013979
0.013958
0.013936
0.013936
0.013914
0.013914
0.013871
0.013871
0.013844
0.013844
0.013823
0.013823
0.013801
0.013779
0.013757
0.013757
0.013736
0.013731
0.013731
0.013709
0.013709
0.013688
0.013688
0.013666
0.013666
0.013666
0.013640
0.013640
0.013618
0.013618
0.013618
0.013597
0.013597
0.013597
0.013576
0.013576
0.013554
0.013554
0.013549
0.013528
0.013528
0.013528
0.013506
0.013506
0.013506
0.013506
0.013485
0.013485
0.013485
0.013464
0.013464
0.013459
0.013437
0.013437
0.013437
0.013437
0.013416
0.013416
0.013416
0.013416
0.013395
0.013395
0.013395
0.013395
0.013374
0.013374
0.013374
0.013374
0.013348
0.013348
0.013348
0.013348
0.013327
0.013327
0.013327
0.013327
0.013327
0.013306
0.013306
0.013306
0.013306
0.013306
0.013285
0.013285
0.013285
0.013285
0.013285
0.013285
0.013259
0.013259
0.013259
0.013259
0.013259
0.013239
0.013239
0.013239
0.013239
0.013239
0.013239
0.013239
0.013218
0.013218
0.013218
0.013218
0.013218
0.013218
0.013218
0.013198
0.013198
0.013198
0.013198
0.013198
0.013198
0.013198
0.013178
0.013178
0.013178
0.013178
0.013178
0.013178
0.013178
0.013178
0.013178
0.013178
0.013178
0.013178
0.013178
0.013178
0.013178
0.013178
0.013178
0.013178
0.013178
0.013178
0.013178
0.013178
0.013178
0.013178
0.013178
0.013178
0.013178
0.013178
0.013178
0.013178
0.013178
0.013178
0.013178
0.013178
0.013178
0.013178
0.013178
0.013178
0.013178
0.013178
0.013178
0.013178
0.013178
0.013178
0.013178
0.013178
0.013178
0.013178
0.013178
0.013178
0.013178
0.013178
0.013178
0.013178
0.013178
0.013178
0.013178
0.013178
0.013178
0.013178
0.013178
0.013178
0.013178
0.013178
0.013178
0.013178
0.013178
0.013178
0.013178
0.013178
0.013178
0.013178
0.013178
0.013178
0.013178
0.013178
0.013178
0.013178
0.013178
0.013178
0.013178
0.013178
0.013178
0.013178
0.013178
0.013178
0.013178
0.013178
0.013178
0.013178
0.013178
0.013178
0.013178
0.013178
0.013178
0.013178
0.013178
0.013178
0.013178
0.013178
0.013178
0.013178
0.013178
0.013178
0.013178
0.013178
0.013178
0.013178
0.013178
0.013178
0.013178
0.013178
0.013178
0.013178
0.013178
0.013178
0.013178
0.013178
0.013178
0.013178
0.013178
0.013178
0.013178
0.013178
0.013178
0.013178
0.013178
0.013178
0.013178
0.013178
0.013178
0.013178
0.013178
0.013178
0.013178
0.013178
0.013178
0.013178
0.013178
0.013178
0.013178
0.013178
0.013178
0.013178
0.013178
0.013178
0.013178
0.013178
0.013178
0.013178
0.013178
0.013178
0.013178
0.013178
0.013178
0.013178
0.013178
0.013178
0.013178
0.013178
0.013178
0.013178
0.013178
0.013178
0.013178
0.013178
0.013178
0.013178
0.013178
0.013178
0.013178
0.013178
0.013178
0.013178
0.013178
0.013178
0.013178
0.013178
0.013178
0.013178
0.013178
0.013178
0.013178
0.013178
0.013178
0.013178
0.013178
0.013178
0.013178
0.013178
0.013178
0.013178
0.013178
0.013178
0.013178
0.013178
0.013178
0.013178
0.013178
0.013178
0.013178
0.013178
0.013178
0.013178
0.013178
0.013178
0.013178
0.013178
0.013178
0.013178
0.013178
0.013178
0.013178
0.013178
0.013178
0.013178
0.013178
0.013178
0.013178
0.013178
0.013178
0.013178
0.013178
0.013178
0.013178
0.013178
0.013178
0.013178
0.013178
