0.793682
0.793682
0.793682
0.793682
0.793682
0.793682
0.793682
0.793682
0.793682
0.793682
0.793682
0.793682
0.793682
0.793682
0.793682
0.793682
0.793682
0.793682
0.793682
0.793682
0.793682
0.793682
0.793687
0.793650
0.793407
0.793086
0.792703
0.791938
0.791051
0.789992
0.788978
0.787506
0.785826
0.783827
0.781803
0.779852
0.777827
0.776099
0.774143
0.772018
0.769958
0.767841
0.765658
0.763382
0.760852
0.758412
0.755947
0.753378
0.751033
0.748577
0.746314
0.743961
0.741521
0.739103
0.736842
0.734255
0.731678
0.728986
0.726314
0.723432
0.720542
0.717675
0.714667
0.711636
0.708484
0.705120
0.701525
0.697645
0.693749
0.689692
0.685642
0.681674
0.677730
0.673774
0.669888
0.666049
0.662147
0.658196
0.654220
0.650112
0.646170
0.642242
0.638295
0.634422
0.630443
0.626513
0.622618
0.618746
0.614783
0.610964
0.606978
0.603130
0.599223
0.595362
0.591505
0.587644
0.583777
0.579970
0.576038
0.572197
0.568479
0.564691
0.560918
0.557012
0.553337
0.549526
0.545750
0.542070
0.538395
0.534583
0.531021
0.527336
0.523711
0.519946
0.516424
0.512832
0.509199
0.505660
0.502105
0.498427
0.494856
0.491302
0.487808
0.484187
0.480732
0.477160
0.473677
0.470274
0.466617
0.463175
0.459796
0.456260
0.452914
0.449479
0.446086
0.442792
0.439234
0.435921
0.432582
0.429218
0.425791
0.422473
0.419223
0.415899
0.412445
0.409362
0.405976
0.402722
0.399492
0.396148
0.392891
0.389781
0.386610
0.383319
0.380186
0.377101
0.373991
0.370896
0.367928
0.364764
0.361787
0.358611
0.355679
0.352649
0.349705
0.346750
0.343747
0.341040
0.337979
0.335152
0.332232
0.329457
0.326780
0.323781
0.321049
0.318397
0.315601
0.312779
0.310204
0.307504
0.304816
0.302201
0.299615
0.296932
0.294441
0.291839
0.289248
0.286624
0.284061
0.281637
0.279051
0.276643
0.274142
0.271662
0.269248
0.266781
0.264317
0.262060
0.259644
0.257175
0.254825
0.252545
0.250114
0.247917
0.245668
0.243262
0.241015
0.238756
0.236522
0.234275
0.232109
0.229999
0.227666
0.225567
0.223398
0.221362
0.219232
0.217177
0.215049
0.213100
0.210910
0.208982
0.206914
0.204968
0.203019
0.201131
0.199137
0.197119
0.195264
0.193303
0.191570
0.189619
0.187862
0.186034
0.184105
0.182372
0.180635
0.178965
0.177298
0.175533
0.173750
0.172137
0.170412
0.168704
0.167153
0.165560
0.163881
0.162383
0.160661
0.159182
0.157618
0.155995
0.154477
0.153039
0.151576
0.149985
0.148576
0.146985
0.145664
0.144066
0.142664
0.141403
0.139929
0.138536
0.137090
0.135831
0.134357
0.133043
0.131689
0.130441
0.129093
0.127860
0.126540
0.125270
0.124002
0.122759
0.121455
0.120260
0.119130
0.118004
0.116748
0.115423
0.114328
0.113246
0.111990
0.110922
0.109787
0.108693
0.107473
0.106454
0.105313
0.104268
0.103286
0.102021
0.101110
0.100084
0.099052
0.097983
0.097084
0.095944
0.095009
0.093960
0.093058
0.092025
0.091028
0.090221
0.089162
0.088415
0.087270
0.086553
0.085543
0.084580
0.083740
0.082937
0.082147
0.081138
0.080370
0.079509
0.078653
0.077894
0.077036
0.076222
0.075514
0.074692
0.073845
0.073216
0.072399
0.071629
0.070950
0.070216
0.069362
0.068719
0.067879
0.067234
0.066450
0.065871
0.065110
0.064516
0.063753
0.063095
0.062547
0.061863
0.061098
0.060513
0.059814
0.059249
0.058640
0.057967
0.057473
0.056805
0.056270
0.055650
0.055055
0.054388
0.053850
0.053344
0.052689
0.052200
0.051715
0.051113
0.050524
0.050038
0.049517
0.048975
0.048457
0.047970
0.047526
0.046984
0.046438
0.045964
0.045552
0.045024
0.044541
0.044124
0.043421
0.042995
0.042643
0.042197
0.041762
0.041292
0.040788
0.040411
0.039934
0.039576
0.039011
0.038631
0.038247
0.037801
0.037465
0.036840
0.036539
0.036171
0.035793
0.035338
0.034980
0.034614
0.034152
0.033808
0.033412
0.033072
0.032760
0.032332
0.031995
0.031599
0.031224
0.030906
0.030569
0.030167
0.029891
0.029454
0.029152
0.028820
0.028487
0.028234
0.027831
0.027486
0.027207
0.026938
0.026684
0.026421
0.026189
0.025857
0.025587
0.025282
0.025128
0.024785
0.024596
0.024350
0.024108
0.023840
0.023591
0.023432
0.023108
0.022867
0.022653
0.022344
0.022230
0.022071
0.021861
0.021635
0.021397
0.021176
0.020968
0.020813
0.020573
0.020451
0.020267
0.019993
0.019819
0.019671
0.019512
0.019313
0.019161
0.018996
0.018810
0.018699
0.018471
0.018331
0.018133
0.018051
0.017773
0.017661
0.017547
0.017393
0.017202
0.017054
0.016898
0.016789
0.016689
0.016516
0.016370
0.016191
0.016131
0.016011
0.015897
0.015808
0.015654
0.015519
0.015440
0.015325
0.015246
0.015127
0.015012
0.014932
0.014775
0.014701
0.014601
0.014561
0.014407
0.014367
0.014245
0.014171
0.014071
0.013957
0.013843
0.013800
0.013760
0.013680
0.013547
0.013507
0.013460
0.013346
0.013306
0.013226
0.013166
0.013052
0.013012
0.012932
0.012850
0.012776
0.012736
0.012636
0.012596
0.012521
0.012442
0.012402
0.012362
0.012322
0.012248
0.012188
0.012108
0.012068
0.012028
0.011951
0.011911
0.011872
0.011872
0.011773
0.011698
0.011658
0.011618
0.011578
0.011538
0.011464
0.011464
0.011385
0.011325
0.011285
0.011285
0.011210
0.011170
0.011130
0.011088
0.011088
0.011048
0.010974
0.010974
0.010913
0.010873
0.010873
0.010834
0.010794
0.010759
0.010719
0.010679
0.010679
0.010639
0.010639
0.010599
0.010559
0.010505
0.010465
0.010465
0.010425
0.010425
0.010385
0.010345
0.010343
0.010268
0.010268
0.010228
0.010228
0.010188
0.010188
0.010148
0.010148
0.010108
0.010108
0.010108
0.010068
0.010068
0.010029
0.010029
0.009989
0.009989
0.009949
0.009949
0.009949
0.009909
0.009909
0.009869
0.009869
0.009869
0.009829
0.009829
0.009829
0.009789
0.009789
0.009789
0.009749
0.009749
0.009749
0.009709
0.009709
0.009709
0.009669
0.009667
0.009667
0.009627
0.009627
0.009627
0.009587
0.009587
0.009587
0.009547
0.009547
0.009547
0.009547
0.009507
0.009507
0.009507
0.009507
0.009467
0.009467
0.009467
0.009467
0.009427
0.009427
0.009427
0.009427
0.009387
0.009387
0.009387
0.009387
0.009387
0.009347
0.009347
0.009347
0.009347
0.009307
0.009307
0.009307
0.009307
0.009307
0.009268
0.009268
0.009268
0.009268
0.009268
0.009268
0.009228
0.009228
0.009228
0.009228
0.009228
0.009228
0.009188
0.009188
0.009188
0.009188
0.009188
0.009188
0.009148
0.009148
0.009148
0.009148
0.009148
0.009148
0.009148
0.009108
0.009108
0.009108
0.009108
0.009108
0.009108
0.009108
0.009108
0.009108
0.009108
0.009108
0.009108
0.009108
0.009108
0.009108
0.009108
0.009108
0.009108
0.009068
0.009068
0.009068
0.009108
0.009108
0.009108
0.009108
0.009108
0.009108
0.009068
0.009068
0.009068
0.009068
