0.293333
0.293333
0.293333
0.293333
0.293333
0.293333
0.293333
0.293333
0.293333
0.293333
0.293333
0.293333
0.293333
0.293333
0.293333
0.293333
0.293333
0.293333
0.293333
0.293333
0.293333
0.293333
0.293333
0.293267
0.292956
0.292023
0.290447
0.288094
0.285076
0.281729
0.278516
0.275459
0.272625
0.269817
0.267277
0.264672
0.262090
0.259486
0.256687
0.253778
0.250826
0.247715
0.244978
0.242465
0.240038
0.237972
0.235823
0.233796
0.231795
0.229585
0.227448
0.225266
0.223222
0.221455
0.219931
0.218543
0.217322
0.215791
0.214089
0.212445
0.210682
0.208754
0.206660
0.204649
0.202305
0.200268
0.198153
0.196132
0.194184
0.192312
0.190243
0.188182
0.186291
0.184478
0.182451
0.180550
0.178442
0.176449
0.174293
0.172322
0.170319
0.168408
0.166589
0.164867
0.163097
0.161600
0.160044
0.158353
0.156690
0.155062
0.153450
0.151808
0.150143
0.148259
0.146501
0.144669
0.142756
0.141025
0.139325
0.137662
0.136170
0.134548
0.132904
0.131197
0.129560
0.127885
0.126223
0.124687
0.122954
0.121416
0.119877
0.118357
0.116729
0.115306
0.113717
0.112338
0.110708
0.109272
0.107885
0.106540
0.105147
0.103820
0.102404
0.101099
0.099789
0.098353
0.097170
0.095843
0.094548
0.093398
0.092142
0.090917
0.089747
0.088582
0.087485
0.086350
0.085133
0.084074
0.082965
0.081850
0.080754
0.079666
0.078740
0.077705
0.076560
0.075636
0.074585
0.073604
0.072779
0.071824
0.070823
0.069931
0.069030
0.068074
0.067198
0.066368
0.065396
0.064618
0.063759
0.062867
0.062028
0.061223
0.060533
0.059645
0.058932
0.058092
0.057324
0.056587
0.055909
0.055075
0.054396
0.053715
0.052983
0.052222
0.051671
0.050903
0.050292
0.049624
0.048968
0.048365
0.047637
0.047099
0.046481
0.045818
0.045278
0.044684
0.044102
0.043509
0.042967
0.042407
0.041819
0.041303
0.040733
0.040188
0.039680
0.039180
0.038608
0.038139
0.037595
0.037214
0.389560
0.389125
0.388858
0.388469
0.388260
0.387893
0.387547
0.387303
0.386946
0.386643
0.386385
0.386074
0.385763
0.385474
0.385190
0.384943
0.384681
0.384358
0.384117
0.383829
0.383595
0.383337
0.382994
0.382860
0.382659
0.382311
0.382064
0.381906
0.381681
0.381437
0.381192
0.380990
0.380759
0.380490
0.380267
0.380151
0.379823
0.379611
0.379505
0.379350
0.378967
0.378885
0.378713
0.378505
0.378365
0.378061
0.377965
0.377744
0.377608
0.377420
0.201235
0.201029
0.200825
0.200717
0.200674
0.200300
0.200170
0.200055
0.200016
0.199854
0.199680
0.199534
0.199401
0.199364
0.199254
0.199097
0.198854
0.198793
0.198673
0.198363
0.198064
0.197800
0.197465
0.197241
0.196964
0.196886
0.196832
0.196723
0.196691
0.196369
0.195888
0.195188
0.194263
0.193033
0.191851
0.190704
0.189575
0.188470
0.187466
0.186543
0.185503
0.184525
0.183383
0.182244
0.181263
0.180005
0.178966
0.177803
0.176739
0.175658
0.174623
0.173601
0.172486
0.171301
0.170302
0.169305
0.168196
0.167081
0.165985
0.165049
0.163922
0.162853
0.161823
0.160783
0.159743
0.158701
0.157662
0.156666
0.155560
0.154578
0.153544
0.152507
0.151459
0.150477
0.149456
0.148501
0.147409
0.146432
0.145456
0.144430
0.143452
0.142367
0.141435
0.140475
0.139516
0.138503
0.137460
0.136468
0.135533
0.134524
0.133658
0.132698
0.131653
0.130691
0.129688
0.128857
0.127848
0.126907
0.126016
0.125013
0.124095
0.123152
0.122276
0.121388
0.120364
0.119486
0.118609
0.117660
0.116765
0.115804
0.114957
0.114014
0.113122
0.112279
0.111367
0.110424
0.109546
0.108678
0.107780
0.106910
0.106061
0.105165
0.104314
0.103424
0.102596
0.101746
0.100905
0.100092
0.099172
0.098354
0.097502
0.096641
0.095811
0.094940
0.094162
0.093313
0.092472
0.091644
0.090780
0.089951
0.089132
0.088302
0.087505
0.086655
0.085855
0.085000
0.084178
0.083395
0.082552
0.081746
0.080925
0.080074
0.079320
0.078490
0.077692
0.076850
0.076020
0.075244
0.074436
0.073616
0.072808
0.072009
0.071205
0.070397
0.069599
0.068821
0.068037
0.067261
0.066453
0.065721
0.064945
0.064204
0.063495
0.062785
0.062064
0.061310
0.060601
0.059904
0.059261
0.058574
0.057900
0.057278
0.056590
0.055960
0.055317
0.054717
0.054050
0.053466
0.052846
0.052289
0.051690
0.051129
0.050531
0.049973
0.049411
0.048857
0.048324
0.047768
0.047229
0.046718
0.046253
0.045718
0.045231
0.044735
0.044269
0.043735
0.043335
0.042818
0.042351
0.041886
0.041419
0.041019
0.040547
0.040102
0.039702
0.039280
0.038859
0.038452
0.038053
0.037629
0.037253
0.036853
0.036469
0.036091
0.035693
0.035336
0.035002
0.034626
0.034263
0.033887
0.033598
0.033242
0.032909
0.032554
0.032236
0.031925
0.031594
0.031258
0.030970
0.030660
0.030326
0.030097
0.029765
0.029454
0.029209
0.028876
0.028653
0.028322
0.028055
0.027803
0.027516
0.027292
0.027047
0.026716
0.026516
0.026271
0.026027
0.025754
0.025554
0.025288
0.025065
0.024843
0.024598
0.024399
0.024134
0.023934
0.023733
0.023503
0.023283
0.023103
0.022903
0.022703
0.022505
0.022327
0.022149
0.021972
0.021751
0.021573
0.021388
0.021210
0.021032
0.020854
0.020676
0.020499
0.020321
0.020122
0.019945
0.019811
0.019656
0.019523
0.019316
0.019161
0.019028
0.018870
0.018715
0.018581
0.018405
0.018294
0.018139
0.018028
0.017872
0.017718
0.017607
0.017452
0.017318
0.017229
0.017088
0.016955
0.016821
0.016710
0.016576
0.016465
0.016332
0.016243
0.016110
0.016022
0.015889
0.015778
0.015667
0.015578
0.015489
0.015334
0.015269
0.015136
0.015047
0.014950
0.014861
0.014770
0.014681
0.014570
0.014504
0.014393
0.014326
0.014237
0.014148
0.014060
0.013971
0.013882
0.013793
0.013726
0.013660
0.013571
0.013504
0.013393
0.013349
0.013260
0.013193
0.013127
0.013060
0.012994
0.012927
0.012882
0.012772
0.012703
0.012636
0.012569
0.012503
0.012436
0.012392
0.012325
0.012281
0.012214
0.012147
0.012103
0.012014
0.011970
0.011925
0.011837
0.011792
0.011770
0.011725
0.011637
0.011614
0.011548
0.011526
0.011459
0.011392
0.011370
0.011304
0.011259
0.011193
0.011170
0.011126
0.011037
0.011015
0.010993
0.010970
0.010882
0.010859
0.010837
0.010770
0.010748
0.010679
0.010657
0.010613
0.010590
0.010546
0.010501
0.010479
0.010435
0.010413
0.010368
0.010346
0.010279
0.010257
0.010235
0.010190
0.010168
0.010124
0.010079
0.010057
0.010035
0.010013
0.009968
0.009946
0.009902
0.009879
0.009857
0.009813
0.009791
0.009768
0.009768
0.009702
0.009702
0.009657
0.009635
0.009613
0.009591
0.009568
0.009546
0.009502
0.009502
0.009502
0.009502
0.009502
0.009502
0.009502
0.009480
0.009480
0.009457
0.009457
0.009457
0.009457
0.009457
0.009457
0.009457
0.009457
0.009457
0.009457
0.009457
0.009457
0.009457
0.009457
0.009457
0.009457
0.009457
0.009457
0.009457
0.009457
0.009457
0.009457
0.009457
0.009457
0.009457
0.009457
0.009457
0.009457
0.009457
0.009457
0.009457
0.009457
0.009457
0.009457
0.009457
0.009457
0.009457
0.009457
0.009457
0.009457
0.009457
0.009457
0.009457
0.009457
0.009457
0.009457
0.009457
0.009457
0.009457
0.009457
0.009457
0.009457
0.009457
0.009457
0.009457
0.009457
0.009457
0.009457
0.009457
0.009457
0.009457
0.009457
0.009457
0.009457
0.009457
0.009457
0.009457
0.009457
0.009457
0.009457
0.009457
0.009457
0.009457
0.009457
0.009457
0.009457
0.009457
0.009457
0.009457
0.009457
0.009457
0.009457
0.009457
0.009457
0.009457
0.009457
0.009457
0.009457
0.009457
0.009457
0.009457
0.009457
0.009457
0.009457
0.009457
0.009457
0.009457
0.009457
0.009457
0.009457
0.009457
0.009457
0.009457
0.009457
0.009457
0.009457
0.009457
0.009457
0.009457
0.009457
0.009457
0.009457
0.009457
0.009457
0.009457
0.009457
0.009457
0.009457
0.009457
0.009457
0.009457
0.009457
0.009457
0.009457
0.009457
0.009457
0.009457
0.009457
0.009457
0.009457
0.009457
0.009457
0.009457
0.009457
0.009457
0.009457
0.009457
0.009457
0.009457
0.009457
0.009457
0.009457
0.009457
0.009457
0.009457
0.009457
0.009457
0.009457
0.009457
0.009457
0.009457
0.009457
0.009457
0.009457
0.009457
0.009457
0.009457
0.009457
0.009457
0.009457
0.009457
0.009457
0.009457
0.009457
0.009457
0.009457
0.009457
0.009457
0.009457
0.009457
0.009457
0.009457
0.009457
0.009457
0.009457
0.009457
0.009457
0.009457
0.009457
0.009457
0.009457
0.009457
0.009457
0.009457
0.009457
0.009457
0.009457
0.009457
0.009457
0.009457
0.009457
0.009457
0.009457
0.009457
0.009457
0.009457
0.009457
0.009457
0.009457
0.009457
0.009457
0.009457
0.009457
0.009457
0.009457
0.009457
0.009457
0.009457
0.009457
0.009457
0.009457
0.009457
0.009457
0.009457
0.009457
0.009457
0.009457
0.009457
0.009457
0.009457
0.009457
0.009457
0.009457
0.009457
0.009457
0.009457
0.009457
0.009457
0.009457
0.009457
0.009457
0.009457
0.009457
0.009457
0.009457
0.009457
0.009457
0.009457
0.009457
0.009457
0.009457
0.009457
0.009457
0.009457
0.009457
0.009457
0.009457
0.009457
0.009457
0.009457
0.009457
0.009457
0.009457
0.009457
0.009457
0.009457
0.009457
0.009457
0.009457
0.009457
0.009457
0.009457
0.009457
0.009457
0.009457
0.009457
0.009457
0.009457
0.009457
0.009457
0.009457
0.009457
0.009457
0.009457
0.009457
0.009457
0.009457
0.009457
0.009457
0.009457
0.009457
0.009457
0.009457
0.009457
0.009457
0.009457
0.009457
0.009457
0.009457
0.009457
0.009457
0.009457
0.009457
0.009457
0.009457
0.009457
0.009457
0.009457
0.009457
0.009457
0.009457
0.009457
0.009457
0.009457
0.009457
0.009457
0.009457
0.009457
0.009457
0.009457
0.009457
