0.462914
0.462914
0.462914
0.462914
0.462914
0.462914
0.462914
0.462661
0.461731
0.459874
0.456834
0.452995
0.448829
0.444748
0.441337
0.437588
0.434427
0.431466
0.428425
0.425493
0.421905
0.418565
0.415343
0.411629
0.408266
0.404620
0.401524
0.398227
0.394999
0.391800
0.388680
0.385505
0.382071
0.378978
0.375718
0.372733
0.369349
0.366446
0.363200
0.360081
0.357059
0.354121
0.351051
0.348087
0.345099
0.341925
0.339175
0.336225
0.333156
0.330454
0.327409
0.324558
0.321828
0.319004
0.316220
0.313455
0.310560
0.307901
0.305109
0.302430
0.299742
0.296959
0.294360
0.291814
0.289050
0.286477
0.283988
0.281188
0.278726
0.276128
0.273520
0.271010
0.268680
0.266120
0.263438
0.261256
0.258451
0.256139
0.253721
0.251249
0.248937
0.246422
0.243940
0.241707
0.239349
0.237056
0.234810
0.232339
0.229959
0.227568
0.225276
0.223205
0.220736
0.218673
0.216262
0.213866
0.211784
0.209532
0.207477
0.205161
0.203106
0.200609
0.198710
0.196423
0.194369
0.192221
0.189983
0.187695
0.185796
0.183658
0.181376
0.179529
0.177264
0.175397
0.173350
0.171283
0.169326
0.167290
0.165364
0.163298
0.161420
0.159438
0.157520
0.155630
0.153838
0.151822
0.149961
0.148106
0.146292
0.144477
0.142597
0.140937
0.139270
0.137310
0.135699
0.133984
0.132287
0.130655
0.128995
0.127306
0.125775
0.124080
0.122420
0.121070
0.119286
0.117721
0.116232
0.114835
0.113247
0.111656
0.110256
0.108668
0.107413
0.106020
0.104542
0.103153
0.101983
0.100707
0.099222
0.097828
0.096657
0.095472
0.094292
0.092897
0.091648
0.090606
0.089339
0.088200
0.086858
0.085817
0.084754
0.083601
0.082555
0.081641
0.080282
0.079241
0.078276
0.077361
0.076357
0.075334
0.074226
0.073080
0.072310
0.071253
0.070478
0.069551
0.068588
0.067752
0.066899
0.065934
0.065092
0.064312
0.063381
0.062537
0.061701
0.061073
0.060110
0.059550
0.058557
0.057858
0.056970
0.056347
0.055652
0.054918
0.054249
0.053488
0.052610
0.052070
0.051373
0.050704
0.050214
0.049376
0.048631
0.048014
0.047377
0.046790
0.046242
0.045728
0.044991
0.044525
0.043922
0.043220
0.042707
0.042289
0.041489
0.041002
0.040483
0.039861
0.039458
0.039022
0.038429
0.037806
0.037534
0.037023
0.036546
0.035878
0.035506
0.035180
0.034750
0.034215
0.033678
0.033337
0.032974
0.032529
0.031838
0.031587
0.031325
0.030881
0.030437
0.030131
0.029645
0.029252
0.028954
0.028629
0.028220
0.027916
0.027367
0.027152
0.026780
0.026529
0.026249
0.025908
0.025546
0.025065
0.025049
0.024647
0.024322
0.024217
0.023919
0.023373
0.023077
0.022789
0.022684
0.022349
0.022125
0.021791
0.021492
0.021351
0.021168
0.020869
0.020764
0.020252
0.020143
0.019928
0.019667
0.019520
0.019415
0.019090
0.018799
0.018505
0.018505
0.018318
0.018139
0.018029
0.017701
0.017480
0.017302
0.017087
0.017004
0.016752
0.016569
0.016464
0.016168
0.016047
0.015938
0.015833
0.015638
0.015423
0.015423
0.015246
0.015015
0.014910
0.014800
0.014695
0.014538
0.014428
0.014324
0.014287
0.014072
0.013990
0.013811
0.013701
0.013685
0.013544
0.013351
0.013246
0.013172
0.013172
0.012957
0.012957
0.012874
0.012622
0.012549
0.012443
0.012443
0.012333
0.012145
0.012145
0.012145
0.011858
0.011821
0.011821
0.011632
0.011522
0.011522
0.011522
0.011345
0.011235
0.011219
0.010993
0.010993
0.010883
0.010883
0.010778
0.010778
0.010706
0.010511
0.010406
0.010406
0.010406
0.010370
0.010155
0.010155
0.010155
0.010084
0.009893
0.009783
0.009783
0.009783
0.009678
0.009678
0.009678
0.009569
0.009533
0.009346
0.009270
0.009270
0.009270
0.009270
0.009056
0.009056
0.009056
0.009056
0.009056
0.009056
0.008951
0.008842
0.008826
0.008789
0.008789
0.008684
0.008684
0.008684
0.008684
0.008573
0.008573
0.008684
0.008579
0.008579
0.008579
0.008579
0.008468
0.008468
0.008468
0.008364
0.008364
0.008364
0.008328
0.008328
0.008328
0.008328
0.008222
0.008222
0.008222
0.008222
0.008222
0.008222
0.008222
0.008222
0.008222
0.008222
0.008222
0.008222
0.008222
0.008222
0.008222
0.008222
0.008222
0.008222
0.008222
0.008222
0.008222
0.008222
0.008222
0.008222
0.008222
0.008222
0.008222
0.008222
0.008222
0.008222
0.008222
0.008222
0.008222
0.008222
0.008222
0.008222
0.008222
0.008222
0.008222
0.008222
0.008222
0.008222
0.008222
0.008222
0.008222
0.008222
0.008222
0.008222
0.008222
0.008222
0.008222
0.008222
0.008222
0.008222
0.008222
0.008222
0.008222
0.008222
0.008222
0.008222
0.008222
0.008222
0.008222
0.008222
0.008222
0.008222
0.008222
0.008222
0.008222
0.008222
0.008222
0.008222
0.008222
0.008222
0.008222
0.008222
0.008222
0.008222
0.008222
0.008222
0.008222
0.008222
0.008222
0.008222
0.008222
0.008222
0.008222
0.008222
0.008222
0.008222
0.008222
0.008222
0.008222
0.008222
0.008222
0.008222
0.008222
0.008222
0.008222
0.008222
0.008222
0.008222
0.008222
0.008222
0.008222
0.008222
0.008222
0.008222
0.008222
0.008222
0.008222
0.008222
0.008222
0.008222
0.008222
0.008222
0.008222
0.008222
0.008222
0.008222
0.008222
0.008222
0.008222
0.008222
0.008222
0.008222
0.008222
0.008222
0.008222
0.008222
0.008222
0.008222
0.008222
0.008222
0.008222
0.008222
0.008222
0.008222
0.008222
0.008222
0.008222
0.008222
0.008222
0.008222
0.008222
0.008222
0.008222
0.008222
0.008222
0.008222
0.008222
0.008222
0.008222
0.008222
0.008222
0.008222
0.008222
0.008222
0.008222
0.008222
0.008222
0.008222
0.008222
0.008222
0.008222
0.008222
0.008222
0.008222
0.008222
0.008222
0.008222
0.008222
0.008222
0.008222
0.008222
0.008222
0.008222
0.008222
0.008222
0.008222
0.008222
0.008222
0.008222
0.008222
0.008222
0.008222
0.008222
0.008222
0.008222
0.008222
0.008222
0.008222
0.008222
0.008222
0.008222
0.008222
0.008222
0.008222
0.008222
0.008222
0.008222
0.008222
0.008222
0.008222
0.008222
0.008222
0.008222
0.008222
0.008222
0.008222
0.008222
0.008222
0.008222
0.008222
0.008222
0.008222
0.008222
0.008222
0.008222
0.008222
0.008222
0.008222
0.008222
0.008222
0.008222
0.008222
0.008222
0.008222
0.008222
0.008222
0.008222
0.008222
0.008222
0.008222
0.008222
0.008222
0.008222
0.008222
0.008222
0.008222
0.008222
0.008222
0.008222
0.008222
0.008222
0.008222
0.008222
0.008222
0.008222
0.008222
0.008222
0.008222
0.008222
0.008222
0.008222
0.008222
0.008222
0.008222
0.008222
0.008222
0.008222
0.008222
0.008222
0.008222
0.008222
0.008222
0.008222
0.008222
0.008222
0.008222
0.008222
0.008222
0.008222
0.008222
0.008222
0.008222
0.008222
0.008222
0.008222
0.008222
0.008222
0.008222
0.008222
0.008222
0.008222
0.008222
0.008222
0.008222
0.008222
