2.702489
2.702489
2.702672
2.703084
2.703919
2.704786
2.704579
2.704044
2.703139
2.702435
2.701699
2.700979
2.699781
2.698258
2.696642
2.695288
2.693061
2.691083
2.688987
2.686939
2.684743
2.682379
2.680234
2.677736
2.675361
2.672810
2.670258
2.667832
2.665184
2.662453
2.659749
2.656604
2.653428
2.649769
2.645930
2.642024
2.638110
2.634132
2.630080
2.625976
2.621833
2.617709
2.613385
2.608978
2.604557
2.599921
2.595300
2.590509
2.585891
2.581020
2.576118
2.571167
2.566097
2.561204
2.556112
2.551028
2.545818
2.540451
2.535179
2.529816
2.524590
2.519159
2.513683
2.508167
2.502596
2.497072
2.491429
2.485998
2.480343
2.474691
2.469179
2.463517
2.458110
2.452434
2.446872
2.441201
2.435652
2.430062
2.424329
2.418877
2.413101
2.407482
2.401931
2.396177
2.390627
2.384917
2.379472
2.373741
2.368239
2.362602
2.356899
2.351554
2.345981
2.340624
2.335232
2.329875
2.324554
2.319119
2.313835
2.308388
2.303511
2.298715
2.294088
2.289107
2.283953
2.278933
2.273915
2.268961
2.264130
2.259247
2.254447
2.249579
2.244641
2.239510
2.234377
2.229319
2.224209
2.219447
2.214566
2.210110
2.205371
2.200500
2.195654
2.190704
2.185791
2.181023
2.177093
2.172959
2.169081
2.165418
2.161331
2.156737
2.151679
2.146890
2.142292
2.137689
2.133319
2.128657
2.123945
2.119119
2.114392
2.109681
2.104982
2.100602
2.095945
2.091275
2.086597
2.081934
2.077270
2.072534
2.067744
2.063067
2.058289
2.053378
2.048431
2.043581
2.038679
2.033671
2.028594
2.023352
2.018226
2.012872
2.007609
2.002608
1.997339
1.991898
1.986498
1.981091
1.975485
1.970016
1.964471
1.958968
1.953736
1.948351
1.942874
1.937182
1.932011
1.926542
1.921268
1.916062
1.910633
1.905318
1.900231
1.895230
1.890023
1.884598
1.879313
1.874257
1.869278
1.864231
1.860237
1.857249
1.853891
1.849874
1.845807
1.841285
1.836545
1.832010
1.827857
1.823868
1.819665
1.815224
1.810904
1.806807
1.802283
1.797818
1.793383
1.789086
1.784611
1.779780
1.774961
1.770349
1.765679
1.761170
1.756712
1.752373
1.748007
1.743145
1.738482
1.733955
1.729502
1.725286
1.721131
1.716969
1.712741
1.708696
1.704647
1.700538
1.696527
1.692632
1.688678
1.684738
1.680868
1.676724
1.672712
1.668802
1.664849
1.661227
1.657897
1.654661
1.651338
1.648076
1.644732
1.641393
1.638085
1.634917
1.632252
1.629450
1.626043
1.622409
1.618582
1.614857
1.611156
1.607750
1.604267
1.600662
1.596888
1.593036
1.589177
1.585588
1.581669
1.577843
1.574217
1.570434
1.566471
1.562728
1.559021
1.555252
1.551405
1.547432
1.543425
1.539422
1.535384
1.531137
1.526703
1.522286
1.518068
1.513741
1.509152
1.504608
1.500299
1.495364
1.490306
1.485485
1.480600
1.475653
1.470675
1.465525
1.460674
1.455733
1.451145
1.446330
1.441592
1.436691
1.431673
1.426786
1.421854
1.416997
1.411892
1.406681
1.401440
1.396197
1.390964
1.385974
1.380638
1.375390
1.370241
1.364896
1.359755
1.354733
1.349585
1.344567
1.339400
1.334309
1.329340
1.324211
1.319170
1.314083
1.308817
1.303543
1.298392
1.293244
1.287827
1.282403
1.277066
1.271407
1.265799
1.260498
1.254927
1.249196
1.244004
1.239455
1.235848
1.232544
1.228828
1.224507
1.220552
1.217179
1.213773
1.210516
1.207476
1.204484
1.201601
1.198828
1.196098
1.193186
1.189964
1.186872
1.184299
1.181835
1.179861
1.177461
1.174926
1.172322
1.169578
1.166675
1.163368
1.160006
1.156848
1.153544
1.150174
1.146672
1.143037
1.139335
1.135655
1.131789
1.127736
1.123694
1.119715
1.115823
1.112100
1.108029
1.103690
1.099371
1.094755
1.089962
1.085170
1.080479
1.075444
1.070714
1.066078
1.061253
1.056379
1.051389
1.046227
1.040910
1.035466
1.030170
1.024651
1.019173
1.013620
1.008139
1.002560
0.996889
0.991316
0.985606
0.979923
0.974073
0.968227
0.962468
0.956636
0.950797
0.945313
0.939737
0.934061
0.928142
0.922527
0.916901
0.911144
0.905274
0.899423
0.893515
0.887512
0.881642
0.875759
0.869933
0.864179
0.858538
0.852842
0.847089
0.841181
0.835316
0.829443
0.823685
0.817987
0.812419
0.806758
0.801141
0.795414
0.789734
0.784172
0.778604
0.773052
0.767520
0.762064
0.756893
0.751488
0.745958
0.740278
0.734811
0.729258
0.723694
0.717993
0.712175
0.706504
0.700768
0.695094
0.689283
0.683651
0.677827
0.672110
0.666926
0.661511
0.656423
0.651052
0.645565
0.640049
0.634503
0.628940
0.623367
0.617679
0.612048
0.606340
0.600690
0.595065
0.589471
0.583850
0.578369
0.572674
0.567175
0.561628
0.556195
0.550496
0.544969
0.539452
0.533888
0.528396
0.522923
0.517467
0.511976
0.506519
0.501162
0.495712
0.490307
0.484855
0.479525
0.474173
0.468594
0.463217
0.457930
0.452749
0.447324
0.442081
0.436767
0.431379
0.425975
0.420536
0.415141
0.409826
0.404506
0.399233
0.393952
0.388777
0.383681
0.378636
0.373517
0.368528
0.363667
0.358755
0.353942
0.349143
0.344453
0.339763
0.335184
0.330583
0.326036
0.321553
0.317137
0.312825
0.308489
0.304260
0.300069
0.295856
0.291844
0.287850
0.283829
0.279992
0.276188
0.272470
0.268840
0.265303
0.261792
0.258332
0.255001
0.251522
0.248178
0.244814
0.241607
0.238317
0.235222
0.232136
0.228999
0.226035
0.223067
0.220169
0.217423
0.214500
0.211798
0.209068
0.206483
0.203870
0.201326
0.198846
0.196365
0.194001
0.191468
0.189329
0.187052
0.184760
0.182680
0.180343
0.178377
0.176292
0.174125
0.172047
0.170074
0.168233
0.166050
0.164319
0.162428
0.160644
0.158959
0.156992
0.155407
0.153633
0.151999
0.150595
0.148712
0.147357
0.145639
0.144264
0.142558
0.141355
0.140041
0.138522
0.137318
0.135800
0.134723
0.133517
0.132206
0.131000
0.129799
0.128904
0.127437
0.126541
0.125478
0.124439
0.123630
0.122288
0.121563
0.120536
0.119492
0.118850
0.117648
0.117062
0.115847
0.115253
0.114128
0.113461
0.112815
0.111795
0.111301
0.110248
0.109706
0.109259
0.108205
0.107542
0.106627
0.106390
0.105291
0.104933
0.104468
0.103650
0.103415
0.102383
0.102207
0.101672
0.101020
0.100853
0.099842
0.099654
0.098661
0.098479
0.097784
0.097283
0.097068
0.096142
0.095977
0.095218
0.094787
0.094527
0.093591
0.093332
0.092389
0.092200
0.091219
0.090996
0.090589
0.089873
0.089557
0.088633
0.088410
0.087984
0.087160
0.086685
0.086096
0.085970
0.084982
0.084808
0.084208
0.083669
0.083604
0.082650
0.082532
0.081999
0.081526
0.081489
0.080587
0.080487
0.079684
0.079623
0.078868
0.078745
0.078684
0.077891
0.077835
0.077096
0.077038
0.076982
0.076299
0.075979
0.075484
0.075598
0.074852
0.074901
0.074614
0.074248
0.074256
0.073546
0.073623
0.073353
0.072995
0.073075
0.072422
0.072568
0.071816
0.071957
0.071482
0.071367
0.071545
0.070858
0.071033
0.070535
0.070524
0.070638
0.070035
0.069945
0.069543
0.069630
0.069086
0.069208
0.069113
0.068744
0.068910
0.068319
0.068446
0.068336
0.068103
0.068179
0.067585
0.067811
0.067218
0.067404
0.067018
0.067018
0.067216
0.066607
0.066884
0.066502
0.066541
0.066738
0.066210
0.066280
0.065818
0.066119
0.065607
0.065848
0.065960
0.065559
0.065774
0.065274
0.065541
0.065687
0.065277
0.065557
0.065033
0.065299
0.064828
0.065106
0.064966
0.064855
0.065225
0.064663
0.064940
0.064819
0.064762
0.065110
0.064540
0.064864
0.064325
0.064596
0.064219
0.064448
0.064647
0.064217
0.064490
0.064057
0.064292
0.064478
0.064087
0.064375
0.063878
0.064179
0.063568
0.063922
0.063871
0.063787
0.064001
0.063497
0.063805
0.063739
0.063554
0.063832
0.063342
0.063645
0.063031
0.063466
0.063004
0.063149
0.063449
0.062897
0.063233
0.062815
0.062942
0.063284
0.062685
0.063056
0.062655
0.062742
0.062374
0.062580
0.062617
0.062453
0.062702
0.062211
0.062564
0.062546
0.062361
0.062663
0.062199
0.062455
0.061995
0.062291
0.062120
0.062167
0.062519
0.062038
0.062264
0.062138
0.062142
0.062527
0.061986
0.062277
0.061856
0.062183
0.061735
0.062070
0.062240
0.061887
0.062241
0.061802
0.062074
0.062266
0.061900
0.062302
0.061750
0.062069
0.061674
0.061909
0.061924
0.061773
0.062214
0.061643
0.062003
0.061940
0.061848
0.062219
0.061749
0.062090
0.061602
0.061886
0.061624
0.061806
0.062057
0.061729
0.061920
0.061668
0.061855
0.062096
0.061771
0.062097
0.061731
0.061969
0.061413
0.061834
0.061865
0.061751
0.062030
0.061576
0.061876
0.061893
0.061812
0.062099
0.061699
0.061981
0.061524
0.061816
0.061669
0.061686
0.062063
0.061586
0.061919
0.061673
0.061772
0.062130
0.061657
0.061957
0.061655
0.061830
0.061361
0.061710
0.061772
0.061497
0.061867
0.061351
0.061660
0.061755
0.061474
0.061817
0.061283
0.061615
0.061158
0.061416
0.061290
0.061245
0.061670
0.061076
0.061553
0.061250
0.061289
0.061651
0.061160
0.061510
0.061287
0.061367
0.060952
0.061191
0.061499
0.061136
0.061435
0.060974
0.061304
0.061531
0.061189
0.061508
0.061118
0.061363
0.060928
0.061258
0.061258
0.061165
0.061490
0.061048
0.061370
0.061313
0.061236
0.061630
0.061096
0.061470
0.061336
0.061368
0.061069
0.061248
0.061505
0.061161
0.061479
0.061172
0.061350
0.061652
0.061199
0.061605
0.061124
0.061452
0.060968
0.061285
0.061437
0.061177
0.061582
0.061154
0.061417
0.061514
0.061316
0.061670
0.061215
0.061522
0.061474
0.061398
0.061167
0.061245
0.061586
0.061123
0.061506
0.061230
0.061331
0.061613
0.061160
0.061512
0.061193
0.061349
0.060929
0.061197
0.061352
0.061169
0.061402
0.061013
0.061305
0.061348
0.061189
0.061503
0.060994
0.061361
0.060859
0.061174
0.061150
0.061040
0.061497
0.060937
0.061404
0.061163
0.061085
0.061579
0.060994
0.061432
0.061155
0.061262
0.060877
0.061106
0.061417
0.061011
0.061342
0.060943
0.061221
0.061437
0.061061
0.061412
0.061022
0.061294
0.060856
0.061152
0.061202
0.061110
0.061408
0.060991
0.061316
0.061264
0.061215
0.061540
0.061152
0.061401
0.061399
0.061320
0.061078
0.061244
0.061603
0.061147
0.061473
0.061120
0.061411
0.061684
0.061220
0.061638
0.061179
0.061473
0.061030
0.061280
0.061458
0.061191
0.061540
0.061100
0.061418
0.061426
0.061271
0.061579
0.061148
0.061426
0.061445
0.061300
0.061107
0.061199
0.061474
0.061034
0.061397
0.061131
0.061253
0.061604
0.061121
0.061482
0.061178
0.061385
0.060924
0.061203
0.061430
0.061099
0.061472
0.060956
0.061338
0.061446
0.061185
0.061516
0.061077
0.061397
0.061506
0.061282
0.061206
0.061109
0.061469
0.061032
0.061366
0.061249
0.061187
0.061641
0.061085
0.061507
0.061282
0.061306
0.061045
0.061183
0.061505
0.061067
0.061436
0.061069
0.061293
0.061528
0.061147
0.061552
0.061061
0.061397
0.061594
0.061241
0.061245
0.061101
0.061425
0.061017
0.061323
0.061255
0.061217
0.061535
0.061117
0.061372
0.061353
0.061317
0.061041
0.061168
0.061519
0.061075
0.061405
0.061089
0.061264
0.061606
0.061134
0.061549
0.061170
0.061345
0.061682
0.061223
0.061390
0.061127
0.061498
0.061006
0.061330
0.061452
0.061256
0.061620
0.061142
0.061427
0.061535
0.061339
0.061189
0.061235
0.061507
0.061137
0.061421
0.061259
0.061293
0.061639
0.061171
0.061481
0.061290
0.061339
0.061760
0.061234
0.061400
0.061134
0.061427
0.061076
0.061300
0.061443
0.061189
0.061473
0.061105
0.061387
0.061514
0.061280
0.061186
0.061104
0.061476
0.060991
0.061364
0.061277
0.061199
0.061608
0.061069
0.061450
0.061300
0.061306
0.060978
0.061178
0.061503
0.061051
0.061412
0.061029
0.061291
0.061578
0.061167
0.061530
0.061122
0.061360
0.061621
0.061043
0.060524
6.566546
6.565651
6.566961
6.567853
6.567065
6.565707
6.565326
6.564729
6.564307
6.563933
6.563779
6.563813
6.563815
6.563829
6.563826
6.563809
6.563831
6.563854
6.563825
6.563840
6.563840
6.563840
6.563840
6.563832
6.563829
6.563820
6.563820
6.563759
6.565236
6.566592
6.568197
6.570697
6.572552
6.573939
6.576278
6.577896
6.579970
6.581083
6.582723
6.583135
6.583619
6.582841
6.582750
6.581283
6.579905
6.577386
6.575510
6.572747
6.570925
6.568816
6.567544
6.564777
6.561909
6.557834
6.553361
6.548288
6.543698
6.538757
6.534307
6.529846
6.525023
6.520136
6.516011
6.510796
6.506053
6.501542
6.497115
6.492433
6.488113
6.484162
6.480911
6.476318
6.471165
6.465525
6.460481
6.454195
6.448308
6.442156
6.435609
6.427888
6.418627
6.411205
6.404362
6.397650
6.390640
6.383308
6.376215
6.370371
6.365168
6.359635
6.354101
6.348972
6.343740
6.338220
6.332185
6.325955
6.319799
6.313496
6.307139
6.300616
6.293717
6.286768
6.279407
6.272073
6.264706
6.257363
6.249538
6.241239
6.232761
6.224142
6.215644
6.207288
6.198889
6.190075
6.181146
6.172557
6.164321
6.156120
6.147916
6.139382
6.130997
6.122763
6.114662
6.106431
6.097942
6.089422
6.081176
6.073123
6.065033
6.056999
6.049031
6.040876
6.032940
6.024838
6.016434
6.008277
6.000033
5.991829
5.983622
5.975381
5.967239
5.959160
5.951092
5.942956
5.934803
5.926790
5.918596
5.910470
5.902284
5.894245
5.886242
5.878263
5.870345
5.862338
5.854056
5.845950
5.838075
5.830349
5.822480
5.814320
5.806046
5.797734
5.789470
5.781091
5.772688
5.764348
5.755896
5.747698
5.739658
5.731758
5.723605
5.715336
5.706967
5.698548
5.690061
5.681389
5.672986
5.664712
5.656360
5.647920
5.639270
5.630850
5.622540
5.614411
5.606053
5.597784
5.589529
5.581312
5.573127
5.564907
5.556540
5.548097
5.539828
5.531409
5.523137
5.514717
5.506137
5.497729
5.489137
5.480500
5.471861
5.463079
5.454192
5.445291
5.436650
5.427982
5.419295
5.410465
5.401679
5.393060
5.384627
5.376061
5.367484
5.358754
5.349915
5.341502
5.333089
5.325047
5.317205
5.309246
5.301322
5.293592
5.285834
5.277752
5.269316
5.261143
5.253144
5.245310
5.237373
5.229482
5.221445
5.213381
5.205328
5.197206
5.189037
5.181137
5.173543
5.165290
5.157142
5.148825
5.140536
5.132297
5.124124
5.115844
5.107641
5.099474
5.091248
5.083021
5.074776
5.066602
5.058307
5.050021
5.041832
5.033649
5.025363
5.017206
5.009005
5.000868
4.992759
4.984586
4.976536
4.968476
4.960308
4.952294
4.944327
4.936397
4.928387
4.920470
4.912524
4.904667
4.896820
4.888978
4.881111
4.873289
4.865585
4.857794
4.849976
4.842253
4.834573
4.826842
4.819182
4.812078
4.805124
4.798029
4.790827
4.783638
4.776142
4.768649
4.760592
4.752208
4.744034
4.736402
4.729096
4.721783
4.714485
4.707058
4.699877
4.692496
4.685141
4.677744
4.670398
4.662966
4.655658
4.648310
4.640915
4.633517
4.625966
4.618330
4.611067
4.603716
4.596376
4.589005
4.581543
4.573966
4.566536
4.559091
4.551566
4.544031
4.536580
4.528947
4.521382
4.513776
4.506205
4.498795
4.491089
4.483391
4.475729
4.468012
4.460290
4.452521
4.444912
4.437151
4.429373
4.421625
4.413808
4.405990
4.398145
4.390250
4.382431
4.374487
4.366537
4.358515
4.350629
4.342757
4.334782
4.326791
4.318829
4.310923
4.302932
4.295198
4.287238
4.279302
4.271492
4.263564
4.255731
4.247858
4.239924
4.232141
4.224389
4.216074
4.207905
4.199593
4.192054
4.184438
4.176840
4.169382
4.161810
4.154175
4.146673
4.139175
4.131684
4.124437
4.117535
4.110359
4.102614
4.094649
4.086727
4.079193
4.072074
4.064952
4.057792
4.050640
4.043488
4.036374
4.029342
4.022491
4.015497
4.008619
4.002025
3.996266
3.990706
3.984912
3.978496
3.972364
3.966291
3.960272
3.954351
3.948335
3.942566
3.936707
3.930773
3.924909
3.919104
3.913351
3.907603
3.901817
3.896151
3.890517
3.884753
3.879001
3.873043
3.867067
3.861124
3.855283
3.849383
3.843288
3.837100
3.830789
3.824756
3.818746
3.812646
3.806350
3.800033
3.793753
3.787565
3.781310
3.774945
3.768606
3.762062
3.755397
3.748594
3.741842
3.734926
3.728020
3.721196
3.714304
3.707371
3.700406
3.693388
3.686444
3.679413
3.672252
3.665240
3.658087
3.650885
3.643794
3.636540
3.629280
3.621821
3.614400
3.606858
3.599377
3.591954
3.584580
3.577289
3.569831
3.562414
3.555105
3.547880
3.540584
3.533236
3.525855
3.518606
3.511365
3.504341
3.497260
3.490202
3.483106
3.475990
3.468941
3.462055
3.455062
3.448205
3.441337
3.434476
3.427462
3.420613
3.413732
3.406900
3.399883
3.392932
3.385978
3.379006
3.372068
3.365171
3.358321
3.351004
3.343636
3.336398
3.329316
3.322291
3.315285
3.308380
3.301444
3.294591
3.287670
3.280807
3.273959
3.267120
3.260337
3.253498
3.246649
3.239847
3.233023
3.226195
3.219316
3.212479
3.205743
3.198829
3.191930
3.185094
3.178161
3.171389
3.164511
3.157620
3.150827
3.143868
3.136937
3.130032
3.123092
3.116062
3.109201
3.102312
3.095469
3.088585
3.081788
3.075003
3.068160
3.061320
3.054599
3.047725
3.040987
3.034220
3.027360
3.020639
3.013989
3.007207
3.000458
2.993751
2.987097
2.980295
2.973585
2.966991
2.960341
2.953557
2.946512
2.939619
2.932582
2.925635
2.918744
2.911850
2.905091
2.898199
2.891326
2.884558
2.877725
2.870920
2.864196
2.857542
2.850789
2.844174
2.837578
2.831029
2.824528
2.818088
2.811666
2.805151
2.798752
2.792330
2.785928
2.779586
2.773209
2.766736
2.760362
2.754071
2.747804
2.741528
2.735248
2.728934
2.722615
2.716289
2.710049
2.703752
2.697493
2.691206
2.685061
2.678880
2.672765
2.666675
2.660685
2.654750
2.648695
2.642899
2.636840
2.630453
2.624453
2.618832
2.613184
2.607597
2.601858
2.596265
2.590560
2.584866
2.579160
2.573430
2.567739
2.562201
2.556612
2.551125
2.545748
2.540207
2.534870
2.529571
2.524086
2.517741
2.511813
2.506396
2.501087
2.495867
2.490602
2.485372
2.480038
2.474659
2.469271
2.463951
2.458521
2.453185
2.447727
2.442452
2.437082
2.431757
2.426362
2.421032
2.415691
2.410329
2.405027
2.399672
2.394383
2.389036
2.383593
2.377728
2.372209
2.367033
2.361776
2.356457
2.351267
2.346109
2.341020
2.336048
2.331021
2.326022
2.320937
2.316018
2.310932
2.305640
2.300348
2.295096
2.289798
2.284094
2.278413
2.273095
2.267804
2.262482
2.257151
2.251858
2.246548
2.241741
2.236426
2.231272
2.225929
2.220799
2.215458
2.210273
2.204946
2.199633
2.194396
2.188991
2.183636
2.178235
2.172804
2.167307
2.161839
2.156299
2.150756
2.145098
2.139526
2.134035
2.128317
2.122716
2.117120
2.111681
2.106461
2.101146
2.095759
2.090413
2.084941
2.079589
2.074131
2.068968
2.063711
2.058705
2.053440
2.048289
2.043145
2.038166
2.033161
2.028092
2.023011
2.017885
2.012865
2.007892
2.002914
1.997835
1.992828
1.987833
1.982694
1.977543
1.972463
1.967347
1.962186
1.956867
1.951942
1.946527
1.941226
1.936033
1.930899
1.925665
1.920558
1.915534
1.910444
1.905278
1.900287
1.895216
1.890193
1.885342
1.880498
1.875818
1.871079
1.866412
1.861733
1.857035
1.852339
1.847634
1.842904
1.838272
1.833591
1.828852
1.823102
1.818056
1.812974
1.808037
1.802885
1.797735
1.792714
1.787585
1.782507
1.777304
1.772108
1.766873
1.761755
1.756508
1.751152
1.745714
1.739958
1.734388
1.728558
1.722693
1.716833
1.710968
1.705154
1.699359
1.693486
1.687555
1.681757
1.675942
1.670040
1.664224
1.658469
1.652567
1.646819
1.641120
1.635415
1.629658
1.624069
1.618368
1.612588
1.606932
1.601181
1.595448
1.589643
1.583863
1.578022
1.572208
1.566506
1.560642
1.554876
1.549137
1.543358
1.537643
1.531877
1.526172
1.520414
1.514848
1.509137
1.503534
1.497949
1.492317
1.486660
1.480748
1.474906
1.469234
1.463687
1.458166
1.452711
1.447295
1.441783
1.436316
1.430776
1.425320
1.420021
1.415364
1.410822
1.405872
1.400774
1.395500
1.390088
1.384592
1.379201
1.373676
1.368141
1.362481
1.356950
1.351276
1.345600
1.339977
1.334410
1.328843
1.323247
1.317777
1.312361
1.306912
1.301523
1.296212
1.290888
1.285637
1.280539
1.275350
1.270227
1.265245
1.260333
1.255482
1.250589
1.245700
1.240909
1.236092
1.231254
1.226487
1.221730
1.217043
1.212254
1.207539
1.202896
1.198187
1.193578
1.188893
1.184243
1.179592
1.174947
1.170327
1.165640
1.161069
1.156400
1.151813
1.147181
1.142554
1.137903
1.133257
1.128593
1.123903
1.119357
1.114796
1.110391
1.106025
1.101756
1.097423
1.093102
1.088763
1.084373
1.079935
1.075533
1.071230
1.066928
1.062799
1.058503
1.054352
1.050058
1.045828
1.041532
1.037230
1.032858
1.028466
1.024197
1.019792
1.015433
1.011132
1.006816
1.002544
0.998176
0.993858
0.989548
0.985106
0.980755
0.976310
0.971870
0.967355
0.962901
0.958357
0.953845
0.949252
0.944757
0.940193
0.935628
0.930944
0.926305
0.921623
0.916933
0.912307
0.907595
0.903058
0.898559
0.894245
0.889964
0.885804
0.881626
0.877533
0.873323
0.869182
0.865068
0.860949
0.856848
0.852798
0.848918
0.845026
0.841142
0.837286
0.833428
0.829582
0.825963
0.822331
0.818815
0.815185
0.811656
0.808036
0.804265
0.800657
0.797029
0.793424
0.789834
0.786170
0.782514
0.778946
0.775458
0.771922
0.768404
0.764906
0.761325
0.757883
0.754384
0.750898
0.747577
0.744223
0.740938
0.737666
0.734513
0.731413
0.728357
0.725189
0.721989
0.718874
0.715715
0.712636
0.709626
0.706454
0.703494
0.700431
0.697389
0.694195
0.691208
0.688072
0.684929
0.681888
0.678760
0.675624
0.672579
0.669589
0.666472
0.663367
0.659185
0.654658
0.651106
0.647954
0.644971
0.641835
0.638775
0.635648
0.632730
0.629844
0.627074
0.624384
0.621844
0.619390
0.617063
0.614858
0.612572
0.610349
0.608270
0.606373
0.604659
0.603110
0.601765
0.600535
0.599444
0.598472
0.597657
0.597064
0.596690
0.596417
0.596292
0.596289
0.596299
0.596254
0.596419
0.596551
0.596668
0.596783
0.596909
0.597106
0.597329
0.597605
0.597938
0.598314
0.598752
0.599177
0.599676
0.600125
0.600380
0.600430
0.600380
0.600138
0.599716
0.599162
0.598551
0.597663
0.596651
0.595317
0.593966
0.592539
0.590992
0.589444
0.587752
0.585983
0.584312
0.582599
0.580776
0.579082
0.577475
0.576096
0.574721
0.573310
0.571668
0.569886
0.568293
0.566670
0.565137
0.563659
0.562155
0.560868
0.559535
0.558311
0.557161
0.556181
0.555089
0.554107
0.553034
0.552091
0.551163
0.550218
0.549040
0.547636
0.546300
0.544757
0.543077
0.541385
0.539782
0.538280
0.536890
0.535705
0.534625
0.533362
0.532144
0.530828
0.529309
0.527953
0.526537
0.525094
0.523540
0.521925
0.520066
0.518034
0.515768
0.513345
0.510814
0.508461
0.506072
0.503487
0.500896
0.498233
0.495579
0.492837
0.490035
0.487212
0.484323
0.481356
0.478382
0.475166
0.471965
0.468536
0.464445
0.459300
0.454083
0.450482
0.447717
0.445179
0.442169
0.439066
0.435625
0.432124
0.428174
0.424297
0.420231
0.416151
0.412232
0.408429
0.404733
0.400756
0.397152
0.393367
0.389494
0.385959
0.382045
0.378440
0.374581
0.370865
0.367257
0.363512
0.360135
0.356278
0.352644
0.348668
0.344971
0.340854
0.337099
0.332856
0.328513
0.324578
0.320192
0.316110
0.311818
0.307795
0.303535
0.299397
0.295412
0.291142
0.287379
0.283129
0.279527
0.275628
0.271930
0.268321
0.264585
0.261109
0.257195
0.253557
0.250020
0.246300
0.242797
0.238942
0.235638
0.231866
0.228470
0.224630
0.220942
0.217749
0.213999
0.210812
0.207223
0.204101
0.200447
0.197419
0.193961
0.190920
0.187616
0.184274
0.181528
0.178169
0.175490
0.172226
0.169332
0.166406
0.163295
0.160489
0.157155
0.154403
0.151281
0.148230
0.145333
0.142218
0.139502
0.136330
0.133792
0.130607
0.127716
0.125128
0.122092
0.119826
0.117106
0.115264
0.112821
0.111142
0.108950
0.106837
0.105532
0.103632
0.102409
0.100658
0.099619
0.097946
0.097008
0.095801
0.094703
0.093655
0.092254
0.091646
0.090417
0.089629
0.088649
0.087765
0.087019
0.085850
0.085202
0.083999
0.083165
0.082373
0.081491
0.081040
0.079973
0.079811
0.078724
0.078142
0.077997
0.077668
0.078474
0.078466
0.079109
0.078928
0.079382
0.078914
0.079162
0.078467
0.077395
0.076742
0.075071
0.073941
0.072189
0.070897
0.069153
0.067718
0.066596
0.065254
0.064831
0.063564
0.062955
0.061984
0.061193
0.060804
0.059788
0.059629
0.058792
0.058286
0.057955
0.057366
0.057405
0.056824
0.057089
0.056669
0.057047
0.056727
0.056438
0.056885
0.056745
0.057353
0.057156
0.057935
0.057821
0.058560
0.058442
0.058737
0.058844
0.058636
0.059203
0.058864
0.059282
0.058895
0.058908
0.059003
0.058778
0.059079
0.058918
0.059231
0.059377
0.059482
0.059755
0.059631
0.060084
0.059846
0.060419
0.060116
0.059944
0.060212
0.059683
0.060099
0.059642
0.059993
0.059483
0.059763
0.059140
0.058663
0.058923
0.058454
0.058780
0.058204
0.058579
0.058137
0.058211
0.058107
0.057961
0.058115
0.057716
0.057904
0.057640
0.057644
0.057650
0.057401
0.057632
0.057353
0.057657
0.057562
0.057650
0.057900
0.057637
0.058077
0.057673
0.058157
0.057724
0.058191
0.057726
0.057313
0.057649
0.057222
0.057540
0.057120
0.057466
0.057029
0.057259
0.056917
0.056482
0.056927
0.056540
0.057017
0.056656
0.056935
0.056890
0.056964
0.057156
0.056986
0.057342
0.057142
0.057359
0.057407
0.057164
0.057587
0.057252
0.057756
0.057391
0.057425
0.057598
0.057299
0.057615
0.057273
0.057680
0.057323
0.057831
0.057485
0.057123
0.057562
0.057194
0.057691
0.057363
0.057893
0.057663
0.058118
0.058048
0.058205
0.058351
0.058069
0.058660
0.058376
0.058708
0.058530
0.058617
0.058644
0.058353
0.058629
0.058264
0.058412
0.058268
0.058177
0.058315
0.058030
0.058465
0.058080
0.058577
0.058151
0.057939
0.058278
0.057950
0.058481
0.058101
0.058589
0.058267
0.058704
0.058360
0.058034
0.058532
0.058182
0.058642
0.058282
0.058618
0.058384
0.058504
0.058558
0.058413
0.058651
0.058290
0.058510
0.058413
0.058365
0.058463
0.058246
0.058589
0.058228
0.058373
0.058313
0.058282
0.058426
0.058132
0.058565
0.058267
0.058674
0.058348
0.058826
0.058581
0.058229
0.058690
0.058462
0.058914
0.058653
0.059220
0.058968
0.059333
0.059180
0.058915
0.059427
0.059015
0.059616
0.059298
0.059497
0.059387
0.059331
0.059524
0.059142
0.059393
0.059118
0.059088
0.059046
0.058807
0.059054
0.058635
0.058999
0.058522
0.058456
0.058555
0.058227
0.058703
0.058307
0.058805
0.058442
0.058992
0.058652
0.059152
0.058892
0.058523
0.059001
0.058701
0.059127
0.058754
0.059039
0.058739
0.058778
0.058819
0.058332
0.058846
0.058319
0.058516
0.058346
0.058205
0.058373
0.057879
0.058219
0.057805
0.057886
0.057857
0.057677
0.057944
0.057545
0.058070
0.057704
0.058192
0.057893
0.057641
0.058116
0.057819
0.058283
0.058006
0.058493
0.058271
0.058742
0.058360
0.057989
0.058493
0.058050
0.058569
0.058152
0.058454
0.058208
0.058271
0.058322
0.058091
0.058433
0.058004
0.058265
0.058147
0.058213
0.058349
0.058115
0.058599
0.058286
0.058543
0.058596
0.058581
0.058901
0.058610
0.059142
0.058801
0.059287
0.058965
0.059378
0.059097
0.058649
0.059100
0.058719
0.059123
0.058743
0.059174
0.058707
0.058873
0.058692
0.058267
0.058629
0.058287
0.058650
0.058353
0.058485
0.058410
0.058339
0.058473
0.058192
0.058435
0.058265
0.058284
0.058386
0.058088
0.058509
0.058109
0.058456
0.058115
0.057976
0.058118
0.057718
0.058144
0.057748
0.058190
0.057811
0.058257
0.057821
0.058239
0.057886
0.057455
0.057938
0.057516
0.058003
0.057622
0.057903
0.057764
0.057705
0.057905
0.057522
0.057957
0.057727
0.057880
0.057910
0.057764
0.058000
0.057684
0.058163
0.057913
0.057881
0.058025
0.057898
0.058144
0.057869
0.058269
0.057943
0.058362
0.058031
0.057685
0.058154
0.057901
0.058262
0.058075
0.058483
0.058204
0.058652
0.058361
0.058105
0.058536
0.058222
0.058716
0.058298
0.058663
0.058484
0.058520
0.058569
0.058425
0.058693
0.058368
0.058600
0.058540
0.058459
0.058629
0.058314
0.058729
0.058376
0.058430
0.058491
0.058292
0.058599
0.058270
0.058767
0.058442
0.058946
0.058735
0.059114
0.058950
0.058596
0.059002
0.058738
0.059138
0.058770
0.059227
0.058887
0.059046
0.058955
0.058583
0.058998
0.058573
0.058818
0.058525
0.058455
0.058576
0.058284
0.058668
0.058412
0.058702
0.058642
0.058662
0.058900
0.058724
0.059114
0.058831
0.059331
0.059027
0.058904
0.059177
0.058841
0.059336
0.058960
0.059443
0.059030
0.059520
0.059044
0.059429
0.059191
0.058819
0.059249
0.058858
0.059257
0.058976
0.059190
0.059132
0.059069
0.059340
0.058974
0.059380
0.059207
0.059285
0.059386
0.059270
0.059648
0.059283
0.059785
0.059505
0.059533
0.059706
0.059464
0.059858
0.059580
0.060047
0.059699
0.060143
0.059723
0.059469
0.059789
0.059418
0.059847
0.059398
0.059871
0.059370
0.059595
0.059379
0.059316
0.059273
0.059016
0.059330
0.059088
0.059246
0.059148
0.059100
0.059338
0.059127
0.059465
0.059290
0.059391
0.059478
0.059362
0.059578
0.059339
0.059704
0.059393
0.059786
0.059415
0.059153
0.059401
0.059006
0.059404
0.058908
0.059280
0.058825
0.059190
0.058810
0.058453
0.058916
0.058558
0.059015
0.058651
0.059040
0.058839
0.058964
0.059027
0.058661
0.059209
0.058895
0.059228
0.059101
0.059177
0.059234
0.058976
0.059299
0.059035
0.059125
0.059031
0.058864
0.059053
0.058580
0.058920
0.058526
0.058905
0.058510
0.058319
0.058615
0.058377
0.058888
0.058672
0.059204
0.058940
0.059548
0.059327
0.059637
0.059557
0.059243
0.059817
0.059422
0.059839
0.059548
0.059778
0.059709
0.059610
0.059775
0.059464
0.059687
0.059493
0.059494
0.059589
0.059331
0.059706
0.059304
0.059686
0.059368
0.059285
0.059352
0.059157
0.059407
0.059137
0.059474
0.059182
0.059614
0.059404
0.059065
0.059528
0.059257
0.059679
0.059391
0.059820
0.059434
0.059694
0.059480
0.059499
0.059471
0.059214
0.059513
0.059192
0.059349
0.059249
0.059136
0.059286
0.058861
0.059197
0.058968
0.059008
0.059059
0.058828
0.059069
0.058844
0.059223
0.058869
0.059279
0.058873
0.058678
0.059017
0.058755
0.059252
0.058911
0.059390
0.059131
0.059541
0.059287
0.059005
0.059422
0.059155
0.059576
0.059251
0.059599
0.059446
0.059510
0.059590
0.059405
0.059743
0.059398
0.059624
0.059550
0.059474
0.059726
0.059339
0.059701
0.059441
0.059495
0.059433
0.059324
0.059471
0.059133
0.059510
0.059185
0.059602
0.059212
0.058892
0.059210
0.058871
0.059228
0.058860
0.059249
0.058845
0.059246
0.058755
0.058969
0.058796
0.058401
0.058717
0.058336
0.058550
0.058225
0.058234
0.058239
0.058019
0.058257
0.057814
0.058030
0.057841
0.057737
0.057876
0.057548
0.057846
0.057505
0.057807
0.057508
0.057317
0.057460
0.057203
0.057627
0.057349
0.057776
0.057525
0.058023
0.057660
0.057393
0.057861
0.057508
0.058053
0.057724
0.058204
0.057936
0.058085
0.058027
0.057950
0.058193
0.057842
0.058228
0.058024
0.058158
0.058163
0.058091
0.058343
0.058098
0.058372
0.058243
0.058302
0.058444
0.058260
0.058632
0.058274
0.058863
0.058533
0.058986
0.058758
0.058349
0.058850
0.058596
0.059078
0.058779
0.059271
0.058926
0.059332
0.059135
0.058810
0.059261
0.058914
0.059340
0.058985
0.059196
0.059035
0.059002
0.059059
0.058706
0.059020
0.058694
0.058795
0.058789
0.058755
0.058926
0.058668
0.059084
0.058744
0.058887
0.058937
0.058719
0.059048
0.058727
0.059164
0.058852
0.059314
0.058913
0.059352
0.059013
0.058687
0.059102
0.058836
0.059223
0.058925
0.059324
0.059033
0.059167
0.059149
0.058820
0.059227
0.058977
0.059240
0.059033
0.059071
0.059132
0.058915
0.059233
0.058881
0.059125
0.059010
0.058965
0.059180
0.058902
0.059399
0.059068
0.059562
0.059216
0.059164
0.059385
0.059148
0.059576
0.059270
0.059767
0.059383
0.059869
0.059613
0.059242
0.059739
0.059386
0.059865
0.059598
0.059961
0.059725
0.059858
0.059831
0.059701
0.059940
0.059527
0.059907
0.059623
0.059723
0.059729
0.059509
0.059841
0.059507
0.059746
0.059662
0.059573
0.059676
0.059358
0.059733
0.059429
0.059814
0.059422
0.059891
0.059406
0.059082
0.059461
0.059026
0.059491
0.059053
0.059490
0.059122
0.059368
0.059093
0.058730
0.059052
0.058630
0.059071
0.058632
0.058802
0.058702
0.058613
0.058737
0.058398
0.058742
0.058498
0.058618
0.058657
0.058534
0.058801
0.058501
0.059003
0.058623
0.058702
0.058719
0.058539
0.058925
0.058608
0.059113
0.058779
0.059260
0.058954
0.059391
0.059122
0.058753
0.059265
0.058937
0.059453
0.059083
0.059420
0.059181
0.059248
0.059271
0.058994
0.059411
0.059071
0.059217
0.059171
0.059141
0.059319
0.059086
0.059523
0.059202
0.059365
0.059330
0.059227
0.059462
0.059138
0.059541
0.059210
0.059615
0.059287
0.059036
0.059319
0.059016
0.059355
0.059043
0.059433
0.059074
0.059486
0.059139
0.058769
0.059137
0.058793
0.059254
0.058852
0.059168
0.058901
0.058992
0.058920
0.058803
0.058991
0.058662
0.058893
0.058795
0.058740
0.058860
0.058645
0.058923
0.058617
0.058753
0.058697
0.058660
0.058795
0.058442
0.058924
0.058538
0.059013
0.058666
0.059118
0.058798
0.058418
0.058870
0.058495
0.058914
0.058585
0.058969
0.058689
0.058867
0.058802
0.058490
0.058866
0.058550
0.058924
0.058654
0.058778
0.058746
0.058585
0.058860
0.058467
0.058779
0.058587
0.058620
0.058688
0.058427
0.058768
0.058406
0.058828
0.058487
0.058382
0.058513
0.058205
0.058532
0.058225
0.058666
0.058281
0.058708
0.058346
0.058762
0.058514
0.058205
0.058678
0.058323
0.058845
0.058486
0.058834
0.058633
0.058649
0.058774
0.058494
0.058885
0.058568
0.058806
0.058800
0.058717
0.058879
0.058634
0.059064
0.058719
0.058755
0.058837
0.058634
0.058910
0.058608
0.058994
0.058636
0.059230
0.058764
0.058538
0.058943
0.058578
0.059093
0.058745
0.059230
0.058829
0.059260
0.058998
0.059110
0.059076
0.058741
0.059168
0.058783
0.059166
0.058942
0.059019
0.059139
0.058898
0.059221
0.058992
0.059152
0.059071
0.059064
0.059152
0.058919
0.059334
0.058939
0.059421
0.059090
0.058907
0.059258
0.058860
0.059313
0.058932
0.059410
0.059091
0.059563
0.059136
0.058879
0.059298
0.059013
0.059441
0.059119
0.059491
0.059224
0.059446
0.059273
0.059044
0.059464
0.059056
0.059473
0.059241
0.059282
0.059372
0.059184
0.059438
0.059145
0.059402
0.059229
0.059281
0.059299
0.059042
0.059388
0.059078
0.059548
0.059186
0.059025
0.059223
0.058903
0.059327
0.058954
0.059378
0.059033
0.059373
0.059001
0.059365
0.059107
0.058828
0.059250
0.058932
0.059404
0.059032
0.059208
0.059061
0.059045
0.059183
0.058790
0.059131
0.058883
0.058993
0.058948
0.058766
0.059093
0.058692
0.059099
0.058736
0.058654
0.058801
0.058437
0.058750
0.058434
0.058876
0.058515
0.058954
0.058609
0.058313
0.058725
0.058428
0.058875
0.058553
0.059101
0.058657
0.059065
0.058755
0.058832
0.058936
0.058564
0.059002
0.058621
0.058855
0.058683
0.058665
0.058790
0.058459
0.058757
0.058453
0.058584
0.058545
0.058390
0.058605
0.058183
0.058679
0.058309
0.058794
0.058376
0.058223
0.058511
0.058167
0.058625
0.058329
0.058770
0.058405
0.058936
0.058486
0.058222
0.058686
0.058336
0.058804
0.058433
0.058826
0.058520
0.058647
0.058642
0.058529
0.058786
0.058405
0.058708
0.058517
0.058589
0.058622
0.058489
0.058806
0.058409
0.058659
0.058612
0.058517
0.058778
0.058403
0.058865
0.058476
0.058968
0.058596
0.058450
0.058724
0.058335
0.058825
0.058442
0.058883
0.058579
0.058960
0.058656
0.058903
0.058781
0.058488
0.058900
0.058593
0.058991
0.058716
0.058849
0.058849
0.058686
0.058934
0.058631
0.058877
0.058687
0.058742
0.058774
0.058494
0.058872
0.058480
0.058930
0.058573
0.058585
0.058685
0.058459
0.058787
0.058544
0.059004
0.058683
0.059082
0.058778
0.058458
0.058877
0.058583
0.058993
0.058645
0.059089
0.058721
0.059004
0.058841
0.058858
0.058983
0.058658
0.059048
0.058781
0.058869
0.058785
0.058681
0.058836
0.058511
0.058772
0.058536
0.058528
0.058499
0.058296
0.058646
0.058214
0.058638
0.058303
0.058757
0.058385
0.058073
0.058447
0.058064
0.058511
0.058145
0.058561
0.058235
0.058588
0.058289
0.057884
0.058370
0.057947
0.058397
0.058033
0.058251
0.057971
0.058042
0.058099
0.057835
0.058151
0.057772
0.057953
0.057831
0.057811
0.058020
0.057632
0.058076
0.057646
0.057785
0.057754
0.057577
0.057894
0.057587
0.058041
0.057740
0.058189
0.057821
0.058350
0.057925
0.057652
0.058136
0.057776
0.058287
0.057892
0.058441
0.058094
0.058305
0.058271
0.057901
0.058424
0.058077
0.058413
0.058231
0.058313
0.058352
0.058167
0.058514
0.058147
0.058436
0.058287
0.058307
0.058464
0.058213
0.058647
0.058320
0.058796
0.058523
0.058394
0.058728
0.058354
0.058878
0.058574
0.059027
0.058759
0.059268
0.058949
0.058668
0.059079
0.058714
0.059202
0.058830
0.059347
0.058939
0.059185
0.059038
0.058993
0.059168
0.058759
0.059149
0.058820
0.059002
0.058892
0.058779
0.059039
0.058639
0.058848
0.058783
0.058718
0.058753
0.058552
0.058928
0.058642
0.059004
0.058687
0.059118
0.058753
0.058501
0.058858
0.058534
0.058954
0.058635
0.059075
0.058702
0.059096
0.058840
0.058513
0.058883
0.058561
0.058993
0.058670
0.058862
0.058751
0.058795
0.058802
0.058624
0.058826
0.058575
0.058688
0.058624
0.058504
0.058700
0.058356
0.058795
0.058388
0.058491
0.058489
0.058237
0.058521
0.058203
0.058631
0.058258
0.058727
0.058280
0.058784
0.058376
0.058003
0.058402
0.058030
0.058458
0.058054
0.058339
0.058134
0.058174
0.058204
0.057760
0.058249
0.057834
0.058099
0.057889
0.057925
0.057959
0.057740
0.058057
0.057674
0.057849
0.057777
0.057656
0.057852
0.057590
0.058023
0.057686
0.058195
0.057870
0.057617
0.057992
0.057592
0.058115
0.057769
0.058228
0.057956
0.058470
0.058056
0.058398
0.058238
0.057906
0.058410
0.058041
0.058575
0.058210
0.058442
0.058399
0.058357
0.058552
0.058302
0.058635
0.058440
0.058541
0.058610
0.058425
0.058810
0.058495
0.058686
0.058707
0.058658
0.058840
0.058564
0.058980
0.058656
0.059180
0.058857
0.059234
0.059008
0.058666
0.059071
0.058778
0.059221
0.058881
0.059374
0.058998
0.059341
0.059053
0.058748
0.059174
0.058792
0.059319
0.058913
0.059071
0.059013
0.058854
0.059037
0.058702
0.059010
0.058815
0.058829
0.058899
0.058695
0.058930
0.058613
0.059008
0.058693
0.058640
0.058664
0.058487
0.058753
0.058485
0.058791
0.058477
0.058931
0.058496
0.058880
0.058520
0.058232
0.058610
0.058201
0.058644
0.058259
0.058534
0.058354
0.058404
0.058446
0.058070
0.058473
0.058137
0.058243
0.058211
0.058090
0.058298
0.057944
0.058359
0.057904
0.058045
0.058025
0.057891
0.058072
0.057770
0.058132
0.057891
0.058221
0.057915
0.057692
0.057960
0.057623
0.058058
0.057685
0.058106
0.057785
6.748013
6.747865
6.742698
6.737525
6.737041
6.736910
6.734617
6.733592
6.731107
6.728156
6.724446
6.720277
6.715516
6.710203
6.704468
6.698328
6.691873
6.685032
6.677883
6.670470
6.662820
6.654845
6.646626
6.638148
6.629610
6.620768
6.611759
6.602563
6.593183
6.583667
6.574007
6.564155
6.554204
6.544024
6.533820
6.523323
6.512795
6.502015
6.491242
6.480231
6.469066
6.457935
6.446648
6.435316
6.423993
6.412652
6.401344
6.389976
6.378591
6.367275
6.355892
6.344596
6.333686
6.322278
6.310583
6.299693
6.289304
6.278920
6.268300
6.257399
6.246643
6.236086
6.225528
6.214744
6.203980
6.193083
6.182046
6.171022
6.159926
6.148676
6.137065
6.125345
6.113587
6.101649
6.089565
6.077313
6.065040
6.052704
6.040659
6.028830
6.016823
6.004956
5.993470
5.982202
5.970665
5.959116
5.947802
5.936372
5.924796
5.912960
5.901281
5.889519
5.877768
5.865872
5.854032
5.842110
5.830322
5.819047
5.807759
5.796222
5.784896
5.773957
5.762954
5.752077
5.741202
5.730002
5.719088
5.708240
5.697006
5.685781
5.674923
5.663899
5.652657
5.641601
5.630615
5.619510
5.608341
5.597312
5.586191
5.575252
5.564844
5.554704
5.544322
5.534049
5.523700
5.513496
5.503299
5.493146
5.482982
5.472774
5.461223
5.450147
5.440662
5.431268
5.421909
5.412651
5.403019
5.393100
5.383330
5.373539
5.363477
5.353333
5.343050
5.332817
5.322434
5.311896
5.301012
5.290151
5.279186
5.268018
5.256682
5.245133
5.233597
5.222019
5.210491
5.198769
5.186852
5.175061
5.163876
5.152646
5.141263
5.130012
5.119151
5.108165
5.096763
5.085969
5.075411
5.064449
5.053423
5.042748
5.032110
5.021105
5.011036
5.000756
4.989916
4.979073
4.968540
4.958134
4.947364
4.936678
4.926181
4.915644
4.905000
4.894290
4.883878
4.873453
4.863263
4.852855
4.842171
4.831876
4.821823
4.811320
4.801017
4.791062
4.781406
4.771254
4.761336
4.751777
4.742172
4.732660
4.723463
4.714401
4.705330
4.696381
4.687432
4.678604
4.669981
4.661374
4.652603
4.644209
4.635874
4.627739
4.618779
4.609613
4.602039
4.594683
4.586592
4.579151
4.571431
4.563348
4.555921
4.548390
4.540413
4.532307
4.524369
4.516183
4.507936
4.499521
4.491043
4.482392
4.473398
4.464704
4.455781
4.446246
4.436796
4.427441
4.417700
4.407668
4.397431
4.387170
4.376557
4.365506
4.354626
4.343744
4.332661
4.321537
4.310343
4.299331
4.288223
4.277126
4.266268
4.255351
4.243931
4.232525
4.221272
4.210169
4.198507
4.187292
4.176283
4.165089
4.153803
4.142983
4.132367
4.121300
4.110474
4.099855
4.089296
4.078489
4.067908
4.057889
4.047579
4.037451
4.027534
4.017929
4.007907
3.998035
3.988637
3.979193
3.969624
3.960591
3.951493
3.942218
3.933093
3.924021
3.914858
3.905522
3.896672
3.887753
3.878708
3.869840
3.861289
3.852450
3.843728
3.836340
3.827894
3.820117
3.811474
3.803247
3.794498
3.785806
3.777457
3.769005
3.760114
3.751619
3.743052
3.734480
3.726093
3.718142
3.710059
3.701673
3.692934
3.684649
3.675853
3.666354
3.656927
3.647363
3.637809
3.628176
3.617551
3.606608
3.596222
3.585870
3.574789
3.563509
3.552553
3.541334
3.529475
3.517910
3.506649
3.495280
3.483854
3.472349
3.460707
3.448929
3.436928
3.424782
3.413055
3.401348
3.389407
3.377277
3.365506
3.353942
3.342612
3.331352
3.320517
3.309577
3.298385
3.287429
3.276710
3.266024
3.255111
3.244558
3.233963
3.223326
3.212846
3.202698
3.192502
3.182554
3.172921
3.163386
3.153913
3.144638
3.135275
3.126758
3.118839
3.111140
3.103484
3.095603
3.088116
3.080823
3.073628
3.066164
3.058431
3.050882
3.044264
3.036962
3.028825
3.020023
3.010478
2.999923
2.988874
2.977757
2.966587
2.955042
2.943580
2.932462
2.921068
2.909450
2.898663
2.889241
2.879927
2.870207
2.860447
2.849848
2.838856
2.828040
2.817625
2.807006
2.795713
2.783709
2.771790
2.759918
2.747455
2.734818
2.722364
2.709776
2.696822
2.683786
2.670965
2.657855
2.644703
2.631184
2.617659
2.604100
2.590335
2.576591
2.562761
2.549012
2.535226
2.521750
2.508467
2.495384
2.481953
2.468495
2.455353
2.442079
2.428956
2.416126
2.403642
2.391045
2.378436
2.366237
2.354249
2.342313
2.330309
2.318807
2.307392
2.295874
2.284713
2.273670
2.262506
2.251296
2.240337
2.228591
2.216772
2.204898
2.192927
2.180883
2.168880
2.157393
2.146263
2.134919
2.123732
2.112630
2.101728
2.090874
2.079870
2.068243
2.056576
2.044988
2.033339
2.021550
2.009757
1.998037
1.986186
1.974576
1.963041
1.951577
1.940365
1.929154
1.918105
1.907117
1.896426
1.885782
1.875376
1.865041
1.854826
1.844772
1.834815
1.825010
1.815386
1.805699
1.796282
1.786961
1.777761
1.768673
1.759800
1.750976
1.742265
1.733819
1.725498
1.717343
1.709422
1.701712
1.694187
1.686644
1.679410
1.672193
1.665063
1.658123
1.651090
1.644167
1.637371
1.630623
1.623946
1.617414
1.610841
1.604516
1.598028
1.591846
1.585521
1.579271
1.573125
1.567013
1.560801
1.554652
1.548502
1.542556
1.536601
1.530812
1.525092
1.519410
1.513779
1.508187
1.502727
1.497264
1.491767
1.486373
1.481038
1.475764
1.470487
1.465348
1.459522
1.453993
1.449084
1.444025
1.438955
1.433895
1.428809
1.423784
1.418854
1.413944
1.408807
1.403925
1.399086
1.394115
1.389195
1.384457
1.379522
1.374555
1.369688
1.364683
1.359712
1.354529
1.349351
1.344107
1.338869
1.333532
1.328240
1.322892
1.317551
1.312193
1.306771
1.301346
1.295905
1.290575
1.285128
1.279684
1.274276
1.269474
1.264632
1.259864
1.255064
1.250293
1.245511
1.241741
1.238206
1.233696
1.229380
1.224956
1.220527
1.215948
1.211234
1.206457
1.201933
1.197285
1.192644
1.187988
1.183346
1.178628
1.174519
1.170663
1.166637
1.162188
1.157497
1.152835
1.148616
1.144018
1.139431
1.134857
1.130506
1.126020
1.121364
1.116513
1.111462
1.106350
1.101432
1.096591
1.091958
1.087074
1.082040
1.077401
1.073057
1.068666
1.064649
1.060325
1.055814
1.051235
1.046372
1.041297
1.036213
1.031091
1.026042
1.020853
1.015869
1.010830
1.005631
1.000387
0.995043
0.989749
0.984459
0.979142
0.973743
0.968343
0.962829
0.957351
0.951711
0.946093
0.940477
0.934887
0.929474
0.923913
0.918263
0.912573
0.906840
0.901263
0.896061
0.891042
0.885664
0.880246
0.874653
0.868988
0.863045
0.857280
0.851618
0.845822
0.840023
0.834193
0.828341
0.822571
0.816869
0.811150
0.805551
0.799952
0.794319
0.788668
0.783187
0.777741
0.772301
0.766910
0.761487
0.756051
0.750678
0.745277
0.739805
0.734292
0.728825
0.723313
0.717840
0.712216
0.706799
0.701502
0.696347
0.690745
0.685128
0.679693
0.674130
0.668560
0.662932
0.657459
0.651981
0.646353
0.640536
0.634967
0.629536
0.624093
0.618713
0.613303
0.607875
0.602415
0.596891
0.591329
0.585687
0.580097
0.574491
0.568763
0.563116
0.557596
0.552035
0.546505
0.540856
0.535215
0.529648
0.524052
0.518401
0.512768
0.507111
0.501435
0.495795
0.490144
0.484421
0.478746
0.473232
0.467618
0.461953
0.456148
0.450472
0.444758
0.438944
0.433283
0.427667
0.422058
0.416482
0.410882
0.405302
0.399706
0.394147
0.388271
0.382641
0.376945
0.371373
0.365764
0.360284
0.354717
0.349261
0.343736
0.338267
0.332859
0.327159
0.321594
0.315994
0.310422
0.304777
0.299047
0.293265
0.287509
0.281779
0.275923
0.270140
0.264478
0.258957
0.253355
0.247433
0.241803
0.236290
0.230784
0.225261
0.219765
0.214227
0.208853
0.203455
0.198078
0.192736
0.187532
0.182336
0.177294
0.172280
0.167357
0.162527
0.157821
0.153204
0.148537
0.144003
0.139558
0.135270
0.131004
0.126911
0.122935
0.119096
0.114904
0.111266
0.107828
0.104538
0.101368
0.098259
0.095291
0.092500
0.089816
0.087269
0.084841
0.082481
0.080146
0.077983
0.075816
0.073703
0.071693
0.069726
0.067847
0.065958
0.064160
0.062374
0.060723
0.058911
0.057434
0.055922
0.054375
0.052912
0.051538
0.050327
0.049040
0.047729
0.046557
0.045270
0.044019
0.042745
0.041551
0.040368
0.039120
0.037736
0.036303
0.034949
0.033661
0.032293
0.031024
0.029767
0.028594
0.027493
0.026319
0.025377
0.024388
0.023250
0.022302
0.021373
0.020519
0.019724
0.018911
0.018181
0.017517
0.016916
0.016286
0.015736
0.015259
0.014864
0.014473
0.014193
0.014037
0.013939
0.013942
0.014015
0.014105
0.014352
0.014528
0.014738
0.015008
0.015395
0.015677
0.015997
0.016270
0.016598
0.016871
0.017201
0.017523
0.017952
0.018418
0.018875
0.019395
0.020029
0.020683
0.021343
0.022042
0.022662
0.023183
0.023674
0.023983
0.024221
0.024612
0.024998
0.025326
0.025709
0.026153
0.026453
0.026731
0.026839
0.027073
0.027165
0.027243
0.027229
0.027135
0.026969
0.026890
0.026806
0.026671
0.026603
0.026523
0.026469
0.026317
0.026221
0.026022
0.025871
0.025857
0.025669
0.025536
0.025436
0.025437
0.025490
0.025550
0.025614
0.025576
0.025725
0.025833
0.025800
0.025849
0.025783
0.025788
0.025790
0.025823
0.025826
0.025867
0.025931
0.026019
0.026104
0.026295
0.026548
0.026765
0.026912
0.027200
0.027564
0.027917
0.028160
0.028252
0.028418
0.028564
0.028687
0.028753
0.028760
0.028750
0.028630
0.028740
0.029002
0.029064
0.028970
0.029072
0.029484
0.029775
0.029906
0.030244
0.030764
0.031018
0.031399
0.031619
0.031568
0.031630
0.032010
0.032376
0.032476
0.032635
0.032986
0.033074
0.032945
0.033102
0.033339
0.033454
0.033528
0.033848
0.033988
0.033929
0.033888
0.034192
0.034443
0.034406
0.034613
0.035166
0.035536
0.035850
0.036192
0.036802
0.037254
0.037513
0.037941
0.038481
0.038810
0.038996
0.039331
0.039705
0.039758
0.039823
0.039967
0.040072
0.039695
0.039693
0.039859
0.039788
0.039748
0.039990
0.040261
0.040429
0.040532
0.040803
0.041099
0.041222
0.041385
0.041919
0.042339
0.042676
0.042948
0.043057
0.043252
0.043780
0.044117
0.044200
0.044488
0.044808
0.044970
0.044868
0.044978
0.045011
0.044841
0.044678
0.044754
0.044609
0.044391
0.044302
0.044469
0.044441
0.044325
0.044600
0.045135
0.045808
0.046611
0.047671
0.048824
0.050066
0.051405
0.052726
0.054014
0.055343
0.056742
0.058055
0.059362
0.060574
0.061830
0.062923
0.063982
0.065016
0.065999
0.066959
0.067848
0.068826
0.069788
0.070660
0.071521
0.072296
0.073086
0.073761
0.074274
0.074711
0.074921
0.075143
0.075210
0.075189
0.075005
0.074539
0.073986
0.073332
0.072488
0.071541
0.070500
0.069403
0.068217
0.066931
0.065662
0.064364
0.063077
0.061846
0.060570
0.059315
0.058185
0.057081
0.055856
0.054619
0.053462
0.052509
0.051729
0.050839
0.050032
0.049422
0.049096
0.048873
0.048698
0.048569
0.048447
0.048463
0.048601
0.048858
0.049055
0.049394
0.049672
0.050100
0.050517
0.050952
0.051349
0.051919
0.052281
0.052647
0.052937
0.053144
0.053303
0.053610
0.053848
0.054099
0.054343
0.054575
0.054797
0.054906
0.055069
0.055154
0.055355
0.055440
0.055502
0.055634
0.055778
0.056081
0.056523
0.057065
0.057864
0.058857
0.059982
0.061155
0.062330
0.063330
0.064170
0.064925
0.065378
0.065525
0.065506
0.065294
0.064818
0.064232
0.063375
0.062125
0.060849
0.059454
0.057915
0.056330
0.054627
0.052857
0.051110
0.049214
0.047178
0.045063
0.043155
0.041383
0.039387
0.037529
0.035762
0.034346
0.032965
0.031800
0.030599
0.029540
0.028488
0.027567
0.026720
0.025913
0.025222
0.024649
0.024156
0.023666
0.023350
0.023089
0.022806
0.022620
0.022467
0.022288
0.022083
0.021879
0.021828
0.022073
0.022319
0.022834
0.023404
0.024023
0.024780
0.025680
0.026745
0.027957
0.029421
0.030976
0.032674
0.034168
0.035726
0.037312
0.038819
0.040557
0.042165
0.043756
0.045425
0.047194
0.048750
0.050372
0.052106
0.053820
0.055501
0.057138
0.058839
0.060166
0.061454
0.062590
0.063834
0.064700
0.065617
0.066531
0.067481
0.068547
0.069592
0.070501
0.071329
0.072075
0.072610
0.072891
0.073200
0.073264
0.073186
0.072694
0.072041
0.071425
0.070903
0.070302
0.069719
0.069220
0.068754
0.068218
0.067872
0.067679
0.067162
0.066668
0.066011
0.065675
0.065698
0.066153
0.066684
0.067495
0.068430
0.069604
0.070976
0.072236
0.073362
0.074315
0.075192
0.076031
0.076943
0.077934
0.078833
0.079718
0.080769
0.081789
0.082718
0.083758
0.084796
0.085775
0.086386
0.086769
0.087077
0.087255
0.087447
0.087925
0.088551
0.089213
0.089819
0.090264
0.090607
0.090781
0.090397
0.090008
0.089623
0.089273
0.088850
0.088385
0.088077
0.087711
0.087212
0.086599
0.085769
0.085115
0.084566
0.084080
0.083793
0.083769
0.084033
0.084488
0.084999
0.085685
0.086546
0.087701
0.089026
0.090471
0.091786
0.093034
0.094176
0.095167
0.095956
0.096298
0.096486
0.096634
0.096585
0.096311
0.095755
0.095167
0.094407
0.093365
0.092299
0.091177
0.090093
0.089025
0.088027
0.086931
0.085723
0.084515
0.083207
0.081834
0.080598
0.079410
0.078282
0.077079
0.075923
0.074750
0.073793
0.072711
0.071637
0.070585
0.069546
0.068498
0.067461
0.066453
0.065462
0.064484
0.063418
0.062360
0.061390
0.060182
0.058722
0.057005
0.055143
0.053410
0.051833
0.050326
0.048972
0.047516
0.046121
0.044772
0.043552
0.042452
0.041398
0.040322
0.039299
0.038344
0.037445
0.036588
0.035607
0.034506
0.033346
0.032130
0.030811
0.029456
0.028126
0.027373
0.026551
0.025474
0.024311
0.023514
0.022756
0.022048
0.021228
0.020534
0.019838
0.019199
0.018596
0.018127
0.017758
0.017394
0.017049
0.016749
0.016435
0.016118
0.015725
0.015344
0.014897
0.014504
0.013928
0.013497
0.013123
0.013174
0.013333
0.013861
0.014446
0.015378
0.016042
0.016761
0.017636
0.018523
0.019544
0.020488
0.021460
0.022368
0.023397
0.024301
0.025224
0.025845
0.026406
0.026787
0.027053
0.027209
0.027311
0.027411
0.027495
0.027587
0.027753
0.027845
0.028073
0.028275
0.028480
0.028502
0.028484
0.028296
0.027983
0.027662
0.027307
0.026925
0.026559
0.026029
0.025451
0.024773
0.024254
0.023807
0.023465
0.022969
0.022555
0.022107
0.021697
0.021424
0.021209
0.020950
0.020707
0.020506
0.020354
0.020315
0.020397
0.020464
0.020539
0.020523
0.020561
0.020642
0.020834
0.021112
0.021413
0.021606
0.021915
0.022304
0.022768
0.023198
0.023668
0.024154
0.024708
0.025371
0.026053
0.026888
0.027601
0.028357
0.029076
0.029801
0.030418
0.031059
0.031483
0.031930
0.032327
0.032706
0.033062
0.033376
0.033615
0.033959
0.034241
0.034536
0.034901
0.035339
0.035699
0.035963
0.036293
0.036834
0.037701
0.038859
