0.293333
0.293333
0.293333
0.293333
0.293333
0.293333
0.293333
0.293333
0.293333
0.293333
0.293333
0.293333
0.293333
0.293333
0.293333
0.293333
0.293333
0.293333
0.293333
0.293333
0.293333
0.293333
0.293333
0.293267
0.292956
0.292023
0.290447
0.288094
0.285076
0.281729
0.278516
0.275459
0.272625
0.269817
0.267277
0.264672
0.262090
0.259486
0.256687
0.253778
0.250826
0.247715
0.244978
0.242465
0.240038
0.237972
0.235823
0.233796
0.231795
0.229585
0.227448
0.225266
0.223222
0.221455
0.219931
0.218543
0.217322
0.215791
0.214089
0.212445
0.210682
0.208754
0.206660
0.204649
0.202305
0.200268
0.198153
0.196132
0.194184
0.192312
0.190243
0.188182
0.186291
0.184478
0.182451
0.180550
0.178442
0.176449
0.174293
0.172322
0.170319
0.168408
0.166589
0.164867
0.163097
0.161600
0.160044
0.158353
0.156690
0.155062
0.153450
0.151808
0.150143
0.148259
0.146501
0.144669
0.142756
0.141025
0.139325
0.137662
0.136170
0.134548
0.132904
0.131197
0.129560
0.127885
0.126223
0.124687
0.122954
0.121416
0.119877
0.118357
0.116729
0.115306
0.113717
0.112338
0.110708
0.109272
0.107885
0.106540
0.105147
0.103820
0.102404
0.101099
0.099789
0.098353
0.097170
0.095843
0.094548
0.093398
0.092142
0.090917
0.089747
0.088582
0.087485
0.086350
0.085133
0.084074
0.082965
0.081850
0.080754
0.079666
0.078740
0.077705
0.076560
0.075636
0.074585
0.073604
0.072779
0.071824
0.070823
0.069931
0.069030
0.068074
0.067198
0.066368
0.065396
0.064618
0.063759
0.062867
0.062028
0.061223
0.060533
0.059645
0.058932
0.058092
0.057324
0.056587
0.055909
0.055075
0.054396
0.053715
0.052983
0.052222
0.051671
0.050903
0.050292
0.049624
0.048968
0.048365
0.047637
0.047099
0.046481
0.045818
0.045278
0.044684
0.044102
0.043509
0.042967
0.042407
0.041819
0.041303
0.040733
0.040188
0.039680
0.039180
0.038608
0.038139
0.037595
0.037214
0.300444
0.299929
0.299508
0.299045
0.298723
0.298289
0.297904
0.297620
0.297262
0.296998
0.296754
0.296519
0.296302
0.295969
0.295862
0.295675
0.295532
0.295414
0.295300
0.295027
0.294967
0.294786
0.294795
0.295286
0.296024
0.297031
0.298162
0.299487
0.300432
0.301320
0.301960
0.302353
0.302413
0.302357
0.302121
0.301921
0.301454
0.301046
0.300924
0.300711
0.300396
0.300191
0.299997
0.299747
0.299511
0.299066
0.298856
0.298580
0.298285
0.298027
0.069875
0.069713
0.069371
0.069170
0.068931
0.068589
0.068427
0.068147
0.067959
0.067629
0.067320
0.067149
0.066899
0.066856
0.066821
0.067046
0.067376
0.068047
0.068808
0.069686
0.070466
0.070994
0.071160
0.070996
0.070405
0.069653
0.068842
0.068107
0.067531
0.066980
0.066595
0.066090
0.065666
0.065175
0.064604
0.063981
0.063324
0.062762
0.062224
0.061629
0.061102
0.060545
0.059998
0.059568
0.059033
0.058624
0.057947
0.057586
0.057002
0.056452
0.056034
0.055493
0.055030
0.054539
0.054069
0.053633
0.053093
0.052646
0.052244
0.051757
0.051328
0.050839
0.050471
0.049986
0.049541
0.049124
0.048614
0.048235
0.047842
0.047485
0.046966
0.046636
0.046142
0.045803
0.045366
0.044966
0.044548
0.044185
0.043782
0.043396
0.043015
0.042623
0.042239
0.041890
0.041466
0.041097
0.040738
0.040406
0.040043
0.039638
0.039279
0.038902
0.038611
0.038216
0.037852
0.037562
0.037162
0.036884
0.036451
0.036158
0.035802
0.035426
0.035154
0.034836
0.034481
0.034199
0.033950
0.033612
0.033218
0.032974
0.032697
0.032310
0.032022
0.031739
0.031485
0.031182
0.030913
0.030595
0.030311
0.030052
0.029820
0.029441
0.029223
0.028908
0.028725
0.028469
0.028125
0.027929
0.027641
0.027423
0.027205
0.026921
0.026683
0.026426
0.026187
0.025934
0.025672
0.025434
0.025168
0.024949
0.024733
0.024515
0.024269
0.023990
0.023784
0.023622
0.023448
0.023219
0.022957
0.022686
0.022528
0.022323
0.022187
0.021942
0.021756
0.021488
0.021308
0.021165
0.020969
0.020805
0.020621
0.020442
0.020255
0.020075
0.019869
0.019702
0.019582
0.019445
0.019244
0.019123
0.018959
0.018817
0.018659
0.018539
0.018400
0.018258
0.018160
0.018013
0.017871
0.017773
0.017653
0.017517
0.017419
0.017276
0.017156
0.017058
0.016960
0.016856
0.016758
0.016660
0.016518
0.016458
0.016355
0.016235
0.016137
0.016039
0.015941
0.015837
0.015777
0.015679
0.015559
0.015483
0.015401
0.015340
0.015220
0.015145
0.015047
0.015002
0.014882
0.014806
0.014762
0.014682
0.014562
0.014502
0.014442
0.014366
0.014305
0.014201
0.014125
0.014081
0.014005
0.013929
0.013863
0.013787
0.013743
0.013667
0.013629
0.013547
0.013471
0.013427
0.013351
0.013329
0.013231
0.013187
0.013111
0.013088
0.013013
0.012964
0.012888
0.012844
0.012790
0.012746
0.012692
0.012648
0.012588
0.012528
0.012490
0.012430
0.012392
0.012354
0.012309
0.012249
0.012212
0.012151
0.012114
0.012091
0.012031
0.011993
0.011955
0.011911
0.011851
0.011813
0.011775
0.011753
0.011715
0.011677
0.011655
0.011595
0.011557
0.011535
0.011497
0.011474
0.011437
0.011398
0.011376
0.011338
0.011300
0.011278
0.011240
0.011218
0.011202
0.011180
0.011142
0.011104
0.011082
0.011060
0.011022
0.010984
0.010984
0.010962
0.010924
0.010886
0.010864
0.010864
0.010826
0.010788
0.010765
0.010765
0.010728
0.010706
0.010667
0.010667
0.010645
0.010607
0.010607
0.010569
0.010547
0.010547
0.010509
0.010487
0.010471
0.010449
0.010449
0.010427
0.010389
0.010373
0.010351
0.010351
0.010329
0.010329
0.010291
0.010253
0.010253
0.010231
0.010231
0.010208
0.010193
0.010155
0.010155
0.010132
0.010132
0.010110
0.010110
0.010095
0.010057
0.010057
0.010034
0.010034
0.010012
0.010012
0.009997
0.009975
0.009959
0.009936
0.009936
0.009936
0.009914
0.009914
0.009892
0.009877
0.009860
0.009838
0.009838
0.009838
0.009816
0.009816
0.009816
0.009794
0.009779
0.009779
0.009740
0.009740
0.009740
0.009718
0.009718
0.009718
0.009696
0.009696
0.009696
0.009696
0.009673
0.009673
0.009673
0.009651
0.009651
0.009651
0.009651
0.009629
0.009629
0.009629
0.009629
0.009607
0.009607
0.009607
0.009607
0.009585
0.009585
0.009585
0.009585
0.009585
0.009562
0.009562
0.009562
0.009562
0.009540
0.009540
0.009540
0.009540
0.009540
0.009518
0.009518
0.009518
0.009518
0.009518
0.009518
0.009496
0.009496
0.009496
0.009496
0.009496
0.009496
0.009473
0.009473
0.009473
0.009473
0.009473
0.009473
0.009451
0.009451
0.009451
0.009451
0.009451
0.009451
0.009451
0.009429
0.009429
0.009429
0.009429
0.009429
0.009429
0.009429
0.009429
0.009429
0.009429
0.009429
0.009429
0.009429
0.009429
0.009429
0.009429
0.009429
0.009429
0.009429
0.009429
0.009429
0.009429
0.009429
0.009429
0.009429
0.009429
0.009429
0.009429
0.009429
0.009429
0.009429
0.009429
0.009429
0.009429
0.009429
0.009429
0.009429
0.009429
0.009429
0.009429
0.009429
0.009429
0.009429
0.009429
0.009429
0.009429
0.009429
0.009429
0.009429
0.009429
0.009429
0.009429
0.009429
0.009429
0.009429
0.009429
0.009429
0.009429
0.009429
0.009429
0.009429
0.009429
0.009429
0.009429
0.009429
0.009429
0.009429
0.009429
0.009429
0.009429
0.009429
0.009429
0.009429
0.009429
0.009429
0.009429
0.009429
0.009429
0.009429
0.009429
0.009429
0.009429
0.009429
0.009429
0.009429
0.009429
0.009429
0.009429
0.009429
0.009429
0.009429
0.009429
0.009429
0.009429
0.009429
0.009429
0.009429
0.009429
0.009429
0.009429
0.009429
0.009429
0.009429
0.009429
0.009429
0.009429
0.009429
0.009429
0.009429
0.009429
0.009429
0.009429
0.009429
0.009429
0.009429
0.009429
0.009429
0.009429
0.009429
0.009429
0.009429
0.009429
0.009429
0.009429
0.009429
0.009429
0.009429
0.009429
0.009429
0.009429
0.009429
0.009429
0.009429
0.009429
0.009429
0.009429
0.009429
0.009429
0.009429
0.009429
0.009429
0.009429
0.009429
0.009429
0.009429
0.009429
0.009429
0.009429
0.009429
0.009429
0.009429
0.009429
0.009429
0.009429
0.009429
0.009429
0.009429
0.009429
0.009429
0.009429
0.009429
0.009429
0.009429
0.009429
0.009429
0.009429
0.009429
0.009429
0.009429
0.009429
0.009429
0.009429
0.009429
0.009429
0.009429
0.009429
0.009429
0.009429
0.009429
0.009429
0.009429
0.009429
0.009429
0.009429
0.009429
0.009429
0.009429
0.009429
0.009429
0.009429
0.009429
0.009429
0.009429
0.009429
0.009429
0.009429
0.009429
0.009429
0.009429
0.009429
0.009429
0.009429
0.009429
0.009429
0.009429
0.009429
0.009429
0.009429
0.009429
0.009429
0.009429
0.009429
0.009429
0.009429
0.009429
0.009429
0.009429
0.009429
0.009429
0.009429
0.009429
0.009429
0.009429
0.009429
0.009429
0.009429
0.009429
0.009429
0.009429
0.009429
0.009429
0.009429
0.009429
0.009429
0.009429
0.009429
0.009429
0.009429
0.009429
0.009429
0.009429
0.009429
0.009429
0.009429
0.009429
0.009429
0.009429
0.009429
0.009429
0.009429
0.009429
0.009429
0.009429
0.009429
0.009429
0.009429
0.009429
0.009429
0.009429
0.009429
0.009429
0.009429
0.009429
0.009429
0.009429
0.009429
0.009429
0.009429
0.009429
0.009429
0.009429
0.009429
0.009429
0.009429
0.009429
0.009429
0.009429
0.009429
0.009429
0.009429
0.009429
0.009429
0.009429
0.009429
0.009429
0.009429
0.009429
0.009429
0.009429
0.009429
0.009429
0.009429
0.009429
0.009429
0.009429
0.009429
0.009429
0.009429
0.009429
0.009429
0.009429
0.009429
0.009429
0.009429
0.009429
0.009429
0.009429
0.009429
0.009429
0.009429
0.009429
0.009429
0.009429
0.009429
0.009429
0.009429
0.009429
0.009429
0.009429
0.009429
0.009429
0.009429
0.009429
0.009429
0.009429
0.009429
