0.401404
0.401404
0.401404
0.401404
0.401404
0.401404
0.401404
0.401404
0.401404
0.401404
0.401404
0.401404
0.401404
0.401404
0.401404
0.401404
0.401404
0.401404
0.401404
0.401404
0.401404
0.401404
0.401404
0.400801
0.399033
0.396596
0.393241
0.389552
0.385526
0.381613
0.378244
0.374894
0.371898
0.368894
0.365565
0.362245
0.358651
0.355079
0.351564
0.347861
0.344397
0.340860
0.337359
0.333835
0.330498
0.326992
0.323460
0.319823
0.316464
0.313176
0.309361
0.306065
0.302473
0.299145
0.295775
0.292302
0.288983
0.285544
0.282218
0.278800
0.275646
0.272423
0.268990
0.265660
0.262594
0.259319
0.256156
0.252745
0.249846
0.246717
0.243518
0.240629
0.237407
0.234535
0.231635
0.228343
0.225782
0.222709
0.220082
0.217224
0.214332
0.211687
0.208881
0.206250
0.203412
0.200876
0.198389
0.195717
0.193150
0.190560
0.188233
0.185503
0.183466
0.180887
0.178404
0.176240
0.173823
0.171608
0.169162
0.167194
0.165136
0.162747
0.160610
0.158447
0.156507
0.154394
0.152361
0.150499
0.148437
0.146355
0.144521
0.142763
0.140896
0.139057
0.137111
0.135227
0.133710
0.131841
0.130019
0.128426
0.126667
0.125042
0.123465
0.121755
0.120025
0.118807
0.117126
0.115439
0.114123
0.112518
0.110969
0.109881
0.108059
0.106782
0.105606
0.103859
0.102625
0.101362
0.100006
0.098869
0.097308
0.096134
0.094798
0.093606
0.092397
0.091167
0.089958
0.088778
0.087687
0.086439
0.085392
0.084251
0.082956
0.082026
0.080991
0.079820
0.078809
0.077746
0.076763
0.075765
0.074704
0.073660
0.073007
0.071925
0.070949
0.070184
0.069081
0.068288
0.067290
0.066360
0.065622
0.064691
0.063874
0.063035
0.062238
0.061385
0.060575
0.059817
0.058942
0.058275
0.057579
0.056689
0.055928
0.055334
0.054590
0.053678
0.053148
0.052552
0.051733
0.050979
0.050278
0.049771
0.049130
0.048440
0.047992
0.047278
0.046649
0.046081
0.045433
0.044813
0.044333
0.043809
0.043087
0.042683
0.042043
0.041469
0.040882
0.040477
0.039849
0.039390
0.039098
0.038414
0.038054
0.037466
0.036906
0.036511
0.036017
0.035704
0.035069
0.034757
0.034109
0.033939
0.033325
0.033023
0.032511
0.032261
0.031749
0.031366
0.030859
0.030751
0.030056
0.029708
0.029604
0.028929
0.028629
0.028456
0.027841
0.027525
0.027350
0.026869
0.026632
0.026310
0.025831
0.025636
0.025313
0.024920
0.024658
0.024361
0.023992
0.023664
0.023453
0.023172
0.022836
0.022498
0.022431
0.021936
0.021652
0.021502
0.021244
0.020924
0.020582
0.020478
0.020077
0.019967
0.019677
0.019442
0.019034
0.018924
0.018820
0.018533
0.018255
0.018144
0.017831
0.017616
0.017397
0.017082
0.016761
0.016761
0.016652
0.016262
0.016097
0.015959
0.015738
0.015630
0.015269
0.015158
0.015118
0.014813
0.014598
0.014430
0.014226
0.014115
0.013981
0.013666
0.013467
0.013467
0.013310
0.013310
0.012821
0.012668
0.012668
0.012510
0.012341
0.012160
0.011950
0.011839
0.011730
0.011730
0.011730
0.011370
0.011072
0.010995
0.010995
0.010884
0.010690
0.010585
0.010483
0.010296
0.010158
0.010082
0.010082
0.010082
0.009867
0.009766
0.009658
0.009577
0.009577
0.009577
0.009466
0.009344
0.009242
0.009139
0.009139
0.008988
0.008907
0.008907
0.008907
0.008907
0.008907
0.008796
0.008796
0.008796
0.008796
0.008796
0.008796
0.008685
0.008685
0.008685
0.008685
0.008609
0.008609
0.008609
0.008498
0.008498
0.008498
0.008498
0.008498
0.008498
0.008498
0.008498
0.008498
0.008498
0.008498
0.008498
0.008498
0.008498
0.008498
0.008498
0.008498
0.008498
0.008498
0.008498
0.008498
0.008498
0.008498
0.008498
0.008498
0.008498
0.008498
0.008498
0.008498
0.008498
0.008498
0.008498
0.008498
0.008498
0.008498
0.008498
0.008498
0.008498
0.008498
0.008498
0.008498
0.008498
0.008498
0.008498
0.008498
0.008498
0.008498
0.008498
0.008498
0.008498
0.008498
0.008498
0.008498
0.008498
0.008498
0.008498
0.008498
0.008498
0.008498
0.008498
0.008498
0.008498
0.008498
0.008498
0.008498
0.008498
0.008498
0.008498
0.008498
0.008498
0.008498
0.008498
0.008498
0.008498
0.008498
0.008498
0.008498
0.008498
0.008498
0.008498
0.008498
0.008498
0.008498
0.008498
0.008498
0.008498
0.008498
0.008498
0.008498
0.008498
0.008498
0.008498
0.008498
0.008498
0.008498
0.008498
0.008498
0.008498
0.008498
0.008498
0.008498
0.008498
0.008498
0.008498
0.008498
0.008498
0.008498
0.008498
0.008498
0.008498
0.008498
0.008498
0.008498
0.008498
0.008498
0.008498
0.008498
0.008498
0.008498
0.008498
0.008498
0.008498
0.008498
0.008498
0.008498
0.008498
0.008498
0.008498
0.008498
0.008498
0.008498
0.008498
0.008498
0.008498
0.008498
0.008498
0.008498
0.008498
0.008498
0.008498
0.008498
0.008498
0.008498
0.008498
0.008498
0.008498
0.008498
0.008498
0.008498
0.008498
0.008498
0.008498
0.008498
0.008498
0.008498
0.008498
0.008498
0.008498
0.008498
0.008498
0.008498
0.008498
0.008498
0.008498
0.008498
0.008498
0.008498
0.008498
0.008498
0.008498
0.008498
0.008498
0.008498
0.008498
0.008498
0.008498
0.008498
0.008498
0.008498
0.008498
0.008498
0.008498
0.008498
0.008498
0.008498
0.008498
0.008498
0.008498
0.008498
0.008498
0.008498
0.008498
0.008498
0.008498
0.008498
0.008498
0.008498
0.008498
0.008498
0.008498
0.008498
0.008498
0.008498
0.008498
0.008498
0.008498
0.008498
0.008498
0.008498
0.008498
0.008498
0.008498
0.008498
0.008498
0.008498
0.008498
0.008498
0.008498
0.008498
0.008498
0.008498
0.008498
0.008498
0.008498
0.008498
0.008498
0.008498
0.008498
0.008498
0.008498
0.008498
0.008498
0.008498
0.008498
0.008498
0.008498
0.008498
0.008498
0.008498
0.008498
0.008498
0.008498
0.008498
0.008498
0.008498
0.008498
0.008498
0.008498
0.008498
0.008498
0.008498
0.008498
0.008498
0.008498
0.008498
0.008498
0.008498
0.008498
0.008498
0.008498
0.008498
0.008498
0.008498
0.008498
0.008498
0.008498
0.008498
0.008498
0.008498
0.008498
0.008498
0.008498
0.008498
0.008498
0.008498
0.008498
0.008498
0.008498
0.008498
0.008498
0.008498
0.008498
0.008498
0.008498
0.008498
0.008498
0.008498
0.008498
0.008498
0.008498
0.008498
0.008498
0.008498
0.008498
0.008498
0.008498
0.008498
0.008498
0.008498
0.008498
0.008498
0.008498
0.008498
0.008498
0.008498
0.008498
0.008498
0.008498
0.008498
0.008498
0.008498
0.008498
0.008498
0.008498
0.008498
0.008498
0.008498
0.008498
0.008498
0.008498
0.008498
0.008498
0.008498
0.008498
0.008498
0.008498
0.008498
0.008498
0.008498
0.008498
0.008498
0.008498
0.008498
0.008498
0.008498
0.008498
0.008498
0.008498
0.008498
0.008498
0.008498
0.008498
0.008498
0.008498
0.008498
0.008498
0.008498
0.008498
