1.100748
1.100748
1.100748
1.100748
1.100748
1.100748
1.100748
1.100748
1.100686
1.100600
1.100498
1.100355
1.100202
1.100069
1.099934
1.099759
1.099602
1.099432
1.099169
1.098886
1.098623
1.098171
1.097635
1.096870
1.095948
1.094992
1.093830
1.092690
1.091499
1.090260
1.089039
1.087764
1.086499
1.085199
1.083798
1.082370
1.080909
1.079318
1.077809
1.076189
1.074577
1.072892
1.071200
1.069409
1.067480
1.065756
1.063713
1.061900
1.059883
1.057809
1.055911
1.054000
1.051993
1.050063
1.047998
1.046017
1.044010
1.042012
1.040004
1.037955
1.035890
1.033803
1.031808
1.029839
1.027715
1.025741
1.023599
1.021510
1.019501
1.017301
1.015342
1.013210
1.011192
1.009226
1.007127
1.005138
1.003134
1.001002
0.998930
0.996997
0.995037
0.993008
0.991012
0.988957
0.986844
0.984807
0.982703
0.980503
0.978506
0.976518
0.974586
0.972533
0.970637
0.968577
0.966531
0.964453
0.962339
0.960283
0.958196
0.956206
0.954262
0.952369
0.950458
0.948496
0.946602
0.944642
0.942594
0.940463
0.938441
0.936381
0.934584
0.932579
0.930802
0.928920
0.927008
0.925047
0.922874
0.920921
0.919043
0.917097
0.915326
0.913408
0.911593
0.909810
0.907909
0.905994
0.904012
0.901981
0.900138
0.898337
0.896724
0.894905
0.893121
0.891207
0.889225
0.887534
0.885680
0.884029
0.882273
0.880550
0.878838
0.876983
0.875187
0.873396
0.871613
0.869937
0.868250
0.866581
0.865009
0.863230
0.861598
0.859821
0.858114
0.856426
0.854628
0.853065
0.851456
0.849935
0.848215
0.846593
0.845016
0.843376
0.841753
0.840087
0.838555
0.836860
0.834931
0.832823
0.830491
0.828107
0.825635
0.823493
0.821475
0.819735
0.818038
0.816366
0.814869
0.813240
0.811735
0.810146
0.808620
0.807009
0.805453
0.803932
0.802240
0.800600
0.798889
0.797128
0.795318
0.793673
0.792028
0.790541
0.789153
0.787821
0.786554
0.785218
0.783680
0.782160
0.780576
0.779003
0.777463
0.776096
0.774739
0.773447
0.772348
0.771091
0.769768
0.768334
0.766809
0.765308
0.763859
0.762587
0.761255
0.760101
0.758964
0.757776
0.756568
0.755293
0.753828
0.752366
0.750983
0.749722
0.748493
0.747392
0.746297
0.745235
0.744201
0.742942
0.741646
0.740247
0.738850
0.737523
0.736352
0.735148
0.734063
0.733023
0.731735
0.730465
0.729259
0.727805
0.726575
0.725367
0.724125
0.723036
0.721850
0.720631
0.719373
0.718070
0.716660
0.715331
0.714132
0.712908
0.711724
0.710664
0.709633
0.708509
0.707316
0.705996
0.704604
0.703213
0.702097
0.700888
0.699617
0.698477
0.697291
0.696062
0.694880
0.693603
0.692219
0.690827
0.689597
0.688452
0.687272
0.686158
0.684984
0.683772
0.682586
0.681199
0.679846
0.678514
0.677296
0.676018
0.674855
0.673721
0.672523
0.671210
0.669926
0.668442
0.667156
0.665888
0.664647
0.663396
0.662139
0.661084
0.659884
0.658661
0.657544
0.656342
0.655072
0.653969
0.652735
0.651580
0.650422
0.649270
0.648209
0.647105
0.646009
0.644840
0.643762
0.642568
0.641558
0.640455
0.639358
0.638238
0.637147
0.636153
0.635018
0.634000
0.633022
0.631960
0.630935
0.629908
0.628848
0.627848
0.626955
0.625897
0.624886
0.623973
0.622959
0.621998
0.621143
0.620196
0.619238
0.618331
0.617365
0.616473
0.615545
0.614533
0.613788
0.612887
0.611995
0.611142
0.610369
0.609402
0.608574
0.607744
0.607017
0.606067
0.605299
0.604462
0.603657
0.602891
0.602147
0.601261
0.600556
0.599855
0.599113
0.598330
0.597624
0.596852
0.596208
0.595442
0.594790
0.594066
0.593391
0.592709
0.592087
0.591377
0.590768
0.590075
0.589466
0.588903
0.588261
0.587623
0.587023
0.586415
0.585782
0.585299
0.584703
0.584037
0.583535
0.582998
0.582374
0.581807
0.581408
0.580801
0.580270
0.579702
0.579210
0.578720
0.578206
0.577698
0.577206
0.576752
0.576273
0.575848
0.575258
0.574742
0.574326
0.573861
0.573406
0.572885
0.572527
0.572058
0.571528
0.571065
0.570621
0.570205
0.569789
0.569327
0.568876
0.568538
0.568130
0.567736
0.567314
0.566902
0.566584
0.566138
0.565765
0.565453
0.565071
0.564667
0.564289
0.563962
0.563578
0.563292
0.562907
0.562552
0.562182
0.561842
0.561525
0.561157
0.560844
0.560505
0.560207
0.559912
0.559646
0.559311
0.558990
0.558685
0.558416
0.558093
0.557838
0.557610
0.557291
0.557035
0.556778
0.556515
0.556262
0.556016
0.465076
0.464879
0.464652
0.464475
0.464290
0.464018
0.463855
0.463587
0.463409
0.463185
0.463068
0.462824
0.462671
0.462468
0.462298
0.462135
0.461914
0.461712
0.461549
0.461382
0.461213
0.461040
0.460912
0.460699
0.460556
0.460385
0.460224
0.460031
0.459890
0.459752
0.459612
0.459481
0.459328
0.459143
0.459013
0.458893
0.458714
0.458568
0.458414
0.458356
0.458135
0.458094
0.457955
0.457793
0.457495
0.457375
0.457199
0.457123
0.456936
0.456790
0.456675
0.456567
0.456471
0.456292
0.456207
0.456079
0.455900
0.455855
0.455741
0.455606
0.455521
0.455406
0.455276
0.455186
0.455136
0.455011
0.454849
0.454776
0.454718
0.454578
0.290477
0.290406
0.290295
0.290212
0.290117
0.290067
0.289933
0.289864
0.289789
0.289573
0.289325
0.288993
0.288480
0.288003
0.287441
0.286844
0.286183
0.285471
0.284530
0.283552
0.282468
0.281274
0.280130
0.278915
0.277691
0.276437
0.275101
0.273845
0.272609
0.271217
0.269882
0.268577
0.267259
0.265918
0.264638
0.263301
0.261950
0.260660
0.259294
0.258015
0.256611
0.255339
0.254014
0.252629
0.251408
0.250044
0.248735
0.247480
0.246068
0.244822
0.243380
0.242125
0.240827
0.239486
0.238187
0.236847
0.235570
0.234254
0.232924
0.231663
0.230320
0.229038
0.227634
0.226296
0.224982
0.223624
0.222368
0.221064
0.219724
0.218480
0.217096
0.215871
0.214521
0.213274
0.212034
0.210672
0.209439
0.208134
0.206825
0.205613
0.204292
0.203065
0.201765
0.200510
0.199234
0.197944
0.196719
0.195440
0.194193
0.192947
0.191639
0.190436
0.189167
0.187899
0.186684
0.185414
0.184192
0.182902
0.181656
0.180420
0.179140
0.177960
0.176690
0.175462
0.174238
0.172926
0.171745
0.170495
0.169246
0.168043
0.166772
0.165610
0.164342
0.163120
0.161961
0.160684
0.159538
0.158305
0.157055
0.155880
0.154603
0.153460
0.152191
0.151004
0.149776
0.148555
0.147396
0.146125
0.144938
0.143730
0.142473
0.141352
0.140081
0.138876
0.137661
0.136411
0.135289
0.134005
0.132826
0.131596
0.130378
0.129237
0.127928
0.126774
0.125565
0.124337
0.123183
0.121916
0.120763
0.119513
0.118306
0.117130
0.115885
0.114712
0.113482
0.112170
0.110967
0.109703
0.108520
0.107290
0.106078
0.104901
0.103647
0.102449
0.101240
0.100045
0.098914
0.097731
0.096524
0.095438
0.094298
0.093189
0.092093
0.091028
0.089928
0.088863
0.087799
0.086757
0.085760
0.084749
0.083773
0.082798
0.081791
0.080859
0.079875
0.078986
0.078077
0.077113
0.076249
0.075362
0.074466
0.073625
0.072780
0.071907
0.071132
0.070289
0.069480
0.068705
0.067929
0.067121
0.066346
0.065678
0.064881
0.064139
0.063500
0.062772
0.062043
0.061460
0.060700
0.060056
0.059400
0.058751
0.058148
0.057482
0.056871
0.056227
0.055626
0.055026
0.054419
0.053839
0.053241
0.052662
0.052097
0.051564
0.050967
0.050412
0.049926
0.049403
0.048850
0.048318
0.047810
0.047312
0.046846
0.046315
0.045805
0.045385
0.044895
0.044441
0.044000
0.043534
0.043026
0.042649
0.042196
0.041731
0.041332
0.040933
0.040469
0.039998
0.039550
0.039119
0.038682
0.038290
0.037937
0.037480
0.037135
0.036795
0.036296
0.036020
0.035712
0.035239
0.034928
0.034640
0.034228
0.033940
0.033606
0.033274
0.032960
0.032605
0.032339
0.032009
0.031689
0.031423
0.031113
0.030805
0.030539
0.030251
0.029986
0.029700
0.029425
0.029182
0.028917
0.028652
0.028388
0.028123
0.027879
0.027636
0.027370
0.027152
0.026921
0.026656
0.026413
0.026214
0.025973
0.025731
0.025554
0.025316
0.025151
0.024960
0.024754
0.024549
0.024386
0.024182
0.023979
0.023844
0.023624
0.023445
0.023334
0.023089
0.022935
0.022805
0.022560
0.022385
0.022296
0.022087
0.021911
0.021779
0.021562
0.021430
0.021296
0.021121
0.020989
0.020836
0.020660
0.020551
0.020378
0.020225
0.020072
0.019982
0.019829
0.019676
0.019558
0.019405
0.019296
0.019165
0.019035
0.018904
0.018794
0.018665
0.018462
0.018293
0.018148
0.018025
0.017901
0.017793
0.017670
0.017548
0.017418
0.017342
0.017203
0.017095
0.017022
0.016893
0.016806
0.016693
0.016584
0.016520
0.016413
0.016302
0.016237
0.016152
0.016022
0.015980
0.015915
0.015765
0.015722
0.015658
0.015529
0.015466
0.015423
0.015295
0.015231
0.015188
0.015105
0.014999
0.014957
0.014895
0.014789
0.014726
0.014683
0.014621
0.014516
0.014475
0.014410
0.014350
0.014266
0.014225
0.014161
0.014107
0.014076
0.014064
0.014014
0.013971
0.013908
0.013884
0.013861
0.013816
0.013736
0.013713
0.013693
0.013651
0.013572
0.013530
0.013528
0.013468
0.013428
0.013408
0.013349
0.013308
0.013289
0.013227
0.013190
0.013174
0.013132
0.013092
0.013052
0.013012
0.012956
0.012940
0.012899
0.012879
0.012859
0.012801
0.012746
0.012746
0.012711
0.012671
0.012651
0.012610
0.012557
0.012522
0.012407
0.012355
0.012301
0.012285
0.012230
0.012213
0.012180
0.012167
0.012167
0.012156
0.012146
0.012146
0.012138
0.012138
0.012138
0.012132
0.012132
0.012132
0.012132
0.012129
0.012129
0.012129
0.012129
0.012129
0.012128
0.012128
0.012128
0.012128
0.012128
0.012128
0.012128
0.012128
0.012128
0.012129
0.012129
0.012129
0.012129
0.012129
0.012129
0.012129
0.012129
0.012129
0.012129
0.012129
0.012129
0.012129
0.012129
0.012156
0.012167
0.012194
0.012209
0.012225
0.012225
0.012242
0.012259
0.012277
0.012277
0.012295
0.012295
0.012314
0.012314
0.012314
0.012333
0.012333
0.012333
0.012352
0.012352
0.012352
0.012352
0.012352
0.012372
0.012372
0.012372
0.012372
0.012372
0.012372
0.012372
0.012372
0.012372
0.012392
0.012392
0.012392
0.012392
0.012392
0.012392
0.012392
0.012392
0.012392
0.012392
0.012392
0.012392
0.012277
0.012259
0.012225
0.012209
0.012194
0.012194
0.012180
0.012167
0.012167
0.012156
0.012146
0.012146
0.012138
0.012138
0.012138
0.012132
0.012132
0.012132
0.012129
0.012129
0.012129
0.012129
0.012129
0.012129
0.012128
0.012128
0.012128
0.012128
0.012128
0.012128
0.012128
0.012128
0.012128
0.012129
0.012129
0.012129
0.012129
0.012129
0.012129
0.012129
0.012129
0.012129
0.012129
0.012129
0.012129
0.012129
0.012129
0.012156
0.012167
0.012194
0.012209
0.012225
0.012225
0.012242
0.012259
0.012277
0.012277
0.012295
0.012295
0.012314
0.012314
0.012314
0.012333
0.012333
0.012333
0.012352
0.012352
0.012352
0.012352
0.012352
0.012372
0.012372
0.012372
0.012372
0.012372
0.012372
0.012372
0.012372
0.012372
0.012392
0.012392
0.012392
0.012392
0.012392
0.012392
0.012392
0.012392
0.012392
0.012392
0.012392
0.012392
0.012277
0.012259
0.012225
0.012209
0.012194
0.012194
0.012180
0.012167
0.012167
0.012156
0.012146
0.012146
0.012138
0.012138
0.012138
0.012132
0.012132
0.012132
0.012129
0.012129
0.012129
0.012129
0.012129
0.012128
0.012128
0.012128
0.012128
0.012128
0.012128
0.012128
0.012128
0.012128
0.012128
0.012129
0.012129
0.012129
0.012129
0.012129
0.012129
0.012129
0.012129
0.012129
0.012129
0.012129
0.012129
0.012129
0.012129
0.012156
0.012167
0.012194
0.012209
0.012225
0.012225
0.012242
0.012259
0.012277
0.012277
0.012295
0.012295
0.012314
0.012314
0.012314
0.012333
0.012333
0.012333
0.012352
0.012352
0.012352
0.012352
0.012352
0.012372
0.012372
0.012372
0.012372
0.012372
0.012372
0.012372
0.012372
0.012372
0.012392
0.012392
0.012392
0.012392
0.012392
0.012392
0.012392
0.012392
0.012392
0.012392
0.012392
0.012392
0.012277
0.012259
0.012225
0.012209
0.012194
0.012194
0.012180
0.012167
0.012167
0.012156
0.012146
0.012146
0.012138
0.012138
0.012138
0.012132
0.012132
0.012132
0.012129
0.012129
0.012129
0.012129
0.012129
0.012128
0.012128
0.012128
0.012128
0.012128
0.012128
0.012128
0.012128
0.012128
0.012128
0.012129
0.012129
0.012129
0.012129
0.012129
0.012129
0.012129
0.012129
0.012129
0.012129
0.012129
0.012129
0.012129
0.012129
0.012156
0.012167
0.012194
0.012209
0.012225
0.012225
0.012242
0.012259
0.012277
0.012277
0.012295
0.012295
0.012314
0.012314
0.012314
0.012333
0.012333
0.012333
0.012352
0.012352
0.012352
0.012352
0.012352
0.012372
0.012372
0.012372
0.012372
0.012372
0.012372
0.012372
0.012372
0.012372
0.012392
0.012392
0.012392
0.012392
0.012392
0.012392
0.012392
0.012392
0.012392
0.012392
0.012392
0.012392
0.012277
0.012259
0.012225
0.012209
0.012194
0.012194
0.012180
0.012167
0.012167
0.012156
0.012146
0.012146
0.012138
0.012138
0.012138
0.012132
0.012132
0.012132
0.012129
0.012129
0.012129
0.012129
0.012129
0.012128
0.012128
0.012128
0.012128
0.012128
0.012128
0.012128
0.012128
0.012128
0.012128
0.012129
0.012129
0.012129
0.012129
0.012129
0.012129
0.012129
0.012129
0.012129
0.012129
0.012129
0.012129
0.012129
0.012156
0.012167
0.012194
0.012209
0.012225
0.012225
0.012242
0.012259
0.012277
0.012277
0.012295
0.012295
0.012314
0.012314
0.012314
0.012333
0.012333
0.012333
0.012352
0.012352
0.012352
0.012352
0.012352
0.012372
0.012372
0.012372
0.012372
0.012372
0.012372
0.012372
0.012372
0.012372
0.012392
0.012392
0.012392
0.012392
0.012392
0.012392
0.012392
0.012392
0.012392
0.012392
0.012392
0.012392
0.012392
0.012277
0.012259
0.012225
0.012209
0.012194
0.012194
0.012180
0.012167
0.012167
0.012156
0.012146
0.012146
0.012138
0.012138
0.012138
0.012132
0.012132
0.012132
0.012129
0.012129
0.012129
0.012129
0.012129
0.012128
0.012128
0.012128
0.012128
0.012128
0.012128
0.012128
0.012128
0.012128
0.012128
0.012129
0.012129
0.012129
0.012129
0.012129
0.012129
0.012129
0.012129
0.012129
0.012129
0.012129
0.012129
0.012129
0.012156
0.012167
0.012194
0.012209
0.012225
0.012225
0.012242
0.012259
0.012277
0.012277
0.012295
0.012295
0.012314
0.012314
0.012314
0.012333
0.012333
0.012333
0.012352
0.012352
0.012352
0.012352
0.012352
0.012372
0.012372
0.012372
0.012372
0.012372
0.012372
0.012372
0.012372
0.012372
0.012392
0.012392
0.012392
0.012392
0.012392
0.012392
0.012392
0.012392
0.012392
0.012392
0.012392
0.012392
0.012277
0.012259
0.012225
0.012209
0.012194
