0.895949
0.895949
0.895949
0.895949
0.895949
0.895949
0.896034
0.896305
0.896029
0.895663
0.894586
0.893317
0.891739
0.890100
0.888206
0.886674
0.885124
0.883450
0.881690
0.879911
0.878177
0.876152
0.873974
0.871876
0.869920
0.867637
0.865380
0.863168
0.860901
0.858650
0.856013
0.853275
0.850515
0.847501
0.844528
0.841420
0.838386
0.835219
0.831833
0.828281
0.824663
0.820924
0.817267
0.813578
0.809723
0.805911
0.802099
0.798498
0.794478
0.790602
0.786795
0.782897
0.779128
0.775310
0.772181
0.768429
0.764683
0.761138
0.757375
0.753656
0.750128
0.746514
0.743052
0.739410
0.735991
0.732527
0.729016
0.725622
0.722053
0.718626
0.715466
0.712056
0.708882
0.705505
0.702442
0.698996
0.695655
0.692300
0.688929
0.685498
0.681937
0.678537
0.675254
0.671826
0.668375
0.664995
0.662292
0.658786
0.655339
0.651730
0.648293
0.644754
0.641397
0.638066
0.634552
0.631152
0.627760
0.625335
0.621965
0.618674
0.615413
0.612179
0.608817
0.605516
0.602281
0.598995
0.595750
0.592605
0.589288
0.586082
0.582976
0.579832
0.576711
0.573527
0.570521
0.567519
0.564273
0.561255
0.558266
0.555185
0.552245
0.549253
0.546205
0.543237
0.540300
0.537384
0.534381
0.531452
0.528623
0.525720
0.522980
0.519960
0.517207
0.514308
0.511534
0.508669
0.505888
0.503115
0.500345
0.497567
0.494810
0.492132
0.489364
0.486689
0.484098
0.481333
0.478777
0.476034
0.473515
0.471002
0.469007
0.466885
0.464955
0.462775
0.461042
0.458806
0.457122
0.455051
0.453019
0.450991
0.449085
0.447050
0.445640
0.444207
0.442517
0.440598
0.438500
0.436630
0.434632
0.432570
0.430512
0.428932
0.426910
0.424758
0.422759
0.420825
0.418761
0.416761
0.414722
0.412719
0.410939
0.409065
0.407315
0.405647
0.403977
0.402408
0.400640
0.398887
0.397267
0.395527
0.393784
0.392266
0.390675
0.389107
0.387470
0.385856
0.384110
0.382711
0.381013
0.379424
0.377855
0.376209
0.374539
0.373062
0.371368
0.369834
0.368169
0.366585
0.364945
0.363374
0.361667
0.360061
0.358526
0.356880
0.355378
0.353836
0.352421
0.350971
0.349509
0.348219
0.346977
0.346249
0.344812
0.343696
0.342331
0.341056
0.339727
0.338382
0.337144
0.335714
0.334482
0.333396
0.332157
0.330967
0.329701
0.328501
0.327365
0.326133
0.325022
0.323803
0.322577
0.321483
0.320321
0.319117
0.317951
0.316758
0.315607
0.314658
0.313542
0.312294
0.311340
0.310147
0.309165
0.308038
0.307050
0.305940
0.304695
0.303673
0.302565
0.301506
0.300405
0.299237
0.298220
0.298173
0.297280
0.296259
0.295313
0.294194
0.292845
0.291532
0.290458
0.288947
0.287806
0.286462
0.284938
0.283543
0.282168
0.280733
0.279284
0.277737
0.276228
0.274732
0.273215
0.271808
0.270315
0.268784
0.267150
0.265729
0.264310
0.262871
0.261345
0.259881
0.258402
0.256850
0.255405
0.253971
0.252515
0.251060
0.249650
0.248095
0.246536
0.245112
0.243478
0.242052
0.240578
0.239157
0.237523
0.236162
0.234517
0.233116
0.231518
0.230070
0.228578
0.226946
0.225510
0.223908
0.222401
0.221018
0.219329
0.217839
0.216407
0.214841
0.213132
0.211678
0.210231
0.208582
0.207020
0.205470
0.203862
0.202289
0.200708
0.199202
0.197656
0.196077
0.194601
0.193020
0.191341
0.189901
0.188430
0.186799
0.185239
0.183614
0.182108
0.180717
0.179140
0.177633
0.176026
0.174495
0.172873
0.171361
0.169783
0.168204
0.166722
0.165231
0.163658
0.162226
0.160602
0.159189
0.157674
0.156190
0.154632
0.153110
0.151601
0.150203
0.148665
0.147079
0.145642
0.143987
0.142474
0.140940
0.139432
0.137891
0.136379
0.134954
0.133448
0.131864
0.130452
0.128963
0.127504
0.126095
0.124704
0.123206
0.121795
0.120474
0.118938
0.117617
0.116271
0.114960
0.113555
0.112227
0.110919
0.109686
0.108345
0.107087
0.105851
0.104462
0.103249
0.102055
0.100767
0.099496
0.098281
0.097111
0.095951
0.094709
0.093507
0.092357
0.091145
0.090051
0.088850
0.087716
0.086580
0.085329
0.084197
0.082990
0.081939
0.080785
0.079694
0.078654
0.077498
0.076425
0.075340
0.074296
0.073286
0.072200
0.071120
0.070054
0.068992
0.067977
0.066975
0.066018
0.065123
0.064069
0.063148
0.062270
0.061315
0.060403
0.059480
0.058646
0.057755
0.056908
0.056044
0.055139
0.054336
0.053543
0.052724
0.051963
0.051111
0.050289
0.049582
0.048786
0.048045
0.047305
0.046492
0.045913
0.045183
0.044466
0.043809
0.043177
0.042521
0.041930
0.041303
0.040724
0.040103
0.039501
0.038982
0.038354
0.037785
0.037251
0.036721
0.036125
0.035592
0.035136
0.034627
0.034174
0.033631
0.033225
0.032767
0.032262
0.031772
0.031346
0.030887
0.030488
0.030030
0.029612
0.029233
0.028865
0.028513
0.028013
0.027576
0.027277
0.026912
0.026485
0.026071
0.025747
0.025459
0.025045
0.024722
0.024380
0.024129
0.023636
0.023439
0.023020
0.022706
0.022502
0.022138
0.021811
0.021512
0.021280
0.021026
0.020727
0.020413
0.020116
0.019870
0.019662
0.019373
0.019176
0.018915
0.018710
0.018495
0.018124
0.018009
0.017744
0.017508
0.017288
0.017093
0.016920
0.016596
0.016427
0.016271
0.016082
0.015929
0.015735
0.015468
0.015314
0.015225
0.015056
0.014848
0.014733
0.014601
0.014391
0.014276
0.014161
0.013939
0.013862
0.013773
0.013598
0.013441
0.013313
0.013238
0.013067
0.012896
0.012859
0.012744
0.012629
0.012441
0.012357
0.012317
0.012228
0.012097
0.011902
0.011902
0.011774
0.011696
0.011605
0.011488
0.011399
0.011360
0.011280
0.011202
0.011097
0.010980
0.010865
0.010865
0.010749
0.010658
0.010566
0.010568
0.010491
0.010488
0.010360
0.010360
0.010322
0.010230
0.010154
0.010100
0.010025
0.009985
0.009948
0.009871
0.009833
0.009805
0.009690
0.009690
0.009650
0.009612
0.009575
0.009460
0.009446
0.009332
0.009257
0.009202
0.009155
0.009095
0.008840
0.009254
0.010171
0.011889
0.013015
0.014757
0.015818
0.017233
0.018333
0.019533
0.020755
0.022065
0.023151
0.024416
0.025788
0.026597
0.027261
0.028384
0.028951
0.029558
0.029949
0.030151
0.030759
0.030699
0.030769
0.030772
0.030785
0.030755
0.030563
0.030465
0.030359
0.030098
0.029831
0.029573
0.029191
0.029061
0.028826
0.028337
0.028071
0.027806
0.027523
0.027054
0.026870
0.026728
0.026407
0.026026
0.025869
0.025852
0.025803
0.025274
0.025304
0.025358
0.025643
0.025250
0.025323
0.025616
0.025400
0.025667
0.026144
0.026612
0.026240
0.026696
0.027318
0.027703
0.027589
0.028283
0.028813
0.029398
0.029344
0.029956
0.030549
0.031188
0.031042
0.031707
0.032341
0.032959
0.032979
0.033628
0.034160
0.034004
0.034701
0.035274
0.035780
0.035680
0.036214
0.036889
0.037385
0.037283
0.037950
0.038416
0.039070
0.038838
0.039352
0.039829
0.040298
0.040123
0.040711
0.041271
0.041164
0.041529
0.041931
0.042548
0.042181
0.042755
0.043166
0.043730
0.043514
0.043890
0.044412
0.044882
0.044589
0.045051
0.045437
0.045913
0.045496
0.046078
0.046434
0.046791
0.046646
0.046940
0.047456
0.047105
0.047374
0.047911
0.048332
0.047908
0.048322
0.048715
0.049152
0.048683
0.049127
0.049515
0.049830
0.049477
0.049897
0.050169
0.050588
0.050200
0.050457
0.050844
0.050423
0.050848
0.051095
0.051531
0.051029
0.051440
0.051713
0.052062
0.051598
0.051972
0.052251
0.052602
0.052134
0.052553
0.052829
0.053178
0.052635
0.053050
0.053328
0.052746
0.053185
0.053363
0.053715
0.053333
0.053492
0.053829
0.054146
0.053645
0.053904
0.054142
0.054420
0.053957
0.054298
0.054577
0.054738
0.054395
0.054573
0.054853
0.055133
0.054592
0.054933
0.055252
0.054591
0.054990
0.055170
0.055488
0.055067
0.055128
0.055567
0.055728
0.055306
0.055487
0.055766
0.056047
0.055465
0.055806
0.056125
0.056245
0.055783
0.056045
0.056325
0.055824
0.055984
0.056405
0.056605
0.055944
0.056224
0.056565
0.056765
0.056224
0.056365
0.056765
0.057005
0.056343
0.056605
0.056885
0.057085
0.056743
0.056845
0.057045
0.057326
0.056784
0.057045
0.057286
0.056665
0.056945
0.057206
0.057446
0.056945
0.057166
0.057328
0.057528
0.057147
0.057289
0.057449
0.057729
0.057268
0.057409
0.057609
0.057889
0.057348
0.057528
0.057848
0.057226
0.057506
0.057727
0.057926
0.057465
0.057545
0.057766
0.058127
0.057545
0.057686
0.058046
0.058086
0.057625
0.057966
0.058126
0.058246
0.057785
0.057886
0.058206
0.058486
0.057864
0.057966
0.058446
0.057864
0.057944
0.058205
0.058445
0.057904
0.058125
0.058365
0.058485
0.058063
0.058204
0.058484
0.058644
0.058102
0.058363
0.058603
0.058763
0.058222
0.058523
0.058683
0.058102
0.058422
0.058643
0.058763
0.058422
0.058502
0.058683
0.059003
0.058462
0.058563
0.058963
0.059083
0.058462
0.058763
0.059083
0.059203
0.058742
0.058963
0.059123
0.059363
0.058901
0.059002
0.059122
0.058741
0.058981
0.059042
0.059362
0.058861
0.059002
0.059282
0.059522
0.058781
0.059202
0.059482
0.059522
0.058981
0.059282
0.059482
0.059602
0.059181
0.059362
0.059562
0.058981
0.059221
0.059442
0.059722
0.059141
0.059301
0.059562
0.059842
0.059221
0.059402
0.059722
0.059922
0.059261
0.059562
0.059722
0.059882
0.059341
0.059562
0.059842
0.059922
0.059501
0.059722
0.059922
0.059341
0.059501
0.059722
0.059922
0.059541
0.059602
0.059762
0.059962
0.059541
0.059722
0.059922
0.060162
0.059581
0.059682
0.060042
0.060162
0.059621
0.059722
0.060162
0.059461
0.059661
0.059882
0.060082
0.059501
0.059802
0.060002
0.060082
0.059541
0.059962
0.060082
0.060122
0.059701
0.059922
0.060162
0.060242
0.059861
0.059882
0.060242
0.060362
0.059861
0.060042
0.060242
0.059701
0.059901
0.060122
0.060282
0.059781
0.059922
0.060082
0.060322
0.059821
0.059882
0.060082
0.060362
0.059861
0.059962
0.060162
0.060362
0.059861
0.060002
0.060322
0.059741
0.059821
0.060042
0.060242
0.059661
0.059882
0.060042
0.060362
0.059741
0.059882
0.060162
0.060362
0.059861
0.059922
0.060082
0.060362
0.059821
0.060002
0.060202
0.059661
0.059861
0.060122
0.060282
0.059741
0.059901
0.060162
0.060362
0.059781
0.059922
0.060202
0.060482
0.059861
0.060042
0.060242
0.060562
0.059941
0.060162
0.060282
0.060602
0.060061
0.060242
0.060442
0.059861
0.060061
0.060202
0.060482
0.059901
0.060082
0.060322
0.060482
0.059941
0.060162
0.060282
0.060482
0.059941
0.060202
0.060322
0.060482
0.060021
0.060162
0.060322
0.059821
0.060021
0.060162
0.060402
0.059861
0.059901
0.060202
0.060402
0.059861
0.060002
0.060122
0.060402
0.059861
0.060002
0.060242
0.060362
0.059821
0.060042
0.060282
0.060362
0.059821
0.060082
0.060202
0.059581
0.059861
0.060122
0.060242
0.059701
0.059882
0.060162
0.060202
0.059741
0.059882
0.060002
0.060362
0.059781
0.059882
0.060002
0.060442
0.059741
0.059882
0.060122
0.059581
0.059701
0.059962
0.060202
0.059541
0.059701
0.060122
0.060162
0.059501
0.059762
0.060122
0.060202
0.059581
0.059842
0.060082
0.060202
0.059741
0.059842
0.060002
0.060322
0.059701
0.059842
0.060122
0.059661
0.059661
0.059922
0.060202
0.059581
0.059762
0.060162
0.060162
0.059541
0.059802
0.060162
0.060202
0.059541
0.059922
0.060162
0.060162
0.059701
0.060042
0.060202
0.059541
0.059701
0.060082
0.060242
0.059621
0.059741
0.060122
0.060242
0.059741
0.059922
0.060162
0.060282
0.059781
0.059922
0.060202
0.060362
0.059901
0.060002
0.060322
0.060322
0.059861
0.060202
0.060282
0.059701
0.059821
0.060282
0.060322
0.059661
0.059962
0.060242
0.060362
0.059741
0.060042
0.060362
0.060402
0.059821
0.060002
0.060322
0.060442
0.059901
0.060162
0.060242
0.059701
0.059981
0.060122
0.060282
0.059821
0.059981
0.060162
0.060322
0.059701
0.060002
0.060202
0.060322
0.059701
0.060042
0.060322
0.060282
0.059661
0.060042
0.060282
0.060242
0.059741
0.060042
0.060242
0.059541
0.059861
0.060002
0.060202
0.059621
0.059962
0.060002
0.060162
0.059661
0.059922
0.060002
0.060202
0.059621
0.059962
0.060122
0.060162
0.059621
0.060002
0.060202
0.059501
0.059661
0.060042
0.060202
0.059501
0.059762
0.060002
0.060202
0.059541
0.059842
0.060162
0.060202
0.059621
0.059882
0.060122
0.060242
0.059661
0.060002
0.060122
0.060122
0.059741
0.060122
0.060162
0.059541
0.059781
0.060122
0.060162
0.059541
0.059922
0.060162
0.060282
0.059621
0.059962
0.060162
0.060282
0.059701
0.060122
0.060202
0.060322
0.059781
0.060122
0.060242
0.059661
0.059941
0.060162
0.060322
0.059701
0.060002
0.060242
0.060402
0.059821
0.060082
0.060322
0.060402
0.059861
0.060082
0.060362
0.060482
0.060021
0.060162
0.060442
0.059781
0.060021
0.060202
0.060482
0.059941
0.060061
0.060322
0.060482
0.059901
0.060162
0.060322
0.060482
0.059861
0.060202
0.060322
0.060482
0.059901
0.060202
0.060442
0.060402
0.060021
0.060202
0.060442
0.059661
0.059941
0.060242
0.060402
0.059701
0.059962
0.060202
0.060322
0.059741
0.060002
0.060162
0.060282
0.059861
0.060002
0.060122
0.060282
0.059901
0.060042
0.060162
0.059501
0.059941
0.059962
0.060162
0.059581
0.059861
0.060002
0.060082
0.059661
0.059882
0.060042
0.060122
0.059661
0.060002
0.060042
0.060242
0.059741
0.060002
0.060122
0.060242
0.059781
0.060042
0.060202
0.059501
0.059781
0.060082
0.060202
0.059501
0.059882
0.060122
0.060242
0.059581
0.060002
0.060162
0.060242
0.059701
0.060002
0.060162
0.060322
0.059861
0.060042
0.060202
0.059621
0.059941
0.060042
0.060282
0.059661
0.059941
0.060042
0.060242
0.059781
0.059962
0.060162
0.060362
0.059941
0.059962
0.060162
0.060442
0.059941
0.060042
0.060282
0.060562
0.059941
0.060082
0.060362
0.059781
0.059941
0.060162
0.060402
0.059821
0.060002
0.060242
0.060362
0.059901
0.060082
0.060322
0.060402
0.059941
0.060202
0.060322
0.060402
0.059981
0.060242
0.060362
0.059741
0.059901
0.060282
0.060362
0.059781
0.059901
0.060282
0.060362
0.059821
0.059962
0.060202
0.060402
0.059941
0.059962
0.060162
0.060442
0.059981
0.060002
0.060162
0.060482
0.059981
0.060082
0.060122
0.059741
0.059941
0.060082
0.060202
0.059781
0.059962
0.060122
0.060202
0.059861
0.060002
0.060202
0.060202
0.059901
0.059962
0.060242
0.060242
0.059941
0.060002
0.060202
0.059581
0.059941
0.060042
0.060202
0.059661
0.059941
0.060082
0.060242
0.059821
0.059962
0.060082
0.060242
0.059821
0.059962
0.060162
0.060282
0.059941
0.060002
0.060162
0.060322
0.059941
0.060082
0.060202
0.059781
0.059901
0.060082
0.060282
0.059861
0.059962
0.060122
0.060402
0.059941
0.059962
0.060202
0.060442
0.059941
0.059962
0.060282
0.060442
0.059941
0.060082
0.060362
0.059741
0.059901
0.060242
0.060362
0.059901
0.059922
0.060322
0.060362
0.059901
0.059962
0.060282
0.060402
0.059941
0.060002
0.060242
0.060482
0.059941
0.060002
0.060282
0.060442
0.059981
0.060002
0.060362
0.059821
0.059941
0.060042
0.060282
0.059941
0.059962
0.060122
0.060322
0.059941
0.059962
0.060122
0.060362
0.059941
0.059962
0.060242
0.060362
0.059941
0.059962
0.060242
0.059661
0.059941
0.060042
0.060282
0.059821
0.060002
0.060082
0.060282
0.059861
0.060002
0.060122
0.060282
0.059941
0.060002
0.060202
0.060322
0.059981
0.060002
0.060202
0.060442
0.059981
0.060082
0.060242
0.059741
0.059941
0.060082
0.060242
0.059941
0.059962
0.060042
0.060322
0.059981
0.059962
0.060122
0.060362
0.059981
0.059962
0.060202
0.060442
0.059981
0.060042
0.060282
0.059901
0.059941
0.060082
0.060322
0.059861
0.059922
0.060122
0.060322
0.059901
0.059962
0.060162
0.060322
0.059821
0.059802
0.059642
0.059402
0.058301
0.057722
0.057282
0.056602
0.055442
2.601279
2.599553
2.598497
2.597739
2.596926
2.596276
2.595833
2.595245
2.594666
2.593391
2.593293
2.592484
2.592832
2.592370
2.592161
2.592270
2.593406
2.593358
2.593301
2.593168
2.593739
2.593900
2.594022
2.593961
2.594087
2.594826
2.594937
2.595364
2.595499
2.595838
2.595359
2.595437
2.595498
2.594915
2.593926
2.593454
2.592740
2.592407
2.592123
2.592890
2.592598
2.592390
2.592127
2.591950
2.592294
2.591968
2.591718
2.591412
2.590778
2.590945
2.590378
2.589835
2.589368
2.589602
2.588771
2.588202
2.587586
2.586594
2.586831
2.586090
2.585182
2.584186
2.584086
2.583267
2.582357
2.581543
2.581542
2.580528
2.579685
2.579085
2.579293
2.578360
2.577902
2.577067
2.577296
2.576710
2.576115
2.575491
2.574812
2.574465
2.574661
2.574123
2.573892
2.573387
2.573204
2.573625
2.573428
2.573124
2.572730
2.573053
2.572900
2.572616
2.572610
2.572039
2.572615
2.572581
2.572474
2.572273
2.572658
2.572452
2.572253
2.571958
2.571824
2.571965
2.571637
2.571242
2.570723
2.570686
2.570265
2.570036
2.569515
2.569845
2.569369
2.568874
2.568460
2.567993
2.567386
2.566775
2.566379
2.565707
2.565709
2.565108
2.564590
2.563608
2.563222
2.562204
2.561333
2.561099
2.560772
2.560301
2.559896
2.559562
2.559208
2.558788
2.557510
2.557244
2.556951
2.556599
2.556401
2.555285
2.555016
2.553878
2.553176
2.551734
2.550397
2.549319
2.547611
2.545590
2.544302
2.542524
2.541132
2.539440
2.537845
2.535227
2.533539
2.530981
2.529105
2.527002
2.524336
2.522857
2.520970
2.518589
2.516962
2.514742
2.512503
2.510729
2.508068
2.506041
2.504139
2.501324
2.498924
2.496678
2.494028
2.492052
2.489252
2.486771
2.483971
2.481765
2.478842
2.475959
2.472948
2.469860
2.466869
2.463969
2.460987
2.457719
2.454390
2.451676
2.448192
2.445273
2.441589
2.438543
2.435508
2.431867
2.428609
2.424966
2.421752
2.418151
2.414357
2.411293
2.407753
2.404725
2.401053
2.397994
2.394287
2.391468
2.387736
2.384517
2.381087
2.377936
2.374318
2.371313
2.367737
2.364267
2.361163
2.357764
2.354767
2.351075
2.348410
2.346033
2.343880
2.341893
2.339420
2.336961
2.333856
2.331192
2.329113
2.326386
2.323610
2.320800
2.317824
2.315411
2.312422
2.309301
2.306639
2.303434
2.299922
2.296853
2.293347
2.289917
2.286294
2.282776
2.279219
2.275544
2.271814
2.268069
2.264565
2.260930
2.257050
2.253464
2.249664
2.246094
2.242533
2.238792
2.235021
2.231449
2.227554
2.223971
2.219913
2.216033
2.212267
2.208387
2.204502
2.200458
2.196597
2.192617
2.188731
2.184777
2.181197
2.177384
2.173545
2.170272
2.166538
2.162704
2.159032
2.155210
2.151400
2.147603
2.143570
2.139754
2.135762
2.131793
2.127897
2.124039
2.120268
2.116264
2.112437
2.108306
2.104357
2.100382
2.096291
2.092242
2.088190
2.084331
2.080130
2.076293
2.072195
2.068201
2.064369
2.060466
2.056626
2.052591
2.048630
2.044695
2.040683
2.036722
2.032593
2.028649
2.024611
2.020529
2.016442
2.012461
2.008496
2.004442
2.000391
1.996376
1.992514
1.988684
1.984568
1.980646
1.976684
1.972822
1.969345
1.965506
1.961738
1.958530
1.954861
1.951853
1.948238
1.944393
1.940948
1.937394
1.933785
1.930149
1.926418
1.922685
1.918958
1.915223
1.911545
1.907793
1.904082
1.900186
1.896370
1.892444
1.888499
1.884547
1.880684
1.876812
1.873013
1.869169
1.865178
1.861367
1.857491
1.853534
1.849668
1.845817
1.841868
1.838159
1.834178
1.830379
1.826527
1.822743
1.818839
1.815082
1.811243
1.807442
1.803594
1.799871
1.796164
1.792388
1.788622
1.784813
1.781038
1.777298
1.773411
1.769657
1.765954
1.762196
1.758368
1.754604
1.750789
1.746999
1.743293
1.739478
1.735641
1.731919
1.728170
1.724331
1.720517
1.716988
1.713168
1.709319
1.705474
1.701746
1.697928
1.694395
1.690781
1.687187
1.683594
1.679896
1.676299
1.672694
1.668959
1.665239
1.661593
1.657925
1.654072
1.650339
1.646745
1.643038
1.639529
1.636087
1.632594
1.629136
1.625629
1.622194
1.618604
1.615108
1.611635
1.608211
1.604925
1.601526
1.598025
1.594534
1.591178
1.587653
1.584086
1.580487
1.576864
1.573297
1.569680
1.566130
1.562625
1.558863
1.555264
1.551792
1.548555
1.545103
1.541806
1.538548
1.535307
1.532191
1.529012
1.525882
1.522727
1.519650
1.516401
1.513392
1.510456
1.507206
1.503904
1.500848
1.497505
1.494084
1.490796
1.487489
1.484012
1.480423
1.476881
1.473410
1.470059
1.466698
1.463285
1.459736
1.456358
1.452812
1.449266
1.445783
1.442082
1.438395
1.434755
1.431193
1.427507
1.423841
1.420289
1.416574
1.412941
1.409048
1.405358
1.401737
1.397993
1.394252
1.390419
1.386765
1.383047
1.379262
1.375552
1.371931
1.368184
1.364404
1.360702
1.357207
1.353440
1.349800
1.346192
1.342578
1.338933
1.335247
1.331517
1.327787
1.324201
1.320433
1.316678
1.313025
1.309252
1.305637
1.301817
1.297989
1.294291
1.290502
1.286798
1.283066
1.279251
1.275581
1.271574
1.267977
1.264212
1.260305
1.256507
1.252765
1.248956
1.245160
1.241198
1.237321
1.233541
1.229622
1.225736
1.221852
1.217933
1.214165
1.210291
1.206449
1.202516
1.198722
1.194720
1.190826
1.187027
1.183239
1.179296
1.175592
1.171699
1.167830
1.164104
1.160280
1.156558
1.152742
1.148975
1.145315
1.141559
1.137856
1.134021
1.130360
1.126764
1.122967
1.119243
1.115550
1.111946
1.108361
1.104692
1.101093
1.097504
1.094012
1.090360
1.086790
1.083239
1.079688
1.075963
1.072396
1.068782
1.065293
1.061738
1.058265
1.054756
1.051202
1.047597
1.043953
1.040424
1.036793
1.033393
1.029883
1.026299
1.022887
1.019413
1.016032
1.012673
1.009187
1.005749
1.002357
0.998953
0.995622
0.992195
0.988866
0.985515
0.982210
0.978846
0.975618
0.972258
0.969086
0.965777
0.962480
0.959158
0.955966
0.952741
0.949460
0.946190
0.942855
0.939614
0.936400
0.933071
0.929751
0.926536
0.923248
0.920149
0.916826
0.913502
0.910276
0.907205
0.903840
0.900654
0.897477
0.894254
0.891057
0.888464
0.885400
0.882596
0.879502
0.876622
0.873808
0.870948
0.867907
0.865046
0.862086
0.859227
0.856262
0.853337
0.850298
0.847469
0.844420
0.841624
0.838661
0.835613
0.832653
0.829663
0.826769
0.823650
0.820786
0.817881
0.814872
0.811899
0.809016
0.806134
0.803211
0.800459
0.797485
0.794713
0.791890
0.788944
0.786305
0.783386
0.780720
0.778007
0.775164
0.772396
0.769728
0.767036
0.764305
0.761703
0.758978
0.756489
0.753849
0.751186
0.748528
0.745914
0.743494
0.740787
0.738236
0.735684
0.733315
0.730757
0.728259
0.725696
0.723236
0.720715
0.718248
0.715878
0.713536
0.711003
0.708554
0.706177
0.703903
0.701569
0.699123
0.696755
0.694417
0.692171
0.689828
0.687656
0.685477
0.683142
0.680968
0.678477
0.676290
0.673948
0.671494
0.669089
0.666731
0.664343
0.661965
0.659531
0.656970
0.654578
0.652098
0.649769
0.647403
0.645035
0.642656
0.640284
0.637945
0.635605
0.633218
0.630936
0.628722
0.626452
0.624233
0.622191
0.619885
0.617883
0.615827
0.613732
0.611707
0.609769
0.607936
0.606040
0.604222
0.602493
0.600619
0.599186
0.597366
0.595852
0.594253
0.592673
0.590977
0.589497
0.587887
0.586272
0.584671
0.582955
0.581082
0.579419
0.577432
0.575671
0.573770
0.571939
0.570021
0.568034
0.566372
0.565298
0.563836
0.562118
0.560384
0.558705
0.556803
0.554897
0.552893
0.550824
0.548828
0.546862
0.544863
0.543110
0.541043
0.539044
0.537171
0.535085
0.533000
0.531025
0.528973
0.526920
0.524998
0.523043
0.521031
0.518889
0.516931
0.515005
0.513061
0.510913
0.508932
0.506907
0.504845
0.502844
0.500770
0.498742
0.496593
0.494541
0.492621
0.490619
0.488620
0.486696
0.484693
0.482799
0.480812
0.478800
0.476746
0.474869
0.472792
0.470701
0.468644
0.466678
0.464588
0.462589
0.460509
0.458466
0.456406
0.454415
0.452422
0.450397
0.448414
0.446511
0.444537
0.442500
0.440581
0.438616
0.436558
0.434492
0.432619
0.430572
0.428634
0.426619
0.424660
0.422760
0.420811
0.418870
0.416934
0.415020
0.413101
0.411073
0.409251
0.407364
0.405604
0.403971
0.402086
0.400313
0.398452
0.396706
0.394966
0.393143
0.391399
0.389537
0.387801
0.386044
0.384120
0.382383
0.380601
0.378796
0.376933
0.375241
0.373439
0.371617
0.369731
0.368015
0.366201
0.364388
0.362723
0.360897
0.359133
0.357455
0.355802
0.354019
0.352337
0.350424
0.348688
0.346831
0.345033
0.343330
0.341513
0.339714
0.337986
0.336329
0.334665
0.332892
0.331221
0.329721
0.328170
0.326449
0.324899
0.323206
0.321539
0.320025
0.318502
0.316853
0.315252
0.313603
0.312122
0.310590
0.308853
0.307346
0.305719
0.304224
0.302632
0.301001
0.299609
0.297858
0.296318
0.294775
0.293120
0.291554
0.290007
0.288428
0.286698
0.285122
0.283500
0.281849
0.280237
0.278624
0.277003
0.275348
0.273932
0.272452
0.270954
0.269423
0.267952
0.266496
0.264972
0.263470
0.262047
0.260622
0.259074
0.257558
0.255969
0.254414
0.252781
0.251179
0.249520
0.247996
0.246289
0.244565
0.242902
0.241305
0.239548
0.237841
0.236021
0.234287
0.232545
0.230818
0.229078
0.227199
0.225403
0.223638
0.221897
0.220142
0.218286
0.216559
0.214727
0.213059
0.211175
0.209444
0.207600
0.205767
0.204160
0.202347
0.200668
0.198863
0.197045
0.195149
0.193263
0.191376
0.189440
0.187563
0.185624
0.183682
0.181916
0.179997
0.178181
0.176320
0.174537
0.172696
0.170806
0.169001
0.167162
0.165217
0.163377
0.161498
0.159620
0.157807
0.155879
0.154164
0.152341
0.150470
0.148559
0.146574
0.144842
0.143022
0.141348
0.139584
0.137667
0.136142
0.134331
0.132696
0.131101
0.129326
0.127634
0.125962
0.124345
0.123074
0.121976
0.120859
0.119535
0.118161
0.116795
0.115520
0.114369
0.113199
0.111946
0.110700
0.109371
0.108127
0.106957
0.105861
0.104725
0.103524
0.102272
0.101108
0.099948
0.098825
0.097706
0.096704
0.095540
0.094492
0.093323
0.092279
0.091135
0.090092
0.089058
0.088015
0.087060
0.086012
0.085237
0.084421
0.083639
0.082801
0.081929
0.081106
0.080287
0.079332
0.078397
0.077577
0.076710
0.075992
0.075023
0.074163
0.073321
0.072453
0.071609
0.070824
0.069973
0.069179
0.068409
0.067539
0.066699
0.065978
0.065149
0.064333
0.063593
0.062727
0.062004
0.061194
0.060513
0.059761
0.059021
0.058298
0.057573
0.056854
0.056180
0.055351
0.054776
0.054069
0.053421
0.052773
0.052064
0.051512
0.050871
0.050225
0.049605
0.048970
0.048368
0.047823
0.047225
0.046811
0.046336
0.045812
0.045464
0.045049
0.044537
0.044189
0.043862
0.043495
0.043126
0.042671
0.042248
0.041854
0.041579
0.041313
0.040789
0.040441
0.040118
0.039675
0.039273
0.038898
0.038489
0.038136
0.037731
0.037389
0.036886
0.036648
0.036288
0.035904
0.035576
0.035261
0.034928
0.034503
0.034209
0.033902
0.033563
0.033262
0.032951
0.032591
0.032343
0.032168
0.031826
0.031498
0.031222
0.030823
0.030534
0.030224
0.029917
0.029573
0.029360
0.028981
0.028683
0.028382
0.028209
0.027815
0.027661
0.027355
0.027105
0.026983
0.026767
0.026455
0.026202
0.025928
0.025701
0.025405
0.025118
0.024888
0.024675
0.024346
0.024129
0.023831
0.023567
0.023236
0.022942
0.022661
0.022419
0.022103
0.021831
0.021598
0.021411
0.021398
0.021271
0.021228
0.021155
0.021103
0.020946
0.020722
0.020562
0.020474
0.020271
0.020089
0.019907
0.019764
0.019587
0.019441
0.019234
0.019107
0.018967
0.018783
0.018561
0.018412
0.018254
0.018088
0.017916
0.018003
0.017817
0.017701
0.017542
0.017458
0.017228
0.017065
0.016881
0.016656
0.016598
0.016366
0.016166
0.016007
0.015812
0.016084
0.015779
0.015573
0.015371
0.015124
0.014864
0.014695
0.014470
0.014263
0.014089
0.013799
0.013608
0.013469
0.013428
0.013650
0.013924
0.014922
0.016482
0.017715
0.019291
0.020486
0.021500
0.022657
0.023693
0.024732
0.025940
0.026782
0.027726
0.029010
0.029736
0.030210
0.031124
0.031560
0.031764
0.031812
0.032451
0.032656
0.032695
0.032484
0.032850
0.032807
0.032606
0.032434
0.032517
0.032230
0.032113
0.031903
0.032026
0.031891
0.031683
0.031732
0.031703
0.031594
0.031301
0.031340
0.031033
0.030940
0.030736
0.030588
0.030423
0.030133
0.030068
0.029882
0.029712
0.029748
0.029892
0.029682
0.029751
0.029877
0.029902
0.029877
0.029937
0.030212
0.030465
0.030338
0.030709
0.030946
0.030982
0.031170
0.031483
0.032000
0.031990
0.032362
0.032835
0.033404
0.033386
0.033821
0.034277
0.034877
0.034884
0.035259
0.035911
0.036301
0.036330
0.036796
0.037330
0.037255
0.037756
0.038253
0.038691
0.038465
0.038804
0.039306
0.039676
0.039547
0.039964
0.040413
0.040718
0.040650
0.040905
0.041328
0.041655
0.041472
0.041918
0.042184
0.042578
0.042247
0.042646
0.043082
0.042556
0.043033
0.043284
0.043556
0.043436
0.043753
0.044079
0.044346
0.044140
0.044345
0.044813
0.045103
0.044791
0.045033
0.045466
0.045758
0.045583
0.045732
0.046140
0.045898
0.046216
0.046514
0.046889
0.046711
0.046923
0.047188
0.047578
0.047276
0.047593
0.047935
0.048283
0.047924
0.048271
0.048688
0.048850
0.048723
0.048991
0.049238
0.048943
0.049296
0.049554
0.049898
0.049611
0.049966
0.050137
0.050530
0.050169
0.050522
0.050776
0.051050
0.050766
0.051030
0.051349
0.051626
0.051338
0.051605
0.051923
0.052201
0.051828
0.052026
0.052503
0.052051
0.052459
0.052699
0.052802
0.052645
0.052885
0.053195
0.053358
0.053118
0.053310
0.053672
0.053995
0.053624
0.053864
0.054143
0.054338
0.054094
0.054291
0.054569
0.054282
0.054523
0.054651
0.055086
0.054682
0.054966
0.055203
0.055518
0.055111
0.055389
0.055550
0.055790
0.055624
0.055662
0.056063
0.056263
0.055815
0.056173
0.056334
0.056614
0.056250
0.056408
0.056724
0.056283
0.056442
0.056826
0.056943
0.056541
0.056816
0.057016
0.057214
0.056973
0.057053
0.057250
0.057571
0.057165
0.057243
0.057485
0.057764
0.057322
0.057522
0.057799
0.057357
0.057477
0.057797
0.058035
0.057552
0.057753
0.058152
0.058194
0.057709
0.058033
0.058193
0.058315
0.057911
0.058192
0.058312
0.058515
0.057993
0.058313
0.058474
0.058675
0.058234
0.058474
0.058715
0.058074
0.058438
0.058638
0.058679
0.058319
0.058520
0.058682
0.058965
0.058362
0.058642
0.058922
0.059083
0.058566
0.058927
0.059050
0.059131
0.058650
0.058969
0.059049
0.058687
0.058847
0.059047
0.059288
0.058686
0.058931
0.059053
0.059413
0.058852
0.059008
0.059408
0.059448
0.058807
0.059207
0.059367
0.059487
0.059007
0.059207
0.059408
0.059528
0.059166
0.059326
0.059446
0.059080
0.059199
0.059359
0.059640
0.059160
0.059321
0.059559
0.059717
0.059157
0.059477
0.059677
0.059756
0.059314
0.059634
0.059753
0.059836
0.059393
0.059594
0.059832
0.059352
0.059432
0.059591
0.059951
0.059390
0.059509
0.059829
0.060069
0.059430
0.059749
0.059949
0.060070
0.059630
0.059910
0.060031
0.060033
0.059591
0.059831
0.060030
0.060114
0.059631
0.059871
0.060111
0.059472
0.059673
0.059915
0.060115
0.059594
0.059794
0.059874
0.060075
0.059634
0.059795
0.059916
0.060037
0.059675
0.059675
0.059997
0.060199
0.059637
0.059836
0.059996
0.059515
0.059676
0.059836
0.060036
0.059396
0.059674
0.059914
0.059996
0.059475
0.059715
0.059915
0.059956
0.059514
0.059755
0.059875
0.059996
0.059674
0.059751
0.059952
0.060113
0.059552
0.059671
0.059952
0.059510
0.059591
0.059830
0.060030
0.059466
0.059588
0.059908
0.059950
0.059427
0.059667
0.059907
0.059949
0.059467
0.059747
0.059946
0.059987
0.059505
0.059785
0.059906
0.059464
0.059545
0.059825
0.060026
0.059464
0.059545
0.059745
0.060027
0.059465
0.059586
0.059866
0.059987
0.059426
0.059666
0.059946
0.060028
0.059466
0.059666
0.060067
0.060068
0.059587
0.059706
0.059909
0.059508
0.059629
0.059789
0.059990
0.059549
0.059670
0.059870
0.060032
0.059510
0.059790
0.059910
0.060072
0.059592
0.059832
0.059991
0.060112
0.059590
0.059870
0.060070
0.059549
0.059710
0.059910
0.060110
0.059589
0.059790
0.059990
0.060151
0.059632
0.059911
0.059991
0.060113
0.059832
0.059952
0.060031
0.060112
0.059871
0.060031
0.060111
0.059710
0.059831
0.060031
0.060231
0.059789
0.059990
0.060150
0.060390
0.059868
0.060029
0.060188
0.060390
0.059909
0.060109
0.060309
0.060391
0.060030
0.060189
0.060389
0.060470
0.060069
0.060308
0.060428
0.059947
0.060149
0.060389
0.060549
0.059948
0.060189
0.060268
0.060550
0.060107
0.060229
0.060349
0.060550
0.059989
0.060189
0.060429
0.060629
0.060068
0.060228
0.060549
0.059989
0.060109
0.060269
0.060470
0.059948
0.060069
0.060349
0.060431
0.059988
0.060109
0.060429
0.060551
0.059989
0.060269
0.060389
0.060591
0.059949
0.060269
0.060389
0.060471
0.060069
0.060269
0.060389
0.059788
0.060069
0.060269
0.060389
0.059908
0.059988
0.060268
0.060470
0.059946
0.059987
0.060227
0.060349
0.059867
0.060067
0.060267
0.060468
0.059947
0.060106
0.060226
0.059785
0.059865
0.060105
0.060306
0.059704
0.059825
0.060105
0.060227
0.059664
0.059945
0.060145
0.060106
0.059665
0.059864
0.059984
0.060066
0.059584
0.059784
0.059984
0.060065
0.059544
0.059744
0.059984
0.059343
0.059544
0.059744
0.059786
0.059343
0.059464
0.059584
0.059706
0.059343
0.059424
0.059544
0.059586
0.059184
0.059304
0.059386
0.059506
0.059064
0.059184
0.059346
0.058863
0.058944
0.059024
0.059066
0.058743
0.058784
0.058904
0.058826
0.058583
0.058784
0.058786
0.058946
0.058384
0.058664
0.058626
0.058786
0.058264
0.058504
0.058626
0.058666
0.058144
0.058266
0.058506
0.058023
0.058064
0.058146
0.058426
0.057943
0.058024
0.058026
0.058266
0.057783
0.057945
0.058067
0.058267
0.057825
0.057985
0.057947
0.058186
0.057825
0.057946
0.057986
0.057543
0.057785
0.057867
0.057906
0.057503
0.057745
0.057827
0.057987
0.057544
0.057785
0.057867
0.057947
0.057545
0.057825
0.057907
0.058027
0.057506
0.057946
0.058028
0.058188
0.057626
0.057946
0.057988
0.057585
0.057666
0.057987
0.058148
0.057626
0.057707
0.057989
0.058188
0.057706
0.057867
0.058188
0.058228
0.057747
0.058067
0.058188
0.058308
0.057947
0.058227
0.058228
0.057745
0.058186
0.058226
0.058187
0.057825
0.058266
0.058266
0.058307
0.057985
0.058306
0.058307
0.058468
0.058106
0.058346
0.058348
0.058667
0.058146
0.058346
0.058467
0.058747
0.058226
0.058266
0.058547
0.058185
0.058266
0.058387
0.058628
0.058145
0.058226
0.058507
0.058628
0.058145
0.058306
0.058588
0.058628
0.058066
0.058506
0.058628
0.058708
0.058147
0.058587
0.058628
0.058066
0.058307
0.058507
0.058589
0.058066
0.058307
0.058587
0.058628
0.058185
0.058386
0.058509
0.058669
0.058307
0.058467
0.058549
0.058669
0.058307
0.058386
0.058428
0.058185
0.058346
0.058386
0.058508
0.058145
0.058306
0.058426
0.058468
0.058185
0.058306
0.058386
0.058587
0.058185
0.058266
0.058387
0.058547
0.058066
0.058346
0.058389
0.058629
0.058147
0.058228
0.058389
0.058026
0.058267
0.058347
0.058468
0.058025
0.058146
0.058308
0.058467
0.058064
0.058305
0.058307
0.058427
0.058025
0.058265
0.058307
0.058426
0.058145
0.058185
0.058306
0.057863
0.058064
0.058265
0.058306
0.057863
0.057984
0.058186
0.058306
0.057823
0.057984
0.058186
0.058386
0.057904
0.058025
0.058266
0.058386
0.057864
0.057984
0.058186
0.058426
0.057904
0.058104
0.058226
0.057823
0.057944
0.058026
0.058186
0.057743
0.057944
0.058066
0.058226
0.057863
0.057904
0.058106
0.058225
0.057784
0.057984
0.058185
0.058265
0.057744
0.057984
0.058106
0.057623
0.057824
0.058105
0.058106
0.057663
0.057944
0.058026
0.058106
0.057704
0.057905
0.057986
0.058186
0.057784
0.057944
0.058026
0.058146
0.057784
0.057944
0.058106
0.058266
0.057744
0.057984
0.058105
0.057583
0.057704
0.057865
0.058106
0.057663
0.057664
0.057826
0.058106
0.057663
0.057784
0.057906
0.058106
0.057664
0.057705
0.057946
0.058066
0.057584
0.057785
0.057986
0.057384
0.057705
0.057827
0.057907
0.057424
0.057665
0.057787
0.057827
0.057544
0.057745
0.057787
0.057827
0.057586
0.057706
0.057787
0.058027
0.057545
0.057625
0.057826
0.058067
0.057465
0.057666
0.057787
0.057424
0.057505
0.057667
0.057867
0.057384
0.057585
0.057706
0.057826
0.057384
0.057625
0.057707
0.057787
0.057345
0.057665
0.057747
0.057786
0.057545
0.057665
0.057666
0.057344
0.057545
0.057626
0.057706
0.057463
0.057584
0.057626
0.057786
0.057463
0.057544
0.057665
0.057945
0.057463
0.057584
0.057785
0.058025
0.057503
0.057664
0.057945
0.058065
0.057503
0.057703
0.057945
0.057502
0.057623
0.057745
0.057985
0.057622
0.057703
0.057785
0.058145
0.057662
0.057824
0.057985
0.058185
0.057624
0.057984
0.058105
0.058185
0.057784
0.058024
0.058105
0.057663
0.057904
0.058065
0.058065
0.057823
0.058064
0.058066
0.058226
0.057943
0.058064
0.058106
0.058386
0.057984
0.057984
0.058386
0.058466
0.057944
0.058144
0.058426
0.058546
0.057944
0.058304
0.058385
0.057903
0.058223
0.058305
0.058465
0.058022
0.058303
0.058425
0.058505
0.058222
0.058383
0.058425
0.058625
0.058343
0.058463
0.058505
0.058745
0.058423
0.058504
0.058625
0.058262
0.058463
0.058545
0.058745
0.058382
0.058503
0.058745
0.058985
0.058422
0.058464
0.058865
0.058985
0.058463
0.058664
0.058945
0.059145
0.058623
0.058824
0.058945
0.058503
0.058744
0.058904
0.059025
0.058742
0.058824
0.058985
0.059146
0.058703
0.058904
0.059066
0.059186
0.058783
0.058944
0.059106
0.059346
0.058784
0.059065
0.059146
0.059426
0.058945
0.059105
0.059386
0.058824
0.058985
0.059106
0.059346
0.059024
0.059025
0.059266
0.059506
0.059024
0.059065
0.059346
0.059466
0.059105
0.059305
0.059426
0.059506
0.059145
0.059305
0.059386
0.058984
0.059264
0.059345
0.059506
0.059103
0.059264
0.059386
0.059546
0.059143
0.059264
0.059466
0.059626
0.059103
0.059345
0.059466
0.059706
0.059185
0.059425
0.059547
0.059707
0.059225
0.059425
0.059626
0.059064
0.059265
0.059347
0.059547
0.059104
0.059305
0.059467
0.059506
0.059104
0.059345
0.059466
0.059546
0.059105
0.059425
0.059546
0.059666
0.059184
0.059385
0.059466
0.059023
0.059264
0.059385
0.059466
0.058983
0.059264
0.059386
0.059506
0.059143
0.059264
0.059426
0.059586
0.059064
0.059225
0.059426
0.059706
0.059105
0.059225
0.059386
0.059546
0.059104
0.059305
0.059466
0.058903
0.059064
0.059346
0.059386
0.058983
0.059144
0.059346
0.059386
0.058903
0.059105
0.059306
0.059386
0.058984
0.059025
0.059266
0.059506
0.059024
0.059065
0.059266
0.058862
0.058983
0.059065
0.059305
0.058942
0.058983
0.059065
0.059345
0.058902
0.058984
0.059105
0.059345
0.058944
0.059024
0.059185
0.059265
0.059024
0.059064
0.059185
0.059385
0.059024
0.059144
0.059145
0.058823
0.059024
0.059105
0.059185
0.058863
0.059144
0.059106
0.059306
0.058863
0.058985
0.059226
0.059346
2.684013
2.683919
2.683808
2.682854
2.681805
2.680738
2.679751
2.679609
2.679047
2.679082
2.679149
2.679701
2.679601
2.679453
2.679956
2.679737
2.679573
2.679184
2.678999
2.678599
2.677849
2.677200
2.676882
2.676640
2.676426
2.675818
2.675216
2.674362
2.673429
2.673109
2.672629
2.672172
2.671357
2.670530
2.669466
2.668411
2.667863
2.667373
2.667097
2.666795
2.666219
2.665746
2.664995
2.664319
2.663590
2.663099
2.662479
2.661991
2.661504
2.661076
2.660668
2.660235
2.659254
2.658565
2.658127
2.657769
2.657788
2.657609
2.657468
2.657214
2.656329
2.655528
2.654428
2.653356
2.652774
2.652098
2.651773
2.651531
2.650754
2.649881
2.648797
2.647559
2.646065
2.644593
2.642994
2.642111
2.641160
2.640459
2.639868
2.639482
2.638356
2.637316
2.636090
2.634861
2.633633
2.632948
2.632168
2.631314
2.629918
2.628539
2.627565
2.626252
2.625517
2.624777
2.623786
2.622540
2.621201
2.619769
2.618140
2.616527
2.614805
2.613215
2.611752
2.610230
2.608679
2.607512
2.606132
2.604630
2.603566
2.601975
2.600443
2.598565
2.596875
2.595285
2.593678
2.591960
2.590205
2.588405
2.586581
2.584767
2.583047
2.581367
2.580000
2.578802
2.577607
2.576538
2.575748
2.574868
2.573993
2.572702
2.571441
2.570325
2.568969
2.567348
2.566029
2.564395
2.562869
2.561194
2.559445
2.557615
2.556200
2.554963
2.553641
2.552203
2.551051
2.549941
2.548941
2.547479
2.546032
2.544499
2.542637
2.540853
2.539215
2.537879
2.536651
2.535516
2.534299
2.533037
2.531700
2.530598
2.529433
2.528378
2.527305
2.526579
2.525949
2.525180
2.524339
2.523305
2.522296
2.521352
2.520191
2.519020
2.517779
2.516471
2.515078
2.513639
2.512261
2.510928
2.509548
2.507971
2.506451
2.505090
2.503529
2.502015
2.500356
2.498597
2.496955
2.495227
2.493456
2.492002
2.490388
2.488571
2.487046
2.485113
2.483272
2.481754
2.479753
2.477853
2.476051
2.473908
2.471921
2.470469
2.468673
2.466838
2.464769
2.463001
2.461188
2.459325
2.457823
2.455784
2.453921
2.451805
2.449912
2.447786
2.445556
2.443312
2.441220
2.439122
2.436795
2.434660
2.432469
2.430323
2.428327
2.426176
2.423919
2.421388
2.418973
2.416638
2.414047
2.411617
2.408922
2.406372
2.403955
2.401494
2.398954
2.396413
2.394120
2.391545
2.389212
2.386697
2.384287
2.381912
2.379415
2.377180
2.374665
2.372320
2.369943
2.367172
2.364528
2.361731
2.359021
2.356239
2.353500
2.350762
2.347891
2.345293
2.342584
2.339783
2.337050
2.334309
2.331766
2.329092
2.326259
2.323595
2.320889
2.318206
2.315617
2.312834
2.310035
2.307393
2.304768
2.302263
2.299821
2.297378
2.294839
2.292496
2.290141
2.287863
2.285287
2.282869
2.280467
2.277971
2.275463
2.272649
2.270112
2.267304
2.264742
2.261911
2.258956
2.256441
2.253473
2.250559
2.247528
2.244714
2.241685
2.238734
2.235635
2.232684
2.229728
2.226765
2.223988
2.221065
2.218674
2.216011
2.213960
2.211453
2.209172
2.206749
2.204273
2.201774
2.199214
2.196548
2.193793
2.191365
2.188966
2.186477
2.183795
2.181036
2.178350
2.175929
2.173408
2.170682
2.168222
2.165711
2.163215
2.160569
2.158242
2.155299
2.152597
2.149553
2.146544
2.143577
2.140535
2.137520
2.134354
2.131314
2.128178
2.124931
2.121610
2.119137
2.115791
2.112643
2.109370
2.106013
2.102720
2.099282
2.095978
2.092616
2.089263
2.085717
2.082352
2.079018
2.075532
2.072065
2.068781
2.065350
2.062013
2.058969
2.055691
2.052374
2.048961
2.045778
2.042475
2.039180
2.035794
2.032437
2.028925
2.025465
2.021966
2.018553
2.015014
2.011450
2.007813
2.004321
2.000662
1.997064
1.993473
1.989880
1.986215
1.982532
1.978913
1.975225
1.971697
1.967934
1.964420
1.961056
1.957926
1.955064
1.951658
1.948321
1.944788
1.941127
1.937598
1.934513
1.931511
1.928951
1.925618
1.922408
1.919098
1.915596
1.912815
1.910173
1.907657
1.905412
1.902453
1.899392
1.896259
1.893188
1.889800
1.886542
1.883221
1.879874
1.876675
1.873515
1.870417
1.867147
1.863922
1.860675
1.857441
1.854237
1.851064
1.847832
1.844646
1.841436
1.838301
1.835231
1.832055
1.828856
1.825845
1.822686
1.819654
1.816583
1.813413
1.810429
1.807348
1.804367
1.801381
1.798357
1.795293
1.792319
1.789549
1.786713
1.783748
1.780950
1.778015
1.775134
1.772191
1.769380
1.766522
1.763712
1.760767
1.757955
1.755152
1.752410
1.749588
1.746830
1.744012
1.741227
1.738434
1.735582
1.732682
1.729771
1.726849
1.724115
1.721165
1.718362
1.715523
1.712693
1.709845
1.707098
1.704199
1.701420
1.698590
1.695747
1.692977
1.690203
1.687473
1.684698
1.681955
1.679196
1.676391
1.673581
1.670790
1.667893
1.665168
1.662497
1.659720
1.657105
1.654368
1.651889
1.649208
1.646558
1.644017
1.641287
1.638658
1.635972
1.633415
1.630948
1.628297
1.625747
1.623052
1.620396
1.617847
1.615210
1.612648
1.610121
1.608012
1.605864
1.603815
1.601743
1.599509
1.597276
1.595113
1.592871
1.590639
1.588485
1.586288
1.584261
1.582147
1.579993
1.577824
1.575791
1.573662
1.571413
1.569473
1.567582
1.565393
1.563451
1.561596
1.559531
1.557489
1.555323
1.553262
1.551170
1.549111
1.547031
1.544817
1.542861
1.540426
1.538544
1.536130
1.533958
1.531810
1.529275
1.526920
1.524360
1.521828
1.519309
1.516844
1.514267
1.511558
1.509075
1.506657
1.504185
1.501765
1.499392
1.496986
1.494482
1.492039
1.489569
1.486814
1.484225
1.481315
1.478376
1.475667
1.472805
1.470075
1.467274
1.464451
1.461702
1.459033
1.456115
1.453499
1.450608
1.447836
1.445054
1.442136
1.439512
1.436786
1.434009
1.431266
1.428508
1.425653
1.422912
1.420179
1.417364
1.414557
1.411686
1.408825
1.405896
1.403141
1.400289
1.397328
1.394567
1.391689
1.388791
1.385998
1.383050
1.380188
1.377328
1.374425
1.371652
1.368757
1.365832
1.363005
1.360047
1.357178
1.354433
1.351483
1.348688
1.345782
1.342993
1.340095
1.337251
1.334478
1.331647
1.328826
1.325919
1.322968
1.320051
1.317131
1.314455
1.311641
1.308865
1.306055
1.303246
1.300604
1.297771
1.294923
1.292201
1.289449
1.286568
1.283951
1.281271
1.278341
1.275764
1.272977
1.270290
1.267659
1.264912
1.262197
1.259467
1.256722
1.253916
1.251241
1.248701
1.245998
1.243254
1.240534
1.237773
1.235109
1.232509
1.229744
1.227077
1.224441
1.221821
1.219172
1.216581
1.213944
1.211327
1.208566
1.206035
1.203348
1.200877
1.198171
1.195469
1.193013
1.190352
1.188434
1.186148
1.183532
1.181058
1.178526
1.175901
1.173632
1.171033
1.168529
1.166047
1.163575
1.161187
1.158572
1.156315
1.153866
1.151417
1.149148
1.146680
1.144392
1.142546
1.140307
1.137914
1.135656
1.133362
1.130958
1.128681
1.126348
1.124140
1.121913
1.119622
1.117390
1.115094
1.112905
1.110725
1.108430
1.106292
1.104130
1.101896
1.099744
1.097631
1.095536
1.093528
1.091311
1.089197
1.087116
1.085179
1.083237
1.081073
1.079188
1.077129
1.075294
1.073293
1.071237
1.069333
1.067868
1.065911
1.063873
1.061854
1.059844
1.057746
1.055641
1.053487
1.051467
1.049351
1.047327
1.045163
1.043258
1.041282
1.039260
1.037245
1.035201
1.033264
1.031189
1.029258
1.027188
1.025376
1.023434
1.021601
1.019780
1.017856
1.016110
1.014195
1.012394
1.010507
1.008415
1.006729
1.004801
1.002912
1.001145
0.999382
0.997374
0.995549
0.993857
0.992170
0.991220
0.990199
0.989091
0.987868
0.987566
0.986464
0.984607
0.982743
0.980774
0.978733
0.976617
0.974448
0.972350
0.970267
0.968130
0.965993
0.964674
0.962609
0.960566
0.958677
0.956676
0.954501
0.952318
0.950180
0.947921
0.945773
0.943360
0.941195
0.938796
0.936544
0.934170
0.931758
0.929266
0.926726
0.924274
0.921808
0.919102
0.916449
0.913979
0.911221
0.908556
0.905835
0.903044
0.900232
0.897508
0.894759
0.892005
0.889102
0.886229
0.883538
0.880794
0.877754
0.874882
0.872009
0.869132
0.866307
0.863365
0.860445
0.857623
0.854591
0.852206
0.849423
0.846313
0.843077
0.839783
0.836676
0.833469
0.830070
0.826744
0.823312
0.820053
0.816555
0.813193
0.809739
0.806084
0.802581
0.799051
0.795486
0.792008
0.788499
0.784818
0.781410
0.777776
0.774230
0.770754
0.767293
0.763777
0.760206
0.756830
0.753260
0.749744
0.746337
0.742878
0.739446
0.735979
0.732689
0.729228
0.725669
0.722321
0.718882
0.715385
0.711983
0.708578
0.705251
0.701635
0.698309
0.694836
0.691443
0.688126
0.684707
0.681306
0.678020
0.674653
0.671362
0.667978
0.664739
0.661337
0.658072
0.654790
0.651564
0.648260
0.644967
0.641586
0.638423
0.635126
0.631874
0.628615
0.625408
0.622080
0.618768
0.615509
0.612171
0.608862
0.605432
0.602127
0.598890
0.595700
0.592342
0.588975
0.585701
0.582414
0.579197
0.575918
0.572581
0.569365
0.566136
0.562877
0.559587
0.556400
0.553215
0.550074
0.546837
0.543583
0.540462
0.537281
0.534187
0.530893
0.527829
0.524617
0.521589
0.518362
0.515306
0.512294
0.509053
0.506058
0.502967
0.499890
0.496927
0.493918
0.490935
0.487773
0.484853
0.481987
0.478903
0.476114
0.473186
0.470299
0.467374
0.464568
0.461745
0.458920
0.456198
0.453346
0.450797
0.447952
0.445340
0.442586
0.439897
0.437318
0.434649
0.432143
0.429498
0.426872
0.424363
0.421960
0.419291
0.416890
0.414422
0.411947
0.409494
0.406972
0.404538
0.402347
0.400130
0.397832
0.395641
0.393384
0.391254
0.388947
0.386732
0.384296
0.382126
0.379891
0.377638
0.375412
0.373204
0.370921
0.368710
0.366546
0.364404
0.362249
0.360040
0.357865
0.355874
0.353735
0.351607
0.349471
0.347522
0.345404
0.343459
0.341501
0.339404
0.337416
0.335401
0.333490
0.331351
0.329417
0.327625
0.325614
0.323660
0.321828
0.319883
0.317993
0.316194
0.314267
0.312363
0.310559
0.308719
0.306868
0.305017
0.303225
0.301414
0.299524
0.297822
0.296091
0.294348
0.292587
0.290931
0.289076
0.287333
0.285744
0.284013
0.282472
0.280947
0.279371
0.277718
0.276021
0.274494
0.272825
0.271284
0.269487
0.267920
0.266389
0.264577
0.263048
0.261243
0.259693
0.257989
0.256243
0.254594
0.252806
0.251159
0.249388
0.247670
0.245859
0.243999
0.242325
0.240570
0.238782
0.237059
0.235184
0.233449
0.231667
0.230043
0.228265
0.226624
0.224719
0.222985
0.221211
0.219441
0.217729
0.215885
0.214191
0.212357
0.210646
0.208802
0.207068
0.205260
0.203429
0.201618
0.199897
0.198093
0.196273
0.194365
0.192639
0.190846
0.188942
0.187026
0.185155
0.183198
0.181489
0.179544
0.177759
0.175875
0.174020
0.172335
0.170299
0.168529
0.166715
0.164895
0.162997
0.161075
0.159089
0.157302
0.155264
0.153431
0.151570
0.149733
0.147690
0.145970
0.144163
0.142244
0.140465
0.138491
0.136752
0.134928
0.133138
0.131443
0.129571
0.127845
0.126038
0.124375
0.122623
0.120833
0.119135
0.117442
0.115767
0.113972
0.112292
0.110731
0.109095
0.107448
0.105893
0.104260
0.102691
0.101188
0.099655
0.098181
0.096627
0.095130
0.093713
0.092271
0.090864
0.089388
0.088115
0.086762
0.085470
0.084186
0.082902
0.081503
0.080300
0.079058
0.077886
0.076756
0.075522
0.074221
0.073182
0.072154
0.070919
0.069773
0.068741
0.067640
0.066647
0.065434
0.064371
0.063408
0.062438
0.061464
0.060422
0.059453
0.058645
0.057760
0.056822
0.056028
0.055064
0.054210
0.053391
0.052606
0.051829
0.051033
0.050292
0.049511
0.048723
0.047975
0.047214
0.046549
0.045835
0.045158
0.044557
0.043916
0.043280
0.042719
0.042042
0.041422
0.040896
0.040228
0.039685
0.039118
0.038553
0.038016
0.037506
0.037003
0.036432
0.035892
0.035382
0.034890
0.034394
0.033928
0.033431
0.032959
0.032582
0.032165
0.031647
0.031225
0.030841
0.030352
0.029948
0.029506
0.029052
0.028671
0.028329
0.027990
0.027676
0.027201
0.026828
0.026532
0.026184
0.025815
0.025502
0.025088
0.024852
0.024531
0.024191
0.023957
0.023572
0.023298
0.023029
0.022724
0.022407
0.022107
0.021834
0.021507
0.021287
0.020931
0.020732
0.020514
0.020207
0.019894
0.019765
0.019485
0.019244
0.019015
0.018820
0.018606
0.018396
0.018090
0.017994
0.017747
0.017495
0.017398
0.017133
0.016952
0.016761
0.016530
0.016385
0.016211
0.016059
0.015940
0.015805
0.015585
0.015413
0.015310
0.015097
0.014947
0.014863
0.014729
0.014515
0.014397
0.014265
0.014124
0.014008
0.013823
0.013761
0.013580
0.013481
0.013369
0.013249
0.013038
0.013007
0.012868
0.012796
0.012575
0.012449
0.012449
0.012338
0.012238
0.012071
0.012008
0.011946
0.011835
0.011803
0.011618
0.011544
0.011505
0.011395
0.011315
0.011231
0.011161
0.011060
0.010978
0.010811
0.010811
0.010735
0.010695
0.010600
0.010457
0.010366
0.010277
0.010252
0.010212
0.010136
0.010074
0.010016
0.009928
0.009891
0.009891
0.009812
0.009701
0.009671
0.009607
0.009530
0.009530
0.009444
0.009412
0.009372
0.009325
0.009286
0.009247
0.009183
0.009183
0.009144
0.009072
0.009072
0.009032
0.008994
0.008955
0.008955
0.008955
0.008853
0.008820
0.008731
0.008731
0.008731
0.008645
0.008606
0.008606
0.008606
0.008606
0.008527
0.008456
0.008456
0.008456
0.008456
0.008456
0.008338
0.008338
0.008338
0.008338
0.008313
0.008274
0.008274
0.008234
0.008234
0.008234
0.008234
0.008234
0.008234
0.008234
0.008194
0.008194
0.008194
0.008194
0.008194
0.008181
0.008181
0.008181
0.008181
0.008181
0.008183
0.008183
0.008183
0.008183
0.008183
0.008091
0.008091
0.008091
0.008066
0.008066
0.008066
0.008066
0.008010
0.008010
0.008018
0.008038
0.008013
0.008013
0.007982
0.007982
0.007982
0.007982
0.007982
0.007982
0.007957
0.007926
0.007926
0.007926
0.007926
0.007926
0.007926
0.007926
0.007869
0.007847
0.007813
0.007813
0.007813
0.007813
0.007813
0.007813
0.007813
0.007775
0.007775
0.007775
0.007775
0.007775
0.007775
0.007775
0.007775
0.007775
0.007775
0.007775
0.007775
0.007775
0.007775
0.007775
0.007775
0.007775
0.007775
0.007775
0.007775
0.007775
0.007775
0.007775
0.007775
0.007775
0.007775
0.007727
0.007727
0.007727
0.007727
0.007727
0.007727
0.007737
0.007737
0.007737
0.007737
0.007737
0.007737
0.007737
0.007737
0.007737
0.007737
0.007737
0.007737
0.007737
0.007737
0.007737
0.007737
0.007737
0.007737
0.007737
0.007737
0.007737
0.007737
0.007737
0.007737
0.007737
0.007737
0.007737
0.007737
0.007737
0.007737
0.007737
0.007727
0.007727
0.007727
0.007727
0.007727
0.007765
0.007765
0.007765
0.007765
0.007765
0.007765
0.007765
0.007765
0.007765
0.007765
0.007765
0.007765
0.007765
0.007765
0.007765
0.007735
0.007765
0.007765
0.007765
0.007765
0.007765
0.007765
0.007765
0.007765
0.007765
0.007765
0.007765
0.007765
0.007765
0.007765
0.007765
0.007765
0.007765
0.007765
0.007765
0.007765
0.007765
0.007765
0.007765
0.007765
0.007765
0.007735
0.007735
0.007735
0.007735
0.007735
0.007735
0.007735
0.007735
0.007735
0.007735
0.007735
0.007735
0.007735
0.007735
0.007735
0.007735
0.007735
0.007735
0.007695
0.007695
0.007695
0.007695
0.007695
0.007695
0.007695
0.007695
0.007695
0.007695
0.007695
0.007631
0.007631
0.007631
0.007631
0.007631
0.007631
0.007631
0.007631
0.007631
0.007631
0.007631
0.007631
0.007631
0.007631
0.007631
0.007656
0.007656
0.007656
0.007656
0.007656
0.007656
0.007656
0.007656
0.007656
0.007656
0.007656
0.007656
0.007631
0.007631
0.007631
0.007631
0.007631
0.007631
0.007631
0.007631
0.007631
0.007631
0.007631
0.007631
0.007631
0.007631
0.007631
0.007606
0.007606
0.007606
0.007606
0.007606
0.007606
0.007606
0.007606
0.007606
0.007606
0.007606
0.007606
0.007574
0.007574
0.007574
0.007574
0.007574
0.007574
0.007574
0.007574
0.007574
0.007574
0.007574
0.007574
0.007574
0.007574
0.007574
0.007574
0.007574
0.007574
0.007574
0.007574
0.007574
0.007574
0.007574
0.007574
0.007574
0.007574
0.007574
0.007574
0.007574
0.007535
0.007535
0.007535
0.007535
0.007535
0.007535
0.007535
0.007535
0.007535
0.007535
0.007535
0.007535
0.007535
0.007535
0.007535
0.007535
0.007535
0.007535
0.007535
0.007535
0.007535
0.007535
0.007535
0.007535
0.007535
0.007535
0.007535
0.007535
0.007535
0.007535
0.007535
0.007535
0.007535
0.007535
0.007535
0.007535
0.007535
0.007535
0.007535
0.007535
0.007535
0.007535
0.007535
0.007535
0.007535
0.007535
0.007535
0.007535
0.007535
0.007535
0.007535
0.007496
0.007496
0.007496
0.007496
0.007496
0.007496
0.007496
0.007496
0.007496
0.007496
0.007496
0.007496
0.007496
0.007496
0.007496
0.007496
0.007496
0.007496
0.007496
0.007496
0.007496
0.007496
0.007536
0.007536
0.007536
0.007536
0.007536
0.007536
0.007536
0.007536
0.007536
0.007536
0.007536
0.007536
0.007536
0.007536
0.007536
0.007536
0.007536
0.007536
0.007536
0.007536
0.007536
0.007536
0.007536
0.007536
0.007536
0.007536
0.007536
0.007536
0.007536
0.007536
0.007536
0.007536
0.007536
0.007536
0.007536
0.007536
0.007536
0.007536
0.007536
0.007536
0.007536
0.007536
0.007536
0.007536
0.007498
0.007498
0.007498
0.007498
0.007498
0.007498
0.007498
0.007498
0.007498
0.007498
0.007498
0.007498
0.007498
0.007498
0.007498
0.007498
0.007498
0.007462
0.007462
0.007462
0.007462
0.007462
0.007462
0.007462
0.007462
0.007462
0.007462
0.007499
0.007499
0.007499
0.007499
0.007499
0.007499
0.007499
0.007499
0.007499
0.007499
0.007499
0.007499
0.007499
0.007499
0.007499
0.007499
0.007499
0.007443
0.007443
0.007443
0.007477
0.007477
0.007477
0.007477
0.007477
0.007477
0.007477
0.007477
0.007477
0.007477
0.007477
0.007477
0.007477
0.007477
0.007477
0.007477
0.007477
0.007477
0.007454
0.007420
0.007420
0.007420
0.007420
0.007420
0.007420
0.007420
0.007420
0.007420
0.007420
0.007420
0.007420
0.007453
0.007453
0.007453
0.007453
0.007453
0.007453
0.007453
0.007453
0.007453
0.007453
0.007453
0.007453
0.007453
0.007453
0.007453
0.007453
0.007453
0.007453
0.007453
0.007453
0.007453
0.007453
0.007453
0.007453
0.007453
0.007453
0.007453
0.007453
0.007453
0.007453
0.007453
0.007453
0.007453
0.007453
0.007453
0.007453
0.007453
0.007453
0.007453
0.007453
0.007453
0.007453
0.007453
0.007453
0.007453
0.007453
0.007453
0.007453
0.007453
0.007453
0.007453
0.007453
0.007453
0.007453
0.007453
0.007453
0.007453
0.007453
0.007453
0.007453
0.007453
0.007453
0.007453
0.007453
0.007453
0.007433
0.007433
0.007453
0.007453
0.007453
0.007453
0.007453
0.007453
0.007453
0.007453
0.007453
0.007453
0.007453
0.007453
0.007453
0.007453
0.007453
0.007453
0.007453
0.007433
0.007433
0.007433
0.007433
0.007433
0.007433
0.007433
0.007433
0.007433
0.007433
0.007433
0.007433
0.007433
0.007433
0.007433
0.007433
0.007433
0.007433
0.007433
0.007433
0.007433
0.007433
0.007433
0.007433
0.007433
0.007433
0.007433
0.007433
0.007433
0.007433
0.007433
0.007433
0.007433
0.007433
0.007433
0.007433
0.007433
0.007433
0.007433
0.007433
0.007433
0.007433
0.007433
0.007433
0.007473
0.007448
0.007448
0.007448
0.007448
0.007448
0.007448
0.007448
0.007448
0.007482
0.007482
0.007482
0.007482
0.007482
0.007482
0.007482
0.007482
0.007482
0.007482
0.007522
0.007522
0.007522
0.007522
0.007522
0.007522
0.007522
0.007522
0.007522
0.007522
0.007522
0.007522
0.007522
0.007522
0.007522
0.007522
0.007522
0.007522
0.007522
0.007522
0.007522
0.007522
0.007522
0.007522
0.007522
0.007522
0.007522
0.007522
0.007522
0.007522
0.007522
0.007522
0.007522
0.007522
0.007522
0.007522
0.007522
0.007522
0.007522
0.007522
0.007522
0.007522
0.007522
0.007522
0.007522
0.007522
0.007522
0.007522
0.007522
0.007522
0.007522
0.007522
0.007522
0.007522
0.007522
0.007522
0.007522
0.007522
0.007522
0.007522
0.007522
0.007522
0.007522
0.007522
0.007522
0.007522
0.007522
0.007522
0.007522
0.007522
0.007522
0.007522
0.007522
0.007522
0.007522
0.007522
0.007522
0.007522
0.007522
0.007522
0.007522
0.007522
0.007522
0.007522
0.007522
0.007522
0.007522
0.007522
0.007522
0.007522
0.007522
0.007522
0.007522
0.007522
0.007522
0.007522
0.007522
0.007522
0.007522
0.007522
0.007522
0.007522
0.007522
0.007522
0.007522
0.007522
0.007522
0.007522
0.007522
0.007522
0.007522
0.007522
0.007522
0.007522
0.007522
0.007522
0.007522
0.007522
0.007522
0.007522
0.007522
0.007522
0.007522
0.007522
0.007522
0.007522
0.007522
0.007522
0.007522
0.007522
0.007522
0.007522
0.007522
0.007522
0.007522
0.007522
0.007522
0.007522
0.007522
0.007522
0.007522
0.007522
0.007559
0.007559
0.007559
0.007559
0.007559
0.007559
0.007559
0.007559
0.007559
0.007559
0.007559
0.007559
0.007559
0.007559
0.007559
0.007559
0.007559
0.007539
0.007539
0.007539
0.007539
0.007539
0.007539
0.007539
0.007539
0.007539
0.007539
0.007539
0.007539
0.007539
0.007539
0.007539
0.007539
0.007539
0.007539
0.007539
