1.394574
1.292580
1.086241
0.887598
0.748586
0.677649
0.652711
0.647717
0.647427
0.648154
0.648258
0.648316
0.648177
0.648479
0.648653
0.649074
0.648898
0.648798
0.648734
0.648110
0.647774
0.647251
0.646375
0.645810
0.645229
0.644589
0.644027
0.643394
0.643028
0.642355
0.641841
0.641251
0.640874
0.640233
0.639737
0.639190
0.638724
0.638161
0.637914
0.637505
0.637186
0.636809
0.636494
0.636183
0.636010
0.635968
0.635713
0.635654
0.635840
0.635903
0.635918
0.636336
0.636432
0.636730
0.637268
0.637612
0.637953
0.638560
0.639070
0.639624
0.640397
0.640857
0.641640
0.642407
0.643225
0.644069
0.644994
0.646072
0.646978
0.648162
0.649144
0.650481
0.651490
0.652625
0.654039
0.655309
0.656549
0.657843
0.659465
0.660584
0.662180
0.663299
0.664858
0.666352
0.667732
0.669466
0.670951
0.672317
0.673784
0.675535
0.677078
0.678615
0.680240
0.681798
0.683342
0.684787
0.686472
0.687892
0.689666
0.691216
0.692714
0.694348
0.696027
0.697575
0.699154
0.700770
0.702382
0.704075
0.705666
0.707421
0.708990
0.710374
0.712055
0.713796
0.715495
0.717208
0.718693
0.720243
0.721997
0.723854
0.725400
0.727028
0.728747
0.730555
0.732376
0.733951
0.735703
0.737337
0.739296
0.741083
0.742666
0.744535
0.746350
0.747938
0.749824
0.751671
0.753342
0.755151
0.757033
0.758882
0.760578
0.762348
0.764176
0.765971
0.767851
0.769742
0.771496
0.773261
0.775122
0.776825
0.778767
0.780798
0.782507
0.784173
0.786034
0.787708
0.789424
0.791370
0.793149
0.794788
0.796728
0.798391
0.800213
0.802075
0.803665
0.805659
0.807384
0.809055
0.810708
0.812469
0.814487
0.816001
0.817947
0.819575
0.821265
0.822991
0.824738
0.826728
0.828109
0.829866
0.831706
0.833266
0.835135
0.836895
0.838507
0.840296
0.841982
0.843523
0.845319
0.846820
0.848294
0.850208
0.851745
0.853149
0.854833
0.856378
0.857615
0.859137
0.860636
0.862038
0.863577
0.864861
0.866122
0.867295
0.868681
0.870096
0.871195
0.872434
0.873800
0.874854
0.876175
0.877174
0.878306
0.879472
0.880659
0.881623
0.882699
0.883650
0.884820
0.885683
0.886830
0.887703
0.888617
0.889663
0.890513
0.891428
0.892233
0.893036
0.893912
0.894947
0.895719
0.896472
0.897358
0.897998
0.898934
0.899562
0.900380
0.901128
0.902011
0.902589
0.903465
0.903952
0.904847
0.905375
0.906124
0.906670
0.907419
0.907952
0.908585
0.909060
0.909753
0.910219
0.910832
0.911271
0.911928
0.912490
0.913034
0.913527
0.913936
0.914405
0.914970
0.915388
0.915857
0.916278
0.916772
0.917194
0.917522
0.917945
0.918311
0.918733
0.919120
0.919542
0.919881
0.920164
0.920577
0.921000
0.921340
0.921706
0.921883
0.922272
0.922611
0.922920
0.923189
0.923532
0.923722
0.924145
0.924485
0.924642
0.924910
0.925361
0.925608
0.925805
0.926035
0.926303
0.926613
0.926881
0.927001
0.927345
0.927556
0.927768
0.927923
0.928192
0.928424
0.928586
0.928812
0.929093
0.929235
0.929433
0.929659
0.929955
0.930166
0.930203
0.930555
0.930710
0.930895
0.930979
0.931289
0.931403
0.931558
0.931797
0.931947
0.932102
0.932257
0.932370
0.932610
0.932681
0.932878
0.933020
0.933188
0.933295
0.933494
0.933544
0.933544
0.933967
0.933967
0.934052
0.934194
0.934307
0.934391
0.934533
0.934617
0.934731
0.934815
0.935038
0.935038
0.935104
0.935155
0.935394
0.935394
0.935451
0.935663
0.935663
0.935743
0.935743
0.935743
0.935955
0.936083
0.936083
0.936083
0.936238
0.936295
0.936366
0.936507
0.936507
0.936544
0.936628
0.936685
0.936756
0.936813
0.936897
0.936968
0.936968
0.936968
0.937180
0.937180
0.937180
0.937308
0.937392
0.937392
0.937392
0.937392
0.937520
0.937604
0.937675
0.937675
0.937675
0.937675
0.937759
0.937759
0.937759
0.937759
0.937759
0.937759
0.937809
0.937809
0.937809
0.937900
0.937900
0.937900
0.937900
0.937900
0.937900
0.937900
0.937900
0.937900
0.937900
0.937900
0.937900
0.937900
0.937900
0.937900
0.937900
0.937900
0.937900
0.937900
0.937900
0.937900
0.937900
0.937900
0.937900
0.937900
0.937900
0.937900
0.937900
0.937900
0.937900
0.937900
0.937900
0.937900
0.937900
0.937934
0.937934
0.937900
0.937900
0.937900
0.937900
0.937900
0.937900
0.937900
0.937900
0.937899
0.937899
0.937899
0.937899
0.937899
0.937899
0.937899
0.937899
0.937899
0.937899
0.937899
0.937899
0.937899
0.937899
0.937899
0.938468
0.939188
0.939422
0.939380
0.938866
0.938626
0.938618
0.938412
0.938399
0.939077
0.939666
0.939771
0.940146
0.940294
0.940611
0.940498
0.940343
0.940848
0.940151
0.939897
0.939518
0.939316
0.939870
0.940910
0.941943
0.943194
0.942812
0.942631
0.941985
0.941554
0.941473
0.941250
0.941875
0.942187
0.942980
0.942964
0.943346
0.943273
0.943745
0.943780
0.943634
0.944157
0.944330
0.944563
0.945231
0.945349
0.945606
0.946275
0.946389
0.946298
0.945181
0.944680
0.945345
0.945845
0.947296
0.949079
0.949726
0.949554
0.948594
0.947737
0.947035
0.946680
0.947286
0.947482
0.948449
0.948685
0.949439
0.949169
0.949891
0.949549
0.950192
0.950097
0.949972
0.949877
0.950592
0.950660
0.951251
0.951297
0.951224
0.951838
0.950711
0.949992
0.949278
0.949239
0.949792
0.951239
0.953053
0.954412
0.954492
0.953425
0.952293
0.951549
0.951094
0.951063
0.951869
0.952069
0.952740
0.953461
0.953336
0.953147
0.953628
0.953352
0.952925
0.953505
0.953360
0.953177
0.953943
0.953823
0.954382
0.954091
0.953062
0.952144
0.951206
0.951536
0.951495
0.953612
0.954826
0.956139
0.956106
0.955233
0.954185
0.953177
0.952823
0.953512
0.953750
0.954563
0.954441
0.955391
0.955338
0.955850
0.955384
0.954978
0.955584
0.955497
0.955318
0.955837
0.955681
0.955641
0.956209
0.954953
0.954050
0.953269
0.952836
0.953330
0.954836
0.956621
0.957991
0.957948
0.956842
0.955799
0.954952
0.954491
0.954440
0.955407
0.955478
0.956352
0.956892
0.956803
0.957168
0.956930
0.956435
0.956254
0.956789
0.956648
0.957211
0.957193
0.956980
0.957588
0.957358
0.956691
0.955222
0.954248
0.954503
0.954989
0.956426
0.958319
0.958975
0.958941
0.957727
0.956661
0.955734
0.955320
0.956047
0.956072
0.956845
0.956986
0.957786
0.957674
0.957865
0.957472
0.957241
0.957761
0.957313
0.957189
0.957890
0.957698
0.958127
0.958002
0.957921
0.958362
0.957025
0.956114
0.955150
0.954873
0.955348
0.956790
0.958536
0.959908
0.959100
0.958767
0.957739
0.956715
0.956225
0.956127
0.956934
0.957023
0.957838
0.957738
0.958291
0.957892
0.958411
0.958035
0.957609
0.958194
0.957984
0.957812
0.958345
0.958305
0.958798
0.958480
0.958223
0.957833
0.956119
0.955265
0.955505
0.955989
0.957456
0.959186
0.959852
0.959899
0.958794
0.957524
0.956681
0.957044
0.956842
0.956749
0.957738
0.957971
0.958562
0.958857
0.958609
0.958289
0.958630
0.958255
0.958089
0.958733
0.958403
0.958297
0.958897
0.958666
0.959164
0.959043
0.957712
0.956648
0.955858
0.955219
0.955902
0.957330
0.959123
0.960498
0.960454
0.959414
0.958016
0.957223
0.956794
0.956567
0.957465
0.957573
0.958513
0.958967
0.958821
0.959189
0.958920
0.958418
0.958215
0.958747
0.958477
0.959034
0.958899
0.958742
0.959206
0.959090
0.958562
0.956857
0.956036
0.956152
0.956672
0.958187
0.959771
0.960484
0.960449
0.959320
0.958209
0.957350
0.956877
0.957426
0.957488
0.958412
0.958502
0.959125
0.958809
0.959370
0.958990
0.958576
0.959004
0.958758
0.958647
0.959133
0.958998
0.959519
0.959248
0.959021
0.959576
0.959410
0.958022
0.957143
0.956221
0.956457
0.956321
0.958464
0.960161
0.960946
0.960805
0.959706
0.958559
0.957640
0.957130
0.957753
0.957722
0.958625
0.958785
0.959417
0.959160
0.959584
0.959259
0.958810
0.959260
0.958969
0.958788
0.959361
0.959292
0.959777
0.959588
0.959280
0.959777
0.958533
0.957504
0.956644
0.956183
0.956767
0.958073
0.959997
0.961284
0.960494
0.960064
0.958969
0.958082
0.957557
0.957411
0.958254
0.958186
0.959093
0.959156
0.959694
0.959063
0.959582
0.959313
0.958830
0.959327
0.959203
0.958885
0.959570
0.959404
0.959964
0.959730
0.959358
0.958902
0.957171
0.956311
0.956552
0.957045
0.958442
0.960275
0.960818
0.960774
0.959644
0.958540
0.957642
0.957737
0.957629
0.957745
0.958436
0.958672
0.959238
0.959810
0.959394
0.958898
0.959395
0.958934
0.958780
0.959342
0.959252
0.958851
0.959508
0.959454
0.959788
0.958502
0.957553
0.956693
0.956300
0.956629
0.958095
0.960090
0.960396
0.960432
0.960100
0.958974
0.957851
0.957487
0.957515
0.957214
0.958254
0.959115
0.958889
0.959358
0.959131
0.958898
0.959037
0.958766
0.958608
0.959017
0.958865
0.959466
0.959420
0.958922
0.958439
0.956707
0.955565
0.955859
0.956049
0.957708
0.959376
0.960102
0.959964
0.958847
0.958183
0.957193
0.956589
0.956190
0.956101
0.956823
0.957410
0.957140
0.957437
0.957154
0.956468
0.956752
0.956383
0.956079
0.956362
0.956154
0.955868
0.956220
0.955839
0.956181
0.954884
0.953477
0.952526
0.952014
0.952544
0.954068
0.955771
0.956588
0.956624
0.955895
0.954711
0.953734
0.953041
0.952620
0.953200
0.953265
0.953820
0.953591
0.954003
0.953594
0.953762
0.953201
0.952865
0.952348
0.952685
0.952510
0.952838
0.952494
0.952170
0.952580
0.951066
0.949807
0.948798
0.948377
0.948816
0.950379
0.952341
0.953697
0.953616
0.952268
0.950960
0.949778
0.949145
0.948868
0.949712
0.949637
0.950310
0.950729
0.950437
0.949879
0.950166
0.949627
0.949121
0.949423
0.949153
0.948856
0.949245
0.948900
0.949338
0.948985
0.948579
0.947913
0.946267
0.945443
0.945742
0.946187
0.947720
0.949201
0.949863
0.949696
0.949184
0.947955
0.946874
0.946194
0.945875
0.945785
0.946558
0.947203
0.946941
0.947298
0.946805
0.946266
0.946554
0.946065
0.945622
0.946086
0.945885
0.945576
0.945991
0.945584
0.945972
0.945508
0.944097
0.943152
0.942179
0.942393
0.942312
0.943765
0.945497
0.946648
0.946252
0.945010
0.943788
0.942661
0.942193
0.941918
0.942277
0.942618
0.942809
0.943602
0.943435
0.943736
0.943185
0.942625
0.942804
0.942455
0.941984
0.942576
0.942156
0.941628
0.942172
0.941822
0.942191
0.940477
0.939339
0.938322
0.937838
0.938356
0.939910
0.941899
0.942489
0.942536
0.941897
0.940711
0.939737
0.939126
0.938601
0.939018
0.939154
0.939809
0.939772
0.940122
0.939671
0.939816
0.939419
0.939110
0.938655
0.939186
0.939002
0.939517
0.939173
0.938899
0.939384
0.938175
0.937169
0.936472
0.936059
0.936623
0.938139
0.939620
0.940743
0.940494
0.939170
0.937794
0.936721
0.936139
0.935686
0.936446
0.936359
0.936890
0.937439
0.937120
0.936717
0.936970
0.936669
0.936234
0.936587
0.936428
0.936241
0.936812
0.936699
0.937185
0.937100
0.936892
0.937575
0.936464
0.935607
0.935005
0.934657
0.935259
0.936845
0.938634
0.940070
0.940265
0.939504
0.938321
0.937679
0.937563
0.937501
0.938534
0.938903
0.939926
0.940587
0.940600
0.940531
0.940934
0.940887
0.940750
0.941507
0.941400
0.941418
0.942376
0.942250
0.942974
0.943043
0.943002
0.942803
0.941381
0.940767
0.941272
0.941821
0.943497
0.945487
0.946158
0.946132
0.945981
0.945232
0.944434
0.944129
0.944225
0.944475
0.945433
0.946367
0.946760
0.947303
0.947138
0.947075
0.947620
0.947513
0.947527
0.948443
0.948356
0.948382
0.949216
0.949069
0.949816
0.949720
0.948695
0.947893
0.947278
0.946965
0.947687
0.949423
0.951185
0.952646
0.952813
0.951729
0.950742
0.950113
0.949693
0.949718
0.950597
0.951537
0.951798
0.952526
0.952458
0.952892
0.952613
0.952397
0.952894
0.952753
0.952593
0.953234
0.953097
0.952931
0.953768
0.953569
0.953130
0.951450
0.950708
0.951149
0.951722
0.953338
0.955135
0.955782
0.955717
0.954596
0.953561
0.952670
0.952238
0.952823
0.952806
0.953698
0.953789
0.954643
0.954308
0.954825
0.954432
0.954093
0.954591
0.954394
0.954273
0.954804
0.954751
0.955403
0.955212
0.953985
0.953174
0.952264
0.952698
0.952434
0.954797
0.955874
0.957332
0.957236
0.956025
0.954901
0.954085
0.953527
0.954106
0.954373
0.955243
0.955149
0.955945
0.955794
0.956174
0.955693
0.955542
0.956028
0.955719
0.955507
0.956146
0.956217
0.956641
0.956452
0.956283
0.955867
0.954056
0.953320
0.953612
0.954218
0.955737
0.957535
0.958292
0.958298
0.956951
0.955954
0.955159
0.955264
0.955230
0.955310
0.956125
0.956209
0.957012
0.957461
0.957165
0.956702
0.957255
0.956772
0.956730
0.957233
0.957076
0.956889
0.957546
0.957257
0.957755
0.956811
0.955684
0.954905
0.954519
0.954933
0.956494
0.958071
0.958889
0.959017
0.958595
0.957226
0.956488
0.956158
0.955769
0.955975
0.957017
0.957733
0.957560
0.958214
0.957898
0.957516
0.957889
0.957676
0.957376
0.957929
0.957846
0.958417
0.958221
0.957960
0.958575
0.958229
0.956991
0.956186
0.955249
0.955575
0.955312
0.957640
0.959215
0.959965
0.959805
0.958845
0.957570
0.956775
0.956312
0.956731
0.956880
0.957717
0.957954
0.958465
0.958341
0.958770
0.958357
0.958009
0.958446
0.958156
0.957956
0.958625
0.958489
0.958920
0.958854
0.958657
0.959011
0.957803
0.956949
0.955880
0.955626
0.956001
0.957607
0.959226
0.960573
0.959852
0.959565
0.958378
0.957383
0.956973
0.956749
0.957567
0.957764
0.958649
0.958621
0.958972
0.958641
0.959138
0.958690
0.958375
0.958939
0.958668
0.958430
0.959149
0.958960
0.959455
0.959366
0.957964
0.957051
0.956140
0.955760
0.956239
0.957717
0.959465
0.960730
0.960776
0.959608
0.958446
0.957540
0.957029
0.956986
0.957746
0.957978
0.958669
0.959305
0.959105
0.959563
0.959287
0.958839
0.958539
0.959113
0.958989
0.959436
0.959275
0.959109
0.959663
0.959493
0.959852
0.958778
0.957578
0.956888
0.956423
0.956839
0.958324
0.960070
0.960707
0.960737
0.960315
0.959038
0.958209
0.957773
0.957638
0.957570
0.958590
0.959329
0.959339
0.959719
0.959433
0.959023
0.959520
0.959202
0.958821
0.959467
0.959258
0.959895
0.959552
0.959499
0.960022
0.959732
0.959143
0.957480
0.956547
0.956871
0.956629
0.959030
0.960512
0.961321
0.961196
0.960200
0.958866
0.958037
0.957607
0.958082
0.958105
0.959102
0.959126
0.959726
0.959546
0.960062
0.959616
0.959085
0.959647
0.959361
0.959123
0.959737
0.959601
0.960145
0.959795
0.959678
0.960181
0.958881
0.957877
0.957047
0.956553
0.957077
0.958537
0.960306
0.961683
0.960872
0.960439
0.959217
0.958345
0.957808
0.957681
0.958581
0.958658
0.959364
0.959370
0.960024
0.959536
0.959854
0.959527
0.959110
0.959518
0.959337
0.959205
0.959768
0.959433
0.960089
0.959881
0.958340
0.957546
0.956713
0.956124
0.956908
0.958098
0.960070
0.961453
0.961079
0.960032
0.958951
0.958004
0.957403
0.957395
0.958210
0.958233
0.959086
0.959723
0.959521
0.959823
0.959495
0.959079
0.958746
0.959284
0.959140
0.959675
0.959449
0.959317
0.959872
0.959552
0.960081
0.958800
0.957623
0.957043
0.956522
0.956998
0.958440
0.960161
0.960834
0.960869
0.960293
0.959124
0.958198
0.957558
0.957476
0.957503
0.958221
0.958902
0.958825
0.959299
0.958775
0.958946
0.958702
0.958241
0.957855
0.958415
0.958119
0.958577
0.958412
0.958091
0.958624
0.958238
0.958044
0.957446
0.955747
0.954836
0.955287
0.955778
0.957211
0.959046
0.959553
0.959314
0.958703
0.957417
0.956255
0.955740
0.955499
0.955349
0.956156
0.956761
0.956657
0.956769
0.956387
0.955870
0.956065
0.955411
0.955078
0.955658
0.955082
0.955591
0.955358
0.954762
0.955291
0.955050
0.953565
0.952284
0.951306
0.951225
0.951070
0.953206
0.954411
0.955872
0.955835
0.954779
0.953646
0.952752
0.952228
0.952888
0.953123
0.953919
0.954074
0.954891
0.954807
0.955192
0.954966
0.954625
0.955081
0.954901
0.954769
0.955324
0.955177
0.955766
0.955579
0.955245
0.954764
0.953197
0.952270
0.952652
0.953086
0.954636
0.956424
0.957041
0.957085
0.955913
0.954769
0.953916
0.954189
0.954112
0.954198
0.955129
0.955172
0.955945
0.956420
0.956241
0.955732
0.956243
0.955976
0.955777
0.956329
0.956262
0.956103
0.956661
0.956483
0.957014
0.956920
0.955535
0.954625
0.953680
0.953305
0.953881
0.955377
0.957275
0.958600
0.958422
0.957375
0.956144
0.955101
0.954715
0.954663
0.955421
0.955582
0.956525
0.957159
0.956866
0.957342
0.957186
0.956634
0.956336
0.956981
0.956747
0.957337
0.957255
0.957010
0.957688
0.957514
0.957987
0.956710
0.955024
0.954949
0.954611
0.954997
0.956530
0.958339
0.958922
0.959047
0.958585
0.957391
0.956501
0.956067
0.955925
0.955951
0.957032
0.957683
0.957667
0.958198
0.957914
0.957555
0.957906
0.957679
0.957480
0.957888
0.957862
0.958433
0.958292
0.958011
0.958593
0.958484
0.957000
0.956163
0.955330
0.955550
0.955367
0.957542
0.959330
0.960120
0.959810
0.958809
0.957673
0.956730
0.956203
0.956825
0.956888
0.957765
0.957819
0.958628
0.958339
0.958695
0.958312
0.957931
0.958439
0.958168
0.957877
0.958584
0.958324
0.958935
0.958816
0.958438
0.959084
0.957724
0.956769
0.955843
0.955568
0.955878
0.957476
0.959255
0.960548
0.959698
0.959442
0.958182
0.957385
0.956798
0.956579
0.957453
0.957595
0.958541
0.958281
0.958901
0.958477
0.958852
0.958529
0.957970
0.958562
0.958151
0.957855
0.958363
0.957878
0.958138
0.957993
0.957451
0.956601
0.954976
0.953909
0.954190
0.954471
0.955890
0.957641
0.958268
0.958214
0.957058
0.955821
0.954815
0.954857
0.954645
0.954462
0.955214
0.955317
0.955940
0.956211
0.956044
0.955989
0.956490
0.956286
0.956331
0.956870
0.956794
0.956714
0.957369
0.957199
0.957814
0.957873
0.957217
0.956832
0.956342
0.955954
0.956370
0.957331
0.958389
0.959223
0.959033
0.958376
0.957818
0.957613
0.957289
0.957387
0.958142
0.958279
0.958934
0.959510
0.959591
0.960107
0.959945
0.959959
0.959882
0.960391
0.960177
0.960924
0.960943
0.960875
0.961513
0.961466
0.961331
0.960538
0.960117
0.960385
0.960344
0.961751
0.962668
0.963116
0.962937
0.962273
0.961601
0.961090
0.960905
0.961539
0.961767
0.962530
0.962612
0.963052
0.963086
0.963489
0.963254
0.963028
0.963620
0.963510
0.963551
0.964120
0.963861
0.964430
0.964426
0.964485
0.964312
0.963320
0.962941
0.963337
0.963615
0.964476
0.965371
0.965796
0.965868
0.965227
0.965174
0.964508
0.964757
0.964922
0.965130
0.965819
0.965966
0.966755
0.967322
0.967230
0.967048
0.967565
0.967600
0.967515
0.968044
0.968147
0.968309
0.969015
0.968848
0.969559
0.968836
0.968277
0.968012
0.967774
0.968466
0.969312
0.970463
0.970808
0.970804
0.970597
0.969564
0.969120
0.968828
0.969120
0.969690
0.970458
0.971085
0.970944
0.971423
0.971408
0.971725
0.971664
0.971437
0.971466
0.972256
0.972106
0.972895
0.972899
0.973029
0.973696
0.973080
0.972491
0.972000
0.971860
0.972391
0.973510
0.974836
0.975801
0.975794
0.975124
0.974087
0.973568
0.973341
0.973229
0.973960
0.973888
0.974511
0.974852
0.974852
0.974571
0.974919
0.974490
0.974386
0.974520
0.974179
0.974156
0.974417
0.974105
0.974319
0.974230
0.973847
0.974136
0.973045
0.972411
0.971649
0.971361
0.971703
0.972561
0.973661
0.974602
0.974130
0.973844
0.972934
0.972180
0.971905
0.971652
0.972146
0.972244
0.972803
0.972655
0.973044
0.973022
0.973317
0.973141
0.972961
0.973498
0.973410
0.973407
0.973901
0.973758
0.974266
0.974122
0.973388
0.972884
0.972128
0.971824
0.971983
0.972834
0.973862
0.974840
0.974599
0.973558
0.972874
0.972255
0.971613
0.971509
0.972163
0.971911
0.972214
0.972773
0.972358
0.972321
0.971803
0.971560
0.971845
0.971248
0.971100
0.971402
0.970968
0.970591
0.971003
0.970718
0.970726
0.969592
0.969044
0.967855
0.967587
0.967773
0.968626
0.969637
0.969710
0.969578
0.969076
0.968027
0.966880
0.966496
0.966259
0.966130
0.966623
0.966902
0.966596
0.966897
0.966284
0.966418
0.965946
0.965369
0.965025
0.965401
0.964876
0.965267
0.964941
0.964509
0.964867
0.964341
0.963937
0.962646
0.961969
0.962105
0.962131
0.963198
0.963952
0.964068
0.963902
0.962776
0.961703
0.960980
0.960454
0.960758
0.960737
0.961207
0.961090
0.961439
0.961088
0.961209
0.960876
0.960406
0.960681
0.960146
0.959965
0.960409
0.960127
0.960343
0.960010
0.959822
0.959312
0.957813
0.957373
0.957426
0.957605
0.958695
0.959742
0.960055
0.959870
0.958779
0.958320
0.957527
0.957286
0.956953
0.956858
0.957719
0.958247
0.957943
0.958347
0.957929
0.957741
0.957971
0.957735
0.957463
0.957841
0.957559
0.957614
0.958113
0.957625
0.958139
0.957912
0.956781
0.956216
0.955410
0.955115
0.955380
0.956422
0.957868
0.958716
0.958430
0.957343
0.956521
0.955467
0.955116
0.955014
0.955500
0.955589
0.956397
0.956915
0.956674
0.957020
0.956767
0.956482
0.956762
0.956600
0.956487
0.957045
0.956860
0.956757
0.957279
0.957051
0.957635
0.956605
0.955609
0.954943
0.954573
0.955106
0.956386
0.958036
0.958775
0.958823
0.958270
0.957085
0.956302
0.955802
0.955783
0.956553
0.956771
0.957538
0.957455
0.958002
0.957634
0.958043
0.957712
0.957316
0.957198
0.957597
0.957479
0.958151
0.957787
0.957814
0.958213
0.958014
0.957625
0.955903
0.954991
0.955317
0.955662
0.957203
0.959027
0.959481
0.959608
0.958372
0.957388
0.956464
0.955985
0.956686
0.956703
0.957557
0.957592
0.958350
0.958056
0.958383
0.958152
0.957819
0.958091
0.957925
0.957881
0.958313
0.958038
0.958743
0.958633
0.958397
0.958837
0.957704
0.956718
0.955885
0.955345
0.955773
0.957279
0.958978
0.960329
0.960363
0.959228
0.958018
0.957374
0.956797
0.956636
0.957441
0.957635
0.958330
0.958356
0.958864
0.958525
0.958779
0.958512
0.958254
0.958698
0.958403
0.958309
0.958940
0.958649
0.959288
0.959010
0.958731
0.958327
0.956585
0.955727
0.956037
0.956453
0.957987
0.959739
0.960404
0.960301
0.959197
0.958831
0.957136
0.957348
0.957272
0.957239
0.958042
0.958240
0.959040
0.959395
0.958912
0.958726
0.959049
0.958583
0.958473
0.959028
0.958764
0.958707
0.959335
0.958993
0.959479
0.959254
0.958110
0.956973
0.956268
0.955668
0.956301
0.957800
0.959411
0.960781
0.960826
0.959729
0.958412
0.957595
0.957255
0.956910
0.957700
0.957907
0.958757
0.959264
0.959058
0.959568
0.959014
0.958678
0.959155
0.958985
0.958693
0.959292
0.959199
0.958859
0.959349
0.959268
0.958820
0.956782
0.956210
0.956237
0.956854
0.958384
0.959997
0.960700
0.960766
0.959631
0.958339
0.957493
0.957073
0.957621
0.957561
0.958636
0.958701
0.959323
0.959121
0.959513
0.959189
0.958705
0.959196
0.958897
0.958778
0.959237
0.959141
0.959739
0.959421
0.959295
0.958718
0.957060
0.956222
0.956433
0.956948
0.958409
0.960095
0.960857
0.960841
0.960350
0.959092
0.958305
0.957929
0.957461
0.957750
0.958710
0.959355
0.959244
0.959897
0.959623
0.959137
0.959399
0.959220
0.958846
0.959408
0.959262
0.959147
0.959575
0.959401
0.959967
0.958574
0.957602
0.956727
0.956227
0.956835
0.958288
0.960073
0.960708
0.960686
0.960291
0.959121
0.958151
0.957762
0.957571
0.958384
0.958452
0.959440
0.959183
0.959746
0.959411
0.959698
0.959248
0.959093
0.959488
0.959343
0.959193
0.959650
0.959519
0.959331
0.959805
0.959519
0.959900
0.958686
0.957694
0.956791
0.956310
0.956868
0.958379
0.960166
0.960744
0.960715
0.960272
0.959065
0.958220
0.957647
0.957598
0.958382
0.958432
0.959390
0.959178
0.959831
0.959311
0.959782
0.959332
0.958952
0.958841
0.959277
0.959161
0.959618
0.959457
0.959305
0.959602
0.958276
0.957146
0.956320
0.955810
0.956298
0.957773
0.959340
0.960654
0.960612
0.959248
0.958051
0.957216
0.956556
0.956399
0.957051
0.957169
0.957801
0.958587
0.958399
0.957961
0.958009
0.957415
0.957030
0.957167
0.956918
0.956775
0.957210
0.956825
0.957294
0.957036
0.956552
0.956042
0.954466
0.953673
0.953957
0.954202
0.955971
0.957829
0.958462
0.958764
0.958532
0.957323
0.956258
0.955995
0.955582
0.955418
0.956062
0.956595
0.956011
0.956434
0.955937
0.955558
0.955513
0.955021
0.954739
0.954986
0.954520
0.954400
0.954685
0.953985
0.954283
0.953988
0.952588
0.951722
0.951081
0.950637
0.951230
0.952433
0.953880
0.955031
0.954768
0.953567
0.952503
0.951634
0.950988
0.950777
0.951337
0.951810
0.951586
0.952084
0.951739
0.951708
0.951241
0.950906
0.951242
0.950651
0.950126
0.950595
0.950080
0.949815
0.950097
0.949764
0.949911
0.948701
0.947836
0.946893
0.946457
0.946784
0.948255
0.949816
0.950096
0.950037
0.949441
0.948271
0.947122
0.946456
0.946191
0.946651
0.946667
0.947244
0.947166
0.947522
0.947007
0.947436
0.946920
0.946544
0.946233
0.946700
0.946277
0.946589
0.946388
0.946020
0.946297
0.945885
0.945255
0.943290
0.942412
0.942478
0.942988
0.944531
0.946146
0.946922
0.947087
0.945977
0.944609
0.943503
0.942911
0.943141
0.942848
0.943497
0.943428
0.944098
0.943666
0.943910
0.943284
0.942715
0.942824
0.942396
0.942102
0.942554
0.942020
0.941502
0.939600
0.937465
0.935823
0.932581
0.929472
0.926558
0.924057
0.922444
0.921764
0.921377
0.920769
0.918524
0.915175
0.911775
0.908651
0.905980
0.903294
0.901571
0.899188
0.897235
0.895338
0.892383
0.889172
0.886635
0.883367
0.880077
0.877326
0.874110
0.870931
0.868285
0.864714
0.862072
0.858630
0.855054
0.851419
0.846402
0.842600
0.839955
0.837496
0.835783
0.834404
0.831700
0.828072
0.823770
0.819790
0.815634
0.811728
0.808220
0.805074
0.802743
0.800124
0.796856
0.793972
0.790351
0.786799
0.783867
0.780409
0.776998
0.774385
0.770940
0.767451
0.764873
0.761519
0.758690
0.755372
0.752948
0.752069
0.751236
0.748359
0.744677
0.738886
0.733079
0.728980
0.725511
0.723488
0.721643
0.719640
0.717199
0.714465
0.711101
0.708015
0.703957
0.700833
0.697257
0.694659
0.692157
0.689492
0.686381
0.683649
0.680832
0.678244
0.674886
0.672099
0.669505
0.666136
0.663373
0.660980
0.658173
0.654850
0.652364
0.649716
0.647108
0.643634
0.641134
0.638539
0.635809
0.632612
0.629926
0.627448
0.624900
0.621528
0.618674
0.616245
0.613577
0.610310
0.607623
0.604957
0.602290
0.599122
0.596530
0.594031
0.590554
0.588033
0.585368
0.582877
0.579584
0.576839
0.574341
0.571670
0.568305
0.565787
0.563299
0.560459
0.557266
0.554598
0.552007
0.549483
0.546109
0.543544
0.540878
0.537752
0.535015
0.532565
0.530120
0.526670
0.524098
0.521601
0.519032
0.515712
0.512959
0.510309
0.507741
0.504616
0.502041
0.499384
0.496991
0.493590
0.491026
0.488526
0.485874
0.482636
0.480079
0.477306
0.474110
0.471623
0.469001
0.466350
0.463110
0.460472
0.458037
0.455584
0.452187
0.449713
0.447068
0.444562
0.441246
0.438694
0.435993
0.433563
0.430412
0.427797
0.425206
0.421883
0.419397
0.416832
0.414235
0.411000
0.408564
0.405942
0.403338
0.400140
0.397523
0.394999
0.392686
0.389275
0.386696
0.384274
0.381674
0.378436
0.375891
0.373326
0.370147
0.367792
0.365439
0.363063
0.360135
0.357728
0.355299
0.353032
0.349906
0.347516
0.345096
0.342663
0.339376
0.336638
0.334258
0.331631
0.328055
0.325476
0.322674
0.319921
0.316687
0.314002
0.311336
0.308851
0.305600
0.303187
0.300560
0.297944
0.294562
0.292071
0.289396
0.286108
0.283161
0.280847
0.278211
0.274893
0.272402
0.269883
0.267629
0.264325
0.261816
0.259293
0.256942
0.253890
0.251486
0.249125
0.246718
0.243858
0.241351
0.239292
0.236852
0.233951
0.231896
0.229573
0.227347
0.224447
0.222470
0.220290
0.217254
0.215352
0.213164
0.210933
0.208108
0.206153
0.204043
0.202043
0.199345
0.197257
0.195231
0.193138
0.190441
0.188463
0.186610
0.184571
0.181686
0.179831
0.178185
0.176237
0.173523
0.171578
0.169858
0.167355
0.165418
0.163698
0.161889
0.159382
0.157594
0.156020
0.154249
0.151656
0.150040
0.148474
0.146916
0.144329
0.142948
0.141319
0.139887
0.137434
0.135997
0.134647
0.132229
0.130828
0.129383
0.128056
0.125770
0.124342
0.123393
0.121960
0.119865
0.118650
0.117470
0.116110
0.114306
0.113137
0.111854
0.110676
0.108929
0.107881
0.106798
0.105716
0.103974
0.102924
0.101968
0.100124
0.099285
0.098186
0.097385
0.095783
0.094819
0.094016
0.093221
0.091722
0.091006
0.090130
0.089468
0.088237
0.087609
0.086967
0.086467
0.085172
0.084514
0.084087
0.083851
0.082472
0.082040
0.081667
0.080497
0.080041
0.079594
0.079299
0.078209
0.077853
0.077590
0.077276
0.076359
0.075890
0.075679
0.075659
0.074546
0.074159
0.074190
0.073969
0.073028
0.072716
0.072779
0.072560
0.071578
0.071376
0.071237
0.071405
0.070273
0.070094
0.070110
0.069280
0.069111
0.069063
0.068954
0.068303
0.068226
0.068094
0.067945
0.067164
0.067185
0.067217
0.067170
0.066372
0.066237
0.066276
0.066316
0.065638
0.065592
0.065552
0.064858
0.064723
0.064810
0.064954
0.064196
0.064153
0.064153
0.064211
0.063684
0.063567
0.063551
0.063743
0.062950
0.063090
0.063078
0.063284
0.062399
0.062383
0.062435
0.062736
0.061995
0.061995
0.062074
0.061225
0.061395
0.061475
0.061730
0.061113
0.061054
0.060940
0.061211
0.060574
0.060513
0.060435
0.060706
0.060178
0.060256
0.060188
0.060459
0.059660
0.059917
0.059996
0.059241
0.059413
0.059413
0.059675
0.059046
0.059090
0.059177
0.059352
0.058800
0.058979
0.058970
0.059013
0.058406
0.058495
0.058571
0.058752
0.058225
0.058267
0.058350
0.058441
0.057822
0.058074
0.058264
0.057644
0.057773
0.057863
0.058135
0.057418
0.057508
0.057684
0.057865
0.057201
0.057291
0.057472
0.057651
0.057123
0.057119
0.057391
0.057476
0.056903
0.056903
0.057067
0.056538
0.056810
0.056886
0.057067
0.056449
0.056584
0.056675
0.056856
0.056326
0.056503
0.056503
0.056772
0.056153
0.056425
0.056500
0.056909
0.056106
0.056287
0.056285
0.056828
0.056028
0.056209
0.056252
0.055815
0.055980
0.056158
0.056385
0.055763
0.055763
0.055945
0.056284
0.055664
0.055740
0.055919
0.056373
0.055662
0.055662
0.055934
0.056250
0.055525
0.055616
0.055888
0.055360
0.055448
0.055539
0.055886
0.055446
0.055445
0.055626
0.055793
0.055354
0.055445
0.055627
0.055885
0.055355
0.055537
0.055627
0.054119
0.053988
0.052945
0.051490
0.050940
0.050910
0.050927
0.051797
0.051337
0.051661
0.050717
0.049879
0.048865
0.048986
0.048405
0.047758
0.048008
0.047556
0.047037
0.047322
0.046600
0.045859
0.046162
0.045513
0.044951
0.045109
0.044589
0.044945
0.044328
0.043554
0.044165
0.043533
0.042739
0.043150
0.042539
0.042879
0.042335
0.041724
0.042154
0.041523
0.040910
0.041430
0.040819
0.040276
0.040616
0.040094
0.040524
0.039981
0.039370
0.039891
0.039350
0.038827
0.039256
0.038555
0.039076
0.038714
0.038103
0.038624
0.037993
0.037654
0.038083
0.037474
0.037113
0.037541
0.036933
0.037451
0.037000
0.036482
0.037000
0.036482
0.036121
0.036549
0.035941
0.036369
0.036098
0.035490
0.036008
0.035557
0.035129
0.035647
0.035129
0.034769
0.035287
0.034769
0.035287
0.034836
0.034318
0.034926
0.034318
0.034048
0.034476
0.034048
0.034566
0.034205
0.033687
0.034180
0.033730
0.033299
0.033910
0.033480
0.033119
0.033639
0.033209
0.033639
0.033369
0.032849
0.033459
0.032849
0.032579
0.033009
0.032669
0.033369
0.032919
0.032489
0.033009
0.032559
0.032144
0.032662
0.032324
0.032842
0.032572
0.032144
0.032662
0.032214
0.031784
0.032482
0.031874
0.031694
0.032302
0.031784
0.032302
0.031943
0.031694
0.032122
0.031764
0.031424
0.031943
0.031514
0.032122
0.031853
0.031245
0.031853
0.029869
0.028249
0.026998
0.026207
0.026639
0.028886
0.031252
0.033215
0.032237
0.031469
0.029894
0.028813
0.027978
0.027760
0.028522
0.028827
0.029660
0.029550
0.030286
0.029713
0.030038
0.029415
0.029097
0.029670
0.029276
0.028987
0.028171
0.025684
0.024633
0.024679
0.024992
0.027168
0.029653
0.030628
0.030645
0.029039
0.028529
0.027433
0.026588
0.026459
0.026537
0.027418
0.028443
0.028405
0.028850
0.028569
0.028091
0.028434
0.028067
0.027747
0.028207
0.028119
0.027846
0.028503
0.026620
0.025189
0.023942
0.023089
0.023629
0.025711
0.028286
0.029969
0.030136
0.028706
0.027046
0.026003
0.025519
0.025032
0.026140
0.026349
0.027260
0.028025
0.027705
0.028189
0.027660
0.027381
0.026903
0.027635
0.027244
0.027792
0.027631
0.027327
0.028061
0.027721
0.026572
0.024141
0.023034
0.022999
0.022738
0.025712
0.028463
0.029470
0.029402
0.028113
0.026568
0.025399
0.024631
0.025359
0.025382
0.026462
0.026535
0.027468
0.027077
0.027719
0.027090
0.026626
0.027199
0.026806
0.026573
0.027342
0.027183
0.026035
0.023846
0.022403
0.022706
0.023037
0.025352
0.027972
0.029068
0.028923
0.027541
0.025941
0.024772
0.024273
0.024928
0.024951
0.025942
0.026265
0.026841
0.026698
0.027198
0.026823
0.026266
0.026769
0.026448
0.026214
0.026912
0.026733
0.027485
0.027093
0.025196
0.023725
0.022531
0.022568
0.022201
0.025244
0.027120
0.028998
0.029124
0.027398
0.026049
0.024951
0.024093
0.024928
0.025024
0.025924
0.025995
0.027021
0.026897
0.027089
0.026643
0.026446
0.026659
0.026358
0.026304
0.027072
0.026553
0.027395
0.025643
0.023909
0.022742
0.021983
0.022557
0.024812
0.027265
0.028363
0.028491
0.027804
0.026298
0.025130
0.024581
0.024273
0.025303
0.025345
0.026358
0.026432
0.026969
0.026594
0.027094
0.026652
0.026171
0.025849
0.026670
0.026314
0.027097
0.025203
0.023867
0.022450
0.021972
0.022268
0.024554
0.027078
0.029040
0.028122
0.027523
0.026052
0.025075
0.024223
0.024094
0.025141
0.025273
0.026178
0.026252
0.026969
0.026414
0.026824
0.026474
0.025991
0.026634
0.026333
0.026314
0.026917
0.026544
0.027455
0.025416
0.023848
0.022776
0.021935
0.022573
0.024683
0.027138
0.028316
0.028349
0.027710
0.026132
0.025021
0.024425
0.024027
0.024284
0.025303
0.026241
0.026139
0.026970
0.026570
0.026978
0.026438
0.026043
0.025989
0.026275
0.026277
0.027067
0.026693
0.026459
0.025507
0.023233
0.021762
0.022161
0.022411
0.024793
0.027220
0.028326
0.028519
0.028020
0.026313
0.025111
0.024605
0.024297
0.024374
0.025463
0.026509
0.026410
0.027146
0.026570
0.026279
0.026688
0.026223
0.025899
0.026815
0.026368
0.026097
0.026944
0.026729
0.025687
0.023143
0.022119
0.022071
0.022770
0.024883
0.027567
0.028669
0.028609
0.027141
0.025684
0.024662
0.023835
0.024425
0.024679
0.025734
0.025810
0.026661
0.026537
0.026841
0.026369
0.026869
0.026673
0.026079
0.026815
0.026639
0.026458
0.027032
0.025260
0.023865
0.022417
0.021751
0.022249
0.024460
0.027200
0.028996
0.028176
0.027748
0.026114
0.025021
0.024335
0.024027
0.024982
0.025213
0.026332
0.026139
0.026790
0.026480
0.026978
0.026350
0.026043
0.026688
0.026205
0.026187
0.026979
0.026693
0.027339
0.025350
0.024011
0.022564
0.022002
0.022321
0.024703
0.027311
0.028326
0.028267
0.027929
0.026223
0.025021
0.024514
0.024206
0.025162
0.025303
0.026332
0.026319
0.026879
0.026570
0.027069
0.026530
0.026133
0.025809
0.026386
0.026277
0.026977
0.026693
0.026549
0.025506
0.023052
0.021877
0.021912
0.022501
0.024793
0.027402
0.028326
0.028429
0.027930
0.026313
0.025111
0.024604
0.024245
0.024319
0.025490
0.026445
0.026342
0.027076
0.026684
0.026214
0.026624
0.026253
0.025929
0.026571
0.026306
0.026396
0.026811
0.026576
0.025634
0.023101
0.021986
0.022110
0.022535
0.024896
0.027306
0.028476
0.028513
0.027240
0.025347
0.024366
0.024734
0.024245
0.024409
0.025580
0.025835
0.026251
0.027166
0.026774
0.026304
0.026624
0.026343
0.026109
0.026571
0.026397
0.026396
0.026969
0.026576
0.027454
0.025358
0.023756
0.022670
0.021763
0.022445
0.024733
0.027235
0.028334
0.028351
0.027846
0.026229
0.025056
0.024554
0.024228
0.024319
0.025333
0.026445
0.026341
0.026899
0.026594
0.027182
0.026556
0.026163
0.026019
0.026573
0.026306
0.027183
0.026901
0.026576
0.025544
0.023282
0.021989
0.022291
0.022536
0.024896
0.027576
0.028476
0.028513
0.028028
0.026518
0.025236
0.024734
0.024515
0.024499
0.025580
0.026803
0.026703
0.027166
0.026774
0.026485
0.026894
0.026343
0.026200
0.026932
0.026577
0.026396
0.027149
0.026847
0.027454
0.025447
0.024115
0.022760
0.022121
0.022536
0.024914
0.027596
0.028514
0.028461
0.028004
0.026494
0.025116
0.024511
0.024366
0.025077
0.025404
0.026531
0.026612
0.026993
0.026681
0.027179
0.026637
0.026237
0.026793
0.026491
0.026383
0.027175
0.026892
0.026747
0.025529
0.023119
0.022893
0.021976
0.022668
0.024906
0.027449
0.028561
0.028749
0.027965
0.026422
0.025387
0.024731
0.024332
0.024591
0.025682
0.026554
0.026544
0.027371
