0.293333
0.293333
0.293333
0.293333
0.293333
0.293333
0.293333
0.293333
0.293333
0.293333
0.293333
0.293333
0.293333
0.293333
0.293333
0.293333
0.293333
0.293333
0.293333
0.293333
0.293333
0.293333
0.293333
0.293267
0.292956
0.292023
0.290447
0.288094
0.285076
0.281729
0.278516
0.275459
0.272625
0.269817
0.267277
0.264672
0.262090
0.259486
0.256687
0.253778
0.250826
0.247715
0.244978
0.242465
0.240038
0.237972
0.235823
0.233796
0.231795
0.229585
0.227448
0.225266
0.223222
0.221455
0.219931
0.218543
0.217322
0.215791
0.214089
0.212445
0.210682
0.208754
0.206660
0.204649
0.202305
0.200268
0.198153
0.196132
0.194184
0.192312
0.190243
0.188182
0.186291
0.184478
0.182451
0.180550
0.178442
0.176449
0.174293
0.172322
0.170319
0.168408
0.166589
0.164867
0.163097
0.161600
0.160044
0.158353
0.156690
0.155062
0.153450
0.151808
0.150143
0.148259
0.146501
0.144669
0.142756
0.141025
0.139325
0.137662
0.136170
0.134548
0.132904
0.131197
0.129560
0.127885
0.126223
0.124687
0.122954
0.121416
0.119877
0.118357
0.116729
0.115306
0.113717
0.112338
0.110708
0.109272
0.107885
0.106540
0.105147
0.103820
0.102404
0.101099
0.099789
0.098353
0.097170
0.095843
0.094548
0.093398
0.092142
0.090917
0.089747
0.088582
0.087485
0.086350
0.085133
0.084074
0.082965
0.081850
0.080754
0.079666
0.078740
0.077705
0.076560
0.075636
0.074585
0.073604
0.072779
0.071824
0.070823
0.069931
0.069030
0.068074
0.067198
0.066368
0.065396
0.064618
0.063759
0.062867
0.062028
0.061223
0.060533
0.059645
0.058932
0.058092
0.057324
0.056587
0.055909
0.055075
0.054396
0.053715
0.052983
0.052222
0.051671
0.050903
0.050292
0.049624
0.048968
0.048365
0.047637
0.047099
0.046481
0.045818
0.045278
0.044684
0.044102
0.043509
0.042967
0.042407
0.041819
0.041303
0.040733
0.040188
0.039680
0.039180
0.038608
0.038139
0.037595
0.037214
0.403902
0.403392
0.402926
0.402482
0.402139
0.401660
0.401270
0.400870
0.400431
0.400104
0.399740
0.399318
0.398894
0.398473
0.398219
0.397821
0.397563
0.397284
0.397037
0.396774
0.396512
0.396213
0.395843
0.395646
0.395410
0.395099
0.394743
0.394628
0.394379
0.394190
0.393888
0.393765
0.393497
0.393231
0.393015
0.392917
0.392605
0.392339
0.392315
0.392180
0.391822
0.391694
0.391576
0.391383
0.391270
0.390928
0.390874
0.390740
0.390625
0.390406
0.046748
0.046586
0.046467
0.046350
0.046258
0.045997
0.045965
0.045934
0.045862
0.045659
0.045592
0.045536
0.045453
0.045312
0.045102
0.044828
0.044625
0.044440
0.044216
0.043886
0.043455
0.043112
0.042827
0.042558
0.042219
0.041897
0.041603
0.041271
0.041041
0.040656
0.040355
0.040032
0.039823
0.039485
0.039248
0.038961
0.038676
0.038422
0.038204
0.038010
0.037785
0.037472
0.037269
0.037054
0.036802
0.036611
0.036437
0.036214
0.035964
0.035757
0.035560
0.035389
0.035185
0.034967
0.034811
0.034552
0.034346
0.034176
0.034002
0.033782
0.033639
0.033528
0.033309
0.033100
0.032933
0.032749
0.032581
0.032480
0.032273
0.032077
0.031934
0.031745
0.031582
0.031409
0.031288
0.031129
0.030967
0.030805
0.030650
0.030529
0.030363
0.030211
0.030067
0.029966
0.029804
0.029629
0.029486
0.029353
0.029200
0.029079
0.028914
0.028773
0.028672
0.028550
0.028417
0.028237
0.028100
0.027978
0.027857
0.027725
0.027555
0.027453
0.027329
0.027207
0.027055
0.026934
0.026793
0.026672
0.026540
0.026415
0.026294
0.026173
0.026051
0.025901
0.025771
0.025649
0.025528
0.025392
0.025290
0.025150
0.025010
0.024910
0.024789
0.024668
0.024534
0.024413
0.024270
0.024149
0.024028
0.023928
0.023807
0.023667
0.023567
0.023446
0.023325
0.023220
0.023102
0.022957
0.022838
0.022717
0.022585
0.022486
0.022365
0.022243
0.022164
0.022042
0.021921
0.021799
0.021700
0.021579
0.021446
0.021347
0.021225
0.021135
0.020995
0.020895
0.020774
0.020675
0.020550
0.020451
0.020329
0.020250
0.020128
0.020029
0.019907
0.019808
0.019698
0.019577
0.019478
0.019356
0.019277
0.019155
0.019056
0.018957
0.018832
0.018733
0.018611
0.018512
0.018413
0.018311
0.018201
0.018102
0.017980
0.017881
0.017760
0.017660
0.017561
0.017459
0.017360
0.017261
0.017139
0.017040
0.016941
0.016838
0.016736
0.016637
0.016538
0.016436
0.016337
0.016237
0.016135
0.016056
0.015956
0.015887
0.015766
0.015686
0.015606
0.015537
0.015435
0.015356
0.015267
0.015187
0.015085
0.015016
0.014956
0.014887
0.014785
0.014716
0.014633
0.014583
0.014481
0.014412
0.014362
0.014283
0.014213
0.014131
0.014062
0.014012
0.013962
0.013883
0.013811
0.013761
0.013692
0.013632
0.013582
0.013513
0.013441
0.013392
0.013332
0.013282
0.013232
0.013161
0.013111
0.013061
0.013012
0.012962
0.012912
0.012863
0.012791
0.012741
0.012711
0.012662
0.012612
0.012562
0.012532
0.012461
0.012411
0.012388
0.012338
0.012289
0.012259
0.012209
0.012179
0.012129
0.012110
0.012060
0.012030
0.011980
0.011961
0.011911
0.011881
0.011829
0.011790
0.011759
0.011729
0.011680
0.011660
0.011630
0.011580
0.011561
0.011531
0.011511
0.011481
0.011431
0.011412
0.011382
0.011352
0.011332
0.011302
0.011282
0.011252
0.011233
0.011203
0.011173
0.011153
0.011123
0.011103
0.011073
0.011054
0.011023
0.011004
0.010974
0.010954
0.010924
0.010905
0.010874
0.010855
0.010825
0.010825
0.010805
0.010775
0.010756
0.010725
0.010725
0.010695
0.010676
0.010656
0.010646
0.010626
0.010596
0.010576
0.010576
0.010546
0.010527
0.010527
0.010497
0.010477
0.010467
0.010447
0.010427
0.010417
0.010397
0.010378
0.010367
0.010348
0.010348
0.010328
0.010298
0.010298
0.010278
0.010268
0.010248
0.010248
0.010218
0.010218
0.010199
0.010199
0.010169
0.010169
0.010149
0.010149
0.010119
0.010119
0.010099
0.010099
0.010069
0.010069
0.010050
0.010050
0.010039
0.010020
0.010020
0.010000
0.009990
0.009970
0.009970
0.009970
0.009950
0.009940
0.009920
0.009920
0.009920
0.009901
0.009890
0.009890
0.009871
0.009871
0.009871
0.009851
0.009841
0.009841
0.009821
0.009821
0.009821
0.009791
0.009791
0.009791
0.009771
0.009771
0.009771
0.009771
0.009741
0.009741
0.009741
0.009722
0.009722
0.009722
0.009722
0.009691
0.009691
0.009691
0.009691
0.009672
0.009672
0.009672
0.009662
0.009642
0.009642
0.009642
0.009642
0.009642
0.009622
0.009622
0.009622
0.009612
0.009612
0.009592
0.009592
0.009592
0.009592
0.009592
0.009573
0.009573
0.009562
0.009562
0.009562
0.009542
0.009542
0.009542
0.009542
0.009542
0.009542
0.009523
0.009523
0.009512
0.009512
0.009512
0.009512
0.009493
0.009493
0.009493
0.009493
0.009493
0.009493
0.009493
0.009473
0.009473
0.009463
0.009463
0.009463
0.009463
0.009463
0.009463
0.009443
0.009443
0.009443
0.009443
0.009443
0.009443
0.009443
0.009443
0.009443
0.009443
0.009443
0.009443
0.009443
0.009443
0.009443
0.009443
0.009443
0.009424
0.009424
0.009424
0.009424
0.009424
0.009424
0.009424
0.009424
0.009424
0.009424
0.009424
0.009424
0.009424
0.009424
0.009424
0.009424
0.009424
0.009424
0.009424
0.009424
0.009424
0.009424
0.009424
0.009424
0.009424
0.009424
0.009424
0.009424
0.009424
0.009424
0.009424
0.009424
0.009424
0.009424
0.009424
0.009424
0.009424
0.009424
0.009424
0.009424
0.009424
0.009424
0.009424
0.009424
0.009424
0.009424
0.009424
0.009424
0.009424
0.009424
0.009424
0.009424
0.009424
0.009424
0.009424
0.009424
0.009424
0.009424
0.009424
0.009424
0.009424
0.009424
0.009424
0.009424
0.009424
0.009424
0.009424
0.009424
0.009424
0.009424
0.009424
0.009424
0.009424
0.009424
0.009424
0.009424
0.009424
0.009424
0.009424
0.009424
0.009424
0.009424
0.009424
0.009424
0.009424
0.009424
0.009424
0.009424
0.009424
0.009424
0.009424
0.009424
0.009424
0.009424
0.009424
0.009424
0.009424
0.009424
0.009424
0.009424
0.009424
0.009424
0.009424
0.009424
0.009424
0.009424
0.009424
0.009424
0.009424
0.009424
0.009424
0.009424
0.009424
0.009424
0.009424
0.009424
0.009424
0.009424
0.009424
0.009424
0.009424
0.009424
0.009424
0.009424
0.009424
0.009424
0.009424
0.009424
0.009424
0.009424
0.009424
0.009424
0.009424
0.009424
0.009424
0.009424
0.009424
0.009424
0.009424
0.009424
0.009424
0.009424
0.009424
0.009424
0.009424
0.009424
0.009424
0.009424
0.009424
0.009424
0.009424
0.009424
0.009424
0.009424
0.009424
0.009424
0.009424
0.009424
0.009424
0.009424
0.009424
0.009424
0.009424
0.009424
0.009424
0.009424
0.009424
0.009424
0.009424
0.009424
0.009424
0.009424
0.009424
0.009424
0.009424
0.009424
0.009424
0.009424
0.009424
0.009424
0.009424
0.009424
0.009424
0.009424
0.009424
0.009424
0.009424
0.009424
0.009424
0.009424
0.009424
0.009424
0.009424
0.009424
0.009424
0.009424
0.009424
0.009424
0.009424
0.009424
0.009424
0.009424
0.009424
0.009424
0.009424
0.009424
0.009424
0.009424
0.009424
0.009424
0.009424
0.009424
0.009424
0.009424
0.009424
0.009424
0.009424
0.009424
0.009424
0.009424
0.009424
0.009424
0.009424
0.009424
0.009424
0.009424
0.009424
0.009424
0.009424
0.009424
0.009424
0.009424
0.009424
0.009424
0.009424
0.009424
0.009424
0.009424
0.009424
0.009424
0.009424
0.009424
0.009424
0.009424
0.009424
0.009424
0.009424
0.009424
0.009424
0.009424
0.009424
0.009424
0.009424
0.009424
0.009424
0.009424
0.009424
0.009424
0.009424
0.009424
0.009424
0.009424
0.009424
0.009424
0.009424
0.009424
0.009424
0.009424
0.009424
0.009424
0.009424
0.009424
0.009424
0.009424
0.009424
0.009424
0.009424
0.009424
0.009424
0.009424
