0.862482
0.862482
0.862482
0.862482
0.862482
0.862482
0.862482
0.862482
0.862420
0.862334
0.862232
0.862089
0.861935
0.861803
0.861668
0.861492
0.861336
0.861174
0.860919
0.860651
0.860412
0.860030
0.859527
0.858822
0.857963
0.857035
0.855893
0.854773
0.853614
0.852472
0.851295
0.850118
0.848983
0.847811
0.846548
0.845240
0.843964
0.842554
0.841235
0.839810
0.838474
0.837020
0.835518
0.834052
0.832391
0.830899
0.829243
0.827707
0.826088
0.824441
0.822856
0.821368
0.819762
0.818273
0.816695
0.815084
0.813599
0.812092
0.810512
0.808975
0.807383
0.805757
0.804213
0.802634
0.800851
0.799176
0.797482
0.795832
0.794193
0.792522
0.790894
0.789038
0.787278
0.785297
0.783217
0.781196
0.779153
0.777131
0.774988
0.772965
0.770827
0.768581
0.766290
0.764010
0.761671
0.759436
0.757152
0.754887
0.752632
0.750400
0.748133
0.745816
0.743474
0.741068
0.738725
0.736276
0.733899
0.731588
0.729228
0.726876
0.724610
0.722196
0.719775
0.717410
0.714980
0.712588
0.710161
0.707672
0.705294
0.702827
0.700541
0.697955
0.695612
0.693037
0.690505
0.687923
0.685390
0.682865
0.680448
0.677918
0.675478
0.672933
0.670297
0.667790
0.665121
0.662593
0.659949
0.657295
0.654731
0.652119
0.649636
0.646926
0.644281
0.641528
0.638875
0.636320
0.633658
0.631094
0.628359
0.625687
0.622892
0.620194
0.617483
0.614736
0.612011
0.609290
0.606586
0.603822
0.601094
0.598288
0.595511
0.592733
0.589910
0.587175
0.584350
0.581656
0.578876
0.576068
0.573296
0.570280
0.567521
0.564662
0.561881
0.559135
0.556341
0.553617
0.550815
0.548160
0.545532
0.542899
0.540364
0.537790
0.535207
0.532534
0.529535
0.526558
0.523400
0.520349
0.517393
0.514460
0.511727
0.508741
0.505982
0.503238
0.500279
0.497342
0.494251
0.491229
0.488138
0.485158
0.482248
0.479524
0.476795
0.474149
0.471637
0.469114
0.466415
0.463704
0.460893
0.458110
0.455475
0.452866
0.450372
0.447910
0.445582
0.443261
0.440773
0.438232
0.435501
0.432910
0.430401
0.427892
0.425471
0.423122
0.420927
0.418580
0.416377
0.413938
0.411483
0.408957
0.406490
0.404091
0.401738
0.399658
0.397543
0.395426
0.393333
0.391055
0.388845
0.386370
0.384039
0.381618
0.379460
0.377254
0.375159
0.373215
0.371226
0.369097
0.366975
0.364770
0.362625
0.360362
0.358195
0.356136
0.354123
0.352184
0.350195
0.348201
0.346174
0.344141
0.342088
0.340074
0.338083
0.336202
0.334399
0.332589
0.330896
0.329179
0.327407
0.325708
0.324057
0.322369
0.320622
0.318912
0.317206
0.315483
0.313787
0.312089
0.310281
0.308451
0.306898
0.305269
0.303725
0.302189
0.300612
0.298971
0.297384
0.295623
0.293978
0.292239
0.290694
0.289075
0.287581
0.286119
0.284585
0.283013
0.281389
0.279702
0.278082
0.276575
0.275060
0.273511
0.272064
0.270623
0.269245
0.267791
0.266390
0.264969
0.263535
0.262184
0.260781
0.259494
0.258106
0.256837
0.255555
0.254291
0.253053
0.251778
0.250528
0.249163
0.248046
0.246770
0.245577
0.244419
0.243249
0.242101
0.240961
0.239875
0.238831
0.237645
0.236650
0.235448
0.234341
0.233345
0.232212
0.231282
0.230305
0.229214
0.228269
0.227222
0.226281
0.225302
0.224379
0.223495
0.222428
0.221459
0.220599
0.219562
0.218642
0.217830
0.216912
0.216054
0.215240
0.214319
0.213425
0.212637
0.211861
0.210854
0.210154
0.209264
0.208423
0.207732
0.206941
0.206025
0.205403
0.204563
0.203876
0.203153
0.202359
0.201564
0.200983
0.200087
0.199511
0.198762
0.198050
0.197435
0.196744
0.196034
0.195372
0.194817
0.194074
0.193454
0.192834
0.192269
0.191663
0.191071
0.190456
0.189882
0.189299
0.188737
0.188126
0.187603
0.187038
0.186456
0.185967
0.185389
0.184840
0.184337
0.183824
0.183280
0.182821
0.182302
0.181838
0.181342
0.180817
0.180418
0.179893
0.179374
0.178932
0.178505
0.178097
0.177596
0.177127
0.176743
0.176303
0.175846
0.175399
0.175045
0.174569
0.174185
0.173813
0.173364
0.172942
0.172594
0.172266
0.171862
0.171428
0.171061
0.170710
0.170421
0.170030
0.169612
0.169225
0.168934
0.168567
0.168197
0.167874
0.167575
0.167262
0.166909
0.166621
0.166294
0.166043
0.165648
0.165318
0.165063
0.164761
0.164526
0.164188
0.163956
0.163725
0.163420
0.163173
0.162914
0.162577
0.162423
0.162215
0.161940
0.161685
0.161470
0.260387
0.260130
0.259892
0.259714
0.259502
0.259258
0.259130
0.258861
0.258695
0.258472
0.258297
0.258051
0.257862
0.257687
0.257565
0.257380
0.257150
0.256915
0.256659
0.256435
0.256275
0.256323
0.256240
0.256140
0.255864
0.255631
0.255481
0.255526
0.255615
0.255906
0.256212
0.256405
0.256552
0.256619
0.256670
0.256601
0.256489
0.256325
0.256241
0.256074
0.255884
0.255719
0.255521
0.255394
0.255149
0.254955
0.254824
0.254557
0.254412
0.254253
0.253905
0.253599
0.253244
0.252883
0.252647
0.252585
0.252676
0.253019
0.253304
0.253486
0.253532
0.253408
0.253222
0.252984
0.252686
0.252408
0.252168
0.251957
0.251757
0.251540
0.160256
0.159941
0.159690
0.159492
0.159215
0.158917
0.158679
0.158347
0.157979
0.157664
0.157263
0.156915
0.156594
0.156271
0.155926
0.155517
0.155085
0.154718
0.154322
0.153880
0.153419
0.153001
0.152613
0.152171
0.151771
0.151301
0.150899
0.150368
0.149929
0.149424
0.149040
0.148697
0.148325
0.147997
0.147635
0.147311
0.146961
0.146666
0.146352
0.146025
0.145708
0.145317
0.145057
0.144674
0.144370
0.144124
0.143865
0.143567
0.143214
0.142932
0.142599
0.142315
0.141995
0.141648
0.141379
0.141038
0.140643
0.140224
0.139776
0.139391
0.138989
0.138563
0.138195
0.137789
0.137433
0.137033
0.136640
0.136261
0.135865
0.135461
0.135087
0.134697
0.134305
0.133951
0.133552
0.133162
0.132817
0.132415
0.132074
0.131678
0.131293
0.130921
0.130528
0.130222
0.129839
0.129435
0.129079
0.128766
0.128405
0.128040
0.127744
0.127343
0.126992
0.126642
0.126328
0.125980
0.125638
0.125311
0.124972
0.124628
0.124299
0.124017
0.123675
0.123324
0.123054
0.122735
0.122449
0.122111
0.121750
0.121503
0.121204
0.120899
0.120597
0.120297
0.120006
0.119731
0.119436
0.119153
0.118844
0.118593
0.118289
0.118017
0.117711
0.117448
0.117177
0.116936
0.116638
0.116347
0.116128
0.115820
0.115581
0.115324
0.115041
0.114777
0.114528
0.114273
0.114003
0.113781
0.113542
0.113289
0.112990
0.112774
0.112540
0.112288
0.112076
0.111862
0.111567
0.111368
0.111103
0.110895
0.110678
0.110436
0.110207
0.110011
0.109772
0.109538
0.109335
0.109113
0.108903
0.108697
0.108482
0.108288
0.108050
0.107841
0.107615
0.107455
0.107230
0.107033
0.106833
0.106624
0.106448
0.106215
0.106019
0.105834
0.105662
0.105482
0.105301
0.105111
0.104922
0.104741
0.104607
0.104409
0.104240
0.104062
0.103891
0.103713
0.103504
0.103286
0.102998
0.102683
0.102349
0.102062
0.101721
0.101448
0.101152
0.100810
0.100439
0.100015
0.099595
0.099260
0.098832
0.098487
0.098212
0.097870
0.097470
0.097106
0.096765
0.096413
0.096086
0.095691
0.095411
0.095121
0.094780
0.094503
0.094180
0.093898
0.093648
0.093348
0.093130
0.092790
0.092614
0.092386
0.092217
0.092063
0.091908
0.091738
0.091582
0.091477
0.091381
0.091228
0.091151
0.091066
0.090947
0.090876
0.090851
0.090773
0.090731
0.090635
0.090587
0.090601
0.090596
0.090598
0.090551
0.090550
0.090500
0.090404
0.090229
0.089879
0.089412
0.088844
0.088217
0.087552
0.087026
0.086482
0.085937
0.085480
0.084930
0.084412
0.083834
0.083319
0.082725
0.082156
0.081584
0.080989
0.080556
0.080132
0.079811
0.079580
0.079440
0.079255
0.079173
0.079044
0.078880
0.078693
0.078501
0.078349
0.078268
0.078137
0.078124
0.078042
0.077952
0.077730
0.077362
0.076886
0.076277
0.075668
0.075003
0.074421
0.073897
0.073395
0.072935
0.072375
0.071922
0.071360
0.070828
0.070248
0.069685
0.069140
0.068657
0.068121
0.067547
0.067060
0.066551
0.066059
0.065534
0.065052
0.064524
0.063970
0.063520
0.063022
0.062510
0.062033
0.061492
0.061056
0.060487
0.060076
0.059542
0.059119
0.058620
0.058145
0.057682
0.057194
0.056754
0.056306
0.055796
0.055386
0.054860
0.054471
0.053976
0.053543
0.053085
0.052631
0.052189
0.051758
0.051342
0.050882
0.050464
0.050028
0.049577
0.049178
0.048725
0.048322
0.047878
0.047433
0.047040
0.046619
0.046162
0.045802
0.045417
0.044990
0.044655
0.044261
0.043834
0.043464
0.043081
0.042624
0.042294
0.041903
0.041507
0.041151
0.040793
0.040369
0.040013
0.039677
0.039318
0.038942
0.038614
0.038241
0.037929
0.037561
0.037214
0.036886
0.036586
0.036232
0.035866
0.035600
0.035302
0.034923
0.034623
0.034331
0.034043
0.033752
0.033393
0.033127
0.032795
0.032537
0.032208
0.031918
0.031650
0.031379
0.031120
0.030775
0.030543
0.030240
0.030028
0.029743
0.029469
0.029193
0.028965
0.028705
0.028523
0.028283
0.028016
0.027763
0.027511
0.027286
0.027060
0.026828
0.026605
0.026402
0.026162
0.026004
0.025767
0.025563
0.025367
0.025173
0.024951
0.024772
0.024565
0.024368
0.024208
0.024057
0.023835
0.023677
0.023472
0.023305
0.023164
0.023015
0.022850
0.022687
0.022594
0.022426
0.022289
0.022146
0.021978
0.021854
0.021734
0.021552
0.021452
0.021338
0.021203
0.021078
0.020957
0.020842
0.020710
0.020584
0.020484
0.020356
0.020258
0.020153
0.020032
0.019930
0.019812
0.019706
0.019613
0.019500
0.019389
0.019277
0.019194
0.019114
0.019030
0.018940
0.018807
0.018745
0.018632
0.018559
0.018450
0.018390
0.018298
0.018212
0.018123
0.018033
0.017983
0.017882
0.017797
0.017724
0.017641
0.017565
0.017492
0.017434
0.017349
0.017267
0.017194
0.017142
0.017079
0.017018
0.016937
0.016845
0.016779
0.016730
0.016680
0.016617
0.016524
0.016476
0.016425
0.016370
0.016298
0.016250
0.016198
0.016138
0.016066
0.016017
0.015996
0.015911
0.015891
0.015811
0.015771
0.015732
0.015661
0.015631
0.015581
0.015541
0.015489
0.015449
0.015397
0.015369
0.015299
0.015261
0.015221
0.015199
0.015141
0.015099
0.015079
0.015049
0.014987
0.014977
0.014922
0.014880
0.014860
0.014808
0.014768
0.014768
0.014690
0.014690
0.014650
0.014598
0.014598
0.014558
0.014526
0.014479
0.014479
0.014438
0.014388
0.014388
0.014348
0.014327
0.014290
0.014270
0.014229
0.014209
0.014179
0.014179
0.014118
0.014118
0.014102
0.014062
0.014040
0.014021
0.014001
0.013971
0.013950
0.013911
0.013911
0.013894
0.013853
0.013834
0.013814
0.013814
0.013785
0.013744
0.013744
0.013744
0.013705
0.013705
0.013668
0.013629
0.013629
0.013629
0.013610
0.013570
0.013560
0.013540
0.013540
0.013540
0.013482
0.013482
0.013465
0.013446
0.013427
0.013427
0.013387
0.013387
0.013387
0.013360
0.013340
0.013340
0.013340
0.013320
0.013283
0.013283
0.013267
0.013267
0.013247
0.013230
0.013210
0.013210
0.013191
0.013191
0.013191
0.013164
0.013164
0.013145
0.013145
0.013145
0.013145
0.013125
0.013109
0.013109
0.013094
0.013094
0.013075
0.013075
0.013059
0.013059
0.013059
0.013059
0.013040
0.013040
0.013040
0.013030
0.013015
0.013015
0.012996
0.012996
0.012996
0.012996
0.012996
0.012996
0.012977
0.012977
0.012977
0.012977
0.012968
0.012968
0.012968
0.012949
0.012949
0.012949
0.012949
0.012949
0.012949
0.012949
0.012931
0.012931
0.012931
0.012931
0.012931
0.012921
0.012921
0.012921
0.012921
0.012921
0.012921
0.012921
0.012921
0.012921
0.012921
0.012921
0.012921
0.012921
0.012921
0.012921
0.012921
0.012921
0.012921
0.012921
0.012921
0.012921
0.012921
0.012921
0.012921
0.012921
0.012921
0.012921
0.012921
0.012921
0.012921
0.012921
0.012921
0.012921
0.012921
0.012921
0.012921
0.012921
0.012921
0.012921
0.012921
0.012921
0.012921
0.012921
0.012921
0.012921
0.012921
0.012921
0.012921
0.012921
0.012921
0.012921
0.012921
0.012921
0.012921
0.012921
0.012921
0.012921
0.012921
0.012921
0.012921
0.012921
0.012921
0.012921
0.012921
0.012921
0.012921
0.012921
0.012921
0.012921
0.012921
0.012921
0.012921
0.012921
0.012921
0.012921
0.012921
0.012921
0.012921
0.012921
0.012921
0.012921
0.012921
0.012921
0.012921
0.012921
0.012921
0.012921
0.012921
0.012921
0.012921
0.012921
0.012921
0.012921
0.012921
0.012921
0.012921
0.012921
0.012921
0.012921
0.012921
0.012921
0.012921
0.012921
0.012921
0.012921
0.012921
0.012921
0.012921
0.012921
0.012921
0.012921
0.012921
0.012921
0.012921
0.012921
0.012921
0.012921
0.012921
0.012921
0.012921
0.012921
0.012921
0.012921
0.012921
0.012921
0.012921
0.012921
0.012921
0.012921
0.012921
0.012921
0.012921
0.012921
0.012921
0.012921
0.012921
0.012921
0.012921
0.012921
0.012921
0.012921
0.012921
0.012921
0.012921
0.012921
0.012921
0.012921
0.012921
0.012921
0.012921
0.012921
0.012921
0.012921
0.012921
0.012921
0.012921
0.012921
0.012921
0.012921
0.012921
0.012921
0.012921
0.012921
0.012921
0.012921
0.012921
0.012921
0.012921
0.012921
0.012921
0.012921
0.012921
0.012921
0.012921
0.012921
0.012921
0.012921
0.012921
0.012921
0.012921
0.012921
0.012921
0.012921
0.012921
0.012921
0.012921
0.012921
0.012921
0.012921
0.012921
0.012921
0.012921
0.012921
0.012921
0.012921
0.012921
0.012921
0.012921
0.012921
0.012921
0.012921
0.012921
0.012921
0.012921
0.012921
0.012921
0.012921
0.012921
0.012921
0.012921
0.012921
0.012921
0.012921
0.012921
0.012921
0.012921
0.012921
0.012921
0.012921
0.012921
0.012921
0.012921
0.012921
0.012921
0.012921
0.012921
0.012921
0.012921
0.012921
0.012921
0.012921
0.012921
0.012921
0.012921
0.012921
0.012921
0.012921
0.012921
0.012921
0.012921
0.012921
0.012921
0.012921
0.012921
0.012921
0.012921
0.012921
0.012921
0.012921
0.012921
0.012921
0.012921
0.012921
0.012921
0.012921
0.012921
0.012921
0.012921
0.012921
0.012921
0.012921
0.012921
0.012921
0.012921
0.012921
0.012921
0.012921
0.012921
0.012921
0.012921
0.012921
0.012921
0.012921
0.012921
0.012921
0.012921
0.012921
0.012921
0.012921
0.012921
0.012921
0.012921
0.012921
0.012921
0.012921
0.012921
0.012921
0.012921
0.012921
0.012921
0.012921
0.012921
0.012921
0.012921
0.012921
0.012921
0.012921
0.012921
0.012921
0.012921
0.012921
0.012921
0.012921
0.012921
0.012921
0.012921
0.012921
0.012921
0.012921
0.012921
0.012921
0.012921
0.012921
0.012921
0.012921
0.012921
0.012921
0.012921
0.012921
0.012921
0.012921
0.012921
0.012921
