0.526012
0.526012
0.526012
0.526012
0.526012
0.526012
0.526012
0.526012
0.526012
0.525967
0.525923
0.525882
0.525754
0.525625
0.525450
0.525253
0.525094
0.524844
0.524663
0.524395
0.524246
0.523987
0.523683
0.523425
0.523234
0.522951
0.522652
0.522421
0.522370
0.522115
0.521998
0.521813
0.521581
0.521255
0.521039
0.520806
0.520558
0.520324
0.520114
0.519756
0.519610
0.519351
0.519049
0.518908
0.518627
0.518417
0.518184
0.518232
0.517988
0.517805
0.517603
0.517526
0.517271
0.517226
0.517062
0.516931
0.516853
0.516629
0.516522
0.516430
0.516297
0.516195
0.515995
0.516027
0.515780
0.515730
0.515663
0.515519
0.515485
0.515512
0.515413
0.515324
0.515277
0.515153
0.515157
0.515113
0.515046
0.515044
0.514963
0.514936
0.514889
0.514804
0.514809
0.514829
0.514791
0.514790
0.514743
0.514748
0.514766
0.514714
0.514706
0.514695
0.514686
0.514722
0.514743
0.514746
0.514810
0.514788
0.514836
0.514937
0.514961
0.515009
0.515063
0.515208
0.515217
0.515303
0.515428
0.515536
0.515683
0.515766
0.515854
0.515783
0.515733
0.515695
0.515570
0.515426
0.515273
0.515314
0.515243
0.515058
0.514903
0.514755
0.514396
0.513966
0.513686
0.513292
0.512924
0.512591
0.512194
0.511752
0.511365
0.510909
0.510312
0.509774
0.509218
0.508630
0.508078
0.507549
0.507004
0.506371
0.505851
0.505249
0.504777
0.504159
0.503677
0.503074
0.502600
0.502044
0.501580
0.501034
0.500587
0.500049
0.499571
0.499131
0.498567
0.498115
0.497630
0.497136
0.496704
0.496173
0.495785
0.495356
0.494883
0.494418
0.493919
0.493511
0.493126
0.492618
0.492209
0.491809
0.491406
0.490991
0.490525
0.490175
0.489780
0.489352
0.488954
0.488579
0.488151
0.487757
0.487307
0.486956
0.486574
0.486174
0.485790
0.485452
0.485016
0.484622
0.484288
0.483946
0.483485
0.483188
0.482819
0.482556
0.482252
0.481894
0.481543
0.481261
0.480893
0.480531
0.480229
0.479995
0.479541
0.479231
0.478891
0.478640
0.478285
0.477915
0.477637
0.477319
0.476993
0.476634
0.476321
0.476060
0.475764
0.475367
0.475089
0.474800
0.474480
0.474200
0.473839
0.473544
0.473255
0.472917
0.472676
0.472298
0.472031
0.471754
0.471478
0.471201
0.470903
0.470563
0.470319
0.470059
0.469683
0.469417
0.469080
0.468773
0.468514
0.468239
0.467965
0.467746
0.467513
0.467231
0.466906
0.466730
0.466483
0.466275
0.466078
0.465759
0.465518
0.465354
0.465126
0.464917
0.464675
0.464517
0.464315
0.464071
0.463908
0.463704
0.463490
0.463376
0.463175
0.462971
0.462845
0.462697
0.462512
0.462373
0.462187
0.462071
0.461893
0.461790
0.461581
0.461441
0.461294
0.461132
0.460983
0.460856
0.460750
0.460631
0.460502
0.460326
0.460236
0.460070
0.459971
0.459828
0.459821
0.459721
0.459647
0.459575
0.459432
0.459375
0.459264
0.459153
0.459072
0.458961
0.458884
0.458763
0.458727
0.458552
0.458497
0.458462
0.458294
0.458251
0.458144
0.458044
0.457983
0.457850
0.457769
0.457759
0.457664
0.457565
0.457476
0.457396
0.457339
0.457207
0.457118
0.457099
0.457031
0.456914
0.456883
0.456825
0.456764
0.456661
0.456597
0.456513
0.456442
0.456217
0.456138
0.456055
0.381700
0.381633
0.381558
0.381463
0.381372
0.381319
0.381229
0.381146
0.381059
0.380979
0.380883
0.380852
0.380712
0.380714
0.380795
0.380851
0.380874
0.380816
0.380882
0.381010
0.381268
0.381489
0.381674
0.381848
0.382042
0.382215
0.382349
0.382487
0.382592
0.382774
0.382928
0.383113
0.383350
0.383536
0.383714
0.383909
0.384066
0.384210
0.384400
0.384535
0.384722
0.384901
0.385082
0.385252
0.385396
0.385588
0.385780
0.385929
0.386151
0.386310
0.386568
0.386806
0.387037
0.387237
0.387446
0.387564
0.387639
0.387643
0.387492
0.387372
0.387249
0.387086
0.387002
0.386910
0.386829
0.386717
0.386550
0.386356
0.386135
0.385876
0.273752
0.273444
0.273207
0.272959
0.272729
0.272455
0.272238
0.271958
0.271679
0.271295
0.270772
0.270266
0.269555
0.268785
0.267931
0.267005
0.265999
0.265034
0.263992
0.262906
0.261798
0.260485
0.259399
0.258291
0.257052
0.255857
0.254576
0.253270
0.251868
0.250610
0.249286
0.247880
0.246666
0.245389
0.244054
0.242780
0.241455
0.240216
0.238853
0.237582
0.236317
0.234969
0.233739
0.232393
0.231139
0.229824
0.228537
0.227293
0.225962
0.224734
0.223466
0.222135
0.220939
0.219601
0.218380
0.217118
0.215791
0.214605
0.213294
0.212073
0.210802
0.209493
0.208290
0.206983
0.205749
0.204513
0.203206
0.202007
0.200734
0.199517
0.198235
0.196975
0.195729
0.194455
0.193349
0.192156
0.190917
0.189707
0.188458
0.187255
0.186027
0.184814
0.183618
0.182355
0.181168
0.179939
0.178738
0.177569
0.176290
0.175120
0.173852
0.172670
0.171524
0.170254
0.169083
0.167851
0.166639
0.165527
0.164258
0.163084
0.161890
0.160681
0.159487
0.158229
0.157127
0.155955
0.154760
0.153584
0.152326
0.151203
0.150037
0.148870
0.147697
0.146474
0.145349
0.144014
0.142899
0.141648
0.140423
0.139305
0.138098
0.136984
0.135806
0.134605
0.133479
0.132285
0.131166
0.130056
0.128863
0.127767
0.126551
0.125475
0.124344
0.123172
0.122079
0.120907
0.119814
0.118687
0.117567
0.116466
0.115316
0.114251
0.113085
0.111998
0.110901
0.109751
0.108720
0.107593
0.106476
0.105411
0.104277
0.103224
0.102097
0.101033
0.099983
0.098794
0.097764
0.096674
0.095600
0.094548
0.093371
0.092356
0.091321
0.090175
0.089154
0.088102
0.087067
0.086148
0.085234
0.084151
0.083254
0.082335
0.081322
0.080363
0.079530
0.078622
0.077684
0.076758
0.075879
0.075011
0.074161
0.073290
0.072447
0.071572
0.070684
0.069940
0.069142
0.068382
0.067548
0.066768
0.065965
0.065261
0.064513
0.063735
0.062992
0.062262
0.061567
0.060829
0.060123
0.059498
0.058795
0.058153
0.057504
0.056800
0.056161
0.055564
0.054904
0.054344
0.053665
0.052954
0.052330
0.051712
0.051090
0.050529
0.049931
0.049350
0.048814
0.048270
0.047720
0.047158
0.046589
0.046079
0.045592
0.045129
0.044601
0.044133
0.043648
0.043145
0.042607
0.042199
0.041758
0.041304
0.040828
0.040447
0.039985
0.039525
0.039172
0.038756
0.038300
0.037898
0.037528
0.037119
0.036731
0.036367
0.036037
0.035639
0.035286
0.034905
0.034563
0.034213
0.033853
0.033567
0.033174
0.032865
0.032557
0.032280
0.031870
0.031561
0.031406
0.031078
0.030819
0.030543
0.030302
0.029992
0.029716
0.029469
0.029222
0.028956
0.028702
0.028440
0.028175
0.027956
0.027656
0.027442
0.027191
0.026927
0.026721
0.026463
0.026221
0.025972
0.025729
0.025487
0.025288
0.025077
0.024829
0.024668
0.024432
0.024184
0.023987
0.023793
0.023578
0.023404
0.023222
0.023018
0.022822
0.022631
0.022434
0.022261
0.022079
0.021947
0.021734
0.021398
0.021246
0.020986
0.020789
0.020655
0.020461
0.020264
0.020132
0.019953
0.019765
0.019567
0.019451
0.019278
0.019110
0.019004
0.018854
0.018685
0.018546
0.018399
0.018272
0.018120
0.018033
0.017910
0.017771
0.017626
0.017518
0.017418
0.017256
0.017172
0.017036
0.016950
0.016825
0.016687
0.016596
0.016532
0.016383
0.016300
0.016204
0.016126
0.015974
0.015889
0.015826
0.015658
0.015615
0.015484
0.015419
0.015355
0.015201
0.015276
0.015193
0.015125
0.015125
0.015022
0.014941
0.014881
0.014839
0.014779
0.014710
0.014668
0.014568
0.014529
0.014445
0.014384
0.014345
0.014261
0.014121
0.014044
0.013963
0.013914
0.013826
0.013761
0.013754
0.013628
0.013594
0.013533
0.013464
0.013387
0.013362
0.013276
0.013254
0.013197
0.013155
0.013105
0.013037
0.012998
0.012942
0.012899
0.012855
0.012794
0.012739
0.012717
0.012520
0.012446
0.012385
0.012287
0.012244
0.012180
0.012136
0.012097
0.012002
0.011980
0.011893
0.011872
0.011830
0.011765
0.011733
0.011688
0.011675
0.011653
0.011645
0.011589
0.011572
0.011527
0.011520
0.011499
0.011486
0.011480
0.011437
0.011395
0.011370
0.011349
0.011366
0.011348
0.011305
0.011260
0.011279
0.011259
0.011217
0.011217
0.011178
0.011175
0.011175
0.011164
0.011164
0.011164
0.011144
0.011137
0.011137
0.011137
0.011219
0.011260
0.011304
0.011306
0.011328
0.011328
0.011350
0.011372
0.011394
0.011394
0.011416
0.011396
0.011419
0.011419
0.011419
0.011441
0.011441
0.011441
0.011463
0.011463
0.011349
0.011315
0.011298
0.011305
0.011290
0.011290
0.011277
0.011264
0.011253
0.011253
0.011244
0.011244
0.011258
0.011258
0.011258
0.011253
0.011253
0.011253
0.011250
0.011250
0.011250
0.011250
0.011250
0.011248
0.011115
0.011093
0.011049
0.011027
0.011005
0.011005
0.010983
0.010962
0.010962
0.010940
0.010918
0.010918
0.010897
0.010897
0.010897
0.010876
0.010876
0.010902
0.010895
0.010921
0.010936
0.010936
0.010951
0.010958
0.010975
0.010975
0.010993
0.011011
0.011011
0.011011
0.011030
0.011030
0.011048
0.011058
0.011058
0.011058
0.011077
0.011077
0.011077
0.011077
0.011077
0.011096
0.011096
0.011096
0.011096
0.011096
0.011178
0.011200
0.011244
0.011266
0.011288
0.011308
0.011330
0.011352
0.011374
0.011374
0.011396
0.011396
0.011419
0.011419
0.011419
0.011441
0.011441
0.011441
0.011463
0.011463
0.011463
0.011463
0.011463
0.011371
0.011337
0.011320
0.011305
0.011290
0.011290
0.011277
0.011264
0.011253
0.011275
0.011266
0.011266
0.011258
0.011258
0.011258
0.011253
0.011253
0.011253
0.011250
0.011250
0.011250
0.011250
0.011116
0.011093
0.011049
0.011027
0.011005
0.011005
0.010983
0.010961
0.010961
0.010940
0.010918
0.010918
0.010897
0.010897
0.010897
0.010876
0.010876
0.010876
0.010858
0.010858
0.010884
0.010895
0.010921
0.010926
0.010926
