0.543058
0.543058
0.543058
0.543058
0.543058
0.543058
0.543058
0.543058
0.543058
0.543058
0.543058
0.543058
0.543058
0.543058
0.543058
0.543058
0.543058
0.543058
0.543058
0.543058
0.543058
0.543058
0.543058
0.541700
0.540343
0.537627
0.533554
0.529482
0.524051
0.519978
0.515905
0.511832
0.507759
0.503686
0.500971
0.496898
0.492825
0.487395
0.483322
0.479249
0.475176
0.471103
0.467030
0.462957
0.458884
0.453453
0.449381
0.445308
0.441235
0.437162
0.433089
0.429016
0.424943
0.420870
0.415439
0.411366
0.407294
0.403221
0.399148
0.395075
0.391002
0.386929
0.382856
0.377425
0.373352
0.369279
0.365207
0.361134
0.357061
0.352988
0.348915
0.343484
0.339411
0.335338
0.331265
0.327192
0.323120
0.319047
0.314974
0.310901
0.306828
0.302755
0.298682
0.294609
0.290536
0.286463
0.283748
0.279675
0.275602
0.272887
0.268814
0.264741
0.262025
0.257953
0.255237
0.251164
0.248449
0.245734
0.241661
0.238946
0.236230
0.232157
0.229442
0.226727
0.224011
0.221296
0.217223
0.214508
0.211793
0.209077
0.206362
0.203647
0.200931
0.198216
0.195501
0.192786
0.191428
0.188713
0.185997
0.183282
0.180567
0.179209
0.176494
0.173779
0.172421
0.169706
0.166990
0.165633
0.162917
0.160202
0.158844
0.156129
0.154772
0.152056
0.150699
0.147983
0.146626
0.145268
0.142553
0.141195
0.138480
0.137122
0.135765
0.134407
0.131692
0.130334
0.128976
0.126261
0.124903
0.123546
0.122188
0.120830
0.118115
0.116757
0.115400
0.114042
0.112685
0.111327
0.109969
0.108612
0.107254
0.105896
0.104539
0.103181
0.101823
0.100466
0.099108
0.097750
0.096393
0.095035
0.093678
0.092320
0.090962
0.089605
0.088247
0.088247
0.086889
0.085532
0.084174
0.082816
0.082816
0.081459
0.080101
0.078743
0.077386
0.077386
0.076028
0.074670
0.073313
0.073313
0.071955
0.070598
0.070598
0.069240
0.067882
0.067882
0.066525
0.065167
0.065167
0.063809
0.062452
0.062452
0.061094
0.061094
0.059736
0.059736
0.058379
0.057021
0.057021
0.055663
0.055663
0.054306
0.054306
0.052948
0.052948
0.051591
0.051591
0.050233
0.050233
0.048875
0.048875
0.047518
0.047518
0.046160
0.046160
0.044802
0.044802
0.044802
0.043445
0.043445
0.042087
0.042087
0.040729
0.040729
0.040729
0.039372
0.039372
0.039372
0.038014
0.038014
0.036656
0.036656
0.036656
0.035299
0.035299
0.035299
0.033941
0.033941
0.033941
0.032583
0.032583
0.032583
0.031226
0.031226
0.031226
0.031226
0.029868
0.029868
0.029868
0.028511
0.028511
0.028511
0.028511
0.027153
0.027153
0.027153
0.025795
0.025795
0.025795
0.025795
0.024438
0.024438
0.024438
0.024438
0.024438
0.023080
0.023080
0.023080
0.023080
0.021722
0.021722
0.021722
0.021722
0.021722
0.020365
0.020365
0.020365
0.020365
0.020365
0.019007
0.019007
0.019007
0.019007
0.019007
0.017649
0.017649
0.017649
0.017649
0.017649
0.017649
0.016292
0.016292
0.016292
0.016292
0.016292
0.016292
0.016292
0.014934
0.014934
0.014934
0.014934
0.014934
0.014934
0.013576
0.013576
0.013576
0.013576
0.013576
0.013576
0.013576
0.013576
0.012219
0.012219
0.012219
0.012219
0.012219
0.012219
0.012219
0.012219
0.010861
0.010861
0.010861
0.010861
0.010861
0.010861
0.010861
0.010861
0.010861
0.010861
0.009504
0.009504
0.009504
0.009504
0.009504
0.009504
0.009504
0.009504
0.009504
0.009504
0.009504
0.009504
0.009504
0.009504
0.009504
0.009504
0.009504
0.009504
0.009504
0.009504
0.009504
0.009504
0.009504
0.009504
0.009504
0.009504
0.009504
0.009504
0.009504
0.009504
0.009504
0.009504
0.009504
0.009504
0.009504
0.009504
0.009504
0.009504
0.009504
0.009504
0.009504
0.009504
0.009504
0.009504
0.009504
0.009504
0.009504
0.009504
0.009504
0.009504
0.009504
0.009504
0.009504
0.009504
0.009504
0.009504
0.009504
0.009504
0.009504
0.009504
0.009504
0.837529
0.837529
0.837529
0.837529
0.837529
0.837529
0.837529
0.837529
0.837529
0.837529
0.837529
0.837529
0.837529
0.837529
0.837529
0.837529
0.837529
0.837529
0.837529
0.837529
0.366625
0.366625
0.366625
0.366625
0.366629
0.366677
0.366735
0.366853
0.366947
0.367027
0.367109
0.367118
0.367077
0.366707
0.365974
0.364866
0.363407
0.361609
0.359796
0.358074
0.356546
0.355106
0.353647
0.352283
0.350813
0.349354
0.347855
0.346117
0.344580
0.342811
0.341312
0.339608
0.338109
0.336612
0.334873
0.333375
0.331916
0.330139
0.328640
0.326901
0.325438
0.323979
0.322252
0.320716
0.318977
0.317479
0.316020
0.314281
0.312783
0.311007
0.309543
0.308065
0.306326
0.304827
0.303037
0.301538
0.300080
0.298376
0.296875
0.295080
0.293581
0.292122
0.290384
0.288885
0.287146
0.285645
0.284187
0.282448
0.280930
0.279191
0.277678
0.276182
0.274478
0.272980
0.271241
0.269742
0.267984
0.266525
0.264989
0.263286
0.261787
0.260048
0.258550
0.257091
0.255333
0.253834
0.252094
0.250595
0.249136
0.247383
0.245884
0.244145
0.242625
0.241202
0.239463
0.237964
0.236226
0.234727
0.233268
0.231529
0.230066
0.228308
0.226809
0.225350
0.223612
0.222113
0.220374
0.218910
0.217452
0.215694
0.214195
0.212456
0.210958
0.209499
0.207795
0.206277
0.204539
0.203056
0.201557
0.199839
0.198316
0.196598
0.195076
0.193598
0.191859
0.190335
0.188618
0.187079
0.185601
0.183938
0.182380
0.180682
0.179178
0.177479
0.175941
0.174463
0.172764
0.171226
0.169527
0.168023
0.166565
0.164866
0.163327
0.161628
0.160089
0.158630
0.156932
0.155393
0.153694
0.152190
0.150732
0.149033
0.147494
0.145795
0.144256
0.142779
0.141080
0.139541
0.137842
0.136337
0.134879
0.133180
0.131641
0.129996
0.128457
0.126998
0.125335
0.123836
0.122133
0.120692
0.119229
0.117806
0.116347
0.114942
0.113559
0.112135
0.110730
0.109307
0.107964
0.106559
0.105375
0.104050
0.102627
0.101502
0.100159
0.098994
0.097705
0.096601
0.095436
0.094128
0.093044
0.091959
0.090851
0.089526
0.088477
0.087392
0.086324
0.085274
0.084228
0.083178
0.082390
0.081341
0.080296
0.079247
0.078477
0.077468
0.076418
0.075689
0.074621
0.073892
0.072842
0.072113
0.071103
0.070334
0.069324
0.068595
0.067866
0.066816
0.066105
0.065411
0.064682
0.063952
0.063019
0.062249
0.061520
0.060826
0.060096
0.059385
0.058691
0.057962
0.057308
0.056619
0.055943
0.055454
0.054760
0.054070
0.053435
0.052706
0.052252
0.051598
0.050927
0.050513
0.049819
0.049148
0.048734
0.048080
0.047685
0.046995
0.046600
0.045986
0.045532
0.044936
0.044482
0.043833
0.043438
0.042784
0.042428
0.042014
0.041379
0.041005
0.040609
0.040235
0.039600
0.039226
0.038812
0.038457
0.037843
0.037487
0.037132
0.036678
0.036322
0.035948
0.035629
0.035015
0.034659
0.034285
0.033930
0.033556
0.033200
0.032880
0.032506
0.032151
0.031775
0.031455
0.031100
0.030766
0.030410
0.030312
0.029956
0.029601
0.029267
0.028947
0.028631
0.028257
0.027937
0.027822
0.027488
0.027208
0.026853
0.026754
0.026399
0.026123
0.025785
0.025669
0.025429
0.025055
0.024735
0.024660
0.024344
0.024006
0.023930
0.023650
0.023276
0.023236
0.022921
0.022641
0.022547
0.022227
0.022151
0.021871
0.021537
0.021497
0.021142
0.021102
0.020804
0.020728
0.020448
0.020133
0.020093
0.019759
0.019719
0.019439
0.019363
0.019083
0.018989
0.018709
0.018709
0.018354
0.018354
0.018255
0.017980
0.017900
0.017624
0.017584
0.017286
0.017250
0.017170
0.016930
0.016855
0.016575
0.016557
0.016201
0.016201
0.016201
0.015881
0.015846
0.015787
0.015507
0.015471
0.015391
0.015151
0.015151
0.015036
0.014778
0.014778
0.014738
0.014422
0.014422
0.014382
0.014102
0.014067
0.014048
0.013728
0.013728
0.013693
0.013413
0.013373
0.013373
0.013337
0.013039
0.012999
0.012999
0.012999
0.012683
0.012643
0.012643
0.012643
0.012363
0.012288
0.012269
0.012269
0.011989
0.011949
0.011949
0.011914
0.011874
0.011634
0.011594
0.011594
0.011540
0.011260
0.011260
0.011220
0.011220
0.011220
0.010940
0.010904
0.010904
0.010864
0.010864
0.010824
0.010584
0.010567
0.010530
0.010490
0.010490
0.010450
0.010210
0.010210
0.010210
0.010135
0.010135
0.010135
0.009855
0.009855
0.009855
0.009855
0.009797
0.009797
0.009797
0.009517
0.009517
0.009517
0.009517
0.009517
0.009517
0.009517
0.009517
0.009517
0.009517
0.009517
0.009517
0.009517
0.009517
0.009477
0.009477
0.009477
0.009477
0.009237
0.009237
0.009237
0.009477
0.009477
0.009477
0.009477
0.009477
0.009477
0.009477
0.009237
0.009237
0.009237
0.009237
0.009237
0.009237
0.009237
0.009237
0.009237
0.009237
0.009237
0.009237
0.009237
0.009237
0.009237
0.009237
0.009237
0.009237
0.009237
0.009237
0.009237
0.009237
0.009237
0.009237
0.009237
0.009237
0.009237
0.009237
0.009237
0.009237
0.009237
0.009237
0.009237
0.009237
0.009237
0.009237
0.009237
0.009237
0.009237
0.009237
0.009237
0.009237
0.009237
0.009237
0.009237
0.009237
0.009237
0.009237
0.009237
0.009237
0.009237
0.009237
0.009237
0.009237
0.009237
0.009237
0.009237
0.009237
0.009237
0.009237
0.009237
0.009237
0.009237
0.009237
0.009237
0.009237
0.009237
0.009237
0.009237
0.009237
0.009237
0.009237
0.009237
0.009237
0.009237
0.009237
0.009237
0.009237
0.009237
0.009237
0.009237
0.009237
0.009237
0.009237
0.009237
0.009237
0.009237
0.009237
0.009237
0.009237
0.009237
0.009237
0.009237
0.009237
0.009237
0.009237
0.009237
0.009237
0.009237
0.009237
0.009237
0.009237
0.009237
0.009237
0.009237
0.009237
0.009237
0.009237
0.009237
0.009237
0.009237
0.009237
0.009237
0.009237
0.009237
0.009237
0.009237
0.009237
0.009237
0.009237
0.009237
0.009237
