1.293842
1.186196
0.966395
0.749760
0.590702
0.503104
0.470006
0.465245
0.468218
0.471759
0.474819
0.478391
0.481199
0.484614
0.487551
0.490699
0.494151
0.496663
0.498663
0.499702
0.501080
0.501728
0.502876
0.503961
0.506109
0.508746
0.512309
0.516012
0.519670
0.523260
0.525702
0.527545
0.528917
0.530080
0.531194
0.532592
0.534662
0.537078
0.539886
0.542760
0.545344
0.547605
0.549326
0.550762
0.551992
0.552975
0.554102
0.555637
0.557264
0.559033
0.560932
0.562702
0.564667
0.566260
0.568009
0.569564
0.571249
0.572934
0.574491
0.576438
0.578174
0.580312
0.582078
0.583969
0.585926
0.587616
0.589460
0.591549
0.593272
0.595314
0.597098
0.599153
0.601120
0.603208
0.605392
0.607596
0.609625
0.611826
0.614050
0.616417
0.618837
0.621391
0.623896
0.626547
0.629193
0.631764
0.634490
0.637175
0.640107
0.642986
0.645821
0.648713
0.651411
0.654476
0.657347
0.660117
0.662869
0.665835
0.668762
0.671575
0.674556
0.677321
0.680140
0.682882
0.685728
0.688841
0.691341
0.694423
0.697180
0.700004
0.702840
0.705558
0.708320
0.711042
0.713983
0.716390
0.719300
0.722156
0.724946
0.727722
0.730316
0.732918
0.735978
0.738424
0.741088
0.743787
0.746527
0.749049
0.751786
0.754285
0.756924
0.759480
0.761972
0.764525
0.766975
0.769423
0.771964
0.774353
0.776934
0.779072
0.781625
0.784066
0.786323
0.788906
0.791044
0.793096
0.795577
0.797802
0.800272
0.802331
0.804668
0.806817
0.809058
0.811462
0.813516
0.815799
0.817928
0.819805
0.822310
0.824372
0.826342
0.828446
0.830572
0.832603
0.834612
0.836869
0.838881
0.840998
0.842805
0.845012
0.846970
0.849137
0.850925
0.853090
0.854927
0.856977
0.858857
0.860947
0.862830
0.864707
0.866695
0.868580
0.870645
0.872242
0.874215
0.876054
0.878106
0.879849
0.881630
0.883779
0.885446
0.887336
0.889039
0.891031
0.892954
0.894567
0.896532
0.898312
0.899977
0.901717
0.903599
0.905439
0.907062
0.908815
0.910715
0.912300
0.914059
0.916027
0.917786
0.919316
0.921159
0.922794
0.924601
0.926411
0.928109
0.929746
0.931567
0.933126
0.934721
0.936437
0.938233
0.940031
0.941634
0.943366
0.945121
0.946594
0.948179
0.949994
0.951578
0.953200
0.954818
0.956631
0.958256
0.959941
0.961442
0.963126
0.964844
0.966367
0.968017
0.969590
0.971275
0.972886
0.974518
0.976151
0.977699
0.979383
0.980872
0.982387
0.983993
0.985757
0.987373
0.988882
0.990554
0.991898
0.993481
0.995038
0.996498
0.998343
0.999839
1.001276
1.002949
1.004387
1.005738
1.007217
1.008744
1.010259
1.011554
1.013032
1.014389
1.015808
1.017325
1.018534
1.019994
1.021353
1.022576
1.024000
1.025284
1.026511
1.027702
1.029086
1.030289
1.031392
1.032444
1.033849
1.034831
1.035993
1.037078
1.038158
1.039030
1.040284
1.041254
1.042214
1.043198
1.044228
1.045101
1.046004
1.046877
1.047908
1.048782
1.049596
1.050470
1.051379
1.052206
1.052958
1.053773
1.054514
1.055420
1.056061
1.056788
1.057581
1.058434
1.058983
1.059625
1.060241
1.060969
1.061677
1.062293
1.063054
1.063548
1.064165
1.064659
1.065242
1.065858
1.066353
1.066877
1.067382
1.067877
1.068460
1.069043
1.069426
1.069921
1.070445
1.070828
1.071323
1.071706
1.072263
1.072758
1.073107
1.073490
1.073959
1.074397
1.074771
1.075127
1.075477
1.075946
1.076368
1.076629
1.076986
1.077359
1.077716
1.078120
1.078470
1.078827
1.079088
1.079323
1.079706
1.080053
1.080315
1.080549
1.080933
1.081168
1.081429
1.081605
1.081867
1.082102
1.082459
1.082720
1.082955
1.083217
1.083451
1.083713
1.083835
1.084070
1.084332
1.084566
1.084566
1.084953
1.085242
1.085477
1.085626
1.085861
1.086122
1.086122
1.086357
1.086592
1.086741
1.086854
1.087089
1.087238
1.087473
1.087473
1.087708
1.087970
1.087970
1.088205
1.088479
1.088592
1.088714
1.088827
1.088976
1.089211
1.089264
1.089499
1.089499
1.089761
1.089761
1.089883
1.089996
1.090146
1.090259
1.090381
1.090494
1.090616
1.090616
1.090878
1.090878
1.091000
1.091113
1.091113
1.091375
1.091375
1.091403
1.091516
1.091516
1.091638
1.091751
1.091778
1.091900
1.091900
1.092013
1.092135
1.092135
1.092287
1.092436
1.092436
1.092436
1.092671
1.092671
1.092671
1.092793
1.092906
1.092934
1.092934
1.093056
1.093169
1.093169
1.093169
1.093291
1.093404
1.093404
1.093404
1.093553
1.093553
1.093666
1.093666
1.093743
1.093801
1.094328
1.094858
1.095418
1.096180
1.096778
1.097299
1.097976
1.098838
1.099481
1.100141
1.100611
1.101288
1.101824
1.102245
1.102777
1.102872
1.103176
1.103835
1.104063
1.104117
1.103858
1.103731
1.103685
1.103530
1.103924
1.104105
1.104128
1.104531
1.104586
1.104840
1.104814
1.105186
1.105045
1.105090
1.105128
1.105207
1.105347
1.105454
1.105500
1.105728
1.105854
1.105921
1.106017
1.106287
1.106196
1.106242
1.106335
1.106301
1.106310
1.106285
1.106433
1.106440
1.106596
1.106678
1.106729
1.106693
1.106362
1.106263
1.105849
1.105825
1.105571
1.105265
1.105189
1.105108
1.104765
1.104794
1.104507
1.104323
1.104469
1.104381
1.103922
1.103985
1.103722
1.103573
1.103434
1.103052
1.103074
1.103190
1.102954
1.102906
1.102635
1.102617
1.102667
1.102549
1.102601
1.102342
1.102243
1.101894
1.101778
1.101606
1.101587
1.101484
1.101328
1.101152
1.101097
1.101084
1.101136
1.101071
1.100853
1.100730
1.100629
1.100468
1.100471
1.100262
1.100254
1.100373
1.100197
1.100310
1.100343
1.100126
1.100148
1.100089
1.100275
1.100280
1.100221
1.100232
1.100266
1.100200
1.100199
1.100262
1.100280
1.100210
1.100218
1.100220
1.100204
1.100191
1.100091
1.100138
1.100007
1.100127
1.100173
1.100091
1.100079
1.100159
1.100158
1.100242
1.100115
1.100072
1.100029
1.100168
1.100233
1.100293
1.100207
1.100410
1.100463
1.100174
1.100178
1.100213
1.100176
1.100191
1.100119
1.100237
1.100316
1.100354
1.100263
1.100221
1.100330
1.100280
1.100281
1.100100
1.100154
1.100224
1.100189
1.100104
1.100103
1.100216
1.100215
1.100042
1.100094
1.100237
1.100207
1.100224
1.100273
1.100222
1.100120
1.100158
1.100194
1.100193
1.100115
1.100085
1.100006
1.100100
1.100063
1.100214
1.100117
1.100077
1.100156
1.100076
1.100098
1.100100
1.100073
1.099944
1.100111
1.100104
1.099986
1.100024
1.100108
1.100095
1.100095
1.099936
1.100116
1.100092
1.099949
1.100142
1.100198
1.100204
1.100264
1.100138
1.100006
1.100044
1.100048
1.100109
1.099865
1.099947
1.099943
1.099982
1.100051
1.099931
1.099919
1.099971
1.099918
1.099960
1.099925
1.099976
1.099961
1.099924
1.099835
1.099969
1.099959
1.099917
1.099918
1.099809
1.099917
1.099922
1.100046
1.100008
1.100147
1.100010
1.099991
1.100133
1.099968
1.099937
1.099940
1.099945
1.100068
1.100034
1.100105
1.099928
1.100047
1.100017
1.100007
1.099923
1.100051
1.099975
1.099883
1.099713
1.099791
1.099670
1.099579
1.099528
1.099467
1.099386
1.099206
1.099308
1.099229
1.099425
1.099357
1.099400
1.099364
1.099234
1.099196
1.098957
1.099006
1.099113
1.098863
1.098896
1.098704
1.098738
1.098556
1.098635
1.098481
1.098457
1.098163
1.098325
1.098234
1.098060
1.097898
1.097910
1.097876
1.097793
1.097624
1.097640
1.097642
1.097504
1.097593
1.097523
1.097592
1.097589
1.097492
1.097639
1.097601
1.097495
1.097317
1.097265
1.097344
1.097094
1.097208
1.097100
1.097214
1.097123
1.097084
1.097096
1.097084
1.097049
1.097016
1.097167
1.097015
1.096926
1.096999
1.096933
1.096761
1.096748
1.096791
1.096808
1.096912
1.096836
1.096639
1.096585
1.096604
1.096549
1.096754
1.096781
1.096591
1.096434
1.096596
1.096605
1.096494
1.096403
1.096572
1.096532
1.096388
1.096466
1.096502
1.096321
1.096337
1.096521
1.096508
1.096345
1.096287
1.096472
1.096409
1.096392
1.096290
1.096399
1.096340
1.096538
1.096826
1.096811
1.097034
1.097058
1.097126
1.097347
1.097318
1.097008
1.096810
1.096783
1.096900
1.096781
1.096543
1.096659
1.096598
1.096623
1.096581
1.096462
1.096312
1.096201
1.096167
1.096123
1.095798
1.095807
1.095760
1.095655
1.095597
1.095525
1.095509
1.095436
1.095504
1.095572
1.095639
1.095622
1.095551
1.095443
1.095444
1.095474
1.095481
1.095338
1.095369
1.095403
1.095479
1.095437
1.095478
1.095177
1.095101
1.095327
1.095420
1.095289
1.095351
1.095374
1.095243
1.095200
1.095303
1.095111
1.094983
1.094928
1.094917
1.094756
1.094789
1.094591
1.094339
1.094209
1.094216
1.094274
1.094304
1.094263
1.094311
1.094619
1.094701
1.094712
1.094850
1.095049
1.095009
1.095093
1.095140
1.095249
1.095463
1.095433
1.095679
1.095797
1.096034
1.096158
1.096336
1.096740
1.096943
1.097037
1.097324
1.097550
1.097828
1.098211
1.098650
1.098870
1.099121
1.099154
1.099265
1.099218
1.099226
1.099176
1.099438
1.099346
1.099346
1.099390
1.099341
1.099249
1.099171
1.099201
1.099143
1.099003
1.098913
1.099135
1.099003
1.098903
1.098865
1.098715
1.098648
1.098478
1.098541
1.098481
1.098519
1.098669
1.098810
1.099037
1.098940
1.098766
1.098825
1.098790
1.098854
1.099052
1.099402
1.099545
1.099824
1.100236
1.100325
1.100514
1.100813
1.101018
1.101221
1.101331
1.101675
1.101908
1.102010
1.102227
1.102524
1.102660
1.102870
1.103240
1.103512
1.103851
1.104263
1.104752
1.105040
1.105553
1.105910
1.106406
1.106783
1.107053
1.107242
1.107803
1.108157
1.108178
1.108424
1.108606
1.108851
1.108837
1.109085
1.109315
1.109481
1.109526
1.109686
1.109986
1.109928
1.109929
1.109967
1.109981
1.109821
1.109854
1.109776
1.109630
1.109506
1.109738
1.109555
1.109574
1.109261
1.108938
1.108755
1.108550
1.108299
1.108003
1.107941
1.107745
1.107521
1.107379
1.107147
1.106972
1.106737
1.106534
1.106352
1.106186
1.105908
1.105714
1.105649
1.105573
1.105406
1.105199
1.105125
1.104908
1.104718
1.104692
1.104481
1.104342
1.104417
1.104465
1.104451
1.104352
1.104145
1.104125
1.103984
1.103781
1.103692
1.103511
1.103445
1.103288
1.103227
1.103106
1.102955
1.102839
1.102743
1.102515
1.102621
1.102406
1.102321
1.102347
1.102294
1.102090
1.102025
1.102214
1.102096
1.101901
1.101983
1.101897
1.101710
1.101743
1.101849
1.101836
1.101988
1.101815
1.101886
1.101628
1.101454
1.101445
1.101475
1.101333
1.101379
1.101259
1.101126
1.101067
1.100975
1.100961
1.100830
1.100860
1.100802
1.100710
1.100740
1.100592
1.100584
1.100618
1.100610
1.100539
1.100332
1.100352
1.100343
1.100299
1.100427
1.100285
1.100381
1.100368
1.100368
1.100297
1.100229
1.100031
1.100165
1.100091
1.100035
1.100033
1.100011
1.099810
1.099965
1.099843
1.099742
1.099687
1.099800
1.099795
1.099592
1.099684
1.099764
1.099553
1.099566
1.099683
1.099512
1.099476
1.099661
1.099594
1.099688
1.099746
1.099697
1.099836
1.099754
1.099760
1.099877
1.099754
1.099760
1.099741
1.099831
1.099830
1.099823
1.099986
1.099890
1.099963
1.099886
1.100089
1.100085
1.100051
1.100133
1.100130
1.100130
1.100093
1.100288
1.100287
1.100245
1.100329
1.100342
1.100317
1.100373
1.100417
1.100294
1.100318
1.100415
1.100486
1.100486
1.100523
1.100409
1.100503
1.100508
1.100635
1.100658
1.100786
1.100811
1.100682
1.100800
1.100847
1.100849
1.100804
1.100969
1.100970
1.100884
1.100960
1.101010
1.100880
1.100840
1.101009
1.101016
1.100840
1.100963
1.101011
1.101129
1.101155
1.101052
1.101126
1.101038
1.100973
1.100810
1.100982
1.100957
1.100953
1.101019
1.101059
1.100941
1.100934
1.101044
1.101092
1.100936
1.100926
1.101045
1.100982
1.100893
1.101044
1.101014
1.100975
1.100967
1.100997
1.100986
1.100959
1.101087
1.101059
1.101254
1.101118
1.101137
1.101181
1.101093
1.101004
1.101013
1.101067
1.101031
1.101031
1.101115
1.101149
1.101101
1.101011
1.101146
1.101140
1.100968
1.100981
1.101144
1.101059
1.101054
1.101033
1.101138
1.101053
1.101074
1.101138
1.101053
1.100976
1.101052
1.101053
1.101151
1.101139
1.101212
1.101266
1.101128
1.101149
1.101060
1.100982
1.101023
1.101001
1.101082
1.101196
1.101211
1.101070
1.101181
1.101214
1.101225
1.101184
1.101097
1.101266
1.101229
1.101186
1.101350
1.101228
1.101223
1.101062
1.101146
1.101106
1.101116
1.101215
1.101309
1.101438
1.101307
1.101410
1.101338
1.101299
1.101265
1.101386
1.101259
1.101238
1.101412
1.101362
1.101238
1.101352
1.101395
1.101386
1.101224
1.101394
1.101274
1.101183
1.101230
1.101276
1.101269
1.101229
1.101275
1.101275
1.101263
1.101223
1.101275
1.101273
1.101212
1.101273
1.101340
1.101440
1.101647
1.101445
1.101351
1.101255
1.101379
1.101236
1.101202
1.101318
1.101336
1.101290
1.101392
1.101388
1.101319
1.101275
1.101383
1.101385
1.101318
1.101394
1.101387
1.101321
1.101437
1.101386
1.101443
1.101409
1.101396
1.101453
1.101482
1.101477
1.101530
1.101650
1.101592
1.101697
1.101573
1.101434
1.101488
1.101529
1.101508
1.101462
1.101546
1.101513
1.101497
1.101500
1.101528
1.101494
1.101403
1.101324
1.101527
1.101499
1.101276
1.101529
1.101499
1.101401
1.101409
1.101497
1.101408
1.101401
1.101450
1.101395
1.101356
1.101493
1.101442
1.101641
1.101494
1.101528
1.101573
1.101406
1.101327
1.101379
1.101344
1.101426
1.101416
1.101635
1.101415
1.101409
1.101402
1.101453
1.101411
1.101325
1.101542
1.101414
1.101414
1.101409
1.101456
1.101408
1.101533
1.101529
1.101576
1.101426
1.101305
1.101499
1.101495
1.101498
1.101468
1.101494
1.101493
1.101407
1.101373
1.101414
1.101430
1.101427
1.101313
1.101379
1.101419
1.101296
1.101413
1.101365
1.101410
1.101293
1.101412
1.101363
1.101325
1.101295
1.101406
1.101409
1.101294
1.101408
1.101451
1.101323
1.101300
1.101270
1.101203
1.101368
1.101370
1.101431
1.101505
1.101253
1.101165
1.101332
1.101210
1.101103
1.101101
1.101309
1.101192
1.101175
1.101298
1.101292
1.101177
1.101218
1.101294
1.101206
1.101171
1.101179
1.101209
1.101207
1.101178
1.101291
1.101206
1.101089
1.101173
1.101301
1.101232
1.101258
1.101287
1.101256
1.101266
1.101259
1.101133
1.101251
1.101134
1.101062
1.101070
1.101244
1.100992
1.101070
1.101066
1.101092
1.101145
1.101056
1.101095
1.101088
1.101060
1.100973
1.101091
1.101091
1.100973
1.101182
1.101089
1.101056
1.101174
1.101086
1.101095
1.101043
1.101088
1.101259
1.101340
1.101233
1.101395
1.101250
1.101077
1.101168
1.101184
1.101100
1.101222
1.101200
1.101190
1.101095
1.101316
1.101183
1.101171
1.101205
1.101097
1.101182
1.101202
1.101173
1.101177
1.101169
1.101084
1.101175
1.101175
1.101282
1.101218
1.101097
1.101268
1.101251
1.101249
1.101132
1.101201
1.101221
1.101178
1.101135
1.101141
1.101055
1.101028
1.101108
1.101154
1.101117
1.101153
1.101150
1.101137
1.101059
1.101145
1.101139
1.101192
1.101060
1.101149
1.101142
1.101060
1.101148
1.101059
1.101187
1.101147
1.101144
1.101197
1.101227
1.101226
1.101272
1.101224
1.101335
1.101229
1.101221
1.101186
1.101067
1.101150
1.101157
1.101091
1.101166
1.101157
1.101119
1.101075
1.101148
1.101144
1.101111
1.101146
1.101148
1.101064
1.101074
1.101149
1.100978
1.100859
1.100850
1.100549
1.100463
1.100308
1.100221
1.100032
1.099874
1.099881
1.099746
1.099847
1.099836
1.099884
1.099788
1.099669
1.099301
1.099399
1.099195
1.099291
1.099149
1.099340
1.099564
1.099596
1.099536
1.099745
1.099701
1.099569
1.099775
1.100240
1.100531
1.100422
1.100194
1.099958
1.099996
1.100040
1.100324
1.100270
1.100250
1.100304
1.100390
1.100504
1.100386
1.100521
1.100431
1.100490
1.100270
1.100245
1.100270
1.100357
1.100506
1.100881
1.100736
1.100836
1.101086
1.101127
1.101003
1.101164
1.101248
1.101193
1.101276
1.101358
1.101402
1.101478
1.101441
1.101562
1.101705
1.101649
1.101697
1.101850
1.101897
1.102062
1.102003
1.101923
1.101702
1.101768
1.101680
1.101860
1.101987
1.102293
1.102670
1.102593
1.102737
1.102571
1.102696
1.102748
1.102802
1.102898
1.102950
1.103522
1.104036
1.103910
1.103809
1.103740
1.103461
1.103505
1.103541
1.103734
1.103627
1.103831
1.103813
1.103744
1.103513
1.103458
1.103319
1.103239
1.103342
1.103725
1.103905
1.104119
1.104227
1.104484
1.104544
1.104366
1.104222
1.104331
1.104463
1.104686
1.104856
1.105037
1.105091
1.105214
1.105062
1.105161
1.105135
1.105289
1.105395
1.105615
1.105948
1.106095
1.106276
1.106271
1.105888
1.105831
1.105639
1.105504
1.105556
1.105888
1.106014
1.106132
1.106367
1.106311
1.106093
1.106525
1.106619
1.106668
1.106810
1.106785
1.106764
1.106566
1.106769
1.107313
1.107749
1.107795
1.107914
1.108169
1.108294
1.108402
1.108611
1.108745
1.108834
1.108707
1.108757
1.108697
1.108614
1.108527
1.108620
1.108651
1.108773
1.108953
1.108962
1.108943
1.108799
1.108732
1.108578
1.108429
1.108255
1.108244
1.108720
1.108954
1.108702
1.108268
1.107889
1.107642
1.107542
1.107464
1.107299
1.107365
1.107555
1.107589
1.107656
1.107744
1.107715
1.107479
1.107211
1.106826
1.106734
1.106852
1.107005
1.107218
1.107565
1.107738
1.107770
1.107925
1.108143
1.108179
1.108223
1.108361
1.108442
1.108569
1.108667
1.108772
1.108829
1.108967
1.108886
1.108829
1.108872
1.108864
1.108765
1.109133
1.109260
1.109616
1.109743
1.109487
1.109194
1.109032
1.108796
1.108596
1.108741
1.108745
1.108727
1.108876
1.108861
1.109051
1.109154
1.109132
1.108909
1.108957
1.108861
1.108890
1.108797
1.108546
1.108425
1.108153
1.107981
1.107924
1.107879
1.107951
1.107917
1.107851
1.107877
1.108107
1.108134
1.108099
1.108219
1.108269
1.108327
1.108314
1.108362
1.108471
1.108561
1.108864
1.109258
1.109545
1.109804
1.110199
1.110642
1.110843
1.111337
1.111684
1.112115
1.112612
1.113175
1.113537
1.114091
1.114579
1.115041
1.115559
1.116045
1.116709
1.117191
1.117361
1.117709
1.117806
1.118130
1.118277
1.118822
1.119221
1.119718
1.120163
1.120596
1.120919
1.121367
1.121696
1.122100
1.122591
1.122906
1.123362
1.123887
1.124424
1.124937
1.125436
1.125744
1.126229
1.126787
1.127215
1.127649
1.128267
1.128565
1.128979
1.129442
1.129946
1.130043
1.130373
1.130698
1.130946
1.131075
1.131706
1.132030
1.132420
1.132665
1.133268
1.133565
1.133856
1.134190
1.134329
1.134432
1.134356
1.134632
1.134558
1.134414
1.134311
1.134146
1.133883
1.133702
1.133740
1.133449
1.133106
1.133028
1.132784
1.132430
1.132100
1.132043
1.131607
1.131360
1.130966
1.130705
1.130279
1.129962
1.129672
1.129402
1.128943
1.128700
1.128520
1.128122
1.127833
1.127590
1.127275
1.126935
1.126550
1.126182
1.125734
1.125310
1.124977
1.124477
1.124070
1.123715
1.123428
1.122919
1.122542
1.122229
1.121932
1.121508
1.121162
1.120867
1.120438
1.120009
1.119693
1.119242
1.119134
1.118704
1.118477
1.118130
1.117956
1.117703
1.117378
1.117243
1.116821
1.116574
1.116475
1.116019
1.115800
1.115681
1.115323
1.115180
1.114829
1.114550
1.114435
1.114210
1.113969
1.113742
1.113630
1.113275
1.113107
1.112853
1.112808
1.112577
1.112457
1.112235
1.112183
1.111938
1.111774
1.111409
1.111138
1.110856
1.110748
1.110642
1.110534
1.110372
1.110158
1.109965
1.109798
1.109858
1.109651
1.109463
1.109217
1.109185
1.109100
1.108910
1.108830
1.108678
1.108555
1.108358
1.108316
1.108160
1.108024
1.107871
1.107894
1.107742
1.107622
1.107445
1.107379
1.107261
1.106945
1.106781
1.106705
1.106604
1.106439
1.106439
1.106278
1.106111
1.105944
1.105942
1.105785
1.105617
1.105496
1.105413
1.105417
1.105265
1.105224
1.104996
1.104924
1.104853
1.104688
1.104690
1.104701
1.104440
1.104529
1.104553
1.104461
1.104408
1.104261
1.104261
1.104073
1.103950
1.103694
1.103543
1.103477
1.103522
1.103517
1.103387
1.103258
1.103137
1.103093
1.103050
1.103066
1.102939
1.102811
1.102895
1.102910
1.102736
1.102735
1.102631
1.102627
1.102583
1.102515
1.102455
1.102330
1.102373
1.102379
1.102317
1.102311
1.102225
1.102225
1.102106
1.101948
1.101878
1.101876
1.101929
1.101934
1.101925
1.101829
1.101794
1.101802
1.101792
1.101793
1.101643
1.101684
1.101809
1.101780
1.101783
1.101690
1.101686
1.101664
1.101664
1.101568
1.101524
1.101468
1.101560
1.101441
1.101539
1.101608
1.101519
1.101585
1.101514
1.101428
1.101346
1.101214
1.101314
1.101406
1.101354
1.101402
1.101365
1.101362
1.101221
1.101271
1.101281
1.101231
1.101314
1.101314
1.101284
1.101234
1.101281
1.101195
1.100994
1.101045
1.101045
1.100913
1.101003
1.101024
1.100991
1.101008
1.100871
1.100985
1.100967
1.100846
1.100802
1.100847
1.100853
1.100731
1.100868
1.100867
1.100816
1.100742
1.100736
1.100691
1.100806
1.100735
1.100733
1.100691
1.100692
1.100618
1.100692
1.100691
1.100732
1.100573
1.100570
1.100687
1.100731
1.100578
1.100550
1.100721
1.100647
1.100890
1.100799
1.100741
1.100663
1.100531
1.100480
1.100537
1.100494
1.100466
1.100466
1.100582
1.100545
1.100457
1.100452
1.100450
1.100421
1.100454
1.100445
1.100453
1.100424
1.100446
1.100453
1.100453
1.100420
1.100444
1.100449
1.100457
1.100477
1.100473
1.100491
1.100651
1.100648
1.100631
1.100474
1.100504
1.100499
1.100462
1.100404
1.100400
1.100518
1.100357
1.100394
1.100388
1.100461
1.100342
1.100387
1.100385
1.100228
1.100390
1.100302
1.100358
1.100221
1.100386
1.100386
1.100313
1.100217
1.100394
1.100333
1.100412
1.100435
1.100378
1.100412
1.100388
1.100434
1.100318
1.100352
1.100308
1.100314
1.100253
1.100321
1.100314
1.100247
1.100240
1.100306
1.100274
1.100240
1.100238
1.100188
1.100243
1.100240
1.100189
1.100328
1.100239
1.100232
1.100236
1.100332
1.100303
1.100261
1.100402
1.100311
1.100510
1.100314
1.100332
1.100200
1.100320
1.100284
1.100218
1.100221
1.100298
1.100261
1.100215
1.100209
1.100283
1.100251
1.100208
1.100257
1.100254
1.100211
1.100123
1.100252
1.100254
1.100207
1.100349
1.100138
1.100341
1.100357
1.100319
1.100418
1.100422
1.100458
1.100447
1.100437
1.100558
1.100428
1.100315
1.100314
1.100286
1.100364
1.100240
1.100286
1.100233
1.100315
1.100392
1.100269
1.100138
1.100313
1.100307
1.100141
1.100226
1.100307
1.100270
1.100225
1.100313
1.100354
1.100311
1.100137
1.100311
1.100292
1.100332
1.100389
1.100468
1.100498
1.100482
1.100361
1.100238
1.100307
1.100312
1.100203
1.100208
1.100325
1.100322
1.100208
1.100283
1.100311
1.100223
1.100202
1.100107
1.100311
1.100153
1.100198
1.100312
1.100312
1.100116
1.100193
1.100311
1.100235
1.100291
1.100292
1.100335
1.100361
1.100519
1.100451
1.100458
1.100463
1.100458
1.100364
1.100354
1.100294
1.100214
1.100168
1.100420
1.100388
1.100376
1.100243
1.100378
1.100378
1.100282
1.100240
1.100380
1.100285
1.100242
1.100242
1.100371
1.100241
1.100153
1.100407
1.100370
1.100238
1.100245
1.100434
1.100313
1.100425
1.100396
1.100492
1.100409
1.100406
1.100232
1.100248
1.100328
1.100248
1.100245
1.100266
1.100334
1.100238
1.100254
1.100209
1.100324
1.100232
1.100252
1.100209
1.100235
1.100232
1.100210
1.100320
1.100231
1.100231
1.100121
1.100316
1.100238
1.100185
1.100392
1.100265
1.100390
1.100372
1.100284
1.100397
1.100397
1.100226
1.100203
1.100327
1.100245
1.100129
1.100209
1.100238
1.100232
1.100287
1.100199
1.100144
1.100179
1.100202
1.100029
1.100107
1.100243
1.100119
1.100204
1.100271
1.100204
1.100204
1.100184
1.100052
1.100025
1.100060
1.100122
1.100228
1.100097
1.100216
1.100119
1.100082
1.100040
1.100164
1.100048
1.100177
1.100176
1.100052
1.100119
1.100252
1.100163
1.100037
1.100105
1.100033
1.099961
1.100009
1.099947
1.099787
1.099836
1.099659
1.099674
1.099691
1.099744
1.099659
1.099592
1.099805
1.099574
1.099538
1.099539
1.099553
1.099470
1.099633
1.099495
1.099497
1.099320
1.099238
1.099014
1.099213
1.099218
1.098936
1.098953
1.099029
1.098781
1.098708
1.098665
1.098444
1.098377
1.098239
1.098172
1.098078
1.098186
1.098564
1.098499
1.098314
1.098335
1.098211
1.097955
1.097859
1.098153
1.098529
1.098648
1.098859
1.099161
1.099292
1.099258
1.099660
1.099752
1.099637
1.099824
1.100178
1.100308
1.100187
1.099930
1.099794
1.099688
1.099720
1.099636
1.099691
1.099672
1.099673
1.099846
1.099467
1.099576
1.099482
1.099355
1.099032
1.099045
1.099224
1.099356
1.099539
1.099719
1.099931
1.100199
1.100256
1.100205
1.100192
1.100048
1.100256
1.100473
1.100473
1.100622
1.100653
1.100742
1.100663
1.100766
1.100794
1.100940
1.100927
1.100897
1.100909
1.100835
1.100648
1.100501
1.100436
1.100304
1.100144
1.100250
1.100289
1.100683
1.100730
1.100783
1.100479
1.100139
1.100107
1.099981
1.100152
1.100194
1.100292
1.100415
1.100187
1.100128
1.099907
1.099692
1.099359
1.099223
1.099091
1.098684
1.098332
1.097998
1.097559
1.097099
1.096846
1.096412
1.096313
1.096163
1.095084
1.093670
1.091979
1.090216
1.088227
1.086648
1.084903
1.083253
1.081373
1.079343
1.077602
1.075890
1.073444
1.070804
1.067839
1.064346
1.061857
1.058124
1.054152
1.050058
1.045560
1.041018
1.036324
1.031559
1.026718
1.021732
1.016774
1.011540
1.006347
1.001049
0.996218
0.991251
0.986819
0.981827
0.977255
0.972545
0.967649
0.962504
0.957465
0.952515
0.947498
0.942445
0.937676
0.932818
0.927832
0.922711
0.917834
0.913029
0.907983
0.903171
0.898226
0.893430
0.888560
0.883755
0.878986
0.874074
0.869253
0.864834
0.860053
0.855185
0.850615
0.846534
0.842318
0.838379
0.834104
0.830093
0.825041
0.820310
0.815264
0.810001
0.804654
0.799597
0.794304
0.789500
0.784811
0.780701
0.776316
0.771936
0.767795
0.763399
0.759326
0.754883
0.750914
0.746713
0.742583
0.738718
0.734779
0.730737
0.726944
0.723049
0.719325
0.715727
0.711766
0.708223
0.704451
0.700842
0.697557
0.693814
0.690175
0.686873
0.683234
0.680329
0.676790
0.673137
0.670129
0.666842
0.663614
0.660663
0.657378
0.654447
0.651547
0.648864
0.646331
0.643831
0.641385
0.639112
0.636756
0.634296
0.632176
0.629691
0.627514
0.625208
0.622673
0.620453
0.617942
0.615437
0.613117
0.610407
0.608197
0.605116
0.602380
0.600469
0.597770
0.595636
0.593660
0.591515
0.589992
0.587817
0.585970
0.584356
0.582182
0.580125
0.578398
0.576088
0.574102
0.572074
0.570064
0.568081
0.565891
0.563719
0.561836
0.559778
0.557341
0.555597
0.553301
0.551598
0.550353
0.548341
0.547117
0.545073
0.543204
0.541421
0.539155
0.537011
0.534890
0.532761
0.530846
0.528590
0.526296
0.524526
0.522181
0.519817
0.518045
0.516033
0.513901
0.510975
0.508415
0.506823
0.504428
0.501561
0.499401
0.496867
0.495366
0.493441
0.491141
0.489668
0.487559
0.486207
0.484355
0.482100
0.480083
0.478490
0.476201
0.474227
0.471816
0.469445
0.467400
0.464690
0.462352
0.460317
0.458524
0.456714
0.454795
0.453043
0.451677
0.450123
0.448603
0.447628
0.446475
0.444886
0.444278
0.442995
0.442256
0.441200
0.440037
0.439512
0.438488
0.437588
0.436858
0.436047
0.435499
0.434580
0.433801
0.433447
0.432782
0.432334
0.432412
0.432114
0.432013
0.432160
0.432328
0.432650
0.432906
0.433065
0.433630
0.433986
0.434495
0.434869
0.435446
0.435970
0.436416
0.436551
0.437020
0.437550
0.437825
0.438352
0.438990
0.439136
0.439437
0.439505
0.440027
0.440099
0.440402
0.440667
0.440872
0.440841
0.441128
0.441171
0.441458
0.441573
0.441459
0.441622
0.441853
0.441657
0.441726
0.441538
0.441466
0.441626
0.441568
0.441537
0.441371
0.440991
0.441149
0.440754
0.440502
0.440276
0.440224
0.440061
0.439671
0.439445
0.439260
0.438846
0.438390
0.438164
0.437643
0.437504
0.437103
0.436695
0.435982
0.435762
0.435248
0.434851
0.434404
0.433835
0.433446
0.432805
0.432331
0.431891
0.431447
0.431063
0.430418
0.430220
0.429715
0.429388
0.428845
0.428524
0.427783
0.427678
0.427032
0.426475
0.425889
0.425270
0.425067
0.424336
0.423669
0.422909
0.422165
0.421754
0.421075
0.420472
0.419885
0.419210
0.418415
0.418011
0.417320
0.416656
0.416026
0.415409
0.414872
0.414311
0.414013
0.413374
0.412542
0.412038
0.411673
0.411067
0.410679
0.410147
0.409633
0.409309
0.408694
0.408215
0.407628
0.407044
0.406522
0.405991
0.405281
0.404667
0.404163
0.403625
0.403084
0.402634
0.401905
0.401474
0.400672
0.400313
0.399913
0.399116
0.398583
0.398046
0.397450
0.397076
0.396578
0.396009
0.395271
0.394868
0.394412
0.393925
0.393199
0.392817
0.392341
0.391703
0.391195
0.390752
0.390334
0.389478
0.389180
0.388716
0.388061
0.387521
0.387100
0.386348
0.386140
0.385502
0.384757
0.384425
0.383771
0.383376
0.382629
0.382146
0.381598
0.381152
0.380417
0.380097
0.379383
0.378857
0.378398
0.377679
0.377067
0.376599
0.375849
0.375706
0.374764
0.374264
0.373946
0.372861
0.372431
0.371884
0.371409
0.370892
0.370101
0.369637
0.368834
0.368361
0.367842
0.367493
0.366787
0.366170
0.365864
0.365133
0.364591
0.364193
0.363602
0.363224
0.362660
0.362165
0.361653
0.361220
0.360694
0.360465
0.359848
0.359253
0.358812
0.358315
0.357961
0.357654
0.356950
0.356655
0.356123
0.355847
0.355294
0.355168
0.354569
0.354160
0.353553
0.353341
0.353111
0.352659
0.352270
0.351673
0.351433
0.351227
0.350830
0.350296
0.350097
0.349775
0.349444
0.349120
0.348548
0.348424
0.347948
0.347902
0.347520
0.347151
0.346704
0.346494
0.346173
0.345944
0.345750
0.345330
0.345137
0.344677
0.344480
0.344258
0.344100
0.343833
0.343562
0.343268
0.342913
0.342785
0.342672
0.342345
0.342188
0.341920
0.341622
0.341630
0.341185
0.341078
0.341033
0.340504
0.340231
0.340362
0.340161
0.339887
0.339632
0.339543
0.339312
0.339198
0.338926
0.338667
0.338572
0.338321
0.338380
0.337975
0.338030
0.337809
0.337552
0.337607
0.337363
0.337131
0.337105
0.336939
0.336830
0.336560
0.336539
0.336592
0.336144
0.335820
0.335856
0.335744
0.335707
0.335557
0.335401
0.335282
0.335002
0.334948
0.334953
0.334862
0.334652
0.334486
0.334342
0.334436
0.334191
0.334114
0.334060
0.333737
0.333794
0.333863
0.333422
0.333444
0.333292
0.333368
0.333203
0.332972
0.333019
0.332874
0.332723
0.332680
0.332608
0.332274
0.332307
0.332188
0.332337
0.332267
0.331926
0.331899
0.331896
0.331669
0.331526
0.331483
0.331451
0.331503
0.331164
0.331203
0.331053
0.330894
0.330955
0.330888
0.330769
0.330661
0.330414
0.330353
0.330313
0.330072
0.330135
0.330068
0.329908
0.329798
0.329827
0.329686
0.329675
0.329508
0.329339
0.329381
0.329266
0.329321
0.329165
0.329145
0.329248
0.329043
0.328976
0.328844
0.328700
0.328600
0.328500
0.328459
0.328464
0.328383
0.328407
0.328344
0.328209
0.327994
0.328128
0.327994
0.327734
0.327868
0.327654
0.327754
0.327781
0.327706
0.327568
0.327510
0.327377
0.327329
0.327297
0.327132
0.326972
0.327058
0.327058
0.326886
0.326893
0.326872
0.326838
0.326684
0.326503
0.326339
0.326530
0.326318
0.326265
0.326051
0.326045
0.325961
0.325978
0.325738
0.325910
0.325779
0.325693
0.325699
0.325608
0.325613
0.325515
0.325222
0.325435
0.325209
0.325149
0.325137
0.325045
0.324957
0.325077
0.325068
0.325115
0.324996
0.324731
0.324971
0.324764
0.324812
0.324764
0.324773
0.324613
0.324705
0.324523
0.324634
0.324484
0.324551
0.324494
0.324512
0.324535
0.324481
0.324613
0.324498
0.324587
0.324498
0.324604
0.324584
0.324527
0.324512
0.324510
0.324453
0.324713
0.324713
0.324663
0.324811
0.324587
0.324744
0.324840
0.324727
0.324882
0.324981
0.324757
0.324981
0.325011
0.325060
0.325080
0.324955
0.325159
0.325041
0.325054
0.325279
0.325140
0.325358
0.325308
0.325253
0.325387
0.325408
0.325352
0.325426
0.325562
0.325631
0.325730
0.325576
0.325809
0.325830
0.325705
0.325909
0.325861
0.325930
0.326029
0.325960
0.326108
0.326129
0.325905
0.326190
0.326229
0.326230
0.326333
0.326365
0.326494
0.326533
0.326465
0.326594
0.326633
0.326616
0.326818
0.326789
0.326840
0.326857
0.326871
0.327018
0.327058
0.326815
0.327118
0.327071
0.327141
0.327171
0.327184
0.327398
0.327254
0.327285
0.327430
0.327385
0.327424
0.327530
0.327486
0.327456
0.327486
0.327518
0.327631
0.327586
0.327533
0.327763
0.327619
0.327759
0.327720
0.327843
0.327987
0.327944
0.327944
0.328020
0.328045
0.327822
0.328063
0.328077
0.328149
0.328146
0.328110
0.328323
0.328110
0.328125
0.328286
0.328211
0.328226
0.328312
0.328312
0.328387
0.328312
0.328276
0.328489
0.328344
0.328292
0.328445
0.328378
0.328324
0.328547
0.328479
0.328497
0.328580
0.328426
0.328706
0.328613
0.328527
0.328613
0.328613
0.328613
0.328838
0.328770
0.328839
0.328665
0.328663
0.328608
0.328767
0.328595
0.328767
0.328680
0.328767
0.328698
0.328696
0.328699
0.328800
0.328628
0.328641
0.328782
0.328699
0.328743
0.328714
0.328699
0.328732
0.328628
0.328641
0.328612
0.328699
0.328573
0.328612
0.328699
0.328573
0.328526
0.328529
0.328505
0.328526
0.328471
0.328386
0.328529
0.328404
0.328425
0.328427
0.328302
0.328357
0.328302
0.328302
0.328326
0.328302
0.328409
0.328326
0.328302
0.328323
0.328306
0.328306
0.328360
0.328306
0.328413
0.328363
0.328306
0.328536
0.328487
0.328429
0.328383
0.328429
0.328469
0.328453
0.328429
0.328469
0.328385
0.328469
0.328383
0.328429
0.328469
0.328383
0.328362
0.328469
0.328385
0.328469
0.328383
0.328419
0.328469
0.328315
0.328362
0.328469
0.328419
0.328487
0.328401
0.328419
0.328469
0.328349
0.328362
0.328502
0.328349
0.328487
0.328502
0.328419
0.328520
0.328416
0.328521
0.328502
0.328349
0.328520
0.328502
0.328453
0.328520
0.328604
0.328453
0.328520
0.328450
0.328395
0.328604
0.328520
0.328622
0.328536
0.328520
0.328554
0.328450
0.328554
0.328536
0.328552
0.328554
0.328638
0.328554
0.328536
0.328638
0.328486
0.328638
0.328484
0.328531
0.328638
0.328588
0.328638
0.328570
0.328588
0.328638
0.328519
0.328513
0.328672
0.328519
0.328615
0.328605
0.328690
0.328740
0.328519
0.328690
0.328605
0.328621
0.328615
0.328707
0.328690
0.328649
0.328707
0.328690
0.328774
0.328621
0.328667
0.328774
0.328722
0.328649
0.329000
0.328915
0.328773
0.328932
0.328915
0.328875
0.328846
0.328773
0.329000
0.328915
0.328773
0.329000
0.328915
0.328875
0.328846
0.328773
0.328875
0.328846
0.328773
0.328705
0.328897
0.328773
0.328744
0.328830
0.328705
0.328744
0.328671
0.328705
0.328796
0.328604
0.328744
0.328796
0.328604
0.328643
0.328604
0.328604
0.328712
0.328604
0.328728
0.328626
0.328604
0.328643
0.328559
0.328604
0.328575
0.328604
0.328728
0.328644
0.328604
0.328661
0.328559
0.328604
0.328575
0.328502
0.328661
0.328577
0.328604
0.328661
0.328577
0.328604
0.328575
0.328559
0.328661
0.328508
0.328604
0.328661
0.328577
0.328604
0.328508
0.328661
0.328661
0.328508
0.328604
0.328594
0.328679
0.328604
0.328594
0.328661
0.328661
0.328610
0.328604
0.328594
0.328610
0.328604
0.328696
0.328661
0.328705
0.328610
0.328661
0.328763
0.328610
0.328705
0.328763
0.328661
0.328705
0.328696
0.328763
0.328830
0.328712
0.328705
0.328830
0.328712
0.328705
0.328865
0.328763
0.328705
0.328712
0.328763
0.328865
0.328712
0.328807
0.328865
0.328763
0.328740
0.328798
0.328864
0.328740
0.328712
0.328740
0.328798
0.328796
0.328740
0.328798
0.328797
0.328673
0.328712
0.328797
0.328673
0.328729
0.328673
0.328673
0.328695
0.328673
0.328645
0.328695
0.328673
0.328627
0.328571
0.328673
0.328695
0.328571
0.328571
0.328695
0.328571
0.328610
0.328695
0.328571
0.328525
0.328638
0.328571
0.328594
0.328638
0.328696
0.328594
0.328571
0.328610
0.328536
0.328571
0.328594
0.328536
0.328696
0.328594
0.328469
0.328610
0.328536
0.328571
0.328525
0.328536
0.328696
0.328594
0.328571
0.328610
0.328594
0.328571
0.328525
0.328469
0.328696
0.328594
0.328571
0.328629
0.328527
0.328571
0.328525
0.328571
0.328629
0.328627
0.328571
0.328629
0.328628
0.328504
0.328645
0.328628
0.328629
0.328627
0.328571
0.328731
0.328695
0.328673
0.328731
0.328628
0.328606
0.328645
0.328673
0.328731
0.328729
0.328673
0.328731
0.328797
0.328673
0.328747
0.328730
0.328606
0.328729
0.328673
0.328833
0.328797
0.328673
0.328729
0.328730
0.328606
0.328729
0.328673
0.328606
0.328797
0.328673
0.328731
0.328730
0.328606
0.328627
0.328730
0.328606
0.328560
0.328606
0.328606
0.328628
0.328606
0.328560
0.328628
0.328606
0.328560
0.328504
0.328504
0.328628
0.328504
0.328504
0.328628
0.328504
0.328525
0.328504
0.328504
0.328459
0.328504
0.328504
0.328527
0.328504
0.328611
0.328628
0.328504
0.328525
0.328504
0.328504
0.328527
0.328504
0.328611
0.328628
0.328504
0.328525
0.328504
0.328504
0.328560
0.328504
0.328731
0.328628
0.328504
0.328560
0.328561
0.328606
0.328560
0.328504
0.328731
0.328628
0.328606
0.328664
0.328663
0.328606
0.328560
0.328606
0.328606
0.328662
0.328606
0.328664
0.328663
0.328606
0.328560
0.328663
0.328606
0.328662
0.328606
0.328731
0.328663
0.328606
0.328713
0.328663
0.328606
0.328662
0.328606
0.328606
0.328730
0.328606
0.328713
0.328663
0.328606
0.328560
0.328663
0.328606
0.328560
0.328606
0.328606
0.328561
0.328606
0.328560
0.328561
0.328606
0.328560
0.328606
0.328539
0.328561
0.328606
0.328521
0.328561
0.328606
0.328560
0.328561
0.328539
0.328494
0.328504
0.328539
0.328561
0.328504
0.328560
0.328561
0.328437
0.328494
0.328504
0.328539
0.328561
0.328504
0.328646
0.328561
0.328504
0.328494
0.328504
0.328606
0.328494
0.328504
0.328646
0.328561
0.328504
0.328646
0.328561
0.328606
0.328494
0.328504
0.328539
0.328561
0.328504
0.328646
0.328561
0.328606
0.328560
0.328504
0.328539
0.328494
0.328504
0.328664
0.328561
0.328606
0.328560
0.328561
0.328539
0.328494
0.328504
0.328664
0.328561
0.328606
0.328560
0.328561
0.328539
0.328494
0.328606
0.328539
0.328494
0.328606
0.328646
0.328561
0.328606
0.328494
0.328663
0.328539
0.328494
0.328606
0.328521
0.328561
0.328606
0.328646
0.328561
0.328606
0.328494
0.328504
0.328539
0.328561
0.328504
0.328521
0.328561
0.328504
0.328494
0.328561
0.328437
0.328494
0.328504
0.328437
0.328561
0.328504
0.328459
0.328561
0.328437
0.328392
0.328504
0.328437
0.328561
0.328504
0.328545
0.328561
0.328504
0.328392
0.328504
0.328437
0.328494
0.328504
0.328545
0.328561
0.328504
0.328392
0.328561
0.328437
0.328494
0.328504
0.328437
0.328561
0.328504
0.328580
0.328561
0.328437
0.328494
0.328504
0.328539
0.328494
0.328504
0.328664
0.328561
0.328606
0.328580
0.328561
0.328606
0.328494
0.328606
0.328539
0.328561
0.328606
0.328646
0.328561
0.328606
0.328494
0.328504
0.328539
0.328494
0.328606
0.328521
0.328561
0.328606
0.328494
0.328561
0.328539
0.328494
0.328504
0.328521
0.328561
0.328504
0.328369
0.328561
0.328437
0.328494
0.328504
0.328371
0.328561
0.328504
0.328353
0.328561
0.328437
0.328392
0.328561
0.328371
0.328494
0.328504
0.328371
0.328561
0.328504
0.328478
0.328561
0.328437
0.328494
0.328504
0.328437
0.328561
0.328504
0.328580
0.328561
0.328504
0.328494
0.328504
0.328504
0.328494
0.328504
0.328646
0.328561
0.328504
0.328494
0.328561
0.328539
0.328494
0.328504
0.328539
0.328561
0.328504
0.328580
0.328561
0.328539
0.328494
0.328504
0.328472
0.328494
0.328504
0.328455
0.328561
0.328437
0.328494
0.328561
0.328472
0.328494
0.328504
0.328472
0.328561
0.328437
0.328580
0.328561
0.328371
0.328494
0.328504
0.328455
0.328494
0.328504
0.328455
0.328561
0.328504
0.328494
0.328561
0.328437
0.328494
0.328504
0.328420
0.328561
0.328504
0.328353
0.328561
0.328437
0.328392
0.328504
0.328437
0.328561
0.328504
0.328353
0.328561
0.328437
0.328392
0.328561
0.328371
0.328494
0.328504
0.328371
0.328561
0.328437
0.328392
0.328561
0.328371
0.328494
0.328504
0.328353
0.328561
0.328437
0.328580
0.328561
0.328371
0.328494
0.328504
0.328472
0.328494
0.328504
0.328455
0.328561
0.328437
0.328580
0.328561
0.328472
0.328494
0.328504
0.328472
0.328561
0.328504
0.328580
0.328561
0.328437
0.328494
0.328504
0.328539
0.328494
0.328504
0.328455
0.328561
0.328437
0.327448
0.325901
0.324051
0.322691
0.322165
0.320318
0.318439
0.316579
0.314507
0.312701
0.310632
0.308473
0.306876
0.305201
0.302991
0.300923
0.298727
0.296413
0.293771
0.291140
0.288706
0.285629
0.282544
0.279426
0.276387
0.272896
0.269517
0.265985
0.262683
0.258954
0.255511
0.251836
0.248205
0.244466
0.240971
0.237484
0.233688
0.230221
0.226501
0.223173
0.219582
0.216266
0.212943
0.209535
0.206036
0.202784
0.199873
0.196346
0.193312
0.190082
0.187132
0.184039
0.180985
0.177923
0.175022
0.172025
0.169249
0.166328
0.163387
0.160781
0.157736
0.155035
0.152224
0.149608
0.147011
0.144319
0.141511
0.138961
0.136468
0.133992
0.131359
0.129126
0.126700
0.124283
0.121906
0.119675
0.117565
0.115602
0.113277
0.111252
0.109043
0.107289
0.105089
0.103076
0.101470
0.099487
0.097717
0.096573
0.095614
0.094622
0.093612
0.092817
0.090994
0.089321
0.087343
0.085301
0.083302
0.081662
0.080058
0.078091
0.076494
0.074846
0.073173
0.071669
0.069991
0.068610
0.067082
0.065645
0.064345
0.062937
0.061511
0.060559
0.059186
0.057979
0.057014
0.055838
0.054793
0.054109
0.053598
0.053054
0.052642
0.052421
0.051767
0.050950
0.049857
0.048750
0.047516
0.046388
0.045334
0.044358
0.043622
0.042888
0.042068
0.041178
0.040408
0.039639
0.038655
0.037844
0.037140
0.036370
0.035880
0.035012
0.034658
0.034080
0.033805
0.033498
0.033469
0.033284
0.033329
0.033360
0.033679
0.033250
0.032185
0.031201
0.030457
0.029906
0.029805
0.029367
0.029472
0.029462
0.029487
0.029503
0.029020
0.028514
0.028354
0.027867
0.027514
0.027487
0.027248
0.026979
0.027034
0.026911
0.026321
0.025133
0.024560
0.024863
0.025080
0.026185
0.027356
0.027571
0.027602
0.026133
0.025235
0.023939
0.023288
0.023479
0.023028
0.023417
0.023329
0.023592
0.023225
0.023480
0.022853
0.022476
0.022542
0.022264
0.022068
0.022385
0.021946
0.022280
0.022174
0.021231
0.020654
0.020069
0.019896
0.019927
0.021601
0.022530
0.023748
0.023935
0.022932
0.021749
0.020935
0.020415
0.021060
0.021051
0.021924
0.022207
0.022857
0.022729
0.023135
0.022740
0.022478
0.022870
0.022689
0.022514
0.023225
0.023260
0.023848
0.022671
0.021430
0.020484
0.020065
0.020471
0.022285
0.024202
0.025326
0.025429
0.024856
0.023680
0.022680
0.022222
0.022025
0.022729
0.023031
0.023965
0.024077
0.024590
0.024359
0.024552
0.024481
0.024223
0.024505
0.024536
0.024318
0.024852
0.024899
0.024476
0.025143
0.024937
0.024262
0.022365
0.021236
0.021317
0.021746
0.023490
0.025457
0.026353
0.026433
0.025393
0.023829
0.022916
0.022556
0.022848
0.022952
0.023984
0.024086
0.024835
0.024629
0.024883
0.024713
0.025113
0.024718
0.024565
0.024381
0.025024
0.024698
0.025425
0.025280
0.023827
0.022742
0.021701
0.021721
0.021696
0.024122
0.025315
0.026842
0.026853
0.025756
0.024846
0.023714
0.023144
0.023616
0.023795
0.024781
0.024926
0.025683
0.025590
0.025979
0.025615
0.025211
0.025611
0.025219
0.025046
0.025569
0.025308
0.026035
0.026066
0.025702
0.024929
0.023079
0.021934
0.022152
0.022663
0.024079
0.026299
0.027203
0.027285
0.026046
0.024629
0.023732
0.023958
0.023479
0.023798
0.024769
0.024800
0.025555
0.026170
0.025829
0.025535
0.025608
0.025395
0.025134
0.025483
0.025545
0.025409
0.026039
0.025685
0.026155
0.024921
0.023723
0.022315
0.022158
0.022433
0.024093
0.026065
0.027068
0.027043
0.026506
0.025421
0.023988
0.023498
0.023405
0.023611
0.024267
0.025333
0.025412
0.025894
0.025442
0.025851
0.025548
0.025193
0.024828
0.025427
0.025126
0.025797
0.025618
0.025483
0.025754
0.025605
0.025017
0.023020
0.021973
0.021969
0.022428
0.024333
0.026118
0.027010
0.027110
0.025987
0.024553
0.023431
0.022925
0.023187
0.023451
0.024099
0.024220
0.024871
0.024695
0.025147
0.024726
0.024209
0.024441
0.024301
0.024096
0.024406
0.024252
0.024754
0.024291
0.023899
0.024325
0.023039
0.021726
0.020683
0.020034
0.020581
0.022031
0.023973
0.025658
0.024968
0.024096
0.022874
0.021936
0.021418
0.020951
0.021813
0.022152
0.022936
0.022737
0.023337
0.023069
0.023249
0.022851
0.022730
0.023093
0.022771
0.022707
0.023119
0.022758
0.023366
0.023147
0.022218
0.020924
0.020391
0.020049
0.020333
0.021499
0.023253
0.024607
0.024836
0.023944
0.023200
0.022580
0.022325
0.021899
0.022554
0.022587
0.023270
0.023767
0.023768
0.024043
0.023690
0.023391
0.023801
0.023482
0.023167
0.023791
0.023612
0.023506
0.023885
0.023651
0.024104
0.023873
0.022797
0.021889
0.021081
0.020709
0.021004
0.022198
0.023776
0.025107
0.025012
0.024134
0.023346
0.022472
0.022118
0.021753
0.022003
0.022268
0.022743
0.023209
0.023113
0.023572
0.023242
0.022892
0.022594
0.023041
0.022843
0.023181
0.023137
0.023042
0.023186
0.023186
0.023416
0.022561
0.021253
0.020698
0.020083
0.020475
0.021329
0.023120
0.023766
0.023674
0.023260
0.022476
0.021744
0.021246
0.021190
0.021280
0.021857
0.022326
0.022212
0.022511
0.022433
0.022192
0.022218
0.022257
0.021777
0.022017
0.022048
0.022383
0.022049
0.022060
0.022310
0.022158
0.021569
0.020234
0.019378
0.019734
0.019383
0.020872
0.022813
0.023421
0.023217
0.022453
0.021730
0.020996
0.020635
0.021205
0.020867
0.021310
0.021618
0.022202
0.022064
0.022409
0.022174
0.021952
0.022117
0.022068
0.022122
0.022125
0.022207
0.022688
0.022559
0.022346
0.021973
0.020641
0.019692
0.019795
0.020026
0.021127
0.022806
0.023403
0.023303
0.022488
0.021960
0.020841
0.020955
0.020724
0.020715
0.021279
0.021300
0.021854
0.021981
0.022026
0.021606
0.022008
0.021943
0.021818
0.022160
0.022191
0.022266
0.022511
0.022399
0.022036
0.020482
0.019359
0.018990
0.018934
0.019913
0.021630
0.022374
0.022301
0.021447
0.020410
0.019698
0.019381
0.019747
0.019638
0.020122
0.020282
0.020659
0.020679
0.020766
0.020425
0.020195
0.020183
0.020037
0.019939
0.020179
0.020106
0.020281
0.020073
0.019891
0.019377
0.017657
0.016728
0.016648
0.016795
0.018025
0.019578
0.020575
0.020735
0.020358
0.019407
0.018625
0.018142
0.018045
0.018316
0.018861
0.019653
0.019686
0.020279
0.020170
0.020018
0.020248
0.020143
0.020101
0.020680
0.020613
0.020554
0.021208
0.020876
0.021372
0.020190
0.019212
0.018366
0.018272
0.018417
0.019934
0.022004
0.023238
0.022723
0.022499
0.021536
0.020613
0.020100
0.020198
0.020654
0.020671
0.021388
0.021401
0.021511
0.021141
0.021347
0.020978
0.020532
0.021155
0.021631
0.021819
0.022420
0.022291
0.022297
0.022642
0.022736
0.022988
0.021787
0.020374
0.019488
0.018918
0.019477
0.021242
0.023188
0.024336
0.024451
0.023757
0.022437
0.021609
0.020661
0.020549
0.021343
0.021556
0.022210
0.022304
0.023044
0.022575
0.022711
0.022484
0.022943
0.022769
0.023441
0.023516
0.023931
0.023740
0.023774
0.024087
0.022807
0.021430
0.020414
0.019686
0.020117
0.021351
0.023303
0.024806
0.024887
0.023396
0.022385
0.021389
0.020786
0.020581
0.021391
0.021709
0.022671
0.023414
0.023437
0.023144
0.023491
0.023285
0.022918
0.023393
0.023399
0.023403
0.024196
0.024320
0.025217
0.025378
0.024912
0.023905
0.022201
0.021285
0.021608
0.022735
0.024672
0.027536
0.028581
0.028456
0.028019
0.026819
0.025741
0.025133
0.024997
0.025326
0.026394
0.027178
0.027449
0.027719
0.027189
0.026884
0.027233
0.026811
0.026546
0.026964
0.026281
0.026096
0.026734
0.026532
0.026970
0.025196
0.023493
0.022043
0.021567
0.021463
0.022911
0.024509
0.025268
0.024657
0.024114
0.022678
0.021740
0.021014
0.020690
0.021214
0.021705
0.022501
0.022504
0.022864
0.022552
0.022900
0.022852
0.022235
0.022531
0.022612
0.022485
0.023249
0.022952
0.022865
0.023378
0.023203
0.022597
0.020559
0.019249
0.019358
0.019771
0.021518
0.023609
0.024711
0.024490
0.023183
0.021807
0.020679
0.020508
0.021176
0.021231
0.022085
0.022184
0.022853
0.022592
0.023265
0.022983
0.023265
0.023144
0.023165
0.023050
0.023757
0.023809
0.024717
0.024358
0.024358
0.024963
0.023862
0.022752
0.021939
0.021578
0.022246
0.023929
0.026020
0.027886
0.028210
0.027068
0.025657
0.024954
0.024116
0.024274
0.025048
0.025708
0.026505
0.027390
0.027410
0.026981
0.027524
0.026740
0.026513
0.026936
0.026862
0.026832
0.027584
0.027207
0.028027
0.027902
0.027862
0.027004
0.025102
0.024290
0.024454
0.024389
0.026350
0.028664
0.029671
0.029369
0.028811
0.027138
0.026180
0.025678
0.025495
0.025261
0.025909
0.026523
0.026238
0.026479
0.025514
0.024897
0.025288
0.024854
0.024358
0.024776
0.024840
0.024432
0.024835
0.024760
0.025337
0.025143
0.023749
0.022432
0.020885
0.021472
0.021173
0.023700
0.025170
0.026840
0.027000
0.026037
0.024789
0.023804
0.023589
0.024306
0.024304
0.025378
0.025538
0.026340
0.026479
0.026967
0.026673
0.026328
0.026808
0.026913
0.027005
0.027229
0.027304
0.027347
0.027669
0.027371
0.027642
0.026409
0.024910
0.023744
0.023143
0.023437
0.024873
0.026600
0.027833
0.027273
0.026305
0.024891
0.023652
0.022915
0.022376
0.023225
0.023158
0.023807
0.023664
0.024252
0.023775
0.023940
0.023530
0.023069
0.023510
0.023294
0.023137
0.023784
0.023738
0.023644
0.024121
0.022855
0.021652
0.020453
0.020122
0.020647
0.022676
0.024979
0.026809
0.027142
0.026067
0.024721
0.023878
0.023507
0.023385
0.024490
0.024932
0.025825
0.026860
0.026852
0.026635
0.027119
0.026982
0.026835
0.027278
0.027308
0.027391
0.027952
0.027548
0.028194
0.028026
0.026635
0.025023
0.023779
0.023579
0.023279
0.025305
0.026573
0.027818
0.027659
0.026109
0.024504
0.023478
0.022390
0.022845
0.023039
0.023660
0.023891
0.024510
0.024292
0.024804
0.024514
0.024267
0.024636
0.024863
0.025125
0.025779
0.025958
0.026728
0.026642
0.026405
0.025981
0.023940
0.022960
0.023292
0.023986
0.025522
0.027928
0.028605
0.028562
0.027363
0.026006
0.024947
0.024604
0.024515
0.024420
0.025253
0.025264
0.025853
0.026194
0.025734
0.025164
0.025330
0.024993
0.024851
0.025214
0.025045
0.024941
0.025514
0.025212
0.025793
0.025667
0.025308
0.024541
0.022726
0.021811
0.021976
0.022422
0.024030
0.026283
0.027493
0.027386
0.026199
0.025265
0.024403
0.023905
0.024496
0.024955
0.025793
0.026370
0.027121
0.027932
0.027593
0.027304
0.027802
0.027582
0.027312
0.027929
0.027991
0.027863
0.028149
0.028203
0.027813
0.028279
0.026856
0.025510
0.024299
0.023720
0.024004
0.025598
0.027723
0.028987
0.028698
0.027121
0.025666
0.024415
0.023715
0.023452
0.023774
0.024071
0.024778
0.025083
0.024789
0.025236
0.024812
0.024209
0.024086
0.024507
0.024209
0.024044
0.024673
0.024640
0.025138
0.025259
0.024992
0.024639
0.022480
0.021859
0.022032
0.022798
0.024688
0.027194
0.028361
0.028448
0.028267
