0.668549
0.668549
0.668549
0.668549
0.668549
0.668549
0.668549
0.668549
0.668549
0.668549
0.668549
0.668549
0.668549
0.668549
0.668549
0.668549
0.668549
0.668549
0.668549
0.668549
0.668549
0.668549
0.668549
0.668342
0.667411
0.666166
0.664350
0.662058
0.659408
0.656532
0.653870
0.650940
0.647665
0.644042
0.640223
0.636123
0.631910
0.627704
0.623455
0.619391
0.615400
0.611296
0.607161
0.603014
0.598959
0.594769
0.590490
0.586055
0.581789
0.577691
0.573536
0.569365
0.565199
0.560931
0.556578
0.552416
0.548240
0.543856
0.539679
0.535529
0.531165
0.526970
0.522832
0.518587
0.514346
0.510068
0.505834
0.501683
0.497438
0.493256
0.489121
0.484865
0.480648
0.476284
0.472045
0.467791
0.463661
0.459446
0.455123
0.450962
0.446790
0.442566
0.438377
0.434291
0.430237
0.426139
0.422127
0.418244
0.414399
0.410617
0.406616
0.402752
0.399040
0.395276
0.391486
0.387688
0.384153
0.380564
0.376943
0.373427
0.369933
0.366339
0.363037
0.359443
0.356087
0.352979
0.349190
0.345980
0.342721
0.339523
0.336389
0.333152
0.329984
0.326807
0.323697
0.320584
0.317577
0.314696
0.311627
0.308753
0.305786
0.302872
0.300058
0.297136
0.294450
0.291620
0.288712
0.286180
0.283573
0.280655
0.278238
0.275574
0.272843
0.270557
0.267841
0.265503
0.262840
0.260590
0.258017
0.255794
0.253309
0.250942
0.248570
0.246342
0.244005
0.241760
0.239571
0.237225
0.235033
0.233057
0.230877
0.228692
0.226574
0.224509
0.222533
0.220411
0.218363
0.216396
0.214335
0.212523
0.210610
0.208723
0.206736
0.204957
0.203091
0.201218
0.199374
0.197670
0.195826
0.194009
0.192208
0.190498
0.188752
0.186903
0.185298
0.183621
0.182041
0.180395
0.178809
0.177149
0.175508
0.173860
0.172215
0.170785
0.169291
0.167587
0.166107
0.164592
0.163170
0.161548
0.160095
0.158548
0.157282
0.155711
0.154221
0.152770
0.151521
0.150032
0.148457
0.147288
0.145858
0.144326
0.143296
0.141725
0.140501
0.139302
0.137805
0.136754
0.135275
0.134044
0.132778
0.131345
0.130333
0.128862
0.127908
0.126467
0.125419
0.124134
0.122941
0.121767
0.120623
0.119406
0.118205
0.117116
0.115883
0.114883
0.113570
0.112688
0.111464
0.110597
0.109347
0.108286
0.107079
0.105969
0.105059
0.103866
0.102966
0.101828
0.100806
0.099854
0.098632
0.097720
0.096794
0.095600
0.094671
0.093763
0.092734
0.091758
0.090827
0.089804
0.088772
0.087925
0.086914
0.085937
0.085085
0.084094
0.083087
0.082379
0.081299
0.080391
0.079608
0.078495
0.077766
0.076747
0.076008
0.074975
0.074168
0.073234
0.072409
0.071470
0.070683
0.069863
0.068956
0.067982
0.067363
0.066425
0.065619
0.064744
0.063940
0.063145
0.062237
0.061457
0.060641
0.059881
0.059122
0.058396
0.057522
0.056756
0.056066
0.055279
0.054732
0.053785
0.053140
0.052451
0.051770
0.051168
0.050482
0.049690
0.049127
0.048592
0.047896
0.047334
0.046639
0.045933
0.045327
0.044894
0.044312
0.043678
0.043130
0.042490
0.041994
0.041385
0.040878
0.040424
0.039759
0.039294
0.038722
0.038269
0.037737
0.037236
0.036917
0.036311
0.035857
0.035253
0.034859
0.034355
0.033950
0.033489
0.033112
0.032742
0.032326
0.031880
0.031299
0.030937
0.030502
0.030073
0.029794
0.029431
0.029060
0.028718
0.028398
0.027912
0.027432
0.027043
0.026635
0.026409
0.026076
0.025783
0.025496
0.025271
0.025057
0.024769
0.024514
0.024317
0.024031
0.023905
0.023630
0.023465
0.023194
0.022997
0.022760
0.022573
0.022370
0.022232
0.022029
0.021788
0.021623
0.021385
0.021248
0.021010
0.020884
0.020686
0.020501
0.020302
0.020165
0.020011
0.019800
0.019614
0.019498
0.019338
0.019180
0.019032
0.018856
0.018668
0.018515
0.018377
0.018251
0.018112
0.017942
0.017815
0.017700
0.017585
0.017447
0.017321
0.017206
0.017068
0.016991
0.016865
0.016788
0.016689
0.549398
0.549271
0.549156
0.549057
0.548914
0.548827
0.548750
0.548612
0.548535
0.548420
0.548332
0.548244
0.548131
0.548016
0.547973
0.547997
0.548050
0.548188
0.548449
0.548731
0.116316
0.116588
0.116773
0.116973
0.117246
0.117463
0.117705
0.118012
0.118333
0.118570
0.118919
0.119037
0.119099
0.118933
0.118723
0.118373
0.118536
0.119005
0.119702
0.120354
0.120716
0.121354
0.121609
0.121711
0.121233
0.120344
0.119220
0.118144
0.117258
0.116456
0.115812
0.115269
0.114817
0.114241
0.113753
0.113062
0.112341
0.111553
0.110788
0.110063
0.109341
0.108761
0.108025
0.107375
0.106844
0.106051
0.105407
0.104718
0.104074
0.103341
0.102698
0.102009
0.101252
0.100612
0.099936
0.099205
0.098558
0.097918
0.097201
0.096577
0.095817
0.095218
0.094489
0.093813
0.093254
0.092578
0.091858
0.091155
0.090440
0.089843
0.089089
0.088533
0.087824
0.087179
0.086425
0.085777
0.085144
0.084546
0.083870
0.083150
0.082514
0.081960
0.081286
0.080649
0.080010
0.079389
0.078762
0.078125
0.077598
0.076878
0.076308
0.075632
0.075113
0.074592
0.073864
0.073351
0.072687
0.072085
0.071606
0.071007
0.070404
0.069838
0.069242
0.068719
0.068201
0.067673
0.067077
0.066509
0.065951
0.065377
0.064898
0.064416
0.063856
0.063284
0.062639
0.062240
0.061717
0.061197
0.060718
0.060154
0.059675
0.059116
0.058597
0.058118
0.057593
0.057153
0.056674
0.056154
0.055637
0.055153
0.054634
0.054115
0.053670
0.053191
0.052749
0.052267
0.051787
0.051345
0.050906
0.050427
0.049984
0.049502
0.049099
0.048580
0.048181
0.047739
0.047220
0.046821
0.046375
0.045896
0.045453
0.045014
0.044615
0.044133
0.043733
0.043254
0.042809
0.042409
0.041927
0.041527
0.041128
0.040646
0.040246
0.039804
0.039402
0.038962
0.038520
0.038160
0.037761
0.037319
0.036959
0.036560
0.036198
0.035798
0.035396
0.034993
0.034674
0.034315
0.033992
0.033593
0.033273
0.032911
0.032551
0.032232
0.031913
0.031587
0.031307
0.030908
0.030629
0.030346
0.030027
0.029707
0.029384
0.029105
0.028826
0.028546
0.028263
0.027940
0.027741
0.027461
0.027181
0.026937
0.026698
0.026418
0.026099
0.025936
0.025657
0.025457
0.025178
0.024938
0.024695
0.024496
0.024256
0.024053
0.023854
0.023611
0.023371
0.023211
0.023012
0.022812
0.022609
0.022409
0.022210
0.022050
0.021851
0.021651
0.021488
0.021288
0.021089
0.020929
0.020730
0.020650
0.020444
0.020284
0.020084
0.019924
0.019805
0.019605
0.019485
0.019322
0.019202
0.019003
0.018883
0.018723
0.018604
0.018444
0.018324
0.018161
0.018081
0.017882
0.017802
0.017642
0.017523
0.017403
0.017243
0.017160
0.017000
0.016917
0.016797
0.016678
0.016558
0.016438
0.016318
0.016239
0.016079
0.015995
0.015916
0.015796
0.015716
0.015596
0.015516
0.015357
0.015237
0.015157
0.015077
0.014958
0.014874
0.014794
0.014715
0.014635
0.014555
0.014475
0.014355
0.014275
0.014195
0.014116
0.014036
0.013956
0.013913
0.013793
0.013713
0.013633
0.013553
0.013474
0.013434
0.013354
0.013271
0.013191
0.013151
0.013071
0.012991
0.012951
0.012872
0.012792
0.012708
0.012669
0.012589
0.012509
0.012509
0.012429
0.012349
0.012309
0.012229
0.012189
0.012149
0.012070
0.012030
0.011950
0.011910
0.011870
0.011830
0.011750
0.011710
0.011667
0.011627
0.011547
0.011547
0.011427
0.011388
0.011348
0.011348
0.011268
0.011268
0.011148
0.011148
0.011068
0.011068
0.011028
0.010988
0.010948
0.010869
0.010869
0.010789
0.010789
0.010749
0.010709
0.010709
0.010629
0.010626
0.010546
0.010546
0.010546
0.010466
0.010466
0.010466
0.010386
0.010386
0.010346
0.010266
0.010266
0.010266
0.010187
0.010187
0.010187
0.010107
0.010107
0.010107
0.010027
0.010027
0.010027
0.009987
0.009947
0.009947
0.009907
0.009867
0.009867
0.009867
0.009827
0.009787
0.009787
0.009787
0.009747
0.009708
0.009708
0.009708
0.009668
0.009628
0.009624
0.009624
0.009584
0.009584
0.009545
0.009545
0.009545
0.009505
0.009505
0.009465
0.009465
0.009425
0.009425
0.009425
0.009385
0.009385
0.009345
0.009345
0.009345
0.009305
0.009305
0.009305
0.009265
0.009265
0.009265
0.009225
0.009225
0.009225
0.009185
0.009185
0.009185
0.009145
0.009145
0.009145
0.009105
0.009105
0.009105
0.009105
0.009065
0.009065
0.009065
0.009025
0.009025
0.009025
0.009025
0.009025
0.009025
0.009025
0.009025
0.009025
0.009025
0.009025
0.009025
0.009025
0.009025
0.009025
0.009025
0.009025
0.009025
0.008985
0.008985
0.008985
0.009025
0.009025
0.009025
0.009025
0.009025
0.009025
0.008985
0.008985
0.008985
0.008985
0.008985
0.008985
0.008985
0.008985
0.008985
0.008985
0.008985
0.008985
0.008985
0.008985
0.008985
0.008985
0.008985
0.008985
0.008985
0.008985
0.008985
0.008985
0.008985
0.008985
0.008985
0.008985
0.008985
0.008985
0.008985
0.008985
0.008985
0.008985
0.008985
0.008985
0.008985
0.008985
0.008985
0.008985
0.008985
0.008985
0.008985
0.008985
0.008985
0.008985
0.008985
0.008985
0.008985
0.008985
0.008985
0.008985
0.008985
0.008985
0.008985
0.008985
0.008985
0.008985
0.008985
0.008985
0.008985
0.008985
0.008985
0.008985
0.008985
0.008985
0.008985
0.008985
0.008985
0.008985
0.008985
0.008985
0.008985
0.008985
0.008985
0.008985
0.008985
0.008985
0.008985
0.008985
0.008985
0.008985
0.008985
0.008985
0.008985
0.008985
0.008985
0.008985
0.008985
0.008985
0.008985
0.008985
0.008985
0.008985
0.008985
0.008985
0.008985
0.008985
0.008985
0.008985
0.008985
0.008985
0.008985
0.008985
0.008985
0.008985
0.008985
0.008985
0.008985
0.008985
0.008985
0.008985
0.008985
0.008985
0.008985
0.008985
0.008985
0.008985
0.008985
0.008985
0.008985
0.008985
0.008985
0.008985
0.008985
0.008985
0.008985
