0.884316
0.884316
0.884316
0.884316
0.884316
0.884316
0.884316
0.884316
0.884255
0.884168
0.884066
0.883924
0.883770
0.883637
0.883502
0.883327
0.883171
0.883008
0.882753
0.882485
0.882246
0.881864
0.881362
0.880657
0.879797
0.878869
0.877728
0.876608
0.875449
0.874306
0.873125
0.871939
0.870791
0.869601
0.868315
0.866985
0.865682
0.864245
0.862893
0.861458
0.860081
0.858585
0.857079
0.855585
0.853926
0.852428
0.850777
0.849189
0.847575
0.845894
0.844281
0.842763
0.841128
0.839621
0.837982
0.836390
0.834879
0.833335
0.831729
0.830179
0.828528
0.826871
0.825267
0.823695
0.821888
0.820175
0.818438
0.816758
0.815131
0.813403
0.811761
0.809876
0.808106
0.806104
0.803971
0.801966
0.799921
0.797866
0.795739
0.793765
0.791655
0.789445
0.787202
0.784960
0.782663
0.780477
0.778255
0.775964
0.773759
0.771583
0.769382
0.767086
0.764794
0.762441
0.760133
0.757744
0.755425
0.753164
0.750835
0.748550
0.746361
0.744006
0.741627
0.739313
0.736948
0.734640
0.732227
0.729822
0.727517
0.725103
0.722878
0.720373
0.718094
0.715601
0.713165
0.710653
0.708196
0.705734
0.703383
0.700947
0.698605
0.696139
0.693600
0.691169
0.688605
0.686137
0.683607
0.681022
0.678573
0.676070
0.673697
0.671111
0.668578
0.665936
0.663310
0.660861
0.658313
0.655848
0.653237
0.650674
0.647994
0.645394
0.642823
0.640195
0.637598
0.634989
0.632414
0.629794
0.627173
0.624421
0.621666
0.618918
0.616054
0.613271
0.610452
0.607768
0.605077
0.602430
0.599855
0.597132
0.594742
0.592211
0.589743
0.587275
0.584751
0.582309
0.579820
0.577449
0.575181
0.572893
0.570697
0.568518
0.566235
0.563942
0.561255
0.558634
0.555823
0.553130
0.550539
0.547982
0.545574
0.542977
0.540545
0.538128
0.535533
0.532851
0.530066
0.527291
0.524420
0.521719
0.519048
0.516647
0.514190
0.511853
0.509600
0.507265
0.504772
0.502219
0.499560
0.496946
0.494420
0.491990
0.489663
0.487387
0.485237
0.483044
0.480769
0.478346
0.475816
0.473331
0.471045
0.468722
0.466416
0.464302
0.462225
0.460078
0.458025
0.455732
0.453467
0.451058
0.448790
0.446574
0.444378
0.442459
0.440489
0.438532
0.436629
0.434509
0.432456
0.430217
0.428044
0.425798
0.423833
0.421817
0.419840
0.418034
0.416070
0.414032
0.411992
0.409832
0.407858
0.405784
0.403805
0.401941
0.400059
0.398164
0.396204
0.394263
0.392220
0.390280
0.388338
0.386452
0.384579
0.382872
0.381198
0.379479
0.377825
0.376203
0.374436
0.372815
0.371255
0.369754
0.368082
0.366510
0.364848
0.363153
0.361527
0.359805
0.357988
0.356187
0.354631
0.353020
0.351470
0.349993
0.348356
0.346762
0.345111
0.343360
0.341681
0.339909
0.338331
0.336699
0.335187
0.333722
0.332140
0.330513
0.328892
0.327162
0.325498
0.323959
0.322395
0.320849
0.319400
0.317909
0.316528
0.315043
0.313578
0.312125
0.310654
0.309271
0.307798
0.306453
0.304991
0.303688
0.302369
0.301030
0.299757
0.298417
0.297077
0.295691
0.294490
0.293140
0.291846
0.290593
0.289386
0.288148
0.286961
0.285756
0.284619
0.283342
0.282265
0.280994
0.279815
0.278764
0.277570
0.276535
0.275460
0.274307
0.273288
0.272159
0.271129
0.270100
0.269118
0.268111
0.266983
0.265989
0.264988
0.263936
0.262950
0.262006
0.261018
0.260091
0.259188
0.258211
0.257226
0.256370
0.255507
0.254436
0.253683
0.252678
0.251804
0.251004
0.250127
0.249178
0.248453
0.247549
0.246771
0.246051
0.245154
0.244321
0.243664
0.242717
0.242094
0.241275
0.240457
0.239768
0.239063
0.238284
0.237586
0.236928
0.236203
0.235552
0.234855
0.234222
0.233545
0.232917
0.232238
0.231609
0.230965
0.230321
0.229688
0.229092
0.228446
0.227868
0.227318
0.226691
0.226113
0.225540
0.224981
0.224382
0.223868
0.223367
0.222795
0.222275
0.221702
0.221266
0.220655
0.220108
0.219662
0.219127
0.218704
0.218134
0.217644
0.217124
0.216577
0.216130
0.215628
0.215184
0.214682
0.214224
0.213805
0.213321
0.212866
0.212526
0.212061
0.211631
0.211198
0.210829
0.210393
0.210049
0.209621
0.209195
0.208771
0.208464
0.208021
0.207639
0.207271
0.206935
0.206578
0.206157
0.205884
0.205508
0.205229
0.204834
0.204450
0.204167
0.203835
0.203542
0.203184
0.202903
0.202677
0.202336
0.202091
0.201766
0.201392
0.201208
0.200951
0.200680
0.200425
0.200179
0.253799
0.253537
0.253324
0.253088
0.252898
0.252629
0.252491
0.252206
0.252052
0.251852
0.251692
0.251437
0.251255
0.251078
0.250916
0.250709
0.250526
0.250324
0.250181
0.250020
0.249812
0.249586
0.249503
0.249290
0.249104
0.248972
0.248831
0.248677
0.248497
0.248318
0.248223
0.248092
0.247909
0.247725
0.247640
0.247520
0.247380
0.247195
0.247067
0.247008
0.246812
0.246701
0.246600
0.246439
0.246201
0.246067
0.245891
0.245816
0.245628
0.245521
0.245427
0.245336
0.245188
0.245048
0.244963
0.244835
0.244716
0.244633
0.244558
0.244409
0.244324
0.244248
0.244118
0.244049
0.243999
0.243874
0.243738
0.243666
0.243607
0.243506
0.119728
0.119657
0.119585
0.119502
0.119407
0.119383
0.119249
0.119148
0.119070
0.118869
0.118704
0.118501
0.118257
0.118053
0.117760
0.117488
0.117232
0.116933
0.116613
0.116325
0.116169
0.116042
0.115993
0.115859
0.115565
0.115217
0.114776
0.114399
0.113974
0.113568
0.113296
0.112965
0.112711
0.112410
0.112087
0.111800
0.111405
0.111094
0.110773
0.110458
0.110150
0.109727
0.109478
0.109153
0.108877
0.108568
0.108261
0.107962
0.107623
0.107390
0.107079
0.106723
0.106536
0.106245
0.105918
0.105677
0.105380
0.105065
0.104683
0.104282
0.103897
0.103439
0.103004
0.102580
0.102108
0.101457
0.100834
0.100168
0.099545
0.098890
0.098305
0.097725
0.097103
0.096605
0.095961
0.095417
0.094838
0.094251
0.093616
0.093034
0.092457
0.091873
0.091319
0.090747
0.090188
0.089638
0.089064
0.088550
0.087938
0.087445
0.086863
0.086289
0.085790
0.085236
0.084650
0.084105
0.083607
0.083087
0.082544
0.082022
0.081457
0.080957
0.080451
0.079916
0.079379
0.078851
0.078295
0.077793
0.077309
0.076782
0.076272
0.075816
0.075302
0.074827
0.074308
0.073830
0.073351
0.072853
0.072428
0.071887
0.071413
0.070950
0.070454
0.069996
0.069450
0.069018
0.068565
0.068040
0.067563
0.067089
0.066655
0.066120
0.065636
0.065162
0.064742
0.064276
0.063796
0.063298
0.062846
0.062341
0.061900
0.061482
0.061029
0.060525
0.060027
0.059586
0.059128
0.058694
0.058222
0.057760
0.057320
0.056856
0.056418
0.055933
0.055499
0.054928
0.054424
0.053979
0.053491
0.053049
0.052607
0.052099
0.051689
0.051227
0.050763
0.050317
0.049874
0.049412
0.048973
0.048563
0.048111
0.047656
0.047227
0.046766
0.046373
0.045906
0.045501
0.045079
0.044648
0.044218
0.043781
0.043402
0.042979
0.042601
0.042186
0.041759
0.041384
0.040988
0.040568
0.040238
0.039815
0.039469
0.039082
0.038736
0.038360
0.038035
0.037655
0.037303
0.036904
0.036591
0.036236
0.035921
0.035614
0.035290
0.035014
0.034746
0.034420
0.034113
0.033805
0.033539
0.033238
0.032972
0.032732
0.032427
0.032184
0.031902
0.031629
0.031368
0.031112
0.030828
0.030621
0.030371
0.030075
0.029854
0.029599
0.029384
0.029166
0.028932
0.028680
0.028434
0.028214
0.027998
0.027759
0.027564
0.027366
0.027126
0.026948
0.026745
0.026551
0.026344
0.026156
0.025939
0.025766
0.025538
0.025392
0.025217
0.024902
0.024706
0.024490
0.024305
0.024142
0.023954
0.023760
0.023608
0.023407
0.023261
0.023088
0.022911
0.022799
0.022614
0.022495
0.022311
0.022152
0.022030
0.021872
0.021728
0.021632
0.021466
0.021336
0.021177
0.021055
0.020937
0.020807
0.020678
0.020534
0.020416
0.020291
0.020195
0.020060
0.019926
0.019830
0.019738
0.019641
0.019538
0.019429
0.019315
0.019173
0.019077
0.018994
0.018873
0.018777
0.018673
0.018590
0.018521
0.018429
0.018394
0.018301
0.018236
0.018152
0.018091
0.018005
0.017962
0.017886
0.017819
0.017729
0.017652
0.017609
0.017505
0.017450
0.017388
0.017300
0.017247
0.017173
0.017112
0.017030
0.016987
0.016932
0.016849
0.016789
0.016746
0.016650
0.016632
0.016547
0.016486
0.016433
0.016388
0.016336
0.016267
0.016211
0.016150
0.016107
0.016047
0.015986
0.015952
0.015869
0.015856
0.015766
0.015651
0.015537
0.015485
0.015405
0.015338
0.015287
0.015221
0.015165
0.015126
0.015058
0.015002
0.014980
0.014899
0.014899
0.014835
0.014798
0.014776
0.014708
0.014692
0.014610
0.014610
0.014567
0.014515
0.014485
0.014424
0.014411
0.014369
0.014329
0.014308
0.014256
0.014235
0.014207
0.014154
0.014134
0.014113
0.014074
0.014040
0.014019
0.013979
0.013951
0.013930
0.013899
0.013878
0.013836
0.013818
0.013784
0.013763
0.013751
0.013756
0.013740
0.013743
0.013720
0.013678
0.013695
0.013694
0.013678
0.013637
0.013655
0.013630
0.013629
0.013595
0.013574
0.013575
0.013555
0.013534
0.013533
0.013502
0.013502
0.013462
0.013462
0.013454
0.013436
0.013423
0.013383
0.013383
0.013344
0.013344
0.013324
0.013304
0.013312
0.013273
0.013273
0.013253
0.013253
0.013234
0.013227
0.013189
0.013176
0.013156
0.013156
0.013156
0.013022
0.012987
0.012933
0.012897
0.012869
0.012869
0.012837
0.012806
0.012787
0.012756
0.012746
0.012739
0.012731
0.012731
0.012700
0.012695
0.012675
0.012675
0.012671
0.012671
0.012671
0.012671
0.012653
0.012633
0.012633
0.012620
0.012620
0.012620
0.012620
0.012620
0.012602
0.012602
0.012602
0.012603
0.012603
0.012603
0.012603
0.012603
0.012603
0.012603
0.012603
0.012603
0.012603
0.012603
0.012603
0.012603
0.012630
0.012641
0.012668
0.012683
0.012699
0.012699
0.012716
0.012733
0.012751
0.012751
0.012769
0.012769
0.012788
0.012788
0.012788
0.012807
0.012807
0.012807
0.012826
0.012826
0.012826
0.012826
0.012826
0.012846
0.012846
0.012846
0.012846
0.012846
0.012846
0.012846
0.012846
0.012846
0.012866
0.012866
0.012866
0.012866
0.012866
0.012866
0.012866
0.012866
0.012866
0.012866
0.012866
0.012866
0.012866
0.012751
0.012733
0.012699
0.012683
0.012668
0.012668
0.012654
0.012641
0.012641
0.012630
0.012620
0.012620
0.012612
0.012612
0.012612
0.012606
0.012606
0.012606
0.012603
0.012603
0.012603
0.012603
0.012603
0.012602
0.012602
0.012602
0.012602
0.012602
0.012602
0.012602
0.012602
0.012602
0.012602
0.012603
0.012603
0.012603
0.012603
0.012603
0.012603
0.012603
0.012603
0.012603
0.012603
0.012603
0.012603
0.012603
0.012630
0.012641
0.012668
0.012683
0.012699
0.012699
0.012716
0.012733
0.012751
0.012751
0.012769
0.012769
0.012788
0.012788
0.012788
0.012807
0.012807
0.012807
0.012826
0.012826
0.012826
0.012826
0.012826
0.012846
0.012846
0.012846
0.012846
0.012846
0.012846
0.012846
0.012846
0.012846
0.012866
0.012866
0.012866
0.012866
0.012866
0.012866
0.012866
0.012866
0.012866
0.012866
0.012866
0.012866
0.012866
0.012751
0.012733
0.012699
0.012683
0.012668
0.012668
0.012654
0.012641
0.012641
0.012630
0.012620
0.012620
0.012612
0.012612
0.012612
0.012606
0.012606
0.012606
0.012603
0.012603
0.012603
0.012603
0.012603
0.012602
0.012602
0.012602
0.012602
0.012602
0.012602
0.012602
0.012602
0.012602
0.012603
0.012603
0.012603
0.012603
0.012603
0.012603
0.012603
0.012603
0.012603
0.012603
0.012603
0.012603
0.012603
0.012630
0.012641
0.012668
0.012683
0.012699
0.012699
0.012716
0.012733
0.012733
0.012751
0.012769
0.012769
0.012788
0.012788
0.012788
0.012807
0.012807
0.012807
0.012826
0.012826
0.012826
0.012826
0.012826
0.012846
0.012846
0.012846
0.012846
0.012846
0.012846
0.012846
0.012846
0.012846
0.012846
0.012866
0.012866
0.012866
0.012866
0.012866
0.012866
0.012866
0.012866
0.012866
0.012866
0.012866
0.012866
0.012866
0.012751
0.012733
0.012699
0.012683
0.012668
0.012668
0.012654
0.012641
0.012630
0.012630
0.012620
0.012620
0.012612
0.012612
0.012612
0.012606
0.012606
0.012606
0.012603
0.012603
0.012603
0.012603
0.012603
0.012602
0.012602
0.012602
0.012602
0.012602
0.012602
0.012602
0.012602
0.012602
0.012603
0.012603
0.012603
0.012603
0.012603
0.012603
0.012603
0.012603
0.012603
0.012603
0.012603
0.012603
0.012603
0.012630
0.012641
0.012668
0.012683
0.012699
0.012699
0.012716
0.012733
0.012733
0.012751
0.012769
0.012769
0.012788
0.012788
0.012788
0.012807
0.012807
0.012807
0.012826
0.012826
0.012826
0.012826
0.012826
0.012846
0.012846
0.012846
0.012846
0.012846
0.012846
0.012846
0.012846
0.012846
0.012846
0.012866
0.012866
0.012866
0.012866
0.012866
0.012866
0.012866
0.012866
0.012866
0.012866
0.012866
0.012866
0.012751
0.012733
0.012699
0.012683
0.012668
0.012668
0.012654
0.012641
0.012641
0.012630
0.012620
0.012620
0.012612
0.012612
0.012612
0.012606
0.012606
0.012606
0.012603
0.012603
0.012603
0.012603
0.012603
0.012602
0.012602
0.012602
0.012602
0.012602
0.012602
0.012602
0.012602
0.012602
0.012602
0.012603
0.012603
0.012603
0.012603
0.012603
0.012603
0.012603
0.012603
0.012603
0.012603
0.012603
0.012603
0.012603
0.012630
0.012641
0.012668
0.012683
0.012699
0.012699
0.012716
0.012733
0.012751
0.012751
0.012769
0.012769
0.012788
0.012788
0.012788
0.012807
0.012807
0.012807
0.012826
0.012826
0.012826
0.012826
0.012826
0.012846
0.012846
0.012846
0.012846
0.012846
0.012846
0.012846
0.012846
0.012846
0.012866
0.012866
0.012866
0.012866
0.012866
0.012866
0.012866
0.012866
0.012866
0.012866
0.012866
0.012866
0.012866
0.012751
0.012733
0.012699
0.012683
0.012668
0.012668
0.012654
0.012641
0.012641
0.012630
0.012620
0.012620
0.012612
0.012612
0.012612
0.012606
0.012606
0.012606
0.012603
0.012603
0.012603
0.012603
0.012603
0.012602
0.012602
0.012602
0.012602
0.012602
0.012602
0.012602
0.012602
0.012602
0.012602
0.012603
0.012603
0.012603
0.012603
0.012603
0.012603
0.012603
0.012603
0.012603
0.012603
0.012603
0.012603
0.012630
0.012641
0.012668
0.012683
0.012699
0.012699
0.012716
0.012733
0.012733
0.012751
0.012769
0.012769
0.012788
0.012788
0.012788
0.012807
0.012807
0.012807
0.012826
0.012826
0.012826
0.012826
0.012826
0.012846
0.012846
0.012846
0.012846
0.012846
0.012846
0.012846
0.012846
0.012846
0.012846
0.012866
0.012866
0.012866
0.012866
0.012866
0.012866
0.012866
0.012866
0.012866
0.012866
0.012866
0.012866
0.012866
0.012751
0.012733
0.012699
0.012683
0.012668
0.012668
0.012654
