0.543058
0.543058
0.543058
0.543058
0.543058
0.543058
0.543058
0.543058
0.543058
0.543058
0.543058
0.543058
0.543058
0.543058
0.543058
0.543058
0.543058
0.543058
0.543058
0.543058
0.543058
0.543058
0.543058
0.541700
0.540343
0.537627
0.533554
0.529482
0.524051
0.519978
0.515905
0.511832
0.507759
0.503686
0.500971
0.496898
0.492825
0.487395
0.483322
0.479249
0.475176
0.471103
0.467030
0.462957
0.458884
0.453453
0.449381
0.445308
0.441235
0.437162
0.433089
0.429016
0.424943
0.420870
0.415439
0.411366
0.407294
0.403221
0.399148
0.395075
0.391002
0.386929
0.382856
0.377425
0.373352
0.369279
0.365207
0.361134
0.357061
0.352988
0.348915
0.343484
0.339411
0.335338
0.331265
0.327192
0.323120
0.319047
0.314974
0.310901
0.306828
0.302755
0.298682
0.294609
0.290536
0.286463
0.283748
0.279675
0.275602
0.272887
0.268814
0.264741
0.262025
0.257953
0.255237
0.251164
0.248449
0.245734
0.241661
0.238946
0.236230
0.232157
0.229442
0.226727
0.224011
0.221296
0.217223
0.214508
0.211793
0.209077
0.206362
0.203647
0.200931
0.198216
0.195501
0.192786
0.191428
0.188713
0.185997
0.183282
0.180567
0.179209
0.176494
0.173779
0.172421
0.169706
0.166990
0.165633
0.162917
0.160202
0.158844
0.156129
0.154772
0.152056
0.150699
0.147983
0.146626
0.145268
0.142553
0.141195
0.138480
0.137122
0.135765
0.134407
0.131692
0.130334
0.128976
0.126261
0.124903
0.123546
0.122188
0.120830
0.118115
0.116757
0.115400
0.114042
0.112685
0.111327
0.109969
0.108612
0.107254
0.105896
0.104539
0.103181
0.101823
0.100466
0.099108
0.097750
0.096393
0.095035
0.093678
0.092320
0.090962
0.089605
0.088247
0.088247
0.086889
0.085532
0.084174
0.082816
0.082816
0.081459
0.080101
0.078743
0.077386
0.077386
0.076028
0.074670
0.073313
0.073313
0.071955
0.070598
0.070598
0.069240
0.067882
0.067882
0.066525
0.065167
0.065167
0.063809
0.062452
0.062452
0.061094
0.061094
0.059736
0.059736
0.058379
0.057021
0.057021
0.055663
0.055663
0.054306
0.054306
0.052948
0.052948
0.051591
0.051591
0.050233
0.050233
0.048875
0.048875
0.047518
0.047518
0.046160
0.046160
0.044802
0.044802
0.044802
0.043445
0.043445
0.042087
0.042087
0.040729
0.040729
0.040729
0.039372
0.039372
0.039372
0.038014
0.038014
0.036656
0.036656
0.036656
0.035299
0.035299
0.035299
0.033941
0.033941
0.033941
0.032583
0.032583
0.032583
0.031226
0.031226
0.031226
0.031226
0.029868
0.029868
0.029868
0.028511
0.028511
0.028511
0.028511
0.027153
0.027153
0.027153
0.025795
0.025795
0.025795
0.025795
0.024438
0.024438
0.024438
0.024438
0.024438
0.023080
0.023080
0.023080
0.023080
0.021722
0.021722
0.021722
0.021722
0.021722
0.020365
0.020365
0.020365
0.020365
0.020365
0.019007
0.019007
0.019007
0.019007
0.019007
0.017649
0.017649
0.017649
0.017649
0.017649
0.017649
0.016292
0.016292
0.016292
0.016292
0.016292
0.016292
0.016292
0.014934
0.014934
0.014934
0.014934
0.014934
0.014934
0.013576
0.013576
0.013576
0.013576
0.013576
0.013576
0.013576
0.013576
0.012219
0.012219
0.012219
0.012219
0.012219
0.012219
0.012219
0.012219
0.010861
0.010861
0.010861
0.010861
0.010861
0.010861
0.010861
0.010861
0.010861
0.010861
0.009504
0.009504
0.009504
0.009504
0.009504
0.009504
0.009504
0.009504
0.009504
0.009504
0.009504
0.009504
0.009504
0.009504
0.009504
0.009504
0.009504
0.009504
0.009504
0.009504
0.009504
0.009504
0.009504
0.009504
0.009504
0.009504
0.009504
0.009504
0.009504
0.009504
0.009504
0.009504
0.009504
0.009504
0.009504
0.009504
0.009504
0.009504
0.009504
0.009504
0.009504
0.009504
0.009504
0.009504
0.009504
0.009504
0.009504
0.009504
0.009504
0.009504
0.009504
0.009504
0.009504
0.009504
0.009504
0.009504
0.009504
0.009504
0.009504
0.009504
0.009504
0.731446
0.731446
0.731446
0.731446
0.731446
0.731446
0.731446
0.731446
0.731446
0.731446
0.731446
0.731446
0.731446
0.731446
0.731446
0.731446
0.731446
0.731446
0.731446
0.731446
0.267093
0.267093
0.267093
0.267093
0.267053
0.267053
0.267013
0.266973
0.266973
0.266894
0.266819
0.266710
0.266602
0.266215
0.265548
0.264636
0.263478
0.262160
0.260801
0.259523
0.258324
0.257212
0.256094
0.255063
0.253943
0.252826
0.251621
0.250344
0.249139
0.247855
0.246650
0.245366
0.244162
0.242997
0.241759
0.240555
0.239391
0.238146
0.236902
0.235625
0.234420
0.233256
0.232012
0.230767
0.229523
0.228279
0.227121
0.225877
0.224632
0.223349
0.222151
0.220986
0.219742
0.218498
0.217220
0.216016
0.214852
0.213607
0.212368
0.211163
0.209965
0.208801
0.207557
0.206319
0.205114
0.203916
0.202752
0.201547
0.200309
0.199104
0.197946
0.196782
0.195583
0.194378
0.193140
0.191975
0.190737
0.189652
0.188453
0.187249
0.186090
0.184845
0.183687
0.182562
0.181364
0.180199
0.179000
0.177841
0.176717
0.175518
0.174353
0.173154
0.172034
0.170909
0.169750
0.168546
0.167387
0.166228
0.165143
0.163984
0.162779
0.161620
0.160501
0.159416
0.158257
0.157058
0.155893
0.154774
0.153695
0.152530
0.151371
0.150212
0.149086
0.148007
0.146848
0.145689
0.144524
0.143445
0.142366
0.141201
0.140042
0.138922
0.137803
0.136718
0.135558
0.134438
0.133272
0.132193
0.131114
0.129955
0.128829
0.127670
0.126591
0.125392
0.124312
0.123227
0.122107
0.121028
0.119829
0.118743
0.117664
0.116545
0.115465
0.114266
0.113181
0.112141
0.111022
0.109863
0.108743
0.107657
0.106618
0.105498
0.104339
0.103220
0.102134
0.101095
0.099975
0.098855
0.097736
0.096655
0.095610
0.094490
0.093371
0.092251
0.091172
0.090132
0.089013
0.088007
0.086807
0.085808
0.084808
0.083809
0.082809
0.081804
0.080884
0.079924
0.078925
0.077965
0.077045
0.076046
0.075207
0.074320
0.073361
0.072561
0.071682
0.070842
0.069962
0.069203
0.068363
0.067477
0.066718
0.065958
0.065238
0.064359
0.063599
0.062879
0.062119
0.061400
0.060759
0.059993
0.059354
0.058634
0.057994
0.057274
0.056675
0.055995
0.055275
0.054756
0.054036
0.053516
0.052830
0.052271
0.051671
0.051071
0.050431
0.049912
0.049431
0.048712
0.048192
0.047672
0.047192
0.046673
0.046067
0.045547
0.045067
0.044548
0.044068
0.043588
0.043068
0.042588
0.042109
0.041709
0.041189
0.040829
0.040349
0.039950
0.039470
0.038990
0.038624
0.038224
0.037704
0.037464
0.036984
0.036505
0.036225
0.035785
0.035465
0.035025
0.034745
0.034346
0.033986
0.033626
0.033227
0.032867
0.032627
0.032147
0.031867
0.031621
0.031141
0.030861
0.030621
0.030381
0.029941
0.029622
0.029382
0.029142
0.028742
0.028502
0.028262
0.027902
0.027623
0.027383
0.027143
0.026783
0.026543
0.026264
0.026024
0.025784
0.025544
0.025264
0.025024
0.024784
0.024537
0.024297
0.024057
0.023897
0.023657
0.023537
0.023297
0.023018
0.022778
0.022538
0.022418
0.022178
0.021898
0.021778
0.021538
0.021418
0.021178
0.021058
0.020778
0.020658
0.020418
0.020298
0.020178
0.019938
0.019659
0.019659
0.019419
0.019179
0.019179
0.018939
0.018699
0.018660
0.018420
0.018300
0.018180
0.017940
0.017940
0.017700
0.017580
0.017460
0.017214
0.017174
0.016934
0.016934
0.016694
0.016574
0.016454
0.016334
0.016214
0.016094
0.015974
0.015854
0.015734
0.015614
0.015614
0.015374
0.015374
0.015254
0.015134
0.015014
0.014894
0.014774
0.014654
0.014654
0.014534
0.014414
0.014294
0.014174
0.014174
0.013934
0.013934
0.013934
0.013694
0.013694
0.013694
0.013454
0.013454
0.013374
0.013214
0.013214
0.013134
0.012974
0.012974
0.012974
0.012734
0.012734
0.012734
0.012494
0.012494
0.012494
0.012254
0.012254
0.012254
0.012134
0.012014
0.012014
0.012014
0.011894
0.011774
0.011774
0.011774
0.011654
0.011534
0.011534
0.011534
0.011414
0.011294
0.011294
0.011294
0.011174
0.011094
0.011054
0.011054
0.011054
0.010934
0.010814
0.010814
0.010814
0.010694
0.010694
0.010574
0.010574
0.010574
0.010454
0.010454
0.010454
0.010334
0.010334
0.010334
0.010214
0.010214
0.010214
0.010094
0.010094
0.010094
0.009974
0.009974
0.009974
0.009854
0.009854
0.009854
0.009734
0.009734
0.009734
0.009734
0.009614
0.009614
0.009614
0.009494
0.009494
0.009494
0.009494
0.009494
0.009494
0.009494
0.009494
0.009494
0.009494
0.009494
0.009494
0.009494
0.009494
0.009414
0.009374
0.009374
0.009374
0.009254
0.009294
0.009294
0.009414
0.009414
0.009374
0.009374
0.009374
0.009374
0.009374
0.009254
0.009254
0.009254
0.009254
0.009254
0.009254
0.009254
0.009254
0.009254
0.009254
0.009254
0.009254
0.009254
0.009254
0.009254
0.009254
0.009254
0.009254
0.009254
0.009254
0.009254
0.009254
0.009254
0.009254
0.009254
0.009254
0.009254
0.009254
0.009254
0.009254
0.009254
0.009254
0.009254
0.009254
0.009254
0.009254
0.009254
0.009254
0.009254
0.009254
0.009254
0.009254
0.009254
0.009254
0.009254
0.009254
0.009254
0.009254
0.009254
0.009254
0.009254
0.009254
0.009254
0.009254
0.009254
0.009254
0.009254
0.009254
0.009254
0.009254
0.009254
0.009254
0.009254
0.009254
0.009254
0.009254
0.009254
0.009254
0.009254
0.009254
0.009254
0.009254
0.009254
0.009254
0.009254
0.009254
0.009254
0.009254
0.009254
0.009254
0.009254
0.009254
0.009254
0.009254
0.009254
0.009254
0.009254
0.009254
0.009254
0.009254
0.009254
0.009254
0.009254
0.009254
0.009254
0.009254
0.009254
0.009254
0.009254
0.009254
0.009254
0.009254
0.009254
0.009254
0.009254
0.009254
0.009254
0.009254
0.009254
0.009254
0.009254
0.009254
0.009254
0.009254
0.009254
0.009254
0.009254
0.009254
0.009254
0.009254
0.009254
0.009254
