0.722410
0.722410
0.722410
0.722410
0.722410
0.722410
0.722410
0.722324
0.721867
0.720519
0.719042
0.717171
0.715114
0.712778
0.709912
0.706771
0.703202
0.699792
0.696525
0.693092
0.689848
0.686575
0.683266
0.680076
0.676925
0.673288
0.670045
0.666680
0.663392
0.659714
0.656391
0.653286
0.649881
0.646509
0.643208
0.639917
0.636534
0.633169
0.629853
0.626416
0.623181
0.619682
0.616496
0.613196
0.609976
0.606734
0.603355
0.600104
0.596862
0.593738
0.590322
0.586923
0.583755
0.580378
0.577430
0.574078
0.570665
0.567500
0.564233
0.561082
0.557925
0.554761
0.551445
0.548214
0.544957
0.541871
0.538589
0.535367
0.531921
0.528951
0.525868
0.522564
0.519251
0.516291
0.512943
0.509932
0.506640
0.503484
0.500349
0.497204
0.494000
0.490764
0.487874
0.484570
0.481570
0.478241
0.475011
0.472018
0.469017
0.465717
0.462673
0.459437
0.456263
0.453205
0.450101
0.446959
0.443645
0.440781
0.437500
0.434674
0.431570
0.428218
0.425055
0.422018
0.418844
0.416013
0.412711
0.409592
0.406631
0.403458
0.400660
0.397324
0.394313
0.391292
0.388401
0.385240
0.382275
0.379224
0.376305
0.373181
0.370072
0.367261
0.364268
0.361318
0.358326
0.355367
0.352397
0.349614
0.346597
0.343795
0.340949
0.337982
0.335119
0.332316
0.329640
0.326623
0.323817
0.321188
0.318331
0.315634
0.312929
0.309920
0.307216
0.304546
0.301810
0.299214
0.296519
0.293829
0.291216
0.288456
0.286089
0.283224
0.280585
0.277885
0.275336
0.272752
0.270190
0.267594
0.265226
0.262712
0.260218
0.257731
0.255370
0.252994
0.250508
0.248289
0.245713
0.243606
0.241246
0.238853
0.236627
0.234131
0.232141
0.229915
0.227642
0.225568
0.223127
0.221138
0.218894
0.216812
0.214757
0.212442
0.210352
0.208167
0.206264
0.204228
0.202310
0.200139
0.198244
0.196090
0.194320
0.192272
0.190349
0.188355
0.186413
0.184431
0.182665
0.180849
0.178958
0.177045
0.175322
0.173404
0.171820
0.169916
0.168312
0.166606
0.164867
0.163152
0.161531
0.159821
0.158190
0.156578
0.154926
0.153352
0.151646
0.150168
0.148492
0.146863
0.145405
0.144020
0.142522
0.141072
0.139535
0.137844
0.136468
0.135290
0.133841
0.132305
0.130924
0.129409
0.128271
0.126771
0.125568
0.123909
0.122716
0.121462
0.120078
0.118972
0.117422
0.116162
0.115080
0.113674
0.112593
0.111427
0.110023
0.108665
0.107543
0.106525
0.105263
0.103920
0.102743
0.101703
0.100602
0.099542
0.098386
0.097215
0.096094
0.094822
0.093736
0.092772
0.091455
0.090479
0.089324
0.088407
0.087482
0.086319
0.085238
0.084260
0.083209
0.082053
0.081251
0.080084
0.079260
0.077997
0.077163
0.076159
0.075155
0.074226
0.073220
0.072358
0.071381
0.070584
0.069545
0.068689
0.067813
0.066950
0.066043
0.065239
0.064409
0.063735
0.062624
0.061942
0.061281
0.060503
0.059584
0.058982
0.058251
0.057573
0.056720
0.056089
0.055321
0.054686
0.053899
0.053225
0.052673
0.051950
0.051214
0.050619
0.050057
0.049333
0.048716
0.048224
0.047524
0.046978
0.046337
0.045884
0.045149
0.044715
0.044119
0.043700
0.042970
0.042519
0.041923
0.041310
0.040821
0.040440
0.039876
0.039385
0.038856
0.038418
0.037913
0.037301
0.037150
0.036679
0.036044
0.035676
0.035109
0.034957
0.034374
0.033834
0.033520
0.033189
0.032599
0.032341
0.031954
0.031510
0.031055
0.030807
0.030376
0.030083
0.029674
0.029149
0.028862
0.028711
0.028166
0.028015
0.027520
0.027242
0.026792
0.026544
0.026201
0.026003
0.025639
0.025202
0.025106
0.024702
0.024479
0.024171
0.023748
0.023464
0.023195
0.023010
0.022752
0.022554
0.022206
0.021959
0.021807
0.021480
0.021129
0.020854
0.020651
0.020393
0.020241
0.019937
0.019786
0.019689
0.019233
0.019136
0.018743
0.018540
0.018388
0.018388
0.018237
0.017844
0.017693
0.017529
0.017328
0.017272
0.017132
0.016845
0.016552
0.016497
0.016401
0.016249
0.016046
0.015945
0.015728
0.015631
0.015471
0.015283
0.015187
0.015132
0.014796
0.014700
0.014599
0.014502
0.014300
0.014244
0.014148
0.014093
0.013894
0.013788
0.013637
0.013540
0.013540
0.013444
0.013283
0.013153
0.013153
0.013001
0.013001
0.012798
0.012744
0.012647
0.012647
0.012550
0.012495
0.012293
0.012293
0.012197
0.012141
0.012045
0.012045
0.012045
0.011788
0.011788
0.011658
0.011658
0.011506
0.011506
0.011506
0.011303
0.011248
0.011248
0.011152
0.011152
0.011055
0.011000
0.010894
0.010798
0.010798
0.010798
0.010646
0.010646
0.010646
0.010550
0.010550
0.010550
0.010398
0.010398
0.010398
0.010398
0.010302
0.010302
0.010247
0.010150
0.010150
0.010150
0.010150
0.010054
0.009999
0.009999
0.009902
0.009902
0.009902
0.009902
0.009806
0.009750
0.009750
0.009750
0.009750
0.009654
0.009654
0.009654
0.009600
0.009502
0.009502
0.009502
0.009502
0.009502
0.009406
0.009406
0.009406
0.009351
0.009351
0.009254
0.009254
0.009254
0.009254
0.009254
0.009158
0.009158
0.009103
0.009103
0.009103
0.009103
0.009006
0.009006
0.009006
0.009006
0.009006
0.009006
0.008911
0.008855
0.008855
0.008855
0.008855
0.008855
0.008855
0.008758
0.008758
0.008758
0.008758
0.008758
0.008758
0.008758
0.008705
0.008606
0.008606
0.008606
0.008606
0.008606
0.008606
0.008606
0.008606
0.008511
0.008511
0.008511
0.008511
0.008511
0.008511
0.008511
0.008511
0.008511
0.008511
0.008511
0.008511
0.008511
0.008511
0.008511
0.008511
0.008511
0.008511
0.008511
0.008511
0.008511
0.008511
0.008511
0.008511
0.008511
0.008511
0.008511
0.008511
0.008511
0.008511
0.008511
0.008511
0.008511
0.008511
0.008511
0.008511
0.008511
0.008511
0.008511
0.008511
0.008511
0.008511
0.008511
0.008511
0.008511
0.008511
0.008511
0.008511
0.008511
0.008511
0.008511
0.008511
0.008511
0.008511
0.008511
0.008511
0.008511
0.008511
0.008511
0.008511
0.008511
0.008511
0.008511
0.008511
0.008511
0.008511
0.008511
0.008511
0.008511
0.008511
0.008511
0.008511
0.008511
0.008511
0.008511
0.008511
0.008511
0.008511
0.008511
0.008511
0.008511
0.008511
0.008511
0.008511
0.008511
0.008511
0.008511
0.008511
0.008511
0.008511
0.008511
0.008511
0.008511
0.008511
0.008511
0.008511
0.008511
0.008511
0.008511
0.008511
0.008511
0.008511
0.008511
0.008511
0.008511
0.008511
0.008511
0.008511
0.008511
0.008511
0.008511
0.008511
0.008511
0.008511
0.008511
0.008511
0.008511
0.008511
0.008511
0.008511
0.008511
0.008511
0.008511
0.008511
0.008511
0.008511
0.008511
0.008511
0.008511
0.008511
0.008511
0.008511
0.008511
0.008511
0.008511
0.008511
0.008511
0.008511
0.008511
0.008511
0.008511
0.008511
0.008511
0.008511
0.008511
0.008511
0.008511
0.008511
0.008511
0.008511
0.008511
0.008511
0.008511
0.008511
0.008511
