0.438455
0.438455
0.438455
0.438455
0.438455
0.438455
0.438455
0.438455
0.438455
0.438455
0.438455
0.438455
0.438455
0.438455
0.438455
0.438455
0.438455
0.438455
0.438455
0.438455
0.438455
0.438455
0.438404
0.437757
0.436215
0.433551
0.430148
0.426218
0.422347
0.418321
0.414910
0.411647
0.408470
0.405407
0.402202
0.398978
0.395673
0.392011
0.388452
0.384696
0.381200
0.377695
0.374393
0.371019
0.367397
0.364180
0.360874
0.357451
0.353937
0.350647
0.347206
0.343881
0.340648
0.337260
0.334065
0.330595
0.327408
0.324100
0.320883
0.317765
0.314461
0.311171
0.308012
0.304749
0.301836
0.298596
0.295487
0.292392
0.289325
0.286210
0.283095
0.280200
0.277148
0.274116
0.271205
0.268062
0.265143
0.262224
0.259192
0.256392
0.253340
0.250606
0.247612
0.244698
0.241939
0.239012
0.236133
0.233331
0.230493
0.227678
0.224857
0.222341
0.219488
0.216759
0.214034
0.211326
0.208958
0.206101
0.203660
0.201016
0.198380
0.195806
0.193390
0.191008
0.188509
0.186031
0.183729
0.181345
0.178957
0.176627
0.174429
0.172168
0.169827
0.167605
0.165622
0.163307
0.161265
0.159137
0.157105
0.155080
0.152885
0.151014
0.149023
0.147032
0.145160
0.143206
0.141363
0.139550
0.137691
0.135855
0.134068
0.132400
0.130663
0.128953
0.127178
0.125471
0.123872
0.122346
0.120708
0.119082
0.117630
0.116011
0.114396
0.113088
0.111385
0.110117
0.108718
0.107173
0.105703
0.104383
0.103075
0.101784
0.100311
0.098965
0.097624
0.096565
0.095284
0.094036
0.092757
0.091601
0.090298
0.089258
0.087950
0.086836
0.085564
0.084639
0.083394
0.082372
0.081336
0.080189
0.079194
0.078050
0.077183
0.076128
0.075170
0.074078
0.073231
0.072283
0.071221
0.070262
0.069352
0.068542
0.067573
0.066708
0.065824
0.065007
0.064170
0.063276
0.062479
0.061765
0.060715
0.059931
0.059195
0.058575
0.057638
0.056962
0.056180
0.055490
0.054864
0.054007
0.053546
0.052731
0.052069
0.051450
0.050757
0.049995
0.049411
0.048734
0.048040
0.047395
0.046830
0.046220
0.045512
0.045041
0.044557
0.043953
0.043347
0.042731
0.042222
0.041749
0.041117
0.040480
0.040135
0.039503
0.039038
0.038538
0.038115
0.037568
0.037136
0.036542
0.036308
0.035696
0.035129
0.034776
0.034351
0.033883
0.033507
0.032989
0.032479
0.032182
0.031697
0.031306
0.031091
0.030483
0.030151
0.029736
0.029422
0.028988
0.028666
0.028391
0.028066
0.027604
0.027315
0.026998
0.026643
0.026363
0.026035
0.025579
0.025278
0.024873
0.024762
0.024351
0.024221
0.023710
0.023530
0.023242
0.022956
0.022474
0.022354
0.022035
0.021741
0.021577
0.021236
0.020984
0.020822
0.020518
0.020312
0.020114
0.019723
0.019510
0.019387
0.019115
0.018931
0.018622
0.018404
0.018182
0.018071
0.017764
0.017533
0.017409
0.017296
0.016993
0.016873
0.016682
0.016443
0.016332
0.016168
0.015859
0.015799
0.015634
0.015572
0.015411
0.015051
0.014860
0.014799
0.014716
0.014545
0.014429
0.014161
0.013949
0.013887
0.013740
0.013643
0.013522
0.013344
0.013303
0.013207
0.012933
0.012770
0.012752
0.012738
0.012554
0.012337
0.012218
0.012218
0.012110
0.011996
0.011873
0.011873
0.011722
0.011636
0.011636
0.011369
0.011369
0.011292
0.011187
0.011169
0.011106
0.010913
0.010751
0.010751
0.010715
0.010601
0.010601
0.010487
0.010352
0.010320
0.010280
0.010169
0.010119
0.010005
0.009945
0.009909
0.009830
0.009768
0.009768
0.009682
0.009576
0.009482
0.009423
0.009423
0.009360
0.009307
0.009307
0.009247
0.009247
0.009247
0.009215
0.009215
0.009161
0.009161
0.009101
0.009084
0.009084
0.009084
0.009101
0.009048
0.009048
0.009048
0.009016
0.009016
0.009016
0.008999
0.008999
0.008999
0.008945
0.008945
0.008962
0.008962
0.008962
0.008962
0.008945
0.008945
0.008945
0.008945
0.008945
0.008945
0.008945
0.008945
0.008945
0.008945
0.008945
0.008945
0.008945
0.008945
0.008945
0.008945
0.008945
0.008945
0.008945
0.008945
0.008945
0.008945
0.008945
0.008945
0.008945
0.008945
0.008945
0.008945
0.008945
0.008945
0.008945
0.008945
0.008945
0.008945
0.008945
0.008945
0.008945
0.008945
0.008945
0.008945
0.008945
0.008945
0.008945
0.008945
0.008945
0.008945
0.008945
0.008945
0.008945
0.008945
0.008945
0.008945
0.008945
0.008945
0.008945
0.008945
0.008945
0.008945
0.008945
0.008945
0.008945
0.008945
0.008945
0.008945
0.008945
0.008945
0.008945
0.008945
0.008945
0.008945
0.008945
0.008945
0.008945
0.008945
0.008945
0.008945
0.008945
0.008945
0.008945
0.008945
0.008945
0.008945
0.008945
0.008945
0.008945
0.008945
0.008945
0.008945
0.008945
0.008945
0.008945
0.008945
0.008945
0.008945
0.008945
0.008945
0.008945
0.008945
0.008945
0.008945
0.008945
0.008945
0.008945
0.008945
0.008945
0.008945
0.008945
0.008945
0.008945
0.008945
0.008945
0.008945
0.008945
0.008945
0.008945
0.008945
0.008945
0.008945
0.008945
0.008945
0.008945
0.008945
0.008945
0.008945
0.008945
0.008945
0.008945
0.008945
0.008945
0.008945
0.008945
0.008945
0.008945
0.008945
0.008945
0.008945
0.008945
0.008945
0.008945
0.008945
0.008945
0.008945
0.008945
0.008945
0.008945
0.008945
0.008945
0.008945
0.008945
0.008945
0.008945
0.008945
0.008945
0.008945
0.008945
0.008945
0.008945
0.008945
0.008945
0.008945
0.008945
0.008945
0.008945
0.008945
0.008945
0.008945
0.008945
0.008945
0.008945
0.008945
0.008945
0.008945
0.008945
0.008945
0.008945
0.008945
0.008945
0.008945
0.008945
0.008945
0.008945
0.008945
0.008945
0.008945
0.008945
0.008945
0.008945
0.008945
0.008945
0.008945
0.008945
0.008945
0.008945
0.008945
0.008945
0.008945
0.008945
0.008945
0.008945
0.008945
0.008945
0.008945
0.008945
0.008945
0.008945
0.008945
0.008945
0.008945
0.008945
0.008945
0.008945
0.008945
0.008945
0.008945
0.008945
0.008945
0.008945
0.008945
0.008945
0.008945
0.008945
0.008945
0.008945
0.008945
0.008945
0.008945
0.008945
0.008945
0.008945
0.008945
0.008945
0.008945
0.008945
0.008945
0.008945
0.008945
0.008945
0.008945
0.008945
0.008945
0.008945
0.008945
0.008945
0.008945
0.008945
0.008945
0.008945
0.008945
0.008945
0.008945
0.008945
0.008945
0.008945
0.008945
0.008945
0.008945
0.008945
0.008945
0.008945
0.008945
0.008945
0.008945
0.008945
0.008945
0.008945
0.008945
0.008945
0.008945
0.008945
0.008945
0.008945
0.008945
0.008945
0.008945
0.008945
0.008945
0.008945
0.008945
0.008945
0.008945
0.008945
0.008945
0.008945
0.008945
0.008945
0.008945
0.008945
0.008945
0.008945
0.008945
0.008945
0.008945
0.008945
0.008945
0.008945
0.008945
0.008945
0.008945
0.008945
0.008945
0.008945
0.008945
0.008945
0.008945
0.008945
0.008945
0.008945
0.008945
0.008945
