0.865466
0.865466
0.865466
0.865466
0.865466
0.865466
0.865466
0.865466
0.865472
0.865469
0.865447
0.865219
0.864973
0.864614
0.863913
0.862999
0.862094
0.860956
0.859703
0.858320
0.857049
0.856064
0.855109
0.854497
0.853555
0.852683
0.851533
0.850290
0.848819
0.847166
0.845435
0.843599
0.841772
0.839606
0.837474
0.835223
0.832721
0.830113
0.827475
0.824790
0.822096
0.819574
0.817203
0.815117
0.813000
0.811020
0.808727
0.806589
0.804269
0.801625
0.798991
0.795762
0.792821
0.789964
0.787061
0.784107
0.781387
0.778742
0.776051
0.773151
0.770413
0.767687
0.764821
0.761844
0.759243
0.756241
0.753545
0.750863
0.747938
0.745378
0.742428
0.739887
0.737264
0.734498
0.731808
0.729063
0.726484
0.723674
0.721009
0.718507
0.715702
0.713192
0.710598
0.707951
0.705493
0.702883
0.700288
0.697919
0.695248
0.692794
0.690095
0.687624
0.685422
0.682851
0.680439
0.677938
0.675532
0.673254
0.670766
0.668411
0.665846
0.663218
0.660517
0.658128
0.656098
0.654442
0.652989
0.651594
0.650353
0.649418
0.648426
0.647554
0.646534
0.645343
0.643992
0.642625
0.641319
0.640390
0.639468
0.638617
0.637602
0.636193
0.634640
0.633088
0.631212
0.629160
0.627310
0.625346
0.623149
0.621146
0.619168
0.617234
0.615021
0.612603
0.609959
0.607162
0.604194
0.601247
0.598114
0.595397
0.592743
0.590014
0.587478
0.584535
0.581950
0.579191
0.576357
0.573678
0.570830
0.568275
0.565459
0.562957
0.560340
0.557691
0.555039
0.552542
0.549836
0.547266
0.544758
0.542206
0.539799
0.537189
0.534725
0.532132
0.529690
0.527204
0.524807
0.522290
0.519882
0.517603
0.514996
0.512819
0.510479
0.507889
0.505844
0.503361
0.500991
0.498772
0.496454
0.494230
0.492002
0.489863
0.487708
0.485490
0.483220
0.481079
0.479070
0.476907
0.474797
0.472756
0.470571
0.468550
0.466481
0.464457
0.462506
0.460600
0.458472
0.456418
0.454468
0.452540
0.450539
0.448594
0.446610
0.444675
0.442757
0.440990
0.439071
0.437152
0.435258
0.433621
0.431699
0.429879
0.428165
0.426528
0.424711
0.423046
0.421237
0.419538
0.418088
0.416276
0.414619
0.413121
0.411601
0.410097
0.408429
0.406948
0.405245
0.404002
0.402421
0.400966
0.399577
0.398074
0.396728
0.395248
0.393982
0.392580
0.391200
0.389803
0.388694
0.387159
0.386068
0.384585
0.383580
0.382197
0.380894
0.379719
0.378669
0.377383
0.376046
0.375250
0.373962
0.372800
0.371615
0.370624
0.369328
0.368316
0.367233
0.366151
0.365030
0.364032
0.362966
0.362010
0.360908
0.359885
0.358926
0.357879
0.356843
0.355786
0.355020
0.353826
0.352783
0.352052
0.350828
0.349950
0.349216
0.348113
0.347327
0.346344
0.345464
0.344647
0.343710
0.342870
0.342011
0.341076
0.340418
0.339435
0.338661
0.337761
0.337034
0.336095
0.335500
0.334436
0.333920
0.333135
0.332291
0.331496
0.330537
0.329647
0.329040
0.328210
0.327397
0.326453
0.325730
0.324929
0.324003
0.323362
0.322641
0.321932
0.321241
0.320502
0.319897
0.319115
0.318577
0.317863
0.317250
0.316618
0.316066
0.315549
0.314937
0.314380
0.313783
0.313107
0.312629
0.312146
0.311505
0.311114
0.310461
0.310011
0.309574
0.309030
0.308629
0.307997
0.307595
0.307119
0.306634
0.306205
0.305779
0.305312
0.304980
0.304571
0.304171
0.303709
0.303522
0.303197
0.302895
0.302375
0.302079
0.301825
0.301507
0.301211
0.300896
0.300472
0.300209
0.299789
0.299552
0.299288
0.299058
0.298601
0.298240
0.297846
0.297607
0.297106
0.296830
0.296482
0.296136
0.295889
0.295495
0.295191
0.294890
0.294672
0.294394
0.294271
0.293879
0.293691
0.293309
0.293193
0.292799
0.292689
0.292401
0.292189
0.291961
0.291706
0.291633
0.291254
0.291060
0.290780
0.290715
0.290421
0.290251
0.290079
0.289393
0.289116
0.288946
0.288654
0.288168
0.287840
0.287565
0.287355
0.287087
0.286945
0.421442
0.421182
0.420997
0.420931
0.420645
0.420510
0.420334
0.420346
0.420389
0.420540
0.420946
0.421291
0.421885
0.422505
0.422987
0.423440
0.423956
0.424422
0.424782
0.425351
0.194067
0.194421
0.194994
0.195633
0.196232
0.196821
0.197162
0.197426
0.197707
0.197896
0.197873
0.198069
0.198164
0.198238
0.198190
0.197986
0.197547
0.197278
0.196420
0.195775
0.194849
0.194282
0.193315
0.192489
0.191863
0.191229
0.190680
0.189936
0.189320
0.188554
0.187618
0.186483
0.185626
0.184370
0.183397
0.182215
0.181039
0.179938
0.178617
0.177466
0.176249
0.174916
0.173867
0.172660
0.171469
0.170302
0.169136
0.167915
0.166585
0.165641
0.164366
0.163285
0.162025
0.160997
0.159897
0.158825
0.157596
0.156421
0.155324
0.154146
0.153057
0.152045
0.150612
0.149513
0.148229
0.147150
0.146008
0.145029
0.143671
0.142368
0.141225
0.140183
0.139115
0.138056
0.136992
0.135895
0.134977
0.133842
0.132918
0.131943
0.130887
0.129968
0.128973
0.128011
0.127121
0.126085
0.125197
0.124288
0.123322
0.122290
0.121322
0.120552
0.119643
0.118727
0.117786
0.116885
0.116008
0.115118
0.114231
0.113380
0.112502
0.111708
0.110776
0.109930
0.109079
0.108363
0.107515
0.106804
0.105945
0.105296
0.104455
0.103722
0.102948
0.102300
0.101554
0.100727
0.100045
0.099198
0.098462
0.097840
0.096966
0.096273
0.095523
0.094726
0.094018
0.093208
0.092458
0.091728
0.091013
0.090219
0.089336
0.088404
0.087691
0.087001
0.086159
0.085314
0.084609
0.083808
0.083203
0.082411
0.081579
0.080796
0.080066
0.079457
0.078728
0.077994
0.077213
0.076309
0.075711
0.074945
0.074280
0.073557
0.072830
0.072094
0.070994
0.070112
0.069336
0.068626
0.067985
0.067200
0.066391
0.065289
0.064453
0.063751
0.062959
0.062253
0.061634
0.060932
0.060276
0.059459
0.058766
0.058142
0.057535
0.056773
0.056118
0.055586
0.054888
0.054355
0.053758
0.053163
0.052533
0.052000
0.051470
0.050876
0.050410
0.049881
0.049320
0.048953
0.048459
0.047963
0.047502
0.046943
0.046530
0.046178
0.045588
0.045241
0.044919
0.044517
0.044163
0.043679
0.043271
0.042985
0.042573
0.042342
0.041913
0.041777
0.041449
0.040985
0.040695
0.040383
0.040101
0.039764
0.039551
0.039150
0.038791
0.038510
0.038238
0.037912
0.037642
0.037311
0.037043
0.036712
0.036444
0.036179
0.035794
0.035506
0.034839
0.034579
0.034213
0.033842
0.033641
0.033274
0.032968
0.032732
0.032409
0.032111
0.031885
0.031561
0.031297
0.031076
0.030821
0.030606
0.030342
0.030088
0.029869
0.029600
0.029004
0.028704
0.028458
0.028094
0.027915
0.027718
0.027087
0.026789
0.026526
0.026229
0.025961
0.025764
0.025570
0.025284
0.025124
0.024911
0.024687
0.024504
0.024341
0.024144
0.024014
0.023816
0.023620
0.023486
0.023345
0.023166
0.023035
0.022839
0.022709
0.022576
0.022398
0.022347
0.022292
0.022203
0.022072
0.021989
0.021860
0.021780
0.021705
0.021584
0.021520
0.021445
0.021316
0.021319
0.021287
0.021192
0.021164
0.021082
0.021017
0.021071
0.021026
0.020934
0.021030
0.021002
0.020933
0.020973
0.020896
0.020794
0.020839
0.020766
0.020639
0.020751
0.020684
0.020558
0.020515
0.020452
0.020389
0.020322
0.020379
0.020254
0.020129
0.020129
0.020005
0.019657
0.019542
0.019379
0.019267
0.019267
0.019099
0.019058
0.018898
0.018836
0.018767
0.018677
0.018617
0.018589
0.018507
0.018446
0.018369
0.018308
0.017969
0.017764
0.017654
0.017489
0.017446
0.017328
0.017288
0.016849
0.016707
0.016549
0.016475
0.016316
0.016293
0.016138
0.016102
0.016053
0.015939
0.015915
0.015848
0.015770
0.015770
0.015713
0.015642
0.015582
0.015582
0.015518
0.015462
0.015462
0.015462
0.015354
0.015351
0.015351
0.015247
0.015327
0.015398
0.015386
0.015379
0.015426
0.015373
0.015376
0.015428
0.015429
0.015429
0.015434
0.015510
0.015548
0.015624
0.015668
0.015673
0.015673
0.015797
0.015938
0.015920
0.016015
0.016115
0.016115
0.016230
0.016235
0.016235
0.016344
0.016351
0.016351
0.016420
0.016420
0.016479
0.016490
0.016490
0.016449
0.016507
0.016564
0.016521
0.016521
0.016521
0.016481
0.016539
0.016154
0.016101
0.016058
0.016011
0.016011
0.015889
0.015848
0.015810
0.015869
0.015835
0.015806
0.015733
0.015733
0.015710
0.015710
0.015693
0.015354
0.015266
0.015167
0.015111
0.015067
0.015067
0.015027
0.014651
0.014530
0.014431
0.014357
0.014314
0.014291
0.014251
0.014215
0.014166
0.014166
0.014138
0.014132
0.014110
0.014110
0.014110
0.014093
0.014090
0.014090
0.014080
0.014080
0.014080
0.014080
0.014080
0.014077
0.014077
0.014080
0.014080
0.014159
0.014231
0.014272
0.014317
0.014364
0.014367
0.014417
0.014469
0.014522
0.014522
0.014652
0.014685
0.014817
0.014861
0.014907
0.014964
0.015012
0.015139
0.015229
0.015358
0.015455
0.015502
0.015557
0.015664
0.015714
0.015770
0.015823
0.015876
0.015934
0.015989
0.015989
0.015989
0.016104
0.016162
0.016162
0.016219
0.016219
0.016219
0.016219
0.016219
0.016277
0.016277
0.015934
0.015940
0.015839
0.015791
0.015791
0.015747
0.015705
0.015667
0.015726
0.015693
0.015664
0.015664
0.015664
0.015641
0.015641
0.015285
0.015233
0.015134
0.015087
0.015034
0.015034
0.014654
0.014566
0.014434
0.014384
0.014314
0.014314
0.014251
0.014215
0.014182
0.014166
0.014138
0.014138
0.014106
0.014110
0.014110
0.014093
0.014093
0.014090
0.014080
0.014080
0.014080
0.014080
0.014080
0.014077
0.014077
0.014077
0.014080
0.014080
0.014080
0.014080
0.014159
0.014231
0.014276
0.014320
0.014367
0.014367
0.014417
0.014469
0.014598
0.014630
0.014762
0.014805
0.014907
0.014907
0.014955
0.015139
0.015171
0.015300
0.015455
0.015502
0.015557
0.015605
0.015656
0.015770
0.015823
0.015876
0.015934
0.015989
0.015989
0.015989
0.016045
0.016162
0.016162
0.016219
0.016219
0.016219
0.016219
0.016219
0.016277
0.016277
0.016277
0.016336
0.015993
0.015940
0.015839
0.015791
0.015791
0.015747
0.015764
0.015726
0.015726
0.015693
0.015664
0.015664
0.015302
0.015250
0.015151
0.015087
0.015044
0.015044
0.015004
0.014618
0.014533
0.014434
0.014360
0.014317
0.014291
0.014251
0.014215
0.014166
0.014166
0.014138
0.014128
0.014106
0.014106
0.014106
0.014093
0.014090
0.014090
0.014080
0.014080
0.014080
0.014080
0.014080
0.014077
0.014077
0.014080
0.014080
0.014080
0.014080
0.014080
0.014159
0.014231
0.014276
0.014320
0.014367
0.014367
0.014417
0.014469
0.014598
0.014630
0.014762
0.014805
0.014907
0.014907
0.015032
0.015171
0.015248
0.015344
0.015502
0.015502
0.015605
0.015656
0.015656
0.015823
0.015876
0.015876
0.015989
0.015989
0.015989
0.016045
0.016045
0.016103
0.016219
0.016219
0.016219
0.016219
0.016219
0.016219
0.016277
0.016277
0.016277
0.016336
0.016336
0.015993
0.015940
0.015839
0.015791
0.015805
0.015805
0.015764
0.015726
0.015726
0.015693
0.015664
0.015325
0.015250
0.015151
0.015104
0.015044
0.015044
0.015004
0.014628
0.014533
0.014434
0.014360
0.014317
0.014295
0.014251
0.014215
0.014166
0.014166
0.014138
0.014128
0.014106
0.014106
0.014106
0.014093
0.014090
0.014090
0.014080
0.014080
0.014080
0.014080
0.014080
0.014077
0.014077
0.014080
0.014080
0.014080
0.014080
0.014080
0.014159
0.014193
0.014276
0.014320
0.014367
0.014367
0.014417
0.014469
0.014598
0.014630
0.014762
0.014805
0.014907
0.014907
0.015032
0.015171
0.015248
0.015344
0.015502
0.015502
0.015605
0.015656
0.015656
0.015823
0.015876
0.015876
0.015989
0.015989
0.015989
0.016045
0.016045
0.016103
0.016219
0.016219
0.016219
0.016219
0.016219
0.016219
0.016277
0.016277
0.016336
0.016336
0.016336
0.015993
