0.678620
0.678620
0.678620
0.678620
0.678620
0.678620
0.678620
0.678620
0.678620
0.678620
0.678620
0.678620
0.678620
0.678620
0.678620
0.678620
0.678620
0.678620
0.678620
0.678620
0.678620
0.678620
0.678620
0.678696
0.679082
0.679258
0.679096
0.679098
0.678556
0.677466
0.676383
0.674570
0.672442
0.669480
0.666413
0.663225
0.660097
0.657177
0.654208
0.651200
0.648324
0.645116
0.641743
0.638092
0.634322
0.630529
0.626617
0.622939
0.619293
0.615627
0.611868
0.608189
0.604455
0.600778
0.596955
0.593332
0.589506
0.585744
0.582104
0.578477
0.574817
0.571254
0.567882
0.564850
0.561636
0.558542
0.555117
0.551680
0.548108
0.544466
0.540693
0.537332
0.533583
0.530183
0.526693
0.523263
0.519898
0.516477
0.512979
0.509516
0.506084
0.502639
0.499171
0.495899
0.492427
0.489058
0.485770
0.482626
0.479621
0.476751
0.473914
0.471029
0.468100
0.464951
0.461643
0.458262
0.454976
0.451649
0.448419
0.445157
0.442107
0.438917
0.435901
0.432798
0.429666
0.426468
0.423306
0.420209
0.417071
0.413838
0.410980
0.407805
0.404728
0.401977
0.399045
0.396438
0.394138
0.391426
0.388852
0.385999
0.382868
0.379793
0.376839
0.373762
0.370861
0.367961
0.365209
0.362374
0.359606
0.356755
0.353912
0.351186
0.348460
0.345616
0.342784
0.340075
0.337411
0.334697
0.331987
0.329337
0.326879
0.324181
0.321547
0.318984
0.316339
0.313829
0.311207
0.308716
0.306244
0.303705
0.301302
0.298775
0.296368
0.294005
0.291634
0.289108
0.286651
0.284354
0.282027
0.279607
0.277431
0.274980
0.272719
0.270510
0.268290
0.266134
0.263839
0.261667
0.259384
0.257287
0.255016
0.252875
0.250748
0.248588
0.246383
0.244394
0.242233
0.240293
0.238112
0.236144
0.234051
0.232103
0.229995
0.228056
0.226111
0.224133
0.222108
0.220270
0.218252
0.216339
0.214411
0.212551
0.210695
0.208800
0.206886
0.205128
0.203222
0.201341
0.199703
0.197803
0.196126
0.194317
0.192558
0.190920
0.189031
0.187451
0.185709
0.184091
0.182329
0.180702
0.179095
0.177457
0.175769
0.174206
0.172554
0.170977
0.169401
0.167924
0.166303
0.164765
0.163253
0.161704
0.160195
0.158830
0.157085
0.155755
0.154269
0.152865
0.151336
0.149912
0.148593
0.147158
0.145795
0.144389
0.142905
0.141566
0.140209
0.138886
0.137611
0.136291
0.134915
0.133588
0.132262
0.131063
0.129820
0.128622
0.127366
0.126064
0.124814
0.123601
0.122535
0.121430
0.120210
0.119065
0.117863
0.116762
0.115723
0.114623
0.113423
0.112254
0.111298
0.110319
0.109137
0.108144
0.107079
0.106097
0.104974
0.103962
0.102986
0.102028
0.100942
0.100074
0.099190
0.098128
0.097201
0.096251
0.095499
0.094423
0.093624
0.092668
0.091807
0.091013
0.090143
0.089225
0.088532
0.087550
0.086795
0.085862
0.085063
0.084276
0.083559
0.082823
0.081960
0.081171
0.080386
0.079735
0.078991
0.078160
0.077472
0.076673
0.076053
0.075287
0.074607
0.073904
0.073215
0.072522
0.071877
0.071301
0.070543
0.069904
0.069261
0.068656
0.067947
0.067487
0.066689
0.066138
0.065603
0.064993
0.064397
0.063793
0.063104
0.062519
0.061911
0.061420
0.060830
0.060107
0.059714
0.059166
0.058652
0.058156
0.057618
0.057050
0.056570
0.055952
0.055511
0.055022
0.054525
0.053994
0.053493
0.053104
0.052610
0.051998
0.051581
0.051142
0.050672
0.050162
0.049729
0.049170
0.048831
0.048467
0.048000
0.047438
0.047006
0.046623
0.046180
0.045755
0.045265
0.044876
0.044507
0.044058
0.043719
0.043289
0.042834
0.042471
0.042078
0.041747
0.041323
0.041004
0.040517
0.040191
0.039884
0.039454
0.039125
0.038674
0.038319
0.037948
0.037590
0.037265
0.036984
0.036567
0.036238
0.035875
0.035517
0.035250
0.034859
0.034507
0.034151
0.033897
0.033544
0.033222
0.032950
0.032586
0.032261
0.031972
0.031712
0.031360
0.031060
0.030812
0.030433
0.030129
0.029935
0.029673
0.029317
0.029019
0.028785
0.028506
0.028168
0.027956
0.027646
0.027379
0.027078
0.026838
0.026587
0.026393
0.026030
0.025747
0.025474
0.025281
0.025005
0.024762
0.024558
0.024290
0.024107
0.023849
0.023551
0.023373
0.023169
0.022905
0.022703
0.022538
0.022305
0.022114
0.021873
0.021746
0.021528
0.021344
0.021169
0.020976
0.020747
0.020582
0.020455
0.020233
0.020013
0.019873
0.019708
0.019553
0.019336
0.019239
0.019113
0.018907
0.018724
0.018505
0.018429
0.018302
0.018146
0.017992
0.017868
0.017715
0.017589
0.017472
0.017290
0.017178
0.017076
0.016910
0.016767
0.016651
0.016488
0.016412
0.016324
0.016167
0.016091
0.015957
0.015845
0.015718
0.015629
0.015554
0.015426
0.015322
0.015199
0.015148
0.015033
0.014944
0.014839
0.014789
0.014628
0.014542
0.014466
0.014377
0.014271
0.014183
0.014145
0.014056
0.013991
0.013828
0.013782
0.013731
0.013626
0.013536
0.013460
0.013404
0.013327
0.013250
0.013125
0.013087
0.013056
0.012967
0.012929
0.012879
0.012802
0.012727
0.012612
0.012574
0.012523
0.012485
0.012379
0.012329
0.012291
0.012252
0.012202
0.012164
0.012078
0.012028
0.011990
0.011952
0.011902
0.011864
0.011825
0.011748
0.011698
0.011660
0.011622
0.011571
0.011533
0.011533
0.011495
0.011406
0.011368
0.011330
0.011292
0.011279
0.011241
0.011203
0.011165
0.011153
0.011115
0.011077
0.011039
0.011026
0.010988
0.010950
0.010950
0.010900
0.010862
0.010862
0.010824
0.010786
0.010773
0.010735
0.010697
0.010697
0.010659
0.010647
0.010609
0.010571
0.010571
0.010533
0.010520
0.010482
0.010482
0.010444
0.010444
0.010406
0.010394
0.010356
0.010356
0.010318
0.010318
0.010280
0.010280
0.010229
0.010229
0.010191
0.010191
0.010153
0.010153
0.010141
0.010103
0.010103
0.010065
0.010065
0.010027
0.010027
0.010027
0.009976
0.009976
0.009976
0.009938
0.009938
0.009900
0.009900
0.009900
0.009862
0.009850
0.009850
0.009812
0.009812
0.009812
0.009774
0.009774
0.009774
0.009736
0.009723
0.009723
0.009723
0.009685
0.009685
0.009685
0.009647
0.009647
0.009647
0.009647
0.009609
0.009597
0.009597
0.009559
0.009559
0.009559
0.009559
0.009521
0.009521
0.009521
0.009521
0.009521
0.009483
0.009483
0.009471
0.009471
0.009432
0.009432
0.009432
0.009432
0.009432
0.009394
0.009394
0.009394
0.009394
0.009394
0.009356
0.009356
0.009356
0.009344
0.009344
0.009306
0.009306
0.009306
0.009306
0.009306
0.009306
0.009268
0.009268
0.009268
0.009268
0.009268
0.009268
0.009230
0.009230
0.009230
0.009230
0.009230
0.009218
0.009218
0.009179
0.009179
0.009179
0.009179
0.009179
0.009179
0.009179
0.009179
0.009141
0.009141
0.009141
0.009141
0.009141
0.009141
0.009141
0.009141
0.009141
0.009141
0.009141
0.009141
0.009141
0.009141
0.009141
0.009141
0.009141
0.009141
0.009141
0.009141
0.009141
