1.023666
1.023666
1.023666
1.023666
1.023666
1.023666
1.023666
1.023666
1.023625
1.023608
1.023600
1.023592
1.023641
1.023656
1.023682
1.023641
1.023608
1.023549
1.023420
1.023285
1.023171
1.022937
1.022585
1.022051
1.021361
1.020577
1.019622
1.018652
1.017685
1.016719
1.015659
1.014606
1.013638
1.012590
1.011498
1.010342
1.009147
1.007890
1.006740
1.005416
1.004178
1.002852
1.001507
1.000170
0.998606
0.997282
0.995759
0.994344
0.992852
0.991327
0.989875
0.988489
0.987008
0.985661
0.984179
0.982739
0.981365
0.979999
0.978522
0.977116
0.975616
0.974162
0.972706
0.971263
0.969554
0.968069
0.966490
0.964968
0.963483
0.961915
0.960448
0.958774
0.957155
0.955419
0.953467
0.951665
0.949810
0.947883
0.945937
0.944106
0.942121
0.940047
0.937975
0.935814
0.933523
0.931377
0.929090
0.926800
0.924610
0.922456
0.920290
0.918182
0.916125
0.914072
0.911987
0.909973
0.907944
0.905905
0.903751
0.901708
0.899714
0.897603
0.895523
0.893484
0.891455
0.889400
0.887275
0.885120
0.883144
0.880989
0.879007
0.876740
0.874711
0.872519
0.870381
0.868136
0.865890
0.863727
0.861618
0.859444
0.857313
0.855060
0.852755
0.850593
0.848283
0.846109
0.843793
0.841424
0.839204
0.836955
0.834783
0.832471
0.830171
0.827743
0.825376
0.823148
0.820819
0.818563
0.816225
0.813860
0.811436
0.808982
0.806632
0.804185
0.801832
0.799448
0.797039
0.794676
0.792253
0.789716
0.787324
0.784852
0.782371
0.779955
0.777524
0.775149
0.772714
0.770259
0.767706
0.765097
0.762636
0.760157
0.757733
0.755279
0.752861
0.750437
0.748021
0.745669
0.743412
0.741081
0.738860
0.736609
0.734319
0.731989
0.729342
0.726677
0.723883
0.721151
0.718517
0.715882
0.713427
0.710787
0.708317
0.705819
0.703142
0.700471
0.697577
0.694770
0.691862
0.689096
0.686388
0.683826
0.681368
0.678947
0.676589
0.674267
0.671712
0.669112
0.666391
0.663672
0.661121
0.658570
0.656153
0.653846
0.651537
0.649308
0.646774
0.644239
0.641521
0.638819
0.636293
0.633801
0.631414
0.629166
0.627071
0.624813
0.622689
0.620353
0.617930
0.615492
0.613120
0.610806
0.608541
0.606541
0.604505
0.602515
0.600471
0.598307
0.596136
0.593854
0.591545
0.589321
0.587256
0.585071
0.583100
0.581164
0.579125
0.577004
0.574862
0.572697
0.570590
0.568464
0.566422
0.564447
0.562512
0.560549
0.558512
0.556406
0.554177
0.552132
0.550056
0.548028
0.546145
0.544328
0.542519
0.540693
0.538812
0.536770
0.534672
0.532639
0.530684
0.528799
0.526888
0.525025
0.523170
0.521253
0.519422
0.517470
0.515418
0.513383
0.511572
0.509665
0.507877
0.506141
0.504355
0.502488
0.500679
0.498736
0.496826
0.494838
0.493014
0.491169
0.489460
0.487753
0.485949
0.484145
0.482269
0.480306
0.478421
0.476643
0.474909
0.473067
0.471351
0.469632
0.467994
0.466318
0.464644
0.462951
0.461259
0.459626
0.457964
0.456407
0.454677
0.453097
0.451540
0.450006
0.448514
0.446957
0.445406
0.443728
0.442369
0.440784
0.439260
0.437838
0.436339
0.434899
0.433420
0.431990
0.430638
0.429171
0.427859
0.426428
0.424990
0.423653
0.422264
0.420986
0.419687
0.418345
0.417095
0.415739
0.414523
0.413222
0.411977
0.410797
0.409502
0.408265
0.407107
0.405808
0.404643
0.403503
0.402340
0.401239
0.400155
0.398911
0.397760
0.396684
0.395678
0.394454
0.393479
0.392344
0.391255
0.390283
0.389215
0.388116
0.387241
0.386147
0.385269
0.384328
0.383319
0.382298
0.381487
0.380389
0.379599
0.378639
0.377715
0.376886
0.376025
0.375130
0.374293
0.373513
0.372604
0.371821
0.370967
0.370189
0.369441
0.368639
0.367853
0.367094
0.366328
0.365599
0.364861
0.364156
0.363337
0.362641
0.361990
0.361232
0.360552
0.359910
0.359212
0.358567
0.357913
0.357263
0.356610
0.356002
0.355315
0.354796
0.354092
0.353439
0.352863
0.352246
0.351738
0.351070
0.350524
0.349905
0.349328
0.348716
0.348157
0.347659
0.347024
0.346485
0.346007
0.345458
0.344898
0.344457
0.343943
0.343448
0.342891
0.342420
0.341931
0.341531
0.341034
0.340501
0.340054
0.339691
0.339201
0.338728
0.338295
0.337868
0.337454
0.336987
0.336620
0.336198
0.335845
0.335402
0.334985
0.334642
0.334232
0.333884
0.333442
0.333122
0.332840
0.332429
0.332095
0.331731
0.331323
0.331066
0.330771
0.330444
0.330129
0.329844
0.374410
0.374066
0.373795
0.373572
0.373287
0.372982
0.372790
0.372483
0.372291
0.372052
0.371820
0.371564
0.371316
0.371100
0.370891
0.370684
0.370449
0.370208
0.370030
0.369830
0.369571
0.369346
0.369203
0.368990
0.368750
0.368578
0.368417
0.368224
0.368044
0.367815
0.367661
0.367515
0.367293
0.367108
0.366964
0.366844
0.366665
0.366480
0.366299
0.366209
0.365974
0.365863
0.365723
0.365562
0.365264
0.365130
0.364916
0.364827
0.364639
0.364493
0.364379
0.364239
0.364091
0.363912
0.363827
0.363699
0.363520
0.363437
0.363323
0.363174
0.363090
0.362974
0.362844
0.362716
0.362666
0.362541
0.362367
0.362294
0.362235
0.362095
0.201407
0.201335
0.201224
0.201142
0.201047
0.200983
0.200829
0.200712
0.200533
0.200228
0.199962
0.199705
0.199412
0.199159
0.198866
0.198589
0.198335
0.198087
0.197849
0.197600
0.197321
0.197103
0.196887
0.196642
0.196354
0.196097
0.195831
0.195618
0.195373
0.195064
0.194879
0.194633
0.194392
0.194147
0.193917
0.193681
0.193477
0.193185
0.192940
0.192728
0.192488
0.192238
0.191966
0.191743
0.191543
0.191301
0.191082
0.190817
0.190600
0.190331
0.190118
0.189902
0.189680
0.189419
0.189189
0.188960
0.188746
0.188499
0.188268
0.188069
0.187902
0.187702
0.187531
0.187283
0.187071
0.186757
0.186407
0.186105
0.185706
0.185345
0.185059
0.184978
0.184909
0.184997
0.184950
0.184729
0.184276
0.183494
0.182642
0.181649
0.180705
0.179917
0.179185
0.178483
0.177881
0.177200
0.176522
0.175761
0.174993
0.174253
0.173513
0.172816
0.172176
0.171541
0.170911
0.170356
0.169816
0.169243
0.168799
0.168328
0.167861
0.167478
0.167053
0.166701
0.166367
0.166121
0.165894
0.165703
0.165509
0.165375
0.165203
0.165050
0.164997
0.165029
0.164998
0.164861
0.164947
0.164944
0.165056
0.165165
0.165222
0.165296
0.165485
0.165582
0.165543
0.165425
0.165049
0.164582
0.163923
0.163074
0.162122
0.161089
0.159977
0.158778
0.157645
0.156579
0.155435
0.154389
0.153386
0.152240
0.151134
0.150057
0.148937
0.147750
0.146665
0.145536
0.144474
0.143379
0.142260
0.141156
0.140068
0.138978
0.137928
0.136776
0.135708
0.134657
0.133661
0.132601
0.131565
0.130486
0.129415
0.128365
0.127296
0.126277
0.125265
0.124223
0.123211
0.122177
0.121165
0.120177
0.119170
0.118152
0.117103
0.116079
0.115078
0.114111
0.113130
0.112159
0.111155
0.110178
0.109184
0.108220
0.107269
0.106249
0.105346
0.104319
0.103369
0.102443
0.101518
0.100575
0.099575
0.098656
0.097701
0.096723
0.095833
0.094934
0.093930
0.093002
0.092132
0.091265
0.090290
0.089376
0.088479
0.087600
0.086642
0.085779
0.084923
0.084072
0.083138
0.082233
0.081397
0.080549
0.079646
0.078775
0.077906
0.077084
0.076255
0.075416
0.074528
0.073727
0.072872
0.072047
0.071207
0.070368
0.069573
0.068771
0.067925
0.067150
0.066367
0.065595
0.064849
0.064092
0.063281
0.062573
0.061820
0.061111
0.060378
0.059664
0.059011
0.058249
0.057647
0.056920
0.056253
0.055612
0.054962
0.054346
0.053721
0.053093
0.052513
0.051816
0.051218
0.050666
0.050131
0.049562
0.049019
0.048472
0.047947
0.047430
0.046912
0.046419
0.045949
0.045425
0.044990
0.044540
0.044088
0.043610
0.043211
0.042759
0.042344
0.041892
0.041520
0.041091
0.040686
0.040271
0.039914
0.039489
0.039113
0.038732
0.038380
0.038012
0.037609
0.037255
0.036896
0.036546
0.036232
0.035873
0.035555
0.035224
0.034882
0.034558
0.034279
0.033946
0.033654
0.033323
0.032984
0.032747
0.032439
0.032152
0.031884
0.031557
0.031270
0.031027
0.030718
0.030453
0.030237
0.029899
0.029706
0.029418
0.029193
0.028918
0.028707
0.028472
0.028248
0.027984
0.027741
0.027528
0.027327
0.027054
0.026861
0.026646
0.026447
0.026197
0.026006
0.025800
0.025610
0.025441
0.025200
0.025027
0.024802
0.024645
0.024453
0.024260
0.024098
0.023919
0.023768
0.023599
0.023416
0.023235
0.023085
0.022897
0.022766
0.022567
0.022423
0.022254
0.022085
0.021947
0.021786
0.021628
0.021479
0.021338
0.021182
0.021105
0.020936
0.020780
0.020630
0.020514
0.020376
0.020260
0.020129
0.020018
0.019868
0.019781
0.019635
0.019550
0.019373
0.019308
0.019204
0.019056
0.018973
0.018887
0.018716
0.018647
0.018561
0.018416
0.018317
0.018267
0.018090
0.018048
0.017930
0.017866
0.017755
0.017628
0.017586
0.017458
0.017412
0.017284
0.017271
0.017106
0.017106
0.016961
0.016910
0.016783
0.016763
0.016637
0.016610
0.016471
0.016433
0.016338
0.016296
0.016192
0.016112
0.016071
0.015986
0.015949
0.015845
0.015810
0.015690
0.015671
0.015589
0.015527
0.015505
0.015413
0.015371
0.015304
0.015221
0.015202
0.015111
0.015069
0.015019
0.014956
0.014889
0.014870
0.014808
0.014765
0.014698
0.014658
0.014575
0.014566
0.014520
0.014479
0.014419
0.014383
0.014331
0.014268
0.014268
0.014192
0.014170
0.014129
0.014105
0.014049
0.013986
0.013946
0.013890
0.013890
0.013850
0.013811
0.013756
0.013738
0.013732
0.013669
0.013639
0.013602
0.013602
0.013562
0.013504
0.013469
0.013469
0.013469
0.013412
0.013390
0.013349
0.013337
0.013302
0.013262
0.013240
0.013206
0.013206
0.013190
0.013151
0.013151
0.013078
0.013078
0.013062
0.013062
0.013006
0.013006
0.012975
0.012952
0.012937
0.012937
0.012921
0.012899
0.012869
0.012832
0.012832
0.012832
0.012832
0.012795
0.012795
0.012766
0.012752
0.012752
0.012747
0.012747
0.012747
0.012747
0.012747
0.012734
0.012734
0.012734
0.012734
0.012734
0.012734
0.012734
0.012721
0.012721
0.012721
0.012721
0.012721
0.012721
0.012721
0.012721
0.012721
0.012721
0.012721
0.012721
0.012721
0.012721
0.012721
0.012721
0.012721
0.012721
0.012721
0.012721
0.012721
0.012721
0.012721
0.012721
0.012721
0.012721
0.012721
0.012721
0.012721
0.012721
0.012721
0.012721
0.012721
0.012721
0.012721
0.012721
0.012721
0.012721
0.012721
0.012721
0.012721
0.012721
0.012721
0.012721
0.012721
0.012721
0.012721
0.012721
0.012721
0.012721
0.012721
0.012721
0.012721
0.012721
0.012721
0.012721
0.012721
0.012721
0.012721
0.012721
0.012721
0.012721
0.012721
0.012721
0.012721
0.012721
0.012721
0.012721
0.012721
0.012721
0.012721
0.012721
0.012721
0.012721
0.012721
0.012721
0.012721
0.012721
0.012721
0.012721
0.012721
0.012721
0.012721
0.012721
0.012721
0.012721
0.012721
0.012721
0.012721
0.012721
0.012721
0.012721
0.012721
0.012721
0.012721
0.012721
0.012721
0.012721
0.012721
0.012721
0.012721
0.012721
0.012721
0.012721
0.012721
0.012721
0.012721
0.012721
0.012721
0.012721
0.012721
0.012721
0.012721
0.012721
0.012721
0.012721
0.012721
0.012721
0.012721
0.012721
0.012721
0.012721
0.012721
0.012721
0.012721
0.012721
0.012721
0.012721
0.012721
0.012721
0.012721
0.012721
0.012721
0.012721
0.012721
0.012721
0.012721
0.012721
0.012721
0.012721
0.012721
0.012721
0.012721
0.012721
0.012721
0.012721
0.012721
0.012721
0.012721
0.012721
0.012721
0.012721
0.012721
0.012721
0.012721
0.012721
0.012721
0.012721
0.012721
0.012721
0.012721
0.012721
0.012721
0.012721
0.012721
0.012721
0.012721
0.012721
0.012721
0.012721
0.012721
0.012721
0.012721
0.012721
0.012721
0.012721
0.012721
0.012721
0.012721
0.012721
0.012721
0.012721
0.012721
0.012721
0.012721
0.012721
0.012721
0.012721
0.012721
0.012721
0.012721
0.012721
0.012721
0.012721
0.012721
0.012721
0.012721
0.012721
0.012721
0.012721
0.012721
0.012721
0.012721
0.012721
0.012721
0.012721
0.012721
0.012721
0.012721
0.012721
0.012721
0.012721
0.012721
0.012721
0.012721
0.012721
0.012721
0.012721
0.012721
0.012721
0.012721
0.012721
0.012721
0.012721
0.012721
0.012721
0.012721
0.012721
0.012721
0.012721
0.012721
0.012721
0.012721
0.012721
0.012721
0.012721
0.012721
0.012721
0.012721
0.012721
0.012721
0.012721
0.012721
0.012721
0.012721
0.012721
0.012721
0.012721
0.012721
0.012721
0.012721
0.012721
0.012721
0.012721
0.012721
0.012721
0.012721
0.012721
0.012721
0.012721
0.012721
0.012721
0.012721
0.012721
0.012721
0.012721
0.012721
0.012721
0.012721
0.012721
0.012721
0.012721
0.012721
0.012721
0.012721
0.012721
0.012721
0.012721
0.012721
0.012721
0.012721
0.012721
0.012721
0.012721
0.012721
0.012721
0.012721
0.012721
0.012721
0.012721
0.012721
0.012721
0.012721
0.012721
0.012721
0.012721
0.012721
0.012721
0.012721
0.012721
0.012721
0.012721
0.012721
0.012721
0.012721
0.012721
0.012721
0.012721
0.012721
0.012721
0.012721
0.012721
0.012721
0.012721
0.012721
0.012721
0.012721
0.012721
0.012721
0.012721
0.012721
0.012721
0.012721
0.012721
0.012721
0.012721
0.012721
0.012721
0.012721
0.012721
0.012721
0.012721
0.012721
0.012721
0.012721
0.012721
0.012721
0.012721
0.012721
0.012721
0.012721
0.012721
0.012721
0.012721
0.012721
0.012721
0.012721
0.012721
0.012721
0.012721
0.012721
0.012721
0.012721
0.012721
0.012721
0.012721
0.012721
0.012721
0.012721
0.012721
0.012721
0.012721
0.012721
0.012721
0.012721
0.012721
0.012721
0.012721
0.012721
0.012721
0.012721
0.012721
0.012721
0.012721
0.012721
0.012721
0.012721
0.012721
0.012721
0.012721
0.012721
0.012721
0.012721
0.012721
0.012721
0.012721
0.012721
0.012721
0.012721
0.012721
0.012721
0.012721
0.012721
0.012721
0.012721
0.012721
0.012721
0.012721
0.012721
0.012721
0.012721
0.012721
0.012721
0.012721
0.012721
0.012721
0.012721
0.012721
0.012721
0.012721
0.012721
0.012721
0.012721
0.012721
0.012721
0.012721
0.012721
0.012721
0.012721
0.012721
0.012721
0.012721
0.012721
0.012721
0.012721
0.012721
0.012721
0.012721
0.012721
0.012721
0.012721
0.012721
0.012721
0.012721
0.012721
0.012721
0.012721
0.012721
0.012721
0.012721
0.012721
0.012721
0.012721
0.012721
0.012721
0.012721
0.012721
0.012721
0.012721
0.012721
0.012721
0.012721
0.012721
0.012721
0.012721
0.012721
0.012721
0.012721
0.012721
0.012721
0.012721
0.012721
0.012721
0.012721
0.012721
0.012721
0.012721
0.012721
0.012721
0.012721
0.012721
0.012721
0.012721
0.012721
0.012721
0.012721
