0.439628
0.439628
0.439628
0.439628
0.439628
0.439628
0.439628
0.439628
0.439628
0.439628
0.439628
0.439628
0.439628
0.439628
0.439628
0.439628
0.439628
0.439628
0.439628
0.439628
0.439628
0.439628
0.439454
0.438957
0.437500
0.434982
0.431374
0.427641
0.423628
0.419734
0.416223
0.413082
0.409825
0.406850
0.403727
0.400352
0.396992
0.393409
0.389981
0.386129
0.382865
0.379248
0.375912
0.372529
0.369117
0.365816
0.362292
0.358995
0.355761
0.352140
0.348717
0.345563
0.342152
0.338952
0.335647
0.332343
0.329206
0.325832
0.322646
0.319389
0.316112
0.313042
0.309845
0.306642
0.303607
0.300357
0.297234
0.294212
0.291062
0.288235
0.285071
0.282170
0.279269
0.276293
0.273279
0.270454
0.267502
0.264658
0.261869
0.258969
0.256174
0.253334
0.250658
0.247807
0.245097
0.242449
0.239613
0.237074
0.234401
0.231750
0.229187
0.226627
0.223954
0.221384
0.218933
0.216416
0.213774
0.211350
0.209078
0.206525
0.204197
0.201758
0.199374
0.196974
0.194773
0.192470
0.190240
0.187826
0.185699
0.183387
0.181271
0.179019
0.176906
0.174756
0.172650
0.170571
0.168451
0.166453
0.164441
0.162387
0.160322
0.158369
0.156389
0.154497
0.152517
0.150592
0.148703
0.146740
0.145201
0.143339
0.141332
0.139610
0.137737
0.136213
0.134466
0.132619
0.130993
0.129258
0.127577
0.125929
0.124356
0.122631
0.121093
0.119537
0.118001
0.116358
0.114936
0.113443
0.111882
0.110514
0.109001
0.107503
0.106181
0.104772
0.103456
0.102148
0.100842
0.099549
0.098098
0.096885
0.095549
0.094294
0.093114
0.091818
0.090682
0.089462
0.088462
0.087134
0.086013
0.084894
0.083774
0.082606
0.081654
0.080541
0.079464
0.078472
0.077352
0.076445
0.075341
0.074421
0.073526
0.072510
0.071607
0.070542
0.069628
0.068767
0.067876
0.067126
0.066212
0.065173
0.064458
0.063589
0.062775
0.061949
0.061123
0.060445
0.059730
0.058754
0.058122
0.057354
0.056514
0.055801
0.055182
0.054522
0.053688
0.052978
0.052351
0.051720
0.051065
0.050356
0.049637
0.048977
0.048454
0.047799
0.047072
0.046569
0.045982
0.045336
0.044812
0.044163
0.043591
0.042988
0.042654
0.041900
0.041345
0.040730
0.040408
0.039901
0.039370
0.038918
0.038296
0.037963
0.037390
0.036963
0.036422
0.036077
0.035427
0.035032
0.034612
0.034161
0.033923
0.033260
0.032885
0.032462
0.031956
0.031639
0.031272
0.030943
0.030503
0.030175
0.029767
0.029435
0.029107
0.028603
0.028275
0.027988
0.027658
0.027274
0.026895
0.026629
0.026396
0.025845
0.025623
0.025342
0.024979
0.024758
0.024469
0.024128
0.023846
0.023488
0.023136
0.022967
0.022632
0.022422
0.022207
0.021893
0.021728
0.021291
0.021026
0.020911
0.020601
0.020361
0.020151
0.019863
0.019687
0.019564
0.019284
0.019056
0.018694
0.018571
0.018244
0.018232
0.017912
0.017706
0.017598
0.017388
0.017096
0.016967
0.016636
0.016636
0.016471
0.016200
0.016200
0.015774
0.015610
0.015399
0.015353
0.015218
0.015006
0.014902
0.014795
0.014556
0.014446
0.014284
0.014180
0.014015
0.013907
0.013763
0.013593
0.013547
0.013449
0.013325
0.013114
0.013114
0.012902
0.012856
0.012720
0.012604
0.012515
0.012475
0.012352
0.012201
0.012053
0.011991
0.011930
0.011841
0.011841
0.011718
0.011677
0.011522
0.011419
0.011419
0.011419
0.011310
0.011146
0.011146
0.011146
0.011011
0.010950
0.010908
0.010785
0.010761
0.010653
0.010653
0.010611
0.010611
0.010550
0.010396
0.010354
0.010312
0.010312
0.010250
0.010142
0.010142
0.010142
0.010101
0.010039
0.009993
0.009993
0.009931
0.009931
0.009890
0.009829
0.009782
0.009782
0.009782
0.009770
0.009709
0.009606
0.009559
0.009559
0.009559
0.009559
0.009559
0.009498
0.009498
0.009409
0.009409
0.009409
0.009409
0.009409
0.009348
0.009348
0.009348
0.009260
0.009260
0.009260
0.009260
0.009260
0.009198
0.009198
0.009198
0.009153
0.009153
0.009110
0.009110
0.009110
0.009110
0.009110
0.009110
0.009110
0.009110
0.009065
0.009065
0.009065
0.009022
0.009022
0.009022
0.009022
0.009022
0.009022
0.009022
0.009022
0.009022
0.009022
0.009022
0.009022
0.009022
0.009022
0.009022
0.009022
0.009022
0.009022
0.009022
0.009022
0.009022
0.009022
0.009022
0.009022
0.009022
0.009022
0.009022
0.009022
0.009022
0.009022
0.009022
0.009022
0.009022
0.009022
0.009022
0.009022
0.009022
0.009022
0.009022
0.009022
0.009022
0.009022
0.009022
0.009022
0.009022
0.009022
0.009022
0.009022
0.009022
0.009022
0.009022
0.009022
0.009022
0.009022
0.009022
0.009022
0.009022
0.009022
0.009022
0.009022
0.009022
0.009022
0.009022
0.009022
0.009022
0.009022
0.009022
0.009022
0.009022
0.009022
0.009022
0.009022
0.009022
0.009022
0.009022
0.009022
0.009022
0.009022
0.009022
0.009022
0.009022
0.009022
0.009022
0.009022
0.009022
0.009022
0.009022
0.009022
0.009022
0.009022
0.009022
0.009022
0.009022
0.009022
0.009022
0.009022
0.009022
0.009022
0.009022
0.009022
0.009022
0.009022
0.009022
0.009022
0.009022
0.009022
0.009022
0.009022
0.009022
0.009022
0.009022
0.009022
0.009022
0.009022
0.009022
0.009022
0.009022
0.009022
0.009022
0.009022
0.009022
0.009022
0.009022
0.009022
0.009022
0.009022
0.009022
0.009022
0.009022
0.009022
0.009022
0.009022
0.009022
0.009022
0.009022
0.009022
0.009022
0.009022
0.009022
0.009022
0.009022
0.009022
0.009022
0.009022
0.009022
0.009022
0.009022
0.009022
0.009022
0.009022
0.009022
0.009022
0.009022
0.009022
0.009022
0.009022
0.009022
0.009022
0.009022
0.009022
0.009022
0.009022
0.009022
0.009022
0.009022
0.009022
0.009022
0.009022
0.009022
0.009022
0.009022
0.009022
0.009022
0.009022
0.009022
0.009022
0.009022
0.009022
0.009022
0.009022
0.009022
0.009022
0.009022
0.009022
0.009022
0.009022
0.009022
0.009022
0.009022
0.009022
0.009022
0.009022
0.009022
0.009022
0.009022
0.009022
0.009022
0.009022
0.009022
0.009022
0.009022
0.009022
0.009022
0.009022
0.009022
0.009022
0.009022
0.009022
0.009022
0.009022
0.009022
0.009022
0.009022
0.009022
0.009022
0.009022
0.009022
0.009022
0.009022
0.009022
0.009022
0.009022
0.009022
0.009022
0.009022
0.009022
0.009022
0.009022
0.009022
0.009022
0.009022
0.009022
0.009022
0.009022
0.009022
0.009022
0.009022
0.009022
0.009022
0.009022
0.009022
0.009022
0.009022
0.009022
0.009022
0.009022
0.009022
0.009022
0.009022
0.009022
0.009022
0.009022
0.009022
0.009022
0.009022
0.009022
0.009022
0.009022
0.009022
0.009022
0.009022
0.009022
0.009022
0.009022
0.009022
0.009022
0.009022
0.009022
0.009022
0.009022
0.009022
0.009022
0.009022
0.009022
0.009022
0.009022
0.009022
0.009022
0.009022
0.009022
0.009022
0.009022
0.009022
0.009022
0.009022
