2.715287
2.705680
2.696073
2.686466
2.676862
2.667263
2.657669
2.648079
2.638494
2.628913
2.619336
2.609763
2.600195
2.590630
2.581069
2.571512
2.561958
2.552408
2.542861
2.533318
2.523777
2.514240
2.504706
2.495174
2.485646
2.476120
2.466597
2.457076
2.447558
2.438043
2.428531
2.419026
2.409527
2.400036
2.390552
2.381073
2.371602
2.362136
2.352676
2.343222
2.333774
2.324331
2.314893
2.305461
2.296034
2.286611
2.277193
2.267781
2.258372
2.248968
2.239568
2.230172
2.220780
2.211393
2.202008
2.192628
2.183251
2.173878
2.164508
2.155142
2.145778
2.136418
2.127061
2.117706
2.108355
2.099006
2.089660
2.080317
2.070976
2.061638
2.052302
2.042969
2.033638
2.024309
2.014982
2.005657
1.996334
1.987014
1.977695
1.968378
1.959063
1.949750
1.940438
1.931128
1.921820
1.912513
1.903208
1.893905
1.884604
1.875310
1.866022
1.856743
1.847473
1.838215
1.828966
1.819727
1.810498
1.801278
1.792067
1.782868
1.773681
1.764509
1.755349
1.746200
1.737065
1.727940
1.718827
1.709726
1.700634
1.691553
1.682482
1.673421
1.664370
1.655328
1.646295
1.637270
1.628254
1.619247
1.610248
1.601256
1.592272
1.583295
1.574326
1.565364
1.556408
1.547463
1.538530
1.529607
1.520695
1.511800
1.502922
1.494060
1.485211
1.476377
1.467561
1.458763
1.449982
1.441218
1.432469
1.423737
1.415019
1.406316
1.397629
1.388960
1.380308
1.371676
1.363060
1.354467
1.345895
1.337342
1.328812
1.320304
1.311819
1.303359
1.294920
1.286504
1.278110
1.269740
1.261397
1.253076
1.244779
1.236506
1.228254
1.220024
1.211815
1.203628
1.195467
1.187331
1.179222
1.171143
1.163090
1.155062
1.147061
1.139083
1.131130
1.123200
1.115292
1.107407
1.099543
1.091700
1.083881
1.076085
1.068314
1.060567
1.052842
1.045146
1.037475
1.029828
1.022208
1.014610
1.007036
0.999485
0.991955
0.984448
0.976961
0.969493
0.962046
0.954618
0.947213
0.939832
0.932472
0.925134
0.917817
0.910520
0.903245
0.895993
0.888764
0.881560
0.874380
0.867227
0.860101
0.853003
0.845936
0.838897
0.831887
0.824909
0.817954
0.811028
0.804129
0.797252
0.790401
0.783577
0.776778
0.770007
0.763261
0.756543
0.749852
0.743188
0.736556
0.729960
0.723397
0.716870
0.710376
0.703912
0.697483
0.691087
0.684725
0.678401
0.672112
0.665861
0.659646
0.653467
0.647329
0.641231
0.635172
0.629160
0.623194
0.617276
0.611404
0.605574
0.599793
0.594056
0.588358
0.582702
0.577084
0.571510
0.565980
0.560493
0.555054
0.549667
0.544324
0.539029
0.533776
0.528564
0.523395
0.518264
0.513173
0.508120
0.503101
0.498126
0.493184
0.488275
0.483408
0.478579
0.473784
0.469026
0.464299
0.459611
0.454954
0.450327
0.445731
0.441163
0.436622
0.432112
0.427630
0.423175
0.418745
0.414338
0.409956
0.405596
0.401258
0.396951
0.392671
0.388424
0.384208
0.380023
0.375876
0.371764
0.367686
0.363645
0.359636
0.355659
0.351714
0.347798
0.343915
0.340067
0.336253
0.332474
0.328725
0.325005
0.321326
0.317684
0.314079
0.310511
0.306976
0.303476
0.300010
0.296574
0.293172
0.289802
0.286467
0.283166
0.279897
0.276662
0.273460
0.270287
0.267145
0.264029
0.260941
0.257880
0.254848
0.251842
0.248864
0.245913
0.242997
0.240110
0.237256
0.234436
0.231644
0.228880
0.226144
0.223434
0.220750
0.218092
0.215456
0.212847
0.210263
0.207703
0.205165
0.202647
0.200151
0.197674
0.195219
0.192789
0.190379
0.187991
0.185620
0.183266
0.180927
0.178604
0.176301
0.174019
0.171757
0.169517
0.167296
0.165091
0.162905
0.160739
0.158588
0.156458
0.154343
0.152249
0.150172
0.148107
0.146055
0.144016
0.141989
0.139974
0.137970
0.135978
0.134000
0.132042
0.130102
0.128179
0.126273
0.124382
0.122504
0.120639
0.118786
0.116947
0.115125
0.113319
0.111529
0.109758
0.108008
0.106276
0.104563
0.102870
0.101196
0.099541
0.097902
0.096283
0.094686
0.093107
0.091548
0.090007
0.088484
0.086980
0.085492
0.084020
0.082566
0.081127
0.079702
0.078296
0.076907
0.075538
0.074188
0.072859
0.071551
0.070261
0.068990
0.067739
0.066506
0.065288
0.064084
0.062893
0.061716
0.060551
0.059399
0.058260
0.057136
0.056025
0.054925
0.053836
0.052757
0.051690
0.050639
0.049600
0.048570
0.047550
0.046544
0.045551
0.044572
0.043611
0.042667
0.041744
0.040837
0.039945
0.039074
0.038222
0.037389
0.036574
0.035776
0.034996
0.034234
0.033492
0.032772
0.032072
0.031395
0.030739
0.030100
0.029483
0.028884
0.028301
0.027735
0.027185
0.026649
0.026129
0.025623
0.025131
0.024653
0.024188
0.023736
0.023297
0.022869
0.022454
0.022050
0.021658
0.021276
0.020905
0.020544
0.020194
0.019853
0.019521
0.019199
0.018886
0.018583
0.018292
0.018009
0.017734
0.017466
0.017206
0.016953
0.016707
0.016468
0.016236
0.016010
0.015791
0.015577
0.015369
0.015168
0.014971
0.014781
0.014595
0.014415
0.014241
0.014076
0.013915
0.013759
0.013607
0.013459
0.013315
0.013176
0.013040
0.012909
0.012785
0.012666
0.012549
0.012438
0.012333
0.012231
0.012131
0.012035
0.011941
0.011849
0.011760
0.011677
0.011598
0.011521
0.011446
0.011373
0.011303
0.011234
0.011167
0.011103
0.011040
0.010978
0.010919
0.010861
0.010807
0.010758
0.010709
0.010662
0.010616
0.010572
0.010528
0.010486
0.010445
0.010406
0.010367
0.010329
0.010293
0.010257
0.010223
0.010189
0.010156
0.010125
0.010094
0.010064
0.010035
0.010006
0.009979
0.009952
0.009926
0.009900
0.009880
0.009861
0.009843
0.009829
0.009816
0.009804
0.009792
0.009780
0.009771
0.009765
0.009759
0.009753
0.009748
0.009742
0.009737
0.009735
0.009735
0.009735
0.009735
0.009735
0.009735
0.009735
0.009735
0.009735
0.009735
0.009735
0.009735
0.009735
0.009735
0.009735
0.009735
0.009735
0.009735
0.009735
0.009735
0.009735
0.009735
0.009735
0.009735
0.009735
0.009735
0.009735
0.009735
0.009735
0.009735
0.009735
0.009735
0.009735
0.009735
0.009735
0.009735
0.009735
0.009735
0.009735
0.009735
0.009735
0.009735
0.009735
0.009735
0.009735
0.009735
0.009735
0.009735
0.009735
0.009735
0.009735
0.009735
0.009735
0.009735
0.009735
0.009735
0.009735
0.009735
0.009735
0.009735
0.009735
0.009735
0.009735
0.009735
0.009735
0.009735
0.009735
0.009735
0.009735
0.009735
0.009735
0.009735
0.009735
0.009735
0.009735
0.009735
0.009735
0.009735
0.009735
0.009735
0.009735
0.009735
0.009735
0.009735
0.009735
0.009735
0.009735
0.009735
0.009735
0.009735
0.009735
0.009735
0.009735
0.009735
0.009735
0.009735
0.009735
0.009735
0.009735
0.009735
0.009735
0.009735
0.009735
0.009735
0.009735
0.009735
0.009735
0.009735
0.009735
0.009735
0.009735
0.009735
0.009735
0.009735
0.009735
0.009735
0.009735
0.009735
0.009735
0.009735
0.009735
0.009735
0.009735
0.009735
0.009735
0.009735
0.009735
0.009735
0.009735
0.009735
0.009735
0.009735
0.009735
0.009735
0.009735
0.009735
0.009735
0.009735
0.009735
0.009735
0.009735
0.009735
0.009735
0.009735
0.009735
0.009735
0.009735
0.009735
0.009735
0.009735
0.009735
0.009735
0.009735
0.009735
0.009735
0.009735
0.009735
0.009735
0.009735
0.009735
0.009735
0.009735
0.009735
0.009735
0.009735
0.009735
0.009735
0.009735
0.009735
0.009735
0.009735
0.009735
0.009735
0.009735
0.009735
0.009735
0.009735
0.009735
0.009735
0.009735
0.009735
0.009735
0.009735
0.009735
0.009735
0.009735
0.009735
0.009735
0.009735
0.009735
0.009735
0.009735
0.009735
0.009735
0.009735
0.009735
0.009735
0.009735
0.009735
0.009735
0.009735
0.009735
0.009735
0.009735
0.009735
0.009735
0.009735
0.009735
0.009735
0.009735
0.009735
0.009735
0.009735
0.009735
0.009735
0.009735
0.009735
0.009735
0.009735
0.009735
0.009735
0.009735
0.009735
0.009735
0.009735
0.009735
0.009735
0.009735
0.009735
0.009735
0.009735
0.009735
0.009735
0.009735
0.009735
0.009735
0.009735
0.009735
0.009735
0.009735
0.009735
0.009735
0.009735
0.009735
0.009735
0.009735
0.009735
0.009735
0.009735
0.009735
0.009735
0.009735
0.009735
0.009735
0.009735
0.009735
0.009735
0.009735
0.009735
0.009735
0.009735
0.009735
0.009735
0.009735
0.009735
0.009735
0.009735
0.009735
0.009735
0.009735
0.009735
0.009735
0.009735
0.009735
0.009735
0.009735
0.009735
0.009735
0.009735
0.009735
0.009735
0.009735
0.009735
0.009735
0.009735
0.009735
0.009735
0.009735
0.009735
0.009735
0.009735
0.009735
0.009735
0.009735
0.009735
0.009735
0.009735
0.009735
0.009735
0.009735
0.009735
0.009735
0.009735
0.009735
0.009735
0.009735
0.009735
0.009735
0.009735
0.009735
0.009735
0.009735
0.009735
0.009735
0.009735
0.009735
0.009735
0.009735
0.009735
0.009735
0.009735
0.009735
0.009735
0.009735
0.009735
0.009735
0.009735
0.009735
0.009735
0.009735
0.009735
0.009735
0.009735
0.009735
0.009735
0.009735
0.009735
0.009735
0.009735
0.009735
0.009735
0.009735
0.009735
0.009735
0.009735
0.009735
0.009735
0.009735
0.009735
0.009735
0.009735
0.009735
0.009735
0.009735
0.009735
0.009735
0.009735
0.009735
0.009735
0.009735
0.009735
0.009735
0.009735
0.009735
0.009735
0.009735
0.009735
0.009735
0.009735
0.009735
0.009735
0.009735
0.009735
0.009735
0.009735
0.009735
0.009735
0.009735
0.009735
0.009735
0.009735
0.009735
0.009735
0.009735
0.009735
0.009735
0.009735
0.009735
0.009735
0.009735
0.009735
0.009735
0.009735
0.009735
0.009735
0.009735
0.009735
0.009735
0.009735
0.009735
0.009735
0.009735
0.009735
0.009735
0.009735
0.009735
0.009735
0.009735
0.009735
0.009735
0.009735
0.009735
0.009735
0.009735
0.009735
0.009735
0.009735
0.009735
0.009735
0.009735
0.009735
0.009735
0.009735
0.009735
0.009735
0.009735
0.009735
0.009735
0.009735
0.009735
0.009735
0.009735
0.009735
0.009735
0.009735
0.009735
0.009735
0.009735
0.009735
0.009735
0.009735
0.009735
0.009735
0.009735
0.009735
0.009735
0.009735
0.009735
0.009735
0.009735
0.009735
0.009735
0.009735
0.009735
0.009735
0.009735
0.009735
0.009735
0.009735
0.009735
0.009735
0.009735
0.009735
0.009735
0.009735
0.009735
0.009735
0.009735
0.009735
0.009735
0.009735
0.009735
0.009735
0.009735
0.009735
0.009735
0.009735
0.009735
0.009735
0.009735
0.009735
0.009735
0.009735
0.009735
0.009735
0.009735
0.009735
0.009735
0.009735
0.009735
0.009735
0.009735
0.009735
0.009735
0.009735
0.009735
0.009735
0.009735
0.009735
0.009735
0.009735
0.009735
0.009735
0.009735
0.009735
0.009735
0.009735
0.009735
0.009735
0.009735
0.009735
0.009735
0.009735
0.009735
0.009735
0.009735
0.009735
0.009735
0.009735
0.009735
0.009735
0.009735
0.009735
0.009735
0.009735
0.009735
0.009735
0.009735
0.009735
0.009735
0.009735
0.009735
0.009735
0.009735
0.009735
0.009735
0.009735
0.009735
0.009735
0.009735
0.009735
0.009735
0.009735
0.009735
0.009735
0.009735
0.009735
0.009735
0.009735
0.009735
0.009735
0.009735
0.009735
0.009735
0.009735
0.009735
0.009735
0.009735
0.009735
0.009735
0.009735
0.009735
0.009735
0.009735
0.009735
0.009735
0.009735
0.009735
0.009735
0.009735
0.009735
0.009735
0.009735
0.009735
0.009735
0.009735
0.009735
0.009735
0.009735
0.009735
0.009735
0.009735
0.009735
0.009735
0.009735
0.009735
0.009735
0.009735
0.009735
0.009735
0.009735
0.009735
0.009735
0.009735
0.009735
0.009735
0.009735
0.009735
0.009735
0.009735
0.009735
0.009735
0.009735
0.009735
0.009735
0.009735
0.009735
0.009735
0.009735
0.009735
0.009735
0.009735
0.009735
0.009735
0.009735
0.009735
0.009735
0.009735
0.009735
0.009735
6.248166
6.236006
6.223855
6.211714
6.199582
6.187459
6.175344
6.163237
6.151138
6.139047
6.126963
6.114886
6.102816
6.090753
6.078695
6.066644
6.054599
6.042559
6.030524
6.018495
6.006471
5.994452
5.982437
5.970427
5.958421
5.946420
5.934422
5.922429
5.910439
5.898453
5.886470
5.874490
5.862514
5.850541
5.838571
5.826604
5.814640
5.802678
5.790719
5.778762
5.766808
5.754856
5.742906
5.730959
5.719013
5.707070
5.695129
5.683189
5.671251
5.659315
5.647381
5.635448
5.623516
5.611587
5.599658
5.587738
5.575825
5.563913
5.552006
5.540109
5.528221
5.516341
5.504468
5.492604
5.480747
5.468898
5.457055
5.445219
5.433390
5.421567
5.409750
5.397939
5.386133
5.374332
5.362537
5.350747
5.338962
5.327181
5.315405
5.303633
5.291866
5.280102
5.268342
5.256586
5.244834
5.233085
5.221339
5.209597
5.197857
5.186124
5.174397
5.162673
5.150951
5.139231
5.127513
5.115798
5.104085
5.092374
5.080665
5.068957
5.057252
5.045548
5.033846
5.022145
5.010447
4.998749
4.987053
4.975359
4.963666
4.951974
4.940283
4.928594
4.916906
4.905219
4.893533
4.881848
4.870164
4.858481
4.846799
4.835118
4.823438
4.811758
4.800080
4.788402
4.776725
4.765049
4.753373
4.741698
4.730024
4.718350
4.706677
4.695004
4.683332
4.671661
4.659990
4.648320
4.636650
4.624980
4.613311
4.601643
4.589974
4.578307
4.566639
4.554972
4.543306
4.531639
4.519973
4.508308
4.496643
4.484984
4.473333
4.461691
4.450057
4.438430
4.426817
4.415212
4.403612
4.392019
4.380433
4.368852
4.357277
4.345714
4.334165
4.322629
4.311105
4.299593
4.288093
4.276604
4.265126
4.253664
4.242221
4.230795
4.219386
4.207994
4.196617
4.185255
4.173908
4.162578
4.151269
4.139982
4.128715
4.117467
4.106239
4.095028
4.083836
4.072661
4.061501
4.050358
4.039230
4.028116
4.017016
4.005931
3.994858
3.983798
3.972750
3.961714
3.950689
3.939674
3.928671
3.917678
3.906694
3.895720
3.884755
3.873798
3.862850
3.851910
3.840978
3.830053
3.819136
3.808226
3.797322
3.786425
3.775542
3.764673
3.753817
3.742975
3.732146
3.721328
3.710523
3.699728
3.688945
3.678173
3.667411
3.656658
3.645915
3.635181
3.624456
3.613739
3.603031
3.592330
3.581637
3.570951
3.560273
3.549601
3.538936
3.528277
3.517624
3.506977
3.496335
3.485699
3.475068
3.464443
3.453822
3.443206
3.432596
3.421995
3.411398
3.400805
3.390216
3.379631
3.369048
3.358469
3.347894
3.337321
3.326751
3.316184
3.305620
3.295065
3.284512
3.273966
3.263429
3.252902
3.242386
3.231878
3.221381
3.210898
3.200423
3.189956
3.179496
3.169044
3.158599
3.148160
3.137729
3.127308
3.116895
3.106487
3.096085
3.085688
3.075296
3.064910
3.054527
3.044150
3.033776
3.023407
3.013041
3.002680
2.992323
2.981969
2.971618
2.961271
2.950927
2.940586
2.930248
2.919913
2.909581
2.899251
2.888925
2.878600
2.868278
2.857958
2.847641
2.837325
2.827012
2.816701
2.806392
2.796084
2.785778
2.775475
2.765184
2.754903
2.744631
2.734368
2.724114
2.713868
2.703630
2.693399
2.683177
2.672961
2.662752
2.652550
2.642354
2.632165
2.621982
2.611809
2.601649
2.591504
2.581370
2.571250
2.561141
2.551043
2.540957
2.530882
2.520817
2.510761
2.500717
2.490690
2.480681
2.470688
2.460710
2.450748
2.440800
2.430866
2.420946
2.411039
2.401145
2.391262
2.381393
2.371543
2.361712
2.351898
2.342103
2.332326
2.322574
2.312846
2.303141
2.293463
2.283807
2.274172
2.264557
2.254961
2.245383
2.235823
2.226279
2.216752
2.207241
2.197745
2.188263
2.178796
2.169342
2.159902
2.150474
2.141058
2.131653
2.122261
2.112879
2.103508
2.094146
2.084795
2.075452
2.066119
2.056795
2.047479
2.038171
2.028873
2.019590
2.010322
2.001069
1.991831
1.982606
1.973394
1.964196
1.955009
1.945835
1.936671
1.927519
1.918378
1.909246
1.900125
1.891013
1.881910
1.872822
1.863751
1.854695
1.845656
1.836636
1.827632
1.818641
1.809664
1.800700
1.791748
1.782808
1.773879
1.764961
1.756054
1.747157
1.738270
1.729392
1.720523
1.711663
1.702817
1.693987
1.685173
1.676374
1.667589
1.658820
1.650063
1.641320
1.632590
1.623872
1.615175
1.606509
1.597875
1.589270
1.580698
1.572158
1.563648
1.555168
1.546717
1.538293
1.529896
1.521524
1.513178
1.504862
1.496582
1.488332
1.480111
1.471917
1.463754
1.455619
1.447509
1.439422
1.431357
1.423314
1.415293
1.407293
1.399311
1.391349
1.383405
1.375481
1.367582
1.359707
1.351857
1.344028
1.336222
1.328436
1.320671
1.312925
1.305198
1.297489
1.289798
1.282123
1.274465
1.266822
1.259195
1.251581
1.243982
1.236397
1.228824
1.221264
1.213718
1.206188
1.198669
1.191161
1.183662
1.176174
1.168695
1.161225
1.153764
1.146312
1.138867
1.131431
1.124002
1.116580
1.109166
1.101758
1.094357
1.086968
1.079586
1.072223
1.064880
1.057559
1.050258
1.042977
1.035714
1.028470
1.021244
1.014041
1.006863
0.999708
0.992576
0.985465
0.978377
0.971308
0.964259
0.957229
0.950219
0.943231
0.936260
0.929305
0.922365
0.915446
0.908549
0.901673
0.894819
0.887985
0.881182
0.874399
0.867634
0.860891
0.854165
0.847455
0.840761
0.834080
0.827414
0.820761
0.814122
0.807495
0.800887
0.794304
0.787741
0.781201
0.774694
0.768220
0.761778
0.755371
0.749002
0.742670
0.736372
0.730113
0.723895
0.717721
0.711594
0.705518
0.699493
0.693520
0.687600
0.681725
0.675893
0.670104
0.664356
0.658647
0.652976
0.647342
0.641743
0.636178
0.630646
0.625151
0.619694
0.614275
0.608891
0.603543
0.598228
0.592950
0.587711
0.582510
0.577345
0.572216
0.567120
0.562058
0.557026
0.552025
0.547053
0.542112
0.537206
0.532335
0.527496
0.522690
0.517914
0.513167
0.508448
0.503757
0.499092
0.494454
0.489840
0.485260
0.480705
0.476170
0.471657
0.467163
0.462689
0.458234
0.453805
0.449407
0.445033
0.440688
0.436374
0.432090
0.427834
0.423607
0.419413
0.415252
0.411124
0.407027
0.402960
0.398923
0.394914
0.390936
0.386987
0.383070
0.379185
0.375330
0.371507
0.367712
0.363944
0.360203
0.356488
0.352798
0.349131
0.345496
0.341900
0.338340
0.334817
0.331331
0.327882
0.324465
0.321080
0.317729
0.314415
0.311128
0.307867
0.304637
0.301432
0.298254
0.295107
0.291993
0.288910
0.285859
0.282838
0.279847
0.276879
0.273935
0.271015
0.268124
0.265262
0.262428
0.259620
0.256838
0.254081
0.251348
0.248637
0.245950
0.243283
0.240642
0.238024
0.235432
0.232868
0.230328
0.227813
0.225326
0.222863
0.220422
0.218002
0.215603
0.213222
0.210860
0.208517
0.206190
0.203880
0.201590
0.199318
0.197062
0.194826
0.192613
0.190420
0.188248
0.186095
0.183961
0.181846
0.179748
0.177666
0.175602
0.173552
0.171518
0.169499
0.167493
0.165502
0.163524
0.161565
0.159617
0.157680
0.155761
0.153853
0.151955
0.150066
0.148188
0.146324
0.144469
0.142621
0.140782
0.138950
0.137125
0.135307
0.133496
0.131694
0.129902
0.128116
0.126336
0.124561
0.122791
0.121026
0.119266
0.117511
0.115763
0.114029
0.112314
0.110616
0.108929
0.107252
0.105585
0.103928
0.102280
0.100641
0.099011
0.097390
0.095776
0.094171
0.092572
0.090981
0.089401
0.087830
0.086266
0.084707
0.083154
0.081607
0.080065
0.078528
0.076996
0.075474
0.073960
0.072457
0.070967
0.069488
0.068021
0.066565
0.065119
0.063684
0.062258
0.060842
0.059437
0.058052
0.056690
0.055350
0.054034
0.052740
0.051468
0.050222
0.049004
0.047814
0.046650
0.045512
0.044397
0.043306
0.042238
0.041192
0.040167
0.039163
0.038188
0.037245
0.036328
0.035436
0.034567
0.033721
0.032898
0.032097
0.031316
0.030554
0.029812
0.029088
0.028382
0.027694
0.027022
0.026365
0.025725
0.025099
0.024496
0.023914
0.023354
0.022814
0.022294
0.021792
0.021309
0.020843
0.020393
0.019961
0.019544
0.019142
0.018755
0.018382
0.018022
0.017675
0.017341
0.017020
0.016709
0.016410
0.016122
0.015844
0.015577
0.015319
0.015074
0.014841
0.014616
0.014400
0.014191
0.013990
0.013796
0.013609
0.013429
0.013256
0.013088
0.012927
0.012772
0.012622
0.012478
0.012339
0.012205
0.012076
0.011952
0.011832
0.011716
0.011605
0.011498
0.011394
0.011295
0.011199
0.011108
0.011025
0.010946
0.010869
0.010795
0.010723
0.010655
0.010588
0.010524
0.010463
0.010407
0.010356
0.010312
0.010271
0.010232
0.010194
0.010157
0.010129
0.010101
0.010075
0.010049
0.010024
0.010001
0.009978
0.009956
0.009934
0.009914
0.009895
0.009883
0.009871
0.009859
0.009848
0.009837
0.009826
0.009816
0.009807
0.009797
0.009788
0.009780
0.009771
0.009763
0.009755
0.009748
0.009741
0.009734
0.009730
0.009730
0.009730
0.009730
0.009730
0.009730
0.009730
0.009730
0.009730
0.009730
0.009730
0.009730
0.009730
0.009730
0.009730
0.009730
0.009730
0.009730
0.009730
0.009730
0.009730
0.009730
0.009730
0.009730
0.009730
0.009730
0.009730
0.009730
0.009730
0.009730
0.009730
0.009730
0.009730
0.009730
0.009730
0.009730
0.009730
0.009730
0.009730
0.009730
0.009730
0.009730
0.009730
0.009730
0.009730
0.009730
0.009730
0.009730
0.009730
0.009730
0.009730
0.009730
0.009730
0.009730
0.009730
0.009730
0.009730
0.009730
0.009730
0.009730
0.009730
0.009730
0.009730
0.009730
0.009730
0.009730
0.009730
0.009730
0.009730
0.009730
0.009730
0.009730
0.009730
0.009730
0.009730
0.009730
0.009730
0.009730
0.009730
0.009730
0.009730
0.009730
0.009730
0.009730
0.009730
0.009730
0.009730
0.009730
0.009730
0.009730
0.009730
0.009730
0.009730
0.009730
0.009730
0.009730
0.009730
0.009730
0.009730
0.009730
0.009730
0.009730
0.009730
0.009730
0.009730
0.009730
0.009730
0.009730
0.009730
0.009730
0.009730
0.009730
0.009730
0.009730
0.009730
0.009730
0.009730
0.009730
0.009730
0.009730
0.009730
0.009730
0.009730
0.009730
0.009730
0.009730
0.009730
0.009730
0.009730
0.009730
0.009730
0.009730
0.009730
0.009730
0.009730
0.009730
0.009730
0.009730
0.009730
0.009730
0.009730
0.009730
0.009730
0.009730
0.009730
0.009730
0.009730
0.009730
0.009730
0.009730
0.009730
0.009730
0.009730
0.009730
0.009730
0.009730
0.009730
0.009730
0.009730
0.009730
0.009730
0.009730
0.009730
0.009730
0.009730
0.009730
0.009730
0.009730
0.009730
0.009730
0.009730
0.009730
0.009730
0.009730
0.009730
0.009730
0.009730
0.009730
0.009730
0.009730
0.009730
0.009730
0.009730
0.009730
0.009730
0.009730
0.009730
0.009730
0.009730
0.009730
0.009730
0.009730
0.009730
0.009730
0.009730
0.009730
0.009730
0.009730
0.009730
0.009730
0.009730
0.009730
0.009730
0.009730
0.009730
0.009730
0.009730
0.009730
0.009730
0.009730
0.009730
0.009730
0.009730
0.009730
0.009730
0.009730
0.009730
0.009730
0.009730
0.009730
0.009730
0.009730
0.009730
0.009730
0.009730
0.009730
0.009730
0.009730
0.009730
0.009730
0.009730
0.009730
0.009730
0.009730
0.009730
0.009730
0.009730
0.009730
0.009730
0.009730
0.009730
0.009730
0.009730
0.009730
0.009730
0.009730
0.009730
0.009730
0.009730
0.009730
0.009730
0.009730
0.009730
0.009730
0.009730
0.009730
0.009730
0.009730
0.009730
0.009730
0.009730
0.009730
0.009730
0.009730
0.009730
0.009730
0.009730
0.009730
0.009730
0.009730
0.009730
0.009730
0.009730
0.009730
0.009730
0.009730
0.009730
0.009730
0.009730
0.009730
0.009730
0.009730
0.009730
0.009730
0.009730
0.009730
0.009730
0.009730
0.009730
0.009730
0.009730
0.009730
0.009730
0.009730
0.009730
0.009730
0.009730
0.009730
0.009730
0.009730
0.009730
0.009730
0.009730
0.009730
0.009730
0.009730
0.009730
0.009730
0.009730
0.009730
0.009730
0.009730
0.009730
0.009730
0.009730
0.009730
0.009730
0.009730
0.009730
0.009730
0.009730
0.009730
0.009730
0.009730
0.009730
0.009730
0.009730
0.009730
0.009730
0.009730
0.009730
0.009730
0.009730
0.009730
0.009730
0.009730
0.009730
0.009730
0.009730
0.009730
0.009730
0.009730
0.009730
0.009730
0.009730
0.009730
0.009730
0.009730
0.009730
0.009730
0.009730
0.009730
0.009730
0.009730
0.009730
0.009730
0.009730
0.009730
0.009730
0.009730
0.009730
0.009730
0.009730
0.009730
0.009730
0.009730
0.009730
0.009730
0.009730
0.009730
0.009730
0.009730
0.009730
0.009730
0.009730
0.009730
0.009730
0.009730
0.009730
0.009730
0.009730
0.009730
0.009730
0.009730
0.009730
0.009730
0.009730
0.009730
0.009730
0.009730
0.009730
0.009730
0.009730
0.009730
0.009730
0.009730
0.009730
0.009730
0.009730
0.009730
0.009730
0.009730
0.009730
0.009730
0.009730
0.009730
0.009730
0.009730
0.009730
0.009730
0.009730
0.009730
0.009730
0.009730
0.009730
0.009730
0.009730
0.009730
0.009730
0.009730
0.009730
0.009730
0.009730
0.009730
0.009730
0.009730
0.009730
0.009730
0.009730
0.009730
0.009730
0.009730
0.009730
0.009730
0.009730
0.009730
0.009730
0.009730
0.009730
0.009730
0.009730
0.009730
0.009730
0.009730
0.009730
0.009730
0.009730
0.009730
0.009730
0.009730
0.009730
0.009730
0.009730
0.009730
0.009730
0.009730
0.009730
0.009730
0.009730
0.009730
0.009730
0.009730
0.009730
0.009730
0.009730
0.009730
0.009730
0.009730
0.009730
0.009730
0.009730
0.009730
0.009730
0.009730
0.009730
0.009730
0.009730
0.009730
0.009730
0.009730
0.009730
0.009730
0.009730
0.009730
0.009730
0.009730
0.009730
0.009730
0.009730
0.009730
0.009730
0.009730
0.009730
0.009730
0.009730
0.009730
0.009730
0.009730
0.009730
0.009730
0.009730
0.009730
0.009730
0.009730
0.009730
0.009730
0.009730
0.009730
0.009730
0.009730
0.009730
0.009730
0.009730
0.009730
0.009730
0.009730
0.009730
0.009730
0.009730
0.009730
0.009730
0.009730
0.009730
0.009730
0.009730
0.009730
0.009730
0.009730
0.009730
0.009730
0.009730
0.009730
0.009730
0.009730
0.009730
0.009730
0.009730
0.009730
0.009730
0.009730
0.009730
0.009730
0.009730
0.009730
0.009730
0.009730
0.009730
0.009730
0.009730
0.009730
0.009730
0.009730
0.009730
0.009730
0.009730
0.009730
0.009730
0.009730
0.009730
0.009730
0.009730
0.009730
0.009730
0.009730
0.009730
0.009730
0.009730
0.009730
0.009730
0.009730
0.009730
0.009730
0.009730
0.009730
0.009730
0.009730
0.009730
0.009730
0.009730
0.009730
0.009730
0.009730
0.009730
0.009730
0.009730
0.009730
0.009730
0.009730
0.009730
0.009730
0.009730
0.009730
0.009730
0.009730
0.009730
0.009730
0.009730
0.009730
0.009730
0.009730
0.009730
0.009730
0.009730
0.009730
0.009730
0.009730
0.009730
0.009730
0.009730
0.009730
0.009730
0.009730
0.009730
0.009730
0.009730
0.009730
0.009730
0.009730
0.009730
0.009730
0.009730
0.009730
0.009730
0.009730
0.009730
0.009730
0.009730
0.009730
0.009730
0.009730
0.009730
0.009730
0.009730
0.009730
0.009730
0.009730
0.009730
0.009730
0.009730
0.009730
0.009730
0.009730
0.009730
0.009730
0.009730
0.009730
0.009730
0.009730
0.009730
0.009730
0.009730
0.009730
0.009730
0.009730
0.009730
0.009730
0.009730
0.009730
0.009730
0.009730
0.009730
0.009730
0.009730
0.009730
0.009730
0.009730
0.009730
0.009730
0.009730
0.009730
0.009730
0.009730
0.009730
0.009730
0.009730
0.009730
0.009730
0.009730
0.009730
0.009730
0.009730
0.009730
0.009730
0.009730
0.009730
0.009730
0.009730
0.009730
0.009730
0.009730
0.009730
0.009730
0.009730
0.009730
0.009730
0.009730
0.009730
0.009730
0.009730
0.009730
0.009730
0.009730
0.009730
0.009730
0.009730
0.009730
0.009730
0.009730
0.009730
0.009730
0.009730
0.009730
0.009730
0.009730
0.009730
0.009730
0.009730
0.009730
0.009730
0.009730
0.009730
0.009730
0.009730
0.009730
0.009730
0.009730
0.009730
0.009730
0.009730
0.009730
0.009730
0.009730
0.009730
0.009730
0.009730
0.009730
0.009730
0.009730
0.009730
0.009730
0.009730
0.009730
0.009730
0.009730
0.009730
0.009730
0.009730
0.009730
0.009730
0.009730
0.009730
0.009730
0.009730
0.009730
0.009730
0.009730
0.009730
0.009730
0.009730
0.009730
0.009730
0.009730
0.009730
0.009730
0.009730
0.009730
0.009730
0.009730
0.009730
0.009730
0.009730
0.009730
0.009730
0.009730
0.009730
0.009730
0.009730
0.009730
0.009730
0.009730
0.009730
0.009730
0.009730
0.009730
0.009730
0.009730
0.009730
0.009730
0.009730
0.009730
0.009730
0.009730
0.009730
0.009730
0.009730
0.009730
0.009730
0.009730
0.009730
0.009730
0.009730
0.009730
0.009730
0.009730
0.009730
0.009730
0.009730
0.009730
0.009730
0.009730
0.009730
0.009730
0.009730
0.009730
0.009730
0.009730
0.009730
0.009730
0.009730
0.009730
0.009730
0.009730
0.009730
0.009730
0.009730
0.009730
0.009730
0.009730
0.009730
0.009730
0.009730
0.009730
0.009730
0.009730
0.009730
0.009730
0.009730
0.009730
0.009730
0.009730
0.009730
0.009730
0.009730
0.009730
0.009730
0.009730
0.009730
0.009730
0.009730
0.009730
0.009730
0.009730
0.009730
0.009730
0.009730
0.009730
0.009730
0.009730
0.009730
0.009730
0.009730
0.009730
0.009730
0.009730
0.009730
0.009730
0.009730
0.009730
0.009730
0.009730
0.009730
0.009730
0.009730
0.009730
0.009730
0.009730
0.009730
0.009730
0.009730
0.009730
0.009730
0.009730
0.009730
0.009730
0.009730
0.009730
0.009730
0.009730
0.009730
0.009730
0.009730
0.009730
0.009730
0.009730
0.009730
0.009730
0.009730
0.009730
0.009730
0.009730
0.009730
0.009730
0.009730
0.009730
0.009730
0.009730
0.009730
0.009730
0.009730
0.009730
0.009730
0.009730
0.009730
0.009730
0.009730
0.009730
0.009730
0.009730
0.009730
0.009730
0.009730
0.009730
0.009730
0.009730
0.009730
0.009730
0.009730
0.009730
0.009730
0.009730
0.009730
0.009730
0.009730
0.009730
0.009730
0.009730
0.009730
0.009730
0.009730
0.009730
0.009730
0.009730
0.009730
0.009730
0.009730
0.009730
0.009730
0.009730
0.009730
0.009730
0.009730
0.009730
0.009730
0.009730
0.009730
0.009730
0.009730
0.009730
0.009730
0.009730
0.009730
0.009730
0.009730
0.009730
0.009730
0.009730
0.009730
0.009730
0.009730
0.009730
0.009730
0.009730
0.009730
0.009730
0.009730
0.009730
0.009730
0.009730
0.009730
0.009730
0.009730
0.009730
0.009730
0.009730
0.009730
0.009730
0.009730
0.009730
0.009730
0.009730
0.009730
0.009730
0.009730
0.009730
0.009730
0.009730
0.009730
0.009730
0.009730
0.009730
0.009730
0.009730
0.009730
0.009730
0.009730
0.009730
0.009730
0.009730
0.009730
0.009730
0.009730
0.009730
0.009730
0.009730
0.009730
0.009730
0.009730
0.009730
0.009730
0.009730
0.009730
0.009730
0.009730
0.009730
0.009730
0.009730
0.009730
0.009730
0.009730
0.009730
0.009730
0.009730
0.009730
0.009730
0.009730
0.009730
0.009730
0.009730
0.009730
0.009730
0.009730
0.009730
0.009730
0.009730
0.009730
0.009730
0.009730
0.009730
0.009730
0.009730
0.009730
0.009730
0.009730
0.009730
0.009730
0.009730
0.009730
0.009730
0.009730
0.009730
0.009730
0.009730
0.009730
0.009730
0.009730
0.009730
0.009730
0.009730
0.009730
0.009730
0.009730
0.009730
0.009730
0.009730
0.009730
0.009730
0.009730
0.009730
0.009730
0.009730
0.009730
0.009730
0.009730
0.009730
0.009730
0.009730
0.009730
0.009730
0.009730
0.009730
0.009730
0.009730
0.009730
0.009730
0.009730
0.009730
0.009730
0.009730
0.009730
0.009730
0.009730
0.009730
0.009730
0.009730
0.009730
0.009730
0.009730
0.009730
0.009730
0.009730
0.009730
0.009730
0.009730
0.009730
0.009730
0.009730
0.009730
0.009730
0.009730
0.009730
0.009730
0.009730
0.009730
0.009730
0.009730
0.009730
0.009730
0.009730
0.009730
0.009730
0.009730
0.009730
0.009730
0.009730
0.009730
0.009730
0.009730
0.009730
0.009730
0.009730
0.009730
0.009730
0.009730
0.009730
0.009730
0.009730
0.009730
0.009730
0.009730
0.009730
0.009730
0.009730
0.009730
0.009730
0.009730
0.009730
0.009730
0.009730
0.009730
0.009730
0.009730
0.009730
0.009730
0.009730
0.009730
0.009730
0.009730
0.009730
0.009730
0.009730
0.009730
0.009730
0.009730
0.009730
0.009730
0.009730
0.009730
0.009730
0.009730
0.009730
0.009730
0.009730
0.009730
0.009730
0.009730
0.009730
0.009730
0.009730
0.009730
0.009730
0.009730
0.009730
0.009730
0.009730
0.009730
0.009730
0.009730
0.009730
0.009730
0.009730
0.009730
0.009730
0.009730
0.009730
0.009730
0.009730
0.009730
0.009730
0.009730
0.009730
0.009730
0.009730
0.009730
0.009730
0.009730
0.009730
0.009730
0.009730
0.009730
0.009730
0.009730
0.009730
0.009730
0.009730
0.009730
0.009730
0.009730
0.009730
0.009730
0.009730
0.009730
0.009730
0.009730
0.009730
0.009730
0.009730
0.009730
0.009730
0.009730
0.009730
0.009730
0.009730
0.009730
0.009730
0.009730
0.009730
0.009730
0.009730
0.009730
0.009730
0.009730
0.009730
0.009730
0.009730
0.009730
0.009730
0.009730
0.009730
0.009730
0.009730
0.009730
0.009730
0.009730
0.009730
0.009730
0.009730
0.009730
0.009730
0.009730
0.009730
0.009730
0.009730
0.009730
0.009730
0.009730
0.009730
0.009730
0.009730
0.009730
0.009730
0.009730
0.009730
0.009730
0.009730
0.009730
0.009730
0.009730
0.009730
0.009730
0.009730
0.009730
0.009730
0.009730
0.009730
0.009730
0.009730
0.009730
0.009730
0.009730
0.009730
0.009730
0.009730
0.009730
0.009730
0.009730
0.009730
0.009730
0.009730
0.009730
0.009730
0.009730
0.009730
0.009730
0.009730
0.009730
0.009730
0.009730
0.009730
0.009730
0.009730
0.009730
0.009730
0.009730
0.009730
0.009730
0.009730
0.009730
0.009730
0.009730
0.009730
0.009730
0.009730
0.009730
0.009730
0.009730
0.009730
0.009730
0.009730
0.009730
0.009730
0.009730
0.009730
0.009730
0.009730
0.009730
0.009730
0.009730
0.009730
0.009730
0.009730
0.009730
0.009730
0.009730
0.009730
0.009730
0.009730
0.009730
0.009730
0.009730
0.009730
0.009730
0.009730
0.009730
0.009730
0.009730
0.009730
0.009730
0.009730
0.009730
0.009730
0.009730
0.009730
0.009730
0.009730
0.009730
0.009730
0.009730
0.009730
0.009730
0.009730
0.009730
0.009730
0.009730
0.009730
0.009730
0.009730
0.009730
0.009730
0.009730
0.009730
0.009730
0.009730
0.009730
0.009730
0.009730
0.009730
0.009730
0.009730
0.009730
0.009730
0.009730
0.009730
0.009730
0.009730
0.009730
0.009730
0.009730
0.009730
0.009730
0.009730
0.009730
0.009730
0.009730
0.009730
0.009730
0.009730
0.009730
0.009730
0.009730
0.009730
0.009730
0.009730
0.009730
0.009730
0.009730
0.009730
0.009730
0.009730
0.009730
0.009730
0.009730
0.009730
0.009730
0.009730
0.009730
0.009730
0.009730
0.009730
0.009730
0.009730
0.009730
0.009730
0.009730
0.009730
0.009730
0.009730
0.009730
0.009730
0.009730
0.009730
0.009730
0.009730
0.009730
0.009730
0.009730
0.009730
0.009730
0.009730
0.009730
0.009730
0.009730
0.009730
0.009730
0.009730
0.009730
0.009730
0.009730
0.009730
0.009730
0.009730
0.009730
0.009730
0.009730
0.009730
0.009730
0.009730
0.009730
0.009730
0.009730
0.009730
0.009730
0.009730
0.009730
0.009730
0.009730
0.009730
0.009730
0.009730
0.009730
0.009730
0.009730
0.009730
0.009730
0.009730
0.009730
0.009730
0.009730
0.009730
0.009730
0.009730
0.009730
0.009730
0.009730
0.009730
0.009730
0.009730
0.009730
0.009730
0.009730
0.009730
0.009730
0.009730
0.009730
0.009730
0.009730
0.009730
0.009730
0.009730
0.009730
0.009730
0.009730
0.009730
0.009730
0.009730
0.009730
0.009730
0.009730
0.009730
0.009730
0.009730
0.009730
0.009730
0.009730
0.009730
0.009730
0.009730
0.009730
0.009730
0.009730
0.009730
0.009730
0.009730
0.009730
0.009730
0.009730
0.009730
0.009730
0.009730
0.009730
0.009730
0.009730
0.009730
0.009730
0.009730
0.009730
0.009730
0.009730
0.009730
0.009730
0.009730
0.009730
0.009730
0.009730
0.009730
0.009730
0.009730
0.009730
0.009730
0.009730
0.009730
0.009730
0.009730
0.009730
0.009730
0.009730
0.009730
0.009730
0.009730
0.009730
0.009730
0.009730
0.009730
0.009730
0.009730
0.009730
0.009730
0.009730
0.009730
0.009730
0.009730
0.009730
0.009730
0.009730
0.009730
0.009730
0.009730
0.009730
0.009730
0.009730
0.009730
0.009730
0.009730
0.009730
0.009730
0.009730
0.009730
0.009730
0.009730
0.009730
0.009730
0.009730
0.009730
0.009730
0.009730
0.009730
0.009730
0.009730
0.009730
0.009730
0.009730
0.009730
0.009730
0.009730
0.009730
0.009730
0.009730
0.009730
0.009730
0.009730
0.009730
0.009730
0.009730
0.009730
0.009730
0.009730
0.009730
0.009730
0.009730
0.009730
0.009730
0.009730
0.009730
0.009730
0.009730
0.009730
0.009730
0.009730
0.009730
0.009730
0.009730
0.009730
0.009730
0.009730
0.009730
0.009730
0.009730
0.009730
0.009730
0.009730
0.009730
0.009730
0.009730
0.009730
0.009730
0.009730
0.009730
0.009730
0.009730
0.009730
0.009730
0.009730
0.009730
0.009730
0.009730
0.009730
0.009730
0.009730
0.009730
0.009730
0.009730
0.009730
0.009730
0.009730
0.009730
0.009730
0.009730
0.009730
0.009730
0.009730
0.009730
0.009730
0.009730
0.009730
0.009730
0.009730
0.009730
0.009730
0.009730
0.009730
0.009730
0.009730
0.009730
0.009730
0.009730
0.009730
0.009730
0.009730
0.009730
0.009730
0.009730
0.009730
0.009730
0.009730
0.009730
0.009730
0.009730
0.009730
0.009730
0.009730
0.009730
0.009730
0.009730
0.009730
0.009730
0.009730
0.009730
0.009730
0.009730
0.009730
0.009730
0.009730
0.009730
0.009730
0.009730
0.009730
0.009730
0.009730
0.009730
0.009730
0.009730
0.009730
0.009730
0.009730
0.009730
0.009730
0.009730
0.009730
0.009730
0.009730
0.009730
0.009730
0.009730
0.009730
0.009730
0.009730
0.009730
0.009730
0.009730
0.009730
0.009730
0.009730
0.009730
0.009730
0.009730
0.009730
0.009730
0.009730
0.009730
0.009730
0.009730
0.009730
0.009730
0.009730
0.009730
0.009730
0.009730
0.009730
0.009730
0.009730
0.009730
0.009730
0.009730
0.009730
0.009730
0.009730
0.009730
0.009730
0.009730
0.009730
0.009730
0.009730
0.009730
0.009730
0.009730
0.009730
0.009730
0.009730
0.009730
0.009730
0.009730
0.009730
0.009730
0.009730
0.009730
0.009730
0.009730
0.009730
0.009730
0.009730
0.009730
0.009730
0.009730
0.009730
0.009730
0.009730
0.009730
0.009730
0.009730
0.009730
0.009730
0.009730
0.009730
0.009730
0.009730
0.009730
0.009730
0.009730
0.009730
0.009730
0.009730
0.009730
0.009730
0.009730
0.009730
0.009730
0.009730
0.009730
0.009730
0.009730
0.009730
0.009730
0.009730
0.009730
0.009730
0.009730
0.009730
0.009730
0.009730
0.009730
0.009730
0.009730
0.009730
0.009730
0.009730
0.009730
0.009730
0.009730
0.009730
0.009730
0.009730
0.009730
0.009730
0.009730
0.009730
0.009730
0.009730
0.009730
0.009730
0.009730
0.009730
0.009730
0.009730
0.009730
0.009730
0.009730
0.009730
0.009730
0.009730
0.009730
0.009730
0.009730
0.009730
0.009730
0.009730
0.009730
0.009730
0.009730
0.009730
0.009730
0.009730
0.009730
0.009730
0.009730
0.009730
0.009730
0.009730
0.009730
0.009730
0.009730
0.009730
0.009730
0.009730
0.009730
0.009730
0.009730
0.009730
0.009730
0.009730
0.009730
0.009730
0.009730
6.724929
6.705945
6.686973
6.668012
6.649063
6.630124
6.611195
6.592275
6.573364
6.554462
6.535567
6.516680
6.497800
6.478926
6.460058
6.441197
6.422340
6.403489
6.384643
6.365802
6.346965
6.328132
6.309303
6.290477
6.271655
6.252837
6.234021
6.215208
6.196398
6.177591
6.158786
6.139989
6.121214
6.102461
6.083731
6.065046
6.046379
6.027726
6.009089
5.990465
5.971853
5.953254
5.934667
5.916090
5.897523
5.878967
5.860419
5.841880
5.823348
5.804825
5.786309
5.767799
5.749296
5.730799
5.712308
5.693822
5.675341
5.656865
5.638393
5.619926
5.601463
5.583003
5.564547
5.546095
5.527645
5.509199
5.490755
5.472315
5.453876
5.435440
5.417007
5.398575
5.380145
5.361718
5.343292
5.324867
5.306445
5.288024
5.269604
5.251185
5.232768
5.214352
5.195937
5.177523
5.159110
5.140698
5.122287
5.103877
5.085468
5.067059
5.048651
5.030244
5.011844
4.993448
4.975051
4.956655
4.938258
4.919862
4.901466
4.883069
4.864673
4.846277
4.827880
4.809484
4.791088
4.772691
4.754295
4.735898
4.717502
4.699106
4.680709
4.662313
4.643917
4.625520
4.607124
4.588728
4.570331
4.551935
4.533538
4.515142
4.496746
4.478349
4.459953
4.441557
4.423160
4.404764
4.386368
4.367971
4.349575
4.331178
4.312782
4.294386
4.275989
4.257593
4.239197
4.220800
4.202404
4.184008
4.165611
4.147215
4.128818
4.110422
4.092026
4.073629
4.055233
4.036837
4.018440
4.000044
3.981648
3.963251
3.944855
3.926458
3.908062
3.889666
3.871269
3.852873
3.834477
3.816080
3.797684
3.779288
3.760891
3.742495
3.724098
3.705702
3.687306
3.668909
3.650513
3.632117
3.613720
3.595324
3.576928
3.558531
3.540135
3.521738
3.503342
3.484946
3.466549
3.448153
3.429757
3.411360
3.392964
3.374568
3.356171
3.337775
3.319378
3.300982
3.282586
3.264192
3.245816
3.227460
3.209123
3.190803
3.172500
3.154212
3.135938
3.117679
3.099433
3.081199
3.062978
3.044782
3.026618
3.008481
2.990372
2.972288
2.954234
2.936224
2.918254
2.900323
2.882445
2.864621
2.846848
2.829123
2.811443
2.793806
2.776210
2.758651
2.741129
2.723640
2.706183
2.688757
2.671358
2.653987
2.636641
2.619319
2.602022
2.584766
2.567549
2.550369
2.533225
2.516114
2.499034
2.481984
2.464962
2.447966
2.430998
2.414070
2.397188
2.380365
2.363607
2.346924
2.330311
2.313763
2.297277
2.280855
2.264513
2.248265
2.232103
2.216022
2.200024
2.184104
2.168251
2.152464
2.136736
2.121070
2.105478
2.089969
2.074548
2.059207
2.043944
2.028758
2.013646
1.998598
1.983611
1.968680
1.953804
1.938986
1.924217
1.909494
1.894828
1.880250
1.865754
1.851348
1.837030
1.822793
1.808641
1.794582
1.780610
1.766722
1.752912
1.739174
1.725521
1.711966
1.698521
1.685193
1.671976
1.658887
1.645918
1.633058
1.620302
1.607656
1.595139
1.582748
1.570475
1.558332
1.546335
1.534481
1.522778
1.511239
1.499874
1.488685
1.477649
1.466766
1.456049
1.445498
1.435116
1.424901
1.414848
1.404950
1.395194
1.385574
1.376083
1.366712
1.357456
1.348306
1.339264
1.330324
1.321481
1.312723
1.304044
1.295439
1.286906
1.278439
1.270034
1.261689
1.253400
1.245163
1.236988
1.228897
1.220891
1.212981
1.205145
1.197386
1.189694
1.182068
1.174520
1.167053
1.159656
1.152325
1.145053
1.137840
1.130683
1.123586
1.116548
1.109562
1.102619
1.095719
1.088861
1.082037
1.075245
1.068484
1.061767
1.055081
1.048428
1.041819
1.035268
1.028758
1.022285
1.015856
1.009470
1.003117
0.996791
0.990490
0.984221
0.977986
0.971770
0.965573
0.959401
0.953247
0.947109
0.940986
0.934875
0.928777
0.922692
0.916617
0.910553
0.904499
0.898455
0.892419
0.886392
0.880373
0.874362
0.868357
0.862359
0.856368
0.850382
0.844402
0.838427
0.832471
0.826525
0.820583
0.814644
0.808708
0.802775
0.796844
0.790924
0.785008
0.779094
0.773181
0.767270
0.761360
0.755451
0.749544
0.743637
0.737732
0.731828
0.725925
0.720023
0.714121
0.708221
0.702321
0.696422
0.690523
0.684626
0.678737
0.672851
0.666964
0.661077
0.655190
0.649303
0.643416
0.637530
0.631643
0.625756
0.619869
0.613982
0.608095
0.602209
0.596322
0.590435
0.584548
0.578661
0.572774
0.566888
0.561001
0.555114
0.549227
0.543340
0.537453
0.531567
0.525680
0.519793
0.513906
0.508019
0.502132
0.496246
0.490359
0.484472
0.478585
0.472698
0.466811
0.460925
0.455038
0.449151
0.443264
0.437377
0.431490
0.425604
0.419717
0.413830
0.407943
0.402057
0.396186
0.390335
0.384503
0.378689
0.372892
0.367110
0.361343
0.355590
0.349851
0.344124
0.338408
0.332704
0.327011
0.321327
0.315652
0.309987
0.304330
0.298680
0.293038
0.287403
0.281775
0.276152
0.270536
0.264925
0.259319
0.253718
0.248122
0.242531
0.236943
0.231359
0.225779
0.220203
0.214632
0.209082
0.203555
0.198049
0.192563
0.187097
0.181647
0.176216
0.170799
0.165398
0.160012
0.154653
0.149331
0.144059
0.138843
0.133707
0.128656
0.123723
0.118925
0.114252
0.109703
0.105286
0.100993
0.096829
0.092796
0.088886
0.085106
0.081455
0.077940
0.074570
0.071341
0.068254
0.065301
0.062472
0.059763
0.057165
0.054672
0.052282
0.050001
0.047830
0.045761
0.043787
0.041906
0.040109
0.038393
0.036755
0.035187
0.033688
0.032253
0.030878
0.029561
0.028297
0.027092
0.025955
0.024882
0.023870
0.022916
0.022015
0.021166
0.020364
0.019608
0.018900
0.018237
0.017611
0.017022
0.016465
0.015940
0.015445
0.014978
0.014537
0.014121
0.013733
0.013373
0.013039
0.012729
0.012446
0.012190
0.011955
0.011757
0.011570
0.011394
0.011237
0.011090
0.010951
0.010829
0.010716
0.010608
0.010517
0.010431
0.010358
0.010296
0.010243
0.010193
0.010146
0.010101
0.010059
0.010020
0.009982
0.009951
0.009928
0.009906
0.009885
0.009866
0.009847
0.009830
0.009814
0.009798
0.009784
0.009770
0.009757
0.009745
0.009733
0.009722
0.009720
0.009720
0.009720
0.009720
0.009720
0.009720
0.009720
0.009720
0.009720
0.009720
0.009720
0.009720
0.009720
0.009720
0.009720
0.009720
0.009720
0.009720
0.009720
0.009720
0.009720
0.009720
0.009720
0.009720
0.009720
0.009720
0.009720
0.009720
0.009720
0.009720
0.009720
0.009720
0.009720
0.009720
0.009720
0.009720
0.009720
0.009720
0.009720
0.009720
0.009720
0.009720
0.009720
0.009720
0.009720
0.009720
0.009720
0.009720
0.009720
0.009720
0.009720
0.009720
0.009720
0.009720
0.009720
0.009720
0.009720
0.009720
0.009720
0.009720
0.009720
0.009720
0.009720
0.009720
0.009720
0.009720
0.009720
0.009720
0.009720
0.009720
0.009720
0.009720
0.009720
0.009720
0.009720
0.009720
0.009720
0.009720
0.009720
0.009720
0.009720
0.009720
0.009720
0.009720
0.009720
0.009720
0.009720
0.009720
0.009720
0.009720
0.009720
0.009720
0.009720
0.009720
0.009720
0.009720
0.009720
0.009720
0.009720
0.009720
0.009720
0.009720
0.009720
0.009720
0.009720
0.009720
0.009720
0.009720
0.009720
0.009720
0.009720
0.009720
0.009720
0.009720
0.009720
0.009720
0.009720
0.009720
0.009720
0.009720
0.009720
0.009720
0.009720
0.009720
0.009720
0.009720
0.009720
0.009720
0.009720
0.009720
0.009720
0.009720
0.009720
0.009720
0.009720
0.009720
0.009720
0.009720
0.009720
0.009720
0.009720
0.009720
0.009720
0.009720
0.009720
0.009720
0.009720
0.009720
0.009720
0.009720
0.009720
0.009720
0.009720
0.009720
0.009720
0.009720
0.009720
0.009720
0.009720
0.009720
0.009720
0.009720
0.009720
0.009720
0.009720
0.009720
0.009720
0.009720
0.009720
0.009720
0.009720
0.009720
0.009720
0.009720
0.009720
0.009720
0.009720
0.009720
0.009720
0.009720
0.009720
0.009720
0.009720
0.009720
0.009720
0.009720
0.009720
0.009720
0.009720
0.009720
0.009720
0.009720
0.009720
0.009720
0.009720
0.009720
0.009720
0.009720
0.009720
0.009720
0.009720
0.009720
0.009720
0.009720
0.009720
0.009720
0.009720
0.009720
0.009720
0.009720
0.009720
0.009720
0.009720
0.009720
0.009720
0.009720
0.009720
0.009720
0.009720
0.009720
0.009720
0.009720
0.009720
0.009720
0.009720
0.009720
0.009720
0.009720
0.009720
0.009720
0.009720
0.009720
0.009720
0.009720
0.009720
0.009720
0.009720
0.009720
0.009720
0.009720
0.009720
0.009720
0.009720
0.009720
0.009720
0.009720
0.009720
0.009720
0.009720
0.009720
0.009720
0.009720
0.009720
0.009720
0.009720
0.009720
0.009720
0.009720
0.009720
0.009720
0.009720
0.009720
0.009720
0.009720
0.009720
0.009720
0.009720
0.009720
0.009720
0.009720
0.009720
0.009720
0.009720
0.009720
0.009720
0.009720
0.009720
0.009720
0.009720
0.009720
0.009720
0.009720
0.009720
0.009720
0.009720
0.009720
0.009720
0.009720
0.009720
0.009720
0.009720
0.009720
0.009720
0.009720
0.009720
0.009720
0.009720
0.009720
0.009720
0.009720
0.009720
0.009720
0.009720
0.009720
0.009720
0.009720
0.009720
0.009720
0.009720
0.009720
0.009720
0.009720
0.009720
0.009720
0.009720
0.009720
0.009720
0.009720
0.009720
0.009720
0.009720
0.009720
0.009720
0.009720
0.009720
0.009720
0.009720
0.009720
0.009720
0.009720
0.009720
0.009720
0.009720
0.009720
0.009720
0.009720
0.009720
0.009720
0.009720
0.009720
0.009720
0.009720
0.009720
0.009720
0.009720
0.009720
0.009720
0.009720
0.009720
0.009720
0.009720
0.009720
0.009720
0.009720
0.009720
0.009720
0.009720
0.009720
0.009720
0.009720
0.009720
0.009720
0.009720
0.009720
0.009720
0.009720
0.009720
0.009720
0.009720
0.009720
0.009720
0.009720
0.009720
0.009720
0.009720
0.009720
0.009720
0.009720
0.009720
0.009720
0.009720
0.009720
0.009720
0.009720
0.009720
0.009720
0.009720
0.009720
0.009720
0.009720
0.009720
0.009720
0.009720
0.009720
0.009720
0.009720
0.009720
0.009720
0.009720
0.009720
0.009720
0.009720
0.009720
0.009720
0.009720
0.009720
0.009720
0.009720
0.009720
0.009720
0.009720
0.009720
0.009720
0.009720
0.009720
0.009720
0.009720
0.009720
0.009720
0.009720
0.009720
0.009720
0.009720
0.009720
0.009720
0.009720
0.009720
0.009720
0.009720
0.009720
0.009720
0.009720
0.009720
0.009720
0.009720
0.009720
0.009720
0.009720
0.009720
0.009720
0.009720
0.009720
0.009720
0.009720
0.009720
0.009720
0.009720
0.009720
0.009720
0.009720
0.009720
0.009720
0.009720
0.009720
0.009720
0.009720
0.009720
0.009720
0.009720
0.009720
0.009720
0.009720
0.009720
0.009720
0.009720
0.009720
0.009720
0.009720
0.009720
0.009720
0.009720
0.009720
0.009720
0.009720
0.009720
0.009720
0.009720
0.009720
0.009720
0.009720
0.009720
0.009720
0.009720
0.009720
0.009720
0.009720
0.009720
0.009720
0.009720
0.009720
0.009720
0.009720
0.009720
0.009720
0.009720
0.009720
0.009720
0.009720
0.009720
0.009720
0.009720
0.009720
0.009720
0.009720
0.009720
0.009720
0.009720
0.009720
0.009720
0.009720
0.009720
0.009720
0.009720
0.009720
0.009720
0.009720
0.009720
0.009720
0.009720
0.009720
0.009720
0.009720
0.009720
0.009720
0.009720
0.009720
0.009720
0.009720
0.009720
0.009720
0.009720
0.009720
0.009720
0.009720
0.009720
0.009720
0.009720
0.009720
0.009720
0.009720
0.009720
0.009720
0.009720
0.009720
0.009720
0.009720
0.009720
0.009720
0.009720
0.009720
0.009720
0.009720
0.009720
0.009720
0.009720
0.009720
0.009720
0.009720
0.009720
0.009720
0.009720
0.009720
0.009720
0.009720
0.009720
0.009720
0.009720
0.009720
0.009720
0.009720
0.009720
0.009720
0.009720
0.009720
0.009720
0.009720
0.009720
0.009720
0.009720
0.009720
0.009720
0.009720
0.009720
0.009720
0.009720
0.009720
0.009720
0.009720
0.009720
0.009720
0.009720
0.009720
0.009720
0.009720
0.009720
0.009720
0.009720
0.009720
0.009720
0.009720
0.009720
0.009720
0.009720
0.009720
0.009720
0.009720
0.009720
0.009720
0.009720
0.009720
0.009720
0.009720
0.009720
0.009720
0.009720
0.009720
0.009720
0.009720
0.009720
0.009720
0.009720
0.009720
0.009720
0.009720
0.009720
0.009720
0.009720
0.009720
0.009720
0.009720
0.009720
0.009720
0.009720
0.009720
0.009720
0.009720
0.009720
0.009720
0.009720
0.009720
0.009720
0.009720
0.009720
0.009720
0.009720
0.009720
0.009720
0.009720
0.009720
0.009720
0.009720
0.009720
0.009720
0.009720
0.009720
0.009720
0.009720
0.009720
0.009720
0.009720
0.009720
0.009720
0.009720
0.009720
0.009720
0.009720
0.009720
0.009720
0.009720
0.009720
0.009720
0.009720
0.009720
0.009720
0.009720
0.009720
0.009720
0.009720
0.009720
0.009720
0.009720
0.009720
0.009720
0.009720
0.009720
0.009720
0.009720
0.009720
0.009720
0.009720
0.009720
0.009720
0.009720
0.009720
0.009720
0.009720
0.009720
0.009720
0.009720
0.009720
0.009720
0.009720
0.009720
0.009720
0.009720
0.009720
0.009720
0.009720
0.009720
0.009720
0.009720
0.009720
0.009720
0.009720
0.009720
0.009720
0.009720
0.009720
0.009720
0.009720
0.009720
0.009720
0.009720
0.009720
0.009720
0.009720
0.009720
0.009720
0.009720
0.009720
0.009720
0.009720
0.009720
0.009720
0.009720
0.009720
0.009720
0.009720
0.009720
0.009720
0.009720
0.009720
0.009720
0.009720
0.009720
0.009720
0.009720
0.009720
0.009720
0.009720
0.009720
0.009720
0.009720
0.009720
0.009720
0.009720
0.009720
0.009720
0.009720
0.009720
0.009720
0.009720
0.009720
0.009720
0.009720
0.009720
0.009720
0.009720
0.009720
0.009720
0.009720
0.009720
0.009720
0.009720
0.009720
0.009720
0.009720
0.009720
0.009720
0.009720
0.009720
0.009720
0.009720
0.009720
0.009720
0.009720
0.009720
0.009720
0.009720
0.009720
0.009720
0.009720
0.009720
0.009720
0.009720
0.009720
0.009720
0.009720
0.009720
0.009720
0.009720
0.009720
0.009720
0.009720
0.009720
0.009720
0.009720
0.009720
0.009720
0.009720
0.009720
0.009720
0.009720
0.009720
0.009720
0.009720
0.009720
0.009720
0.009720
0.009720
0.009720
0.009720
0.009720
0.009720
0.009720
0.009720
0.009720
0.009720
0.009720
0.009720
0.009720
0.009720
0.009720
0.009720
0.009720
0.009720
0.009720
0.009720
0.009720
0.009720
0.009720
0.009720
0.009720
0.009720
0.009720
0.009720
0.009720
0.009720
0.009720
0.009720
0.009720
0.009720
0.009720
0.009720
0.009720
0.009720
0.009720
0.009720
0.009720
0.009720
0.009720
0.009720
0.009720
0.009720
0.009720
0.009720
0.009720
0.009720
0.009720
0.009720
0.009720
0.009720
0.009720
0.009720
0.009720
0.009720
0.009720
0.009720
0.009720
0.009720
0.009720
0.009720
0.009720
0.009720
0.009720
0.009720
0.009720
0.009720
0.009720
0.009720
0.009720
0.009720
0.009720
0.009720
