0.784412
0.784412
0.784412
0.784412
0.784412
0.784412
0.784412
0.784412
0.784412
0.784412
0.784412
0.784412
0.784412
0.784412
0.784412
0.784412
0.784412
0.784412
0.784412
0.784412
0.784412
0.784412
0.784354
0.784243
0.783797
0.783587
0.782978
0.782093
0.780694
0.778952
0.776152
0.773052
0.769417
0.765467
0.761560
0.757787
0.754270
0.750725
0.747296
0.743814
0.740155
0.736778
0.732900
0.729441
0.725649
0.721883
0.718012
0.714244
0.710346
0.706538
0.702779
0.698931
0.694917
0.690973
0.687245
0.683279
0.679418
0.675587
0.671690
0.667837
0.664014
0.660153
0.656283
0.652383
0.648616
0.644734
0.640888
0.637040
0.633121
0.629226
0.625524
0.621776
0.617762
0.614065
0.610183
0.606397
0.602607
0.598877
0.595064
0.591215
0.587496
0.583837
0.579759
0.576213
0.572407
0.568839
0.565212
0.561377
0.557706
0.553935
0.550351
0.546659
0.542961
0.539276
0.535691
0.531978
0.528466
0.524736
0.521201
0.517738
0.514075
0.510468
0.506822
0.503343
0.499709
0.496302
0.492779
0.489260
0.485834
0.482211
0.478694
0.475234
0.471787
0.468380
0.464949
0.461578
0.458207
0.454670
0.451381
0.447990
0.444633
0.441337
0.438000
0.434785
0.431403
0.428256
0.424917
0.421643
0.418459
0.415428
0.411935
0.408897
0.405915
0.402664
0.399413
0.396504
0.393356
0.390377
0.387311
0.384204
0.381192
0.378143
0.375256
0.372132
0.369245
0.366237
0.363348
0.360474
0.357536
0.354542
0.351756
0.348881
0.345933
0.343100
0.340318
0.337459
0.334665
0.331827
0.329030
0.326268
0.323562
0.320829
0.318181
0.315226
0.312617
0.309756
0.307104
0.304473
0.301729
0.299051
0.296300
0.293613
0.291155
0.288403
0.285784
0.283105
0.280493
0.277946
0.275493
0.272908
0.270269
0.267747
0.265288
0.262633
0.260170
0.257666
0.255262
0.252737
0.250264
0.247903
0.245261
0.242864
0.240391
0.238125
0.235813
0.233414
0.231045
0.228673
0.226427
0.224002
0.221706
0.219525
0.217318
0.214980
0.212692
0.210568
0.208332
0.206176
0.204130
0.201995
0.199876
0.197856
0.195746
0.193746
0.191617
0.189609
0.187646
0.185627
0.183695
0.181955
0.179950
0.178149
0.176196
0.174406
0.172596
0.170713
0.168795
0.166961
0.165179
0.163538
0.161775
0.160195
0.158272
0.156613
0.155056
0.153325
0.151724
0.150175
0.148321
0.146919
0.145246
0.143692
0.142122
0.140646
0.139220
0.137332
0.135973
0.134496
0.132959
0.131484
0.130098
0.128764
0.127187
0.125808
0.124510
0.123002
0.121760
0.120434
0.118864
0.117622
0.116471
0.114995
0.113719
0.112618
0.111247
0.109961
0.108822
0.107759
0.106453
0.105352
0.103965
0.102925
0.101703
0.100722
0.099349
0.098296
0.097193
0.096025
0.095013
0.093882
0.092806
0.091663
0.090746
0.089770
0.088653
0.087706
0.086679
0.085594
0.084684
0.083732
0.082731
0.081822
0.080660
0.079812
0.078896
0.077977
0.077116
0.076126
0.075353
0.074382
0.073498
0.072703
0.071817
0.070938
0.069972
0.069192
0.068375
0.067424
0.066663
0.065788
0.064966
0.064251
0.063530
0.062693
0.061898
0.061057
0.060412
0.059582
0.058884
0.058175
0.057409
0.056624
0.055900
0.055207
0.054528
0.053806
0.053132
0.052394
0.051881
0.051110
0.050376
0.049919
0.049160
0.048495
0.048012
0.047333
0.046778
0.046204
0.045539
0.045047
0.044476
0.043877
0.043164
0.042656
0.042196
0.041712
0.041198
0.040619
0.040091
0.039591
0.039127
0.038725
0.038288
0.037711
0.037300
0.036801
0.036323
0.035956
0.035492
0.035015
0.034589
0.034114
0.033682
0.033415
0.032959
0.032623
0.032227
0.031845
0.031392
0.031088
0.030743
0.030398
0.030003
0.029728
0.029163
0.028872
0.028557
0.028195
0.027925
0.027480
0.027242
0.027046
0.026574
0.026328
0.026025
0.025709
0.025410
0.025125
0.024902
0.024657
0.024358
0.024105
0.023920
0.023638
0.023456
0.023133
0.022830
0.022648
0.022467
0.022141
0.021964
0.021758
0.021568
0.021237
0.021176
0.020865
0.020654
0.020392
0.020256
0.020079
0.019779
0.019634
0.019497
0.019292
0.019051
0.018927
0.018646
0.018526
0.018281
0.018207
0.018004
0.017824
0.017624
0.017431
0.017345
0.017159
0.016980
0.016856
0.016724
0.016579
0.016275
0.016214
0.016078
0.015959
0.015898
0.015617
0.015470
0.015340
0.015209
0.015090
0.014906
0.014786
0.014712
0.014526
0.014437
0.014316
0.014140
0.014008
0.014003
0.013942
0.013735
0.013675
0.013532
0.013280
0.013201
0.013201
0.013078
0.013013
0.012829
0.012816
0.012638
0.012577
0.012577
0.012516
0.012393
0.012270
0.012196
0.012135
0.012015
0.011931
0.011870
0.011870
0.011687
0.011687
0.011613
0.011552
0.011489
0.011428
0.011428
0.011367
0.011367
0.011244
0.011231
0.011170
0.011170
0.011108
0.011046
0.010985
0.010985
0.010924
0.010924
0.010863
0.010787
0.010726
0.010726
0.010665
0.010665
0.010603
0.010542
0.010542
0.010481
0.010481
0.010420
0.010406
0.010344
0.010283
0.010283
0.010222
0.010222
0.010222
0.010161
0.010098
0.010098
0.010037
0.010037
0.010025
0.009963
0.009963
0.009963
0.009902
0.009902
0.009902
0.009841
0.009841
0.009841
0.009780
0.009780
0.009718
0.009718
0.009657
0.009657
0.009644
0.009582
0.009582
0.009582
0.009582
0.009521
0.009521
0.009521
0.009521
0.009460
0.009460
0.009460
0.009460
0.009399
0.009399
0.009399
0.009399
0.009399
0.009338
0.009325
0.009325
0.009325
0.009325
0.009264
0.009264
0.009264
0.009264
0.009264
0.009202
0.009202
0.009202
0.009202
0.009202
0.009141
0.009141
0.009141
0.009141
0.009141
0.009141
0.009081
0.009081
0.009081
0.009081
0.009081
0.009068
0.009006
0.009006
0.009006
0.009006
0.009006
0.009006
0.009006
0.008945
0.008945
0.008945
0.008945
0.008945
0.008945
0.008945
0.008945
0.008884
0.008884
0.008884
0.008884
0.008884
0.008884
0.008884
0.008884
0.008884
0.008884
0.008884
0.008884
0.008884
0.008884
0.008884
0.008884
0.008884
0.008884
0.008884
0.008884
0.008884
0.008884
0.008884
0.008884
0.008884
0.008884
0.008884
0.008884
0.008884
0.008884
0.008884
0.008884
0.008884
0.008884
0.008884
0.008884
0.008884
0.008884
0.008884
0.008884
0.008884
0.008884
0.008884
0.008884
0.008884
0.008884
0.008884
0.008884
0.008884
0.008884
0.008884
0.008884
0.008884
0.008884
0.008884
0.008884
0.008884
0.008884
0.008884
0.008884
0.008884
0.008884
0.008884
0.008884
0.008884
0.008884
0.008884
0.008884
0.008884
0.008884
0.008884
0.008884
0.008884
0.008884
0.008884
0.008884
0.008884
0.008884
0.008884
0.008884
0.008884
0.008884
0.008884
0.008884
0.008884
0.008884
0.008884
0.008884
0.008884
0.008884
0.008884
0.008884
0.008884
0.008884
0.008884
0.008884
0.008884
0.008884
0.008884
0.008884
0.008884
0.008884
0.008884
0.008884
0.008884
0.008884
0.008884
0.008884
0.008884
