0.293333
0.293333
0.293333
0.293333
0.293333
0.293333
0.293333
0.293333
0.293333
0.293333
0.293333
0.293333
0.293333
0.293333
0.293333
0.293333
0.293333
0.293333
0.293333
0.293333
0.293333
0.293333
0.293333
0.293267
0.292956
0.292023
0.290447
0.288094
0.285076
0.281729
0.278516
0.275459
0.272625
0.269817
0.267277
0.264672
0.262090
0.259486
0.256687
0.253778
0.250826
0.247715
0.244978
0.242465
0.240038
0.237972
0.235823
0.233796
0.231795
0.229585
0.227448
0.225266
0.223222
0.221455
0.219931
0.218543
0.217322
0.215791
0.214089
0.212445
0.210682
0.208754
0.206660
0.204649
0.202305
0.200268
0.198153
0.196132
0.194184
0.192312
0.190243
0.188182
0.186291
0.184478
0.182451
0.180550
0.178442
0.176449
0.174293
0.172322
0.170319
0.168408
0.166589
0.164867
0.163097
0.161600
0.160044
0.158353
0.156690
0.155062
0.153450
0.151808
0.150143
0.148259
0.146501
0.144669
0.142756
0.141025
0.139325
0.137662
0.136170
0.134548
0.132904
0.131197
0.129560
0.127885
0.126223
0.124687
0.122954
0.121416
0.119877
0.118357
0.116729
0.115306
0.113717
0.112338
0.110708
0.109272
0.107885
0.106540
0.105147
0.103820
0.102404
0.101099
0.099789
0.098353
0.097170
0.095843
0.094548
0.093398
0.092142
0.090917
0.089747
0.088582
0.087485
0.086350
0.085133
0.084074
0.082965
0.081850
0.080754
0.079666
0.078740
0.077705
0.076560
0.075636
0.074585
0.073604
0.072779
0.071824
0.070823
0.069931
0.069030
0.068074
0.067198
0.066368
0.065396
0.064618
0.063759
0.062867
0.062028
0.061223
0.060533
0.059645
0.058932
0.058092
0.057324
0.056587
0.055909
0.055075
0.054396
0.053715
0.052983
0.052222
0.051671
0.050903
0.050292
0.049624
0.048968
0.048365
0.047637
0.047099
0.046481
0.045818
0.045278
0.044684
0.044102
0.043509
0.042967
0.042407
0.041819
0.041303
0.040733
0.040188
0.039680
0.039180
0.038608
0.038139
0.037595
0.037214
0.614765
0.614231
0.613787
0.613305
0.612947
0.612462
0.612048
0.611648
0.611139
0.610811
0.610379
0.609961
0.609521
0.609084
0.608782
0.608339
0.607986
0.607592
0.607244
0.606873
0.606511
0.606190
0.605764
0.605478
0.605186
0.604746
0.604372
0.604150
0.603820
0.603511
0.603109
0.602882
0.602547
0.602205
0.601889
0.601711
0.601291
0.600965
0.600832
0.600589
0.600134
0.599918
0.599677
0.599423
0.599198
0.598776
0.598638
0.598418
0.598169
0.597852
0.234675
0.234424
0.234183
0.233985
0.233785
0.233412
0.233282
0.233149
0.232949
0.232577
0.232333
0.232138
0.231934
0.231710
0.231331
0.230889
0.230393
0.229834
0.229174
0.228299
0.227401
0.226360
0.225375
0.224352
0.223301
0.222276
0.221224
0.220071
0.219098
0.217938
0.216924
0.215804
0.214776
0.213707
0.212606
0.211516
0.210485
0.209439
0.208365
0.207346
0.206315
0.205247
0.204261
0.203238
0.202206
0.201206
0.200152
0.199141
0.198020
0.197041
0.196054
0.195074
0.194087
0.193021
0.192034
0.191047
0.189968
0.188988
0.187978
0.186998
0.186033
0.185032
0.184066
0.183042
0.182056
0.181076
0.180037
0.179071
0.178047
0.177082
0.176125
0.175115
0.174135
0.173126
0.172168
0.171181
0.170158
0.169215
0.168212
0.167269
0.166289
0.165278
0.164321
0.163312
0.162376
0.161389
0.160386
0.159421
0.158441
0.157498
0.156496
0.155487
0.154530
0.153541
0.152584
0.151596
0.150616
0.149651
0.148650
0.147684
0.146704
0.145717
0.144759
0.143771
0.142813
0.141803
0.140845
0.139880
0.138877
0.137934
0.136910
0.135974
0.135030
0.134028
0.133091
0.132081
0.131145
0.130208
0.129227
0.128261
0.127280
0.126365
0.125407
0.124418
0.123481
0.122500
0.121585
0.120648
0.119667
0.118730
0.117749
0.116834
0.115874
0.114893
0.113978
0.113018
0.112103
0.111144
0.110183
0.109269
0.108287
0.107394
0.106434
0.105473
0.104557
0.103598
0.102705
0.101745
0.100793
0.099876
0.098938
0.098001
0.097085
0.096132
0.095216
0.094278
0.093361
0.092431
0.091492
0.090576
0.089638
0.088730
0.087769
0.086853
0.085945
0.084984
0.084091
0.083136
0.082242
0.081326
0.080373
0.079500
0.078518
0.077653
0.076758
0.075827
0.074934
0.074083
0.073197
0.072346
0.071504
0.070653
0.069811
0.069027
0.068185
0.067446
0.066647
0.065842
0.065132
0.064328
0.063618
0.062878
0.062146
0.061408
0.060698
0.060047
0.059315
0.058643
0.057956
0.057335
0.056684
0.056019
0.055370
0.054749
0.054120
0.053522
0.052901
0.052317
0.051740
0.051112
0.050558
0.050003
0.049441
0.048909
0.048355
0.047815
0.047305
0.046751
0.046256
0.045701
0.045236
0.044784
0.044230
0.043765
0.043336
0.042849
0.042317
0.041866
0.041444
0.041023
0.040580
0.040107
0.039685
0.039264
0.038835
0.038415
0.038037
0.037616
0.037232
0.036854
0.036455
0.036101
0.035672
0.035317
0.034962
0.034629
0.034253
0.033891
0.033580
0.033225
0.032893
0.032508
0.032198
0.031887
0.031577
0.031266
0.030882
0.030616
0.030261
0.030040
0.029684
0.029411
0.029189
0.028835
0.028591
0.028325
0.028029
0.027719
0.027497
0.027232
0.026965
0.026655
0.026425
0.026225
0.025960
0.025738
0.025495
0.025228
0.024955
0.024733
0.024533
0.024289
0.024067
0.023846
0.023646
0.023439
0.023218
0.023018
0.022818
0.022597
0.022419
0.022199
0.022021
0.021858
0.021637
0.021481
0.021281
0.021060
0.020905
0.020727
0.020571
0.020410
0.020232
0.020054
0.019833
0.019722
0.019589
0.019390
0.019212
0.019057
0.018968
0.018762
0.018628
0.018473
0.018362
0.018185
0.018052
0.017941
0.017785
0.017631
0.017520
0.017364
0.017246
0.017113
0.016936
0.016869
0.016736
0.016582
0.016493
0.016382
0.016270
0.016137
0.016005
0.015894
0.015775
0.015664
0.015553
0.015443
0.015332
0.015243
0.015131
0.015065
0.014931
0.014844
0.014755
0.014644
0.014577
0.014488
0.014357
0.014290
0.014171
0.014082
0.013993
0.013949
0.013860
0.013750
0.013639
0.013572
0.013528
0.013417
0.013350
0.013284
0.013196
0.013129
0.013040
0.012929
0.012929
0.012818
0.012729
0.012701
0.012589
0.012501
0.012478
0.012412
0.012345
0.012278
0.012212
0.012145
0.012101
0.012034
0.011967
0.011901
0.011878
0.011812
0.011745
0.011678
0.011634
0.011612
0.011545
0.011478
0.011434
0.011389
0.011345
0.011256
0.011234
0.011189
0.011145
0.011056
0.011034
0.011034
0.010967
0.010878
0.010856
0.010834
0.010789
0.010723
0.010656
0.010634
0.010634
0.010589
0.010523
0.010456
0.010456
0.010434
0.010412
0.010367
0.010301
0.010256
0.010234
0.010212
0.010212
0.010145
0.010056
0.010056
0.010034
0.010012
0.010012
0.009945
0.009901
0.009856
0.009834
0.009834
0.009812
0.009767
0.009745
0.009701
0.009656
0.009634
0.009612
0.009612
0.009567
0.009567
0.009567
0.009567
0.009567
0.009567
0.009567
0.009567
0.009567
0.009567
0.009567
0.009567
0.009567
0.009545
0.009545
0.009545
0.009545
0.009545
0.009545
0.009545
0.009545
0.009523
0.009523
0.009523
0.009523
0.009523
0.009523
0.009523
0.009523
0.009523
0.009523
0.009523
0.009523
0.009523
0.009523
0.009523
0.009523
0.009523
0.009523
0.009523
0.009523
0.009523
0.009523
0.009523
0.009523
0.009523
0.009523
0.009523
0.009523
0.009523
0.009523
0.009523
0.009523
0.009523
0.009523
0.009523
0.009523
0.009523
0.009523
0.009523
0.009523
0.009523
0.009523
0.009523
0.009523
0.009523
0.009523
0.009523
0.009523
0.009523
0.009523
0.009523
0.009523
0.009523
0.009523
0.009523
0.009523
0.009523
0.009523
0.009523
0.009523
0.009523
0.009523
0.009523
0.009523
0.009523
0.009523
0.009523
0.009523
0.009523
0.009523
0.009523
0.009523
0.009523
0.009523
0.009523
0.009523
0.009523
0.009523
0.009523
0.009523
0.009523
0.009523
0.009523
0.009523
0.009523
0.009523
0.009523
0.009523
0.009523
0.009523
0.009523
0.009523
0.009523
0.009523
0.009523
0.009523
0.009523
0.009523
0.009523
0.009523
0.009523
0.009523
0.009523
0.009523
0.009523
0.009523
0.009523
0.009523
0.009523
0.009523
0.009523
0.009523
0.009523
0.009523
0.009523
0.009523
0.009523
0.009523
0.009523
0.009523
0.009523
0.009523
0.009523
0.009523
0.009523
0.009523
0.009523
0.009523
0.009523
0.009523
0.009523
0.009523
0.009523
0.009523
0.009523
0.009523
0.009523
0.009523
0.009523
0.009523
0.009523
0.009523
0.009523
0.009523
0.009523
0.009523
0.009523
0.009523
0.009523
0.009523
0.009523
0.009523
0.009523
0.009523
0.009523
0.009523
0.009523
0.009523
0.009523
0.009523
0.009523
0.009523
0.009523
0.009523
0.009523
0.009523
0.009523
0.009523
0.009523
0.009523
0.009523
0.009523
0.009523
0.009523
0.009523
0.009523
0.009523
0.009523
0.009523
0.009523
0.009523
0.009523
0.009523
0.009523
0.009523
0.009523
0.009523
0.009523
0.009523
0.009523
0.009523
0.009523
0.009523
0.009523
0.009523
0.009523
0.009523
0.009523
0.009523
0.009523
0.009523
0.009523
0.009523
0.009523
0.009523
0.009523
0.009523
0.009523
0.009523
0.009523
0.009523
0.009523
0.009523
0.009523
0.009523
0.009523
0.009523
0.009523
0.009523
0.009523
0.009523
0.009523
0.009523
0.009523
0.009523
0.009523
0.009523
0.009523
0.009523
0.009523
0.009523
0.009523
0.009523
0.009523
0.009523
0.009523
0.009523
0.009523
0.009523
0.009523
0.009523
0.009523
0.009523
0.009523
0.009523
0.009523
0.009523
0.009523
0.009523
0.009523
0.009523
0.009523
0.009523
0.009523
0.009523
0.009523
0.009523
0.009523
0.009523
0.009523
0.009523
0.009523
0.009523
0.009523
0.009523
0.009523
0.009523
0.009523
0.009523
0.009523
0.009523
0.009523
0.009523
0.009523
0.009523
0.009523
0.009523
0.009523
0.009523
0.009523
0.009523
0.009523
0.009523
0.009523
0.009523
0.009523
0.009523
0.009523
0.009523
