1.210441
1.104389
0.889275
0.680947
0.533507
0.456707
0.430262
0.425777
0.425755
0.425275
0.424588
0.423579
0.422970
0.422272
0.421666
0.421488
0.420801
0.420594
0.419956
0.419476
0.419065
0.418299
0.418093
0.417543
0.416639
0.416112
0.415548
0.415043
0.414287
0.413598
0.413125
0.412271
0.411620
0.410981
0.410493
0.409682
0.409078
0.408284
0.407757
0.407110
0.406352
0.405800
0.404813
0.404080
0.403489
0.402982
0.401824
0.401351
0.400585
0.400126
0.399009
0.398430
0.397791
0.396961
0.396444
0.395625
0.394940
0.394580
0.393554
0.392841
0.392302
0.391893
0.390915
0.390416
0.389869
0.389169
0.388826
0.387911
0.387303
0.386900
0.386382
0.385699
0.385200
0.384611
0.384083
0.383871
0.383326
0.382842
0.382325
0.381871
0.381629
0.381205
0.380639
0.380448
0.380131
0.379732
0.379387
0.378951
0.378822
0.378591
0.378596
0.378105
0.377895
0.377691
0.377518
0.377585
0.377486
0.377273
0.377221
0.377106
0.376900
0.377125
0.376819
0.376812
0.376661
0.376850
0.376639
0.376844
0.376732
0.376774
0.376773
0.377009
0.376503
0.376754
0.376775
0.377104
0.376787
0.377053
0.377182
0.377459
0.377262
0.377202
0.377565
0.377382
0.377682
0.377757
0.377547
0.377861
0.377670
0.377992
0.378129
0.378228
0.378184
0.378255
0.378439
0.378746
0.378824
0.378658
0.378919
0.379079
0.379167
0.379256
0.379579
0.379428
0.379361
0.379597
0.379646
0.379748
0.379606
0.379944
0.380051
0.380105
0.380216
0.380411
0.380525
0.380397
0.380456
0.380574
0.380867
0.380988
0.381050
0.381175
0.381228
0.381200
0.381329
0.381394
0.381460
0.381593
0.381893
0.381960
0.382029
0.381857
0.381996
0.382299
0.382279
0.382350
0.382422
0.382494
0.382566
0.382639
0.382474
0.382549
0.382623
0.382698
0.382774
0.382850
0.382927
0.383004
0.383004
0.383081
0.383159
0.383238
0.383080
0.383159
0.383159
0.383240
0.383320
0.383401
0.383401
0.383483
0.383564
0.383564
0.383647
0.383730
0.383730
0.383813
0.383897
0.383897
0.383746
0.383746
0.383831
0.383916
0.383916
0.384002
0.384002
0.384088
0.384088
0.384175
0.384175
0.384262
0.384262
0.384349
0.384349
0.384437
0.384437
0.384437
0.384526
0.384526
0.384615
0.384615
0.384471
0.384471
0.384471
0.384561
0.384561
0.384561
0.384651
0.384651
0.384651
0.384742
0.384742
0.384742
0.384834
0.384834
0.384834
0.384926
0.384926
0.384926
0.385018
0.385018
0.385018
0.385018
0.385111
0.385343
0.385343
0.385343
0.385437
0.385437
0.385437
0.385437
0.385530
0.385530
0.385530
0.385530
0.385530
0.385624
0.385700
0.385469
0.385469
0.385469
0.385563
0.385563
0.385563
0.385563
0.385563
0.385563
0.385563
0.385563
0.385563
0.385563
0.385563
0.385563
0.385563
0.385563
0.385563
0.385563
0.385563
0.385563
0.385330
0.385330
0.385330
0.385330
0.385330
0.385330
0.385330
0.385330
0.385330
0.385330
0.385330
0.385330
0.385330
0.385330
0.385330
0.385330
0.385330
0.385330
0.385330
0.385330
0.385330
0.385563
0.385563
0.385563
0.385563
0.385563
0.385563
0.385563
0.385563
0.385563
0.385563
0.385563
0.385563
0.385563
0.385563
0.385563
0.385563
0.385563
0.385563
0.385563
0.385563
0.385563
0.385563
0.385563
0.385563
0.385563
0.385563
0.385563
0.385563
0.385563
0.385563
0.385563
0.385563
0.385563
0.385563
0.385563
0.385563
0.385563
0.385563
0.385658
0.385658
0.385658
0.385658
0.385658
0.385658
0.385658
0.385658
0.385658
0.385658
0.385658
0.385658
0.385658
0.385658
0.385658
0.385658
0.385658
0.385658
0.385658
0.385658
0.385658
0.385658
0.385658
0.385658
0.385658
0.385658
0.385658
0.385658
0.385754
0.385754
0.385754
0.385754
0.385754
0.385754
0.385754
0.385754
0.385754
0.385754
0.385754
0.385754
0.385754
0.385754
0.385754
0.385754
0.385754
0.385754
0.385754
0.385754
0.385754
0.385754
0.385754
0.385754
0.385754
0.385754
0.385754
0.385754
0.385754
0.385754
0.385754
0.385754
0.385754
0.385664
0.385664
0.385664
0.385664
0.385664
0.385664
0.385664
0.385664
0.385664
0.385664
0.385664
0.385664
0.385664
0.385664
0.385664
0.385664
0.385664
0.385664
0.385664
0.385664
0.385664
0.385664
0.385664
0.385664
0.385664
0.385664
0.385664
0.385664
0.385664
0.385664
0.385664
0.385664
0.385664
0.385664
0.385664
0.385664
0.385664
0.385664
0.385664
0.385664
0.385664
0.385664
0.385897
0.385897
0.385897
0.385897
0.385664
0.385543
0.385933
0.386134
0.386479
0.386695
0.386755
0.387283
0.387435
0.387900
0.387959
0.387629
0.387938
0.388033
0.387898
0.388172
0.388058
0.388249
0.388294
0.388137
0.388368
0.388444
0.387993
0.388009
0.387495
0.387343
0.387070
0.386886
0.387344
0.387212
0.387288
0.387556
0.387406
0.387316
0.387283
0.387196
0.387400
0.387345
0.387589
0.387544
0.387457
0.387935
0.387782
0.387551
0.387677
0.387617
0.387835
0.388068
0.387915
0.388150
0.387969
0.388244
0.388125
0.388174
0.388023
0.387854
0.387640
0.387648
0.387869
0.388178
0.388176
0.388140
0.388172
0.387889
0.387862
0.387780
0.387846
0.387784
0.387554
0.387518
0.387444
0.387411
0.387420
0.387423
0.387420
0.387371
0.387269
0.387222
0.387132
0.387132
0.387503
0.387560
0.387624
0.387411
0.387351
0.387205
0.387017
0.386861
0.386955
0.386750
0.386821
0.386876
0.386902
0.386803
0.386462
0.386390
0.386552
0.386539
0.386497
0.386276
0.386188
0.386071
0.386078
0.386081
0.386040
0.386036
0.385931
0.385799
0.385563
0.385525
0.385598
0.385598
0.385567
0.385808
0.385658
0.385439
0.385273
0.385179
0.385431
0.385351
0.385326
0.385375
0.385399
0.385397
0.385564
0.385350
0.385290
0.385278
0.385240
0.385247
0.385132
0.385267
0.385274
0.385240
0.385239
0.385145
0.385231
0.385228
0.385191
0.385191
0.384963
0.385284
0.385336
0.385268
0.385444
0.385322
0.384870
0.384780
0.384772
0.385051
0.385111
0.385068
0.384990
0.385215
0.385158
0.385044
0.384988
0.384840
0.385065
0.385181
0.385190
0.385097
0.385104
0.385298
0.385206
0.385169
0.385062
0.385286
0.385161
0.385161
0.385088
0.385213
0.385402
0.385275
0.385367
0.385150
0.385003
0.385177
0.385078
0.385127
0.385083
0.385128
0.385287
0.385249
0.385129
0.385070
0.385187
0.384915
0.384913
0.384784
0.384702
0.384938
0.384911
0.384810
0.384718
0.384908
0.384904
0.384767
0.384674
0.385128
0.384994
0.384996
0.384968
0.385278
0.384908
0.385108
0.384910
0.384761
0.384743
0.384601
0.384594
0.384643
0.384924
0.385004
0.385025
0.384987
0.385106
0.384946
0.384926
0.384884
0.385018
0.384992
0.384898
0.384816
0.385016
0.385018
0.384823
0.384787
0.385009
0.384871
0.384779
0.384779
0.384975
0.384782
0.384844
0.384926
0.385010
0.384984
0.385012
0.384865
0.384892
0.384707
0.384700
0.384748
0.384712
0.384879
0.384900
0.384773
0.384982
0.384823
0.384570
0.384438
0.384662
0.384533
0.384542
0.384460
0.384661
0.384559
0.384467
0.384432
0.384654
0.384426
0.384424
0.384424
0.384574
0.384602
0.384650
0.384649
0.384604
0.384529
0.384390
0.384341
0.384334
0.384411
0.384466
0.384508
0.384632
0.384527
0.384509
0.384364
0.384571
0.384425
0.384393
0.384308
0.384543
0.384416
0.384421
0.384333
0.384422
0.384419
0.384324
0.384517
0.384411
0.384381
0.384349
0.384554
0.384512
0.384649
0.384515
0.384303
0.384390
0.384341
0.384242
0.384259
0.384434
0.384385
0.384405
0.384527
0.384509
0.384364
0.384313
0.384529
0.384302
0.384308
0.384316
0.384416
0.384331
0.384333
0.384300
0.384328
0.384293
0.384291
0.384411
0.384290
0.384349
0.384430
0.384512
0.384523
0.384515
0.384406
0.384390
0.384221
0.384242
0.384259
0.384312
0.384385
0.384405
0.384404
0.384386
0.384364
0.384313
0.384303
0.384302
0.384308
0.384286
0.384294
0.384331
0.384302
0.384300
0.384434
0.384520
0.384518
0.384487
0.384575
0.384656
0.384613
0.384522
0.384479
0.384407
0.384270
0.384222
0.384349
0.384486
0.384538
0.384580
0.384407
0.384631
0.384581
0.384469
0.384314
0.384530
0.384498
0.384414
0.384287
0.384521
0.384527
0.384438
0.384527
0.384524
0.384399
0.384292
0.384517
0.384487
0.384454
0.384658
0.384704
0.384525
0.384707
0.384407
0.384496
0.384420
0.384413
0.384260
0.384539
0.384580
0.384510
0.384405
0.384581
0.384559
0.384419
0.384274
0.384498
0.384504
0.384392
0.384295
0.384527
0.384408
0.384301
0.384524
0.384490
0.384397
0.384261
0.384543
0.384622
0.384476
0.384714
0.384481
0.384601
0.384376
0.384195
0.384215
0.384457
0.384507
0.384354
0.384600
0.384597
0.384458
0.384333
0.384510
0.384500
0.384378
0.384278
0.384483
0.384491
0.384405
0.384273
0.384497
0.384403
0.384264
0.384262
0.384457
0.384473
0.384370
0.384568
0.384569
0.384429
0.384507
0.384686
0.384559
0.384776
0.384479
0.384573
0.384501
0.384402
0.384340
0.384390
0.384656
0.384481
0.384479
0.384656
0.384513
0.384390
0.384352
0.384576
0.384462
0.384364
0.384373
0.384484
0.384485
0.384379
0.384481
0.384477
0.384370
0.384248
0.384473
0.384673
0.384623
0.384610
0.384549
0.384470
0.384654
0.384358
0.384454
0.384408
0.384203
0.384219
0.384269
0.384670
0.384586
0.384584
0.384761
0.384650
0.384497
0.384488
0.384591
0.384597
0.384471
0.384388
0.384619
0.384621
0.384485
0.384616
0.384584
0.384476
0.384384
0.384580
0.384582
0.384412
0.384520
0.384688
0.384575
0.384656
0.384463
0.384561
0.384516
0.384311
0.384354
0.384405
0.384670
0.384496
0.384462
0.384671
0.384529
0.384406
0.384367
0.384501
0.384478
0.384380
0.384388
0.384499
0.384395
0.384394
0.384271
0.384493
0.384356
0.384355
0.384489
0.384410
0.384519
0.384701
0.384575
0.384670
0.384464
0.384245
0.384199
0.384418
0.384326
0.384285
0.384323
0.384568
0.384372
0.384355
0.384529
0.384483
0.384277
0.384246
0.384478
0.384380
0.384268
0.384273
0.384501
0.384274
0.384271
0.384267
0.384462
0.384264
0.384288
0.384621
0.384473
0.384450
0.384444
0.384343
0.384245
0.384200
0.384193
0.384235
0.384193
0.384354
0.384374
0.384340
0.384460
0.384303
0.384286
0.384382
0.384353
0.384252
0.384260
0.384374
0.384379
0.384275
0.384471
0.384377
0.384267
0.384462
0.384370
0.384342
0.384515
0.384590
0.384440
0.384677
0.384547
0.384568
0.384351
0.384531
0.384418
0.384433
0.384390
0.384654
0.384672
0.384476
0.384685
0.384634
0.384483
0.384382
0.384578
0.384584
0.384485
0.384599
0.384604
0.384607
0.384696
0.384602
0.384571
0.384794
0.384595
0.384619
0.384725
0.384802
0.384780
0.384773
0.384674
0.384775
0.384731
0.384525
0.384567
0.384812
0.384654
0.384672
0.384896
0.384880
0.384634
0.384814
0.384805
0.384669
0.384584
0.384817
0.384797
0.384695
0.384832
0.384802
0.384800
0.384824
0.384794
0.384793
0.384936
0.384951
0.384994
0.385095
0.384966
0.385095
0.384775
0.384731
0.384950
0.384991
0.384841
0.384880
0.385124
0.384986
0.384880
0.385283
0.385266
0.385122
0.385030
0.385233
0.385241
0.385051
0.385253
0.385256
0.385480
0.385251
0.385473
0.385669
0.385696
0.385921
0.386280
0.386505
0.386809
0.386818
0.386900
0.387148
0.386927
0.387107
0.387327
0.387476
0.387753
0.388123
0.388174
0.388277
0.388487
0.388662
0.388977
0.388983
0.389104
0.389139
0.389075
0.389208
0.389264
0.389199
0.389090
0.388916
0.388838
0.388795
0.388649
0.388676
0.388929
0.389485
0.388966
0.388969
0.388440
0.388352
0.388643
0.388443
0.388574
0.389056
0.388991
0.389231
0.389537
0.389142
0.389356
0.389369
0.388999
0.388782
0.388414
0.388269
0.388161
0.388213
0.387853
0.387566
0.387733
0.387896
0.387910
0.387849
0.388136
0.388497
0.388683
0.389049
0.389379
0.389873
0.390643
0.391481
0.391880
0.392319
0.391974
0.391357
0.390773
0.390471
0.390068
0.390181
0.389982
0.390030
0.389706
0.389482
0.389227
0.388971
0.388791
0.388576
0.388415
0.388501
0.388290
0.388176
0.388187
0.388368
0.388081
0.388372
0.388501
0.388522
0.388714
0.388849
0.388964
0.389173
0.389236
0.389103
0.388895
0.388766
0.388892
0.389179
0.389274
0.389276
0.389358
0.389458
0.388987
0.388953
0.388907
0.388572
0.388446
0.388554
0.388451
0.388425
0.388389
0.388584
0.389360
0.389793
0.390213
0.390938
0.392134
0.393108
0.393840
0.394875
0.395706
0.396090
0.396458
0.396620
0.396689
0.396207
0.396295
0.396227
0.396455
0.396597
0.396873
0.397033
0.397120
0.397034
0.397117
0.397103
0.397031
0.397428
0.397686
0.397532
0.397730
0.397792
0.398018
0.398141
0.398186
0.398229
0.397865
0.398018
0.398010
0.397962
0.397890
0.398319
0.398662
0.398890
0.398942
0.398736
0.398297
0.397855
0.397782
0.397686
0.398065
0.398035
0.397888
0.398002
0.398031
0.397892
0.398141
0.398193
0.398253
0.398169
0.398429
0.398969
0.398888
0.399196
0.399500
0.399973
0.400102
0.400405
0.400355
0.400776
0.400731
0.401064
0.401471
0.401795
0.402030
0.401862
0.401922
0.401439
0.401321
0.401354
0.401668
0.401507
0.401462
0.401320
0.401536
0.401119
0.400917
0.400606
0.400642
0.400252
0.400021
0.399823
0.399814
0.399431
0.399152
0.399130
0.398960
0.398570
0.398548
0.398307
0.397804
0.397716
0.398157
0.398184
0.398609
0.398556
0.398616
0.397898
0.397566
0.396976
0.396555
0.396184
0.395977
0.395582
0.395342
0.394968
0.394818
0.394641
0.394278
0.394039
0.393887
0.393422
0.393194
0.393155
0.393123
0.392884
0.392863
0.392482
0.392243
0.391972
0.392191
0.391850
0.391583
0.391864
0.391715
0.391843
0.392067
0.392321
0.392211
0.392188
0.391959
0.391953
0.391656
0.391927
0.391968
0.392103
0.392184
0.392370
0.392244
0.392415
0.392612
0.392610
0.392965
0.392859
0.392868
0.393003
0.393195
0.393429
0.393320
0.393083
0.393536
0.393505
0.393399
0.393316
0.393563
0.393451
0.393415
0.393507
0.393382
0.392818
0.393142
0.393094
0.393088
0.393217
0.393268
0.393223
0.393359
0.393357
0.393575
0.393638
0.393589
0.393495
0.393684
0.393584
0.393592
0.393791
0.393607
0.393608
0.393797
0.393689
0.393450
0.393333
0.393552
0.393417
0.393419
0.393475
0.393584
0.393865
0.393654
0.393867
0.393997
0.393747
0.393674
0.393667
0.393603
0.393788
0.393827
0.393744
0.393962
0.393913
0.393863
0.393961
0.394071
0.394070
0.393941
0.394170
0.394177
0.393963
0.394185
0.394183
0.394034
0.393838
0.394057
0.394027
0.393921
0.393861
0.393969
0.394283
0.394143
0.394135
0.394032
0.393904
0.393973
0.393966
0.394009
0.394194
0.394129
0.394149
0.394336
0.394130
0.394078
0.394281
0.394243
0.394136
0.394026
0.394255
0.394234
0.394134
0.394497
0.394496
0.394347
0.394023
0.394212
0.394211
0.394106
0.394045
0.394259
0.394352
0.394328
0.394405
0.394451
0.393982
0.394157
0.394150
0.394166
0.394436
0.394283
0.394302
0.394522
0.394401
0.394349
0.394437
0.394428
0.394292
0.394298
0.394527
0.394314
0.394319
0.394321
0.394425
0.394317
0.394313
0.394283
0.394310
0.394281
0.394336
0.394209
0.394371
0.394532
0.394609
0.394421
0.394186
0.394335
0.394354
0.394370
0.394419
0.394487
0.394506
0.394505
0.394575
0.394467
0.394420
0.394632
0.394497
0.394415
0.394616
0.394624
0.394524
0.394176
0.394395
0.394287
0.394255
0.394387
0.394358
0.394135
0.393815
0.394010
0.393958
0.394181
0.394445
0.394502
0.394681
0.394476
0.394262
0.394295
0.394315
0.394225
0.394261
0.394300
0.394214
0.394581
0.394534
0.394514
0.394380
0.394487
0.394457
0.394375
0.394471
0.394479
0.394397
0.394370
0.394484
0.394481
0.394362
0.394476
0.394474
0.394446
0.394582
0.394502
0.394607
0.394449
0.394647
0.394607
0.394317
0.394415
0.394265
0.394258
0.394212
0.394482
0.394416
0.394349
0.394538
0.394417
0.394279
0.394262
0.394340
0.394339
0.394229
0.394131
0.394332
0.394250
0.394252
0.394367
0.394219
0.394128
0.394214
0.393978
0.393978
0.393980
0.394035
0.394110
0.394037
0.394075
0.394154
0.393731
0.393829
0.393653
0.393558
0.393483
0.393426
0.393598
0.393618
0.393425
0.393377
0.393578
0.393444
0.393301
0.393521
0.393439
0.393313
0.393321
0.393461
0.393434
0.393327
0.393458
0.393426
0.393318
0.393201
0.393422
0.393373
0.393672
0.393630
0.393726
0.393633
0.393395
0.393519
0.393359
0.393246
0.393288
0.393472
0.393511
0.393426
0.393306
0.393512
0.393356
0.393252
0.393213
0.393433
0.393305
0.393225
0.393455
0.393326
0.393241
0.393239
0.393429
0.393321
0.392968
0.393073
0.393022
0.393214
0.393393
0.393303
0.393250
0.392959
0.393052
0.392981
0.393005
0.393047
0.393096
0.393270
0.393185
0.393183
0.393049
0.393146
0.393098
0.392972
0.392970
0.393064
0.392984
0.392992
0.393115
0.393088
0.392998
0.392851
0.392964
0.392874
0.392844
0.392961
0.392987
0.392773
0.392938
0.393028
0.393123
0.392920
0.393017
0.392884
0.392771
0.392814
0.392660
0.392817
0.392837
0.392716
0.392700
0.392766
0.392661
0.392623
0.392621
0.392715
0.392635
0.392643
0.392736
0.392650
0.392649
0.392617
0.392730
0.392612
0.392610
0.392547
0.392624
0.392581
0.392679
0.392672
0.392603
0.392474
0.392314
0.392307
0.392464
0.392513
0.392465
0.392380
0.392600
0.392465
0.392415
0.392515
0.392389
0.392387
0.392365
0.392489
0.392409
0.392386
0.392610
0.392415
0.392383
0.392368
0.392261
0.392143
0.392364
0.392338
0.392287
0.392495
0.392538
0.392668
0.392306
0.392324
0.392201
0.392068
0.392062
0.392192
0.392151
0.392188
0.392326
0.392236
0.392189
0.392169
0.392152
0.392143
0.392114
0.392341
0.392127
0.392135
0.392141
0.392259
0.392141
0.392023
0.392214
0.392017
0.392016
0.392210
0.392106
0.392043
0.392370
0.392076
0.392275
0.392158
0.392283
0.392074
0.391809
0.391803
0.392066
0.391920
0.391958
0.391978
0.391975
0.391959
0.391909
0.392026
0.391884
0.391882
0.391771
0.391896
0.391904
0.391792
0.391911
0.391909
0.391789
0.391786
0.391873
0.391871
0.391782
0.391873
0.391813
0.391766
0.391842
0.391851
0.391844
0.391742
0.391646
0.391576
0.391570
0.391610
0.391686
0.391725
0.391656
0.391550
0.391725
0.391616
0.391570
0.391428
0.391649
0.391565
0.391440
0.391670
0.391473
0.391446
0.391339
0.391470
0.391438
0.391330
0.391290
0.391201
0.391151
0.391450
0.391406
0.391504
0.391497
0.391540
0.391298
0.391138
0.391131
0.391067
0.391339
0.391289
0.391204
0.391338
0.391289
0.391135
0.391118
0.391213
0.391212
0.391084
0.391003
0.391233
0.391105
0.391107
0.391005
0.390974
0.390866
0.390997
0.390967
0.390862
0.390888
0.391129
0.391070
0.391183
0.391039
0.391162
0.390948
0.390798
0.390792
0.390966
0.391016
0.390951
0.390882
0.391072
0.390952
0.390812
0.390795
0.390979
0.390873
0.390761
0.390992
0.390971
0.390782
0.390784
0.391005
0.390869
0.390776
0.390735
0.390734
0.390628
0.390513
0.390622
0.390543
0.390648
0.390939
0.390812
0.390907
0.390705
0.390714
0.390671
0.390665
0.390601
0.390560
0.390822
0.390737
0.390615
0.390822
0.390554
0.390447
0.390410
0.390175
0.390270
0.390188
0.390196
0.390291
0.390293
0.390202
0.390171
0.390285
0.390165
0.390164
0.390164
0.390255
0.390219
0.390293
0.390368
0.390378
0.390148
0.390269
0.390039
0.389970
0.390095
0.390136
0.390184
0.390340
0.390270
0.390268
0.390340
0.390231
0.390185
0.390371
0.390264
0.390180
0.390160
0.390390
0.390291
0.390175
0.390623
0.390515
0.390394
0.390614
0.390586
0.390480
0.390501
0.390527
0.390528
0.390708
0.390582
0.390453
0.390576
0.390258
0.390436
0.390429
0.390445
0.390387
0.390558
0.390577
0.390694
0.390589
0.390538
0.390493
0.390602
0.390483
0.390488
0.390719
0.390593
0.390509
0.390734
0.390599
0.390507
0.390503
0.390696
0.390589
0.390472
0.390515
0.390719
0.390561
0.390693
0.390564
0.390584
0.390367
0.390322
0.390316
0.390448
0.390407
0.390445
0.390583
0.390493
0.390446
0.390544
0.390498
0.390399
0.390592
0.390493
0.390149
0.390157
0.390281
0.390193
0.390163
0.390278
0.390246
0.390154
0.390153
0.390243
0.390208
0.390284
0.390361
0.390372
0.390364
0.390261
0.390028
0.390089
0.390083
0.390125
0.390292
0.390242
0.390261
0.390380
0.390243
0.390222
0.390070
0.390255
0.390164
0.390170
0.390267
0.390186
0.390191
0.390060
0.390169
0.390077
0.390044
0.389937
0.390040
0.390040
0.389992
0.390206
0.390250
0.390037
0.390253
0.389926
0.390049
0.389976
0.389863
0.389816
0.390091
0.390130
0.390046
0.390148
0.390131
0.389975
0.390092
0.390053
0.390051
0.389924
0.390065
0.390074
0.389945
0.389947
0.389846
0.389814
0.389706
0.389808
0.389807
0.389757
0.389746
0.390014
0.389837
0.390253
0.389959
0.389826
0.389976
0.389737
0.389673
0.389633
0.389896
0.389812
0.389721
0.389897
0.389772
0.389724
0.389820
0.389818
0.389690
0.389609
0.389840
0.389845
0.389714
0.389623
0.389814
0.389706
0.389614
0.389807
0.389807
0.389675
0.389587
0.389754
0.389726
0.389682
0.389814
0.389683
0.389803
0.389479
0.389406
0.389400
0.389667
0.389611
0.389562
0.389805
0.389699
0.389562
0.389541
0.389716
0.389574
0.389482
0.389460
0.389691
0.389594
0.389511
0.389706
0.389600
0.389478
0.389698
0.389696
0.389561
0.389471
0.389696
0.389331
0.389296
0.389829
0.389682
0.389916
0.389771
0.389579
0.389675
0.389603
0.389400
0.389667
0.389715
0.389651
0.389805
0.389802
0.389521
0.389620
0.389483
0.389446
0.389668
0.389457
0.389346
0.389354
0.389479
0.389361
0.389360
0.389581
0.389443
0.389351
0.389545
0.389545
0.389351
0.389377
0.389708
0.389561
0.389761
0.389529
0.389651
0.389526
0.389285
0.389278
0.389517
0.389565
0.389409
0.389653
0.389650
0.389530
0.389613
0.389567
0.389452
0.389556
0.389562
0.389570
0.389444
0.389584
0.389585
0.389450
0.389581
0.389577
0.389441
0.389350
0.389598
0.389602
0.389559
0.389658
0.389529
0.389653
0.389331
0.389285
0.389502
0.389439
0.389399
0.389664
0.389548
0.389457
0.389665
0.389613
0.389402
0.389362
0.389556
0.389457
0.389375
0.389354
0.389478
0.389391
0.389360
0.389581
0.389382
0.389240
0.389238
0.389328
0.389295
0.389372
0.389450
0.389461
0.389454
0.389349
0.389113
0.389200
0.389193
0.389209
0.389155
0.389329
0.389349
0.389347
0.389362
0.389309
0.389261
0.389370
0.389250
0.389246
0.389254
0.389029
0.389034
0.389037
0.388901
0.389032
0.388999
0.388892
0.389024
0.388995
0.389052
0.388938
0.389207
0.389029
0.389210
0.388913
0.388780
0.388929
0.388950
0.388861
0.388822
0.389086
0.389002
0.388912
0.389087
0.389065
0.388913
0.389037
0.389007
0.389012
0.388797
0.389029
0.389034
0.388902
0.388811
0.389032
0.388999
0.388802
0.388995
0.389050
0.388936
0.389205
0.389028
0.388985
0.389106
0.388780
0.388733
0.388950
0.388861
0.388821
0.388862
0.389105
0.388911
0.388863
0.389065
0.388913
0.388813
0.388783
0.389012
0.388887
0.388805
0.388810
0.389037
0.388811
0.388808
0.388999
0.388892
0.388800
0.388771
0.389052
0.388938
0.388983
0.389029
0.388985
0.389002
0.388780
0.388706
0.388700
0.388861
0.388822
0.388862
0.389105
0.388912
0.388863
0.389065
0.388913
0.388784
0.389007
0.389012
0.388887
0.388805
0.389034
0.389007
0.388901
0.389032
0.388999
0.388892
0.388771
0.388995
0.388997
0.388718
0.389053
0.389099
0.389109
0.389066
0.388770
0.388864
0.388818
0.388812
0.388855
0.388905
0.388944
0.389085
0.388994
0.388976
0.388924
0.388907
0.388897
0.388867
0.389097
0.388910
0.388656
0.388661
0.388782
0.388661
0.388658
0.388879
0.388653
0.388651
0.388623
0.388743
0.388709
0.388786
0.388864
0.388840
0.389057
0.388760
0.388855
0.388783
0.388579
0.388622
0.388896
0.388935
0.388762
0.388984
0.388936
0.388781
0.388674
0.388859
0.388858
0.388640
0.388647
0.388880
0.388752
0.388663
0.388886
0.388749
0.388655
0.388653
0.388847
0.388651
0.388678
0.389010
0.388864
0.389064
0.388832
0.388730
0.388631
0.388585
0.388579
0.388622
0.388702
0.388742
0.388762
0.388760
0.388743
0.388691
0.388703
0.388664
0.388662
0.388640
0.388677
0.388656
0.388661
0.388468
0.388691
0.388658
0.388550
0.388653
0.388651
0.388651
0.388429
0.388709
0.388786
0.388640
0.388874
0.388642
0.388760
0.388325
0.388250
0.388244
0.388511
0.388367
0.388408
0.388653
0.388458
0.388408
0.388611
0.388563
0.388329
0.388328
0.388558
0.388432
0.388350
0.388123
0.388319
0.388123
0.388120
0.388311
0.388114
0.388083
0.388083
0.388260
0.388251
0.388296
0.388306
0.388298
0.388193
0.388091
0.388017
0.388235
0.388082
0.388134
0.388399
0.388226
0.388192
0.388400
0.388243
0.388135
0.388320
0.388319
0.388100
0.388109
0.388341
0.388317
0.388125
0.388347
0.388315
0.388116
0.388114
0.388307
0.388203
0.388085
0.388366
0.388443
0.388296
0.388531
0.388298
0.388417
0.388091
0.388017
0.388262
0.388278
0.388134
0.388399
0.388419
0.388417
0.388400
0.388378
0.388330
0.388215
0.388319
0.388325
0.388304
0.388341
0.388347
0.388319
0.388213
0.388344
0.388311
0.388309
0.388337
0.388307
0.388309
0.388336
0.388476
0.388521
0.388531
0.388489
0.388417
0.388287
0.388241
0.388235
0.388306
0.388358
0.388399
0.388541
0.388417
0.388400
0.388572
0.387108
0.386043
0.384839
0.384694
0.383712
0.383083
0.382501
0.381930
0.381296
0.380470
0.379173
0.378484
0.377690
0.376535
0.375250
0.374041
0.372502
0.370548
0.368522
0.365821
0.363107
0.360204
0.357644
0.355193
0.353161
0.351245
0.349096
0.347120
0.344853
0.342622
0.340035
0.337837
0.335225
0.333333
0.331040
0.328619
0.327011
0.325061
0.322743
0.320603
0.318761
0.316689
0.314656
0.312709
0.310777
0.308900
0.307462
0.306012
0.304126
0.301561
0.299016
0.295730
0.292717
0.291025
0.289281
0.288305
0.287506
0.286965
0.285667
0.284447
0.283368
0.282065
0.280420
0.279256
0.277885
0.276962
0.276479
0.275082
0.274560
0.273983
0.272557
0.271774
0.271365
0.270015
0.269371
0.268310
0.268344
0.268040
0.267410
0.266188
0.264516
0.261995
0.259851
0.258239
0.258239
0.258042
0.258764
0.259677
0.259616
0.259412
0.258841
0.258751
0.257700
0.257895
0.257543
0.257742
0.257809
0.258181
0.258387
0.257946
0.258308
0.258571
0.258510
0.258489
0.259080
0.258708
0.259404
0.260442
0.261471
0.261199
0.261173
0.260160
0.257999
0.256748
0.256040
0.256390
0.258026
0.259913
0.261384
0.262618
0.262695
0.263099
0.262583
0.262814
0.263030
0.263346
0.263493
0.264563
0.264731
0.265599
0.266291
0.266969
0.266987
0.267343
0.267418
0.268087
0.268906
0.268751
0.269634
0.270969
0.272950
0.273825
0.273418
0.272668
0.270211
0.268669
0.267900
0.268334
0.270156
0.272319
0.273864
0.275155
0.275084
0.275446
0.275198
0.275630
0.275538
0.276392
0.276658
0.277540
0.278586
0.278944
0.279831
0.280583
0.280477
0.281008
0.281026
0.281531
0.282018
0.281967
0.283716
0.284549
0.285433
0.285642
0.284418
0.282478
0.280423
0.279170
0.279532
0.281139
0.282801
0.284064
0.285215
0.285513
0.285048
0.284969
0.284114
0.283808
0.284155
0.284437
0.284353
0.285018
0.285333
0.285012
0.285174
0.285318
0.284866
0.285225
0.284670
0.284817
0.286472
0.287337
0.288324
0.288375
0.288677
0.285565
0.284506
0.282478
0.282319
0.283217
0.284761
0.286023
0.286485
0.285948
0.285543
0.284954
0.284758
0.283760
0.283969
0.283874
0.283837
0.284554
0.284191
0.284240
0.284450
0.283642
0.283817
0.283998
0.283230
0.283240
0.282722
0.284181
0.285031
0.286491
0.286717
0.286031
0.283877
0.281615
0.279886
0.280946
0.281715
0.283311
0.284838
0.285545
0.285752
0.285156
0.284903
0.283776
0.284266
0.283547
0.283909
0.283668
0.284403
0.284831
0.284140
0.284659
0.284594
0.284469
0.284447
0.284665
0.284212
0.285918
0.286754
0.288030
0.288242
0.287052
0.284983
0.282712
0.281001
0.281350
0.282606
0.284269
0.285337
0.286338
0.286523
0.285920
0.285445
0.284552
0.283879
0.284136
0.284579
0.284102
0.284383
0.284808
0.284428
0.284931
0.284926
0.284083
0.284517
0.283794
0.284089
0.284185
0.285134
0.286762
0.288219
0.287947
0.287760
0.285192
0.282950
0.281939
0.281835
0.282061
0.283691
0.284969
0.285698
0.285939
0.285536
0.284589
0.283656
0.283488
0.282715
0.283176
0.283387
0.283167
0.283320
0.283849
0.283077
0.283000
0.282942
0.282399
0.282603
0.281932
0.282212
0.283650
0.284655
0.285922
0.285627
0.285690
0.283062
0.281553
0.279817
0.279638
0.280846
0.282418
0.283154
0.283876
0.283334
0.282871
0.281620
0.281670
0.280687
0.280712
0.279891
0.280593
0.280804
0.280224
0.280754
0.280716
0.279664
0.279811
0.280002
0.279171
0.279414
0.278654
0.280100
0.281181
0.282145
0.283056
0.282135
0.280373
0.278130
0.276389
0.276904
0.277386
0.278709
0.279622
0.280593
0.280536
0.279399
0.279132
0.277958
0.277709
0.276937
0.277582
0.276819
0.277029
0.277432
0.276980
0.276941
0.276624
0.276287
0.276229
0.276257
0.275767
0.277153
0.278010
0.279275
0.279981
0.279304
0.276947
0.275178
0.273176
0.273018
0.274476
0.275798
0.276775
0.277484
0.277630
0.276495
0.276226
0.275053
0.274073
0.274103
0.273773
0.273983
0.274437
0.274331
0.273905
0.274109
0.274033
0.273205
0.273639
0.272869
0.272628
0.274307
0.275483
0.276445
0.276411
0.276474
0.273630
0.272592
0.270854
0.270457
0.271911
0.273232
0.274190
0.275142
0.274371
0.273969
0.272969
0.273012
0.271972
0.272183
0.271604
0.272058
0.272518
0.271919
0.272217
0.272671
0.271862
0.271766
0.271220
0.271671
0.271671
0.272547
0.274386
0.275658
0.275624
0.274955
0.273083
0.271313
0.270307
0.270149
0.271604
0.272925
0.273884
0.274344
0.274305
0.274074
0.273073
0.272876
0.272135
0.271364
0.271767
0.272460
0.271938
0.272322
0.272619
0.272092
0.272446
0.272350
0.271803
0.272005
0.271522
0.271560
0.273411
0.274499
0.275771
0.276451
0.276021
0.273873
0.272121
0.270382
0.270224
0.271670
0.273241
0.274218
0.275121
0.275292
0.274156
0.273879
0.273198
0.272456
0.272418
0.272088
0.272782
0.272993
0.273636
0.273184
0.273146
0.272577
0.272905
0.273088
0.272317
0.272809
0.272297
0.273735
0.275792
0.276272
0.276953
0.276580
0.274431
0.272495
0.271666
0.271751
0.272168
0.273741
0.274719
0.275683
0.275875
0.275472
0.274704
0.273779
0.273771
0.272999
0.273328
0.274030
0.273507
0.273904
0.274432
0.273660
0.273827
0.273238
0.273430
0.273635
0.273142
0.273181
0.275055
0.276136
0.277157
0.277354
0.277408
0.274787
0.272783
0.271775
0.271866
0.273075
0.274399
0.276054
0.276521
0.275729
0.275811
0.274742
0.274300
0.273558
0.274012
0.273432
0.273643
0.274095
0.274008
0.274046
0.274008
0.273931
0.273835
0.273043
0.273248
0.273739
0.273043
0.274726
0.275566
0.277022
0.277703
0.277031
0.275135
0.272889
0.271637
0.272213
0.272447
0.274262
0.275484
0.275964
0.276156
0.275260
0.274929
0.273753
0.273753
0.272981
0.273619
0.273345
0.273556
0.273954
0.273258
0.273710
0.273877
0.273047
0.272989
0.272466
0.272698
0.272977
0.273932
0.275750
0.276715
0.276912
0.275990
0.274094
0.272097
0.271086
0.270930
0.272389
0.273714
0.274693
0.275666
0.275115
0.274712
0.273459
0.273511
0.272528
0.271996
0.272150
0.272854
0.272331
0.272484
0.273016
0.272244
0.272167
0.272071
0.271773
0.271919
0.271185
0.272868
0.273977
0.274941
0.275892
0.274970
0.273093
0.271134
0.270069
0.269911
0.270386
0.271720
0.272698
0.273470
0.273922
0.273519
0.272511
0.271585
0.271336
0.270564
0.270961
0.271422
0.270899
0.271033
0.271334
0.270812
0.270804
0.270207
0.270400
0.270361
0.269628
0.270150
0.271838
0.272678
0.273886
0.273598
0.273895
0.271033
0.269272
0.268021
0.268113
0.269321
0.270887
0.272115
0.272595
0.271804
0.272134
0.270883
0.270512
0.269769
0.270224
0.269645
0.269856
0.270556
0.270220
0.270258
0.270709
0.270087
0.269992
0.269690
0.269652
0.269896
0.269441
0.269729
0.271410
0.272471
0.273665
0.273612
0.273886
0.271277
0.269747
0.268496
0.268357
0.269584
0.271138
0.272135
0.273079
0.272538
0.272375
0.271368
0.271397
0.270433
0.270635
0.270055
0.270759
0.271210
0.270630
0.271162
0.271294
0.270484
0.270878
0.270330
0.270532
0.270532
0.270330
0.272009
0.272850
0.274304
0.274985
0.274798
0.272418
0.270482
0.268921
0.269497
0.270212
0.271785
0.273008
0.273487
0.273920
0.272783
0.272681
0.271506
0.271738
0.270965
0.271362
0.271330
0.271541
0.271695
0.271483
0.271639
0.271803
0.271217
0.271341
0.270809
0.270809
0.272493
0.273843
0.274808
0.275759
0.275078
0.273268
0.271251
0.269749
0.269523
0.270982
0.272307
0.273531
0.274482
0.274444
0.273550
0.273522
0.272346
0.271846
0.271808
0.271477
0.271688
0.272384
0.272518
0.272091
0.272538
0.271726
0.271880
0.272241
0.271467
0.271467
0.272908
0.274503
0.275468
0.275684
0.275738
0.273134
0.271108
0.270099
0.269940
0.271400
0.272725
0.273949
0.274901
0.274128
0.273968
0.273206
0.272764
0.271780
0.272226
0.271895
0.272106
0.272317
0.272211
0.272509
0.272471
0.271903
0.272057
0.271506
0.271711
0.271711
0.271265
0.273136
0.273976
0.275192
0.275928
0.275256
0.273358
0.271111
0.269850
0.270426
0.270606
0.271932
0.273402
0.274127
0.274069
0.273180
0.273147
0.271970
0.271720
0.271197
0.271595
0.271071
0.271283
0.272171
0.271475
0.271436
0.271609
0.271022
0.270965
0.270433
0.270926
0.270965
0.271671
0.273246
0.274705
0.274408
0.274221
0.271839
0.270085
0.269073
0.268674
0.270128
0.271703
0.272682
0.272428
0.272864
0.272702
0.271448
0.271251
0.270516
0.269743
0.269897
0.270352
0.270079
0.270232
0.270271
0.269810
0.270224
0.270128
0.269580
0.269791
0.269057
0.269095
0.270779
0.271869
0.272834
0.273766
0.273084
0.271197
0.269191
0.267448
0.267050
0.268509
0.269833
0.271057
0.272027
0.271969
0.270832
0.271048
0.269872
0.268888
0.269100
0.269003
0.269215
0.269675
0.269829
0.269618
0.269579
0.269018
0.269352
0.269295
0.268772
0.269081
0.269364
0.270313
0.272128
0.273337
0.273289
0.272852
0.270721
0.268959
0.267707
0.267798
0.268514
0.270082
0.271311
0.271791
0.271974
0.271746
0.270984
0.269808
0.270043
0.269520
0.269673
0.270125
0.270096
0.270249
0.270528
0.269755
0.270172
0.269582
0.269525
0.269977
0.269486
0.269525
0.271205
0.272540
0.273746
0.273699
0.273996
0.271130
0.270101
0.268114
0.268196
0.269900
0.271225
0.272205
0.273175
0.272627
0.272465
0.271461
0.271260
0.270452
0.270414
0.270323
0.270535
0.270990
0.270900
0.270938
0.271385
0.270573
0.270727
0.270175
0.270381
0.270631
0.270175
0.271549
0.272875
0.274157
0.274839
0.274408
0.272269
0.270512
0.268768
0.269344
0.269820
0.271569
0.272794
0.273274
0.273708
0.272813
0.272535
0.271358
0.271358
0.271070
0.271223
0.270950
0.271405
0.271800
0.271103
0.271315
0.271723
0.270887
0.271079
0.270791
0.270791
0.272232
0.273586
0.274793
0.275745
0.274822
0.272943
0.270925
0.269177
0.269263
0.270473
0.272049
0.273030
0.273735
0.274122
0.272983
0.272708
0.272022
0.271037
0.270999
0.270661
0.271123
0.271521
0.271900
0.271223
0.271434
0.270863
0.271011
0.271203
0.270430
0.270674
0.270953
0.270507
0.272193
0.273014
0.274453
0.274894
0.274443
0.272322
0.270295
0.268799
0.268660
0.269890
0.271198
0.272447
0.273153
0.273095
0.272447
0.272172
0.270976
0.270010
0.270221
0.269884
0.270096
0.270548
0.271196
0.270499
0.270461
0.270634
0.270047
0.270230
0.269457
0.270017
0.270056
0.270762
0.272582
0.273798
0.273501
0.273313
0.270930
0.269176
0.268163
0.267764
0.268484
0.270059
0.271039
0.271520
0.271956
0.271553
0.270540
0.269607
0.269607
0.268834
0.268988
0.269443
0.269170
0.269323
0.269362
0.269083
0.269246
0.269150
0.268602
0.268814
0.268079
0.269520
0.271114
0.272080
0.273031
0.272109
0.270480
0.268213
0.266466
0.267286
0.268012
0.269337
0.270317
0.271272
0.271475
0.270336
0.270067
0.269376
0.269126
0.268603
0.268997
0.268718
0.268929
0.269554
0.269121
0.269083
0.269496
0.268666
0.268852
0.268570
0.268570
0.268608
0.269799
0.271624
0.272831
0.272787
0.272105
0.270458
0.268450
0.267441
0.267283
0.268739
0.270064
0.271529
0.272260
0.271708
0.271304
0.270786
0.270344
0.269359
0.268826
0.269474
0.269926
0.269403
0.270051
0.270330
0.269557
0.269970
0.270118
0.269567
0.269528
0.269043
0.269567
0.269605
0.270802
0.272603
0.273791
0.273502
0.273046
0.271173
0.269390
0.268136
0.268247
0.269721
0.271269
0.272268
0.272913
0.272606
0.272202
0.271439
0.270977
0.270497
0.270708
0.270127
0.270579
0.270300
0.270704
0.270983
0.271136
0.270573
0.270718
0.269925
0.270131
0.270622
0.269925
0.271853
0.272944
0.273910
0.274843
0.274161
0.272262
0.270262
0.268758
0.268599
0.269811
0.271632
0.272612
0.273028
0.273706
0.272566
0.272289
0.271360
0.270619
0.270822
0.270976
0.270946
0.271158
0.271553
0.270856
0.271311
0.271235
0.270644
0.271081
0.270307
0.270548
0.272235
0.273345
0.274553
0.274528
0.274582
0.271966
0.270682
0.268936
0.268778
0.270239
0.271566
0.272792
0.273495
0.272970
0.272811
0.271797
0.271605
0.270619
0.270825
0.270243
0.270946
0.271158
0.270801
0.271109
0.271070
0.270743
0.270647
0.270839
0.270310
0.270310
0.271258
0.273104
0.274315
0.274287
0.273608
0.271483
0.269708
0.268454
0.268295
0.269757
0.271328
0.272309
0.272035
0.272732
0.272328
0.271073
0.271125
0.270140
0.269366
0.269761
0.270467
0.269943
0.270077
0.270135
0.269855
0.269778
0.269682
0.269625
0.269586
0.268851
0.270293
0.271647
0.272614
0.273566
0.272642
0.270763
0.268744
0.267490
0.267564
0.268040
0.269376
0.270598
0.271304
0.271516
0.271112
0.269857
0.268991
0.268991
0.268458
0.268612
0.269317
0.268794
0.268928
0.269230
0.268707
0.268871
0.268040
0.268476
0.268438
0.267943
0.269879
0.270740
0.271706
0.272657
0.271975
0.270105
0.268077
0.266088
0.267159
0.267635
0.268961
0.270432
0.271138
0.271100
0.270452
0.270177
0.269240
0.268991
0.268467
0.268865
0.268582
0.269044
0.269178
0.268986
0.269197
0.269361
0.268530
0.268714
0.268431
0.268431
0.270117
0.271469
0.272435
0.273386
0.272704
0.270824
0.268805
0.267057
0.267143
0.268604
0.269931
0.270911
0.272108
0.272070
0.271172
0.270652
0.269969
0.269225
0.269187
0.268855
0.269552
0.269763
0.269404
0.269956
0.269917
0.269346
0.269500
0.269927
0.269154
0.269154
0.268881
0.270568
0.271651
0.272867
0.273550
0.273183
0.271043
0.269034
0.268274
0.268290
0.268766
0.270343
0.271324
0.272291
0.272233
0.272079
0.271310
0.270132
0.270373
0.269599
0.269997
0.269715
0.270176
0.270330
0.270854
0.270330
0.270253
0.269907
0.269849
0.270061
0.269811
0.269849
0.270806
0.272625
0.273836
0.273788
0.273351
0.271215
0.269450
0.268195
0.268037
0.269743
0.271070
0.272293
0.273268
0.272475
0.272312
0.271551
0.271109
0.270364
0.270326
0.270238
0.270450
0.270903
0.270566
0.270854
0.270816
0.270244
0.270642
0.269849
0.269811
0.270296
0.269849
0.271292
0.272313
0.273771
0.274033
0.273845
0.271701
0.269694
0.267954
0.268531
0.269186
0.270514
0.271745
0.272470
0.272654
0.271764
0.271489
0.270552
0.270302
0.269778
0.270176
0.269718
0.269929
0.270574
0.270122
0.270083
0.270256
0.269669
0.269611
0.269078
0.269328
0.271015
0.271876
0.273092
0.273794
0.273362
0.271240
0.268971
0.267716
0.267317
0.268528
0.269855
0.271331
0.271792
0.271754
0.271100
0.270831
0.269653
0.268668
0.268873
0.268542
0.268753
0.269209
0.269100
0.269157
0.269119
0.268551
0.268705
0.268647
0.267873
0.268609
0.267912
0.269354
0.270690
0.271656
0.272344
0.271906
0.269521
0.268007
0.266753
0.266594
0.267324
0.268891
0.269872
0.270847
0.270789
0.270574
0.269319
0.268877
0.268627
0.267853
0.268257
0.268219
0.268430
0.268834
0.269358
0.268584
0.268507
0.268167
0.268353
0.268315
0.268071
0.268353
0.269060
0.271128
0.272094
0.272291
0.271609
0.269710
0.267710
0.266940
0.266782
0.268244
0.269571
0.270796
0.271768
0.270975
0.271056
0.269801
0.269850
0.268865
0.269312
0.268980
0.269192
0.269644
0.269307
0.269837
0.269798
0.268986
0.269625
0.268832
0.269034
0.269529
0.268832
0.270516
0.271357
0.273059
0.273498
0.273069
0.270924
0.269409
0.267419
0.267261
0.268472
0.270535
0.271516
0.271997
0.272431
0.271535
0.271257
0.270079
0.270565
0.269791
0.269945
0.269846
0.270302
0.270456
0.270000
0.270212
0.270379
0.269789
0.269981
0.269207
0.269693
0.269731
0.270930
0.272752
0.273969
0.273671
0.273234
0.271339
0.269332
0.268318
0.268409
0.269622
0.270458
0.272425
0.272171
0.272597
0.272193
0.271429
0.271231
0.270245
0.269720
0.270116
0.270572
0.270048
0.270452
0.270976
0.270202
0.270375
0.270764
0.269971
0.269932
0.269446
0.269971
0.271414
0.272256
0.273959
0.274156
0.273968
0.271823
0.270066
0.268075
0.267916
0.269373
0.270951
0.271932
0.272900
0.273092
0.271952
0.271432
0.270739
0.270003
0.269965
0.269627
0.269839
0.270542
0.270696
0.270243
0.270455
0.269883
0.270031
0.269974
0.269450
0.269694
0.268997
0.270931
0.271773
0.272984
0.273673
0.272993
0.271098
0.269092
0.267837
0.267678
0.268649
0.269977
0.270958
0.271689
0.272117
0.271713
0.270458
0.269774
0.269524
0.268750
0.269145
0.269115
0.269327
0.269481
0.270014
0.269239
0.269162
0.268331
0.269009
0.268970
0.268235
0.268517
0.269475
0.271052
0.272263
0.272215
0.271536
0.269642
0.267391
0.266381
0.266473
0.267684
0.269256
0.270487
0.270968
0.270416
0.270506
0.269251
0.269050
0.268309
0.268521
0.267939
0.268392
0.269098
0.268516
0.268554
0.269251
0.268439
0.268343
0.268041
0.268247
0.268247
0.269195
0.271286
0.272494
0.272224
0.271786
0.269911
0.268127
0.266872
0.266714
0.268420
0.269012
0.270970
0.270946
0.271393
0.270989
0.270225
0.270027
0.269041
0.268508
0.268912
0.269368
0.269086
0.269470
0.269769
0.269239
0.269412
0.269557
0.269009
0.269211
0.268726
0.270169
0.271515
0.272732
0.273190
0.273002
0.270876
0.269100
0.268087
0.267928
0.268649
0.270227
0.271449
0.271911
0.272609
0.271469
0.271190
0.270256
0.270256
0.269723
0.269877
0.269598
0.270301
0.270435
0.270493
0.270455
0.270378
0.269787
0.270224
0.270185
0.269691
0.269729
0.271173
0.272750
0.273717
0.273914
0.273232
0.271581
0.269330
0.268316
0.268652
0.269864
0.271192
0.272174
0.273391
0.272597
0.272193
0.271673
0.271231
0.270486
0.270448
0.270360
0.270572
0.271025
0.270693
0.270976
0.271179
0.270366
0.270520
0.270212
0.270174
0.270424
0.269971
0.271656
0.272497
0.273714
0.274398
0.273965
0.271823
0.270063
0.268316
0.268158
0.269370
0.270948
0.272415
0.272897
0.273089
0.272190
0.271915
0.270736
0.270736
0.270448
0.270602
0.270078
0.270539
0.270938
0.270482
0.270693
0.270861
0.270028
0.270212
0.269932
0.269932
0.269971
0.270678
0.272992
0.273959
0.274156
0.273232
0.271581
0.269330
0.268319
0.268161
0.269623
0.270215
0.271441
0.272172
0.272356
0.272196
0.270940
0.270012
0.269762
0.269473
0.269627
0.270089
0.269809
0.269963
0.270252
0.269478
0.269886
0.269790
0.269247
0.269453
0.268717
0.268755
0.270448
0.271534
0.272743
0.273434
0.272752
0.270860
0.268850
0.267104
0.266955
0.268167
0.269494
0.270475
0.271451
0.271393
0.270495
0.270470
0.269291
0.268306
0.268512
0.268180
0.268392
0.268603
0.268266
0.268796
0.268757
0.268189
0.267343
0.263859
0.260152
0.257973
0.254341
0.252367
0.250273
0.247459
0.244007
0.239443
0.233912
0.226940
0.222063
0.218375
0.215081
0.213008
0.210459
0.207407
0.203822
0.200146
0.195379
0.190940
0.187170
0.183368
0.180248
0.176445
0.173383
0.170674
0.167587
0.164031
0.160919
0.157240
0.154300
0.151702
0.148119
0.145272
0.143897
0.143609
0.142240
0.139491
0.136033
0.131626
0.126154
0.122522
0.119978
0.119095
0.117980
0.117344
0.115428
0.112581
0.110495
0.106947
0.104686
0.101884
0.099854
0.097437
0.095808
0.094187
0.092020
0.090461
0.088827
0.086203
0.084513
0.082140
0.080815
0.079315
0.077036
0.077088
0.077335
0.077253
0.076170
0.074004
0.070390
0.066474
0.062945
0.062446
0.061546
0.062055
0.061651
0.061063
0.059899
0.057759
0.056198
0.053944
0.052574
0.050865
0.050145
0.048506
0.048004
0.047025
0.045550
0.044486
0.043772
0.042010
0.041313
0.039610
0.038967
0.038052
0.038088
0.040097
0.040330
0.039241
0.037629
0.035019
0.031362
0.029635
0.028546
0.029113
0.029350
0.030174
0.029388
0.028988
0.028140
0.026406
0.025390
0.023919
0.022614
0.022758
0.022061
0.021325
0.020938
0.020403
0.019436
0.018830
0.018382
0.017194
0.016843
0.015584
0.016668
0.017933
0.018852
0.018658
0.017781
0.015127
0.012242
0.010968
0.010400
0.010306
0.011406
0.012025
0.012023
0.011755
0.011398
0.010069
0.008840
0.008639
0.007667
0.007777
0.007064
0.007044
0.007033
0.007072
0.006321
0.006180
0.005518
0.005516
0.005493
0.005171
0.005184
0.005406
0.006839
0.007338
0.006940
0.006555
0.005403
0.004793
0.004968
0.005188
0.004924
0.004802
0.004922
0.005021
0.005027
0.004856
0.004834
0.004900
0.005126
0.005140
0.005471
0.005365
0.005266
0.005513
0.005703
0.005722
0.006131
0.006191
0.006691
0.006315
0.006378
0.006801
0.005849
0.005285
0.005085
0.005090
0.005016
0.005906
0.008168
0.009921
0.009379
0.008918
0.007767
0.007039
0.006739
0.006621
0.007323
0.007689
0.008625
0.008615
0.009299
0.008980
0.009431
0.009238
0.008939
0.009553
0.009345
0.009415
0.010166
0.010221
0.010703
0.010257
0.010221
0.009539
0.007545
0.006752
0.006982
0.007456
0.008893
0.011579
0.012794
0.012936
0.011524
0.010937
0.009141
0.009343
0.009254
0.009442
0.010558
0.010975
0.011672
0.012188
0.012038
0.011833
0.012083
0.011698
0.011444
0.012176
0.012251
0.012102
0.012402
0.012440
0.013148
0.011735
0.009397
0.008664
0.008541
0.008697
0.010686
0.013556
0.014783
0.014444
0.013957
0.012647
0.011481
0.011045
0.010605
0.010985
0.011959
0.013091
0.013337
0.013605
0.013494
0.013766
0.013558
0.012945
0.012888
0.013406
0.013482
0.014291
0.013633
0.013671
0.014386
0.014348
0.012924
0.010530
0.009715
0.009581
0.010358
0.012592
0.015023
0.016262
0.016408
0.015198
0.013170
0.012215
0.011753
0.012050
0.012196
0.013406
0.013842
0.014807
0.014371
0.014692
0.014482
0.014272
0.014363
0.014081
0.014119
0.014439
0.014535
0.015312
0.015350
0.014630
0.015312
0.015274
0.013602
0.011415
0.010564
0.010652
0.011263
0.013299
0.016251
0.017497
0.017625
0.015905
0.014368
0.013383
0.012932
0.012988
0.013383
0.014607
0.015066
0.015541
0.015579
0.015903
0.015691
0.015005
0.015511
0.015473
0.015266
0.015588
0.015684
0.016469
0.016507
0.015781
0.016469
0.015023
0.012998
0.011627
0.011461
0.011898
0.013958
0.016665
0.018645
0.018063
0.017326
0.015751
0.014537
0.014061
0.013633
0.014518
0.015035
0.016200
0.015963
0.016489
0.016335
0.016608
0.016395
0.015757
0.016444
0.016241
0.016318
0.016657
0.016715
0.017240
0.017000
0.015307
0.013262
0.012133
0.011704
0.012142
0.014429
0.016910
0.018891
0.019041
0.017819
0.016006
0.014783
0.014325
0.013898
0.014764
0.015280
0.016446
0.016943
0.016982
0.017309
0.016615
0.016403
0.016268
0.016453
0.016249
0.017053
0.017149
0.016480
0.017246
0.017246
0.016288
0.013287
0.012377
0.012438
0.013068
0.015160
0.018131
0.019138
0.019046
0.017825
0.016252
0.014800
0.014346
0.014855
0.015027
0.016014
0.016214
0.017190
0.016744
0.017074
0.016862
0.016414
0.016757
0.016457
0.016495
0.017061
0.016911
0.017697
0.017497
0.017694
0.016726
0.014200
0.013105
0.013396
0.013835
0.015644
0.018622
0.020120
0.020025
0.019287
0.017714
0.016489
0.015788
0.015355
0.015511
0.016503
0.017424
0.017195
0.017718
0.017563
0.016872
0.017092
0.016709
0.016408
0.016937
0.016771
0.016867
0.017169
0.017208
0.017693
0.017899
0.015967
0.014187
0.013094
0.012450
0.012885
0.014567
0.017484
0.019450
0.019357
0.018141
0.016577
0.015376
0.014424
0.014480
0.015121
0.016346
0.016549
0.016969
0.016767
0.017338
0.016886
0.015953
0.016521
0.016244
0.015800
0.016359
0.016455
0.015792
0.016551
0.016304
0.016692
0.015010
0.012994
0.011908
0.011508
0.012176
0.014188
0.017364
0.018369
0.018277
0.017787
0.016207
0.014758
0.014284
0.014094
0.015208
0.015495
0.016411
0.016905
0.017188
0.017033
0.017549
0.017089
0.016090
0.016052
0.016563
0.016405
0.017223
0.017102
0.016905
0.017140
0.016866
0.016154
0.013228
0.012221
0.012204
0.012865
0.014624
0.017774
0.018540
0.018440
0.017231
0.015450
0.014249
0.013355
0.013842
0.014231
0.014980
0.015251
0.015972
0.015779
0.016091
0.015422
0.015217
0.015293
0.015030
0.015067
0.015631
0.015254
0.015781
0.015819
0.015594
0.014668
0.012120
0.011414
0.011522
0.011952
0.013852
0.016925
0.018152
0.018063
0.017333
0.016031
0.015083
0.014677
0.014712
0.014844
0.016031
0.016944
0.016671
0.016845
0.016443
0.016358
0.016845
0.016493
0.016222
0.016722
0.016548
0.016422
0.016941
0.016760
0.017450
0.017413
0.016934
0.016007
0.013596
0.012938
0.012817
0.013219
0.014867
0.017649
0.018847
0.018270
0.017089
0.016321
0.014935
0.014357
0.014162
0.014323
0.015138
0.016025
0.016240
0.016708
0.016335
0.015690
0.016165
0.015798
0.015517
0.016302
0.015905
0.015996
0.016954
0.016519
0.016898
0.016562
0.014952
0.013452
0.012748
0.012489
0.012779
0.014440
0.016628
0.018473
0.018157
0.016787
0.015223
0.013761
0.013385
0.012923
0.013557
0.013652
0.014170
0.015020
0.014419
0.014917
0.014574
0.013764
0.014211
0.014177
0.013983
0.014677
0.014625
0.014431
0.015134
0.015134
0.014352
0.012566
0.012157
0.012376
0.012595
0.014115
0.016320
0.016822
0.016834
0.015679
0.014336
0.013373
0.012449
0.013008
0.013110
0.013916
0.013961
0.014635
0.014379
0.014678
0.014249
0.013785
0.013908
0.013624
0.013574
0.013837
0.013734
0.014465
0.014434
0.013999
0.013082
0.011078
0.010672
0.010677
0.011270
0.012862
0.015538
0.016751
0.016673
0.015952
0.013874
0.012834
0.012457
0.012467
0.012474
0.013492
0.014546
0.014781
0.014817
0.014672
0.014243
0.014719
0.014154
0.013871
0.014574
0.014223
0.014144
0.014637
0.014477
0.014905
0.013346
0.011856
0.010884
0.010945
0.011122
0.012365
0.014931
0.015874
0.015767
0.015089
0.013403
0.012560
0.011884
0.011911
0.012422
0.012607
0.013348
0.013572
0.014077
0.013922
0.014480
0.013871
0.013753
0.014095
0.013963
0.014016
0.014747
0.014557
0.014416
0.013447
0.012110
0.011723
0.011770
0.011936
0.013370
0.015839
0.017008
0.017391
0.016503
0.014837
0.013977
0.013389
0.013366
0.013428
0.014422
0.015233
0.015144
0.015436
0.015295
0.014925
0.015152
0.015032
0.014525
0.015015
0.014940
0.015439
0.015491
0.015094
0.015748
0.014456
0.012784
0.012067
0.012132
0.012299
0.013768
0.016326
0.017964
0.017178
0.016715
0.015253
0.014384
0.013421
0.013352
0.014029
0.014311
0.015093
0.015319
0.015783
0.015438
0.015671
0.015252
0.014604
0.015200
0.014778
0.014848
0.015145
0.014989
0.015234
0.015234
0.013511
0.011871
0.011087
0.010885
0.011114
0.012534
0.015169
0.016473
0.016613
0.015240
0.013798
0.012937
0.012216
0.012245
0.013006
0.013101
0.013705
0.014573
0.014419
0.014930
0.014680
0.014500
0.014387
0.014802
0.014606
0.015063
0.015144
0.014955
0.015369
0.015369
0.015970
0.015776
0.014608
0.013238
0.012782
0.012980
0.013385
0.014517
0.016759
0.018570
0.018690
0.017193
0.015648
0.014867
0.014540
0.014580
0.015332
0.015818
0.016559
0.017403
0.017438
0.017620
0.017297
0.016875
0.016589
0.016934
0.016968
0.017364
0.017222
0.017039
0.017533
0.017073
0.017039
0.015828
0.014183
0.013628
0.013468
0.013657
0.014914
0.017384
0.018095
0.017995
0.017543
0.015955
0.014925
0.014470
0.014286
0.014292
0.015227
0.015758
0.015977
0.016459
0.015935
0.015527
0.015739
0.015608
0.014982
0.015608
0.015371
0.015849
0.015685
0.015412
0.015830
0.014580
0.013140
0.012656
0.012514
0.012813
0.014042
0.016363
0.017618
0.016508
0.015554
0.014322
0.013334
0.012703
0.012514
0.013384
0.013525
0.014068
0.013926
0.014392
0.014049
0.013982
0.013716
0.013392
0.013793
0.013275
0.013041
0.013624
0.013441
0.013919
0.013360
0.012365
0.011209
0.010878
0.010823
0.010899
0.012002
0.013986
0.015706
0.015830
0.014798
0.013951
0.013453
0.013205
0.013541
0.014112
0.014300
0.015070
0.016141
0.016269
0.016599
0.016434
0.016376
0.016603
0.016557
0.016475
0.017452
0.017390
0.016991
0.017724
0.017724
0.016913
0.015158
0.014355
0.014379
0.014487
0.015836
0.018239
0.019347
0.019480
0.018111
0.016802
0.016172
0.015603
0.016024
0.016109
0.016708
0.017047
0.017750
0.017780
0.017896
0.017166
0.016788
0.017038
0.016867
0.016703
0.016951
0.017022
0.017620
0.017094
0.017094
0.016573
0.014717
0.014635
0.014606
0.015288
0.016303
0.018606
0.019426
0.019250
0.018917
0.017844
0.016829
0.016538
0.016348
0.016577
0.017373
0.018450
0.018302
0.018895
0.018772
0.018388
0.018660
0.018339
0.018295
0.018890
0.018934
0.018885
0.019490
0.019176
0.018458
0.016893
0.016344
0.016551
0.016842
0.017754
0.019907
0.020562
0.020688
0.019480
0.018182
0.017328
0.016844
