1.376449
1.376449
1.376449
1.376449
1.376449
1.376449
1.376449
1.376449
1.376449
1.376449
1.376449
1.376449
1.376449
1.376449
1.376449
1.376449
1.376449
1.376449
1.376449
1.376449
1.376449
1.376449
1.376449
1.376619
1.377190
1.377908
1.379140
1.380491
1.381973
1.383257
1.384440
1.385464
1.386524
1.387844
1.388897
1.390131
1.391172
1.392549
1.393715
1.394984
1.396201
1.397475
1.398716
1.399838
1.401215
1.402243
1.403610
1.404822
1.405998
1.407172
2.236068
2.236068
2.236068
2.236068
2.236068
2.236068
2.236068
2.236068
2.236068
2.236068
2.236068
2.236068
2.236068
2.236068
2.236068
2.236068
2.236068
2.236068
2.236068
2.236068
2.236068
2.236068
2.236068
2.236068
2.236068
2.236068
2.236068
2.236068
2.236068
2.236068
2.236068
2.236068
2.236068
2.236068
2.236068
2.236068
2.236068
2.236068
2.236068
2.236068
2.236068
2.236068
2.236068
2.236068
2.236068
2.236068
2.236068
2.236068
2.236068
2.236068
2.236068
2.236068
2.236068
2.236068
2.236068
2.236068
2.236068
2.236068
2.236068
2.236068
2.236068
2.236068
2.236068
2.236068
2.236068
2.236068
2.236068
2.236068
2.236068
2.236068
2.236068
2.236068
2.236068
2.236068
2.236068
2.236068
2.236068
2.236068
2.236068
2.236068
2.236068
2.236068
2.236068
2.236068
2.236068
2.236068
2.236068
2.236068
2.236068
2.236068
2.236068
2.236068
2.236068
2.236068
2.236068
2.236068
2.236068
2.236068
2.236068
2.236068
2.236068
2.236068
2.236068
2.236068
2.236068
2.236068
2.236068
2.236068
2.236068
2.236068
2.236068
2.236068
2.236068
2.236068
2.236068
2.236068
2.236068
2.236068
2.236068
2.236068
2.236068
2.236068
2.236068
2.236068
2.236068
2.236068
2.236068
2.236068
2.236068
2.236068
2.236068
2.236068
2.236068
2.236068
2.236068
2.236068
2.236068
2.236068
2.236068
2.236068
2.236068
2.236068
2.236068
2.236068
2.236068
2.236068
2.236068
2.236068
2.236068
2.236068
2.236068
2.236068
2.236068
2.236068
2.236068
2.236068
2.236068
2.236068
2.236068
2.236068
2.236068
2.236068
2.236068
2.236068
2.236068
2.236068
2.236068
2.236068
2.236068
2.236068
2.236068
2.236068
2.236068
2.236068
2.236068
2.236068
2.236068
2.236068
2.236068
2.236068
2.236068
2.236068
2.236068
2.236068
2.236068
2.236068
2.236068
2.236068
2.236068
2.236068
2.236068
2.236068
2.236068
2.236068
2.236068
2.236068
2.236068
2.236068
2.236068
2.236068
2.236068
2.236068
2.236068
2.236068
2.236068
2.236068
2.236068
2.236068
2.236068
2.236068
2.236068
2.236068
2.236068
2.236068
2.236068
2.236068
2.236068
2.236068
2.236068
2.236068
2.236068
2.236068
2.236068
2.236068
2.236068
2.236068
2.236068
2.236068
2.236068
2.236068
2.236068
2.236068
2.236068
2.236068
2.236068
2.236068
2.236068
2.236068
2.236068
2.236068
2.236068
2.236068
2.236068
2.236068
2.236068
2.236068
2.236068
2.236068
2.236068
2.236068
2.236068
2.236068
2.236068
2.236068
2.236068
2.236068
2.236068
2.236068
2.236068
2.236068
2.236068
2.236068
2.236068
2.236068
2.236068
2.236068
2.236068
2.236068
2.236068
2.236068
2.236068
2.236068
2.236068
2.236068
2.236068
2.236068
2.236068
2.236068
2.236068
2.236068
2.236068
2.236068
2.236068
2.236068
2.236068
2.236068
2.236068
2.236068
2.236068
2.236068
2.236068
2.236068
2.236068
2.236068
2.236068
2.236068
2.236068
2.236068
2.236068
2.236068
2.236068
2.236068
2.236068
2.236068
2.236068
2.236068
2.236068
2.236068
2.236068
2.236068
2.236068
2.236068
2.236068
2.236068
2.236068
2.236068
2.236068
2.236068
2.236068
2.236068
2.236068
2.236068
2.236068
2.236068
2.236068
2.236068
2.236068
2.236068
2.236068
2.236068
2.236068
2.236068
2.236068
2.236068
2.236068
2.236068
2.236068
2.236068
2.236068
2.236068
2.236068
2.236068
2.236068
2.236068
2.236068
2.236068
2.236068
2.236068
2.236068
2.236068
2.236068
2.236068
2.236068
2.236068
2.236068
2.236068
2.236068
2.236068
2.236068
2.236068
2.236068
2.236068
2.236068
2.236068
2.236068
2.236068
2.236068
2.236068
2.236068
2.236068
2.236068
2.236068
2.236068
2.236068
2.236068
2.236068
2.236068
2.236068
2.236068
2.236068
2.236068
2.236068
2.236068
2.236068
2.236068
2.236068
2.236068
2.236068
2.236068
2.236068
2.236068
2.236068
2.236068
2.236068
2.236068
2.236068
2.236068
2.236068
2.236068
2.236068
2.236068
2.236068
2.236068
2.236068
2.236068
2.236068
2.236068
2.236068
2.236068
2.236068
2.236068
2.236068
2.236068
2.236068
2.236068
2.236068
2.236068
2.236068
2.236068
2.236068
2.236068
2.236068
2.236068
2.236068
2.236068
2.236068
2.236068
2.236068
2.236068
2.236068
2.236068
2.236068
2.236068
2.236068
2.236068
2.236068
2.236068
2.236068
2.236068
2.236068
2.236068
2.236068
2.236068
2.236068
2.236068
2.236068
2.236068
2.236068
2.236068
2.236068
2.236068
2.236068
2.236068
2.236068
2.236068
2.236068
2.236068
2.236068
2.236068
2.236068
2.236068
2.236068
2.236068
2.236068
2.236068
2.236068
2.236068
2.236068
2.236068
2.236068
2.236068
2.236068
2.236068
2.236068
2.236068
2.236068
2.236068
2.236068
2.236068
2.236068
2.236068
2.236068
2.236068
2.236068
2.236068
2.236068
2.236068
2.236068
2.236068
2.236068
2.236068
2.236068
2.236068
2.236068
2.236068
2.236068
2.236068
2.236068
2.236068
2.236068
2.236068
2.236068
2.236068
2.236068
2.236068
2.236068
2.236068
2.236068
2.236068
2.236068
2.236068
2.236068
2.236068
2.236068
2.236068
2.236068
2.236068
2.236068
2.236068
2.236068
2.236068
2.236068
2.236068
2.236068
2.236068
2.236068
2.236068
2.236068
2.236068
2.236068
2.236068
2.236068
2.236068
2.236068
2.236068
2.236068
2.236068
2.236068
2.236068
2.236068
2.236068
2.236068
2.236068
2.236068
2.236068
2.236068
2.236068
2.236068
2.236068
2.236068
2.236068
2.236068
2.236068
2.236068
2.236068
2.236068
2.236068
2.236068
2.236068
2.236068
2.236068
2.236068
2.236068
2.236068
2.236068
2.236068
2.236068
2.236068
2.236068
2.236068
2.236068
2.236068
2.236068
2.236068
2.236068
2.236068
2.236068
2.236068
2.236068
2.236068
2.236068
2.236068
2.236068
2.236068
2.236068
2.236068
2.236068
2.236068
2.236068
2.236068
2.236068
2.236068
2.236068
2.236068
2.236068
2.236068
2.236068
2.236068
2.236068
2.236068
2.236068
2.236068
2.236068
2.236068
2.236068
2.236068
2.236068
2.236068
2.236068
2.236068
2.236068
2.236068
2.236068
2.236068
2.236068
2.236068
2.236068
2.236068
2.236068
2.236068
2.236068
2.236068
2.236068
2.236068
2.236068
2.236068
2.236068
2.236068
2.236068
2.236068
2.236068
2.236068
2.236068
2.236068
2.236068
2.236068
2.236068
2.236068
2.236068
2.236068
2.236068
2.236068
2.236068
2.236068
2.236068
2.236068
2.236068
2.236068
2.236068
2.236068
