0.664127
0.664127
0.664127
0.664127
0.664127
0.664127
0.664127
0.664127
0.664127
0.664127
0.664127
0.664127
0.664127
0.664127
0.664127
0.664127
0.664127
0.664127
0.664127
0.664127
0.664127
0.664127
0.664162
0.664141
0.664359
0.664480
0.664173
0.663485
0.662337
0.660772
0.658835
0.656575
0.654015
0.651616
0.649010
0.646349
0.643796
0.641124
0.638245
0.635396
0.632311
0.629208
0.625899
0.622800
0.619538
0.616224
0.612741
0.609358
0.605633
0.602033
0.598774
0.595965
0.593461
0.591551
0.589940
0.588361
0.586718
0.584905
0.582937
0.580844
0.578533
0.576337
0.573782
0.571215
0.568202
0.565112
0.562065
0.558977
0.556030
0.552925
0.549839
0.546837
0.543633
0.540454
0.537149
0.533858
0.530559
0.527058
0.523722
0.520209
0.516702
0.513181
0.509900
0.507434
0.505470
0.503394
0.501533
0.499204
0.496632
0.493596
0.490436
0.487342
0.484177
0.480974
0.478005
0.474679
0.471602
0.468260
0.465007
0.461523
0.458383
0.455020
0.451816
0.448679
0.445398
0.442186
0.438838
0.435749
0.432540
0.429336
0.426237
0.422954
0.419778
0.416577
0.413477
0.410390
0.407036
0.403898
0.400869
0.397764
0.394766
0.391814
0.388721
0.385753
0.382838
0.379989
0.376788
0.373867
0.370828
0.367941
0.365011
0.361943
0.359158
0.356180
0.353271
0.350342
0.347447
0.344602
0.341703
0.338950
0.335979
0.333294
0.330390
0.327525
0.324724
0.322019
0.319270
0.316503
0.313808
0.311097
0.308429
0.305716
0.303007
0.300270
0.297707
0.295043
0.292385
0.289767
0.287125
0.284602
0.282032
0.279500
0.276947
0.274383
0.271831
0.269570
0.267074
0.264744
0.262329
0.259917
0.257406
0.255160
0.252830
0.250343
0.248180
0.245805
0.243471
0.241357
0.238905
0.236701
0.234567
0.232239
0.230100
0.227969
0.225700
0.223570
0.221554
0.219371
0.217227
0.215272
0.213105
0.211012
0.209123
0.207152
0.205054
0.203050
0.201150
0.199137
0.197226
0.195229
0.193356
0.191489
0.189605
0.187770
0.185886
0.183969
0.182229
0.180398
0.178600
0.176808
0.175089
0.173191
0.171402
0.169731
0.168009
0.166248
0.164468
0.162857
0.161111
0.159317
0.157735
0.156086
0.154402
0.152727
0.151126
0.149571
0.147837
0.146322
0.144683
0.142979
0.141547
0.140024
0.138340
0.136937
0.135261
0.133784
0.132306
0.130820
0.129321
0.127773
0.126270
0.124767
0.123310
0.121749
0.120401
0.118915
0.117527
0.116083
0.114583
0.113164
0.111779
0.110476
0.109168
0.107714
0.106328
0.105101
0.103778
0.102383
0.101214
0.099926
0.098691
0.097306
0.096128
0.094843
0.093698
0.092567
0.091306
0.090253
0.088961
0.087825
0.086712
0.085645
0.084450
0.083442
0.082364
0.081368
0.080239
0.079203
0.078146
0.077133
0.076267
0.074971
0.074202
0.073248
0.072191
0.071368
0.070420
0.069452
0.068625
0.067861
0.066852
0.065985
0.065151
0.064318
0.063477
0.062751
0.061848
0.061053
0.060201
0.059613
0.058796
0.057954
0.057350
0.056486
0.055735
0.055080
0.054361
0.053612
0.052979
0.052371
0.051705
0.051075
0.050412
0.049692
0.049104
0.048443
0.047847
0.047297
0.046675
0.046045
0.045480
0.044825
0.044385
0.043802
0.043219
0.042684
0.042169
0.041663
0.041083
0.040522
0.040129
0.039562
0.039122
0.038507
0.038168
0.037562
0.037227
0.036842
0.036205
0.035830
0.035402
0.034921
0.034484
0.034126
0.033564
0.033240
0.032802
0.032485
0.032086
0.031631
0.031230
0.030883
0.030523
0.030202
0.029758
0.029362
0.029055
0.028683
0.028497
0.028120
0.027731
0.027446
0.027082
0.026755
0.026497
0.026279
0.025973
0.025630
0.025340
0.025038
0.024767
0.024552
0.024257
0.023945
0.023721
0.023468
0.023215
0.022962
0.022718
0.022498
0.022205
0.022010
0.021789
0.021550
0.021235
0.021113
0.020899
0.020692
0.020526
0.020254
0.020021
0.019824
0.019695
0.019482
0.019270
0.019022
0.018942
0.018754
0.018521
0.018349
0.018238
0.018026
0.017867
0.017606
0.017544
0.017308
0.017173
0.017002
0.016893
0.016705
0.016532
0.016408
0.016275
0.016190
0.015981
0.015924
0.015703
0.015596
0.015557
0.015351
0.015255
0.015142
0.015007
0.014922
0.014777
0.014646
0.014607
0.014379
0.014351
0.014237
0.014168
0.014044
0.013928
0.013860
0.013716
0.013603
0.013536
0.013500
0.013352
0.013233
0.013154
0.013081
0.013005
0.012897
0.012852
0.012737
0.012697
0.012630
0.012516
0.012441
0.012372
0.012372
0.012249
0.012172
0.012104
0.012065
0.011997
0.011922
0.011922
0.011815
0.011743
0.011679
0.011640
0.011572
0.011532
0.011456
0.011429
0.011389
0.011281
0.011281
0.011228
0.011121
0.011081
0.011053
0.011013
0.010938
0.010863
0.010823
0.010794
0.010794
0.010755
0.010623
0.010595
0.010595
0.010527
0.010481
0.010441
0.010405
0.010338
0.010338
0.010269
0.010269
0.010190
0.010155
0.010137
0.010102
0.010023
0.009954
0.009954
0.009954
0.009918
0.009879
0.009879
0.009812
0.009772
0.009703
0.009703
0.009666
0.009666
0.009609
0.009609
0.009502
0.009502
0.009473
0.009473
0.009473
0.009434
0.009434
0.009395
0.009395
0.009388
0.009399
0.009360
0.009331
0.009331
0.009292
0.009292
0.009292
0.009252
0.009252
0.009252
0.009252
0.009252
0.009252
0.009252
0.009213
0.009213
0.009213
0.009213
0.009213
0.009213
0.009213
0.009213
0.009174
0.009174
0.009174
0.009174
0.009174
0.009174
0.009174
0.009174
0.009174
0.009174
0.009174
0.009174
0.009174
0.009174
0.009174
0.009174
0.009174
0.009174
0.009174
0.009174
0.009174
0.009174
0.009174
0.009174
0.009174
0.009174
0.009174
0.009174
0.009174
0.009174
0.009174
0.009174
0.009174
0.009174
0.009174
0.009174
0.009174
0.009174
0.009174
0.009174
0.009174
0.009174
0.009174
0.009174
0.009174
0.009174
0.009174
0.009174
0.009174
0.009174
0.009174
0.009174
0.009174
0.009174
0.009174
0.009174
0.009174
0.009174
0.009174
0.009174
0.009174
0.009174
0.009174
0.009174
0.009174
0.009174
0.009174
0.009174
0.009174
0.009174
0.009174
0.009174
0.009174
0.009174
0.009174
0.009174
0.009174
0.009174
0.009174
0.009174
0.009174
0.009174
0.009174
0.009174
0.009174
0.009174
0.009174
0.009174
0.009174
0.009174
0.009174
0.009174
0.009174
0.009174
0.009174
0.009174
0.009174
0.009174
0.009174
0.009174
0.009174
0.009174
0.009174
0.009174
0.009174
0.009174
0.009174
0.009174
0.009174
0.009174
0.009174
0.009174
0.009174
0.009174
0.009174
0.009174
0.009174
0.009174
0.009174
0.009174
0.009174
0.009174
0.009174
0.009174
0.009174
0.009174
0.009174
0.009174
0.009174
0.009174
0.009174
0.009174
0.009174
0.009174
0.009174
0.009174
0.009174
0.009174
0.009174
0.009174
0.009174
0.009174
0.009174
0.009174
0.009174
0.009174
0.009174
0.009174
0.009174
0.009174
0.009174
0.009174
0.009174
0.009174
0.009174
0.009174
0.009174
