0.421049
0.421049
0.421049
0.421049
0.421049
0.421049
0.421049
0.421049
0.421049
0.421049
0.421049
0.421049
0.421049
0.421049
0.421049
0.421049
0.421049
0.421049
0.421049
0.421049
0.421049
0.421049
0.421005
0.420302
0.418819
0.416397
0.413112
0.409216
0.405358
0.401865
0.398380
0.395229
0.392343
0.389195
0.386319
0.383268
0.379912
0.376495
0.373089
0.369665
0.366353
0.362953
0.359752
0.356537
0.353421
0.350319
0.347100
0.344019
0.340546
0.337353
0.334306
0.331132
0.328120
0.324845
0.321779
0.318581
0.315605
0.312589
0.309434
0.306363
0.303539
0.300490
0.297395
0.294394
0.291484
0.288570
0.285554
0.282801
0.279900
0.276981
0.274202
0.271350
0.268547
0.265776
0.262918
0.260089
0.257186
0.254604
0.251827
0.249149
0.246493
0.243850
0.241153
0.238433
0.235781
0.233280
0.230588
0.228028
0.225576
0.223061
0.220614
0.218080
0.215605
0.213264
0.210617
0.208385
0.205956
0.203540
0.201236
0.198854
0.196402
0.194160
0.191874
0.189630
0.187174
0.185271
0.182916
0.180696
0.178653
0.176317
0.174066
0.172056
0.169859
0.167819
0.165742
0.163765
0.161823
0.159880
0.157828
0.156003
0.153944
0.151945
0.150109
0.148423
0.146382
0.144601
0.142854
0.141131
0.139331
0.137494
0.135824
0.134143
0.132471
0.130821
0.129212
0.127618
0.126073
0.124432
0.122767
0.121213
0.119716
0.118336
0.116677
0.115191
0.113623
0.112342
0.110859
0.109296
0.107942
0.106555
0.105178
0.103822
0.102410
0.101194
0.099745
0.098419
0.097213
0.095942
0.094731
0.093361
0.092223
0.091003
0.089882
0.088650
0.087523
0.086527
0.085158
0.084078
0.083231
0.081971
0.080944
0.079934
0.078814
0.077799
0.076776
0.075832
0.074751
0.073827
0.072740
0.072028
0.070901
0.070039
0.069243
0.068221
0.067342
0.066508
0.065584
0.064772
0.064002
0.063011
0.062286
0.061360
0.060671
0.059875
0.059081
0.058342
0.057468
0.056789
0.056046
0.055307
0.054775
0.053919
0.053147
0.052574
0.051857
0.051171
0.050544
0.049931
0.049235
0.048538
0.047943
0.047362
0.046789
0.046105
0.045360
0.044939
0.044229
0.043757
0.043261
0.042590
0.042051
0.041503
0.040946
0.040471
0.039996
0.039291
0.038724
0.038316
0.037941
0.037492
0.036927
0.036271
0.036014
0.035497
0.035057
0.034571
0.034139
0.033744
0.033258
0.032938
0.032369
0.032053
0.031651
0.031234
0.030820
0.030365
0.030092
0.029660
0.029186
0.028919
0.028643
0.028201
0.027846
0.027434
0.027179
0.026812
0.026512
0.026142
0.025832
0.025659
0.025172
0.024932
0.024622
0.024327
0.024056
0.023575
0.023485
0.023238
0.022839
0.022582
0.022158
0.021954
0.021776
0.021354
0.021203
0.021056
0.020672
0.020479
0.020193
0.020040
0.019728
0.019408
0.019345
0.018966
0.018852
0.018611
0.018334
0.018183
0.017989
0.017822
0.017565
0.017398
0.017172
0.017128
0.016687
0.016586
0.016542
0.016325
0.016053
0.015934
0.015775
0.015641
0.015355
0.015310
0.015213
0.014972
0.014806
0.014709
0.014560
0.014455
0.014320
0.014068
0.014006
0.013905
0.013834
0.013719
0.013553
0.013377
0.013227
0.013128
0.013019
0.012975
0.012734
0.012611
0.012533
0.012533
0.012427
0.012257
0.012150
0.012106
0.012044
0.011967
0.011857
0.011813
0.011559
0.011559
0.011515
0.011405
0.011298
0.011279
0.011203
0.011080
0.010982
0.010863
0.010820
0.010820
0.010775
0.010749
0.010531
0.010440
0.010395
0.010395
0.010395
0.010352
0.010245
0.010191
0.010135
0.010135
0.010029
0.009922
0.009890
0.009890
0.009810
0.009767
0.009664
0.009664
0.009602
0.009602
0.009559
0.009506
0.009461
0.009461
0.009461
0.009366
0.009323
0.009278
0.009278
0.009278
0.009224
0.009224
0.009181
0.009181
0.009135
0.009135
0.009135
0.009135
0.009135
0.009092
0.009092
0.008985
0.008985
0.008985
0.008985
0.008985
0.008985
0.008942
0.008896
0.008896
0.008896
0.008896
0.008896
0.008896
0.008896
0.008854
0.008854
0.008808
0.008808
0.008808
0.008808
0.008808
0.008808
0.008808
0.008808
0.008765
0.008720
0.008720
0.008720
0.008720
0.008720
0.008720
0.008720
0.008720
0.008720
0.008720
0.008720
0.008720
0.008720
0.008720
0.008720
0.008720
0.008720
0.008720
0.008720
0.008720
0.008720
0.008720
0.008720
0.008720
0.008720
0.008720
0.008720
0.008720
0.008720
0.008720
0.008720
0.008720
0.008720
0.008720
0.008720
0.008720
0.008720
0.008720
0.008720
0.008720
0.008720
0.008720
0.008720
0.008720
0.008720
0.008720
0.008720
0.008720
0.008720
0.008720
0.008720
0.008720
0.008720
0.008720
0.008720
0.008720
0.008720
0.008720
0.008720
0.008720
0.008720
0.008720
0.008720
0.008720
0.008720
0.008720
0.008720
0.008720
0.008720
0.008720
0.008720
0.008720
0.008720
0.008720
0.008720
0.008720
0.008720
0.008720
0.008720
0.008720
0.008720
0.008720
0.008720
0.008720
0.008720
0.008720
0.008720
0.008720
0.008720
0.008720
0.008720
0.008720
0.008720
0.008720
0.008720
0.008720
0.008720
0.008720
0.008720
0.008720
0.008720
0.008720
0.008720
0.008720
0.008720
0.008720
0.008720
0.008720
0.008720
0.008720
0.008720
0.008720
0.008720
0.008720
0.008720
0.008720
0.008720
0.008720
0.008720
0.008720
0.008720
0.008720
0.008720
0.008720
0.008720
0.008720
0.008720
0.008720
0.008720
0.008720
0.008720
0.008720
0.008720
0.008720
0.008720
0.008720
0.008720
0.008720
0.008720
0.008720
0.008720
0.008720
0.008720
0.008720
0.008720
0.008720
0.008720
0.008720
0.008720
0.008720
0.008720
0.008720
0.008720
0.008720
0.008720
0.008720
0.008720
0.008720
0.008720
0.008720
0.008720
0.008720
0.008720
0.008720
0.008720
0.008720
0.008720
0.008720
0.008720
0.008720
0.008720
0.008720
0.008720
0.008720
0.008720
0.008720
0.008720
0.008720
0.008720
0.008720
0.008720
0.008720
0.008720
0.008720
0.008720
0.008720
0.008720
0.008720
0.008720
0.008720
0.008720
0.008720
0.008720
0.008720
0.008720
0.008720
0.008720
0.008720
0.008720
0.008720
0.008720
0.008720
0.008720
0.008720
0.008720
0.008720
0.008720
0.008720
0.008720
0.008720
0.008720
0.008720
0.008720
0.008720
0.008720
0.008720
0.008720
0.008720
0.008720
0.008720
0.008720
0.008720
0.008720
0.008720
0.008720
0.008720
0.008720
0.008720
0.008720
0.008720
0.008720
0.008720
0.008720
0.008720
0.008720
0.008720
0.008720
0.008720
0.008720
0.008720
0.008720
0.008720
0.008720
0.008720
0.008720
0.008720
0.008720
0.008720
0.008720
0.008720
0.008720
0.008720
0.008720
0.008720
0.008720
0.008720
0.008720
0.008720
0.008720
0.008720
0.008720
0.008720
0.008720
0.008720
0.008720
0.008720
0.008720
0.008720
0.008720
0.008720
0.008720
0.008720
0.008720
0.008720
0.008720
0.008720
0.008720
0.008720
0.008720
0.008720
0.008720
0.008720
0.008720
0.008720
0.008720
0.008720
