1.107149
1.107149
1.107149
1.107149
1.107149
1.107149
1.107149
1.107149
1.107088
1.107001
1.106899
1.106757
1.106603
1.106470
1.106335
1.106160
1.106003
1.105841
1.105586
1.105318
1.105079
1.104697
1.104195
1.103490
1.102630
1.101702
1.100560
1.099441
1.098268
1.097125
1.095937
1.094736
1.093588
1.092391
1.091139
1.089805
1.088477
1.087074
1.085708
1.084238
1.082893
1.081384
1.079893
1.078408
1.076693
1.075226
1.073567
1.072064
1.070425
1.068745
1.067080
1.065427
1.063652
1.061995
1.060199
1.058500
1.056813
1.055182
1.053461
1.051786
1.050051
1.048309
1.046548
1.044803
1.042871
1.041005
1.039201
1.037323
1.035592
1.033726
1.031928
1.029962
1.028019
1.025835
1.023639
1.021467
1.019222
1.017065
1.014795
1.012637
1.010388
1.007988
1.005601
1.003154
1.000667
0.998284
0.995857
0.993475
0.991074
0.988732
0.986372
0.983893
0.981404
0.978861
0.976431
0.973791
0.971243
0.968872
0.966329
0.963867
0.961469
0.958937
0.956367
0.953831
0.951314
0.948751
0.946224
0.943596
0.941050
0.938456
0.936049
0.933291
0.930817
0.928089
0.925412
0.922736
0.920076
0.917390
0.914850
0.912117
0.909489
0.906838
0.904060
0.901390
0.898572
0.895880
0.893113
0.890317
0.887582
0.884851
0.882172
0.879337
0.876542
0.873675
0.870837
0.868127
0.865316
0.862571
0.859661
0.856839
0.853850
0.851002
0.848091
0.845166
0.842272
0.839388
0.836526
0.833542
0.830631
0.827699
0.824726
0.821759
0.818788
0.815795
0.812802
0.809931
0.806937
0.803942
0.800863
0.797638
0.794591
0.791384
0.788296
0.785247
0.782104
0.779003
0.775943
0.772953
0.770026
0.767089
0.764172
0.761268
0.758404
0.755618
0.752651
0.749800
0.746881
0.744048
0.741327
0.738553
0.735961
0.733109
0.730446
0.727873
0.725071
0.722348
0.719505
0.716726
0.713839
0.711166
0.708400
0.705875
0.703332
0.700861
0.698540
0.696170
0.693797
0.691491
0.689093
0.686793
0.684541
0.682214
0.680028
0.677837
0.675793
0.673758
0.671686
0.669618
0.667504
0.665380
0.663385
0.661303
0.659327
0.657319
0.655610
0.653696
0.652090
0.650390
0.648676
0.647027
0.645312
0.643626
0.641875
0.640167
0.638537
0.636948
0.635345
0.633709
0.632152
0.630531
0.628877
0.627093
0.625479
0.623677
0.622061
0.620664
0.619198
0.617752
0.616465
0.615003
0.613422
0.611829
0.610287
0.608659
0.607211
0.605802
0.604427
0.603147
0.601779
0.600321
0.598874
0.597363
0.595972
0.594489
0.593217
0.591872
0.590657
0.589481
0.588312
0.587012
0.585807
0.584607
0.583171
0.581799
0.580590
0.579255
0.578026
0.576907
0.575764
0.574636
0.573585
0.572427
0.571293
0.570063
0.568782
0.567506
0.566327
0.565200
0.564174
0.563093
0.562096
0.561062
0.560012
0.558913
0.557818
0.556735
0.555599
0.554417
0.553389
0.552336
0.551425
0.550358
0.549514
0.548367
0.547449
0.546305
0.545273
0.544183
0.543142
0.542115
0.541089
0.540114
0.539106
0.538202
0.537260
0.536231
0.535204
0.534239
0.533223
0.532244
0.531333
0.530279
0.529405
0.528490
0.527623
0.526580
0.525835
0.524859
0.524039
0.523134
0.522304
0.521329
0.520475
0.519737
0.518681
0.518024
0.517182
0.516356
0.515531
0.514823
0.513870
0.513100
0.512446
0.511638
0.510958
0.510135
0.509366
0.508646
0.507849
0.507240
0.506490
0.505852
0.505168
0.504450
0.503760
0.503113
0.502500
0.501741
0.501218
0.500571
0.499899
0.499322
0.498707
0.497986
0.497433
0.496918
0.496280
0.495797
0.495125
0.494506
0.494066
0.493430
0.492951
0.492351
0.491855
0.491361
0.490773
0.490328
0.489829
0.489355
0.488888
0.488311
0.487915
0.487550
0.487007
0.486510
0.486161
0.485711
0.485193
0.484831
0.484483
0.484035
0.483641
0.483252
0.482873
0.482432
0.482014
0.481747
0.481335
0.480998
0.480628
0.480282
0.479912
0.479605
0.479245
0.478975
0.478637
0.478304
0.478017
0.477709
0.477393
0.477099
0.476722
0.476527
0.476276
0.475926
0.475672
0.475444
0.475130
0.474894
0.474662
0.474331
0.474081
0.473919
0.473683
0.473342
0.473012
0.472777
0.472587
0.472435
0.472098
0.471849
0.471625
0.471525
0.471296
0.470994
0.470758
0.470617
0.470477
0.470242
0.470086
0.469894
0.469716
0.469591
0.469364
0.469208
0.469033
0.468938
0.468714
0.468612
0.468425
0.468350
0.468161
0.468029
0.467835
0.467770
0.467687
0.467541
0.467386
0.467321
0.457370
0.457226
0.457105
0.457058
0.456864
0.456817
0.456707
0.456654
0.456543
0.456428
0.456351
0.456243
0.456194
0.456135
0.456123
0.455974
0.456003
0.455904
0.455890
0.455772
0.455683
0.455639
0.455582
0.455489
0.455453
0.455419
0.455321
0.455251
0.455221
0.455150
0.455101
0.455054
0.454977
0.454904
0.454894
0.454885
0.454814
0.454723
0.454686
0.454625
0.454568
0.454555
0.454460
0.454434
0.454426
0.454355
0.454328
0.454289
0.454264
0.454193
0.454158
0.454120
0.454071
0.454045
0.454052
0.453967
0.453940
0.453798
0.453756
0.453695
0.453650
0.453565
0.453525
0.453507
0.453470
0.453424
0.453405
0.453348
0.453344
0.453298
0.288398
0.288331
0.288345
0.288274
0.288246
0.288217
0.288194
0.288113
0.287897
0.287575
0.287153
0.286689
0.286170
0.285822
0.285641
0.285593
0.285645
0.285804
0.285925
0.285858
0.285700
0.285449
0.285143
0.284848
0.284662
0.284441
0.284378
0.284260
0.284155
0.284060
0.283860
0.283690
0.283546
0.283479
0.283429
0.283396
0.283288
0.283214
0.283052
0.282873
0.282732
0.282430
0.282261
0.282009
0.281763
0.281499
0.281130
0.280760
0.280391
0.279909
0.279485
0.279035
0.278552
0.278065
0.277561
0.277031
0.276461
0.275850
0.275172
0.274392
0.273737
0.273043
0.272302
0.271581
0.270816
0.269994
0.269135
0.268217
0.267248
0.266301
0.265346
0.264462
0.263463
0.262429
0.261323
0.260223
0.259078
0.257826
0.256673
0.255389
0.254257
0.253096
0.251891
0.250552
0.249145
0.247725
0.246310
0.244834
0.243498
0.242044
0.240719
0.239385
0.237986
0.236634
0.235271
0.233899
0.232512
0.231152
0.229804
0.228409
0.227022
0.225656
0.224340
0.223072
0.221722
0.220394
0.219099
0.217816
0.216530
0.215198
0.213845
0.212541
0.211282
0.209993
0.208674
0.207362
0.206113
0.204783
0.203546
0.202202
0.200960
0.199644
0.198372
0.197125
0.195824
0.194541
0.193279
0.192049
0.190745
0.189521
0.188224
0.186962
0.185729
0.184453
0.183209
0.181912
0.180640
0.179426
0.178156
0.176896
0.175625
0.174400
0.173174
0.171860
0.170629
0.169357
0.168127
0.166917
0.165612
0.164439
0.163171
0.161902
0.160721
0.159448
0.158199
0.157020
0.155732
0.154547
0.153311
0.152132
0.150876
0.149629
0.148493
0.147198
0.146018
0.144848
0.143526
0.142411
0.141200
0.139883
0.138665
0.137378
0.136257
0.135035
0.133772
0.132648
0.131382
0.130234
0.129102
0.127911
0.126753
0.125597
0.124421
0.123290
0.122128
0.121036
0.119901
0.118790
0.117685
0.116555
0.115501
0.114349
0.113317
0.112143
0.111080
0.110107
0.108938
0.107904
0.106879
0.105840
0.104797
0.103716
0.102755
0.101707
0.100671
0.099734
0.098656
0.097706
0.096711
0.095756
0.094796
0.093828
0.092918
0.091943
0.091013
0.090082
0.089137
0.088251
0.087347
0.086534
0.085645
0.084768
0.083956
0.083079
0.082217
0.081428
0.080611
0.079785
0.078990
0.078144
0.077389
0.076550
0.075767
0.075037
0.074290
0.073538
0.072784
0.072066
0.071293
0.070557
0.069865
0.069109
0.068472
0.067780
0.067048
0.066320
0.065681
0.064999
0.064315
0.063661
0.063019
0.062389
0.061774
0.061050
0.060478
0.059822
0.059202
0.058613
0.058006
0.057408
0.056688
0.056036
0.055439
0.054842
0.054236
0.053702
0.053112
0.052520
0.051982
0.051429
0.050837
0.050324
0.049763
0.049288
0.048751
0.048231
0.047725
0.047218
0.046707
0.046245
0.045731
0.045271
0.044789
0.044319
0.043823
0.043335
0.042911
0.042493
0.042061
0.041586
0.041177
0.040746
0.040347
0.039949
0.039565
0.039109
0.038704
0.038352
0.037916
0.037562
0.037165
0.036846
0.036472
0.036090
0.035762
0.035446
0.035003
0.034688
0.034388
0.034081
0.033791
0.033516
0.033207
0.032866
0.032571
0.032358
0.031980
0.031665
0.031427
0.031144
0.030850
0.030569
0.030302
0.030054
0.029809
0.029520
0.029305
0.029020
0.028796
0.028549
0.028281
0.028100
0.027818
0.027574
0.027349
0.027147
0.026904
0.026680
0.026421
0.026248
0.026064
0.025846
0.025621
0.025439
0.025205
0.025034
0.024814
0.024609
0.024427
0.024214
0.024078
0.023730
0.023531
0.023347
0.023137
0.022964
0.022790
0.022602
0.022395
0.022228
0.022096
0.021907
0.021737
0.021592
0.021440
0.021267
0.021123
0.020954
0.020761
0.020707
0.020487
0.020350
0.020217
0.020083
0.019954
0.019833
0.019661
0.019533
0.019379
0.019256
0.019138
0.019032
0.018890
0.018787
0.018692
0.018588
0.018413
0.018322
0.018214
0.018098
0.017975
0.017879
0.017795
0.017682
0.017581
0.017451
0.017398
0.017271
0.017180
0.017118
0.017014
0.016952
0.016895
0.016758
0.016754
0.016664
0.016568
0.016521
0.016443
0.016368
0.016305
0.016265
0.016199
0.016084
0.016017
0.015968
0.015929
0.015854
0.015790
0.015713
0.015657
0.015637
0.015520
0.015492
0.015434
0.015372
0.015288
0.015266
0.015187
0.015165
0.015076
0.015016
0.014972
0.014922
0.014873
0.014853
0.014787
0.014689
0.014631
0.014611
0.014570
0.014503
0.014482
0.014287
0.014281
0.014179
0.014142
0.014047
0.014031
0.013977
0.013913
0.013913
0.013840
0.013791
0.013751
0.013716
0.013716
0.013675
0.013610
0.013548
0.013548
0.013451
0.013409
0.013400
0.013332
0.013283
0.013262
0.013205
0.013195
0.013190
0.013171
0.013104
0.013084
0.013061
0.013030
0.013030
0.013009
0.012989
0.012948
0.012945
0.012926
0.012895
0.012895
0.012876
0.012875
0.012834
0.012834
0.012815
0.012815
0.012806
0.012765
0.012786
0.012798
0.012823
0.012797
0.012812
0.012812
0.012820
0.012836
0.012813
0.012813
0.012831
0.012831
0.012848
0.012835
0.012854
0.012885
0.012876
0.012870
0.012885
0.012900
0.012900
0.012915
0.012913
0.012932
0.012935
0.012935
0.012935
0.012934
0.012926
0.012926
0.012913
0.012932
0.012951
0.012932
0.012932
0.012932
0.012950
0.012939
0.012939
0.012939
0.012922
0.012914
0.012914
0.012802
0.012785
0.012742
0.012730
0.012715
0.012715
0.012702
0.012690
0.012690
0.012679
0.012670
0.012654
0.012647
0.012647
0.012640
0.012634
0.012634
0.012634
0.012519
0.012480
0.012463
0.012447
0.012432
0.012432
0.012417
0.012404
0.012392
0.012392
0.012383
0.012383
0.012375
0.012375
0.012375
0.012370
0.012370
0.012370
0.012366
0.012366
0.012366
0.012366
0.012366
0.012365
0.012365
0.012365
0.012365
0.012365
0.012365
0.012365
0.012390
0.012401
0.012427
0.012442
0.012457
0.012457
0.012473
0.012490
0.012507
0.012507
0.012525
0.012525
0.012543
0.012570
0.012582
0.012628
0.012643
0.012659
0.012678
0.012695
0.012712
0.012712
0.012730
0.012768
0.012768
0.012786
0.012786
0.012786
0.012806
0.012806
0.012806
0.012806
0.012845
0.012845
0.012845
0.012845
0.012845
0.012864
0.012864
0.012864
0.012864
0.012864
0.012864
0.012752
0.012734
0.012702
0.012706
0.012692
0.012692
0.012679
0.012667
0.012667
0.012656
0.012647
0.012647
0.012640
0.012640
0.012640
0.012634
0.012634
0.012634
0.012519
0.012498
0.012463
0.012447
0.012432
0.012432
0.012417
0.012404
0.012392
0.012392
0.012383
0.012383
0.012375
0.012375
0.012375
0.012369
0.012370
0.012370
0.012366
0.012366
0.012366
0.012366
0.012366
0.012365
0.012365
0.012365
0.012365
0.012365
0.012365
0.012365
0.012365
0.012390
0.012402
0.012427
0.012442
0.012457
0.012457
