0.398431
0.398431
0.398431
0.398431
0.398431
0.398431
0.398431
0.398431
0.398431
0.398394
0.398358
0.398331
0.398226
0.398119
0.398013
0.397826
0.397712
0.397604
0.397537
0.397433
0.397329
0.397182
0.396901
0.396665
0.396420
0.396218
0.396004
0.395893
0.395986
0.395754
0.395608
0.395397
0.395072
0.394688
0.394389
0.394144
0.394007
0.393782
0.393497
0.393130
0.392930
0.392453
0.392076
0.391789
0.391476
0.391207
0.390920
0.390892
0.390489
0.390166
0.389661
0.389233
0.388899
0.388574
0.388399
0.387936
0.387784
0.387268
0.386902
0.386602
0.385969
0.385649
0.385151
0.384968
0.384513
0.384119
0.383669
0.383220
0.382668
0.382311
0.381819
0.381316
0.380921
0.380441
0.380100
0.379622
0.379154
0.378541
0.377860
0.377420
0.376902
0.376445
0.375882
0.375451
0.374934
0.374323
0.373627
0.373038
0.372422
0.371796
0.371202
0.370617
0.370046
0.369367
0.368708
0.367963
0.367263
0.366557
0.365902
0.365405
0.364753
0.364062
0.363307
0.362729
0.361764
0.360987
0.360148
0.359487
0.358679
0.357894
0.357187
0.356333
0.355416
0.354520
0.353617
0.352613
0.351597
0.350944
0.350006
0.349132
0.348155
0.347205
0.346062
0.344994
0.343957
0.342790
0.341690
0.340663
0.339622
0.338448
0.337438
0.336256
0.335011
0.333825
0.332692
0.331344
0.330237
0.328979
0.327871
0.326714
0.325494
0.324346
0.323294
0.322122
0.321028
0.319945
0.318913
0.317752
0.316806
0.315632
0.314671
0.313740
0.312611
0.311694
0.310656
0.309695
0.308763
0.307846
0.306931
0.305935
0.305052
0.304201
0.303335
0.302352
0.301463
0.300624
0.299837
0.298824
0.298040
0.297215
0.296372
0.295613
0.294714
0.294029
0.293233
0.292478
0.291631
0.290914
0.290100
0.289343
0.288645
0.287908
0.287189
0.286430
0.285751
0.285063
0.284321
0.283468
0.283003
0.282264
0.281519
0.280909
0.280229
0.279761
0.279134
0.278508
0.277734
0.277270
0.276602
0.275860
0.275471
0.274883
0.274196
0.273614
0.273011
0.272557
0.271941
0.271348
0.270784
0.270248
0.269709
0.269040
0.268565
0.268040
0.267487
0.266916
0.266480
0.265930
0.265341
0.264930
0.264327
0.263820
0.263357
0.262927
0.262354
0.261857
0.261364
0.260914
0.260436
0.259991
0.259516
0.258957
0.258600
0.258100
0.257548
0.257154
0.256678
0.256171
0.255748
0.255296
0.254893
0.254588
0.254102
0.253744
0.253169
0.252951
0.252610
0.252106
0.251824
0.251392
0.251017
0.250733
0.250296
0.250044
0.249669
0.249356
0.249064
0.248645
0.248313
0.248063
0.247807
0.247480
0.247165
0.246835
0.246588
0.246398
0.246079
0.245811
0.245496
0.245271
0.245093
0.244787
0.244496
0.244265
0.244031
0.243780
0.243586
0.243291
0.243109
0.242902
0.242687
0.242512
0.242254
0.241963
0.241864
0.241679
0.241587
0.241357
0.241200
0.241087
0.240865
0.240767
0.240569
0.240372
0.240207
0.240097
0.240016
0.239734
0.239612
0.239432
0.239294
0.239220
0.239009
0.238928
0.238739
0.238599
0.238538
0.238362
0.238161
0.238112
0.237975
0.237876
0.237748
0.237627
0.237485
0.237354
0.237226
0.237204
0.237093
0.236898
0.236829
0.236729
0.236668
0.236566
0.236464
0.236306
0.236235
0.236010
0.235889
0.235807
0.292069
0.292002
0.291891
0.291793
0.291702
0.291612
0.291485
0.291402
0.291339
0.291230
0.291138
0.291083
0.291148
0.291229
0.291405
0.291631
0.291808
0.291930
0.292216
0.292625
0.293058
0.293433
0.293853
0.294218
0.294522
0.294870
0.295132
0.295507
0.295836
0.296196
0.296567
0.296937
0.297313
0.297737
0.298062
0.298402
0.298762
0.299124
0.299498
0.299822
0.300283
0.300634
0.301010
0.301330
0.301552
0.301792
0.301824
0.301899
0.301922
0.301980
0.302091
0.302168
0.302341
0.302519
0.302628
0.302738
0.302820
0.302987
0.303074
0.303203
0.303282
0.303401
0.303549
0.303682
0.303829
0.303955
0.304081
0.304217
0.304306
0.304462
0.154598
0.154753
0.154924
0.155104
0.155157
0.155183
0.155212
0.155228
0.155139
0.155054
0.154797
0.154578
0.154362
0.154045
0.153805
0.153481
0.153240
0.153013
0.152729
0.152603
0.152465
0.152361
0.152305
0.152125
0.151941
0.151461
0.150988
0.150144
0.149341
0.148617
0.147982
0.147306
0.146760
0.146341
0.145821
0.145255
0.144631
0.144198
0.143656
0.143146
0.142632
0.142140
0.141760
0.141395
0.141059
0.140718
0.140382
0.140122
0.139883
0.139679
0.139443
0.139369
0.139261
0.139173
0.139112
0.139107
0.139213
0.139196
0.139302
0.139423
0.139504
0.139651
0.139840
0.140042
0.140287
0.140614
0.140735
0.140741
0.140607
0.140346
0.139908
0.139299
0.138577
0.137805
0.136863
0.135922
0.134892
0.133936
0.132873
0.131895
0.130944
0.129794
0.128939
0.127831
0.126839
0.125785
0.124830
0.123803
0.122832
0.121855
0.120840
0.119885
0.118956
0.117959
0.116981
0.116063
0.115024
0.114115
0.113223
0.112289
0.111331
0.110413
0.109587
0.108615
0.107734
0.106836
0.105958
0.105032
0.104210
0.103331
0.102483
0.101605
0.100804
0.099941
0.099112
0.098289
0.097425
0.096579
0.095790
0.094677
0.093870
0.093004
0.092216
0.091297
0.090558
0.089812
0.088963
0.088184
0.087443
0.086677
0.085920
0.085103
0.084416
0.083646
0.082925
0.082127
0.081401
0.080658
0.079917
0.079248
0.078457
0.077715
0.077012
0.076347
0.075618
0.074907
0.074212
0.073480
0.072805
0.072142
0.071402
0.070728
0.070000
0.069325
0.068699
0.067960
0.067286
0.066643
0.065891
0.065358
0.064652
0.063960
0.063319
0.062609
0.062010
0.061338
0.060713
0.060130
0.059450
0.058887
0.058269
0.057604
0.057013
0.056350
0.055753
0.055157
0.054526
0.053794
0.053207
0.052608
0.052072
0.051513
0.051024
0.050405
0.049839
0.049366
0.048873
0.048311
0.047805
0.047335
0.046854
0.046365
0.045832
0.045401
0.044908
0.044456
0.044024
0.043553
0.043152
0.042785
0.042320
0.041941
0.041469
0.041083
0.040667
0.040265
0.039897
0.039441
0.039139
0.038711
0.038049
0.037691
0.037223
0.036832
0.036435
0.036119
0.035731
0.035404
0.035099
0.034727
0.034437
0.034111
0.033791
0.033540
0.033288
0.032957
0.032624
0.032355
0.032095
0.031801
0.031549
0.031310
0.030997
0.030741
0.030486
0.030181
0.029935
0.029675
0.029479
0.029240
0.028989
0.028709
0.028491
0.028276
0.028048
0.027790
0.027595
0.027337
0.027092
0.026911
0.026683
0.026519
0.026312
0.026122
0.025876
0.025710
0.025506
0.025289
0.025161
0.024972
0.024865
0.024691
0.024546
0.024381
0.024224
0.024122
0.023848
0.023684
0.023539
0.023347
0.023221
0.022936
0.022762
0.022582
0.022413
0.022292
0.022148
0.021976
0.021831
0.021700
0.021581
0.021454
0.021320
0.021186
0.021023
0.020888
0.020778
0.020658
0.020538
0.020408
0.020278
0.020140
0.020020
0.019901
0.019817
0.019697
0.019612
0.019510
0.019390
0.019257
0.019141
0.019034
0.018730
0.018596
0.018443
0.018177
0.018056
0.017961
0.017850
0.017728
0.017649
0.017554
0.017444
0.017395
0.017351
0.017256
0.017178
0.017130
0.017045
0.017000
0.016931
0.016860
0.016825
0.016738
0.016659
0.016631
0.016511
0.016509
0.016412
0.016388
0.016269
0.016248
0.016188
0.016147
0.016050
0.016030
0.015965
0.015930
0.015845
0.015793
0.015726
0.015686
0.015608
0.015586
0.015489
0.015466
0.015423
0.015367
0.015402
0.015346
0.015359
0.015322
0.015301
0.015238
0.015254
0.015281
0.015287
0.015142
0.015146
0.015046
0.015044
0.014989
0.014944
0.014968
0.014797
0.014694
0.014716
0.014646
0.014575
0.014567
0.014509
0.014473
0.014463
0.014419
0.014369
0.014343
0.014260
0.014257
0.014235
0.014211
0.014193
0.014171
0.014127
0.014127
0.014070
0.014007
0.014027
0.013981
0.013929
0.013908
0.013908
0.013845
0.013823
0.013580
0.013504
0.013437
0.013361
0.013194
0.013123
0.013062
0.013003
0.012959
0.012962
0.012909
0.012913
0.012834
0.012844
0.012863
0.012856
0.012850
0.012824
0.012810
0.012840
0.012817
0.012817
0.012809
0.012787
0.012787
0.012787
0.012785
0.012785
0.012758
0.012736
0.012706
0.012725
0.012722
0.012725
0.012680
0.012641
0.012641
0.012649
0.012649
0.012627
0.012628
0.012584
0.012562
0.012562
0.012562
0.012616
0.012608
0.012681
0.012711
0.012743
0.012743
0.012777
0.012820
0.012831
0.012893
0.012818
0.012816
0.012819
0.012820
0.012804
0.012860
0.012846
0.012737
0.012747
0.012732
0.012706
0.012679
0.012672
0.012697
0.012685
0.012687
0.012687
0.012677
0.012674
0.012666
0.012668
0.012668
0.012662
0.012701
0.012688
0.012685
0.012685
0.012685
0.012685
0.012704
0.012703
0.012703
0.012704
0.012704
0.012704
0.012704
0.012474
0.012438
0.012371
0.012340
0.012195
0.012177
0.012116
0.012101
0.012074
0.012101
0.012083
0.012086
0.012070
0.012075
0.012110
0.012109
0.012146
0.012179
0.012188
0.012200
0.012217
0.012234
0.012253
0.012265
0.012283
0.012283
0.012321
0.012321
0.012320
0.012339
0.012339
0.012359
0.012361
0.012380
0.012380
0.012380
0.012380
0.012380
0.012401
0.012401
0.012421
0.012421
0.012421
0.012421
0.012421
0.012475
0.012498
0.012571
0.012601
0.012633
0.012633
0.012666
0.012701
0.012727
0.012774
0.012723
0.012720
0.012740
0.012724
0.012725
0.012781
0.012785
0.012657
0.012685
0.012652
0.012645
0.012630
0.012622
0.012667
0.012654
0.012637
0.012656
0.012647
0.012643
0.012636
0.012636
0.012655
0.012649
0.012688
0.012688
0.012685
0.012685
0.012685
0.012685
0.012685
0.012703
0.012703
0.012704
0.012704
0.012704
0.012704
0.012474
0.012438
0.012371
0.012340
0.012310
0.012195
0.012149
0.012090
0.012078
0.012074
0.012082
0.012083
0.012070
0.012070
0.012102
0.012109
0.012136
0.012161
0.012188
0.012188
0.012217
0.012234
0.012234
0.012269
0.012283
