0.695860
0.695860
0.695860
0.695860
0.695860
0.695860
0.695860
0.695860
0.695860
0.695860
0.695860
0.695860
0.695860
0.695860
0.695860
0.695860
0.695860
0.695860
0.695860
0.695860
0.695860
0.695860
0.695878
0.695875
0.695780
0.695809
0.695495
0.694923
0.694131
0.693121
0.691876
0.690377
0.688725
0.686734
0.684690
0.682530
0.680470
0.678474
0.676337
0.673957
0.671725
0.669063
0.666537
0.664003
0.661486
0.659274
0.656784
0.654158
0.651475
0.648522
0.645354
0.642003
0.638854
0.635554
0.632064
0.628524
0.625025
0.621581
0.617998
0.614417
0.610825
0.607599
0.604414
0.601598
0.599240
0.597365
0.596018
0.595252
0.594476
0.593783
0.593119
0.592114
0.590776
0.589007
0.587006
0.584943
0.582923
0.580880
0.578487
0.575736
0.572735
0.569153
0.565731
0.562265
0.558788
0.555550
0.552232
0.549070
0.545942
0.542665
0.539373
0.535992
0.532778
0.529407
0.526545
0.523914
0.521739
0.519998
0.518600
0.517686
0.516712
0.515495
0.513811
0.512095
0.510128
0.508148
0.506415
0.504851
0.503264
0.501560
0.499457
0.497014
0.494088
0.490852
0.487694
0.484388
0.481274
0.478369
0.475440
0.472680
0.469838
0.466819
0.463881
0.460758
0.457843
0.454740
0.451664
0.448602
0.445660
0.442574
0.439711
0.436909
0.434420
0.431957
0.430071
0.427844
0.425661
0.422944
0.420152
0.417021
0.413864
0.410945
0.407949
0.405241
0.402522
0.399956
0.397288
0.394490
0.391887
0.388909
0.386226
0.383384
0.380699
0.377954
0.375273
0.372677
0.370065
0.367704
0.365453
0.363669
0.362129
0.360389
0.358448
0.356112
0.353641
0.351028
0.348230
0.345559
0.342910
0.340452
0.338103
0.335871
0.333554
0.331125
0.328739
0.326389
0.323944
0.321481
0.319034
0.316654
0.314312
0.311941
0.309562
0.307299
0.304798
0.302461
0.300167
0.297905
0.295485
0.293146
0.290829
0.288532
0.286046
0.283919
0.281445
0.279286
0.277025
0.274696
0.272444
0.270199
0.267817
0.265638
0.263319
0.261202
0.258823
0.256548
0.254487
0.252164
0.250125
0.247658
0.245471
0.243465
0.241229
0.239203
0.237086
0.234967
0.232866
0.230674
0.228509
0.226611
0.224461
0.222490
0.220367
0.218359
0.216392
0.214403
0.212429
0.210410
0.208544
0.206593
0.204709
0.202789
0.200885
0.198915
0.197065
0.195138
0.193356
0.191588
0.189831
0.187877
0.186070
0.184372
0.182565
0.180902
0.179157
0.177524
0.175728
0.174036
0.172314
0.170717
0.169155
0.167530
0.165853
0.164308
0.162723
0.161224
0.159678
0.158178
0.156612
0.155068
0.153601
0.152113
0.150657
0.149222
0.147810
0.146331
0.144990
0.143534
0.142251
0.140780
0.139489
0.138087
0.136779
0.135376
0.134158
0.132771
0.131433
0.130257
0.128855
0.127723
0.126396
0.125249
0.123956
0.122768
0.121653
0.120430
0.119208
0.118110
0.117028
0.115781
0.114586
0.113475
0.112421
0.111269
0.110181
0.109118
0.108065
0.106964
0.105930
0.104840
0.103858
0.102711
0.101903
0.100731
0.099808
0.098785
0.097891
0.096913
0.095838
0.094828
0.094037
0.092973
0.092142
0.091217
0.090296
0.089332
0.088395
0.087561
0.086672
0.085780
0.084879
0.084079
0.083207
0.082367
0.081512
0.080677
0.079876
0.079058
0.078182
0.077263
0.076537
0.075653
0.074925
0.074212
0.073299
0.072573
0.071839
0.071018
0.070355
0.069583
0.068896
0.068091
0.067394
0.066780
0.065983
0.065217
0.064624
0.063874
0.063120
0.062509
0.061826
0.061185
0.060522
0.059843
0.059210
0.058576
0.058016
0.057370
0.056746
0.056126
0.055529
0.054816
0.054279
0.053701
0.053109
0.052628
0.051894
0.051349
0.050780
0.050305
0.049798
0.049133
0.048569
0.048066
0.047534
0.047042
0.046511
0.045980
0.045516
0.044919
0.044540
0.043950
0.043433
0.042940
0.042516
0.042043
0.041644
0.041133
0.040718
0.040119
0.039697
0.039342
0.038788
0.038473
0.037995
0.037555
0.037074
0.036659
0.036260
0.035793
0.035364
0.035009
0.034590
0.034185
0.033736
0.033449
0.033032
0.032766
0.032336
0.032005
0.031644
0.031344
0.031014
0.030611
0.030267
0.029960
0.029761
0.029297
0.028994
0.028673
0.028413
0.028055
0.027795
0.027448
0.027140
0.026890
0.026628
0.026363
0.026088
0.025791
0.025530
0.025253
0.025041
0.024736
0.024529
0.024236
0.023932
0.023765
0.023593
0.023282
0.023060
0.022792
0.022570
0.022360
0.022170
0.021919
0.021698
0.021498
0.021268
0.021114
0.020917
0.020614
0.020475
0.020224
0.020039
0.019852
0.019698
0.019500
0.019352
0.019165
0.018987
0.018788
0.018620
0.018435
0.018236
0.018103
0.017962
0.017846
0.017645
0.017482
0.017353
0.017166
0.016987
0.016911
0.016759
0.016531
0.016403
0.016325
0.016235
0.016086
0.015918
0.015779
0.015605
0.015535
0.015444
0.015329
0.015228
0.015067
0.014991
0.014901
0.014823
0.014674
0.014560
0.014446
0.014356
0.014318
0.014207
0.014157
0.014040
0.013979
0.013838
0.013729
0.013651
0.013601
0.013523
0.013485
0.013334
0.013252
0.013136
0.013085
0.013047
0.013007
0.012925
0.012847
0.012809
0.012708
0.012655
0.012617
0.012539
0.012456
0.012416
0.012378
0.012340
0.012250
0.012189
0.012189
0.012078
0.012027
0.011949
0.011949
0.011911
0.011821
0.011783
0.011751
0.011673
0.011611
0.011599
0.011521
0.011483
0.011483
0.011445
0.011392
0.011322
0.011284
0.011244
0.011206
0.011155
0.011155
0.011077
0.011055
0.011017
0.011004
0.010926
0.010926
0.010888
0.010888
0.010810
0.010760
0.010760
0.010722
0.010682
0.010644
0.010644
0.010632
0.010553
0.010553
0.010515
0.010515
0.010477
0.010437
0.010387
0.010387
0.010387
0.010349
0.010309
0.010271
0.010271
0.010271
0.010221
0.010221
0.010143
0.010143
0.010143
0.010105
0.010105
0.010065
0.010014
0.010014
0.010014
0.009976
0.009976
0.009976
0.009898
0.009898
0.009898
0.009861
0.009848
0.009848
0.009810
0.009768
0.009768
0.009768
0.009730
0.009730
0.009730
0.009692
0.009692
0.009680
0.009680
0.009642
0.009642
0.009642
0.009642
0.009604
0.009604
0.009604
0.009604
0.009566
0.009566
0.009553
0.009553
0.009553
0.009515
0.009515
0.009515
0.009515
0.009515
0.009477
0.009477
0.009477
0.009477
0.009477
0.009439
0.009439
0.009439
0.009427
0.009427
0.009389
0.009389
0.009389
0.009389
0.009389
0.009389
0.009351
0.009351
0.009351
0.009351
0.009351
0.009351
0.009313
0.009313
0.009313
0.009313
0.009313
0.009301
0.009301
0.009262
0.009262
0.009262
0.009262
0.009262
0.009262
0.009262
0.009262
0.009224
0.009224
0.009224
0.009224
0.009224
0.009224
0.009224
0.009224
0.009224
0.009224
0.009224
0.009224
0.009224
0.009224
0.009224
0.009224
0.009224
0.009224
0.009224
0.009224
0.009224
0.009224
0.009224
0.009224
0.009224
0.009224
0.009224
0.009224
0.009224
0.009224
0.009224
0.009224
0.009224
0.009224
0.009224
0.009224
