3.019273
3.009744
3.000216
2.990687
2.981159
2.971630
2.962102
2.952573
2.943044
2.933516
2.923987
2.914459
2.904930
2.895402
2.885873
2.876345
2.866816
2.857288
2.847759
2.838230
2.828702
2.819173
2.809645
2.800116
2.790588
2.781059
2.771531
2.762002
2.752474
2.742945
2.733416
2.723888
2.714359
2.704831
2.695302
2.685774
2.676245
2.666717
2.657188
2.647660
2.638131
2.628602
2.619074
2.609545
2.600017
2.590488
2.580960
2.571431
2.561903
2.552374
2.542847
2.533324
2.523806
2.514293
2.504784
2.495279
2.485779
2.476283
2.466790
2.457302
2.447817
2.438336
2.428859
2.419385
2.409914
2.400447
2.390983
2.381522
2.372063
2.362608
2.353156
2.343706
2.334259
2.324815
2.315373
2.305934
2.296497
2.287063
2.277631
2.268201
2.258773
2.249349
2.239936
2.230534
2.221143
2.211764
2.202394
2.193036
2.183686
2.174348
2.165024
2.155714
2.146422
2.137148
2.127890
2.118651
2.109427
2.100219
2.091027
2.081849
2.072687
2.063544
2.054418
2.045311
2.036222
2.027149
2.018094
2.009055
2.000039
1.991042
1.982064
1.973106
1.964165
1.955243
1.946338
1.937449
1.928578
1.919722
1.910881
1.902056
1.893245
1.884449
1.875667
1.866897
1.858142
1.849398
1.840668
1.831949
1.823242
1.814547
1.805862
1.797188
1.788525
1.779873
1.771236
1.762613
1.754004
1.745409
1.736826
1.728257
1.719700
1.711155
1.702622
1.694101
1.685590
1.677091
1.668602
1.660123
1.651654
1.643195
1.634746
1.626305
1.617874
1.609451
1.601040
1.592643
1.584258
1.575888
1.567536
1.559199
1.550878
1.542573
1.534281
1.526006
1.517744
1.509500
1.501275
1.493066
1.484875
1.476701
1.468542
1.460400
1.452273
1.444161
1.436063
1.427979
1.419909
1.411856
1.403817
1.395791
1.387777
1.379774
1.371783
1.363803
1.355834
1.347875
1.339927
1.331989
1.324064
1.316153
1.308256
1.300372
1.292503
1.284650
1.276814
1.268996
1.261192
1.253405
1.245633
1.237876
1.230133
1.222404
1.214689
1.206987
1.199298
1.191622
1.183957
1.176305
1.168670
1.161049
1.153441
1.145847
1.138268
1.130703
1.123152
1.115615
1.108095
1.100588
1.093097
1.085624
1.078166
1.070728
1.063311
1.055920
1.048551
1.041205
1.033883
1.026583
1.019310
1.012062
1.004838
0.997640
0.990466
0.983320
0.976206
0.969116
0.962053
0.955014
0.947998
0.941007
0.934038
0.927090
0.920164
0.913258
0.906373
0.899507
0.892659
0.885832
0.879021
0.872228
0.865452
0.858692
0.851950
0.845223
0.838514
0.831826
0.825159
0.818516
0.811895
0.805295
0.798720
0.792168
0.785637
0.779125
0.772632
0.766164
0.759718
0.753296
0.746902
0.740532
0.734188
0.727868
0.721570
0.715296
0.709044
0.702814
0.696607
0.690424
0.684270
0.678149
0.672064
0.666022
0.660014
0.654042
0.648107
0.642207
0.636347
0.630520
0.624730
0.618979
0.613263
0.607588
0.601949
0.596344
0.590781
0.585256
0.579773
0.574330
0.568922
0.563555
0.558222
0.552925
0.547667
0.542444
0.537261
0.532113
0.527002
0.521932
0.516898
0.511904
0.506951
0.502035
0.497160
0.492321
0.487518
0.482755
0.478026
0.473330
0.468667
0.464037
0.459441
0.454873
0.450334
0.445824
0.441339
0.436882
0.432450
0.428042
0.423660
0.419301
0.414964
0.410650
0.406357
0.402087
0.397835
0.393604
0.389393
0.385203
0.381036
0.376892
0.372769
0.368668
0.364587
0.360526
0.356485
0.352462
0.348464
0.344484
0.340525
0.336588
0.332667
0.328768
0.324887
0.321026
0.317185
0.313365
0.309564
0.305780
0.302013
0.298268
0.294538
0.290823
0.287124
0.283438
0.279767
0.276112
0.272474
0.268855
0.265253
0.261667
0.258097
0.254543
0.251004
0.247481
0.243971
0.240476
0.236994
0.233527
0.230076
0.226643
0.223231
0.219842
0.216478
0.213144
0.209832
0.206545
0.203280
0.200036
0.196816
0.193618
0.190451
0.187321
0.184225
0.181163
0.178135
0.175137
0.172170
0.169230
0.166321
0.163444
0.160595
0.157780
0.154997
0.152256
0.149552
0.146889
0.144278
0.141704
0.139166
0.136666
0.134200
0.131770
0.129377
0.127013
0.124683
0.122386
0.120119
0.117881
0.115670
0.113490
0.111345
0.109232
0.107153
0.105100
0.103074
0.101077
0.099103
0.097157
0.095235
0.093340
0.091470
0.089621
0.087795
0.085999
0.084228
0.082485
0.080773
0.079090
0.077435
0.075805
0.074201
0.072622
0.071066
0.069535
0.068026
0.066540
0.065079
0.063643
0.062234
0.060852
0.059499
0.058181
0.056891
0.055634
0.054407
0.053207
0.052037
0.050894
0.049777
0.048687
0.047621
0.046581
0.045564
0.044569
0.043599
0.042652
0.041730
0.040827
0.039944
0.039082
0.038237
0.037411
0.036604
0.035813
0.035040
0.034283
0.033541
0.032818
0.032113
0.031422
0.030745
0.030082
0.029433
0.028801
0.028185
0.027587
0.027005
0.026439
0.025889
0.025354
0.024834
0.024328
0.023842
0.023368
0.022907
0.022460
0.022024
0.021601
0.021189
0.020789
0.020400
0.020021
0.019653
0.019295
0.018947
0.018614
0.018290
0.017977
0.017678
0.017389
0.017108
0.016835
0.016570
0.016312
0.016061
0.015817
0.015587
0.015369
0.015159
0.014955
0.014756
0.014563
0.014376
0.014193
0.014015
0.013846
0.013683
0.013525
0.013374
0.013231
0.013095
0.012962
0.012838
0.012718
0.012601
0.012487
0.012376
0.012269
0.012164
0.012063
0.011964
0.011868
0.011774
0.011683
0.011595
0.011509
0.011429
0.011352
0.011278
0.011205
0.011135
0.011067
0.011000
0.010935
0.010873
0.010811
0.010752
0.010694
0.010638
0.010587
0.010539
0.010492
0.010449
0.010410
0.010371
0.010334
0.010298
0.010262
0.010228
0.010194
0.010162
0.010130
0.010100
0.010075
0.010051
0.010028
0.010010
0.009996
0.009984
0.009972
0.009961
0.009950
0.009939
0.009928
0.009918
0.009908
0.009898
0.009889
0.009880
0.009871
0.009862
0.009854
0.009846
0.009838
0.009830
0.009822
0.009815
0.009808
0.009801
0.009794
0.009788
0.009781
0.009775
0.009769
0.009763
0.009757
0.009752
0.009747
0.009741
0.009736
0.009736
0.009736
0.009736
0.009736
0.009736
0.009736
0.009736
0.009736
0.009736
0.009736
0.009736
0.009736
0.009736
0.009736
0.009736
0.009736
0.009736
0.009736
0.009736
0.009736
0.009736
0.009736
0.009736
0.009736
0.009736
0.009736
0.009736
0.009736
0.009736
0.009736
0.009736
0.009736
0.009736
0.009736
0.009736
0.009736
0.009736
0.009736
0.009736
0.009736
0.009736
0.009736
0.009736
0.009736
0.009736
0.009736
0.009736
0.009736
0.009736
0.009736
0.009736
0.009736
0.009736
0.009736
0.009736
0.009736
0.009736
0.009736
0.009736
0.009736
0.009736
0.009736
0.009736
0.009736
0.009736
0.009736
0.009736
0.009736
0.009736
0.009736
0.009736
0.009736
0.009736
0.009736
0.009736
0.009736
0.009736
0.009736
0.009736
0.009736
0.009736
0.009736
0.009736
0.009736
0.009736
0.009736
0.009736
0.009736
0.009736
0.009736
0.009736
0.009736
0.009736
0.009736
0.009736
0.009736
0.009736
0.009736
0.009736
0.009736
0.009736
0.009736
0.009736
0.009736
0.009736
0.009736
0.009736
0.009736
0.009736
0.009736
0.009736
0.009736
0.009736
0.009736
0.009736
0.009736
0.009736
0.009736
0.009736
0.009736
0.009736
0.009736
0.009736
0.009736
0.009736
0.009736
0.009736
0.009736
0.009736
0.009736
0.009736
0.009736
0.009736
0.009736
0.009736
0.009736
0.009736
0.009736
0.009736
0.009736
0.009736
0.009736
0.009736
0.009736
0.009736
0.009736
0.009736
0.009736
0.009736
0.009736
0.009736
0.009736
0.009736
0.009736
0.009736
0.009736
0.009736
0.009736
0.009736
0.009736
0.009736
0.009736
0.009736
0.009736
0.009736
0.009736
0.009736
0.009736
0.009736
0.009736
0.009736
0.009736
0.009736
0.009736
0.009736
0.009736
0.009736
0.009736
0.009736
0.009736
0.009736
0.009736
0.009736
0.009736
0.009736
0.009736
0.009736
0.009736
0.009736
0.009736
0.009736
0.009736
0.009736
0.009736
0.009736
0.009736
0.009736
0.009736
0.009736
0.009736
0.009736
0.009736
0.009736
0.009736
0.009736
0.009736
0.009736
0.009736
0.009736
0.009736
0.009736
0.009736
0.009736
0.009736
0.009736
0.009736
0.009736
0.009736
0.009736
0.009736
0.009736
0.009736
0.009736
0.009736
0.009736
0.009736
0.009736
0.009736
0.009736
0.009736
0.009736
0.009736
0.009736
0.009736
0.009736
0.009736
0.009736
0.009736
0.009736
0.009736
0.009736
0.009736
0.009736
0.009736
0.009736
0.009736
0.009736
0.009736
0.009736
0.009736
0.009736
0.009736
0.009736
0.009736
0.009736
0.009736
0.009736
0.009736
0.009736
0.009736
0.009736
0.009736
0.009736
0.009736
0.009736
0.009736
0.009736
0.009736
0.009736
0.009736
0.009736
0.009736
0.009736
0.009736
0.009736
0.009736
0.009736
0.009736
0.009736
0.009736
0.009736
0.009736
0.009736
0.009736
0.009736
0.009736
0.009736
0.009736
0.009736
0.009736
0.009736
0.009736
0.009736
0.009736
0.009736
0.009736
0.009736
0.009736
0.009736
0.009736
0.009736
0.009736
0.009736
0.009736
0.009736
0.009736
0.009736
0.009736
0.009736
0.009736
0.009736
0.009736
0.009736
0.009736
0.009736
0.009736
0.009736
0.009736
0.009736
0.009736
0.009736
0.009736
0.009736
0.009736
0.009736
0.009736
0.009736
0.009736
0.009736
0.009736
0.009736
0.009736
0.009736
0.009736
0.009736
0.009736
0.009736
0.009736
0.009736
0.009736
0.009736
0.009736
0.009736
0.009736
0.009736
0.009736
0.009736
0.009736
0.009736
0.009736
0.009736
0.009736
0.009736
0.009736
0.009736
0.009736
0.009736
0.009736
0.009736
0.009736
0.009736
0.009736
0.009736
0.009736
0.009736
0.009736
0.009736
0.009736
0.009736
0.009736
0.009736
0.009736
0.009736
0.009736
0.009736
0.009736
0.009736
0.009736
0.009736
0.009736
0.009736
0.009736
0.009736
0.009736
0.009736
0.009736
0.009736
0.009736
0.009736
0.009736
0.009736
0.009736
0.009736
0.009736
0.009736
0.009736
0.009736
0.009736
0.009736
0.009736
0.009736
0.009736
0.009736
0.009736
0.009736
0.009736
0.009736
0.009736
0.009736
0.009736
0.009736
0.009736
0.009736
0.009736
0.009736
0.009736
0.009736
0.009736
0.009736
0.009736
0.009736
0.009736
0.009736
0.009736
0.009736
0.009736
0.009736
0.009736
0.009736
0.009736
0.009736
0.009736
0.009736
0.009736
0.009736
0.009736
0.009736
0.009736
0.009736
0.009736
0.009736
0.009736
0.009736
0.009736
0.009736
0.009736
0.009736
0.009736
0.009736
0.009736
0.009736
0.009736
0.009736
0.009736
0.009736
0.009736
0.009736
0.009736
0.009736
0.009736
0.009736
0.009736
0.009736
0.009736
0.009736
0.009736
0.009736
0.009736
0.009736
0.009736
0.009736
0.009736
0.009736
0.009736
0.009736
0.009736
0.009736
0.009736
0.009736
0.009736
0.009736
0.009736
0.009736
0.009736
0.009736
0.009736
0.009736
0.009736
0.009736
0.009736
0.009736
0.009736
0.009736
0.009736
0.009736
0.009736
0.009736
0.009736
0.009736
0.009736
0.009736
0.009736
0.009736
0.009736
0.009736
0.009736
0.009736
0.009736
0.009736
0.009736
0.009736
0.009736
0.009736
0.009736
0.009736
0.009736
0.009736
0.009736
0.009736
0.009736
0.009736
0.009736
0.009736
0.009736
0.009736
0.009736
0.009736
0.009736
0.009736
0.009736
0.009736
0.009736
0.009736
0.009736
0.009736
0.009736
0.009736
0.009736
0.009736
0.009736
0.009736
0.009736
0.009736
0.009736
0.009736
0.009736
0.009736
0.009736
0.009736
0.009736
0.009736
0.009736
0.009736
0.009736
0.009736
0.009736
0.009736
0.009736
0.009736
0.009736
0.009736
0.009736
0.009736
0.009736
0.009736
0.009736
0.009736
0.009736
0.009736
0.009736
0.009736
0.009736
0.009736
0.009736
0.009736
0.009736
0.009736
0.009736
0.009736
0.009736
0.009736
0.009736
0.009736
0.009736
0.009736
0.009736
0.009736
0.009736
0.009736
0.009736
6.379939
6.367469
6.355013
6.342572
6.330144
6.317729
6.305327
6.292937
6.280558
6.268191
6.255835
6.243489
6.231153
6.218827
6.206510
6.194202
6.181903
6.169612
6.157329
6.145054
6.132786
6.120525
6.108272
6.096025
6.083784
6.071550
6.059321
6.047098
6.034881
6.022669
6.010462
5.998260
5.986063
5.973871
5.961682
5.949498
5.937319
5.925143
5.912971
5.900802
5.888637
5.876475
5.864317
5.852162
5.840010
5.827860
5.815714
5.803570
5.791429
5.779290
5.767154
5.755020
5.742889
5.730759
5.718632
5.706510
5.694393
5.682278
5.670164
5.658055
5.645956
5.633867
5.621787
5.609716
5.597653
5.585599
5.573553
5.561515
5.549484
5.537460
5.525444
5.513433
5.501430
5.489432
5.477440
5.465455
5.453474
5.441499
5.429529
5.417564
5.405603
5.393648
5.381696
5.369749
5.357806
5.345867
5.333932
5.322002
5.310087
5.298175
5.286265
5.274359
5.262455
5.250553
5.238654
5.226757
5.214863
5.202970
5.191080
5.179191
5.167305
5.155420
5.143537
5.131656
5.119777
5.107899
5.096022
5.084148
5.072274
5.060402
5.048531
5.036662
5.024793
5.012926
5.001060
4.989195
4.977332
4.965469
4.953607
4.941746
4.929886
4.918027
4.906168
4.894311
4.882454
4.870598
4.858743
4.846888
4.835034
4.823181
4.811329
4.799477
4.787625
4.775774
4.763924
4.752074
4.740225
4.728376
4.716527
4.704679
4.692832
4.680985
4.669138
4.657292
4.645446
4.633600
4.621755
4.609910
4.598065
4.586221
4.574377
4.562533
4.550690
4.538846
4.527010
4.515174
4.503337
4.491501
4.479665
4.467828
4.455992
4.444156
4.432319
4.420483
4.408646
4.396810
4.384974
4.373137
4.361301
4.349465
4.337628
4.325792
4.313956
4.302119
4.290283
4.278446
4.266610
4.254774
4.242937
4.231101
4.219265
4.207428
4.195592
4.183756
4.171919
4.160083
4.148246
4.136410
4.124574
4.112737
4.100901
4.089065
4.077228
4.065392
4.053556
4.041719
4.029883
4.018046
4.006210
3.994374
3.982537
3.970701
3.958865
3.947028
3.935192
3.923356
3.911519
3.899683
3.887846
3.876010
3.864174
3.852337
3.840501
3.828665
3.816828
3.804992
3.793156
3.781322
3.769496
3.757683
3.745885
3.734104
3.722338
3.710587
3.698850
3.687128
3.675421
3.663735
3.652069
3.640424
3.628797
3.617190
3.605600
3.594027
3.582470
3.570929
3.559403
3.547895
3.536410
3.524946
3.513504
3.502081
3.490679
3.479296
3.467936
3.456602
3.445292
3.434007
3.422746
3.411507
3.400289
3.389092
3.377915
3.366758
3.355619
3.344498
3.333394
3.322307
3.311236
3.300180
3.289139
3.278113
3.267100
3.256100
3.245114
3.234139
3.223177
3.212225
3.201285
3.190356
3.179436
3.168526
3.157626
3.146735
3.135853
3.124979
3.114113
3.103256
3.092405
3.081562
3.070726
3.059897
3.049074
3.038258
3.027447
3.016643
3.005844
2.995050
2.984262
2.973478
2.962700
2.951926
2.941156
2.930391
2.919630
2.908872
2.898119
2.887370
2.876624
2.865881
2.855142
2.844406
2.833673
2.822943
2.812215
2.801491
2.790769
2.780050
2.769333
2.758619
2.747906
2.737196
2.726495
2.715796
2.705105
2.694415
2.683727
2.673040
2.662354
2.651669
2.640987
2.630312
2.619637
2.608963
2.598290
2.587617
2.576946
2.566275
2.555604
2.544935
2.534265
2.523598
2.512937
2.502276
2.491615
2.480955
2.470295
2.459635
2.448977
2.438324
2.427671
2.417018
2.406366
2.395713
2.385060
2.374408
2.363755
2.353102
2.342449
2.331797
2.321144
2.310491
2.299838
2.289186
2.278533
2.267880
2.257228
2.246575
2.235922
2.225269
2.214617
2.203964
2.193311
2.182658
2.172006
2.161353
2.150700
2.140048
2.129395
2.118742
2.108089
2.097437
2.086784
2.076131
2.065478
2.054826
2.044173
2.033520
2.022868
2.012215
2.001562
1.990909
1.980257
1.969604
1.958951
1.948298
1.937646
1.926993
1.916347
1.905717
1.895105
1.884508
1.873926
1.863361
1.852817
1.842296
1.831796
1.821318
1.810868
1.800445
1.790048
1.779683
1.769350
1.759050
1.748779
1.738538
1.728326
1.718141
1.707986
1.697866
1.687791
1.677763
1.667782
1.657849
1.647967
1.638140
1.628369
1.618656
1.609005
1.599413
1.589878
1.580397
1.570969
1.561591
1.552263
1.542984
1.533761
1.524603
1.515510
1.506483
1.497518
1.488613
1.479766
1.470975
1.462236
1.453549
1.444912
1.436323
1.427780
1.419284
1.410838
1.402442
1.394094
1.385792
1.377535
1.369319
1.361144
1.353009
1.344912
1.336853
1.328828
1.320837
1.312878
1.304951
1.297055
1.289189
1.281350
1.273538
1.265752
1.257992
1.250256
1.242543
1.234853
1.227184
1.219536
1.211909
1.204301
1.196711
1.189140
1.181592
1.174068
1.166570
1.159095
1.151642
1.144210
1.136800
1.129409
1.122038
1.114686
1.107352
1.100035
1.092734
1.085449
1.078193
1.070952
1.063725
1.056510
1.049309
1.042126
1.034956
1.027802
1.020667
1.013559
1.006479
0.999423
0.992397
0.985396
0.978418
0.971462
0.964526
0.957610
0.950714
0.943838
0.936984
0.930155
0.923348
0.916557
0.909780
0.903022
0.896282
0.889566
0.882871
0.876204
0.869563
0.862949
0.856360
0.849795
0.843255
0.836741
0.830258
0.823809
0.817399
0.811020
0.804666
0.798338
0.792033
0.785752
0.779492
0.773257
0.767051
0.760873
0.754722
0.748598
0.742504
0.736456
0.730448
0.724479
0.718547
0.712650
0.706787
0.700956
0.695157
0.689390
0.683651
0.677941
0.672257
0.666600
0.660968
0.655361
0.649785
0.644240
0.638724
0.633236
0.627777
0.622345
0.616938
0.611556
0.606198
0.600862
0.595552
0.590272
0.585021
0.579800
0.574615
0.569473
0.564372
0.559312
0.554290
0.549304
0.544353
0.539436
0.534553
0.529704
0.524894
0.520121
0.515385
0.510683
0.506016
0.501381
0.496777
0.492203
0.487658
0.483140
0.478650
0.474190
0.469757
0.465348
0.460967
0.456609
0.452273
0.447956
0.443659
0.439381
0.435120
0.430877
0.426651
0.422442
0.418247
0.414068
0.409903
0.405751
0.401614
0.397489
0.393377
0.389281
0.385199
0.381127
0.377070
0.373025
0.368990
0.364964
0.360947
0.356938
0.352953
0.348992
0.345055
0.341141
0.337248
0.333377
0.329527
0.325697
0.321896
0.318132
0.314406
0.310713
0.307052
0.303421
0.299821
0.296259
0.292724
0.289216
0.285735
0.282285
0.278867
0.275479
0.272119
0.268788
0.265483
0.262205
0.258951
0.255720
0.252513
0.249328
0.246169
0.243033
0.239916
0.236818
0.233738
0.230676
0.227631
0.224602
0.221589
0.218590
0.215613
0.212665
0.209738
0.206832
0.203950
0.201092
0.198257
0.195446
0.192661
0.189900
0.187162
0.184446
0.181751
0.179079
0.176432
0.173805
0.171195
0.168607
0.166049
0.163531
0.161054
0.158615
0.156214
0.153848
0.151518
0.149221
0.146957
0.144724
0.142520
0.140345
0.138198
0.136079
0.133984
0.131915
0.129869
0.127846
0.125846
0.123867
0.121909
0.119970
0.118050
0.116150
0.114274
0.112425
0.110599
0.108797
0.107018
0.105261
0.103525
0.101809
0.100113
0.098436
0.096777
0.095135
0.093515
0.091920
0.090340
0.088774
0.087223
0.085691
0.084181
0.082692
0.081226
0.079789
0.078370
0.076968
0.075584
0.074215
0.072862
0.071524
0.070200
0.068890
0.067594
0.066317
0.065052
0.063799
0.062557
0.061326
0.060106
0.058895
0.057694
0.056503
0.055320
0.054147
0.052981
0.051824
0.050674
0.049532
0.048397
0.047269
0.046148
0.045033
0.043924
0.042824
0.041740
0.040674
0.039621
0.038581
0.037558
0.036560
0.035591
0.034652
0.033742
0.032857
0.031996
0.031157
0.030341
0.029546
0.028772
0.028018
0.027285
0.026581
0.025908
0.025272
0.024660
0.024071
0.023503
0.022956
0.022429
0.021922
0.021433
0.020962
0.020509
0.020072
0.019651
0.019246
0.018856
0.018480
0.018118
0.017769
0.017434
0.017110
0.016799
0.016499
0.016210
0.015931
0.015666
0.015415
0.015172
0.014939
0.014714
0.014497
0.014288
0.014087
0.013894
0.013707
0.013528
0.013354
0.013188
0.013027
0.012873
0.012724
0.012581
0.012446
0.012319
0.012197
0.012080
0.011967
0.011858
0.011753
0.011652
0.011555
0.011461
0.011371
0.011284
0.011200
0.011119
0.011042
0.010967
0.010895
0.010825
0.010759
0.010694
0.010632
0.010572
0.010515
0.010459
0.010406
0.010355
0.010305
0.010258
0.010212
0.010167
0.010125
0.010084
0.010044
0.010006
0.009969
0.009940
0.009912
0.009886
0.009860
0.009838
0.009823
0.009813
0.009803
0.009794
0.009785
0.009776
0.009768
0.009760
0.009752
0.009745
0.009738
0.009731
0.009730
0.009730
0.009730
0.009730
0.009730
0.009730
0.009730
0.009730
0.009730
0.009730
0.009730
0.009730
0.009730
0.009730
0.009730
0.009730
0.009730
0.009730
0.009730
0.009730
0.009730
0.009730
0.009730
0.009730
0.009730
0.009730
0.009730
0.009730
0.009730
0.009730
0.009730
0.009730
0.009730
0.009730
0.009730
0.009730
0.009730
0.009730
0.009730
0.009730
0.009730
0.009730
0.009730
0.009730
0.009730
0.009730
0.009730
0.009730
0.009730
0.009730
0.009730
0.009730
0.009730
0.009730
0.009730
0.009730
0.009730
0.009730
0.009730
0.009730
0.009730
0.009730
0.009730
0.009730
0.009730
0.009730
0.009730
0.009730
0.009730
0.009730
0.009730
0.009730
0.009730
0.009730
0.009730
0.009730
0.009730
0.009730
0.009730
0.009730
0.009730
0.009730
0.009730
0.009730
0.009730
0.009730
0.009730
0.009730
0.009730
0.009730
0.009730
0.009730
0.009730
0.009730
0.009730
0.009730
0.009730
0.009730
0.009730
0.009730
0.009730
0.009730
0.009730
0.009730
0.009730
0.009730
0.009730
0.009730
0.009730
0.009730
0.009730
0.009730
0.009730
0.009730
0.009730
0.009730
0.009730
0.009730
0.009730
0.009730
0.009730
0.009730
0.009730
0.009730
0.009730
0.009730
0.009730
0.009730
0.009730
0.009730
0.009730
0.009730
0.009730
0.009730
0.009730
0.009730
0.009730
0.009730
0.009730
0.009730
0.009730
0.009730
0.009730
0.009730
0.009730
0.009730
0.009730
0.009730
0.009730
0.009730
0.009730
0.009730
0.009730
0.009730
0.009730
0.009730
0.009730
0.009730
0.009730
0.009730
0.009730
0.009730
0.009730
0.009730
0.009730
0.009730
0.009730
0.009730
0.009730
0.009730
0.009730
0.009730
0.009730
0.009730
0.009730
0.009730
0.009730
0.009730
0.009730
0.009730
0.009730
0.009730
0.009730
0.009730
0.009730
0.009730
0.009730
0.009730
0.009730
0.009730
0.009730
0.009730
0.009730
0.009730
0.009730
0.009730
0.009730
0.009730
0.009730
0.009730
0.009730
0.009730
0.009730
0.009730
0.009730
0.009730
0.009730
0.009730
0.009730
0.009730
0.009730
0.009730
0.009730
0.009730
0.009730
0.009730
0.009730
0.009730
0.009730
0.009730
0.009730
0.009730
0.009730
0.009730
0.009730
0.009730
0.009730
0.009730
0.009730
0.009730
0.009730
0.009730
0.009730
0.009730
0.009730
0.009730
0.009730
0.009730
0.009730
0.009730
0.009730
0.009730
0.009730
0.009730
0.009730
0.009730
0.009730
0.009730
0.009730
0.009730
0.009730
0.009730
0.009730
0.009730
0.009730
0.009730
0.009730
0.009730
0.009730
0.009730
0.009730
0.009730
0.009730
0.009730
0.009730
0.009730
0.009730
0.009730
0.009730
0.009730
0.009730
0.009730
0.009730
0.009730
0.009730
0.009730
0.009730
0.009730
0.009730
0.009730
0.009730
0.009730
0.009730
0.009730
0.009730
0.009730
0.009730
0.009730
0.009730
0.009730
0.009730
0.009730
0.009730
0.009730
0.009730
0.009730
0.009730
0.009730
0.009730
0.009730
0.009730
0.009730
0.009730
0.009730
0.009730
0.009730
0.009730
0.009730
0.009730
0.009730
0.009730
0.009730
0.009730
0.009730
0.009730
0.009730
0.009730
0.009730
0.009730
0.009730
0.009730
0.009730
0.009730
0.009730
0.009730
0.009730
0.009730
0.009730
0.009730
0.009730
0.009730
0.009730
0.009730
0.009730
0.009730
0.009730
0.009730
0.009730
0.009730
0.009730
0.009730
0.009730
0.009730
0.009730
0.009730
0.009730
0.009730
0.009730
0.009730
0.009730
0.009730
0.009730
0.009730
0.009730
0.009730
0.009730
0.009730
0.009730
0.009730
0.009730
0.009730
0.009730
0.009730
0.009730
0.009730
0.009730
0.009730
0.009730
0.009730
0.009730
0.009730
0.009730
0.009730
0.009730
0.009730
0.009730
0.009730
0.009730
0.009730
0.009730
0.009730
0.009730
0.009730
0.009730
0.009730
0.009730
0.009730
0.009730
0.009730
0.009730
0.009730
0.009730
0.009730
0.009730
0.009730
0.009730
0.009730
0.009730
0.009730
0.009730
0.009730
0.009730
0.009730
0.009730
0.009730
0.009730
0.009730
0.009730
0.009730
0.009730
0.009730
0.009730
0.009730
0.009730
0.009730
0.009730
0.009730
0.009730
0.009730
0.009730
0.009730
0.009730
0.009730
0.009730
0.009730
0.009730
0.009730
0.009730
0.009730
0.009730
0.009730
0.009730
0.009730
0.009730
0.009730
0.009730
0.009730
0.009730
0.009730
0.009730
0.009730
0.009730
0.009730
0.009730
0.009730
0.009730
0.009730
0.009730
0.009730
0.009730
0.009730
0.009730
0.009730
0.009730
0.009730
0.009730
0.009730
0.009730
0.009730
0.009730
0.009730
0.009730
0.009730
0.009730
0.009730
0.009730
0.009730
0.009730
0.009730
0.009730
0.009730
0.009730
0.009730
0.009730
0.009730
0.009730
0.009730
0.009730
0.009730
0.009730
0.009730
0.009730
0.009730
0.009730
0.009730
0.009730
0.009730
0.009730
0.009730
0.009730
0.009730
0.009730
0.009730
0.009730
0.009730
0.009730
0.009730
0.009730
0.009730
0.009730
0.009730
0.009730
0.009730
0.009730
0.009730
0.009730
0.009730
0.009730
0.009730
0.009730
0.009730
0.009730
0.009730
0.009730
0.009730
0.009730
0.009730
0.009730
0.009730
0.009730
0.009730
0.009730
0.009730
0.009730
0.009730
0.009730
0.009730
0.009730
0.009730
0.009730
0.009730
0.009730
0.009730
0.009730
0.009730
0.009730
0.009730
0.009730
0.009730
0.009730
0.009730
0.009730
0.009730
0.009730
0.009730
0.009730
0.009730
0.009730
0.009730
0.009730
0.009730
0.009730
0.009730
0.009730
0.009730
0.009730
0.009730
0.009730
0.009730
0.009730
0.009730
0.009730
0.009730
0.009730
0.009730
0.009730
0.009730
0.009730
0.009730
0.009730
0.009730
0.009730
0.009730
0.009730
0.009730
0.009730
0.009730
0.009730
0.009730
0.009730
0.009730
0.009730
0.009730
0.009730
0.009730
0.009730
0.009730
0.009730
0.009730
0.009730
0.009730
0.009730
0.009730
0.009730
0.009730
0.009730
0.009730
0.009730
0.009730
0.009730
0.009730
0.009730
0.009730
0.009730
0.009730
0.009730
0.009730
0.009730
0.009730
0.009730
0.009730
0.009730
0.009730
0.009730
0.009730
0.009730
0.009730
0.009730
0.009730
0.009730
0.009730
0.009730
0.009730
0.009730
0.009730
0.009730
0.009730
0.009730
0.009730
0.009730
0.009730
0.009730
0.009730
0.009730
0.009730
0.009730
0.009730
0.009730
0.009730
0.009730
0.009730
0.009730
0.009730
0.009730
0.009730
0.009730
0.009730
0.009730
0.009730
0.009730
0.009730
0.009730
0.009730
0.009730
0.009730
0.009730
0.009730
0.009730
0.009730
0.009730
0.009730
0.009730
0.009730
0.009730
0.009730
0.009730
0.009730
0.009730
0.009730
0.009730
0.009730
0.009730
0.009730
0.009730
0.009730
0.009730
0.009730
0.009730
0.009730
0.009730
0.009730
0.009730
0.009730
0.009730
0.009730
0.009730
0.009730
0.009730
0.009730
0.009730
0.009730
0.009730
0.009730
0.009730
0.009730
0.009730
0.009730
0.009730
0.009730
0.009730
0.009730
0.009730
0.009730
0.009730
0.009730
0.009730
0.009730
0.009730
0.009730
0.009730
0.009730
0.009730
0.009730
0.009730
0.009730
0.009730
0.009730
0.009730
0.009730
0.009730
0.009730
0.009730
0.009730
0.009730
0.009730
0.009730
0.009730
0.009730
0.009730
0.009730
0.009730
0.009730
0.009730
0.009730
0.009730
0.009730
0.009730
0.009730
0.009730
0.009730
0.009730
0.009730
0.009730
0.009730
0.009730
0.009730
0.009730
0.009730
0.009730
0.009730
0.009730
0.009730
0.009730
0.009730
0.009730
0.009730
0.009730
0.009730
0.009730
0.009730
0.009730
0.009730
0.009730
0.009730
0.009730
0.009730
0.009730
0.009730
0.009730
0.009730
0.009730
0.009730
0.009730
0.009730
0.009730
0.009730
0.009730
0.009730
0.009730
0.009730
0.009730
0.009730
0.009730
0.009730
0.009730
0.009730
0.009730
0.009730
0.009730
0.009730
0.009730
0.009730
0.009730
0.009730
0.009730
0.009730
0.009730
0.009730
0.009730
0.009730
0.009730
0.009730
0.009730
0.009730
0.009730
0.009730
0.009730
0.009730
0.009730
0.009730
0.009730
0.009730
0.009730
0.009730
0.009730
0.009730
0.009730
0.009730
0.009730
0.009730
0.009730
0.009730
0.009730
0.009730
0.009730
0.009730
0.009730
0.009730
0.009730
0.009730
0.009730
0.009730
0.009730
0.009730
0.009730
0.009730
0.009730
0.009730
0.009730
0.009730
0.009730
0.009730
0.009730
0.009730
0.009730
0.009730
0.009730
0.009730
0.009730
0.009730
0.009730
0.009730
0.009730
0.009730
0.009730
0.009730
0.009730
0.009730
0.009730
0.009730
0.009730
0.009730
0.009730
0.009730
0.009730
0.009730
0.009730
0.009730
0.009730
0.009730
0.009730
0.009730
0.009730
0.009730
0.009730
0.009730
0.009730
0.009730
0.009730
0.009730
0.009730
0.009730
0.009730
0.009730
0.009730
0.009730
0.009730
0.009730
0.009730
0.009730
0.009730
0.009730
0.009730
0.009730
0.009730
0.009730
0.009730
0.009730
0.009730
0.009730
0.009730
0.009730
0.009730
0.009730
0.009730
0.009730
0.009730
0.009730
0.009730
0.009730
0.009730
0.009730
0.009730
0.009730
0.009730
0.009730
0.009730
0.009730
0.009730
0.009730
0.009730
0.009730
0.009730
0.009730
0.009730
0.009730
0.009730
0.009730
0.009730
0.009730
0.009730
0.009730
0.009730
0.009730
0.009730
0.009730
0.009730
0.009730
0.009730
0.009730
0.009730
0.009730
0.009730
0.009730
0.009730
0.009730
0.009730
0.009730
0.009730
0.009730
0.009730
0.009730
0.009730
0.009730
0.009730
0.009730
0.009730
0.009730
0.009730
0.009730
0.009730
0.009730
0.009730
0.009730
0.009730
0.009730
0.009730
0.009730
0.009730
0.009730
0.009730
0.009730
0.009730
0.009730
0.009730
0.009730
0.009730
0.009730
0.009730
0.009730
0.009730
0.009730
0.009730
0.009730
0.009730
0.009730
0.009730
0.009730
0.009730
0.009730
0.009730
0.009730
0.009730
0.009730
0.009730
0.009730
0.009730
0.009730
0.009730
0.009730
0.009730
0.009730
0.009730
0.009730
0.009730
0.009730
0.009730
0.009730
0.009730
0.009730
0.009730
0.009730
0.009730
0.009730
0.009730
0.009730
0.009730
0.009730
0.009730
0.009730
0.009730
0.009730
0.009730
0.009730
0.009730
0.009730
0.009730
0.009730
0.009730
0.009730
0.009730
0.009730
0.009730
0.009730
0.009730
0.009730
0.009730
0.009730
0.009730
0.009730
0.009730
0.009730
0.009730
0.009730
0.009730
0.009730
0.009730
0.009730
0.009730
0.009730
0.009730
0.009730
0.009730
0.009730
0.009730
0.009730
0.009730
0.009730
0.009730
0.009730
0.009730
0.009730
0.009730
0.009730
0.009730
0.009730
0.009730
0.009730
0.009730
0.009730
0.009730
0.009730
0.009730
0.009730
0.009730
0.009730
0.009730
0.009730
0.009730
0.009730
0.009730
0.009730
0.009730
0.009730
0.009730
0.009730
0.009730
0.009730
0.009730
0.009730
0.009730
0.009730
0.009730
0.009730
0.009730
0.009730
0.009730
0.009730
0.009730
0.009730
0.009730
0.009730
0.009730
0.009730
0.009730
0.009730
0.009730
0.009730
0.009730
0.009730
0.009730
0.009730
0.009730
0.009730
0.009730
0.009730
0.009730
0.009730
0.009730
0.009730
0.009730
0.009730
0.009730
0.009730
0.009730
0.009730
0.009730
0.009730
0.009730
0.009730
0.009730
0.009730
0.009730
0.009730
0.009730
0.009730
0.009730
0.009730
0.009730
0.009730
0.009730
0.009730
0.009730
0.009730
0.009730
0.009730
0.009730
0.009730
0.009730
0.009730
0.009730
0.009730
0.009730
0.009730
0.009730
0.009730
0.009730
0.009730
0.009730
0.009730
0.009730
0.009730
0.009730
0.009730
0.009730
0.009730
0.009730
0.009730
0.009730
0.009730
0.009730
0.009730
0.009730
0.009730
0.009730
0.009730
0.009730
0.009730
0.009730
0.009730
0.009730
0.009730
0.009730
0.009730
0.009730
0.009730
0.009730
0.009730
0.009730
0.009730
0.009730
0.009730
0.009730
0.009730
0.009730
0.009730
0.009730
0.009730
0.009730
0.009730
0.009730
0.009730
0.009730
0.009730
0.009730
0.009730
0.009730
0.009730
0.009730
0.009730
0.009730
0.009730
0.009730
0.009730
0.009730
0.009730
0.009730
0.009730
0.009730
0.009730
0.009730
0.009730
0.009730
0.009730
0.009730
0.009730
0.009730
0.009730
0.009730
0.009730
0.009730
0.009730
0.009730
0.009730
0.009730
0.009730
0.009730
0.009730
0.009730
0.009730
0.009730
0.009730
0.009730
0.009730
0.009730
0.009730
0.009730
0.009730
0.009730
0.009730
0.009730
0.009730
0.009730
0.009730
0.009730
0.009730
0.009730
0.009730
0.009730
0.009730
0.009730
0.009730
0.009730
0.009730
0.009730
0.009730
0.009730
0.009730
0.009730
0.009730
0.009730
0.009730
0.009730
0.009730
0.009730
0.009730
0.009730
0.009730
0.009730
0.009730
0.009730
0.009730
0.009730
0.009730
0.009730
0.009730
0.009730
0.009730
0.009730
0.009730
0.009730
0.009730
0.009730
0.009730
0.009730
0.009730
0.009730
0.009730
0.009730
0.009730
0.009730
0.009730
0.009730
0.009730
0.009730
0.009730
0.009730
0.009730
0.009730
0.009730
0.009730
0.009730
0.009730
0.009730
0.009730
0.009730
0.009730
0.009730
0.009730
0.009730
0.009730
0.009730
0.009730
0.009730
0.009730
0.009730
0.009730
0.009730
0.009730
0.009730
0.009730
0.009730
0.009730
0.009730
0.009730
0.009730
0.009730
0.009730
0.009730
0.009730
0.009730
0.009730
0.009730
0.009730
0.009730
0.009730
0.009730
0.009730
0.009730
0.009730
0.009730
0.009730
0.009730
0.009730
0.009730
0.009730
0.009730
0.009730
0.009730
0.009730
0.009730
0.009730
0.009730
0.009730
0.009730
0.009730
0.009730
0.009730
0.009730
0.009730
0.009730
0.009730
0.009730
0.009730
0.009730
0.009730
0.009730
0.009730
0.009730
0.009730
0.009730
0.009730
0.009730
0.009730
0.009730
0.009730
0.009730
0.009730
0.009730
0.009730
0.009730
0.009730
0.009730
0.009730
0.009730
0.009730
0.009730
0.009730
0.009730
0.009730
0.009730
0.009730
0.009730
0.009730
0.009730
0.009730
0.009730
0.009730
0.009730
0.009730
0.009730
0.009730
0.009730
0.009730
0.009730
0.009730
0.009730
0.009730
0.009730
0.009730
0.009730
0.009730
0.009730
0.009730
0.009730
0.009730
0.009730
0.009730
0.009730
0.009730
0.009730
0.009730
0.009730
0.009730
0.009730
0.009730
0.009730
0.009730
0.009730
0.009730
0.009730
0.009730
0.009730
0.009730
0.009730
0.009730
0.009730
0.009730
0.009730
0.009730
0.009730
0.009730
0.009730
0.009730
0.009730
0.009730
0.009730
0.009730
0.009730
0.009730
0.009730
0.009730
0.009730
0.009730
0.009730
0.009730
0.009730
0.009730
0.009730
0.009730
0.009730
0.009730
0.009730
0.009730
0.009730
0.009730
0.009730
0.009730
0.009730
0.009730
0.009730
0.009730
0.009730
0.009730
0.009730
0.009730
0.009730
0.009730
0.009730
0.009730
0.009730
0.009730
0.009730
0.009730
0.009730
0.009730
0.009730
0.009730
0.009730
0.009730
0.009730
0.009730
0.009730
0.009730
0.009730
0.009730
0.009730
0.009730
0.009730
0.009730
0.009730
0.009730
0.009730
0.009730
0.009730
0.009730
0.009730
0.009730
0.009730
0.009730
0.009730
0.009730
0.009730
0.009730
0.009730
0.009730
0.009730
0.009730
0.009730
0.009730
0.009730
0.009730
0.009730
0.009730
0.009730
0.009730
0.009730
0.009730
0.009730
0.009730
0.009730
0.009730
0.009730
0.009730
0.009730
0.009730
0.009730
0.009730
0.009730
0.009730
0.009730
0.009730
0.009730
0.009730
0.009730
0.009730
0.009730
0.009730
0.009730
0.009730
0.009730
0.009730
0.009730
0.009730
0.009730
0.009730
0.009730
0.009730
0.009730
0.009730
0.009730
0.009730
0.009730
0.009730
0.009730
0.009730
0.009730
0.009730
0.009730
0.009730
0.009730
0.009730
0.009730
0.009730
0.009730
0.009730
0.009730
0.009730
0.009730
0.009730
0.009730
0.009730
0.009730
0.009730
0.009730
0.009730
0.009730
0.009730
0.009730
0.009730
0.009730
0.009730
0.009730
0.009730
0.009730
0.009730
0.009730
0.009730
0.009730
0.009730
0.009730
0.009730
0.009730
0.009730
0.009730
0.009730
0.009730
0.009730
0.009730
0.009730
0.009730
0.009730
0.009730
0.009730
0.009730
0.009730
0.009730
0.009730
0.009730
0.009730
0.009730
0.009730
0.009730
0.009730
0.009730
0.009730
0.009730
0.009730
0.009730
0.009730
0.009730
0.009730
0.009730
0.009730
0.009730
0.009730
0.009730
0.009730
0.009730
0.009730
0.009730
0.009730
0.009730
0.009730
0.009730
0.009730
0.009730
0.009730
0.009730
0.009730
0.009730
0.009730
0.009730
0.009730
0.009730
0.009730
0.009730
0.009730
0.009730
0.009730
0.009730
0.009730
0.009730
0.009730
0.009730
0.009730
0.009730
0.009730
0.009730
0.009730
0.009730
0.009730
0.009730
0.009730
0.009730
0.009730
0.009730
0.009730
0.009730
0.009730
0.009730
0.009730
0.009730
0.009730
0.009730
0.009730
0.009730
0.009730
0.009730
0.009730
0.009730
0.009730
0.009730
0.009730
0.009730
0.009730
0.009730
0.009730
0.009730
0.009730
0.009730
0.009730
0.009730
0.009730
0.009730
0.009730
0.009730
0.009730
0.009730
0.009730
0.009730
0.009730
0.009730
0.009730
0.009730
0.009730
0.009730
0.009730
0.009730
0.009730
0.009730
0.009730
0.009730
0.009730
0.009730
0.009730
0.009730
0.009730
0.009730
0.009730
0.009730
0.009730
0.009730
0.009730
0.009730
0.009730
0.009730
0.009730
0.009730
0.009730
0.009730
0.009730
0.009730
0.009730
0.009730
0.009730
0.009730
0.009730
0.009730
0.009730
0.009730
0.009730
0.009730
0.009730
0.009730
0.009730
0.009730
0.009730
0.009730
0.009730
0.009730
0.009730
0.009730
0.009730
0.009730
0.009730
0.009730
0.009730
0.009730
0.009730
0.009730
0.009730
0.009730
0.009730
0.009730
0.009730
0.009730
0.009730
0.009730
0.009730
0.009730
0.009730
0.009730
0.009730
0.009730
0.009730
0.009730
0.009730
0.009730
0.009730
0.009730
0.009730
0.009730
0.009730
0.009730
0.009730
0.009730
0.009730
0.009730
0.009730
0.009730
0.009730
0.009730
0.009730
0.009730
0.009730
0.009730
0.009730
0.009730
0.009730
0.009730
0.009730
0.009730
0.009730
0.009730
0.009730
0.009730
0.009730
0.009730
0.009730
0.009730
0.009730
0.009730
0.009730
0.009730
0.009730
0.009730
0.009730
0.009730
0.009730
0.009730
0.009730
0.009730
0.009730
0.009730
0.009730
0.009730
0.009730
0.009730
0.009730
0.009730
0.009730
0.009730
0.009730
0.009730
0.009730
0.009730
0.009730
0.009730
0.009730
0.009730
0.009730
0.009730
0.009730
0.009730
0.009730
0.009730
0.009730
0.009730
0.009730
0.009730
0.009730
0.009730
0.009730
0.009730
0.009730
0.009730
0.009730
0.009730
0.009730
0.009730
0.009730
0.009730
0.009730
0.009730
0.009730
0.009730
0.009730
0.009730
0.009730
0.009730
0.009730
0.009730
0.009730
0.009730
0.009730
0.009730
0.009730
0.009730
0.009730
0.009730
0.009730
0.009730
0.009730
0.009730
0.009730
0.009730
0.009730
0.009730
0.009730
0.009730
0.009730
0.009730
0.009730
0.009730
0.009730
0.009730
0.009730
0.009730
0.009730
0.009730
0.009730
0.009730
0.009730
0.009730
0.009730
0.009730
0.009730
0.009730
0.009730
0.009730
0.009730
0.009730
0.009730
0.009730
0.009730
0.009730
0.009730
0.009730
0.009730
0.009730
0.009730
6.752639
6.733935
6.715244
6.696564
6.677896
6.659238
6.640589
6.621950
6.603320
6.584697
6.566083
6.547476
6.528876
6.510282
6.491695
6.473114
6.454538
6.435967
6.417402
6.398840
6.380284
6.361731
6.343183
6.324638
6.306096
6.287558
6.269023
6.250491
6.231962
6.213435
6.194911
6.176389
6.157869
6.139351
6.120845
6.102340
6.083847
6.065365
6.046882
6.028400
6.009917
5.991435
5.972953
5.954470
5.935988
5.917505
5.899023
5.880541
5.862058
5.843576
5.825093
5.806611
5.788129
5.769646
5.751164
5.732681
5.714199
5.695717
5.677234
5.658752
5.640269
5.621787
5.603305
5.584822
5.566340
5.547857
5.529375
5.510893
5.492410
5.473928
5.455445
5.436963
5.418481
5.399998
5.381516
5.363033
5.344551
5.326069
5.307586
5.289104
5.270621
5.252139
5.233657
5.215174
5.196692
5.178209
5.159727
5.141245
5.122762
5.104280
5.085797
5.067315
5.048833
5.030350
5.011868
4.993385
4.974911
4.956457
4.938021
4.919603
4.901202
4.882816
4.864445
4.846088
4.827744
4.809413
4.791094
4.772785
4.754488
4.736200
4.717921
4.699652
4.681390
4.663137
4.644891
4.626652
4.608420
4.590194
4.571974
4.553759
4.535550
4.517346
4.499146
4.480951
4.462760
4.444573
4.426390
4.408210
4.390034
4.371861
4.353690
4.335523
4.317358
4.299196
4.281036
4.262878
4.244723
4.226569
4.208417
4.190267
4.172119
4.153972
4.135827
4.117683
4.099541
4.081400
4.063260
4.045121
4.026983
4.008846
3.990710
3.972575
3.954441
3.936307
3.918175
3.900043
3.881912
3.863781
3.845660
3.827540
3.809420
3.791300
3.773180
3.755060
3.736940
3.718820
3.700700
3.682580
3.664460
3.646340
3.628220
3.610100
3.591980
3.573860
3.555740
3.537620
3.519500
3.501380
3.483260
3.465140
3.447020
3.428900
3.410780
3.392660
3.374540
3.356420
3.338300
3.320180
3.302061
3.283957
3.265873
3.247824
3.229810
3.211832
3.193886
3.175970
3.158084
3.140225
3.122392
3.104583
3.086798
3.069034
3.051297
3.033600
3.015939
2.998315
2.980742
2.963220
2.945744
2.928314
2.910927
2.893594
2.876318
2.859096
2.841925
2.824802
2.807725
2.790690
2.773697
2.756741
2.739822
2.722937
2.706084
2.689261
2.672469
2.655722
2.639035
2.622409
2.605857
2.589398
2.573041
2.556808
2.540692
2.524694
2.508822
2.493075
2.477471
2.462022
2.446735
2.431615
2.416671
2.401894
2.387272
2.372801
2.358469
2.344269
2.330207
2.316283
2.302488
2.288816
2.275266
2.261844
2.248548
2.235374
2.222307
2.209343
2.196477
2.183708
2.171061
2.158535
2.146120
2.133814
2.121634
2.109586
2.097672
2.085881
2.074200
2.062630
2.051166
2.039795
2.028512
2.017313
2.006195
1.995161
1.984215
1.973354
1.962573
1.951868
1.941235
1.930669
1.920170
1.909767
1.899477
1.889297
1.879220
1.869240
1.859358
1.849571
1.839871
1.830262
1.820765
1.811352
1.802038
1.792802
1.783635
1.774544
1.765518
1.756565
1.747692
1.738901
1.730185
1.721536
1.712950
1.704418
1.695938
1.687506
1.679120
1.670780
1.662488
1.654234
1.646016
1.637832
1.629685
1.621573
1.613489
1.605432
1.597399
1.589390
1.581403
1.573451
1.565525
1.557616
1.549724
1.541853
1.534012
1.526183
1.518366
1.510561
1.502767
1.494983
1.487208
1.479443
1.471687
1.463938
1.456198
1.448470
1.440753
1.433042
1.425337
1.417637
1.409942
1.402252
1.394573
1.386918
1.379269
1.371622
1.363977
1.356333
1.348695
1.341077
1.333485
1.325917
1.318367
1.310833
1.303316
1.295813
1.288325
1.280850
1.273388
1.265946
1.258517
1.251098
1.243688
1.236288
1.228896
1.221512
1.214135
1.206766
1.199404
1.192048
1.184698
1.177353
1.170014
1.162680
1.155351
1.148027
1.140706
1.133390
1.126078
1.118769
1.111464
1.104161
1.096862
1.089566
1.082272
1.074981
1.067692
1.060406
1.053122
1.045839
1.038559
1.031280
1.024004
1.016728
1.009455
1.002182
0.994911
0.987642
0.980373
0.973106
0.965840
0.958575
0.951311
0.944047
0.936785
0.929523
0.922262
0.915002
0.907742
0.900484
0.893232
0.885984
0.878736
0.871488
0.864240
0.856992
0.849744
0.842496
0.835248
0.828000
0.820752
0.813504
0.806256
0.799008
0.791760
0.784512
0.777264
0.770016
0.762768
0.755520
0.748272
0.741024
0.733776
0.726528
0.719280
0.712032
0.704784
0.697536
0.690288
0.683040
0.675792
0.668544
0.661296
0.654048
0.646800
0.639552
0.632304
0.625056
0.617808
0.610560
0.603312
0.596064
0.588816
0.581568
0.574320
0.567072
0.559824
0.552576
0.545328
0.538080
0.530832
0.523584
0.516336
0.509088
0.501840
0.494593
0.487362
0.480151
0.472957
0.465781
0.458621
0.451477
0.444347
0.437230
0.430127
0.423035
0.415955
0.408886
0.401827
0.394778
0.387738
0.380707
0.373684
0.366668
0.359672
0.352702
0.345757
0.338835
0.331937
0.325075
0.318256
0.311492
0.304799
0.298175
0.291618
0.285123
0.278688
0.272307
0.265981
0.259703
0.253472
0.247287
0.241143
0.235038
0.228971
0.222952
0.216984
0.211068
0.205198
0.199381
0.193630
0.187958
0.182376
0.176893
0.171513
0.166232
0.161060
0.156000
0.151057
0.146229
0.141510
0.136901
0.132408
0.128026
0.123758
0.119608
0.115586
0.111706
0.107966
0.104356
0.100866
0.097488
0.094220
0.091053
0.087981
0.085000
0.082105
0.079290
0.076552
0.073896
0.071331
0.068869
0.066503
0.064228
0.062040
0.059936
0.057916
0.055969
0.054091
0.052277
0.050527
0.048841
0.047217
0.045647
0.044133
0.042662
0.041232
0.039843
0.038490
0.037172
0.035887
0.034634
0.033410
0.032214
0.031044
0.029899
0.028780
0.027708
0.026675
0.025680
0.024720
0.023802
0.022923
0.022081
0.021281
0.020535
0.019831
0.019171
0.018553
0.017978
0.017437
0.016925
0.016444
0.015999
0.015578
0.015182
0.014817
0.014476
0.014164
0.013876
0.013604
0.013347
0.013105
0.012876
0.012659
0.012455
0.012263
0.012081
0.011909
0.011746
0.011594
0.011459
0.011341
0.011231
0.011126
0.011028
0.010935
0.010847
0.010765
0.010686
0.010612
0.010543
0.010477
0.010415
0.010356
0.010301
0.010248
0.010199
0.010152
0.010108
0.010067
0.010028
0.009991
0.009956
0.009922
0.009891
0.009862
0.009834
0.009812
0.009797
0.009782
0.009769
0.009756
0.009745
0.009733
0.009724
0.009724
0.009724
0.009724
0.009724
0.009724
0.009724
0.009724
0.009724
0.009724
0.009724
0.009724
0.009724
0.009724
0.009724
0.009724
0.009724
0.009724
0.009724
0.009724
0.009724
0.009724
0.009724
0.009724
0.009724
0.009724
0.009724
0.009724
0.009724
0.009724
0.009724
0.009724
0.009724
0.009724
0.009724
0.009724
0.009724
0.009724
0.009724
0.009724
0.009724
0.009724
0.009724
0.009724
0.009724
0.009724
0.009724
0.009724
0.009724
0.009724
0.009724
0.009724
0.009724
0.009724
0.009724
0.009724
0.009724
0.009724
0.009724
0.009724
0.009724
0.009724
0.009724
0.009724
0.009724
0.009724
0.009724
0.009724
0.009724
0.009724
0.009724
0.009724
0.009724
0.009724
0.009724
0.009724
0.009724
0.009724
0.009724
0.009724
0.009724
0.009724
0.009724
0.009724
0.009724
0.009724
0.009724
0.009724
0.009724
0.009724
0.009724
0.009724
0.009724
0.009724
0.009724
0.009724
0.009724
0.009724
0.009724
0.009724
0.009724
0.009724
0.009724
0.009724
0.009724
0.009724
0.009724
0.009724
0.009724
0.009724
0.009724
0.009724
0.009724
0.009724
0.009724
0.009724
0.009724
0.009724
0.009724
0.009724
0.009724
0.009724
0.009724
0.009724
0.009724
0.009724
0.009724
0.009724
0.009724
0.009724
0.009724
0.009724
0.009724
0.009724
0.009724
0.009724
0.009724
0.009724
0.009724
0.009724
0.009724
0.009724
0.009724
0.009724
0.009724
0.009724
0.009724
0.009724
0.009724
0.009724
0.009724
0.009724
0.009724
0.009724
0.009724
0.009724
0.009724
0.009724
0.009724
0.009724
0.009724
0.009724
0.009724
0.009724
0.009724
0.009724
0.009724
0.009724
0.009724
0.009724
0.009724
0.009724
0.009724
0.009724
0.009724
0.009724
0.009724
0.009724
0.009724
0.009724
0.009724
0.009724
0.009724
0.009724
0.009724
0.009724
0.009724
0.009724
0.009724
0.009724
0.009724
0.009724
0.009724
0.009724
0.009724
0.009724
0.009724
0.009724
0.009724
0.009724
0.009724
0.009724
0.009724
0.009724
0.009724
0.009724
0.009724
0.009724
0.009724
0.009724
0.009724
0.009724
0.009724
0.009724
0.009724
0.009724
0.009724
0.009724
0.009724
0.009724
0.009724
0.009724
0.009724
0.009724
0.009724
0.009724
0.009724
0.009724
0.009724
0.009724
0.009724
0.009724
0.009724
0.009724
0.009724
0.009724
0.009724
0.009724
0.009724
0.009724
0.009724
0.009724
0.009724
0.009724
0.009724
0.009724
0.009724
0.009724
0.009724
0.009724
0.009724
0.009724
0.009724
0.009724
0.009724
0.009724
0.009724
0.009724
0.009724
0.009724
0.009724
0.009724
0.009724
0.009724
0.009724
0.009724
0.009724
0.009724
0.009724
0.009724
0.009724
0.009724
0.009724
0.009724
0.009724
0.009724
0.009724
0.009724
0.009724
0.009724
0.009724
0.009724
0.009724
0.009724
0.009724
0.009724
0.009724
0.009724
0.009724
0.009724
0.009724
0.009724
0.009724
0.009724
0.009724
0.009724
0.009724
0.009724
0.009724
0.009724
0.009724
0.009724
0.009724
0.009724
0.009724
0.009724
0.009724
0.009724
0.009724
0.009724
0.009724
0.009724
0.009724
0.009724
0.009724
0.009724
0.009724
0.009724
0.009724
0.009724
0.009724
0.009724
0.009724
0.009724
0.009724
0.009724
0.009724
0.009724
0.009724
0.009724
0.009724
0.009724
0.009724
0.009724
0.009724
0.009724
0.009724
0.009724
0.009724
0.009724
0.009724
0.009724
0.009724
0.009724
0.009724
0.009724
0.009724
0.009724
0.009724
0.009724
0.009724
0.009724
0.009724
0.009724
0.009724
0.009724
0.009724
0.009724
0.009724
0.009724
0.009724
0.009724
0.009724
0.009724
0.009724
0.009724
0.009724
0.009724
0.009724
0.009724
0.009724
0.009724
0.009724
0.009724
0.009724
0.009724
0.009724
0.009724
0.009724
0.009724
0.009724
0.009724
0.009724
0.009724
0.009724
0.009724
0.009724
0.009724
0.009724
0.009724
0.009724
0.009724
0.009724
0.009724
0.009724
0.009724
0.009724
0.009724
0.009724
0.009724
0.009724
0.009724
0.009724
0.009724
0.009724
0.009724
0.009724
0.009724
0.009724
0.009724
0.009724
0.009724
0.009724
0.009724
0.009724
0.009724
0.009724
0.009724
0.009724
0.009724
0.009724
0.009724
0.009724
0.009724
0.009724
0.009724
0.009724
0.009724
0.009724
0.009724
0.009724
0.009724
0.009724
0.009724
0.009724
0.009724
0.009724
0.009724
0.009724
0.009724
0.009724
0.009724
0.009724
0.009724
0.009724
0.009724
0.009724
0.009724
0.009724
0.009724
0.009724
0.009724
0.009724
0.009724
0.009724
0.009724
0.009724
0.009724
0.009724
0.009724
0.009724
0.009724
0.009724
0.009724
0.009724
0.009724
0.009724
0.009724
0.009724
0.009724
0.009724
0.009724
0.009724
0.009724
0.009724
0.009724
0.009724
0.009724
0.009724
0.009724
0.009724
0.009724
0.009724
0.009724
0.009724
0.009724
0.009724
0.009724
0.009724
0.009724
0.009724
0.009724
0.009724
0.009724
0.009724
0.009724
0.009724
0.009724
0.009724
0.009724
0.009724
0.009724
0.009724
0.009724
0.009724
0.009724
0.009724
0.009724
0.009724
0.009724
0.009724
0.009724
0.009724
0.009724
0.009724
0.009724
0.009724
0.009724
0.009724
0.009724
0.009724
0.009724
0.009724
0.009724
0.009724
0.009724
0.009724
0.009724
0.009724
0.009724
0.009724
0.009724
0.009724
0.009724
0.009724
0.009724
0.009724
0.009724
0.009724
0.009724
0.009724
0.009724
0.009724
0.009724
0.009724
0.009724
0.009724
0.009724
0.009724
0.009724
0.009724
0.009724
0.009724
0.009724
0.009724
0.009724
0.009724
0.009724
0.009724
0.009724
0.009724
0.009724
0.009724
0.009724
0.009724
0.009724
0.009724
0.009724
0.009724
0.009724
0.009724
0.009724
0.009724
0.009724
0.009724
0.009724
0.009724
0.009724
0.009724
0.009724
0.009724
0.009724
0.009724
0.009724
0.009724
0.009724
0.009724
0.009724
0.009724
0.009724
0.009724
0.009724
0.009724
0.009724
0.009724
0.009724
0.009724
0.009724
0.009724
0.009724
0.009724
0.009724
0.009724
0.009724
0.009724
0.009724
0.009724
0.009724
0.009724
0.009724
0.009724
0.009724
0.009724
0.009724
0.009724
0.009724
0.009724
0.009724
0.009724
0.009724
0.009724
0.009724
0.009724
0.009724
0.009724
0.009724
0.009724
0.009724
0.009724
0.009724
0.009724
0.009724
0.009724
0.009724
0.009724
0.009724
0.009724
0.009724
0.009724
0.009724
0.009724
0.009724
0.009724
0.009724
0.009724
0.009724
0.009724
0.009724
0.009724
0.009724
0.009724
0.009724
0.009724
0.009724
0.009724
0.009724
0.009724
0.009724
0.009724
0.009724
0.009724
0.009724
0.009724
0.009724
0.009724
0.009724
0.009724
0.009724
0.009724
0.009724
0.009724
0.009724
0.009724
0.009724
0.009724
0.009724
0.009724
0.009724
0.009724
0.009724
0.009724
0.009724
0.009724
0.009724
0.009724
0.009724
0.009724
0.009724
0.009724
0.009724
0.009724
0.009724
0.009724
0.009724
0.009724
0.009724
0.009724
0.009724
0.009724
0.009724
0.009724
0.009724
0.009724
0.009724
0.009724
0.009724
0.009724
0.009724
0.009724
0.009724
0.009724
0.009724
0.009724
0.009724
0.009724
0.009724
0.009724
0.009724
0.009724
0.009724
0.009724
0.009724
0.009724
0.009724
0.009724
0.009724
0.009724
0.009724
0.009724
0.009724
0.009724
0.009724
0.009724
0.009724
0.009724
0.009724
0.009724
0.009724
0.009724
0.009724
0.009724
0.009724
0.009724
0.009724
0.009724
0.009724
0.009724
0.009724
0.009724
0.009724
0.009724
0.009724
0.009724
0.009724
0.009724
0.009724
0.009724
0.009724
0.009724
0.009724
0.009724
0.009724
0.009724
0.009724
0.009724
0.009724
0.009724
0.009724
0.009724
0.009724
0.009724
0.009724
0.009724
0.009724
0.009724
0.009724
0.009724
0.009724
0.009724
0.009724
0.009724
0.009724
0.009724
0.009724
0.009724
0.009724
0.009724
0.009724
0.009724
0.009724
0.009724
0.009724
0.009724
0.009724
0.009724
0.009724
0.009724
0.009724
0.009724
0.009724
0.009724
0.009724
0.009724
0.009724
0.009724
0.009724
0.009724
0.009724
0.009724
0.009724
0.009724
0.009724
0.009724
0.009724
0.009724
0.009724
0.009724
0.009724
0.009724
0.009724
0.009724
0.009724
0.009724
0.009724
0.009724
0.009724
0.009724
0.009724
0.009724
0.009724
0.009724
0.009724
0.009724
0.009724
0.009724
0.009724
0.009724
0.009724
0.009724
0.009724
0.009724
0.009724
0.009724
0.009724
0.009724
0.009724
0.009724
0.009724
0.009724
0.009724
0.009724
0.009724
0.009724
0.009724
0.009724
0.009724
0.009724
0.009724
0.009724
0.009724
0.009724
0.009724
0.009724
0.009724
0.009724
