3.019273
3.019267
3.019086
3.018622
3.017717
3.016870
3.017158
3.017748
3.018249
3.018837
3.019346
3.019677
3.019923
3.020393
3.020164
3.020144
3.020145
3.019568
3.018996
3.017929
3.016859
3.015258
3.013481
3.011666
3.009556
3.007310
3.004912
3.002282
2.999809
2.997087
2.994555
2.992010
2.989310
2.986625
2.983792
2.980921
2.977870
2.974923
2.971866
2.968792
2.965718
2.962573
2.959647
2.956985
2.954094
2.951577
2.948961
2.946422
2.943295
2.940343
2.937196
2.934174
2.931351
2.927964
2.924733
2.921252
2.918033
2.914668
2.911499
2.908309
2.905232
2.902383
2.899215
2.896411
2.893451
2.890686
2.887906
2.884985
2.882418
2.879812
2.877037
2.874274
2.871528
2.868778
2.865799
2.862992
2.860089
2.857467
2.854570
2.851506
2.848482
2.845319
2.842183
2.838899
2.835724
2.832595
2.829265
2.825967
2.822701
2.819700
2.816697
2.813774
2.810998
2.807786
2.804750
2.801694
2.798718
2.795764
2.792581
2.789641
2.786627
2.783709
2.780524
2.777525
2.774516
2.771310
2.769015
2.766027
2.763093
2.759951
2.756643
2.753399
2.750097
2.747107
2.744053
2.741271
2.738225
2.735227
2.732501
2.729548
2.726781
2.723887
2.721115
2.718124
2.715231
2.712265
2.709132
2.706136
2.702690
2.699288
2.695945
2.692616
2.689622
2.686346
2.683607
2.681531
2.679145
2.676591
2.673581
2.670679
2.667637
2.664792
2.662170
2.659885
2.657566
2.654887
2.652170
2.649192
2.646411
2.643733
2.641250
2.638759
2.635980
2.633143
2.630141
2.627687
2.625203
2.622560
2.620049
2.617254
2.614575
2.611731
2.608908
2.606198
2.603629
2.601008
2.598257
2.595237
2.591866
2.588600
2.585828
2.582394
2.579265
2.576020
2.572783
2.569314
2.566156
2.563011
2.560076
2.557620
2.554919
2.552420
2.549926
2.547606
2.545176
2.542612
2.540313
2.537597
2.535020
2.532811
2.530622
2.528169
2.525098
2.522405
2.519998
2.517732
2.515506
2.513155
2.510922
2.508493
2.506179
2.503927
2.501995
2.499962
2.497989
2.495869
2.493444
2.491306
2.488968
2.486523
2.484108
2.481598
2.479328
2.477170
2.474955
2.472670
2.470423
2.468162
2.465956
2.463839
2.461462
2.458989
2.456675
2.454215
2.451913
2.449558
2.447476
2.445509
2.443333
2.441137
2.438672
2.436709
2.434724
2.432908
2.430735
2.428441
2.426191
2.423986
2.421875
2.419688
2.417212
2.414713
2.412442
2.410145
2.407745
2.405399
2.402851
2.400327
2.397807
2.395228
2.392765
2.390111
2.387542
2.384774
2.382150
2.379557
2.377112
2.374618
2.371959
2.369204
2.366152
2.363373
2.360709
2.357863
2.355217
2.352385
2.349296
2.346180
2.342625
2.339124
2.335862
2.332896
2.329622
2.326942
2.324731
2.322635
2.320142
2.316743
2.312652
2.308993
2.305824
2.302836
2.299960
2.296903
2.293533
2.290270
2.286871
2.283500
2.279956
2.276376
2.273043
2.270048
2.266750
2.263700
2.260956
2.257646
2.253861
2.250784
2.247832
2.244583
2.241179
2.237729
2.234277
2.230870
2.227523
2.224457
2.221217
2.218435
2.215227
2.212628
2.210066
2.207502
2.204798
2.201771
2.198475
2.195271
2.191795
2.188822
2.185119
2.181800
2.178001
2.173783
2.169662
2.165480
2.160918
2.156601
2.152333
2.148465
2.144336
2.140127
2.135288
2.130677
2.126007
2.121573
2.117226
2.112810
2.108077
2.103263
2.098494
2.093745
2.089187
2.084945
2.080301
2.075420
2.069885
2.064344
2.059149
2.053953
2.049039
2.044099
2.038865
2.033439
2.027876
2.022301
2.016929
2.011535
2.005919
2.000232
1.994223
1.988317
1.982169
1.976213
1.970228
1.964289
1.958315
1.952241
1.946170
1.940024
1.933821
1.927441
1.920616
1.914364
1.907935
1.902429
1.896787
1.891159
1.885661
1.880017
1.874115
1.868003
1.861976
1.855835
1.849611
1.843458
1.837309
1.831351
1.825239
1.819089
1.813184
1.807286
1.801382
1.795291
1.789413
1.783547
1.777814
1.771989
1.766199
1.760422
1.754560
1.749649
1.744550
1.738866
1.733288
1.727480
1.721636
1.715503
1.709415
1.703212
1.697222
1.691197
1.685115
1.679088
1.672879
1.666938
1.661133
1.655194
1.649243
1.643206
1.637148
1.631137
1.625044
1.618946
1.612907
1.606871
1.600867
1.595155
1.589404
1.583669
1.577968
1.572104
1.566511
1.560770
1.555217
1.549572
1.544264
1.538608
1.532880
1.527496
1.521881
1.516406
1.510816
1.505318
1.499944
1.494480
1.489392
1.484156
1.479114
1.474257
1.470244
1.465581
1.460547
1.456188
1.451578
1.447081
1.442544
1.437983
1.433240
1.428499
1.423916
1.419373
1.414698
1.409995
1.405378
1.401114
1.396601
1.392090
1.387528
1.383258
1.379033
1.374521
1.370253
1.365749
1.361528
1.357217
1.352756
1.348314
1.343818
1.339425
1.335058
1.330624
1.326140
1.321608
1.317113
1.312547
1.308127
1.303565
1.298991
1.294469
1.289883
1.285350
1.280731
1.276305
1.271724
1.267823
1.264626
1.261344
1.258113
1.254500
1.250888
1.247449
1.243887
1.240506
1.237137
1.233770
1.230266
1.226913
1.223461
1.220076
1.216715
1.212998
1.209556
1.206114
1.202378
1.198345
1.194507
1.190875
1.187113
1.183716
1.179958
1.176708
1.173364
1.169750
1.166473
1.162893
1.159561
1.156041
1.152396
1.148468
1.144308
1.140260
1.136022
1.131885
1.127647
1.123280
1.118847
1.114241
1.109652
1.104892
1.100227
1.095261
1.090509
1.085705
1.080838
1.075931
1.071085
1.066321
1.061751
1.056900
1.052140
1.047100
1.042160
1.037169
1.032239
1.027355
1.022491
1.017866
1.012865
1.008024
1.003044
0.998085
0.993450
0.988498
0.983757
0.978944
0.974148
0.968912
0.963828
0.958855
0.953866
0.949080
0.944189
0.939448
0.934617
0.929732
0.925193
0.920458
0.915989
0.911448
0.906801
0.901959
0.897357
0.892664
0.887999
0.883290
0.878361
0.873553
0.868786
0.863729
0.858744
0.853580
0.848431
0.843022
0.837867
0.832624
0.827134
0.821820
0.816264
0.811020
0.805585
0.800077
0.794711
0.789102
0.783742
0.778334
0.772678
0.767247
0.761761
0.756340
0.750835
0.745462
0.739964
0.734499
0.729154
0.723522
0.718238
0.712652
0.707321
0.701667
0.696378
0.690922
0.685451
0.680079
0.674561
0.669286
0.663953
0.658482
0.653252
0.647726
0.642473
0.637098
0.631791
0.626346
0.621080
0.615934
0.610519
0.605345
0.599980
0.594848
0.589700
0.584444
0.579405
0.574151
0.569130
0.563819
0.558968
0.553902
0.548849
0.543970
0.538845
0.534027
0.529134
0.524209
0.519521
0.514520
0.509876
0.504913
0.500343
0.495483
0.490860
0.486303
0.481486
0.477025
0.472326
0.467843
0.463407
0.458759
0.454504
0.449896
0.445557
0.440906
0.436686
0.432365
0.427904
0.423777
0.419296
0.415126
0.410775
0.406416
0.402404
0.397893
0.393822
0.389470
0.385411
0.381193
0.377024
0.373092
0.368761
0.364928
0.360686
0.356850
0.353004
0.348872
0.345082
0.341015
0.337322
0.333204
0.329601
0.325891
0.322011
0.318494
0.314600
0.311096
0.307385
0.303715
0.300294
0.296434
0.293109
0.289275
0.285954
0.282329
0.278974
0.275726
0.271992
0.268836
0.265267
0.262016
0.258835
0.255199
0.252060
0.248529
0.245527
0.242009
0.239059
0.235895
0.232767
0.229844
0.226435
0.223639
0.220571
0.217666
0.214916
0.211735
0.209105
0.206037
0.203471
0.200560
0.198083
0.195525
0.192701
0.190302
0.187549
0.185157
0.182777
0.180150
0.177977
0.175183
0.173095
0.170422
0.168379
0.166083
0.163793
0.161825
0.159326
0.157378
0.155253
0.153155
0.151393
0.149121
0.147368
0.145114
0.143529
0.141277
0.139705
0.138130
0.136103
0.134676
0.132646
0.131250
0.129663
0.127862
0.126525
0.124660
0.123400
0.121547
0.120464
0.118971
0.117475
0.116472
0.114710
0.113777
0.112311
0.111159
0.110190
0.108595
0.107586
0.106153
0.105373
0.103837
0.103087
0.102190
0.100927
0.100196
0.098779
0.098215
0.097360
0.096233
0.095596
0.094334
0.093768
0.092486
0.092024
0.091012
0.090313
0.089862
0.088607
0.088278
0.087349
0.086649
0.086341
0.085131
0.084748
0.083812
0.083484
0.082349
0.082121
0.081665
0.080812
0.080601
0.079567
0.079352
0.078891
0.078178
0.077497
0.077100
0.076840
0.075971
0.075902
0.075215
0.074784
0.074807
0.073903
0.073867
0.073182
0.072935
0.072928
0.072072
0.071899
0.071267
0.071267
0.070429
0.070476
0.070288
0.069753
0.069890
0.069113
0.069233
0.068986
0.068639
0.068256
0.068059
0.068174
0.067545
0.067728
0.067285
0.067190
0.067371
0.066771
0.066978
0.066442
0.066500
0.066652
0.066092
0.066072
0.065674
0.065866
0.065310
0.065532
0.065406
0.065152
0.065386
0.064817
0.065024
0.064878
0.064714
0.064384
0.064406
0.064684
0.064047
0.064342
0.063945
0.064096
0.064336
0.063763
0.064021
0.063551
0.063772
0.063923
0.063449
0.063466
0.063240
0.063488
0.062931
0.063276
0.063211
0.063030
0.063279
0.062775
0.063066
0.062942
0.062801
0.062445
0.062667
0.062923
0.062426
0.062753
0.062341
0.062538
0.062788
0.062303
0.062707
0.062200
0.062493
0.062677
0.062265
0.062288
0.062108
0.062419
0.061952
0.062241
0.062216
0.062134
0.062476
0.061925
0.062270
0.062143
0.062149
0.061769
0.061997
0.062218
0.061835
0.062178
0.061790
0.062038
0.062224
0.061894
0.062248
0.061720
0.062055
0.062265
0.061943
0.061940
0.061821
0.062116
0.061664
0.061948
0.061893
0.061878
0.062232
0.061737
0.062068
0.061859
0.061913
0.061560
0.061813
0.062074
0.061631
0.062056
0.061539
0.061878
0.062111
0.061793
0.062123
0.061637
0.062042
0.062124
0.061867
0.061854
0.061722
0.062160
0.061645
0.061992
0.061833
0.061880
0.062217
0.061742
0.062066
0.061872
0.061961
0.061575
0.061847
0.062042
0.061722
0.062034
0.061622
0.061916
0.062076
0.061850
0.062146
0.061621
0.062062
0.061544
0.061978
0.061765
0.061786
0.062171
0.061663
0.062091
0.061832
0.061930
0.062243
0.061780
0.062122
0.061844
0.062000
0.061517
0.061874
0.062016
0.061703
0.062093
0.061600
0.061960
0.062049
0.061806
0.062148
0.061665
0.062065
0.061559
0.061880
0.061769
0.061749
0.062096
0.061638
0.062022
0.061751
0.061890
0.062179
0.061743
0.062101
0.061810
0.061980
0.061508
0.061849
0.061968
0.061755
0.062064
0.061587
0.061988
0.061988
0.061888
0.062222
0.061650
0.062133
0.061544
0.062037
0.061734
0.061802
0.062239
0.061675
0.062060
0.061815
0.061951
0.062291
0.061814
0.062160
0.061791
0.062028
0.061563
0.061912
0.062014
0.061785
0.062107
0.061659
0.061999
0.062022
0.061914
0.062231
0.061757
0.062137
0.061673
0.062023
0.061766
0.061888
0.062265
0.061766
0.062152
0.061796
0.062071
0.062349
0.061940
0.062276
0.061936
0.062214
0.061656
0.062070
0.062084
0.061908
0.062344
0.061810
0.062255
0.062186
0.062028
0.062448
0.061923
0.062313
0.061841
0.062161
0.061847
0.062074
0.062302
0.061931
0.062220
0.061863
0.062099
0.062393
0.061969
0.062324
0.061867
0.062170
0.061685
0.062082
0.062024
0.061920
0.062296
0.061752
0.062170
0.062029
0.061965
0.062368
0.061842
0.062196
0.061775
0.062055
0.061799
0.061909
0.062335
0.061797
0.062173
0.061780
0.062045
0.062279
0.061939
0.062272
0.061785
0.062169
0.061636
0.062020
0.061959
0.061877
0.062256
0.061740
0.062081
0.061981
0.061928
0.062325
0.061802
0.062193
0.061635
0.062084
0.061641
0.061911
0.062185
0.061753
0.062121
0.061686
0.061982
0.062182
0.061891
0.062204
0.061778
0.062088
0.061666
0.061969
0.061874
0.061929
0.062191
0.061835
0.062057
0.061988
0.061999
0.062336
0.061898
0.062180
0.061800
0.062127
0.061726
0.061999
0.062225
0.061891
0.062209
0.061717
0.062058
0.062225
0.061923
0.061862
0.061808
0.062148
0.061647
0.061994
0.061868
0.061903
0.062213
0.061761
0.062120
0.061860
0.061981
0.062258
0.061479
0.061034
0.059670
0.058673
6.379939
6.378149
6.377285
6.376766
6.376548
6.375551
6.374803
6.374905
6.374932
6.374932
6.374924
6.374957
6.374959
6.374956
6.374941
6.374951
6.374959
6.374959
6.374959
6.374966
6.374966
6.374966
6.374966
6.374966
6.374966
6.374966
6.374966
6.375133
6.375764
6.376894
6.378721
6.378981
6.379719
6.380742
6.381303
6.379164
6.378047
6.379250
6.381507
6.383064
6.382242
6.379579
6.377992
6.379519
6.380972
6.380821
6.379638
6.379037
6.378380
6.378030
6.377555
6.376645
6.376069
6.375554
6.375097
6.374706
6.373736
6.373285
6.372888
6.371537
6.370882
6.369990
6.368747
6.367439
6.366066
6.363404
6.360719
6.357148
6.353439
6.349848
6.346562
6.343335
6.341067
6.338480
6.336068
6.333642
6.330459
6.327766
6.324130
6.320439
6.316307
6.311743
6.308059
6.303669
6.298989
6.294038
6.288645
6.282871
6.277517
6.272131
6.266686
6.261210
6.254666
6.247825
6.241343
6.235698
6.229255
6.223122
6.216409
6.210115
6.203903
6.198650
6.193402
6.187922
6.182490
6.176538
6.170903
6.165052
6.158990
6.152197
6.145250
6.138459
6.131970
6.125457
6.118549
6.111368
6.104338
6.097301
6.090236
6.082792
6.075242
6.067972
6.060668
6.053196
6.045568
6.037941
6.030358
6.023065
6.015767
6.008196
6.000463
5.992378
5.984521
5.976610
5.968729
5.960479
5.951904
5.943874
5.935591
5.927236
5.918565
5.910485
5.902042
5.893320
5.884388
5.875565
5.866908
5.858161
5.849930
5.841979
5.833988
5.825904
5.817901
5.809897
5.801944
5.793961
5.786146
5.778136
5.770377
5.762809
5.755210
5.747950
5.740691
5.733279
5.725911
5.718324
5.710684
5.703022
5.695361
5.687577
5.679726
5.671690
5.663530
5.655506
5.647382
5.639239
5.631275
5.623184
5.615115
5.606877
5.598170
5.589573
5.580808
5.572336
5.563991
5.555644
5.547089
5.538564
5.529891
5.521132
5.512390
5.503775
5.495095
5.486291
5.477639
5.468902
5.460137
5.451298
5.442477
5.433636
5.424830
5.416070
5.407582
5.399059
5.389955
5.380640
5.371730
5.362692
5.353674
5.344522
5.335247
5.326175
5.317286
5.308556
5.299780
5.290890
5.281940
5.273007
5.264038
5.255204
5.246156
5.237029
5.227948
5.218868
5.209766
5.200679
5.191469
5.182496
5.173357
5.164439
5.155501
5.146319
5.137071
5.127960
5.118983
5.109981
5.100920
5.091861
5.082886
5.073929
5.064944
5.056283
5.047365
5.038822
5.029990
5.020985
5.012109
5.003229
4.994405
4.985587
4.976731
4.967941
4.959157
4.950625
4.942841
4.935066
4.927249
4.919310
4.911563
4.903680
4.895826
4.887803
4.879800
4.871615
4.863486
4.855356
4.847439
4.839241
4.830952
4.823039
4.815168
4.807132
4.799335
4.791411
4.783531
4.775603
4.767618
4.759718
4.751758
4.743808
4.735945
4.728017
4.720082
4.712360
4.704411
4.696598
4.688659
4.680912
4.672950
4.665277
4.657344
4.649392
4.641502
4.633771
4.626049
4.618427
4.610820
4.603286
4.595747
4.588229
4.580870
4.573486
4.565802
4.558293
4.550942
4.543429
4.535911
4.528433
4.521023
4.513410
4.505646
4.498015
4.490251
4.482332
4.474781
4.467187
4.459721
4.452653
4.445341
4.437881
4.430588
4.423261
4.415938
4.408625
4.401350
4.394165
4.386974
4.379764
4.372615
4.365517
4.358527
4.351512
4.344489
4.337575
4.330731
4.323062
4.315288
4.307914
4.300642
4.293485
4.286322
4.279086
4.271980
4.264783
4.257451
4.250368
4.243160
4.235705
4.228354
4.220900
4.213599
4.206063
4.198442
4.190934
4.183239
4.175490
4.167916
4.160232
4.152294
4.144344
4.136628
4.128810
4.121075
4.113257
4.105474
4.097882
4.090074
4.082126
4.074046
4.065926
4.057603
4.049377
4.041162
4.033004
4.024765
4.016475
4.008121
3.999767
3.991618
3.983253
3.974940
3.966707
3.958246
3.949679
3.941291
3.932696
3.924138
3.915602
3.907011
3.898267
3.889597
3.881193
3.872460
3.863588
3.854994
3.846460
3.837740
3.829486
3.820478
3.811008
3.802134
3.793403
3.784832
3.776276
3.767867
3.759294
3.750617
3.742119
3.733815
3.725510
3.717189
3.708815
3.700355
3.691956
3.683411
3.674921
3.666625
3.658158
3.649904
3.641300
3.632787
3.624104
3.615718
3.607018
3.598452
3.589779
3.581190
3.572498
3.563824
3.555140
3.546701
3.537961
3.529174
3.520435
3.511809
3.503030
3.494233
3.485705
3.476940
3.468189
3.459478
3.450686
3.442010
3.433389
3.424858
3.416181
3.407581
3.398860
3.390551
3.382126
3.373560
3.365121
3.356584
3.348306
3.339843
3.331449
3.323147
3.314696
3.306292
3.297997
3.289692
3.281295
3.272912
3.264645
3.256195
3.248207
3.240216
3.232120
3.223928
3.215873
3.207703
3.199471
3.191418
3.183193
3.174980
3.166881
3.158771
3.150648
3.142595
3.134466
3.126235
3.118180
3.110087
3.102010
3.093930
3.085950
3.077768
3.069635
3.061625
3.053589
3.045624
3.037595
3.029457
3.021379
3.013375
3.005368
2.997024
2.989042
2.981162
2.973637
2.966305
2.958562
2.951041
2.943428
2.935829
2.928238
2.920718
2.912947
2.905435
2.898007
2.890509
2.882718
2.874945
2.867166
2.859436
2.851752
2.843986
2.836282
2.828603
2.821041
2.813374
2.805883
2.798290
2.790769
2.783432
2.776121
2.768911
2.761786
2.754782
2.747795
2.741667
2.734707
2.728016
2.721485
2.714702
2.707708
2.700649
2.693604
2.686501
2.679341
2.672240
2.665084
2.657951
2.650829
2.643316
2.635141
2.626957
2.619221
2.611938
2.604677
2.597352
2.590033
2.582735
2.575549
2.568115
2.560804
2.553416
2.546004
2.538645
2.531176
2.523887
2.516500
2.509110
2.501759
2.494257
2.486706
2.479282
2.471883
2.464497
2.457044
2.449602
2.442320
2.434846
2.427446
2.419966
2.412578
2.405139
2.397673
2.390261
2.382822
2.375498
2.368351
2.361168
2.353810
2.346597
2.339689
2.332901
2.325558
2.318206
2.310523
2.303014
2.295559
2.287830
2.279998
2.272008
2.264031
2.256254
2.248290
2.240462
2.232794
2.225127
2.217665
2.210107
2.202466
2.194824
2.187280
2.179768
2.171942
2.164248
2.156436
2.148599
2.140602
2.132817
2.125041
2.117126
2.109500
2.101789
2.093961
2.086482
2.078825
2.071067
2.063363
2.055619
2.047866
2.039969
2.032146
2.024257
2.016366
2.008425
2.000464
1.992368
1.984376
1.976266
1.968244
1.960250
1.952095
1.944091
1.935920
1.927877
1.920032
1.912049
1.904182
1.896413
1.888557
1.880784
1.872914
1.865120
1.857381
1.849565
1.841671
1.833916
1.826238
1.818500
1.810875
1.803269
1.795610
1.788010
1.780548
1.773041
1.765486
1.758053
1.750930
1.743881
1.736802
1.729787
1.722855
1.716219
1.709492
1.702823
1.696130
1.689130
1.682352
1.675841
1.669307
1.662569
1.655760
1.649197
1.642933
1.636550
1.629716
1.622922
1.616225
1.609709
1.603117
1.597009
1.590677
1.584402
1.578352
1.572510
1.566324
1.560124
1.554041
1.548255
1.542210
1.536193
1.530108
1.524210
1.518529
1.512585
1.506656
1.500867
1.495260
1.489519
1.483895
1.478364
1.472537
1.466927
1.461429
1.455990
1.450380
1.444744
1.439093
1.433696
1.428313
1.422959
1.417362
1.411733
1.406090
1.400395
1.394692
1.388993
1.383456
1.378064
1.372659
1.367415
1.362449
1.357423
1.352268
1.346885
1.341649
1.336683
1.331441
1.326337
1.321216
1.315911
1.310669
1.305355
1.300468
1.295138
1.289742
1.284550
1.279511
1.274598
1.269701
1.264812
1.259827
1.254834
1.249782
1.244694
1.239751
1.234825
1.229869
1.224685
1.219324
1.213542
1.207767
1.202410
1.197017
1.191480
1.185867
1.180305
1.174727
1.169048
1.163340
1.157609
1.151807
1.145909
1.140056
1.134083
1.127984
1.121851
1.115692
1.109472
1.103178
1.096892
1.090562
1.084095
1.077630
1.070988
1.064512
1.057887
1.051308
1.044621
1.037937
1.031526
1.024911
1.018267
1.011564
1.004938
0.998125
0.991369
0.984697
0.977994
0.971199
0.964284
0.957675
0.950862
0.944028
0.937152
0.930272
0.923337
0.916552
0.909615
0.902787
0.895748
0.888872
0.881928
0.875048
0.868050
0.861044
0.853930
0.846950
0.839900
0.832833
0.825751
0.818642
0.811598
0.804464
0.797362
0.790215
0.783188
0.776132
0.769077
0.762048
0.755158
0.748270
0.741405
0.734559
0.727812
0.721104
0.714401
0.707809
0.701199
0.694520
0.687881
0.681209
0.674510
0.667945
0.661410
0.655036
0.648761
0.642449
0.636286
0.630106
0.624022
0.617988
0.611973
0.605965
0.600016
0.594043
0.588128
0.582320
0.576432
0.570758
0.564961
0.559350
0.553804
0.548403
0.542990
0.537708
0.532321
0.527025
0.521795
0.516695
0.511577
0.506575
0.501559
0.496628
0.491780
0.486922
0.482421
0.477790
0.473287
0.468855
0.464604
0.460400
0.456381
0.452179
0.448037
0.443903
0.439816
0.435715
0.431809
0.427992
0.424242
0.420715
0.417254
0.413880
0.410575
0.407381
0.404297
0.401285
0.398546
0.395894
0.393242
0.390729
0.388400
0.386235
0.384308
0.382413
0.380704
0.379088
0.377795
0.376994
0.376344
0.375812
0.375514
0.375446
0.375274
0.374520
0.373941
0.372571
0.371108
0.369618
0.368393
0.367272
0.366044
0.364797
0.363422
0.361830
0.359889
0.357920
0.355991
0.354123
0.352235
0.350180
0.347946
0.345731
0.343323
0.340934
0.338535
0.336138
0.333705
0.331434
0.329179
0.326920
0.324651
0.322293
0.319928
0.317344
0.314756
0.311895
0.309131
0.306300
0.303392
0.300540
0.297601
0.294781
0.291922
0.288968
0.285837
0.282590
0.279351
0.276202
0.273075
0.269966
0.266749
0.263519
0.260421
0.257023
0.253665
0.250287
0.246870
0.243503
0.240073
0.236566
0.233062
0.229631
0.226478
0.223415
0.220488
0.217454
0.214497
0.211663
0.208857
0.206010
0.203294
0.200606
0.197823
0.195168
0.192419
0.189737
0.187078
0.184387
0.181855
0.179386
0.176926
0.174654
0.172390
0.170174
0.168058
0.166022
0.163992
0.162128
0.160282
0.158680
0.156970
0.155176
0.153145
0.150941
0.148456
0.145946
0.143485
0.141123
0.138973
0.137043
0.135236
0.133372
0.131215
0.128926
0.126577
0.124352
0.122256
0.120308
0.118495
0.116709
0.115055
0.113359
0.111748
0.110317
0.108998
0.107681
0.106291
0.104919
0.103700
0.102771
0.101560
0.100436
0.099179
0.097827
0.096278
0.094641
0.092976
0.091247
0.089646
0.087992
0.086544
0.085112
0.083825
0.082546
0.081314
0.080144
0.078971
0.077799
0.076690
0.075561
0.074478
0.073394
0.072294
0.071148
0.070092
0.069082
0.068126
0.067173
0.066236
0.065417
0.064637
0.063926
0.063291
0.062678
0.062210
0.061862
0.061481
0.061283
0.061117
0.060947
0.060855
0.060795
0.060792
0.060850
0.061038
0.061134
0.061221
0.061398
0.061687
0.061917
0.062274
0.062688
0.063154
0.063517
0.064062
0.064651
0.065386
0.066169
0.066951
0.067873
0.068829
0.069800
0.070959
0.072099
0.073242
0.074478
0.075552
0.076731
0.077785
0.078935
0.079920
0.080945
0.081761
0.082474
0.082964
0.083338
0.083529
0.083382
0.083224
0.083143
0.083174
0.083143
0.083209
0.083503
0.084194
0.085246
0.086473
0.087603
0.088630
0.089638
0.090632
0.091400
0.091965
0.092423
0.092722
0.092930
0.093139
0.093596
0.094170
0.094878
0.095670
0.096453
0.097132
0.097773
0.098192
0.098419
0.098735
0.099095
0.099586
0.099811
0.099435
0.098459
0.099110
0.100699
0.102824
0.105320
0.107516
0.109670
0.111798
0.113927
0.115846
0.117597
0.119432
0.120901
0.122426
0.123479
0.124550
0.124970
0.125533
0.125824
0.126171
0.126324
0.126104
0.126101
0.125957
0.126100
0.126223
0.126249
0.126481
0.126424
0.126635
0.126615
0.126639
0.126686
0.126394
0.126465
0.126095
0.126164
0.125654
0.125323
0.125214
0.124579
0.124400
0.123620
0.123283
0.122496
0.122205
0.121430
0.120953
0.120103
0.119103
0.118615
0.117554
0.117108
0.116201
0.115493
0.114750
0.113989
0.113600
0.112648
0.111964
0.110982
0.110014
0.109176
0.108006
0.107241
0.105977
0.105279
0.104105
0.102910
0.102315
0.101119
0.100738
0.099782
0.099471
0.098477
0.098176
0.097300
0.096406
0.096004
0.095101
0.094759
0.093865
0.093312
0.092602
0.091983
0.091533
0.090749
0.090365
0.089623
0.089115
0.088644
0.087866
0.087548
0.086598
0.086177
0.084915
0.084021
0.083088
0.081896
0.081146
0.079769
0.079125
0.077778
0.077127
0.075839
0.075138
0.074031
0.072908
0.072437
0.071325
0.071124
0.070037
0.069565
0.069009
0.068381
0.068138
0.067268
0.067280
0.066705
0.066430
0.066259
0.065808
0.065939
0.065521
0.065826
0.065319
0.065094
0.065057
0.064363
0.064493
0.063822
0.063912
0.063368
0.063605
0.063363
0.063282
0.064084
0.064082
0.064965
0.064853
0.065483
0.065386
0.065527
0.065528
0.065120
0.064961
0.064017
0.063670
0.062839
0.062095
0.061591
0.060611
0.060424
0.059565
0.059272
0.058906
0.058349
0.058346
0.057664
0.057876
0.057290
0.057559
0.057116
0.056608
0.057041
0.056585
0.056852
0.056400
0.056885
0.056708
0.057208
0.057221
0.057455
0.057745
0.057644
0.058174
0.058103
0.058388
0.058432
0.058427
0.058730
0.058460
0.058687
0.058519
0.058456
0.058610
0.058195
0.058533
0.058020
0.058297
0.057750
0.058042
0.057379
0.056991
0.057102
0.056555
0.056786
0.056210
0.056549
0.056094
0.056324
0.056285
0.056034
0.056589
0.056272
0.056804
0.056649
0.056842
0.056945
0.056731
0.057084
0.056723
0.057031
0.056956
0.056916
0.057074
0.056727
0.057158
0.056770
0.057203
0.056762
0.056535
0.056782
0.056296
0.056710
0.056407
0.056876
0.056649
0.057335
0.057139
0.057485
0.057658
0.057503
0.058158
0.057940
0.058388
0.058341
0.058446
0.058670
0.058380
0.058749
0.058476
0.058588
0.058547
0.058353
0.058576
0.058024
0.058443
0.057957
0.058288
0.057788
0.057340
0.057607
0.057103
0.057482
0.057017
0.057511
0.057064
0.057493
0.057424
0.057072
0.057735
0.057379
0.057956
0.057737
0.057952
0.057872
0.057848
0.058028
0.057716
0.057930
0.057763
0.057631
0.057704
0.057245
0.057583
0.057077
0.057383
0.057074
0.056930
0.057193
0.056953
0.057447
0.057249
0.057716
0.057432
0.057964
0.057653
0.058045
0.057908
0.057614
0.058046
0.057770
0.058175
0.057867
0.058013
0.057949
0.057755
0.058009
0.057492
0.057695
0.057501
0.057308
0.057318
0.056890
0.057224
0.056753
0.056841
0.056805
0.056640
0.057059
0.056840
0.057386
0.057184
0.057692
0.057498
0.058064
0.057714
0.057410
0.057892
0.057490
0.058014
0.057564
0.057835
0.057581
0.057571
0.057539
0.057042
0.057461
0.057099
0.057216
0.057219
0.057074
0.057329
0.056904
0.057402
0.057009
0.056993
0.057068
0.056812
0.057189
0.056865
0.057247
0.056883
0.057305
0.056983
0.056564
0.056972
0.056660
0.057030
0.056648
0.057119
0.056688
0.056874
0.056741
0.056623
0.056737
0.056370
0.056614
0.056359
0.056386
0.056436
0.056246
0.056575
0.056275
0.056474
0.056427
0.056397
0.056604
0.056345
0.056753
0.056504
0.056983
0.056623
0.057124
0.056686
0.056416
0.056768
0.056485
0.056929
0.056564
0.056942
0.056649
0.056783
0.056789
0.056367
0.056910
0.056517
0.056850
0.056700
0.056679
0.056904
0.056544
0.057115
0.056623
0.056826
0.056836
0.056706
0.057050
0.056709
0.057224
0.056920
0.057393
0.057048
0.056770
0.057216
0.056902
0.057368
0.057069
0.057542
0.057214
0.057525
0.057287
0.057403
0.057413
0.057180
0.057596
0.057269
0.057591
0.057476
0.057449
0.057711
0.057353
0.057687
0.057506
0.057624
0.057714
0.057460
0.057853
0.057556
0.058024
0.057741
0.057597
0.057919
0.057520
0.058027
0.057724
0.058132
0.057899
0.058268
0.057923
0.058211
0.058073
0.057761
0.058239
0.057898
0.058264
0.058091
0.058184
0.058246
0.058056
0.058359
0.058008
0.058280
0.058168
0.058103
0.058265
0.058013
0.058374
0.058032
0.058551
0.058151
0.058010
0.058339
0.057907
0.058376
0.058016
0.058446
0.058118
0.058571
0.058236
0.057852
0.058282
0.057949
0.058364
0.057961
0.058235
0.058022
0.057992
0.058098
0.057775
0.058049
0.057718
0.057881
0.057774
0.057675
0.057855
0.057597
0.057947
0.057619
0.057609
0.057670
0.057480
0.057729
0.057498
0.057850
0.057550
0.057952
0.057576
0.057968
0.057655
0.057391
0.057802
0.057461
0.057909
0.057512
0.057707
0.057550
0.057483
0.057643
0.057285
0.057560
0.057321
0.057386
0.057376
0.057163
0.057458
0.057121
0.057587
0.057215
0.057182
0.057308
0.057060
0.057444
0.057179
0.057582
0.057288
0.057702
0.057256
0.056928
0.057338
0.057028
0.057418
0.057026
0.057441
0.057103
0.057197
0.057112
0.056954
0.057217
0.056786
0.057087
0.056928
0.056830
0.057061
0.056632
0.057029
0.056705
0.056715
0.056726
0.056528
0.056955
0.056662
0.057133
0.056903
0.057450
0.057130
0.056955
0.057325
0.057100
0.057634
0.057303
0.057732
0.057450
0.057737
0.057583
0.057554
0.057671
0.057247
0.057662
0.057354
0.057434
0.057357
0.057217
0.057428
0.057059
0.057358
0.057199
0.057264
0.057268
0.057135
0.057408
0.057190
0.057712
0.057304
0.057835
0.057485
0.057079
0.057606
0.057206
0.057750
0.057372
0.057855
0.057462
0.057660
0.057511
0.057182
0.057562
0.057195
0.057525
0.057202
0.057242
0.057242
0.057008
0.057419
0.056951
0.057245
0.057049
0.057051
0.057185
0.056994
0.057385
0.057098
0.057561
0.057207
0.056978
0.057264
0.056951
0.057428
0.057068
0.057505
0.057181
0.057652
0.057252
0.057410
0.057334
0.056972
0.057447
0.057060
0.057348
0.057151
0.057133
0.057257
0.056921
0.057264
0.056909
0.057114
0.057050
0.056907
0.057120
0.056800
0.057233
0.056871
0.057344
0.056959
0.056642
0.057042
0.056761
0.057186
0.056817
0.057288
0.056892
0.057339
0.057000
0.056642
0.057146
0.056743
0.057228
0.056893
0.057068
0.056967
0.056938
0.057074
0.056750
0.057146
0.056879
0.056953
0.056999
0.056809
0.057137
0.056804
0.057341
0.056923
0.056856
0.057080
0.056724
0.057241
0.056824
0.057384
0.056942
0.057458
0.057155
0.056698
0.057230
0.056875
0.057362
0.057030
0.057458
0.057145
0.057301
0.057257
0.057206
0.057453
0.057060
0.057358
0.057172
0.057218
0.057393
0.057104
0.057551
0.057151
0.057304
0.057313
0.057116
0.057490
0.057126
0.057606
0.057325
0.057794
0.057557
0.057945
0.057672
0.057339
0.057788
0.057487
0.057981
0.057560
0.057976
0.057846
0.057842
0.057991
0.057674
0.058041
0.057814
0.058027
0.057978
0.057937
0.058071
0.057803
0.058267
0.057835
0.057879
0.057945
0.057723
0.058019
0.057682
0.058144
0.057761
0.058217
0.057872
0.057549
0.058105
0.057735
0.058245
0.057874
0.058359
0.058017
0.058254
0.058125
0.058080
0.058193
0.057918
0.058261
0.058013
0.058128
0.058085
0.057983
0.058221
0.057949
0.058132
0.058040
0.057997
0.058194
0.057825
0.058274
0.057935
0.058370
0.058028
0.058483
0.058185
0.057778
0.058273
0.057931
0.058342
0.058048
0.058399
0.058106
0.058327
0.058322
0.058025
0.058523
0.058201
0.058515
0.058385
0.058401
0.058568
0.058300
0.058672
0.058390
0.058542
0.058511
0.058439
0.058646
0.058359
0.058813
0.058471
0.058964
0.058565
0.058294
0.058676
0.058349
0.058792
0.058475
0.058861
0.058545
0.058838
0.058571
0.058649
0.058612
0.058251
0.058663
0.058247
0.058476
0.058300
0.058178
0.058339
0.057988
0.058248
0.058025
0.058013
0.058051
0.057826
0.058075
0.057751
0.058164
0.057835
0.057718
0.057888
0.057580
0.057966
0.057672
0.058034
0.057714
0.058085
0.057799
0.058088
0.057858
0.057618
0.058064
0.057660
0.058109
0.057827
0.057915
0.057948
0.057761
0.058100
0.057789
0.058013
0.057878
0.057942
0.058055
0.057781
0.058230
0.057891
0.058365
0.058038
0.057920
0.058219
0.057913
0.058399
0.058096
0.058569
0.058297
0.058731
0.058441
0.058131
0.058582
0.058205
0.058730
0.058385
0.058735
0.058608
0.058636
0.058714
0.058551
0.058850
0.058600
0.058742
0.058687
0.058656
0.058790
0.058580
0.059022
0.058691
0.058754
0.058826
0.058525
0.058964
0.058582
0.059063
0.058703
0.059181
0.058837
0.059228
0.058945
0.058697
0.059080
0.058803
0.059249
0.058941
0.059160
0.059037
0.059007
0.059152
0.058817
0.059199
0.058992
0.059112
0.059096
0.058989
0.059221
0.058915
0.059371
0.059066
0.059053
0.059225
0.058946
0.059313
0.059020
0.059375
0.059106
0.059531
0.059178
0.058806
0.059203
0.058868
0.059244
0.058908
0.059307
0.058982
0.059096
0.059033
0.058913
0.059058
0.058735
0.058910
0.058710
0.058651
0.058716
0.058381
0.058758
0.058358
0.058465
0.058349
0.058207
0.058386
0.057972
0.058398
0.057960
0.058442
0.057957
0.057680
0.057969
0.057668
0.058038
0.057707
0.058154
0.057734
0.058105
0.057885
0.057938
0.057973
0.057644
0.058046
0.057732
0.057970
0.057802
0.057774
0.057898
0.057634
0.057881
0.057744
0.057782
0.057819
0.057649
0.057903
0.057665
0.058143
0.057807
0.058291
0.057933
0.057662
0.058112
0.057833
0.058324
0.057987
0.058471
0.058207
0.058519
0.058386
0.058146
0.058584
0.058332
0.058708
0.058563
0.058727
0.058748
0.058601
0.058995
0.058642
0.058913
0.058854
0.058796
0.059099
0.058807
0.059229
0.058912
0.059395
0.059062
0.058862
0.059199
0.058835
0.059288
0.059000
0.059395
0.059087
0.059482
0.059146
0.059396
0.059268
0.058938
0.059377
0.058944
0.059278
0.059058
0.059028
0.059163
0.058835
0.059138
0.058784
0.058946
0.058882
0.058721
0.058847
0.058537
0.058964
0.058519
0.058937
0.058557
0.058216
0.058542
0.058189
0.058537
0.058184
0.058665
0.058253
0.058613
0.058381
0.058029
0.058453
0.058117
0.058585
0.058167
0.058425
0.058262
0.058184
0.058329
0.058064
0.058294
0.058121
0.058126
0.058205
0.057968
0.058242
0.057900
0.058345
0.057998
0.057914
0.057977
0.057741
0.058140
0.057827
0.058261
0.057949
0.058425
0.057993
0.057738
0.058117
0.057775
0.058222
0.057832
0.058235
0.057874
0.058039
0.057965
0.057799
0.058016
0.057626
0.057907
0.057726
0.057640
0.057787
0.057482
0.057843
0.057490
0.057553
0.057533
0.057432
0.057573
0.057254
0.057685
0.057334
0.057754
0.057409
0.057816
0.057476
0.057087
0.057598
0.057210
0.057686
0.057267
0.057646
0.057417
0.057468
0.057513
0.057135
0.057597
0.057302
0.057465
0.057366
0.057337
0.057532
0.057175
0.057702
0.057283
0.057414
0.057478
0.057240
0.057627
0.057299
0.057755
0.057441
0.057900
0.057563
0.057233
0.057705
0.057353
0.057868
0.057554
0.057999
0.057692
0.057970
0.057842
0.057890
0.058003
0.057729
0.058081
0.057864
0.057984
0.057980
0.057890
0.058117
0.057836
0.058067
0.057983
0.057977
0.058133
0.057826
0.058207
0.057861
0.058417
0.058066
0.058510
0.058156
0.057826
0.058249
0.057947
0.058368
0.057981
0.058528
0.058089
0.058305
0.058254
0.057892
0.058307
0.058074
0.058236
0.058084
0.058119
0.058171
0.057899
0.058261
0.057871
0.058013
0.057948
0.057814
0.058138
0.057644
0.058204
0.057782
0.058260
0.057878
0.057593
0.058009
0.057660
0.058115
0.057789
0.058260
0.057902
0.058305
0.058002
0.058130
0.058115
0.057733
0.058269
0.057872
0.058147
0.058049
0.057975
0.058136
0.057929
0.058135
0.058002
0.058066
0.058132
0.057905
0.058268
0.057848
0.058414
0.058044
0.057916
0.058234
0.057807
0.058413
0.057922
0.058471
0.058044
0.058586
0.058177
0.058491
0.058332
0.057950
0.058425
0.058069
0.058436
0.058215
0.058351
0.058325
0.058257
0.058518
0.058170
0.058463
0.058310
0.058326
0.058490
0.058195
0.058657
0.058291
0.058774
0.058465
0.058297
0.058589
0.058265
0.058680
0.058384
0.058870
0.058454
0.059021
0.058615
0.058330
0.058716
0.058353
0.058832
0.058456
0.058701
0.058441
0.058457
0.058526
0.058304
0.058467
0.058184
0.058288
0.058172
0.058021
0.058267
0.057830
0.058352
0.057965
0.057982
0.057948
0.057793
0.058038
0.057710
0.058123
0.057697
0.058114
0.057794
0.058163
0.057813
0.057449
0.057824
0.057470
0.057798
0.057505
0.057688
0.057521
0.057472
0.057585
0.057263
0.057555
0.057299
0.057409
0.057393
0.057271
0.057480
0.057119
0.057652
0.057244
0.057186
0.057427
0.056981
0.057532
0.057225
0.057671
0.057451
0.057846
0.057656
0.057370
0.057730
0.057506
0.057991
0.057681
0.058202
0.057884
0.058118
0.058106
0.058040
0.058319
0.058080
0.058401
0.058235
0.058314
0.058446
0.058234
0.058580
0.058412
0.058597
0.058579
0.058508
0.058811
0.058470
0.058930
0.058594
0.059085
0.058701
0.058449
0.058843
0.058553
0.058956
0.058613
0.058991
0.058709
0.058983
0.058752
0.058836
0.058791
0.058453
0.058820
0.058442
0.058629
0.058467
0.058378
0.058612
0.058182
0.058511
0.058296
0.058322
0.058433
0.058143
0.058536
0.058172
0.058514
0.058260
0.058683
0.058337
0.058075
0.058471
0.058207
0.058570
0.058309
0.058686
0.058412
0.058611
0.058477
0.058106
0.058527
0.058213
0.058540
0.058304
0.058396
0.058447
0.058283
0.058573
0.058285
0.058482
0.058416
0.058380
0.058543
0.058309
0.058689
0.058391
0.058802
0.058536
0.058331
0.058699
0.058299
0.058745
0.058487
0.058946
0.058549
0.059022
0.058644
0.058902
0.058800
0.058530
0.059011
0.058683
0.058891
0.058778
0.058818
0.058822
0.058694
0.058878
0.058773
0.058886
0.058833
0.058742
0.058989
0.058691
0.059160
0.058811
0.059288
0.058909
0.058740
0.059044
0.058777
0.059189
0.058876
0.059293
0.058908
0.059311
0.058996
0.058674
0.059075
0.058726
0.059050
0.058741
0.058944
0.058788
0.058737
0.058788
0.058513
0.058692
0.058493
0.058539
0.058470
0.058305
0.058543
0.058142
0.058600
0.058169
0.058170
0.058294
0.057932
0.058425
0.058106
0.058506
0.058205
0.058646
0.058254
0.057932
0.058394
0.058039
0.058451
0.058142
0.058518
0.058233
0.058394
0.058335
0.058234
0.058445
0.058081
0.058332
0.058179
0.058143
0.058214
0.057928
0.058330
0.057953
0.058079
0.058044
0.057824
0.058125
0.057783
0.058191
0.057887
0.058269
0.057937
0.058382
0.058019
0.057698
0.058106
0.057730
0.058125
0.057787
0.058039
0.057809
0.057849
0.057812
0.057514
0.057933
0.057499
0.057671
0.057548
0.057485
0.057596
0.057228
0.057655
0.057275
0.057248
0.057313
0.057070
0.057374
0.057028
0.057397
0.057037
0.057507
0.057118
0.056780
0.057177
0.056834
0.057288
0.056896
0.057393
0.057045
0.057303
0.057140
0.057131
0.057258
0.056943
0.057223
0.057063
0.057095
0.057177
0.056974
0.057295
0.056922
0.057166
0.057033
0.057004
0.057173
0.056912
0.057248
0.056942
0.057389
0.057027
0.057511
0.057080
0.056783
0.057147
0.056877
0.057264
0.056950
0.057363
0.057021
0.057199
0.057119
0.056858
0.057233
0.056931
0.057236
0.056994
0.057090
0.057116
0.056952
0.057262
0.056893
0.057090
0.057044
0.056929
0.057172
0.056861
0.057213
0.056971
0.057386
0.057073
0.056782
0.057162
0.056915
0.057287
0.056994
0.057511
0.057032
0.057571
0.057279
0.057405
0.057460
0.057095
0.057576
0.057284
0.057480
0.057430
0.057428
0.057590
0.057289
0.057571
0.057367
0.057476
0.057480
0.057328
0.057579
0.057297
0.057736
0.057446
0.057378
0.057485
0.057269
0.057679
0.057315
0.057845
0.057469
0.057938
0.057624
0.057901
0.057652
0.057340
0.057840
0.057448
0.057882
0.057456
0.057672
0.057612
0.057473
0.057746
0.057343
0.057587
0.057461
0.057363
0.057479
0.057240
0.057549
0.057243
0.057634
0.057309
0.057094
0.057315
0.057039
0.057361
0.057056
0.057462
0.057141
0.057563
0.057204
0.056778
0.057274
0.056881
0.057343
0.056981
0.057358
0.057051
0.057114
0.057151
0.057000
6.752639
6.752051
6.746410
6.741712
6.741173
6.741048
6.738699
6.736716
6.734869
6.731033
6.727407
6.723183
6.718344
6.713037
6.707317
6.701138
6.694675
6.687877
6.680753
6.673375
6.665667
6.657758
6.649550
6.641176
6.632746
6.624062
6.615003
6.605993
6.596671
6.587215
6.577534
6.567735
6.557772
6.547633
6.537399
6.526955
6.516465
6.505765
6.494932
6.484039
6.473148
6.462051
6.450863
6.439748
6.428728
6.417453
6.406140
6.394978
6.383729
6.372382
6.361223
6.350300
6.339409
6.328445
6.317380
6.305723
6.294694
6.284365
6.274279
6.263560
6.252387
6.241640
6.231043
6.220100
6.209010
6.198218
6.187201
6.175798
6.164492
6.153133
6.141391
6.129614
6.117704
6.105815
6.094113
6.082242
6.070275
6.058569
6.047049
6.035352
6.023686
6.012227
6.000719
5.989111
5.977647
5.966208
5.954985
5.943925
5.932688
5.921384
5.910125
5.899236
5.888061
5.876617
5.865255
5.854212
5.843102
5.831584
5.820489
5.809609
5.798427
5.787317
5.776415
5.765505
5.754401
5.743409
5.732589
5.721965
5.711391
5.700619
5.689761
5.679254
5.668834
5.658033
5.647400
5.637146
5.626688
5.616065
5.605697
5.595583
5.585025
5.574650
5.564471
5.554365
5.543961
5.533659
5.523669
5.513847
5.503794
5.493745
5.483960
5.474118
5.464723
5.454887
5.444473
5.435404
5.426309
5.417158
5.407778
5.398293
5.388831
5.378911
5.368960
5.359211
5.349198
5.338938
5.328965
5.318917
5.308535
5.297797
5.287155
5.276530
5.265437
5.254327
5.243449
5.232575
5.221674
5.210599
5.199748
5.188924
5.177798
5.166457
5.155465
5.144445
5.133252
5.122293
5.111528
5.100441
5.089245
5.078339
5.067354
5.055848
5.044953
5.034010
5.022668
5.011157
5.000145
4.989356
4.978159
4.967123
4.956507
4.946022
4.935374
4.925002
4.914740
4.904439
4.894103
4.884090
4.874132
4.864085
4.854060
4.844252
4.834178
4.824090
4.814461
4.804834
4.794989
4.785403
4.775920
4.766302
4.756680
4.747253
4.737938
4.728636
4.719479
4.710476
4.701412
4.692440
4.683531
4.674767
4.666043
4.657281
4.648701
4.640033
4.630513
4.622712
4.614790
4.606982
4.599313
4.591406
4.583578
4.575806
4.568229
4.560322
4.552523
4.544768
4.536869
4.528592
4.520377
4.511817
4.502767
4.493598
4.484147
4.474590
4.465261
4.455800
4.446393
4.437011
4.426936
4.416810
4.406900
4.396798
4.386023
4.375127
4.364546
4.353826
4.342947
4.332634
4.322156
4.311266
4.300465
4.290103
4.279889
4.269407
4.258785
4.247975
4.237967
4.227898
4.217140
4.206790
4.196882
4.186631
4.176054
4.165920
4.156057
4.146094
4.136314
4.126776
4.116721
4.106968
4.097301
4.087527
4.077450
4.067533
4.057888
4.047984
4.037975
4.028524
4.018904
4.009131
3.999947
3.990986
3.981669
3.972213
3.963234
3.954351
3.944865
3.935526
3.926473
3.917304
3.907775
3.898408
3.889326
3.880258
3.872080
3.863869
3.856432
3.847690
3.840214
3.831962
3.824670
3.816613
3.808045
3.800072
3.792129
3.783767
3.775693
3.767914
3.760449
3.752057
3.744001
3.735722
3.727062
3.718625
3.710271
3.701823
3.693510
3.684461
3.675109
3.665264
3.654875
3.644301
3.633690
3.622829
3.611792
3.600719
3.589716
3.578712
3.567757
3.556984
3.546154
3.535225
3.524705
3.514309
3.503591
3.492559
3.481670
3.470984
3.460513
3.450089
3.439260
3.428033
3.416706
3.405209
3.394015
3.382696
3.370992
3.359627
3.348439
3.337007
3.325572
3.314664
3.303635
3.292455
3.281605
3.271105
3.260176
3.249109
3.238691
3.228021
3.216870
3.205925
3.195416
3.184708
3.173743
3.163306
3.153111
3.142856
3.133222
3.124211
3.115389
3.106234
3.097130
3.088645
3.079786
3.070832
3.062495
3.054235
3.045521
3.037313
3.028756
3.021719
3.014176
3.006327
2.997914
2.987969
2.977422
2.966631
2.955439
2.943630
2.931963
2.920282
2.908524
2.896659
2.884707
2.872632
2.860372
2.848465
2.836509
2.824411
2.812144
2.799867
2.787436
2.775019
2.762403
2.749826
2.737028
2.724066
2.711090
2.698221
2.685131
2.671777
2.658471
2.645237
2.631940
2.618451
2.604949
2.591372
2.577777
2.564090
2.550357
2.536602
2.523450
2.510384
2.497108
2.484121
2.471055
2.457479
2.443772
2.430210
2.416881
2.403703
2.390593
2.377467
2.364648
2.352091
2.339406
2.326796
2.314516
2.302235
2.289924
2.277951
2.266264
2.254474
2.242725
2.231621
2.220046
2.208221
2.196512
2.185238
2.173776
2.162256
2.150531
2.138813
2.127058
2.115459
2.103916
2.092493
2.081431
2.070225
2.058585
2.046843
2.035041
2.023383
2.011624
1.999848
1.988107
1.976405
1.964760
1.953134
1.941867
1.930626
1.919543
1.908429
1.897565
1.886748
1.875958
1.865237
1.854673
1.844240
1.833872
1.823567
1.813585
1.803658
1.793890
1.784256
1.774818
1.765578
1.756443
1.747540
1.738828
1.730217
1.721782
1.713388
1.705213
1.697132
1.689133
1.681364
1.673699
1.666233
1.658667
1.651473
1.644252
1.637104
1.630016
1.623036
1.616110
1.609336
1.602535
1.595853
1.589203
1.582520
1.575962
1.569399
1.562879
1.556452
1.550008
1.543623
1.537244
1.531061
1.524895
1.518934
1.512939
1.507034
1.501168
1.495308
1.489571
1.483727
1.478122
1.472252
1.466545
1.462538
1.459138
1.455442
1.451778
1.447928
1.444128
1.440349
1.436413
1.432485
1.428350
1.424254
1.419889
1.415347
1.410697
1.406081
1.401392
1.396668
1.391844
1.387080
1.382195
1.377356
1.372609
1.367743
1.362914
1.358080
1.353223
1.348381
1.343536
1.338724
1.333862
1.328984
1.324103
1.319142
1.314335
1.309625
1.304918
1.300256
1.295376
1.290514
1.285514
1.280353
1.274993
1.269689
1.264390
1.259154
1.253765
1.248266
1.242972
1.237789
1.232749
1.227702
1.222558
1.217390
1.212377
1.207284
1.202261
1.197275
1.192307
1.187279
1.182319
1.177302
1.172225
1.167251
1.162138
1.157043
1.151930
1.146760
1.141368
1.136056
1.130591
1.125214
1.119764
1.114250
1.108795
1.103343
1.097917
1.092387
1.086846
1.081515
1.076254
1.071076
1.069103
1.067090
1.065208
1.063495
1.060715
1.058025
1.055482
1.052858
1.050232
1.047549
1.044697
1.041914
1.039035
1.036059
1.033103
1.030017
1.026674
1.023368
1.019900
1.016299
1.012520
1.008622
1.004609
1.000484
0.996194
0.991819
0.987332
0.982778
0.978321
0.973780
0.969181
0.964439
0.959680
0.954741
0.949787
0.944601
0.939421
0.934158
0.928871
0.923594
0.918313
0.912932
0.907629
0.902341
0.896943
0.891650
0.886304
0.880843
0.875528
0.870241
0.864944
0.859641
0.854462
0.849183
0.843892
0.838668
0.833377
0.828225
0.822899
0.817469
0.811903
0.806377
0.800899
0.795436
0.789912
0.784331
0.778769
0.773102
0.767528
0.761920
0.756274
0.750541
0.744855
0.739096
0.733312
0.727527
0.721565
0.715201
0.709754
0.704273
0.699016
0.693257
0.687490
0.681732
0.675965
0.670158
0.664364
0.658502
0.652852
0.647167
0.641460
0.635746
0.629955
0.624210
0.618507
0.612715
0.606958
0.601114
0.595322
0.589485
0.583536
0.577609
0.571733
0.565795
0.559761
0.553898
0.547991
0.542133
0.536387
0.530621
0.524878
0.519077
0.513367
0.507379
0.501500
0.495481
0.489578
0.483739
0.477890
0.472108
0.466360
0.460527
0.454686
0.448856
0.443201
0.437547
0.431916
0.426246
0.420643
0.415023
0.409237
0.403539
0.397758
0.392262
0.386920
0.381945
0.377036
0.371859
0.366817
0.361592
0.356142
0.350518
0.344883
0.339169
0.333480
0.327717
0.322047
0.316362
0.310608
0.304881
0.299163
0.293505
0.287822
0.282028
0.276361
0.270609
0.264932
0.259393
0.253643
0.248063
0.242466
0.236797
0.231099
0.225454
0.219822
0.214264
0.208849
0.203714
0.198856
0.194263
0.189901
0.185625
0.181633
0.177812
0.174002
0.170233
0.166555
0.162857
0.159443
0.156067
0.153005
0.149768
0.146804
0.143889
0.141282
0.138748
0.136401
0.134345
0.132443
0.130512
0.128589
0.126668
0.124833
0.122710
0.120506
0.118177
0.115882
0.113445
0.110953
0.108599
0.106276
0.104089
0.101976
0.099964
0.098074
0.096436
0.095032
0.093851
0.092937
0.092213
0.091718
0.091386
0.091098
0.090828
0.090381
0.089868
0.089350
0.088975
0.088623
0.088369
0.088113
0.087743
0.087247
0.086424
0.085637
0.084797
0.083876
0.082861
0.081751
0.080511
0.079350
0.078428
0.077504
0.076940
0.076449
0.076212
0.076013
0.075844
0.075929
0.075933
0.076128
0.076296
0.076500
0.076709
0.076904
0.077040
0.077257
0.077433
0.077371
0.077149
0.076860
0.076441
0.075906
0.075375
0.074782
0.074032
0.073077
0.072227
0.071020
0.069813
0.068862
0.068236
0.067763
0.067385
0.066936
0.066663
0.066405
0.066343
0.065950
0.065690
0.065434
0.065147
0.065074
0.065115
0.065296
0.065583
0.065880
0.066095
0.066255
0.066552
0.066906
0.067062
0.067115
0.067356
0.067288
0.067259
0.067117
0.067065
0.067040
0.066886
0.066808
0.066653
0.066330
0.065947
0.065447
0.064969
0.064566
0.064102
0.063808
0.063820
0.064077
0.064238
0.064401
0.064534
0.064896
0.065433
0.066140
0.066819
0.067549
0.068287
0.069003
0.069477
0.069799
0.069926
0.069973
0.069847
0.069573
0.069070
0.068173
0.067210
0.066168
0.065216
0.064486
0.063724
0.062726
0.061901
0.061002
0.059804
0.058266
0.056854
0.055486
0.054369
0.053182
0.052252
0.051461
0.050742
0.049939
0.049438
0.049413
0.049281
0.049065
0.048986
0.048778
0.048610
0.048571
0.048363
0.048063
0.048067
0.048071
0.048088
0.048181
0.048484
0.049018
0.049524
0.050282
0.050930
0.051449
0.052026
0.052884
0.053868
0.055102
0.056221
0.057266
0.058175
0.059070
0.059897
0.060639
0.061329
0.061958
0.062536
0.063358
0.064085
0.064848
0.065624
0.066479
0.067324
0.068287
0.069290
0.070297
0.071311
0.072083
0.072657
0.073271
0.073738
0.074127
0.074494
0.074870
0.075183
0.075367
0.075542
0.075570
0.075632
0.075575
0.075489
0.075470
0.075584
0.075472
0.075367
0.075396
0.075322
0.075296
0.075356
0.075675
0.076280
0.076940
0.077826
0.079076
0.080418
0.081700
0.083013
0.084353
0.085706
0.086834
0.087826
0.088828
0.089754
0.090666
0.091418
0.091831
0.092168
0.092368
0.092322
0.092218
0.091880
0.091767
0.091280
0.090348
0.089238
0.088308
0.087576
0.086752
0.085952
0.085243
0.084365
0.083367
0.082295
0.081050
0.079770
0.078447
0.077151
0.075773
0.074305
0.072870
0.071490
0.070094
0.068698
0.067392
0.066093
0.064934
0.063763
0.062733
0.061686
0.060632
0.059460
0.058362
0.057108
0.055856
0.054730
0.053685
0.052645
0.051573
0.050413
0.049384
0.048420
0.047536
0.046847
0.046298
0.045893
0.045599
0.045322
0.045069
0.044776
0.044355
0.044029
0.043798
0.043769
0.043491
0.042977
0.042211
0.041494
0.040446
0.039367
0.038255
0.037070
0.035916
0.034794
0.033944
0.033332
0.032839
0.032497
0.032147
0.031694
0.031384
0.031273
0.031180
0.031133
0.031075
0.031200
0.031271
0.031216
0.031218
0.031245
0.031188
0.030996
0.030834
0.030750
0.030816
0.030731
0.030734
0.030818
0.030740
0.030516
0.030696
0.031191
0.032199
0.033611
0.035162
0.037012
0.038946
0.040792
0.042631
0.044218
0.045677
0.046972
0.048132
0.049113
0.050005
0.050872
0.051538
0.052274
0.053085
0.053830
0.054698
0.055811
0.057114
0.058726
0.060682
0.062816
0.065202
0.067731
0.070226
0.072835
0.075485
0.078137
0.080736
0.083107
0.085259
0.087053
0.088566
0.089630
0.090400
0.090927
0.091203
0.091084
0.091080
0.090975
0.090684
0.090737
0.090997
0.091483
0.092332
0.093597
0.095001
0.096562
0.098192
0.099949
0.101795
0.103444
0.105245
0.106791
0.108246
0.109417
0.110301
0.110984
0.111468
0.111690
0.111685
0.111639
0.111247
0.110977
0.111000
0.111158
0.111441
0.111765
0.112081
0.112438
0.112816
0.113320
0.113805
0.114315
0.114926
0.115514
0.116060
0.116545
0.117163
0.117621
0.117998
0.118422
0.118831
0.119079
0.119191
0.119328
0.119589
0.119856
0.120183
0.120345
0.120578
0.120659
0.120750
0.120828
0.120843
0.120885
0.120972
0.121033
0.120950
0.120882
0.120761
0.120669
0.120560
0.120553
0.120596
0.120910
0.121261
0.121709
0.122558
0.123569
0.124856
0.126362
0.127650
0.128564
0.129292
0.129970
0.130696
0.131442
0.132037
0.132594
0.133181
0.133638
0.134262
0.135154
0.136019
0.136870
0.137602
0.138098
0.138318
0.138377
0.138554
0.138679
0.138818
0.138879
0.138791
0.138673
0.138455
0.138063
0.137650
0.137152
0.136724
0.136181
0.135672
0.135039
0.134490
0.133948
0.133366
0.132697
0.131899
0.131274
0.130553
0.129902
0.129407
0.129228
0.129056
0.128981
0.129002
0.129148
0.129364
0.129580
0.129992
0.130515
0.130948
0.131381
0.131750
0.132016
0.132430
0.132764
0.133037
0.133378
0.133688
0.134009
0.134311
0.134476
0.134616
0.134491
0.134557
0.134835
0.135342
0.135678
0.135923
0.135931
0.136013
0.136121
0.136140
0.136241
0.136612
0.137168
0.137778
0.138707
0.139808
0.140895
0.141962
0.143148
0.144094
0.144738
0.145046
0.145116
0.144696
0.144029
0.143215
0.142506
0.141759
0.141206
0.140824
0.140242
0.139711
0.139020
0.138132
0.137085
0.136061
0.135205
0.134381
0.133562
0.132793
0.132155
0.131654
0.131397
0.131291
0.130974
0.130672
0.130379
0.130283
0.130270
0.130160
0.129838
0.129560
0.129238
0.128994
0.128769
0.128588
0.128370
0.128113
0.127931
0.127837
0.127898
0.127844
0.127783
0.127668
0.127454
0.127250
0.126934
0.126533
0.125999
0.125617
0.125231
0.125109
0.124771
0.124080
0.123540
0.123030
0.122289
0.121552
0.120768
0.120021
0.119312
0.118934
0.118725
0.118628
0.118645
0.118728
0.118611
0.118456
0.118275
0.118154
0.118078
0.118208
0.118328
0.118639
0.118722
0.118939
0.119112
0.119478
0.119887
0.120338
0.120938
0.121430
0.121871
0.122295
0.122602
0.122923
0.123268
0.123551
0.123851
0.124156
0.124362
0.124728
0.125231
0.125787
0.126437
0.127065
0.127694
0.128286
0.128861
0.129521
0.130269
0.131302
0.132493
0.133465
0.134262
0.134723
0.134890
0.134766
0.134456
0.134083
0.133653
0.133228
0.132884
0.132178
0.131170
0.130064
0.128986
0.127953
0.126742
0.125555
0.124286
0.122926
0.121718
0.120600
0.119503
0.118477
0.117451
0.116364
0.115396
0.114339
0.113158
0.111761
0.110309
0.108857
0.107315
0.105921
0.104526
0.103108
0.101837
0.100713
0.099810
0.098858
0.097887
0.096924
0.095717
0.094543
0.093376
0.092227
0.091153
0.090150
0.089289
0.088364
0.087618
0.086924
0.086313
0.085875
0.085497
0.085084
0.084688
0.084518
0.084068
0.083492
0.082795
0.081913
0.080802
0.079456
0.078006
0.076712
0.074732
0.072982
0.071183
0.069411
0.067663
0.065922
0.064233
0.062575
0.060859
