1.172310
1.172310
1.172310
1.172310
1.172310
1.172310
1.172310
1.172310
1.172248
1.172162
1.172060
1.171917
1.171763
1.171631
1.171495
1.171320
1.171164
1.171002
1.170746
1.170478
1.170239
1.169857
1.169354
1.168649
1.167790
1.166861
1.165720
1.164600
1.163441
1.162298
1.161118
1.159931
1.158784
1.157594
1.156308
1.154978
1.153675
1.152238
1.150886
1.149451
1.148074
1.146578
1.145085
1.143582
1.141892
1.140412
1.138723
1.137183
1.135562
1.133869
1.132329
1.130790
1.129172
1.127700
1.126099
1.124508
1.122976
1.121496
1.119872
1.118380
1.116756
1.115166
1.113579
1.112049
1.110216
1.108586
1.106883
1.105233
1.103624
1.101933
1.100332
1.098496
1.096730
1.094776
1.092674
1.090701
1.088669
1.086649
1.084538
1.082529
1.080370
1.078149
1.075876
1.073605
1.071263
1.069022
1.066797
1.064489
1.062273
1.060063
1.057808
1.055470
1.053166
1.050786
1.048430
1.045987
1.043632
1.041348
1.038968
1.036646
1.034422
1.032038
1.029585
1.027268
1.024864
1.022519
1.020058
1.017595
1.015253
1.012840
1.010557
1.007975
1.005665
1.003133
1.000640
0.998108
0.995551
0.993079
0.990680
0.988186
0.985770
0.983223
0.980619
0.978160
0.975535
0.973034
0.970454
0.967767
0.965266
0.962710
0.960268
0.957609
0.955031
0.952313
0.949669
0.947149
0.944526
0.941994
0.939326
0.936696
0.933949
0.931221
0.928579
0.925870
0.923226
0.920567
0.917911
0.915196
0.912509
0.909711
0.906982
0.904284
0.901505
0.898836
0.896065
0.893445
0.890722
0.887989
0.885161
0.882239
0.879542
0.876775
0.874052
0.871360
0.868560
0.865786
0.862918
0.860120
0.857222
0.854295
0.851317
0.848421
0.845627
0.842888
0.839987
0.837254
0.834378
0.831602
0.828927
0.826201
0.823631
0.820807
0.818186
0.815545
0.812780
0.810017
0.807084
0.804237
0.801288
0.798417
0.795608
0.792985
0.790358
0.787795
0.785369
0.782904
0.780452
0.778006
0.775535
0.773103
0.770745
0.768332
0.766103
0.763842
0.761682
0.759506
0.757302
0.755077
0.752681
0.750339
0.747962
0.745519
0.743208
0.740867
0.738837
0.736659
0.734723
0.732716
0.730512
0.728336
0.726055
0.723836
0.721544
0.719397
0.717380
0.715424
0.713483
0.711534
0.709605
0.707605
0.705498
0.703240
0.701300
0.699070
0.697099
0.695361
0.693567
0.691716
0.690004
0.688110
0.686171
0.684130
0.682193
0.680149
0.678342
0.676532
0.674746
0.673078
0.671226
0.669327
0.667392
0.665458
0.663609
0.661706
0.660014
0.658330
0.656630
0.655096
0.653422
0.651706
0.650027
0.648374
0.646401
0.644620
0.642966
0.641214
0.639589
0.638043
0.636442
0.634889
0.633382
0.631737
0.630089
0.628368
0.626612
0.624908
0.623266
0.621675
0.620251
0.618694
0.617264
0.615741
0.614235
0.612639
0.611043
0.609438
0.607866
0.606183
0.604674
0.603219
0.601861
0.600277
0.598956
0.597343
0.595808
0.594267
0.592692
0.591152
0.589686
0.588129
0.586691
0.585239
0.583744
0.582246
0.580804
0.579200
0.577624
0.576111
0.574587
0.573020
0.571629
0.570075
0.568652
0.567244
0.565848
0.564335
0.563040
0.561611
0.560204
0.558757
0.557490
0.556015
0.554637
0.553389
0.551856
0.550760
0.549412
0.548083
0.546773
0.545619
0.544264
0.542928
0.541810
0.540519
0.539337
0.538083
0.536885
0.535669
0.534435
0.533331
0.532140
0.531029
0.529952
0.528718
0.527636
0.526571
0.525457
0.524268
0.523291
0.522205
0.521149
0.520099
0.519091
0.517922
0.516965
0.515999
0.514984
0.514056
0.513020
0.511991
0.511157
0.510074
0.509201
0.508250
0.507310
0.506470
0.505494
0.504669
0.503781
0.502905
0.502112
0.501112
0.500345
0.499623
0.498679
0.497802
0.497077
0.496313
0.495385
0.494718
0.493976
0.493165
0.492439
0.491736
0.490938
0.490220
0.489457
0.488883
0.488168
0.487463
0.486824
0.486138
0.485467
0.484891
0.484154
0.483534
0.482945
0.482320
0.481712
0.481131
0.480577
0.479975
0.479296
0.478831
0.478328
0.477714
0.477149
0.476676
0.476104
0.475623
0.475091
0.474537
0.474029
0.473646
0.473210
0.472590
0.472040
0.471635
0.471235
0.470840
0.470312
0.469839
0.469427
0.469028
0.468644
0.468098
0.467755
0.467358
0.466985
0.466537
0.466225
0.465868
0.465439
0.465127
0.464717
0.464399
0.463966
0.463693
0.463345
0.463001
0.462718
0.462370
0.462017
0.461731
0.461331
0.461159
0.460883
0.460587
0.460321
0.460001
0.344336
0.344001
0.343704
0.343498
0.343207
0.342964
0.342703
0.342513
0.342294
0.342036
0.341795
0.341574
0.341383
0.341182
0.340941
0.340697
0.340572
0.340387
0.340191
0.339962
0.339770
0.339617
0.339372
0.339192
0.339010
0.338854
0.338679
0.338500
0.338350
0.338173
0.337992
0.337823
0.337678
0.337552
0.337363
0.337217
0.337132
0.336926
0.336747
0.336618
0.336494
0.336398
0.336231
0.336085
0.335952
0.335846
0.335703
0.335620
0.335465
0.335342
0.335210
0.335128
0.334994
0.334899
0.334791
0.334656
0.334533
0.334413
0.334364
0.334255
0.334122
0.334022
0.333912
0.333828
0.333762
0.333672
0.333550
0.333466
0.333365
0.333284
0.250800
0.250710
0.250649
0.250503
0.250450
0.250340
0.250324
0.250232
0.250153
0.250055
0.249949
0.249813
0.249680
0.249450
0.249304
0.249107
0.248904
0.248694
0.248542
0.248360
0.248270
0.248248
0.248173
0.248037
0.247858
0.247513
0.247120
0.246522
0.245749
0.244883
0.243891
0.242786
0.241617
0.240432
0.239245
0.238104
0.236917
0.235814
0.234652
0.233493
0.232363
0.231155
0.229950
0.228761
0.227572
0.226403
0.225204
0.223972
0.222845
0.221638
0.220431
0.219250
0.218115
0.216847
0.215773
0.214531
0.213390
0.212168
0.211015
0.209849
0.208610
0.207496
0.206299
0.205149
0.204027
0.202816
0.201642
0.200507
0.199334
0.198210
0.196987
0.195888
0.194775
0.193486
0.192395
0.191209
0.190114
0.188988
0.187731
0.186665
0.185492
0.184315
0.183242
0.182061
0.180930
0.179786
0.178668
0.177560
0.176347
0.175296
0.174149
0.173022
0.171896
0.170734
0.169611
0.168501
0.167355
0.166275
0.165126
0.164000
0.162887
0.161808
0.160677
0.159532
0.158454
0.157339
0.156247
0.155109
0.154004
0.152968
0.151788
0.150690
0.149574
0.148521
0.147472
0.146388
0.145277
0.144151
0.143107
0.142054
0.140953
0.139888
0.138803
0.137738
0.136664
0.135541
0.134515
0.133431
0.132391
0.131347
0.130280
0.129215
0.128150
0.127092
0.126079
0.124973
0.123955
0.122907
0.121867
0.120837
0.119727
0.118727
0.117678
0.116669
0.115603
0.114536
0.113525
0.112481
0.111486
0.110442
0.109384
0.108398
0.107367
0.106358
0.105341
0.104288
0.103302
0.102302
0.101293
0.100254
0.099240
0.098267
0.097248
0.096230
0.095217
0.094218
0.093245
0.092223
0.091232
0.090211
0.089246
0.088269
0.087310
0.086293
0.085311
0.084333
0.083378
0.082401
0.081455
0.080518
0.079603
0.078688
0.077751
0.076852
0.075960
0.075102
0.074254
0.073401
0.072566
0.071709
0.070962
0.070112
0.069344
0.068554
0.067771
0.066981
0.066248
0.065485
0.064783
0.064037
0.063308
0.062606
0.061927
0.061243
0.060519
0.059871
0.059192
0.058539
0.057860
0.057278
0.056621
0.056026
0.055405
0.054832
0.054215
0.053634
0.053083
0.052449
0.051889
0.051361
0.050825
0.050274
0.049724
0.049187
0.048694
0.048158
0.047607
0.047137
0.046654
0.046166
0.045651
0.045159
0.044727
0.044248
0.043778
0.043312
0.042855
0.042416
0.041986
0.041569
0.041157
0.040771
0.040332
0.039959
0.039561
0.039157
0.038772
0.038369
0.038027
0.037668
0.037239
0.036867
0.036539
0.036176
0.035821
0.035454
0.035122
0.034777
0.034476
0.034161
0.033820
0.033484
0.033183
0.032869
0.032586
0.032254
0.031949
0.031675
0.031361
0.031060
0.030804
0.030535
0.030234
0.029938
0.029726
0.029434
0.029174
0.028909
0.028626
0.028428
0.028159
0.027885
0.027651
0.027417
0.027219
0.026976
0.026760
0.026527
0.026329
0.026082
0.025871
0.025655
0.025439
0.025197
0.025021
0.024788
0.024599
0.024383
0.024203
0.023992
0.023816
0.023609
0.023465
0.023272
0.023100
0.022934
0.022701
0.022535
0.022369
0.022241
0.022049
0.021843
0.021690
0.021567
0.021419
0.021235
0.021126
0.020978
0.020803
0.020610
0.020524
0.020350
0.020223
0.020101
0.019953
0.019814
0.019663
0.019562
0.019454
0.019289
0.019180
0.019017
0.018920
0.018792
0.018686
0.018519
0.018439
0.018311
0.018245
0.018088
0.018005
0.017864
0.017798
0.017653
0.017588
0.017461
0.017378
0.017242
0.017143
0.017058
0.016951
0.016890
0.016785
0.016669
0.016606
0.016522
0.016460
0.016344
0.016258
0.016183
0.016099
0.016021
0.015918
0.015832
0.015771
0.015707
0.015614
0.015531
0.015434
0.015376
0.015316
0.015231
0.015172
0.015100
0.015015
0.014993
0.014915
0.014849
0.014791
0.014751
0.014670
0.014607
0.014594
0.014518
0.014435
0.014394
0.014356
0.014276
0.014213
0.014213
0.014139
0.014044
0.014004
0.014004
0.013948
0.013866
0.013844
0.013826
0.013806
0.013695
0.013651
0.013634
0.013601
0.013525
0.013464
0.013464
0.013428
0.013386
0.013314
0.013276
0.013276
0.013240
0.013198
0.013145
0.013107
0.013107
0.013072
0.013031
0.012978
0.012956
0.012941
0.012923
0.012866
0.012845
0.012815
0.012793
0.012793
0.012761
0.012720
0.012684
0.012684
0.012656
0.012634
0.012621
0.012603
0.012549
0.012528
0.012502
0.012479
0.012479
0.012479
0.012443
0.012423
0.012402
0.012402
0.012402
0.012402
0.012402
0.012402
0.012402
0.012402
0.012402
0.012402
0.012402
0.012402
0.012402
0.012402
0.012402
0.012402
0.012402
0.012402
0.012402
0.012402
0.012402
0.012402
0.012402
0.012402
0.012402
0.012402
0.012402
0.012402
0.012402
0.012402
0.012402
0.012402
0.012402
0.012402
0.012402
0.012402
0.012402
0.012402
0.012402
0.012402
0.012402
0.012402
0.012402
0.012402
0.012402
0.012402
0.012402
0.012402
0.012402
0.012402
0.012402
0.012402
0.012402
0.012402
0.012402
0.012402
0.012402
0.012402
0.012402
0.012402
0.012402
0.012402
0.012402
0.012402
0.012402
0.012402
0.012402
0.012402
0.012402
0.012402
0.012402
0.012402
0.012402
0.012402
0.012402
0.012402
0.012402
0.012402
0.012402
0.012402
0.012402
0.012402
0.012402
0.012402
0.012402
0.012402
0.012402
0.012402
0.012402
0.012402
0.012402
0.012402
0.012402
0.012402
0.012402
0.012402
0.012402
0.012402
0.012402
0.012402
0.012402
0.012402
0.012402
0.012402
0.012402
0.012402
0.012402
0.012402
0.012402
0.012402
0.012402
0.012402
0.012402
0.012402
0.012402
0.012402
0.012402
0.012402
0.012402
0.012402
0.012402
0.012402
0.012402
0.012402
0.012402
0.012402
0.012402
0.012402
0.012402
0.012402
0.012402
0.012402
0.012402
0.012402
0.012402
0.012402
0.012402
0.012402
0.012402
0.012402
0.012402
0.012402
0.012402
0.012402
0.012402
0.012402
0.012402
0.012402
0.012402
0.012402
0.012402
0.012402
0.012402
0.012402
0.012402
0.012402
0.012402
0.012402
0.012402
0.012402
0.012402
0.012402
0.012402
0.012402
0.012402
0.012402
0.012402
0.012402
0.012402
0.012402
0.012402
0.012402
0.012402
0.012402
0.012402
0.012402
0.012402
0.012402
0.012402
0.012402
0.012402
0.012402
0.012402
0.012402
0.012402
0.012402
0.012402
0.012402
0.012402
0.012402
0.012402
0.012402
0.012402
0.012402
0.012402
0.012402
0.012402
0.012402
0.012402
0.012402
0.012402
0.012402
0.012402
0.012402
0.012402
0.012402
0.012402
0.012402
0.012402
0.012402
0.012402
0.012402
0.012402
0.012402
0.012402
0.012402
0.012402
0.012402
0.012402
0.012402
0.012402
0.012402
0.012402
0.012402
0.012402
0.012402
0.012402
0.012402
0.012402
0.012402
0.012402
0.012402
0.012402
0.012402
0.012402
0.012402
0.012402
