1.632634
1.536046
1.343547
1.162595
1.038656
0.975807
0.953957
0.949481
0.949015
0.949489
0.949330
0.948928
0.947192
0.945580
0.944275
0.942839
0.941600
0.940298
0.938551
0.936700
0.934532
0.932583
0.929908
0.926773
0.923759
0.920358
0.917165
0.913756
0.910174
0.907333
0.903872
0.900624
0.897151
0.893791
0.890416
0.886720
0.883099
0.879340
0.875996
0.872488
0.868964
0.865670
0.862358
0.859160
0.855913
0.852776
0.849372
0.846170
0.842726
0.839715
0.836394
0.833452
0.830333
0.827354
0.824394
0.821278
0.818250
0.815371
0.812416
0.809294
0.806564
0.803710
0.800792
0.798214
0.795277
0.792535
0.789786
0.787136
0.784396
0.781857
0.779340
0.776741
0.774134
0.771584
0.769166
0.766760
0.764196
0.761907
0.759526
0.757074
0.754941
0.752789
0.750505
0.748300
0.746065
0.743808
0.741628
0.739627
0.737346
0.735227
0.733079
0.730961
0.729069
0.727001
0.725099
0.723167
0.721039
0.719140
0.717080
0.715296
0.713316
0.711284
0.709680
0.707674
0.705702
0.704086
0.702225
0.700458
0.698559
0.696891
0.695166
0.693434
0.691710
0.689932
0.688287
0.686560
0.684957
0.683275
0.681578
0.679871
0.678363
0.676661
0.674936
0.673516
0.671823
0.670242
0.668658
0.667026
0.665741
0.664146
0.662560
0.661005
0.659513
0.658187
0.656417
0.654933
0.653628
0.652063
0.650715
0.649020
0.647852
0.646250
0.644770
0.643487
0.641821
0.640656
0.638861
0.636369
0.634656
0.633237
0.631977
0.630681
0.629556
0.628045
0.626558
0.624942
0.623020
0.621990
0.620255
0.618925
0.616994
0.615550
0.614312
0.612559
0.611642
0.610352
0.608722
0.607316
0.605637
0.604486
0.603149
0.601674
0.600465
0.599238
0.598210
0.597731
0.596929
0.596234
0.595766
0.594598
0.594085
0.592869
0.591455
0.590406
0.589108
0.587802
0.586597
0.585465
0.584285
0.583043
0.581860
0.580692
0.579664
0.578360
0.577312
0.576339
0.575091
0.573753
0.572537
0.571241
0.570024
0.568835
0.567516
0.566023
0.564999
0.563678
0.562462
0.561117
0.559801
0.558696
0.557381
0.556129
0.554699
0.553451
0.552457
0.551129
0.549599
0.548479
0.547257
0.545851
0.544686
0.543269
0.541903
0.540845
0.539419
0.538414
0.537101
0.536649
0.536068
0.535190
0.534271
0.533466
0.532491
0.531819
0.530792
0.529657
0.528975
0.527772
0.526764
0.525888
0.524837
0.523946
0.522801
0.521608
0.520800
0.519754
0.518729
0.517856
0.516866
0.515740
0.514853
0.513670
0.513077
0.511907
0.510891
0.510229
0.509066
0.508113
0.507480
0.506284
0.505457
0.504605
0.503571
0.502961
0.502022
0.500903
0.499776
0.498224
0.496570
0.495160
0.493594
0.492299
0.490510
0.488726
0.487219
0.485593
0.483604
0.482128
0.480029
0.478259
0.476195
0.474112
0.472267
0.469908
0.467738
0.465858
0.463611
0.461228
0.459208
0.456946
0.454807
0.452632
0.450263
0.448147
0.445715
0.443622
0.441643
0.439162
0.437219
0.434694
0.432650
0.430313
0.427903
0.425911
0.423517
0.421188
0.418911
0.416750
0.414461
0.412289
0.410203
0.407711
0.405657
0.403388
0.400953
0.398875
0.396578
0.394467
0.392188
0.389882
0.387568
0.385401
0.382903
0.380710
0.378469
0.376441
0.374248
0.371862
0.369568
0.367394
0.364878
0.362847
0.360497
0.358052
0.356111
0.353806
0.351569
0.349342
0.346979
0.344726
0.342383
0.340123
0.337891
0.335608
0.333415
0.330952
0.328795
0.326768
0.324513
0.321945
0.319867
0.317490
0.315221
0.313094
0.310547
0.308610
0.306457
0.303896
0.301788
0.299620
0.297196
0.294898
0.292533
0.290508
0.288251
0.285778
0.283771
0.281513
0.279152
0.276940
0.274604
0.272245
0.270227
0.267876
0.265835
0.263502
0.260937
0.258921
0.256687
0.254315
0.252372
0.250042
0.247981
0.245706
0.243455
0.241398
0.239296
0.237165
0.235087
0.232928
0.230604
0.228788
0.226707
0.224705
0.222571
0.220490
0.218503
0.216545
0.214516
0.212360
0.210403
0.208358
0.205206
0.202856
0.201080
0.199443
0.197867
0.196208
0.194225
0.192608
0.190251
0.188299
0.185859
0.183817
0.181854
0.179962
0.177907
0.175938
0.174350
0.172444
0.170453
0.168598
0.166728
0.164852
0.162933
0.161109
0.159165
0.157356
0.155545
0.153784
0.152145
0.150304
0.148767
0.147129
0.145373
0.143745
0.142333
0.140601
0.138974
0.137446
0.135914
0.134327
0.132896
0.131536
0.130143
0.128499
0.127225
0.126056
0.124305
0.122850
0.121579
0.120409
0.119118
0.117460
0.116292
0.115109
0.113883
0.112656
0.111208
0.110093
0.109062
0.107920
0.106397
0.105369
0.104275
0.103210
0.102102
0.100957
0.099863
0.098942
0.097807
0.096870
0.095834
0.094899
0.093876
0.092931
0.091907
0.091007
0.090029
0.088936
0.088192
0.087099
0.086211
0.085338
0.084491
0.083444
0.082614
0.081608
0.080675
0.079938
0.078898
0.078085
0.077153
0.076382
0.075479
0.074634
0.073833
0.073051
0.072049
0.071319
0.070417
0.069573
0.068732
0.067990
0.067190
0.066449
0.065535
0.064765
0.063954
0.063224
0.062381
0.061771
0.060976
0.060280
0.059540
0.058810
0.058071
0.057532
0.056771
0.056042
0.055304
0.054764
0.054139
0.053490
0.052864
0.052173
0.051636
0.050899
0.050463
0.049927
0.049191
0.048652
0.048180
0.047600
0.046975
0.046628
0.045893
0.045531
0.044992
0.044323
0.043943
0.043423
0.043036
0.042413
0.042066
0.041508
0.041161
0.040608
0.040224
0.039752
0.039320
0.038956
0.038594
0.038140
0.037688
0.037411
0.036977
0.036511
0.036234
0.035765
0.035403
0.035040
0.034679
0.034332
0.033969
0.033608
0.033434
0.032970
0.032693
0.032366
0.032004
0.031727
0.031437
0.030975
0.030801
0.030524
0.030170
0.029844
0.029578
0.029219
0.029090
0.028730
0.028556
0.028248
0.027890
0.027633
0.027333
0.027127
0.026872
0.026583
0.026223
0.026049
0.025850
0.025667
0.025412
0.025135
0.024946
0.024773
0.024591
0.024331
0.024158
0.024070
0.023881
0.023707
0.023534
0.023273
0.023100
0.022927
0.022823
0.022655
0.022409
0.022229
0.021977
0.021804
0.021701
0.021527
0.021354
0.021251
0.021078
0.021078
0.020904
0.020801
0.020628
0.020304
0.020200
0.020202
0.020099
0.019774
0.019671
0.019601
0.019498
0.019253
0.019150
0.019080
0.018829
0.018656
0.018586
0.018414
0.018304
0.018304
0.018132
0.017965
0.017830
0.017807
0.017798
0.017617
0.017584
0.017445
0.017486
0.017292
0.017298
0.017279
0.017283
0.017271
0.017333
0.017160
0.017160
0.017124
0.017124
0.017000
0.016931
0.016821
0.016814
0.016712
0.016649
0.016546
0.016635
0.016552
0.016559
0.016592
0.016414
0.016324
0.016221
0.016197
0.016100
0.016100
0.016156
0.016002
0.016002
0.015900
0.015842
0.015773
0.015599
0.015599
0.015599
0.015428
0.015428
0.015342
0.015239
0.015171
0.015068
0.015068
0.014999
0.014945
0.014689
0.014689
0.014689
0.014587
0.014519
0.014519
0.014416
0.014266
0.014266
0.014095
0.014095
0.014052
0.014122
0.014020
0.013951
0.013882
0.013882
0.013781
0.013781
0.013781
0.013701
0.013532
0.013532
0.013532
0.013532
0.013287
0.013331
0.013263
0.013263
0.013263
0.013090
0.013046
0.013046
0.013046
0.012980
0.012879
0.012879
0.012813
0.012813
0.012813
0.012788
0.012788
0.012721
0.012721
0.012721
0.012622
0.012685
0.012755
0.012829
0.012764
0.012779
0.012679
0.012679
0.012679
0.012748
0.012748
0.012748
0.012748
0.012652
0.012652
0.012586
0.012586
0.012739
0.012739
0.012739
0.012642
0.012642
0.012642
0.012642
0.012642
0.012642
0.012579
0.012483
0.012483
0.012411
0.012411
0.012411
0.012411
0.012411
0.012330
0.012330
0.012238
0.012238
0.012175
0.012105
0.012105
0.012105
0.012105
0.012105
0.012105
0.012105
0.012105
0.012105
0.012105
0.012105
0.012105
0.012105
0.012105
0.012105
0.012105
0.012105
0.012105
0.012105
0.012105
0.012588
0.013847
0.013754
0.013205
0.013560
0.013718
0.013935
0.013681
0.013633
0.013885
0.013963
0.014356
0.014465
0.014836
0.014663
0.015201
0.015174
0.015270
0.015670
0.015656
0.016325
0.016342
0.016357
0.016931
0.016781
0.016748
0.015718
0.014131
0.013638
0.013665
0.014022
0.014632
0.016425
0.018533
0.019202
0.019058
0.017893
0.016713
0.015960
0.016201
0.016212
0.016570
0.017525
0.018579
0.018640
0.019250
0.018855
0.018527
0.019019
0.017203
0.015611
0.014552
0.014485
0.015267
0.015557
0.017807
0.020306
0.021706
0.020894
0.019828
0.018675
0.017819
0.017539
0.017756
0.018360
0.018829
0.019854
0.020062
0.020619
0.020221
0.020452
0.020165
0.018312
0.016769
0.015761
0.015495
0.016204
0.016737
0.019432
0.021974
0.022540
0.022220
0.020913
0.019641
0.018952
0.018468
0.018577
0.019566
0.020487
0.020841
0.021445
0.021289
0.021705
0.021452
0.021274
0.019923
0.017488
0.016549
0.016639
0.017419
0.019812
0.022539
0.023624
0.023724
0.022512
0.021060
0.019799
0.019267
0.019984
0.018537
0.017319
0.016672
0.017141
0.019221
0.022191
0.023505
0.023842
0.023278
0.021395
0.020352
0.019894
0.019918
0.020498
0.020825
0.021922
0.022175
0.022921
0.022411
0.022610
0.022488
0.022344
0.020496
0.018450
0.017689
0.017815
0.018457
0.020918
0.023381
0.024541
0.024624
0.023307
0.022052
0.020665
0.020243
0.020904
0.021159
0.021985
0.022279
0.023207
0.023151
0.023583
0.022902
0.021595
0.019163
0.017820
0.018227
0.018447
0.019382
0.021774
0.024394
0.025072
0.024497
0.023227
0.022033
0.021309
0.020466
0.021109
0.021610
0.022857
0.022664
0.023417
0.023380
0.023832
0.023691
0.022919
0.023307
0.021661
0.020018
0.018765
0.018671
0.019073
0.021488
0.024409
0.026087
0.026371
0.027783
0.027409
0.025301
0.022856
0.021237
0.019310
0.018000
0.018982
0.020030
0.021282
0.022008
0.024400
0.027190
0.029534
0.029962
0.028865
0.026697
0.024354
0.021811
0.021677
0.020622
0.020224
0.020682
0.021549
0.023377
0.025622
0.028256
0.030805
0.031397
0.030267
0.028940
0.025943
0.023926
0.022715
0.021873
0.021531
0.021879
0.023637
0.024452
0.026794
0.030470
0.032721
0.032579
0.031218
0.029945
0.027103
0.025099
0.023797
0.022973
0.022656
0.023509
0.024773
0.025532
0.027727
0.029930
0.031640
0.032410
0.032366
0.030067
0.026700
0.024400
0.024550
0.023628
0.023081
0.023859
0.024703
0.025312
0.027353
0.029496
0.031239
0.032979
0.032519
0.031642
0.029413
0.026222
0.024907
0.023850
0.023156
0.024037
0.025001
0.026211
0.026847
0.028317
0.031413
0.033677
0.033918
0.033000
0.031232
0.028519
0.026803
0.025550
0.025371
0.024465
0.025174
0.026229
0.026968
0.029057
0.032554
0.034817
0.035484
0.034399
0.031034
0.028333
0.026461
0.025113
0.023927
0.024892
0.026073
0.028031
0.030183
0.033746
0.036122
0.036589
0.035251
0.032926
0.030238
0.028079
0.025755
0.024462
0.025103
0.026650
0.028047
0.029485
0.031295
0.034293
0.035609
0.035898
0.034784
0.031673
0.029012
0.027523
0.026383
0.025827
0.026077
0.027418
0.028853
0.030950
0.034468
0.036765
0.037262
0.036010
0.033829
0.031233
0.029270
0.028233
0.027578
0.027328
0.028149
0.029225
0.030007
0.031865
0.033841
0.035323
0.036673
0.036107
0.035282
0.032664
0.030631
0.029225
0.028427
0.027679
0.028109
0.029008
0.030540
0.032196
0.034504
0.036144
0.036761
0.036873
0.035701
0.033155
0.030852
0.029518
0.028722
0.028076
0.028446
0.029579
0.030846
0.031361
0.032579
0.035499
0.037091
0.037555
0.036426
0.034205
0.031190
0.029506
0.028618
0.028241
0.028385
0.030052
0.031058
0.032994
0.036286
0.038568
0.039110
0.037891
0.035987
0.033983
0.031456
0.029237
0.028652
0.028709
0.030244
0.032001
0.033000
0.034261
0.037173
0.039120
0.039373
0.037901
0.036423
0.034324
0.032712
0.031527
0.031313
0.030900
0.031669
0.032526
0.033358
0.034990
0.036701
0.038267
0.039219
0.039284
0.038409
0.035837
0.033899
0.032671
0.031833
0.031317
0.031610
0.032718
0.033840
0.034455
0.035685
0.038146
0.039792
0.040393
0.039214
0.037051
0.034104
0.033354
0.031647
0.031325
0.032078
0.033123
0.034278
0.035838
0.039074
0.041442
0.041516
0.040602
0.039333
0.037044
0.034531
0.033105
0.031706
0.032249
0.033389
0.035224
0.035911
0.037603
0.040039
0.041833
0.042199
0.041047
0.039669
0.037576
0.035642
0.035008
0.035072
0.034200
0.035143
0.035721
0.036646
0.037929
0.040902
0.042952
0.043566
0.042519
0.039952
0.037308
0.035749
0.035020
0.034149
0.034864
0.035758
0.037242
0.038960
0.042015
0.044250
0.044651
0.043600
0.040716
0.037859
0.036354
0.035568
0.035091
0.035377
0.036877
0.037865
0.039596
0.042376
0.044574
0.044985
0.043962
0.042145
0.040472
0.038234
0.036627
0.036119
0.036193
0.037346
0.038643
0.039580
0.040801
0.043313
0.045102
0.045579
0.044059
0.042416
0.039755
0.039012
0.037734
0.037428
0.037960
0.038904
0.039738
0.041099
0.044018
0.045896
0.046553
0.045715
0.044567
0.042616
0.040676
0.039770
0.038659
0.038810
0.039873
0.041037
0.041591
0.043004
0.045157
0.047099
0.047510
0.046576
0.045408
0.043779
0.042609
0.041359
0.040702
0.040693
0.041515
0.042571
0.043186
0.044170
0.046635
0.048304
0.048900
0.048310
0.047498
0.045868
0.044843
0.043571
0.043217
0.042838
0.043771
0.044428
0.045036
0.045877
0.048169
0.049917
0.050012
0.049691
0.049076
0.047837
0.046939
0.045925
0.045044
0.045405
0.045827
0.046528
0.047085
0.048014
0.050106
0.051567
0.052215
0.051685
0.051361
0.050091
0.048926
0.048632
0.047883
0.047930
0.048425
0.048967
0.049585
0.050977
0.053272
0.054825
0.054770
0.053823
0.052756
0.051746
0.051351
0.051196
0.050882
0.051119
0.051679
0.051982
0.052616
0.054696
0.056350
0.056935
0.056621
0.055728
0.055149
0.054006
0.054030
0.053922
0.053515
0.053553
0.053984
0.054284
0.055181
0.056597
0.058214
0.058833
0.058353
0.057328
0.056044
0.055361
0.055245
0.054690
0.054941
0.055225
0.055881
0.056687
0.058511
0.060213
0.060660
0.060427
0.059088
0.057808
0.057324
0.057036
0.056686
0.056526
0.057158
0.057407
0.057614
0.058133
0.059764
0.061388
0.062046
0.061637
0.061121
0.060481
0.060076
0.059404
0.059125
0.058772
0.058946
0.059337
0.059610
0.060201
0.061689
0.063484
0.064055
0.063789
0.063602
0.062963
0.062563
0.062153
0.061570
0.061238
0.061754
0.061983
0.062309
0.063424
0.065493
0.066512
0.066581
0.066312
0.065569
0.065010
0.064802
0.064866
0.064386
0.064347
0.064704
0.064932
0.065620
0.066914
0.068431
0.068502
0.068344
0.068212
0.067403
0.067094
0.066939
0.066820
0.066516
0.066576
0.066958
0.067069
0.067745
0.068595
0.069279
0.069986
0.070107
0.069698
0.068964
0.068338
0.068206
0.067907
0.067741
0.067723
0.068003
0.068169
0.069052
0.069921
0.070760
0.071421
0.071441
0.071244
0.070499
0.069641
0.069506
0.069305
0.068770
0.068876
0.069209
0.069366
0.069487
0.070157
0.071308
0.072580
0.072965
0.072857
0.072697
0.072010
0.071413
0.071067
0.070410
0.070338
0.070586
0.070910
0.071103
0.071556
0.072991
0.074305
0.074915
0.074987
0.074823
0.074149
0.073890
0.073363
0.073081
0.072945
0.072847
0.073301
0.073539
0.073836
0.075355
0.076339
0.077036
0.076754
0.076912
0.076293
0.075802
0.075699
0.075144
0.075143
0.075269
0.075434
0.076201
0.077801
0.078776
0.079130
0.078935
0.078623
0.078115
0.077653
0.077615
0.077585
0.077142
0.077483
0.077729
0.077608
0.078247
0.079213
0.080498
0.080664
0.080469
0.079472
0.078633
0.078468
0.078209
0.077809
0.077726
0.078315
0.078647
0.079253
0.080413
0.081270
0.081784
0.081544
0.080587
0.079469
0.079157
0.078847
0.078572
0.078777
0.079141
0.079305
0.079867
0.081080
0.082377
0.082746
0.082590
0.082082
0.081365
0.080970
0.080550
0.080119
0.080036
0.080368
0.080651
0.080919
0.081211
0.082639
0.083431
0.084153
0.084166
0.083648
0.083022
0.082865
0.082673
0.082408
0.082283
0.082447
0.082708
0.083156
0.084376
0.085457
0.085907
0.085578
0.085329
0.084592
0.084346
0.083885
0.083490
0.083393
0.083614
0.084057
0.084351
0.084688
0.085736
0.086731
0.086843
0.087057
0.086817
0.086422
0.086021
0.085935
0.085999
0.085536
0.085702
0.085909
0.085982
0.086375
0.087060
0.087767
0.088285
0.088635
0.088213
0.087543
0.087220
0.086875
0.086604
0.086510
0.086557
0.086798
0.087338
0.087649
0.088446
0.088978
0.089180
0.089317
0.088905
0.088385
0.087807
0.087421
0.087271
0.087221
0.087273
0.087580
0.087834
0.088077
0.088697
0.089332
0.090409
0.090787
0.090553
0.090257
0.089666
0.089226
0.088598
0.088289
0.088335
0.088613
0.089004
0.088880
0.089660
0.090677
0.091697
0.092464
0.092502
0.092126
0.091836
0.091379
0.091177
0.090607
0.090385
0.090643
0.090850
0.091010
0.091408
0.092338
0.093388
0.093938
0.094029
0.093857
0.093451
0.093126
0.093114
0.093098
0.092605
0.092733
0.092818
0.093119
0.093611
0.094624
0.095446
0.095593
0.095250
0.094557
0.094070
0.093428
0.093442
0.093435
0.093364
0.093297
0.093571
0.093881
0.094449
0.094899
0.095607
0.095757
0.095618
0.095342
0.094664
0.093927
0.093885
0.093371
0.093230
0.093587
0.093946
0.094198
0.094803
0.095469
0.096003
0.096560
0.096373
0.096230
0.095370
0.094765
0.094553
0.094281
0.094123
0.094171
0.094448
0.094849
0.094953
0.095422
0.096262
0.097086
0.097628
0.097519
0.096780
0.096282
0.095770
0.095436
0.095016
0.095161
0.095314
0.095564
0.096161
0.097328
0.098042
0.098557
0.098538
0.098091
0.097536
0.097013
0.096700
0.096259
0.096433
0.096576
0.096777
0.097027
0.097582
0.098334
0.099497
0.099621
0.099428
0.099355
0.098847
0.098616
0.098233
0.097929
0.097697
0.098053
0.098472
0.098395
0.098855
0.099796
0.100567
0.101087
0.101105
0.100736
0.100251
0.100229
0.099999
0.100063
0.099825
0.100071
0.100036
0.100068
0.100477
0.101459
0.102186
0.102419
0.102212
0.101374
0.100610
0.100233
0.100107
0.099917
0.100214
0.100437
0.100918
0.101622
0.102546
0.103234
0.103381
0.102982
0.102256
0.101531
0.101030
0.100537
0.100302
0.100425
0.100727
0.101205
0.101619
0.102118
0.102859
0.103711
0.103900
0.104010
0.103106
0.102805
0.102582
0.102536
0.102090
0.102220
0.102301
0.102433
0.103029
0.103968
0.105010
0.105597
0.105296
0.105052
0.104458
0.104382
0.104019
0.103828
0.103899
0.104159
0.104388
0.104550
0.104990
0.105512
0.105952
0.106318
0.106132
0.105838
0.105164
0.104549
0.104274
0.104035
0.103937
0.104387
0.104700
0.104917
0.105476
0.106061
0.106449
0.106631
0.106733
0.106425
0.105656
0.104995
0.104669
0.104554
0.104467
0.104497
0.104654
0.105157
0.105400
0.105801
0.106614
0.107187
0.107336
0.107139
0.107287
0.106645
0.106096
0.105842
0.105307
0.105441
0.105695
0.105904
0.106129
0.106610
0.107828
0.108299
0.108938
0.108983
0.108748
0.108637
0.108142
0.108078
0.107439
0.107433
0.107433
0.107781
0.108099
0.108109
0.109096
0.109975
0.110171
0.110231
0.109681
0.109666
0.109219
0.109462
0.109256
0.109210
0.109065
0.109248
0.109318
0.109870
0.110666
0.111281
0.111515
0.111352
0.110948
0.110145
0.109626
0.109521
0.109140
0.109198
0.109419
0.109770
0.110217
0.110706
0.111104
0.111614
0.111693
0.111610
0.111363
0.110725
0.110109
0.109803
0.109555
0.109474
0.109739
0.109899
0.110226
0.110995
0.111426
0.112170
0.112614
0.112538
0.112207
0.111702
0.110828
0.110526
0.110256
0.110144
0.110460
0.110571
0.110802
0.110949
0.111382
0.112250
0.113024
0.113126
0.113047
0.112251
0.111645
0.111361
0.111054
0.110673
0.110809
0.110942
0.111117
0.112242
0.113100
0.113993
0.113948
0.113896
0.113400
0.112915
0.112466
0.111985
0.111422
0.111703
0.112039
0.112176
0.112509
0.113041
0.113862
0.114480
0.114785
0.114580
0.113921
0.113193
0.112991
0.112605
0.112626
0.112542
0.113003
0.113321
0.113844
0.114710
0.115412
0.115704
0.115229
0.114797
0.114203
0.113763
0.113617
0.113583
0.113405
0.113560
0.113914
0.114120
0.114465
0.115413
0.116120
0.116133
0.115691
0.114821
0.114191
0.113939
0.113545
0.113503
0.113783
0.114036
0.114183
0.114864
0.115649
0.116265
0.116407
0.116028
0.115290
0.114385
0.114158
0.113855
0.113779
0.113710
0.114009
0.114378
0.115005
0.115956
0.116867
0.116905
0.116511
0.116132
0.115519
0.114932
0.114467
0.114240
0.114385
0.114686
0.115038
0.115313
0.115809
0.116822
0.117499
0.117498
0.117392
0.116709
0.116261
0.115916
0.115784
0.115552
0.115310
0.115657
0.116085
0.116604
0.117673
0.118421
0.118472
0.118474
0.117817
0.117384
0.116844
0.116716
0.116564
0.116492
0.116662
0.117009
0.117218
0.117669
0.117885
0.118296
0.118717
0.118525
0.118148
0.117450
0.116874
0.116746
0.116586
0.116596
0.116631
0.116914
0.117179
0.117573
0.118118
0.118574
0.118930
0.118744
0.118418
0.117715
0.117189
0.116775
0.116600
0.116493
0.116492
0.116830
0.117247
0.117244
0.117735
0.118589
0.118948
0.119213
0.119118
0.118402
0.117616
0.117765
0.117029
0.116907
0.117067
0.117578
0.117689
0.118481
0.119249
0.120215
0.120509
0.120314
0.120052
0.119423
0.118849
0.118519
0.118129
0.118123
0.118280
0.118821
0.119022
0.119717
0.120378
0.121054
0.121154
0.121174
0.120412
0.119854
0.119556
0.119079
0.118800
0.118677
0.118925
0.119598
0.119834
0.120175
0.121088
0.121703
0.121874
0.121574
0.121238
0.120827
0.120424
0.120502
0.120315
0.120112
0.120119
0.120305
0.120495
0.120973
0.121428
0.121823
0.122131
0.122178
0.122061
0.121524
0.120922
0.120548
0.120562
0.120245
0.120396
0.120647
0.121070
0.121298
0.121879
0.122210
0.122217
0.122158
0.121883
0.121223
0.120697
0.120181
0.120445
0.120121
0.120463
0.120709
0.121005
0.121431
0.122457
0.123168
0.123068
0.122714
0.121885
0.121118
0.120424
0.120398
0.120424
0.120353
0.120791
0.121170
0.121310
0.121692
0.122547
0.123387
0.123579
0.123355
0.122964
0.122281
0.122101
0.121424
0.121113
0.121281
0.121636
0.121919
0.121991
0.122607
0.123331
0.124234
0.124613
0.124266
0.124164
0.123663
0.123397
0.122749
0.122703
0.122703
0.122918
0.123222
0.123284
0.124162
0.125316
0.125490
0.125700
0.125462
0.124799
0.124339
0.124218
0.123776
0.123928
0.123968
0.124193
0.124389
0.124998
0.125776
0.126158
0.126319
0.126012
0.125664
0.125332
0.124946
0.124712
0.124579
0.124662
0.124748
0.124792
0.125079
0.125507
0.126290
0.126861
0.126839
0.126539
0.126009
0.125293
0.124944
0.124688
0.124569
0.124692
0.125041
0.125166
0.125663
0.126585
0.127130
0.127355
0.127097
0.126742
0.126168
0.125661
0.125412
0.125382
0.125325
0.125622
0.125737
0.125941
0.126352
0.126864
0.127089
0.127450
0.127377
0.127067
0.126684
0.126259
0.125997
0.125751
0.125637
0.125717
0.125942
0.125958
0.126092
0.126420
0.127212
0.127993
0.128191
0.128294
0.127878
0.127547
0.127241
0.126913
0.126255
0.126247
0.126155
0.126310
0.126500
0.126606
0.127696
0.128494
0.128772
0.129095
0.129263
0.128867
0.128832
0.128413
0.127793
0.127636
0.127627
0.127590
0.127556
0.127721
0.128366
0.129117
0.129546
0.129430
0.129859
0.129689
0.129929
0.130141
0.129952
0.129930
0.129922
0.129929
0.130236
0.130232
0.130516
0.130892
0.131138
0.131067
0.130931
0.130726
0.130748
0.130903
0.130997
0.131421
0.131757
0.132339
0.132736
0.132995
0.133025
0.133171
0.133134
0.133097
0.132829
0.132609
0.132456
0.132341
0.132644
0.132986
0.133226
0.133569
0.133614
0.133905
0.134088
0.134547
0.134388
0.134399
0.134547
0.134572
0.134764
0.134720
0.134772
0.134817
0.134906
0.135000
0.135037
0.135087
0.135218
0.135765
0.136234
0.136914
0.137142
0.137178
0.137820
0.137920
0.137789
0.137599
0.137429
0.137436
0.136999
0.137082
0.137131
0.137942
0.138661
0.139489
0.139734
0.140413
0.140795
0.141084
0.141111
0.140679
0.140720
0.140727
0.140326
0.140219
0.140576
0.141010
0.141484
0.141779
0.142201
0.142711
0.143227
0.143667
0.144055
0.143824
0.143695
0.143535
0.143498
0.143452
0.143684
0.143758
0.143858
0.144390
0.144547
0.144908
0.145260
0.145697
0.145839
0.146165
0.146691
0.147046
0.147017
0.147055
0.146919
0.146990
0.147136
0.147196
0.147320
0.147582
0.147726
0.147859
0.148295
0.148547
0.149210
0.149147
0.149559
0.149636
0.149616
0.149782
0.149469
0.149636
0.150028
0.150211
0.150650
0.150996
0.151092
