0.447812
0.447812
0.447812
0.447812
0.447812
0.447812
0.447812
0.447812
0.447812
0.447812
0.447812
0.447812
0.447812
0.447812
0.447812
0.447812
0.447812
0.447812
0.447812
0.447812
0.447812
0.447812
0.447884
0.448005
0.448281
0.448231
0.448073
0.447446
0.446252
0.444262
0.441500
0.438290
0.434714
0.431047
0.427829
0.424642
0.421366
0.418148
0.414986
0.411518
0.408093
0.404473
0.400884
0.397303
0.393725
0.390147
0.386767
0.383312
0.380005
0.376519
0.372979
0.369738
0.366309
0.362976
0.359650
0.356194
0.352913
0.349708
0.346492
0.343312
0.339961
0.336775
0.333618
0.330351
0.327380
0.324197
0.321110
0.318105
0.314938
0.311872
0.308928
0.305792
0.302775
0.299747
0.296895
0.293910
0.291036
0.288188
0.285230
0.282419
0.279558
0.276759
0.273897
0.271056
0.268347
0.265601
0.262853
0.260023
0.257359
0.254601
0.251796
0.249091
0.246401
0.243741
0.241217
0.238388
0.235873
0.233162
0.230746
0.228094
0.225358
0.222844
0.220259
0.217899
0.215327
0.212898
0.210492
0.207913
0.205594
0.203097
0.200672
0.198302
0.195888
0.193578
0.191191
0.188977
0.186603
0.184458
0.182282
0.180041
0.177798
0.175447
0.173344
0.171371
0.169217
0.167025
0.165017
0.162973
0.161055
0.158913
0.156917
0.154942
0.153038
0.151201
0.149260
0.147453
0.145747
0.143527
0.142028
0.140163
0.138410
0.136664
0.134888
0.133238
0.131537
0.129883
0.128150
0.126463
0.124939
0.123311
0.121586
0.120132
0.118742
0.117085
0.115575
0.113956
0.112597
0.111071
0.109716
0.108357
0.106955
0.105514
0.104072
0.102681
0.101433
0.100018
0.098571
0.097507
0.096175
0.094865
0.093574
0.092418
0.091367
0.090053
0.088849
0.087738
0.086447
0.085520
0.084323
0.083191
0.082100
0.080958
0.080089
0.078772
0.077924
0.076912
0.075887
0.074795
0.073832
0.072978
0.071986
0.071039
0.070030
0.069195
0.068264
0.067320
0.066492
0.065698
0.064737
0.063952
0.062970
0.062342
0.061427
0.060825
0.059984
0.058901
0.058229
0.057439
0.056749
0.056077
0.055228
0.054648
0.053942
0.053174
0.052554
0.051839
0.051144
0.050523
0.049794
0.049280
0.048544
0.047811
0.047263
0.046629
0.046111
0.045584
0.044882
0.044346
0.043749
0.043156
0.042671
0.041979
0.041596
0.041007
0.040478
0.039879
0.039398
0.038984
0.038436
0.037931
0.037501
0.037027
0.036503
0.036103
0.035521
0.035190
0.034779
0.034340
0.033821
0.033414
0.032881
0.032591
0.032226
0.031638
0.031288
0.030900
0.030578
0.030108
0.029664
0.029443
0.028980
0.028635
0.028275
0.027951
0.027552
0.027293
0.026880
0.026559
0.026204
0.025965
0.025625
0.025329
0.024845
0.024708
0.024374
0.024072
0.023887
0.023376
0.023209
0.022704
0.022580
0.022307
0.022086
0.021879
0.021449
0.021238
0.020841
0.020613
0.020518
0.020194
0.019966
0.019786
0.019576
0.019173
0.019022
0.018650
0.018624
0.018354
0.018094
0.018001
0.017697
0.017459
0.017341
0.017146
0.017032
0.016806
0.016711
0.016382
0.016198
0.016094
0.015969
0.015856
0.015628
0.015566
0.015296
0.015240
0.015015
0.014957
0.014791
0.014719
0.014536
0.014487
0.014278
0.014190
0.014134
0.013957
0.013807
0.013778
0.013723
0.013458
0.013366
0.013256
0.013175
0.013025
0.012977
0.012825
0.012723
0.012619
0.012560
0.012560
0.012258
0.012258
0.012203
0.012173
0.011967
0.011967
0.011846
0.011740
0.011700
0.011637
0.011583
0.011425
0.011310
0.011241
0.011178
0.011130
0.011074
0.010979
0.010917
0.010746
0.010746
0.010746
0.010707
0.010519
0.010427
0.010365
0.010365
0.010257
0.010217
0.010162
0.010044
0.010044
0.009996
0.009996
0.009956
0.009956
0.009809
0.009761
0.009761
0.009677
0.009637
0.009637
0.009637
0.009527
0.009471
0.009471
0.009471
0.009432
0.009383
0.009383
0.009383
0.009383
0.009355
0.009299
0.009260
0.009211
0.009267
0.009267
0.009267
0.009267
0.009211
0.009211
0.009163
0.009123
0.009123
0.009123
0.009123
0.009123
0.009123
0.009075
0.009075
0.009075
0.009035
0.009035
0.009035
0.009035
0.009035
0.009035
0.008987
0.008987
0.008987
0.008987
0.008987
0.008947
0.008947
0.008947
0.008947
0.008899
0.008899
0.008899
0.008899
0.008899
0.008899
0.008899
0.008899
0.008899
0.008899
0.008899
0.008899
0.008899
0.008899
0.008899
0.008899
0.008899
0.008899
0.008899
0.008899
0.008899
0.008899
0.008899
0.008899
0.008899
0.008899
0.008899
0.008899
0.008899
0.008899
0.008899
0.008899
0.008899
0.008899
0.008899
0.008899
0.008899
0.008899
0.008899
0.008899
0.008899
0.008899
0.008899
0.008899
0.008899
0.008899
0.008899
0.008899
0.008899
0.008899
0.008899
0.008899
0.008899
0.008899
0.008899
0.008899
0.008899
0.008899
0.008899
0.008899
0.008899
0.008899
0.008899
0.008899
0.008899
0.008899
0.008899
0.008899
0.008899
0.008899
0.008899
0.008899
0.008899
0.008899
0.008899
0.008899
0.008899
0.008899
0.008899
0.008899
0.008899
0.008899
0.008899
0.008899
0.008899
0.008899
0.008899
0.008899
0.008899
0.008899
0.008899
0.008899
0.008899
0.008899
0.008899
0.008899
0.008899
0.008899
0.008899
0.008899
0.008899
0.008899
0.008899
0.008899
0.008899
0.008899
0.008899
0.008899
0.008899
0.008899
0.008899
0.008899
0.008899
0.008899
0.008899
0.008899
0.008899
0.008899
0.008899
0.008899
0.008899
0.008899
0.008899
0.008899
0.008899
0.008899
0.008899
0.008899
0.008899
0.008899
0.008899
0.008899
0.008899
0.008899
0.008899
0.008899
0.008899
0.008899
0.008899
0.008899
0.008899
0.008899
0.008899
0.008899
0.008899
0.008899
0.008899
0.008899
0.008899
0.008899
0.008899
0.008899
0.008899
0.008899
0.008899
0.008899
0.008899
0.008899
0.008899
0.008899
0.008899
0.008899
0.008899
0.008899
0.008899
0.008899
0.008899
0.008899
0.008899
0.008899
0.008899
0.008899
0.008899
0.008899
0.008899
0.008899
0.008899
0.008899
0.008899
0.008899
0.008899
0.008899
0.008899
0.008899
0.008899
0.008899
0.008899
0.008899
0.008899
0.008899
0.008899
0.008899
0.008899
0.008899
0.008899
0.008899
0.008899
0.008899
0.008899
0.008899
0.008899
0.008899
0.008899
0.008899
0.008899
0.008899
0.008899
0.008899
0.008899
0.008899
0.008899
0.008899
0.008899
0.008899
0.008899
0.008899
0.008899
0.008899
0.008899
0.008899
0.008899
0.008899
0.008899
0.008899
0.008899
0.008899
0.008899
0.008899
0.008899
0.008899
0.008899
0.008899
0.008899
0.008899
0.008899
0.008899
0.008899
0.008899
0.008899
0.008899
0.008899
0.008899
0.008899
0.008899
0.008899
0.008899
0.008899
0.008899
0.008899
0.008899
0.008899
0.008899
0.008899
0.008899
0.008899
0.008899
0.008899
0.008899
0.008899
0.008899
0.008899
0.008899
0.008899
0.008899
0.008899
0.008899
0.008899
0.008899
0.008899
0.008899
0.008899
0.008899
0.008899
