0.475553
0.475553
0.475553
0.475553
0.475553
0.475553
0.475553
0.475553
0.475553
0.475553
0.475553
0.475553
0.475553
0.475553
0.475553
0.475553
0.475553
0.475553
0.475553
0.475553
0.475553
0.475553
0.475447
0.475451
0.475125
0.474765
0.473621
0.471830
0.469489
0.466053
0.462283
0.458273
0.454369
0.450646
0.447166
0.443908
0.440290
0.437151
0.433541
0.429863
0.426206
0.422401
0.418662
0.415043
0.411135
0.407621
0.404146
0.400558
0.396956
0.393007
0.389612
0.386007
0.382138
0.378352
0.374761
0.371187
0.367426
0.363766
0.360315
0.356731
0.353146
0.349530
0.346386
0.342701
0.339151
0.335725
0.332442
0.329045
0.325589
0.322020
0.318911
0.315584
0.312291
0.308866
0.305630
0.302470
0.299356
0.296173
0.292775
0.289756
0.286411
0.283493
0.280523
0.277288
0.274592
0.271628
0.268548
0.265492
0.262713
0.260043
0.256936
0.254161
0.251371
0.248606
0.245974
0.242931
0.240501
0.237617
0.235102
0.232532
0.229700
0.227233
0.224796
0.221921
0.219544
0.217092
0.214563
0.212062
0.209814
0.207176
0.204669
0.202233
0.199907
0.197540
0.195430
0.193077
0.190837
0.188408
0.186101
0.183714
0.181568
0.179492
0.177250
0.175070
0.172736
0.170763
0.168553
0.166435
0.164542
0.162284
0.160258
0.158328
0.156226
0.154224
0.152473
0.150283
0.148462
0.146420
0.144628
0.142662
0.140986
0.139082
0.137190
0.135467
0.133714
0.131772
0.130187
0.128562
0.126985
0.124975
0.123449
0.121899
0.120284
0.118767
0.117310
0.115402
0.114196
0.112564
0.111191
0.109690
0.108484
0.106765
0.105570
0.104151
0.102923
0.101277
0.100139
0.098733
0.097586
0.096151
0.094961
0.093609
0.092306
0.091294
0.089954
0.089000
0.087753
0.086594
0.085413
0.084281
0.083246
0.082193
0.081048
0.080023
0.078866
0.077934
0.076803
0.075923
0.074942
0.073910
0.073026
0.072076
0.070959
0.070180
0.069178
0.068087
0.067425
0.066566
0.065413
0.064821
0.063819
0.063221
0.062224
0.061419
0.060686
0.059866
0.059118
0.058411
0.057376
0.056774
0.055902
0.055404
0.054586
0.053829
0.053060
0.052646
0.051760
0.051276
0.050379
0.049800
0.049267
0.048412
0.047700
0.047209
0.046464
0.046026
0.045398
0.044720
0.044258
0.043621
0.043019
0.042417
0.041928
0.041496
0.040830
0.040381
0.039655
0.039193
0.038812
0.038173
0.037610
0.037073
0.036777
0.036323
0.035862
0.035309
0.034963
0.034319
0.033795
0.033638
0.032992
0.032674
0.032227
0.031660
0.031419
0.030905
0.030687
0.030150
0.029815
0.029541
0.028873
0.028639
0.028286
0.027913
0.027479
0.027119
0.026769
0.026550
0.026121
0.025656
0.025438
0.025335
0.024805
0.024673
0.024250
0.023922
0.023490
0.023250
0.023000
0.022760
0.022303
0.022025
0.021807
0.021596
0.021380
0.020952
0.020734
0.020663
0.020133
0.019999
0.019657
0.019547
0.019181
0.018941
0.018832
0.018508
0.018291
0.018079
0.017906
0.017697
0.017587
0.017144
0.016926
0.016816
0.016707
0.016529
0.016185
0.015967
0.015750
0.015508
0.015508
0.015364
0.014911
0.014911
0.014783
0.014459
0.014245
0.014137
0.013919
0.013919
0.013771
0.013553
0.013211
0.013101
0.012885
0.012885
0.012736
0.012628
0.012413
0.012396
0.012396
0.012071
0.012071
0.012071
0.011853
0.011749
0.011749
0.011588
0.011371
0.011371
0.011261
0.011261
0.011152
0.010940
0.010940
0.010900
0.010682
0.010682
0.010665
0.010665
0.010555
0.010447
0.010447
0.010337
0.010337
0.010229
0.010204
0.010094
0.010094
0.010094
0.009986
0.009876
0.009876
0.009876
0.009876
0.009766
0.009658
0.009658
0.009658
0.009658
0.009549
0.009549
0.009441
0.009441
0.009313
0.009313
0.009313
0.009313
0.009206
0.009096
0.009096
0.009071
0.009071
0.009071
0.009071
0.008852
0.008852
0.008852
0.008852
0.008852
0.008852
0.008742
0.008742
0.008634
0.008634
0.008634
0.008634
0.008524
0.008524
0.008524
0.008524
0.008524
0.008524
0.008524
0.008415
0.008415
0.008415
0.008415
0.008415
0.008415
0.008415
0.008415
0.008306
0.008306
0.008306
0.008306
0.008306
0.008306
0.008306
0.008306
0.008306
0.008306
0.008306
0.008306
0.008306
0.008306
0.008306
0.008306
0.008306
0.008306
0.008306
0.008306
0.008306
0.008306
0.008306
0.008306
0.008306
0.008306
0.008306
0.008306
0.008306
0.008306
0.008306
0.008306
0.008306
0.008306
0.008306
0.008306
0.008306
0.008306
0.008306
0.008306
0.008306
0.008306
0.008306
0.008306
0.008306
0.008306
0.008306
0.008306
0.008306
0.008306
0.008306
0.008306
0.008306
0.008306
0.008306
0.008306
0.008306
0.008306
0.008306
0.008306
0.008306
0.008306
0.008306
0.008306
0.008306
0.008306
0.008306
0.008306
0.008306
0.008306
0.008306
0.008306
0.008306
0.008306
0.008306
0.008306
0.008306
0.008306
0.008306
0.008306
0.008306
0.008306
0.008306
0.008306
0.008306
0.008306
0.008306
0.008306
0.008306
0.008306
0.008306
0.008306
0.008306
0.008306
0.008306
0.008306
0.008306
0.008306
0.008306
0.008306
0.008306
0.008306
0.008306
0.008306
0.008306
0.008306
0.008306
0.008306
0.008306
0.008306
0.008306
0.008306
0.008306
0.008306
0.008306
0.008306
0.008306
0.008306
0.008306
0.008306
0.008306
0.008306
0.008306
0.008306
0.008306
0.008306
0.008306
0.008306
0.008306
0.008306
0.008306
0.008306
0.008306
0.008306
0.008306
0.008306
0.008306
0.008306
0.008306
0.008306
0.008306
0.008306
0.008306
0.008306
0.008306
0.008306
0.008306
0.008306
0.008306
0.008306
0.008306
0.008306
0.008306
0.008306
0.008306
0.008306
0.008306
0.008306
0.008306
0.008306
0.008306
0.008306
0.008306
0.008306
0.008306
0.008306
0.008306
0.008306
0.008306
0.008306
0.008306
0.008306
0.008306
0.008306
0.008306
0.008306
0.008306
0.008306
0.008306
0.008306
0.008306
0.008306
0.008306
0.008306
0.008306
0.008306
0.008306
0.008306
0.008306
0.008306
0.008306
0.008306
0.008306
0.008306
0.008306
0.008306
0.008306
0.008306
0.008306
0.008306
0.008306
0.008306
0.008306
0.008306
0.008306
0.008306
0.008306
0.008306
0.008306
0.008306
0.008306
0.008306
0.008306
0.008306
0.008306
0.008306
0.008306
0.008306
0.008306
0.008306
0.008306
0.008306
0.008306
0.008306
0.008306
0.008306
0.008306
0.008306
0.008306
0.008306
0.008306
0.008306
0.008306
0.008306
0.008306
0.008306
0.008306
0.008306
0.008306
0.008306
0.008306
0.008306
0.008306
0.008306
0.008306
0.008306
0.008306
0.008306
0.008306
0.008306
0.008306
0.008306
0.008306
0.008306
0.008306
0.008306
0.008306
0.008306
0.008306
0.008306
0.008306
0.008306
0.008306
0.008306
0.008306
0.008306
0.008306
0.008306
0.008306
0.008306
0.008306
0.008306
0.008306
0.008306
0.008306
0.008306
0.008306
0.008306
0.008306
0.008306
0.008306
0.008306
0.008306
0.008306
0.008306
0.008306
0.008306
0.008306
