0.912518
0.912518
0.912518
0.912518
0.912518
0.912518
0.912518
0.912518
0.912522
0.912519
0.912425
0.912115
0.911807
0.911455
0.910912
0.910587
0.910385
0.910016
0.909724
0.909135
0.908573
0.908372
0.907997
0.907766
0.907285
0.906717
0.905727
0.904427
0.902876
0.901235
0.899429
0.897754
0.896060
0.894102
0.892205
0.889926
0.887209
0.884430
0.881716
0.878694
0.875978
0.873392
0.871165
0.869128
0.866774
0.864401
0.861667
0.858853
0.856125
0.853198
0.850417
0.847667
0.845098
0.842633
0.840134
0.837368
0.834712
0.832288
0.829561
0.826795
0.824300
0.821658
0.819138
0.816523
0.814066
0.811445
0.809009
0.806607
0.804090
0.801720
0.799095
0.796745
0.794547
0.792161
0.789685
0.787426
0.785115
0.782791
0.780522
0.778286
0.775935
0.773832
0.771665
0.769431
0.767390
0.765245
0.763212
0.761179
0.759091
0.757051
0.754833
0.752847
0.751038
0.748965
0.747057
0.745204
0.743349
0.741652
0.739993
0.738714
0.737494
0.736611
0.735721
0.734990
0.734104
0.733339
0.732327
0.731471
0.730303
0.729625
0.728796
0.728105
0.727797
0.727311
0.726824
0.726012
0.725473
0.724952
0.724627
0.724340
0.723746
0.722970
0.722076
0.721076
0.719899
0.718389
0.716962
0.715443
0.713786
0.712413
0.710844
0.709230
0.707561
0.705432
0.702964
0.700481
0.697924
0.695205
0.692489
0.690116
0.687710
0.685326
0.683003
0.680496
0.678019
0.675643
0.673139
0.670574
0.667951
0.665468
0.663052
0.660654
0.658233
0.655815
0.653504
0.651047
0.648664
0.646221
0.643809
0.641386
0.639068
0.636739
0.634428
0.631928
0.629577
0.627223
0.624991
0.622613
0.620171
0.618008
0.615659
0.613396
0.611197
0.608818
0.606662
0.604301
0.601938
0.599916
0.597588
0.595332
0.593134
0.590972
0.588825
0.586608
0.584476
0.582181
0.580166
0.578020
0.575890
0.573846
0.571624
0.569619
0.567556
0.565376
0.563295
0.561346
0.559231
0.557174
0.555156
0.553078
0.551014
0.549075
0.546986
0.545168
0.543191
0.541302
0.539410
0.537492
0.535476
0.533739
0.531847
0.529978
0.528253
0.526425
0.524608
0.522819
0.521045
0.519376
0.517773
0.515996
0.514246
0.512812
0.511106
0.509593
0.507843
0.506256
0.504751
0.503330
0.501731
0.500316
0.498816
0.497259
0.495862
0.494492
0.492993
0.491726
0.490145
0.488981
0.487487
0.486185
0.484890
0.483475
0.482227
0.480903
0.479545
0.478456
0.477133
0.475849
0.474611
0.473559
0.472417
0.470992
0.469936
0.468806
0.467518
0.466445
0.465297
0.464164
0.463072
0.462032
0.460964
0.459877
0.458681
0.457883
0.456779
0.455620
0.454619
0.453524
0.452782
0.451485
0.450568
0.449668
0.448477
0.447554
0.446688
0.445641
0.444794
0.443852
0.442839
0.442031
0.441086
0.440247
0.439286
0.438428
0.437671
0.436710
0.435838
0.434993
0.434182
0.433243
0.432558
0.431714
0.430935
0.430128
0.429399
0.428609
0.427636
0.426956
0.426277
0.425499
0.424766
0.424031
0.423291
0.422510
0.421767
0.421028
0.420326
0.419693
0.418968
0.418271
0.417571
0.416936
0.416274
0.415552
0.414936
0.414358
0.413719
0.413155
0.412526
0.412028
0.411425
0.410785
0.410282
0.409707
0.409196
0.408676
0.408049
0.407594
0.407060
0.406674
0.406275
0.405624
0.405094
0.404525
0.404307
0.403785
0.403282
0.402898
0.402380
0.401986
0.401588
0.401048
0.400668
0.400340
0.399911
0.399429
0.399082
0.398659
0.398336
0.397864
0.397490
0.397108
0.396805
0.396425
0.396071
0.395788
0.395380
0.394927
0.394610
0.394300
0.393821
0.393444
0.393040
0.392751
0.392317
0.392006
0.391659
0.391355
0.390932
0.390749
0.390350
0.390169
0.389783
0.389504
0.389318
0.389075
0.388666
0.388430
0.388148
0.387972
0.387618
0.387371
0.387172
0.386837
0.386761
0.386365
0.386299
0.386101
0.385815
0.385642
0.385299
0.385035
0.384913
0.384676
0.384442
0.384252
0.384074
0.383824
0.383641
0.383500
0.656049
0.655836
0.655765
0.655699
0.655433
0.655249
0.655095
0.655009
0.654955
0.654955
0.654947
0.655086
0.655333
0.655620
0.655931
0.656120
0.656281
0.656547
0.657009
0.657437
0.345980
0.346510
0.346642
0.346659
0.346409
0.346234
0.345791
0.345432
0.345110
0.344626
0.344124
0.343546
0.342701
0.341824
0.340932
0.340044
0.339461
0.338874
0.338708
0.339162
0.339451
0.339439
0.339073
0.338394
0.337631
0.336846
0.336280
0.335578
0.334690
0.334018
0.333644
0.333037
0.332760
0.332303
0.331867
0.331201
0.330441
0.329748
0.329047
0.328496
0.327818
0.327347
0.326764
0.325927
0.325258
0.324411
0.323595
0.322803
0.322081
0.321453
0.320800
0.320180
0.319394
0.318638
0.317982
0.317107
0.316533
0.315793
0.315043
0.314285
0.313567
0.312969
0.312405
0.311625
0.310973
0.310133
0.309464
0.308871
0.308085
0.307456
0.306743
0.305980
0.305451
0.304704
0.304131
0.303242
0.302596
0.301992
0.301328
0.300677
0.300008
0.299377
0.298723
0.298099
0.297509
0.296517
0.295440
0.294349
0.293016
0.291809
0.290670
0.289361
0.287877
0.286239
0.284357
0.282239
0.280118
0.278189
0.276354
0.274737
0.273103
0.271990
0.270856
0.270267
0.269484
0.269108
0.268525
0.267687
0.266517
0.264996
0.263251
0.261214
0.259047
0.256844
0.254546
0.252509
0.250505
0.248441
0.246479
0.244341
0.242363
0.240394
0.238243
0.236139
0.234019
0.231925
0.229968
0.227818
0.225813
0.223824
0.221818
0.219794
0.217721
0.215680
0.213512
0.211774
0.209794
0.207837
0.205822
0.203828
0.202013
0.200277
0.198233
0.196346
0.194392
0.192673
0.190713
0.188827
0.186963
0.185068
0.183323
0.181594
0.179702
0.177956
0.176160
0.174377
0.172689
0.170899
0.168968
0.167215
0.165559
0.163898
0.162102
0.160386
0.158777
0.156955
0.155322
0.153773
0.152052
0.150447
0.148779
0.147062
0.145515
0.143976
0.142434
0.140723
0.139248
0.137610
0.136063
0.134552
0.132977
0.131559
0.130029
0.128490
0.127019
0.125386
0.123960
0.122543
0.121052
0.119645
0.118252
0.116821
0.115579
0.114108
0.112799
0.111577
0.110213
0.108902
0.107634
0.106321
0.105098
0.103790
0.102596
0.101392
0.100265
0.098953
0.097783
0.096523
0.095363
0.094144
0.093099
0.091921
0.090906
0.089780
0.088660
0.087544
0.086569
0.085496
0.084518
0.083506
0.082534
0.081511
0.080525
0.079672
0.078643
0.077793
0.076902
0.075988
0.075032
0.074100
0.073281
0.072545
0.071704
0.070790
0.070000
0.069175
0.068386
0.067568
0.066787
0.065942
0.065258
0.064495
0.063815
0.063053
0.062331
0.061647
0.060932
0.060191
0.059585
0.058820
0.058183
0.057596
0.056969
0.056195
0.055640
0.055028
0.054429
0.053791
0.053250
0.052544
0.052117
0.051453
0.050956
0.050389
0.049813
0.049330
0.048716
0.048182
0.047756
0.047291
0.046715
0.046231
0.045769
0.045165
0.044712
0.044288
0.043881
0.043391
0.043018
0.042369
0.042037
0.041523
0.041124
0.040706
0.040357
0.039860
0.039548
0.039185
0.038715
0.038269
0.037938
0.037588
0.037246
0.036871
0.036398
0.036104
0.035826
0.035422
0.035061
0.034856
0.034439
0.034086
0.033712
0.033515
0.033163
0.032801
0.032526
0.032218
0.031874
0.031689
0.031383
0.031088
0.030790
0.030559
0.030224
0.029978
0.029765
0.029428
0.029172
0.029027
0.028757
0.028477
0.028270
0.028037
0.027730
0.027614
0.027253
0.027075
0.026854
0.026620
0.026418
0.026282
0.025987
0.025724
0.025542
0.025459
0.025177
0.025008
0.024863
0.024628
0.024480
0.024196
0.024051
0.023936
0.023756
0.023620
0.023380
0.023238
0.023089
0.022970
0.022808
0.022602
0.022462
0.022401
0.022143
0.022024
0.021890
0.021772
0.021622
0.021460
0.021313
0.021246
0.021129
0.020903
0.020855
0.020694
0.020610
0.020463
0.020293
0.020238
0.020123
0.020016
0.019929
0.019847
0.019674
0.019647
0.019593
0.019432
0.019299
0.019245
0.019189
0.019075
0.019019
0.018879
0.018722
0.018722
0.018614
0.018558
0.018497
0.018422
0.018335
0.018213
0.018100
0.018100
0.018100
0.017940
0.017856
0.017823
0.017773
0.017715
0.017603
0.017527
0.017527
0.017449
0.017306
0.017256
0.017256
0.017256
0.017153
0.017092
0.017071
0.016975
0.016949
0.016861
0.016800
0.016754
0.016754
0.016754
0.016708
0.016587
0.016527
0.016527
0.016495
0.016451
0.016425
0.016265
0.016265
0.016265
0.016202
0.016202
0.016202
0.016149
0.016047
0.016015
0.016015
0.016015
0.016015
0.015975
0.015922
0.015844
0.015817
0.015817
0.015817
0.015779
0.015779
0.015727
0.015635
0.015635
0.015635
0.015599
0.015599
0.015599
0.015582
0.015582
0.015531
0.015496
0.015496
0.015496
0.015496
0.015496
0.015496
0.015496
0.015464
0.015464
0.015464
0.015464
0.015464
0.015449
0.015449
0.015449
0.015419
0.015419
0.015419
0.015419
0.015419
0.015419
0.015419
0.015419
0.015419
0.015419
0.015419
0.015419
0.015419
0.015419
0.015419
0.015419
0.015419
0.015419
0.015419
0.015419
0.015419
0.015419
0.015419
0.015419
0.015419
0.015419
0.015419
0.015419
0.015419
0.015419
0.015419
0.015419
0.015419
0.015419
0.015419
0.015419
0.015419
0.015419
0.015419
0.015419
0.015419
0.015419
0.015419
0.015419
0.015419
0.015419
0.015419
0.015419
0.015419
0.015419
0.015419
0.015419
0.015419
0.015419
0.015419
0.015419
0.015419
0.015419
0.015419
0.015419
0.015419
0.015419
0.015419
0.015419
0.015419
0.015419
0.015419
0.015419
0.015419
0.015419
0.015419
0.015419
0.015419
0.015419
0.015419
0.015419
0.015419
0.015419
0.015419
0.015419
0.015419
0.015419
0.015419
0.015419
0.015419
0.015419
0.015419
0.015419
0.015419
0.015419
0.015419
0.015419
0.015419
0.015419
0.015419
0.015419
0.015419
0.015419
0.015419
0.015419
0.015419
0.015419
0.015419
0.015419
0.015419
0.015419
0.015419
0.015419
0.015419
0.015419
0.015419
0.015419
0.015419
0.015419
0.015419
0.015419
0.015419
0.015419
0.015419
0.015419
0.015419
0.015419
0.015419
0.015419
0.015419
0.015419
0.015419
0.015419
0.015419
0.015419
0.015419
0.015419
0.015419
0.015419
0.015419
0.015419
0.015419
0.015419
0.015419
0.015419
0.015419
0.015419
0.015419
0.015419
0.015419
0.015419
0.015419
0.015419
0.015419
0.015419
0.015419
0.015419
0.015419
0.015419
0.015419
0.015419
0.015419
0.015419
0.015419
0.015419
0.015419
0.015419
0.015419
0.015419
0.015419
0.015419
0.015419
0.015419
0.015419
0.015419
0.015419
0.015419
0.015419
0.015419
0.015419
0.015419
0.015419
0.015419
0.015419
0.015419
0.015419
0.015419
0.015419
0.015419
0.015419
0.015419
0.015419
0.015419
0.015419
0.015419
0.015419
0.015419
0.015419
0.015419
0.015419
0.015419
0.015419
0.015419
0.015419
0.015419
0.015419
0.015419
0.015419
0.015419
0.015419
0.015419
0.015419
0.015419
0.015419
0.015419
0.015419
0.015419
0.015419
0.015419
0.015419
0.015419
0.015419
0.015419
0.015419
0.015419
0.015419
0.015419
0.015419
0.015419
0.015419
0.015419
0.015419
0.015419
0.015419
0.015419
0.015419
0.015419
0.015419
0.015419
0.015419
0.015419
0.015419
0.015419
0.015419
0.015419
0.015419
0.015419
0.015419
0.015419
0.015419
0.015419
0.015419
0.015419
0.015419
0.015419
0.015419
0.015419
0.015419
0.015419
0.015419
0.015419
0.015419
0.015419
0.015419
0.015419
0.015419
0.015419
0.015419
0.015419
0.015419
0.015419
0.015419
0.015419
0.015419
0.015419
0.015419
0.015419
0.015419
0.015419
0.015419
0.015419
0.015419
0.015419
0.015419
0.015419
0.015419
0.015419
0.015419
0.015419
0.015419
0.015419
0.015419
0.015419
0.015419
0.015419
0.015419
0.015419
0.015419
0.015419
0.015419
0.015419
0.015419
0.015419
0.015419
0.015419
0.015419
0.015419
0.015419
0.015419
0.015419
0.015419
0.015419
0.015419
0.015419
0.015419
