0.441225
0.441225
0.441225
0.441225
0.441225
0.441225
0.441225
0.441225
0.441225
0.441225
0.441225
0.441225
0.441225
0.441225
0.441225
0.441225
0.441225
0.441225
0.441225
0.441225
0.441225
0.441225
0.441121
0.441148
0.441068
0.440692
0.440186
0.439342
0.437879
0.436207
0.433846
0.430906
0.427923
0.424736
0.421429
0.418268
0.415239
0.412017
0.408745
0.405431
0.402128
0.398607
0.395176
0.391737
0.388353
0.385010
0.381630
0.378196
0.374887
0.371478
0.368166
0.364696
0.361409
0.358098
0.354716
0.351420
0.348072
0.344793
0.341587
0.338299
0.334929
0.331756
0.328457
0.325273
0.322192
0.318953
0.315656
0.312517
0.309396
0.306278
0.303054
0.300148
0.296955
0.294141
0.290922
0.287905
0.284860
0.281803
0.278819
0.275847
0.272827
0.269984
0.266983
0.264075
0.261275
0.258126
0.255315
0.252363
0.249635
0.246887
0.244052
0.241163
0.238369
0.235509
0.232843
0.229994
0.227288
0.224646
0.221888
0.219351
0.216697
0.214064
0.211435
0.208937
0.206268
0.203950
0.201353
0.198753
0.196232
0.193829
0.191365
0.188859
0.186565
0.184275
0.181900
0.179602
0.177343
0.175135
0.172876
0.170733
0.168476
0.166391
0.164371
0.162084
0.159945
0.158005
0.155926
0.153991
0.152053
0.150009
0.148077
0.146132
0.144309
0.142399
0.140585
0.138813
0.136914
0.135127
0.133327
0.131433
0.129930
0.128264
0.126604
0.124717
0.123337
0.121670
0.120150
0.118507
0.116877
0.115356
0.114008
0.112366
0.111000
0.109532
0.107975
0.106810
0.105249
0.104007
0.102566
0.101289
0.099851
0.098686
0.097252
0.096104
0.094611
0.093552
0.092342
0.090999
0.090049
0.088736
0.087579
0.086394
0.085304
0.084293
0.083163
0.082017
0.080838
0.079836
0.078919
0.077821
0.076789
0.075865
0.074847
0.073875
0.072843
0.072012
0.071115
0.070020
0.069256
0.068306
0.067472
0.066439
0.065684
0.064868
0.063871
0.063142
0.062293
0.061446
0.060555
0.059976
0.059040
0.058330
0.057683
0.056840
0.056122
0.055210
0.054602
0.053896
0.053285
0.052514
0.051820
0.051174
0.050626
0.049784
0.049153
0.048507
0.047945
0.047467
0.046642
0.046002
0.045326
0.044995
0.044358
0.043835
0.043180
0.042589
0.042177
0.041570
0.040942
0.040332
0.040003
0.039423
0.038884
0.038461
0.037910
0.037410
0.036921
0.036446
0.036039
0.035457
0.035005
0.034611
0.034072
0.033788
0.033320
0.032725
0.032389
0.031994
0.031548
0.031176
0.030748
0.030411
0.029915
0.029659
0.029290
0.028851
0.028571
0.028117
0.027831
0.027435
0.027090
0.026730
0.026407
0.026178
0.025676
0.025408
0.025064
0.024867
0.024482
0.024278
0.023850
0.023583
0.023285
0.023035
0.022778
0.022511
0.022175
0.021826
0.021662
0.021443
0.021093
0.020966
0.020601
0.020456
0.020247
0.019753
0.019539
0.019444
0.019145
0.019027
0.018691
0.018379
0.018231
0.018138
0.017911
0.017684
0.017511
0.017186
0.017032
0.016875
0.016711
0.016478
0.016171
0.016084
0.015868
0.015723
0.015588
0.015375
0.015255
0.014989
0.014853
0.014690
0.014662
0.014455
0.014398
0.014071
0.013965
0.013734
0.013647
0.013490
0.013490
0.013243
0.013108
0.013108
0.012961
0.012830
0.012626
0.012512
0.012477
0.012312
0.012225
0.012162
0.012162
0.012000
0.011838
0.011660
0.011593
0.011480
0.011480
0.011234
0.011177
0.011140
0.011027
0.011027
0.010937
0.010772
0.010697
0.010629
0.010573
0.010454
0.010426
0.010270
0.010213
0.010140
0.010114
0.010058
0.009946
0.009946
0.009813
0.009726
0.009688
0.009581
0.009581
0.009581
0.009547
0.009547
0.009439
0.009390
0.009295
0.009295
0.009295
0.009295
0.009295
0.009245
0.009169
0.009115
0.009019
0.008984
0.009038
0.009038
0.008988
0.008988
0.008934
0.008934
0.008934
0.008934
0.008896
0.008896
0.008846
0.008846
0.008846
0.008846
0.008846
0.008846
0.008846
0.008846
0.008759
0.008759
0.008759
0.008759
0.008759
0.008759
0.008759
0.008759
0.008759
0.008759
0.008759
0.008759
0.008759
0.008759
0.008759
0.008759
0.008759
0.008759
0.008759
0.008759
0.008759
0.008759
0.008759
0.008759
0.008759
0.008759
0.008759
0.008759
0.008759
0.008759
0.008759
0.008759
0.008759
0.008759
0.008759
0.008759
0.008759
0.008759
0.008759
0.008759
0.008759
0.008759
0.008759
0.008759
0.008759
0.008759
0.008759
0.008759
0.008759
0.008759
0.008759
0.008759
0.008759
0.008759
0.008759
0.008759
0.008759
0.008759
0.008759
0.008759
0.008759
0.008759
0.008759
0.008759
0.008759
0.008759
0.008759
0.008759
0.008759
0.008759
0.008759
0.008759
0.008759
0.008759
0.008759
0.008759
0.008759
0.008759
0.008759
0.008759
0.008759
0.008759
0.008759
0.008759
0.008759
0.008759
0.008759
0.008759
0.008759
0.008759
0.008759
0.008759
0.008759
0.008759
0.008759
0.008759
0.008759
0.008759
0.008759
0.008759
0.008759
0.008759
0.008759
0.008759
0.008759
0.008759
0.008759
0.008759
0.008759
0.008759
0.008759
0.008759
0.008759
0.008759
0.008759
0.008759
0.008759
0.008759
0.008759
0.008759
0.008759
0.008759
0.008759
0.008759
0.008759
0.008759
0.008759
0.008759
0.008759
0.008759
0.008759
0.008759
0.008759
0.008759
0.008759
0.008759
0.008759
0.008759
0.008759
0.008759
0.008759
0.008759
0.008759
0.008759
0.008759
0.008759
0.008759
0.008759
0.008759
0.008759
0.008759
0.008759
0.008759
0.008759
0.008759
0.008759
0.008759
0.008759
0.008759
0.008759
0.008759
0.008759
0.008759
0.008759
0.008759
0.008759
0.008759
0.008759
0.008759
0.008759
0.008759
0.008759
0.008759
0.008759
0.008759
0.008759
0.008759
0.008759
0.008759
0.008759
0.008759
0.008759
0.008759
0.008759
0.008759
0.008759
0.008759
0.008759
0.008759
0.008759
0.008759
0.008759
0.008759
0.008759
0.008759
0.008759
0.008759
0.008759
0.008759
0.008759
0.008759
0.008759
0.008759
0.008759
0.008759
0.008759
0.008759
0.008759
0.008759
0.008759
0.008759
0.008759
0.008759
0.008759
0.008759
0.008759
0.008759
0.008759
0.008759
0.008759
0.008759
0.008759
0.008759
0.008759
0.008759
0.008759
0.008759
0.008759
0.008759
0.008759
0.008759
0.008759
0.008759
0.008759
0.008759
0.008759
0.008759
0.008759
0.008759
0.008759
0.008759
0.008759
0.008759
0.008759
0.008759
0.008759
0.008759
0.008759
0.008759
0.008759
0.008759
0.008759
0.008759
0.008759
0.008759
0.008759
0.008759
0.008759
0.008759
0.008759
0.008759
0.008759
0.008759
0.008759
0.008759
0.008759
0.008759
0.008759
0.008759
0.008759
0.008759
0.008759
0.008759
0.008759
0.008759
0.008759
0.008759
0.008759
0.008759
0.008759
0.008759
0.008759
0.008759
0.008759
0.008759
0.008759
0.008759
0.008759
0.008759
0.008759
0.008759
0.008759
0.008759
0.008759
0.008759
0.008759
0.008759
0.008759
0.008759
0.008759
0.008759
0.008759
0.008759
0.008759
