0.575133
0.575133
0.575133
0.575133
0.575133
0.575133
0.575133
0.575133
0.575133
0.575088
0.575045
0.575003
0.574875
0.574746
0.574618
0.574468
0.574404
0.574297
0.574259
0.574132
0.574079
0.573916
0.573612
0.573375
0.573114
0.572867
0.572657
0.572525
0.572335
0.572035
0.571785
0.571497
0.571096
0.570739
0.570408
0.570146
0.569889
0.569652
0.569328
0.569118
0.568818
0.568346
0.567992
0.567507
0.567170
0.566834
0.566507
0.566273
0.565842
0.565561
0.565041
0.564645
0.564378
0.563986
0.563831
0.563392
0.563238
0.562700
0.562384
0.562066
0.561438
0.561131
0.560656
0.560464
0.560054
0.559667
0.559243
0.558819
0.558272
0.557898
0.557419
0.556940
0.556551
0.556076
0.555762
0.555253
0.554783
0.554175
0.553528
0.553095
0.552574
0.552124
0.551595
0.551170
0.550660
0.550055
0.549376
0.548794
0.548184
0.547565
0.546998
0.546420
0.545855
0.545183
0.544551
0.543813
0.543119
0.542421
0.541765
0.541206
0.540516
0.539810
0.539033
0.538440
0.537501
0.536702
0.535857
0.535173
0.534372
0.533573
0.532885
0.532039
0.531130
0.530241
0.529315
0.528311
0.527322
0.526655
0.525725
0.524850
0.523872
0.522918
0.521793
0.520725
0.519696
0.518536
0.517435
0.516417
0.515375
0.514208
0.513206
0.512023
0.510777
0.509600
0.508467
0.507127
0.506040
0.504789
0.503689
0.502663
0.501474
0.500369
0.499347
0.498175
0.497111
0.496070
0.495069
0.493907
0.492983
0.491831
0.490878
0.489946
0.488848
0.487931
0.486944
0.485982
0.485050
0.484133
0.483249
0.482252
0.481378
0.480526
0.479660
0.478708
0.477818
0.477000
0.476221
0.475207
0.474433
0.473598
0.472763
0.472013
0.471105
0.470429
0.469619
0.468855
0.468017
0.467308
0.466505
0.465757
0.465059
0.464321
0.463611
0.462852
0.462172
0.461485
0.460751
0.459897
0.459433
0.458702
0.457947
0.457346
0.456666
0.456139
0.455458
0.454819
0.454022
0.453546
0.452868
0.452113
0.451702
0.451100
0.450404
0.449800
0.449205
0.448729
0.448113
0.447520
0.446943
0.446407
0.445858
0.445175
0.444722
0.444205
0.443652
0.443072
0.442622
0.442072
0.441492
0.441080
0.440468
0.439970
0.439506
0.439076
0.438490
0.437983
0.437490
0.437048
0.436570
0.436126
0.435658
0.435090
0.434733
0.434242
0.433821
0.433448
0.433017
0.432530
0.432127
0.431697
0.431325
0.431041
0.430556
0.430220
0.429665
0.429447
0.429107
0.428625
0.428350
0.427940
0.427565
0.427272
0.426842
0.426612
0.426237
0.425925
0.425632
0.425221
0.424911
0.424661
0.424405
0.424085
0.423770
0.423440
0.423192
0.423003
0.422691
0.422423
0.422085
0.421861
0.421683
0.421383
0.421092
0.420861
0.420627
0.420377
0.420203
0.419914
0.419732
0.419525
0.419310
0.419135
0.418877
0.418591
0.418493
0.418308
0.418127
0.417853
0.417674
0.417539
0.417300
0.417202
0.416983
0.416763
0.416576
0.416466
0.416364
0.416086
0.415943
0.415763
0.415625
0.415529
0.415318
0.415236
0.415025
0.414886
0.414825
0.414649
0.414448
0.414377
0.414239
0.414141
0.414013
0.413892
0.413750
0.413619
0.413490
0.413447
0.413336
0.413141
0.413072
0.412972
0.412911
0.412809
0.412707
0.412549
0.412478
0.412384
0.412286
0.412247
0.294526
0.294458
0.294370
0.294317
0.294225
0.294196
0.294129
0.294110
0.294030
0.293980
0.293921
0.293792
0.293735
0.293656
0.293664
0.293671
0.293673
0.293678
0.293730
0.293768
0.293783
0.293822
0.293799
0.293811
0.293855
0.293888
0.293954
0.294014
0.294045
0.294095
0.294149
0.294185
0.294264
0.294312
0.294358
0.294412
0.294481
0.294559
0.294622
0.294675
0.294765
0.294826
0.294869
0.294951
0.295017
0.295108
0.295163
0.295236
0.295306
0.295395
0.295480
0.295535
0.295621
0.295717
0.295776
0.295849
0.295936
0.296027
0.296100
0.296188
0.296259
0.296367
0.296442
0.296513
0.296601
0.296710
0.296785
0.296857
0.296946
0.297035
0.231324
0.231414
0.231503
0.231593
0.231674
0.231737
0.231826
0.231862
0.231901
0.231921
0.231922
0.231886
0.231820
0.231746
0.231665
0.231540
0.231423
0.231339
0.231268
0.231246
0.231345
0.231382
0.231420
0.231467
0.231332
0.231027
0.230665
0.229974
0.229231
0.228352
0.227356
0.226261
0.225237
0.224249
0.223267
0.222227
0.221258
0.220356
0.219313
0.218290
0.217152
0.216114
0.215145
0.214050
0.213031
0.211979
0.210942
0.209935
0.208847
0.207903
0.206810
0.205802
0.204789
0.203722
0.202689
0.201702
0.200652
0.199640
0.198632
0.197613
0.196637
0.195634
0.194633
0.193588
0.192554
0.191540
0.190444
0.189266
0.188101
0.187003
0.185778
0.184664
0.183529
0.182431
0.181338
0.180278
0.179158
0.178103
0.176911
0.175784
0.174674
0.173495
0.172498
0.171391
0.170333
0.169168
0.168060
0.167012
0.165943
0.164878
0.163772
0.162731
0.161670
0.160606
0.159556
0.158457
0.157438
0.156464
0.155381
0.154330
0.153243
0.152217
0.151222
0.150200
0.149153
0.148132
0.147116
0.146117
0.145085
0.144090
0.143047
0.142013
0.141096
0.140038
0.139057
0.138060
0.137060
0.136085
0.135056
0.134089
0.133092
0.132117
0.131163
0.130140
0.129159
0.128173
0.127184
0.126261
0.125239
0.124288
0.123277
0.122340
0.121399
0.120407
0.119458
0.118455
0.117489
0.116532
0.115534
0.114608
0.113601
0.112672
0.111701
0.110747
0.109815
0.108824
0.107882
0.106940
0.105981
0.105049
0.104079
0.103142
0.102196
0.101226
0.100291
0.099332
0.098399
0.097461
0.096514
0.095614
0.094634
0.093665
0.092733
0.091801
0.090887
0.089937
0.088998
0.088043
0.087126
0.086191
0.085240
0.084339
0.083379
0.082504
0.081579
0.080663
0.079785
0.078857
0.078004
0.077092
0.076269
0.075418
0.074577
0.073760
0.072922
0.072124
0.071338
0.070500
0.069736
0.068954
0.068213
0.067384
0.066673
0.065955
0.065194
0.064458
0.063761
0.063072
0.062368
0.061695
0.061034
0.060364
0.059709
0.059015
0.058403
0.057745
0.057083
0.056496
0.055890
0.055262
0.054607
0.054044
0.053459
0.052897
0.052309
0.051770
0.051216
0.050675
0.050117
0.049585
0.049088
0.048528
0.048050
0.047541
0.047043
0.046533
0.046031
0.045585
0.045097
0.044642
0.044166
0.043723
0.043289
0.042850
0.042424
0.042000
0.041537
0.041114
0.040755
0.040295
0.039917
0.039534
0.039123
0.038750
0.038361
0.037961
0.037631
0.037224
0.036846
0.036531
0.036171
0.035843
0.035465
0.035160
0.034805
0.034495
0.034179
0.033829
0.033514
0.033214
0.032916
0.032584
0.032310
0.032012
0.031703
0.031435
0.031142
0.030912
0.030597
0.030317
0.030071
0.029800
0.029556
0.029263
0.029030
0.028758
0.028506
0.028276
0.028038
0.027812
0.027605
0.027378
0.027135
0.026928
0.026721
0.026493
0.026286
0.026079
0.025868
0.025636
0.025407
0.025193
0.024986
0.024776
0.024602
0.024368
0.024206
0.024032
0.023848
0.023673
0.023510
0.023313
0.023154
0.022956
0.022804
0.022620
0.022492
0.022318
0.022156
0.021983
0.021844
0.021714
0.021549
0.021421
0.021270
0.021119
0.020980
0.020851
0.020708
0.020578
0.020449
0.020278
0.020171
0.020028
0.019923
0.019783
0.019633
0.019556
0.019407
0.019322
0.019180
0.019095
0.018957
0.018889
0.018762
0.018667
0.018558
0.018474
0.018355
0.018270
0.018144
0.018067
0.017940
0.017874
0.017738
0.017653
0.017565
0.017451
0.017407
0.017281
0.017226
0.017101
0.017057
0.016940
0.016855
0.016793
0.016694
0.016614
0.016570
0.016467
0.016413
0.016307
0.016245
0.016184
0.016085
0.016023
0.015962
0.015896
0.015806
0.015763
0.015696
0.015618
0.015564
0.015480
0.015437
0.015376
0.015293
0.015239
0.015162
0.015140
0.015073
0.015003
0.014965
0.014943
0.014860
0.014801
0.014770
0.014687
0.014644
0.014585
0.014547
0.014480
0.014428
0.014406
0.014353
0.014331
0.014265
0.014228
0.014183
0.014161
0.014095
0.014036
0.014015
0.013980
0.013933
0.013867
0.013846
0.013825
0.013775
0.013753
0.013687
0.013658
0.013637
0.013588
0.013566
0.013500
0.013480
0.013445
0.013415
0.013381
0.013359
0.013315
0.013281
0.013261
0.013239
0.013206
0.013185
0.013118
0.013099
0.013079
0.013058
0.013036
0.012991
0.012991
0.012947
0.012927
0.012900
0.012880
0.012845
0.012824
0.012824
0.012824
0.012824
0.012824
0.012824
0.012812
0.012812
0.012805
0.012805
0.012805
0.012805
0.012793
0.012793
0.012793
0.012793
0.012793
0.012793
0.012793
0.012793
0.012782
0.012776
0.012776
0.012776
0.012776
0.012776
0.012776
0.012776
0.012776
0.012766
0.012766
0.012766
0.012766
0.012766
0.012766
0.012766
0.012766
0.012766
0.012766
0.012766
0.012766
0.012766
0.012766
0.012766
0.012766
0.012766
0.012766
0.012766
0.012766
0.012766
0.012766
0.012766
0.012766
0.012766
0.012766
0.012766
0.012766
0.012766
0.012766
0.012766
0.012766
0.012766
0.012766
0.012766
0.012766
0.012766
0.012766
0.012766
0.012766
0.012766
0.012766
0.012766
0.012766
0.012766
0.012766
0.012766
0.012766
0.012766
0.012766
0.012766
0.012766
0.012766
0.012766
0.012766
0.012766
0.012766
0.012766
0.012766
0.012766
0.012766
0.012766
0.012766
0.012766
0.012766
0.012766
0.012766
0.012766
0.012766
0.012766
0.012766
0.012766
0.012766
0.012766
0.012766
0.012766
0.012766
0.012766
0.012766
0.012766
0.012766
0.012766
0.012766
0.012766
0.012766
0.012766
0.012766
0.012766
0.012766
0.012766
0.012766
0.012766
0.012766
0.012766
0.012766
0.012766
0.012766
0.012766
0.012766
0.012766
0.012766
0.012766
0.012766
0.012766
0.012766
0.012766
0.012766
0.012766
0.012766
0.012766
0.012766
0.012766
0.012766
0.012766
0.012766
0.012766
0.012766
0.012766
0.012766
0.012766
0.012766
0.012766
0.012766
0.012766
0.012766
0.012766
0.012766
0.012766
0.012766
0.012766
0.012766
0.012766
