0.920915
0.920915
0.920915
0.920915
0.920915
0.920915
0.920915
0.920915
0.920920
0.920917
0.920933
0.920844
0.920773
0.920693
0.920374
0.919788
0.919111
0.918069
0.917010
0.915848
0.914800
0.914051
0.913303
0.912627
0.911664
0.910253
0.908687
0.906940
0.905091
0.903144
0.901205
0.899510
0.897783
0.895756
0.893692
0.891173
0.888438
0.885556
0.882525
0.879603
0.876641
0.874020
0.871584
0.869614
0.867649
0.865900
0.864009
0.862108
0.859905
0.857426
0.854783
0.851879
0.849235
0.846594
0.843943
0.841368
0.839028
0.836776
0.834345
0.831912
0.829524
0.827063
0.824599
0.822149
0.819769
0.817299
0.814831
0.812559
0.810208
0.807933
0.805472
0.803169
0.800917
0.798699
0.796254
0.794007
0.791676
0.789334
0.787177
0.784928
0.782631
0.780511
0.778173
0.776044
0.773796
0.771703
0.769598
0.767442
0.765292
0.763107
0.760882
0.758812
0.756833
0.754762
0.752668
0.750702
0.748531
0.746603
0.744673
0.743082
0.741672
0.740474
0.739517
0.738574
0.737793
0.737205
0.736669
0.736198
0.735502
0.735085
0.734480
0.733622
0.732986
0.732336
0.731505
0.730677
0.729836
0.729196
0.728669
0.728112
0.727395
0.726316
0.725292
0.724166
0.722771
0.721138
0.719526
0.718111
0.716317
0.714683
0.713128
0.711431
0.709519
0.707331
0.704878
0.702192
0.699588
0.696812
0.694046
0.691576
0.689239
0.686626
0.684333
0.681823
0.679240
0.676731
0.674264
0.671644
0.669170
0.666616
0.664175
0.661809
0.659310
0.656979
0.654577
0.652211
0.649750
0.647293
0.645023
0.642616
0.640341
0.637982
0.635657
0.633203
0.631006
0.628792
0.626403
0.624026
0.621872
0.619725
0.617332
0.615163
0.612971
0.610762
0.608732
0.606517
0.604157
0.602027
0.599978
0.597760
0.595801
0.593811
0.591606
0.589664
0.587537
0.585539
0.583614
0.581462
0.579628
0.577672
0.575631
0.573754
0.571776
0.569861
0.567946
0.566119
0.564206
0.562314
0.560585
0.558683
0.556844
0.554993
0.553288
0.551452
0.549686
0.548023
0.546388
0.544622
0.542829
0.541346
0.539653
0.537982
0.536379
0.534889
0.533304
0.531668
0.530088
0.528676
0.527067
0.525542
0.523990
0.522651
0.521355
0.519836
0.518322
0.516819
0.515535
0.514395
0.512847
0.511624
0.510219
0.508868
0.507613
0.506291
0.505004
0.503840
0.502484
0.501310
0.500169
0.498914
0.497801
0.496596
0.495434
0.494265
0.493132
0.491917
0.490959
0.489715
0.488613
0.487656
0.486594
0.485452
0.484386
0.483500
0.482364
0.481434
0.480341
0.479299
0.478403
0.477396
0.476407
0.475490
0.474372
0.473584
0.472616
0.471607
0.470673
0.469731
0.468957
0.467910
0.466991
0.466213
0.465090
0.464379
0.463508
0.462530
0.461835
0.461020
0.460003
0.459417
0.458471
0.457628
0.456794
0.456090
0.455427
0.454437
0.453659
0.453027
0.452156
0.451342
0.450743
0.449907
0.449256
0.448504
0.447777
0.447081
0.446329
0.445494
0.444909
0.444251
0.443586
0.442630
0.441924
0.441138
0.440472
0.439861
0.439150
0.438438
0.437746
0.437126
0.436645
0.435869
0.435359
0.434642
0.434153
0.433518
0.432937
0.432410
0.431797
0.431237
0.430760
0.430212
0.429731
0.429246
0.428603
0.428209
0.427674
0.427345
0.426776
0.426230
0.425958
0.425324
0.424919
0.424441
0.424078
0.423648
0.423165
0.422795
0.422403
0.421831
0.421558
0.421162
0.420932
0.420563
0.420260
0.419693
0.419349
0.419094
0.418905
0.418558
0.418194
0.417845
0.417453
0.417162
0.416924
0.416606
0.416376
0.416047
0.415558
0.415371
0.414947
0.414574
0.414170
0.413951
0.413605
0.413350
0.412957
0.412653
0.412353
0.412135
0.411858
0.411677
0.411414
0.411099
0.410846
0.410603
0.410338
0.410102
0.409942
0.409730
0.409377
0.409250
0.409051
0.408802
0.408600
0.408324
0.408258
0.407964
0.407799
0.407626
0.407402
0.407102
0.406981
0.406863
0.406296
0.405969
0.405861
0.405565
0.405458
0.405316
0.575031
0.574857
0.574694
0.574628
0.574373
0.574242
0.574013
0.573939
0.573851
0.573820
0.573979
0.574230
0.574617
0.575140
0.575839
0.576566
0.577436
0.578137
0.578871
0.579557
0.276095
0.276612
0.277306
0.278187
0.278895
0.279749
0.280707
0.281564
0.282630
0.283504
0.284157
0.284713
0.285172
0.285266
0.285377
0.285775
0.286289
0.286848
0.287392
0.288053
0.288636
0.288958
0.289096
0.289064
0.289117
0.289210
0.288952
0.289321
0.289708
0.290006
0.290425
0.290733
0.290920
0.291234
0.291476
0.291655
0.291830
0.292196
0.292646
0.292898
0.293419
0.293836
0.294119
0.294496
0.294824
0.295169
0.295469
0.295700
0.295804
0.295502
0.295243
0.294690
0.294285
0.293803
0.293343
0.293102
0.292910
0.292905
0.292788
0.292741
0.292405
0.291711
0.290697
0.289648
0.288493
0.287601
0.286800
0.286047
0.285207
0.284543
0.283769
0.283063
0.282219
0.281352
0.280427
0.279728
0.278823
0.278005
0.277312
0.276523
0.275908
0.275062
0.274323
0.273686
0.272915
0.272142
0.271289
0.270628
0.270008
0.269163
0.268602
0.267877
0.267271
0.266779
0.266072
0.265538
0.264666
0.263812
0.263046
0.261798
0.260491
0.259311
0.257959
0.256767
0.255079
0.253490
0.251985
0.250416
0.248844
0.247080
0.245385
0.243635
0.241961
0.240228
0.238483
0.236395
0.234106
0.231919
0.229538
0.227342
0.225295
0.223030
0.220866
0.218907
0.216781
0.214661
0.212567
0.210476
0.208239
0.206120
0.204024
0.202008
0.199859
0.197861
0.195721
0.193753
0.191764
0.189654
0.187790
0.185811
0.183805
0.181812
0.179820
0.177993
0.176094
0.174305
0.172456
0.170566
0.168630
0.166772
0.164920
0.163131
0.161467
0.159598
0.157793
0.155910
0.154317
0.152571
0.150804
0.149097
0.147392
0.145690
0.144010
0.142336
0.140689
0.139092
0.137400
0.135785
0.134117
0.132465
0.130928
0.129361
0.127735
0.126313
0.124738
0.123127
0.121705
0.120095
0.118816
0.117223
0.115770
0.114264
0.112921
0.111532
0.110097
0.108747
0.107320
0.105942
0.104744
0.103335
0.102188
0.100842
0.099580
0.098348
0.097083
0.096037
0.094749
0.093567
0.092481
0.091217
0.090189
0.088830
0.087882
0.086710
0.085814
0.084681
0.083669
0.082772
0.081600
0.080577
0.079596
0.078578
0.077659
0.076688
0.075827
0.074853
0.074013
0.073148
0.072183
0.071292
0.070410
0.069707
0.068785
0.067898
0.067048
0.066328
0.065618
0.064790
0.064099
0.063402
0.062526
0.061823
0.061010
0.060292
0.059626
0.058969
0.058288
0.057668
0.056919
0.056312
0.055568
0.054924
0.054314
0.053737
0.053041
0.052441
0.051804
0.051229
0.050646
0.050066
0.049560
0.048932
0.048406
0.047856
0.047345
0.046752
0.046260
0.045738
0.045189
0.044627
0.044354
0.043743
0.043267
0.042737
0.042276
0.041913
0.041449
0.040964
0.040434
0.040113
0.039689
0.039167
0.038765
0.038386
0.037962
0.037686
0.037227
0.036823
0.036345
0.036041
0.035638
0.035312
0.034837
0.034555
0.034249
0.033823
0.033518
0.033114
0.032870
0.032462
0.032176
0.031836
0.031496
0.031250
0.030934
0.030598
0.030317
0.030000
0.029813
0.029345
0.029217
0.029030
0.028637
0.028518
0.028145
0.027881
0.027696
0.027519
0.027240
0.026900
0.026721
0.026570
0.026233
0.026084
0.025811
0.025578
0.025430
0.025181
0.024945
0.024792
0.024608
0.024398
0.024129
0.024008
0.023859
0.023535
0.023457
0.023238
0.023062
0.022825
0.022763
0.022559
0.022388
0.022180
0.022056
0.021907
0.021702
0.021643
0.021390
0.021301
0.021092
0.021034
0.020807
0.020666
0.020465
0.020465
0.020193
0.020163
0.019941
0.019881
0.019766
0.019615
0.019615
0.019296
0.019262
0.019172
0.018997
0.018937
0.018771
0.018722
0.018633
0.018460
0.018401
0.018311
0.018204
0.018044
0.017925
0.017873
0.017813
0.017706
0.017595
0.017564
0.017371
0.017296
0.017245
0.017191
0.017050
0.017000
0.016939
0.016885
0.016783
0.016709
0.016657
0.016485
0.016437
0.016375
0.016265
0.016265
0.016218
0.016218
0.016028
0.016028
0.016028
0.015922
0.015814
0.015814
0.015784
0.015710
0.015602
0.015553
0.015553
0.015553
0.015406
0.015406
0.015406
0.015406
0.015316
0.015231
0.015231
0.015231
0.015231
0.015171
0.015090
0.015090
0.015090
0.015060
0.015000
0.015000
0.014922
0.014922
0.014922
0.014922
0.014863
0.014823
0.014789
0.014789
0.014759
0.014699
0.014699
0.014699
0.014662
0.014630
0.014630
0.014630
0.014571
0.014571
0.014571
0.014536
0.014536
0.014506
0.014506
0.014446
0.014446
0.014446
0.014446
0.014446
0.014446
0.014446
0.014387
0.014387
0.014387
0.014387
0.014387
0.014387
0.014358
0.014358
0.014358
0.014358
0.014358
0.014358
0.014358
0.014358
0.014358
0.014358
0.014358
0.014358
0.014358
0.014358
0.014358
0.014358
0.014358
0.014358
0.014358
0.014358
0.014358
0.014358
0.014358
0.014358
0.014358
0.014358
0.014358
0.014358
0.014358
0.014358
0.014358
0.014358
0.014358
0.014358
0.014358
0.014358
0.014358
0.014358
0.014358
0.014358
0.014358
0.014358
0.014358
0.014358
0.014358
0.014358
0.014358
0.014358
0.014358
0.014358
0.014358
0.014358
0.014358
0.014358
0.014358
0.014358
0.014358
0.014358
0.014358
0.014358
0.014358
0.014358
0.014358
0.014358
0.014358
0.014358
0.014358
0.014358
0.014358
0.014358
0.014358
0.014358
0.014358
0.014358
0.014358
0.014358
0.014358
0.014358
0.014358
0.014358
0.014358
0.014358
0.014358
0.014358
0.014358
0.014358
0.014358
0.014358
0.014358
0.014358
0.014358
0.014358
0.014358
0.014358
0.014358
0.014358
0.014358
0.014358
0.014358
0.014358
0.014358
0.014358
0.014358
0.014358
0.014358
0.014358
0.014358
0.014358
0.014358
0.014358
0.014358
0.014358
0.014358
0.014358
0.014358
0.014358
0.014358
0.014358
0.014358
0.014358
0.014358
0.014358
0.014358
0.014358
0.014358
0.014358
0.014358
0.014358
0.014358
0.014358
0.014358
0.014358
0.014358
0.014358
0.014358
0.014358
0.014358
0.014358
0.014358
0.014358
0.014358
0.014358
0.014358
0.014358
0.014358
0.014358
0.014358
0.014358
0.014358
0.014358
0.014358
0.014358
0.014358
0.014358
0.014358
0.014358
0.014358
0.014358
0.014358
0.014358
0.014358
0.014358
0.014358
0.014358
0.014358
0.014358
0.014358
0.014358
0.014358
0.014358
0.014358
0.014358
0.014358
0.014358
0.014358
0.014358
0.014358
0.014358
0.014358
0.014358
0.014358
0.014358
0.014358
0.014358
0.014358
0.014358
0.014358
0.014358
0.014358
0.014358
0.014358
0.014358
0.014358
0.014358
0.014358
0.014358
0.014358
0.014358
0.014358
0.014358
0.014358
0.014358
0.014358
0.014358
0.014358
0.014358
0.014358
0.014358
0.014358
0.014358
0.014358
0.014358
0.014358
0.014358
0.014358
0.014358
0.014358
0.014358
0.014358
0.014358
0.014358
0.014358
0.014358
0.014358
0.014358
0.014358
0.014358
0.014358
0.014358
0.014358
0.014358
0.014358
0.014358
0.014358
0.014358
0.014358
0.014358
0.014358
0.014358
0.014358
0.014358
0.014358
0.014358
0.014358
0.014358
0.014358
0.014358
0.014358
0.014358
0.014358
0.014358
0.014358
0.014358
0.014358
0.014358
0.014358
0.014358
0.014358
0.014358
0.014358
0.014358
0.014358
0.014358
0.014358
0.014358
0.014358
0.014358
0.014358
0.014358
0.014358
0.014358
0.014358
0.014358
0.014358
0.014358
0.014358
0.014358
0.014358
0.014358
0.014358
0.014358
0.014358
0.014358
0.014358
0.014358
0.014358
0.014358
0.014358
0.014358
0.014358
0.014358
0.014358
0.014358
0.014358
0.014358
0.014358
0.014358
0.014358
0.014358
0.014358
0.014358
0.014358
0.014358
0.014358
0.014358
0.014358
0.014358
0.014358
0.014358
0.014358
0.014358
0.014358
0.014358
0.014358
0.014358
0.014358
0.014358
0.014358
0.014358
0.014358
0.014358
0.014358
0.014358
0.014358
0.014358
0.014358
