1.045108
1.045108
1.045108
1.045108
1.045108
1.045108
1.045108
1.045108
1.045047
1.044979
1.044925
1.044839
1.044780
1.044691
1.044587
1.044410
1.044211
1.043981
1.043644
1.043304
1.042987
1.042559
1.042059
1.041407
1.040684
1.039883
1.038891
1.037969
1.036968
1.035992
1.034917
1.033861
1.032797
1.031701
1.030525
1.029337
1.028136
1.026815
1.025584
1.024264
1.022987
1.021609
1.020193
1.018814
1.017224
1.015822
1.014243
1.012795
1.011227
1.009605
1.008034
1.006480
1.004837
1.003320
1.001656
1.000045
0.998545
0.997049
0.995384
0.993820
0.992137
0.990423
0.988603
0.986835
0.984825
0.983011
0.981213
0.979480
0.977805
0.976047
0.974359
0.972430
0.970611
0.968563
0.966422
0.964376
0.962317
0.960271
0.958198
0.956157
0.954095
0.951861
0.949583
0.947314
0.944977
0.942741
0.940501
0.938232
0.936007
0.933812
0.931577
0.929253
0.926911
0.924563
0.922218
0.919792
0.917402
0.915172
0.912778
0.910456
0.908244
0.905879
0.903426
0.901114
0.898700
0.896336
0.893922
0.891450
0.889125
0.886705
0.884419
0.881838
0.879575
0.877016
0.874543
0.872001
0.869476
0.866959
0.864563
0.862082
0.859672
0.857147
0.854543
0.852049
0.849401
0.846903
0.844323
0.841682
0.839149
0.836580
0.834125
0.831476
0.828863
0.826207
0.823530
0.820992
0.818357
0.815820
0.813114
0.810512
0.807740
0.805008
0.802353
0.799629
0.796936
0.794276
0.791602
0.788860
0.786196
0.783359
0.780624
0.777937
0.775123
0.772429
0.769638
0.766984
0.764244
0.761466
0.758673
0.755715
0.752991
0.750178
0.747427
0.744695
0.741867
0.739033
0.736067
0.733202
0.730170
0.727106
0.723969
0.720916
0.717936
0.715028
0.711973
0.709069
0.706091
0.703178
0.700349
0.697452
0.694807
0.691841
0.689106
0.686408
0.683590
0.680744
0.677820
0.674917
0.671966
0.669046
0.666215
0.663511
0.660848
0.658254
0.655757
0.653292
0.650806
0.648293
0.645755
0.643277
0.640878
0.638423
0.636158
0.633913
0.631766
0.629608
0.627395
0.625255
0.622937
0.620689
0.618382
0.616004
0.613739
0.611432
0.609414
0.607288
0.605407
0.603462
0.601414
0.599306
0.597173
0.594996
0.592818
0.590765
0.588722
0.586817
0.585008
0.583194
0.581409
0.579698
0.577855
0.575828
0.574064
0.572035
0.570157
0.568514
0.566762
0.564997
0.563365
0.561621
0.559823
0.557975
0.556254
0.554378
0.552732
0.551101
0.549454
0.547875
0.546208
0.544445
0.542702
0.540919
0.539218
0.537476
0.535937
0.534393
0.532817
0.531450
0.529952
0.528384
0.526837
0.525288
0.523496
0.521877
0.520361
0.518719
0.517215
0.515839
0.514364
0.512987
0.511569
0.510090
0.508605
0.507014
0.505369
0.503795
0.502335
0.500855
0.499566
0.498114
0.496861
0.495459
0.494101
0.492624
0.491198
0.489656
0.488245
0.486721
0.485312
0.483994
0.482787
0.481321
0.480169
0.478665
0.477312
0.475875
0.474435
0.473049
0.471754
0.470294
0.469033
0.467708
0.466376
0.464972
0.463661
0.462186
0.460731
0.459425
0.457981
0.456557
0.455269
0.453868
0.452560
0.451282
0.450055
0.448671
0.447489
0.446165
0.444881
0.443612
0.442454
0.441030
0.439829
0.438687
0.437268
0.436229
0.435029
0.433839
0.432586
0.431519
0.430340
0.429081
0.428082
0.426919
0.425808
0.424649
0.423553
0.422476
0.421342
0.420322
0.419293
0.418209
0.417222
0.416116
0.415134
0.414145
0.413157
0.412099
0.411185
0.410217
0.409204
0.408271
0.407327
0.406322
0.405412
0.404532
0.403614
0.402783
0.401816
0.400890
0.400103
0.399163
0.398360
0.397458
0.396592
0.395856
0.394945
0.394201
0.393356
0.392644
0.391890
0.390934
0.390283
0.389613
0.388812
0.387970
0.387338
0.386607
0.385825
0.385216
0.384478
0.383796
0.383132
0.382492
0.381772
0.381151
0.380414
0.379893
0.379299
0.378694
0.378114
0.377489
0.376878
0.376324
0.375666
0.375125
0.374591
0.374056
0.373469
0.372950
0.372371
0.371834
0.371280
0.370881
0.370402
0.369869
0.369363
0.368956
0.368393
0.367960
0.367479
0.367018
0.366504
0.366212
0.365795
0.365250
0.364642
0.364265
0.363888
0.363516
0.363063
0.362600
0.362207
0.361817
0.361488
0.360967
0.360676
0.360286
0.359938
0.359541
0.359248
0.358984
0.358568
0.358268
0.357925
0.357584
0.357228
0.356975
0.356618
0.356313
0.356071
0.355772
0.355447
0.355167
0.354881
0.354681
0.354395
0.354174
0.353914
0.353658
0.402202
0.401944
0.401615
0.401435
0.401188
0.400980
0.400758
0.400621
0.400364
0.400158
0.399944
0.399831
0.399684
0.399463
0.399288
0.399100
0.398903
0.398609
0.398427
0.398218
0.398190
0.398266
0.398409
0.398571
0.398786
0.398885
0.398836
0.398800
0.398679
0.398510
0.398449
0.398277
0.398143
0.398063
0.398076
0.398157
0.398249
0.398361
0.398256
0.398308
0.398345
0.398342
0.398345
0.398429
0.398377
0.398423
0.398420
0.398457
0.398448
0.398387
0.398314
0.398311
0.398191
0.398242
0.398608
0.398973
0.399726
0.400516
0.401540
0.402872
0.404318
0.405815
0.407479
0.409128
0.410980
0.412676
0.414414
0.416127
0.417846
0.419565
0.337691
0.339159
0.340505
0.341542
0.342473
0.343224
0.343590
0.343848
0.343744
0.343283
0.342611
0.341552
0.340496
0.339298
0.337995
0.336678
0.335217
0.333762
0.332272
0.330745
0.329187
0.327699
0.326220
0.324681
0.323106
0.321624
0.320056
0.318516
0.317067
0.315470
0.313995
0.312541
0.311031
0.309576
0.308123
0.306694
0.305243
0.303819
0.302371
0.300962
0.299499
0.298040
0.296633
0.295066
0.293532
0.291837
0.290133
0.288635
0.287233
0.286128
0.285078
0.284097
0.283065
0.281912
0.280741
0.279502
0.278323
0.276983
0.275869
0.274818
0.273651
0.272633
0.271561
0.270437
0.269362
0.268284
0.267157
0.266079
0.265012
0.263904
0.262889
0.261874
0.260836
0.259752
0.258854
0.257768
0.256761
0.255825
0.254821
0.253942
0.253065
0.252084
0.251173
0.250249
0.249415
0.248603
0.247681
0.247015
0.246102
0.245186
0.244218
0.243193
0.241902
0.240731
0.239407
0.237849
0.236211
0.234568
0.232951
0.231194
0.229720
0.228101
0.226596
0.224984
0.223344
0.221642
0.219924
0.218233
0.216604
0.214767
0.213238
0.211535
0.210020
0.208366
0.206703
0.205126
0.203479
0.201898
0.200312
0.198692
0.197156
0.195603
0.194067
0.192575
0.190858
0.189258
0.187567
0.185988
0.184425
0.182812
0.181121
0.179594
0.177988
0.176459
0.174907
0.173257
0.171702
0.170206
0.168570
0.167076
0.165517
0.164015
0.162495
0.160897
0.159425
0.157897
0.156368
0.154951
0.153357
0.151839
0.150337
0.148898
0.147481
0.145925
0.144506
0.143092
0.141594
0.140212
0.138741
0.137327
0.135897
0.134477
0.133152
0.131702
0.130394
0.129064
0.127663
0.126400
0.125036
0.123692
0.122345
0.121083
0.119812
0.118531
0.117251
0.115966
0.114719
0.113529
0.112263
0.111050
0.109825
0.108547
0.107440
0.106208
0.105049
0.103829
0.102642
0.101577
0.100351
0.099247
0.098096
0.097019
0.095871
0.094702
0.093635
0.092543
0.091493
0.090478
0.089340
0.088284
0.087317
0.086214
0.085230
0.084247
0.083324
0.082257
0.081318
0.080291
0.079349
0.078459
0.077556
0.076628
0.075766
0.074806
0.073928
0.072996
0.072153
0.071201
0.070489
0.069646
0.068783
0.067969
0.067190
0.066431
0.065616
0.064914
0.064140
0.063352
0.062622
0.061931
0.061211
0.060558
0.059852
0.059157
0.058428
0.057791
0.057084
0.056435
0.055838
0.055233
0.054602
0.054009
0.053431
0.052790
0.052194
0.051663
0.051010
0.050501
0.049905
0.049392
0.048830
0.048280
0.047750
0.047281
0.046776
0.046207
0.045762
0.045316
0.044807
0.044337
0.043902
0.043414
0.042983
0.042467
0.042084
0.041630
0.041243
0.040810
0.040333
0.039939
0.039569
0.039136
0.038769
0.038369
0.037937
0.037601
0.037150
0.036888
0.036474
0.036095
0.035696
0.035429
0.035052
0.034715
0.034393
0.034039
0.033733
0.033393
0.033077
0.032716
0.032469
0.032108
0.031801
0.031501
0.031265
0.030959
0.030715
0.030402
0.030103
0.029826
0.029566
0.029267
0.029022
0.028778
0.028511
0.028267
0.027986
0.027741
0.027543
0.027259
0.027023
0.026846
0.026548
0.026373
0.026122
0.025921
0.025703
0.025452
0.025252
0.025083
0.024880
0.024703
0.024460
0.024266
0.024064
0.023887
0.023686
0.023517
0.023331
0.023121
0.022945
0.022748
0.022660
0.022402
0.022299
0.022110
0.021931
0.021813
0.021582
0.021487
0.021282
0.021179
0.021029
0.020927
0.020737
0.020579
0.020416
0.020291
0.020165
0.020061
0.019892
0.019737
0.019597
0.019470
0.019347
0.019221
0.019141
0.018980
0.018871
0.018743
0.018701
0.018529
0.018451
0.018345
0.018235
0.018075
0.018047
0.017887
0.017804
0.017730
0.017654
0.017535
0.017391
0.017341
0.017241
0.017154
0.017049
0.016981
0.016935
0.016821
0.016764
0.016669
0.016550
0.016521
0.016481
0.016326
0.016285
0.016183
0.016144
0.016109
0.015978
0.015928
0.015883
0.015778
0.015759
0.015617
0.015565
0.015526
0.015508
0.015440
0.015350
0.015261
0.015223
0.015206
0.015155
0.015086
0.015064
0.014960
0.014900
0.014868
0.014829
0.014778
0.014755
0.014665
0.014613
0.014581
0.014501
0.014484
0.014466
0.014418
0.014388
0.014354
0.014298
0.014252
0.014252
0.014180
0.014155
0.014150
0.014134
0.014103
0.014024
0.014012
0.014008
0.013993
0.013976
0.013960
0.013907
0.013871
0.013871
0.013834
0.013817
0.013802
0.013787
0.013787
0.013730
0.013730
0.013705
0.013705
0.013690
0.013669
0.013652
0.013639
0.013629
0.013595
0.013595
0.013556
0.013555
0.013555
0.013528
0.013528
0.013515
0.013515
0.013498
0.013498
0.013483
0.013483
0.013474
0.013474
0.013474
0.013459
0.013440
0.013440
0.013440
0.013427
0.013427
0.013427
0.013399
0.013399
0.013412
0.013404
0.013391
0.013391
0.013391
0.013378
0.013378
0.013364
0.013364
0.013364
0.013364
0.013364
0.013364
0.013352
0.013352
0.013352
0.013352
0.013352
0.013352
0.013352
0.013352
0.013352
0.013352
0.013352
0.013352
0.013349
0.013349
0.013349
0.013349
0.013349
0.013349
0.013349
0.013349
0.013349
0.013349
0.013349
0.013349
0.013349
0.013349
0.013349
0.013349
0.013349
0.013349
0.013349
0.013349
0.013349
0.013349
0.013349
0.013349
0.013349
0.013349
0.013349
0.013349
0.013349
0.013349
0.013349
0.013349
0.013349
0.013349
0.013349
0.013349
0.013349
0.013349
0.013349
0.013349
0.013349
0.013349
0.013349
0.013349
0.013349
0.013349
0.013349
0.013349
0.013349
0.013349
0.013349
0.013349
0.013349
0.013349
0.013349
0.013349
0.013349
0.013349
0.013349
0.013349
0.013349
0.013349
0.013349
0.013349
0.013349
0.013349
0.013349
0.013349
0.013349
0.013349
0.013349
0.013349
0.013349
0.013349
0.013349
0.013349
0.013349
0.013349
0.013349
0.013349
0.013349
0.013349
0.013349
0.013349
0.013349
0.013349
0.013349
0.013349
0.013349
0.013349
0.013349
0.013349
0.013349
0.013349
0.013349
0.013349
0.013349
0.013349
0.013349
0.013349
0.013349
0.013349
0.013349
0.013349
0.013349
0.013349
0.013349
0.013349
0.013349
0.013349
0.013349
0.013349
0.013349
0.013349
0.013349
0.013349
0.013349
0.013349
0.013349
0.013349
0.013349
0.013349
0.013349
0.013349
0.013349
0.013349
0.013349
0.013349
0.013349
0.013349
0.013349
0.013349
0.013349
0.013349
0.013349
0.013349
0.013349
0.013349
0.013349
0.013349
0.013349
0.013349
0.013349
0.013349
0.013349
0.013349
0.013349
0.013349
0.013349
0.013349
0.013349
0.013349
0.013349
0.013349
0.013349
0.013349
0.013349
0.013349
0.013349
0.013349
0.013349
0.013349
0.013349
0.013349
0.013349
0.013349
0.013349
0.013349
0.013349
0.013349
0.013349
0.013349
0.013349
0.013349
0.013349
0.013349
0.013349
