0.445384
0.445384
0.445384
0.445384
0.445384
0.445384
0.445384
0.445384
0.445384
0.445384
0.445384
0.445384
0.445384
0.445384
0.445384
0.445384
0.445384
0.445384
0.445384
0.445384
0.445384
0.445384
0.445436
0.445587
0.445724
0.445811
0.445480
0.444754
0.443337
0.441247
0.438619
0.435483
0.432237
0.429266
0.426006
0.422988
0.420151
0.416930
0.413960
0.410726
0.407411
0.404075
0.400549
0.397150
0.393980
0.390843
0.387433
0.384339
0.381210
0.378015
0.374817
0.371846
0.368546
0.365313
0.362199
0.359113
0.355929
0.352966
0.349984
0.346909
0.343922
0.340687
0.338000
0.334895
0.331985
0.328963
0.326111
0.323412
0.320452
0.317578
0.314724
0.311829
0.309044
0.306338
0.303459
0.300783
0.297930
0.295143
0.292623
0.289821
0.287119
0.284387
0.281713
0.279204
0.276402
0.273818
0.271135
0.268538
0.266133
0.263565
0.260933
0.258374
0.255762
0.253263
0.250635
0.248084
0.245583
0.243241
0.240628
0.238235
0.235833
0.233260
0.230938
0.228480
0.226082
0.223612
0.221263
0.218867
0.216445
0.214260
0.211784
0.209573
0.207426
0.204904
0.202653
0.200451
0.198170
0.196027
0.193701
0.191598
0.189392
0.187352
0.185197
0.183225
0.180853
0.178886
0.176720
0.174721
0.172727
0.170605
0.168848
0.166620
0.164752
0.162799
0.160852
0.158947
0.157284
0.155300
0.153288
0.151464
0.149653
0.147879
0.146127
0.144278
0.142544
0.140878
0.138949
0.137309
0.135703
0.133843
0.132400
0.130592
0.129030
0.127347
0.125807
0.124111
0.122615
0.121099
0.119507
0.117794
0.116299
0.115012
0.113348
0.111921
0.110531
0.108902
0.107492
0.106156
0.104786
0.103468
0.102025
0.100620
0.099418
0.098109
0.096763
0.095537
0.094349
0.093101
0.091785
0.090575
0.089528
0.088328
0.087086
0.086053
0.084810
0.083705
0.082745
0.081438
0.080649
0.079507
0.078432
0.077370
0.076362
0.075413
0.074464
0.073471
0.072483
0.071405
0.070703
0.069776
0.068586
0.067717
0.066867
0.066160
0.065277
0.064238
0.063430
0.062724
0.061885
0.061042
0.060131
0.059453
0.058727
0.057930
0.057147
0.056425
0.055771
0.055065
0.054291
0.053532
0.052901
0.052253
0.051632
0.050824
0.050107
0.049522
0.048938
0.048325
0.047692
0.046942
0.046439
0.045886
0.045329
0.044606
0.044168
0.043461
0.043005
0.042415
0.041819
0.041326
0.040780
0.040233
0.039665
0.039339
0.038724
0.038205
0.037725
0.037385
0.036652
0.036279
0.035840
0.035408
0.034945
0.034604
0.034105
0.033701
0.033249
0.032832
0.032288
0.031934
0.031564
0.031314
0.030841
0.030348
0.029939
0.029552
0.029344
0.028924
0.028674
0.028156
0.027980
0.027604
0.027314
0.026933
0.026619
0.026284
0.026101
0.025619
0.025232
0.024943
0.024792
0.024425
0.024224
0.023934
0.023608
0.023376
0.023152
0.022904
0.022619
0.022367
0.022023
0.021697
0.021601
0.021294
0.021132
0.021027
0.020691
0.020377
0.020195
0.019972
0.019706
0.019512
0.019274
0.019083
0.018795
0.018705
0.018498
0.018252
0.018189
0.018015
0.017756
0.017627
0.017343
0.017219
0.017110
0.017000
0.016742
0.016619
0.016496
0.016333
0.016220
0.015953
0.015892
0.015783
0.015512
0.015423
0.015374
0.015274
0.015059
0.014898
0.014859
0.014651
0.014651
0.014466
0.014327
0.014174
0.014174
0.014024
0.013847
0.013767
0.013643
0.013604
0.013485
0.013280
0.013228
0.013128
0.013128
0.012961
0.012800
0.012761
0.012600
0.012493
0.012431
0.012370
0.012220
0.012220
0.012053
0.011977
0.011914
0.011814
0.011752
0.011612
0.011552
0.011500
0.011384
0.011384
0.011219
0.011157
0.011129
0.011030
0.010980
0.010868
0.010775
0.010714
0.010714
0.010565
0.010565
0.010505
0.010505
0.010384
0.010336
0.010207
0.010207
0.010207
0.010172
0.010006
0.010006
0.010006
0.009967
0.009906
0.009906
0.009857
0.009857
0.009802
0.009741
0.009741
0.009675
0.009675
0.009611
0.009550
0.009550
0.009550
0.009550
0.009550
0.009401
0.009401
0.009401
0.009401
0.009401
0.009401
0.009340
0.009340
0.009293
0.009293
0.009253
0.009253
0.009253
0.009192
0.009192
0.009192
0.009144
0.009144
0.009144
0.009144
0.009029
0.009029
0.009029
0.009029
0.009029
0.009029
0.009029
0.008919
0.008919
0.008919
0.008919
0.008919
0.008919
0.008919
0.008919
0.008919
0.008919
0.008919
0.008919
0.008919
0.008919
0.008919
0.008919
0.008919
0.008919
0.008919
0.008919
0.008919
0.008919
0.008919
0.008919
0.008919
0.008919
0.008919
0.008919
0.008919
0.008919
0.008919
0.008919
0.008919
0.008919
0.008919
0.008919
0.008919
0.008919
0.008919
0.008919
0.008919
0.008919
0.008919
0.008919
0.008919
0.008919
0.008919
0.008919
0.008919
0.008919
0.008919
0.008919
0.008919
0.008919
0.008919
0.008919
0.008919
0.008919
0.008919
0.008919
0.008919
0.008919
0.008919
0.008919
0.008919
0.008919
0.008919
0.008919
0.008919
0.008919
0.008919
0.008919
0.008919
0.008919
0.008919
0.008919
0.008919
0.008919
0.008919
0.008919
0.008919
0.008919
0.008919
0.008919
0.008919
0.008919
0.008919
0.008919
0.008919
0.008919
0.008919
0.008919
0.008919
0.008919
0.008919
0.008919
0.008919
0.008919
0.008919
0.008919
0.008919
0.008919
0.008919
0.008919
0.008919
0.008919
0.008919
0.008919
0.008919
0.008919
0.008919
0.008919
0.008919
0.008919
0.008919
0.008919
0.008919
0.008919
0.008919
0.008919
0.008919
0.008919
0.008919
0.008919
0.008919
0.008919
0.008919
0.008919
0.008919
0.008919
0.008919
0.008919
0.008919
0.008919
0.008919
0.008919
0.008919
0.008919
0.008919
0.008919
0.008919
0.008919
0.008919
0.008919
0.008919
0.008919
0.008919
0.008919
0.008919
0.008919
0.008919
0.008919
0.008919
0.008919
0.008919
0.008919
0.008919
0.008919
0.008919
0.008919
0.008919
0.008919
0.008919
0.008919
0.008919
0.008919
0.008919
0.008919
0.008919
0.008919
0.008919
0.008919
0.008919
0.008919
0.008919
0.008919
0.008919
0.008919
0.008919
0.008919
0.008919
0.008919
0.008919
0.008919
0.008919
0.008919
0.008919
0.008919
0.008919
0.008919
0.008919
0.008919
0.008919
0.008919
0.008919
0.008919
0.008919
0.008919
0.008919
0.008919
0.008919
0.008919
0.008919
0.008919
0.008919
0.008919
0.008919
0.008919
0.008919
0.008919
0.008919
0.008919
0.008919
0.008919
0.008919
0.008919
0.008919
0.008919
0.008919
0.008919
0.008919
0.008919
0.008919
0.008919
0.008919
0.008919
0.008919
0.008919
0.008919
0.008919
0.008919
0.008919
0.008919
0.008919
0.008919
0.008919
0.008919
0.008919
0.008919
0.008919
0.008919
0.008919
0.008919
0.008919
0.008919
0.008919
0.008919
0.008919
0.008919
0.008919
0.008919
0.008919
0.008919
0.008919
0.008919
0.008919
0.008919
0.008919
0.008919
0.008919
0.008919
0.008919
0.008919
0.008919
0.008919
0.008919
0.008919
0.008919
0.008919
