0.750108
0.750108
0.750108
0.750108
0.750108
0.750108
0.750108
0.750108
0.750108
0.750108
0.750108
0.750108
0.750108
0.750108
0.750108
0.750108
0.750108
0.750108
0.750108
0.750108
0.750108
0.750108
0.750108
0.749980
0.749834
0.750012
0.749770
0.749307
0.748276
0.747055
0.745302
0.743202
0.740502
0.738122
0.735563
0.733068
0.730492
0.727518
0.724437
0.720901
0.716918
0.712759
0.708447
0.704315
0.700172
0.696337
0.692254
0.688511
0.684503
0.680519
0.676493
0.672451
0.668307
0.664307
0.660100
0.656163
0.652051
0.648098
0.644155
0.639913
0.636127
0.632034
0.627999
0.624002
0.620000
0.616025
0.612166
0.608110
0.604069
0.600124
0.596377
0.592136
0.588340
0.584428
0.580469
0.576609
0.572662
0.568802
0.564963
0.561118
0.557215
0.553411
0.549713
0.545888
0.541975
0.538246
0.534408
0.530582
0.526898
0.522979
0.519216
0.515427
0.511688
0.507954
0.504267
0.500551
0.496651
0.493000
0.489375
0.485585
0.481916
0.478230
0.474608
0.471002
0.467363
0.463605
0.460044
0.456502
0.452889
0.449197
0.445835
0.442212
0.438681
0.435176
0.431483
0.428099
0.424442
0.420990
0.417661
0.414213
0.410759
0.407196
0.403789
0.400412
0.397187
0.393783
0.390361
0.387162
0.383719
0.380405
0.377184
0.373906
0.370561
0.367262
0.364138
0.360877
0.357699
0.354542
0.351301
0.348220
0.345027
0.341875
0.338854
0.335668
0.332628
0.329748
0.326609
0.323542
0.320479
0.317611
0.314607
0.311647
0.308775
0.305789
0.302955
0.300073
0.297155
0.294325
0.291470
0.288658
0.285926
0.283116
0.280455
0.277507
0.274821
0.272070
0.269490
0.266782
0.264132
0.261478
0.258845
0.256171
0.253631
0.251145
0.248575
0.246035
0.243501
0.241104
0.238558
0.236090
0.233583
0.231178
0.228853
0.226606
0.224083
0.221753
0.219326
0.217189
0.214809
0.212601
0.210246
0.208194
0.205971
0.203709
0.201526
0.199441
0.197325
0.195371
0.193189
0.191188
0.189078
0.187038
0.185142
0.183019
0.181335
0.179175
0.177407
0.175349
0.173450
0.171600
0.169805
0.168062
0.166145
0.164398
0.162490
0.160779
0.159142
0.157310
0.155561
0.153937
0.152208
0.150511
0.148898
0.147256
0.145657
0.143879
0.142450
0.140869
0.139256
0.137762
0.136153
0.134769
0.133216
0.131769
0.130314
0.128704
0.127530
0.125981
0.124521
0.123217
0.121716
0.120402
0.118962
0.117714
0.116352
0.114987
0.113755
0.112415
0.111177
0.109900
0.108800
0.107374
0.106177
0.104970
0.103667
0.102541
0.101417
0.100119
0.099101
0.097969
0.096699
0.095662
0.094577
0.093348
0.092242
0.091195
0.090002
0.089019
0.087948
0.086858
0.085843
0.084798
0.083861
0.082774
0.081831
0.080777
0.079777
0.078879
0.077953
0.076954
0.076030
0.075048
0.074191
0.073378
0.072389
0.071523
0.070634
0.069777
0.068809
0.068172
0.067315
0.066433
0.065605
0.064763
0.064009
0.063231
0.062446
0.061633
0.060843
0.060031
0.059302
0.058622
0.057799
0.057095
0.056428
0.055618
0.054996
0.054199
0.053524
0.052881
0.052281
0.051506
0.050898
0.050236
0.049563
0.048902
0.048350
0.047738
0.047087
0.046462
0.045880
0.045363
0.044715
0.044165
0.043635
0.043095
0.042598
0.041878
0.041459
0.040924
0.040449
0.039928
0.039359
0.038837
0.038471
0.037925
0.037455
0.036959
0.036507
0.036097
0.035635
0.035119
0.034786
0.034305
0.033891
0.033460
0.033100
0.032520
0.032255
0.031821
0.031468
0.031021
0.030734
0.030337
0.029939
0.029554
0.029261
0.028869
0.028453
0.028209
0.027939
0.027552
0.027176
0.026897
0.026577
0.026230
0.025902
0.025549
0.025345
0.025045
0.024717
0.024448
0.024243
0.023860
0.023655
0.023459
0.023153
0.022899
0.022614
0.022418
0.022161
0.021963
0.021647
0.021359
0.021117
0.020960
0.020683
0.020480
0.020322
0.020131
0.019884
0.019675
0.019430
0.019198
0.019033
0.018864
0.018668
0.018549
0.018289
0.018155
0.017874
0.017677
0.017581
0.017458
0.017222
0.017031
0.016845
0.016766
0.016552
0.016356
0.016298
0.016180
0.015989
0.015901
0.015710
0.015584
0.015484
0.015328
0.015169
0.015025
0.014865
0.014787
0.014708
0.014590
0.014472
0.014348
0.014214
0.014080
0.014007
0.013918
0.013800
0.013714
0.013613
0.013534
0.013416
0.013303
0.013264
0.013146
0.013050
0.012950
0.012911
0.012783
0.012743
0.012591
0.012513
0.012506
0.012387
0.012308
0.012229
0.012229
0.012111
0.011995
0.011987
0.011908
0.011869
0.011830
0.011751
0.011711
0.011633
0.011594
0.011546
0.011459
0.011420
0.011420
0.011340
0.011301
0.011262
0.011222
0.011183
0.011183
0.011096
0.011018
0.011018
0.010978
0.010938
0.010899
0.010899
0.010781
0.010781
0.010781
0.010742
0.010695
0.010655
0.010655
0.010537
0.010528
0.010488
0.010488
0.010448
0.010409
0.010409
0.010370
0.010331
0.010291
0.010244
0.010244
0.010205
0.010165
0.010165
0.010125
0.010125
0.010125
0.010046
0.010046
0.010046
0.010007
0.010007
0.009967
0.009928
0.009920
0.009920
0.009881
0.009841
0.009841
0.009801
0.009801
0.009801
0.009801
0.009722
0.009722
0.009722
0.009683
0.009683
0.009683
0.009643
0.009604
0.009604
0.009604
0.009596
0.009557
0.009557
0.009517
0.009517
0.009477
0.009477
0.009477
0.009477
0.009477
0.009438
0.009438
0.009438
0.009438
0.009399
0.009399
0.009399
0.009399
0.009399
0.009360
0.009360
0.009360
0.009360
0.009360
0.009360
0.009321
0.009313
0.009313
0.009313
0.009313
0.009313
0.009274
0.009274
0.009274
0.009274
0.009274
0.009274
0.009234
0.009234
0.009234
0.009234
0.009234
0.009234
0.009234
0.009195
0.009195
0.009195
0.009195
0.009195
0.009195
0.009195
0.009195
0.009156
0.009156
0.009156
0.009156
0.009156
0.009156
0.009156
0.009156
0.009156
0.009156
0.009156
0.009156
0.009156
0.009156
0.009156
0.009156
0.009156
0.009156
0.009156
0.009156
0.009156
0.009156
0.009156
0.009156
0.009156
0.009156
0.009156
0.009156
0.009156
0.009156
0.009156
0.009156
0.009156
0.009156
0.009156
0.009156
0.009156
0.009156
0.009156
0.009156
0.009156
0.009156
0.009156
0.009156
0.009156
0.009156
0.009156
0.009156
0.009156
0.009156
0.009156
0.009156
0.009156
0.009156
0.009156
0.009156
0.009156
0.009156
0.009156
0.009156
0.009156
0.009156
0.009156
0.009156
0.009156
0.009156
0.009156
0.009156
0.009156
0.009156
0.009156
0.009156
0.009156
0.009156
0.009156
0.009156
0.009156
0.009156
0.009156
0.009156
0.009156
0.009156
0.009156
0.009156
0.009156
0.009156
0.009156
0.009156
0.009156
0.009156
0.009156
0.009156
0.009156
0.009156
0.009156
0.009156
0.009156
0.009156
0.009156
0.009156
0.009156
0.009156
0.009156
0.009156
0.009156
0.009156
0.009156
0.009156
0.009156
0.009156
0.009156
0.009156
0.009156
0.009156
0.009156
0.009156
0.009156
0.009156
0.009156
0.009156
