0.892241
0.892241
0.892241
0.892241
0.892241
0.892241
0.892241
0.892241
0.892179
0.892093
0.891991
0.891848
0.891694
0.891562
0.891427
0.891251
0.891095
0.890933
0.890678
0.890410
0.890171
0.889789
0.889286
0.888582
0.887722
0.886794
0.885652
0.884532
0.883373
0.882231
0.881050
0.879863
0.878715
0.877525
0.876240
0.874910
0.873606
0.872169
0.870818
0.869383
0.868005
0.866510
0.864996
0.863493
0.861810
0.860331
0.858621
0.857081
0.855427
0.853700
0.852024
0.850359
0.848631
0.846975
0.845224
0.843506
0.841836
0.840229
0.838495
0.836855
0.835105
0.833376
0.831584
0.829884
0.827945
0.826167
0.824276
0.822483
0.820751
0.818853
0.817145
0.815148
0.813215
0.811117
0.808851
0.806735
0.804602
0.802374
0.800153
0.798017
0.795765
0.793449
0.791095
0.788727
0.786284
0.783963
0.781603
0.779233
0.776901
0.774630
0.772261
0.769863
0.767464
0.764964
0.762512
0.760016
0.757557
0.755189
0.752716
0.750320
0.748005
0.745505
0.742962
0.740562
0.738088
0.735654
0.733141
0.730573
0.728115
0.725615
0.723268
0.720601
0.718197
0.715564
0.713022
0.710390
0.707785
0.705239
0.702774
0.700201
0.697699
0.695054
0.692405
0.689868
0.687147
0.684575
0.681919
0.679179
0.676603
0.673942
0.671427
0.668727
0.666045
0.663281
0.660566
0.657921
0.655126
0.652448
0.649604
0.646868
0.644015
0.641273
0.638659
0.635990
0.633355
0.630698
0.628056
0.625346
0.622666
0.619847
0.617175
0.614486
0.611746
0.609035
0.606311
0.603730
0.601042
0.598329
0.595497
0.592573
0.589765
0.586867
0.584021
0.581267
0.578485
0.575815
0.573058
0.570341
0.567583
0.564709
0.561842
0.559033
0.556310
0.553665
0.550870
0.548259
0.545491
0.542901
0.540346
0.537728
0.535330
0.532591
0.530115
0.527588
0.524969
0.522325
0.519528
0.516827
0.513990
0.511271
0.508604
0.506105
0.503618
0.501197
0.498943
0.496617
0.494315
0.492022
0.489714
0.487456
0.485239
0.483029
0.480916
0.478880
0.476897
0.474869
0.472833
0.470760
0.468588
0.466402
0.464167
0.461962
0.459820
0.457691
0.455823
0.453813
0.452067
0.450215
0.448207
0.446196
0.444081
0.442043
0.439957
0.438026
0.436129
0.434324
0.432587
0.430790
0.429011
0.427164
0.425220
0.423170
0.421374
0.419343
0.417536
0.415926
0.414306
0.412605
0.411039
0.409302
0.407495
0.405629
0.403837
0.401944
0.400303
0.398628
0.397012
0.395454
0.393769
0.392000
0.390223
0.388414
0.386693
0.384976
0.383411
0.381828
0.380309
0.378895
0.377395
0.375773
0.374200
0.372677
0.370854
0.369170
0.367644
0.365998
0.364474
0.363053
0.361585
0.360071
0.358645
0.357123
0.355574
0.353940
0.352258
0.350603
0.349094
0.347587
0.346225
0.344728
0.343352
0.341918
0.340477
0.338934
0.337392
0.335811
0.334289
0.332730
0.331279
0.329868
0.328558
0.327063
0.325819
0.324230
0.322757
0.321236
0.319750
0.318281
0.316847
0.315347
0.313975
0.312596
0.311108
0.309685
0.308272
0.306752
0.305235
0.303739
0.302322
0.300790
0.299432
0.297908
0.296562
0.295190
0.293868
0.292391
0.291124
0.289751
0.288338
0.286953
0.285732
0.284283
0.282960
0.281773
0.280257
0.279141
0.277866
0.276548
0.275266
0.274112
0.272831
0.271549
0.270448
0.269174
0.268040
0.266825
0.265635
0.264470
0.263275
0.262222
0.261030
0.259977
0.258906
0.257724
0.256650
0.255642
0.254549
0.253394
0.252438
0.251407
0.250358
0.249357
0.248358
0.247248
0.246263
0.245402
0.244359
0.243470
0.242429
0.241441
0.240600
0.239603
0.238765
0.237812
0.236931
0.236090
0.235151
0.234326
0.233476
0.232619
0.231818
0.230865
0.230101
0.229442
0.228543
0.227684
0.226989
0.226262
0.225369
0.224731
0.224007
0.223234
0.222536
0.221825
0.221060
0.220414
0.219645
0.219138
0.218410
0.217731
0.217144
0.216481
0.215797
0.215254
0.214546
0.213968
0.213370
0.212775
0.212190
0.211672
0.211079
0.210506
0.209889
0.209421
0.208933
0.208342
0.207806
0.207361
0.206739
0.206349
0.205849
0.205277
0.204805
0.204419
0.204013
0.203382
0.202805
0.202397
0.201954
0.201568
0.201070
0.200619
0.200168
0.199800
0.199428
0.198908
0.198559
0.198155
0.197771
0.197405
0.197069
0.196711
0.196285
0.195950
0.195614
0.195282
0.194904
0.194622
0.194245
0.193965
0.193682
0.193356
0.193004
0.192704
0.192385
0.192163
0.191930
0.191613
0.191347
0.191051
0.233666
0.233309
0.233027
0.232809
0.232500
0.232279
0.232049
0.231859
0.231617
0.231358
0.231088
0.230891
0.230727
0.230568
0.230375
0.230145
0.230015
0.229827
0.229647
0.229430
0.229252
0.229110
0.228903
0.228724
0.228540
0.228403
0.228229
0.228048
0.227898
0.227745
0.227582
0.227413
0.227264
0.227139
0.226949
0.226822
0.226737
0.226510
0.226351
0.226222
0.226092
0.225975
0.225808
0.225681
0.225547
0.225441
0.225298
0.225215
0.225059
0.224936
0.224804
0.224722
0.224588
0.224466
0.224377
0.224242
0.224119
0.223865
0.223798
0.223655
0.223525
0.223410
0.223279
0.223182
0.223102
0.223013
0.222898
0.222783
0.222682
0.222593
0.123083
0.122994
0.122907
0.122760
0.122724
0.122611
0.122547
0.122426
0.122208
0.121994
0.121744
0.121504
0.121284
0.120942
0.120697
0.120462
0.120160
0.119927
0.119747
0.119584
0.119442
0.119136
0.118816
0.118390
0.117889
0.117301
0.116850
0.116324
0.115925
0.115489
0.115052
0.114662
0.114270
0.113850
0.113432
0.112926
0.112490
0.112049
0.111574
0.111170
0.110749
0.110304
0.109956
0.109458
0.109031
0.108584
0.108175
0.107722
0.107274
0.106788
0.106400
0.105973
0.105565
0.105135
0.104665
0.104272
0.103825
0.103434
0.102959
0.102567
0.102109
0.101625
0.101256
0.100858
0.100403
0.099962
0.099487
0.098881
0.098300
0.097743
0.097138
0.096521
0.095968
0.095372
0.094841
0.094278
0.093737
0.093147
0.092489
0.091887
0.091221
0.090688
0.090090
0.089499
0.088936
0.088377
0.087747
0.087206
0.086679
0.086090
0.085531
0.084980
0.084429
0.083863
0.083291
0.082734
0.082189
0.081622
0.081091
0.080559
0.080001
0.079495
0.078924
0.078409
0.077835
0.077337
0.076766
0.076224
0.075698
0.075144
0.074649
0.074067
0.073530
0.073040
0.072499
0.071976
0.071459
0.070915
0.070450
0.069877
0.069387
0.068856
0.068345
0.067890
0.067352
0.066894
0.066400
0.065893
0.065383
0.064891
0.064437
0.063930
0.063444
0.063002
0.062442
0.062019
0.061502
0.061020
0.060550
0.060058
0.059591
0.059137
0.058650
0.058181
0.057707
0.057248
0.056811
0.056349
0.055869
0.055426
0.054979
0.054510
0.054098
0.053607
0.053150
0.052729
0.052318
0.051841
0.051399
0.050988
0.050542
0.050107
0.049681
0.049258
0.048807
0.048401
0.047964
0.047543
0.046984
0.046594
0.046144
0.045675
0.045252
0.044864
0.044431
0.044007
0.043619
0.043219
0.042821
0.042434
0.042069
0.041670
0.041307
0.040931
0.040573
0.040208
0.039857
0.039472
0.039119
0.038756
0.038423
0.038073
0.037764
0.037398
0.037084
0.036770
0.036418
0.036091
0.035768
0.035442
0.035147
0.034835
0.034485
0.034200
0.033900
0.033619
0.033345
0.033004
0.032732
0.032411
0.032147
0.031877
0.031614
0.031325
0.031090
0.030831
0.030609
0.030354
0.030116
0.029844
0.029633
0.029421
0.029155
0.028958
0.028737
0.028502
0.028319
0.028072
0.027811
0.027611
0.027379
0.027192
0.027013
0.026774
0.026576
0.026391
0.026222
0.026012
0.025837
0.025597
0.025440
0.025275
0.025086
0.024856
0.024703
0.024535
0.024376
0.024190
0.024024
0.023868
0.023681
0.023528
0.023337
0.023211
0.023054
0.022880
0.022727
0.022598
0.022435
0.022141
0.022010
0.021847
0.021668
0.021488
0.021378
0.021188
0.021080
0.020948
0.020784
0.020629
0.020522
0.020401
0.020295
0.020114
0.019997
0.019886
0.019791
0.019682
0.019541
0.019435
0.019322
0.019222
0.019103
0.018992
0.018899
0.018786
0.018711
0.018570
0.018482
0.018389
0.018264
0.018165
0.018082
0.017956
0.017904
0.017851
0.017751
0.017646
0.017544
0.017437
0.017371
0.017300
0.017206
0.017113
0.017028
0.016967
0.016920
0.016859
0.016803
0.016779
0.016695
0.016599
0.016564
0.016529
0.016448
0.016382
0.016342
0.016259
0.016224
0.016152
0.016118
0.016060
0.015985
0.015951
0.015881
0.015831
0.015778
0.015698
0.015652
0.015611
0.015559
0.015519
0.015448
0.015395
0.015351
0.015293
0.015223
0.015220
0.015180
0.015115
0.015075
0.015005
0.014983
0.014925
0.014863
0.014828
0.014776
0.014758
0.014700
0.014550
0.014492
0.014411
0.014377
0.014305
0.014252
0.014190
0.014154
0.014124
0.014060
0.014011
0.013959
0.013929
0.013911
0.013877
0.013814
0.013801
0.013745
0.013707
0.013689
0.013641
0.013607
0.013590
0.013568
0.013511
0.013486
0.013486
0.013429
0.013407
0.013377
0.013355
0.013333
0.013316
0.013305
0.013253
0.013214
0.013214
0.013202
0.013163
0.013141
0.013141
0.013112
0.013073
0.013051
0.013034
0.013020
0.012987
0.012976
0.012987
0.013014
0.013008
0.012956
0.012956
0.012973
0.012974
0.012970
0.012937
0.012955
0.012939
0.012958
0.012936
0.012914
0.012906
0.012906
0.012906
0.012904
0.012866
0.012866
0.012866
0.012855
0.012875
0.012838
0.012816
0.012816
0.012816
0.012816
0.012789
0.012789
0.012768
0.012767
0.012767
0.012751
0.012751
0.012741
0.012741
0.012720
0.012683
0.012683
0.012683
0.012683
0.012683
0.012568
0.012525
0.012491
0.012474
0.012459
0.012459
0.012445
0.012418
0.012418
0.012406
0.012387
0.012387
0.012379
0.012379
0.012365
0.012359
0.012359
0.012359
0.012355
0.012355
0.012355
0.012346
0.012333
0.012332
0.012332
0.012332
0.012332
0.012332
0.012332
0.012332
0.012319
0.012319
0.012319
0.012320
0.012312
0.012312
0.012312
0.012312
0.012312
0.012312
0.012312
0.012312
0.012312
0.012312
0.012312
0.012312
0.012312
0.012340
0.012351
0.012378
0.012393
0.012409
0.012409
0.012426
0.012444
0.012462
0.012462
0.012480
0.012480
0.012499
0.012499
0.012499
0.012518
0.012518
0.012518
0.012538
0.012538
0.012538
0.012538
0.012538
0.012557
0.012557
0.012557
0.012557
0.012557
0.012557
0.012557
0.012557
0.012557
0.012577
0.012577
0.012577
0.012577
0.012577
0.012577
0.012577
0.012577
0.012577
0.012577
0.012577
0.012577
0.012462
0.012444
0.012409
0.012393
0.012378
0.012378
0.012364
0.012351
0.012351
0.012340
0.012330
0.012330
0.012322
0.012322
0.012322
0.012316
0.012316
0.012316
0.012312
0.012312
0.012312
0.012312
0.012312
0.012311
0.012311
0.012311
0.012311
0.012311
0.012311
0.012311
0.012311
0.012311
0.012311
0.012312
0.012312
0.012312
0.012312
0.012312
0.012312
0.012312
0.012312
0.012312
0.012312
0.012312
0.012312
0.012312
0.012312
0.012340
0.012351
0.012378
0.012393
0.012409
0.012409
0.012426
0.012444
0.012462
0.012462
0.012480
0.012480
0.012499
0.012499
0.012499
0.012518
0.012518
0.012518
0.012538
0.012538
0.012538
0.012538
0.012538
0.012557
0.012557
0.012557
0.012557
0.012557
0.012557
0.012557
0.012557
0.012557
0.012577
0.012577
0.012577
0.012577
0.012577
0.012577
0.012577
0.012577
0.012577
0.012577
0.012577
0.012577
0.012462
0.012444
0.012409
0.012393
0.012378
0.012378
0.012364
0.012351
0.012351
0.012340
0.012330
0.012330
0.012322
0.012322
0.012322
0.012316
0.012316
0.012316
0.012312
0.012312
0.012312
0.012312
0.012312
0.012311
0.012311
0.012311
0.012311
0.012311
0.012311
0.012311
0.012311
0.012311
0.012311
0.012312
0.012312
0.012312
0.012312
0.012312
0.012312
0.012312
0.012312
0.012312
0.012312
0.012312
0.012312
0.012312
0.012340
0.012351
0.012378
0.012393
0.012409
0.012409
0.012426
0.012444
0.012462
0.012462
0.012480
0.012480
