0.563163
0.563163
0.563163
0.563163
0.563163
0.563163
0.563163
0.563163
0.563163
0.563163
0.563163
0.563163
0.563163
0.563163
0.563163
0.563163
0.563163
0.563163
0.563163
0.563163
0.563163
0.563163
0.563123
0.562537
0.560760
0.557943
0.554041
0.549837
0.545441
0.541156
0.537247
0.533620
0.530079
0.526809
0.523356
0.519798
0.515979
0.511987
0.507962
0.504052
0.500254
0.496493
0.492617
0.488876
0.485194
0.481578
0.477828
0.474046
0.470436
0.466728
0.463094
0.459340
0.455837
0.452067
0.448508
0.444906
0.441384
0.437785
0.434389
0.430681
0.427237
0.423870
0.420314
0.416850
0.413491
0.410003
0.406676
0.403264
0.399844
0.396504
0.393132
0.389825
0.386504
0.383353
0.379962
0.376778
0.373538
0.370228
0.367127
0.363948
0.360743
0.357746
0.354608
0.351456
0.348354
0.345443
0.342294
0.339342
0.336383
0.333241
0.330467
0.327440
0.324554
0.321535
0.318726
0.315835
0.312987
0.310148
0.307232
0.304418
0.301658
0.298971
0.296304
0.293555
0.290820
0.288144
0.285487
0.282886
0.280291
0.277735
0.275180
0.272573
0.270154
0.267710
0.264911
0.262532
0.260193
0.257749
0.255267
0.252811
0.250423
0.248047
0.245617
0.243216
0.241075
0.238665
0.236342
0.233914
0.231695
0.229389
0.227181
0.224795
0.222532
0.220399
0.218240
0.216029
0.213895
0.211691
0.209600
0.207406
0.205211
0.203133
0.200996
0.198904
0.196960
0.194810
0.192938
0.190780
0.188860
0.186781
0.184819
0.182882
0.180982
0.179012
0.177100
0.175225
0.173255
0.171465
0.169642
0.167731
0.165997
0.164222
0.162422
0.160634
0.158869
0.157107
0.155537
0.153830
0.152013
0.150331
0.148828
0.147134
0.145411
0.143776
0.142379
0.140679
0.139065
0.137623
0.136062
0.134572
0.133042
0.131606
0.129998
0.128727
0.127227
0.125666
0.124389
0.123013
0.121624
0.120248
0.118769
0.117550
0.116224
0.114867
0.113554
0.112380
0.110883
0.109800
0.108439
0.107279
0.105986
0.104795
0.103517
0.102377
0.101131
0.100037
0.098831
0.097628
0.096436
0.095367
0.094314
0.093168
0.092196
0.090997
0.089890
0.088925
0.087854
0.086649
0.085704
0.084684
0.083687
0.082652
0.081674
0.080821
0.079808
0.078850
0.077923
0.076909
0.075993
0.075100
0.074142
0.073251
0.072397
0.071590
0.070643
0.069861
0.068886
0.068095
0.067279
0.066579
0.065678
0.064815
0.064131
0.063140
0.062490
0.061896
0.061078
0.060193
0.059491
0.058673
0.058037
0.057240
0.056598
0.055759
0.055152
0.054413
0.053746
0.053052
0.052339
0.051779
0.051019
0.050356
0.049687
0.049186
0.048407
0.047777
0.047364
0.046794
0.046124
0.045432
0.044839
0.044271
0.043810
0.043194
0.042535
0.042003
0.041555
0.040915
0.040467
0.039921
0.039500
0.038922
0.038384
0.037982
0.037539
0.036955
0.036521
0.036097
0.035669
0.035154
0.034838
0.034345
0.033842
0.033518
0.033017
0.032611
0.032309
0.031845
0.031461
0.031070
0.030753
0.030400
0.030069
0.029713
0.029312
0.029002
0.028642
0.028388
0.027976
0.027659
0.027290
0.026979
0.026742
0.026467
0.026143
0.025840
0.025566
0.025263
0.025035
0.024721
0.024468
0.024197
0.023864
0.023721
0.023345
0.023133
0.022948
0.022708
0.022402
0.022091
0.021920
0.021681
0.021404
0.021167
0.021011
0.020819
0.020586
0.020386
0.020158
0.020039
0.019844
0.019678
0.019372
0.019256
0.019080
0.018789
0.018580
0.018522
0.018360
0.018113
0.017958
0.017840
0.017582
0.017543
0.017366
0.017170
0.016979
0.016872
0.016734
0.016542
0.016449
0.016405
0.016202
0.016045
0.015874
0.015743
0.015676
0.015559
0.015407
0.015237
0.015119
0.014946
0.014906
0.014778
0.014657
0.014527
0.014410
0.014326
0.014210
0.014090
0.014001
0.013883
0.013804
0.013650
0.013570
0.013481
0.013387
0.013328
0.013248
0.013092
0.012973
0.012896
0.012896
0.012777
0.012738
0.012658
0.012541
0.012464
0.012342
0.012290
0.012249
0.012198
0.012067
0.011949
0.011909
0.011870
0.011830
0.011790
0.011712
0.011672
0.011552
0.011513
0.011473
0.011392
0.011352
0.011352
0.011312
0.011233
0.011196
0.011118
0.011067
0.011027
0.011013
0.010973
0.010893
0.010854
0.010810
0.010810
0.010730
0.010730
0.010691
0.010691
0.010573
0.010573
0.010533
0.010533
0.010533
0.010453
0.010453
0.010413
0.010375
0.010336
0.010296
0.010256
0.010256
0.010252
0.010212
0.010172
0.010132
0.010132
0.010132
0.010092
0.010052
0.010052
0.010013
0.010013
0.010013
0.009973
0.009933
0.009893
0.009893
0.009893
0.009893
0.009854
0.009814
0.009814
0.009774
0.009774
0.009774
0.009734
0.009730
0.009690
0.009650
0.009650
0.009650
0.009650
0.009610
0.009610
0.009610
0.009610
0.009571
0.009571
0.009571
0.009571
0.009531
0.009531
0.009531
0.009531
0.009491
0.009491
0.009491
0.009491
0.009491
0.009451
0.009451
0.009451
0.009451
0.009412
0.009412
0.009412
0.009412
0.009412
0.009372
0.009372
0.009372
0.009372
0.009372
0.009372
0.009332
0.009328
0.009328
0.009328
0.009328
0.009328
0.009288
0.009288
0.009288
0.009288
0.009288
0.009288
0.009248
0.009248
0.009248
0.009248
0.009248
0.009248
0.009248
0.009208
0.009208
0.009208
0.009208
0.009208
0.009208
0.009208
0.009208
0.009208
0.009208
0.009208
0.009208
0.009208
0.009208
0.009208
0.009208
0.009208
0.009208
0.009169
0.009169
0.009169
0.009169
0.009169
0.009208
0.009208
0.009169
0.009169
0.009169
0.009169
0.009169
0.009169
0.009169
0.009169
0.009169
0.009169
0.009169
0.009169
0.009169
0.009169
0.009169
0.009169
0.009169
0.009169
0.009169
0.009169
0.009169
0.009169
0.009169
0.009169
0.009169
0.009169
0.009169
0.009169
0.009169
0.009169
0.009169
0.009169
0.009169
0.009169
0.009169
0.009169
0.009169
0.009169
0.009169
0.009169
0.009169
0.009169
0.009169
0.009169
0.009169
0.009169
0.009169
0.009169
0.009169
0.009169
0.009169
0.009169
0.009169
0.009169
0.009169
0.009169
0.009169
0.009169
0.009169
0.009169
0.009169
0.009169
0.009169
0.009169
0.009169
0.009169
0.009169
0.009169
0.009169
0.009169
0.009169
0.009169
0.009169
0.009169
0.009169
0.009169
0.009169
0.009169
0.009169
0.009169
0.009169
0.009169
0.009169
0.009169
0.009169
0.009169
0.009169
0.009169
0.009169
0.009169
0.009169
0.009169
0.009169
0.009169
0.009169
0.009169
0.009169
0.009169
0.009169
0.009169
0.009169
0.009169
0.009169
0.009169
0.009169
0.009169
0.009169
0.009169
0.009169
0.009169
0.009169
0.009169
0.009169
0.009169
0.009169
0.009169
0.009169
0.009169
0.009169
0.009169
0.009169
0.009169
0.009169
0.009169
0.009169
0.009169
0.009169
0.009169
0.009169
0.009169
0.009169
0.009169
0.009169
0.009169
0.009169
0.009169
0.009169
0.009169
0.009169
0.009169
0.009169
0.009169
0.009169
0.009169
0.009169
0.009169
0.009169
0.009169
