0.283205
0.283205
0.283205
0.283205
0.283205
0.283205
0.283205
0.283205
0.283205
0.283161
0.283117
0.283075
0.282948
0.282819
0.282690
0.282540
0.282475
0.282367
0.282328
0.282201
0.282124
0.281962
0.281657
0.281419
0.281157
0.280916
0.280692
0.280568
0.280382
0.280083
0.279838
0.279581
0.279172
0.278651
0.278271
0.277910
0.277613
0.277261
0.276841
0.276558
0.276245
0.275812
0.275460
0.275108
0.274840
0.274547
0.274298
0.274224
0.273822
0.273474
0.272928
0.272467
0.272025
0.271587
0.271301
0.270775
0.270579
0.270099
0.269808
0.269611
0.269117
0.268938
0.268580
0.268473
0.268130
0.267832
0.267476
0.267185
0.266764
0.266591
0.266245
0.265876
0.265639
0.265293
0.265055
0.264697
0.264335
0.263861
0.263323
0.262979
0.262591
0.262252
0.261829
0.261494
0.261119
0.260604
0.260050
0.259560
0.259039
0.258553
0.258047
0.257580
0.257105
0.256566
0.255998
0.255348
0.254744
0.254146
0.253589
0.253091
0.252491
0.251866
0.251188
0.250676
0.249826
0.249115
0.248362
0.247722
0.247002
0.246292
0.245675
0.244863
0.244051
0.243243
0.242364
0.241449
0.240528
0.239906
0.239076
0.238248
0.237368
0.236450
0.235394
0.234370
0.233433
0.232309
0.231297
0.230343
0.229345
0.228238
0.227284
0.226154
0.224997
0.223864
0.222766
0.221518
0.220476
0.219261
0.218206
0.217224
0.216124
0.215064
0.214089
0.212961
0.211942
0.210916
0.209959
0.208863
0.208035
0.206931
0.206023
0.205126
0.204073
0.203200
0.202237
0.201310
0.200390
0.199517
0.198678
0.197716
0.196907
0.196109
0.195278
0.194370
0.193525
0.192733
0.191955
0.190986
0.190247
0.189465
0.188666
0.187916
0.187061
0.186420
0.185658
0.184914
0.184120
0.183447
0.182677
0.181930
0.181275
0.180583
0.179863
0.179157
0.178513
0.177838
0.177140
0.176330
0.175866
0.175180
0.174425
0.173860
0.173232
0.172676
0.172069
0.171421
0.170678
0.170192
0.169571
0.168852
0.168440
0.167883
0.167187
0.166636
0.166033
0.165601
0.164985
0.164437
0.163851
0.163368
0.162820
0.162181
0.161707
0.161185
0.160685
0.160105
0.159690
0.159150
0.158605
0.158214
0.157611
0.157148
0.156685
0.156299
0.155714
0.155207
0.154758
0.154317
0.153883
0.153438
0.152963
0.152448
0.152093
0.151594
0.151227
0.150854
0.150422
0.149972
0.149557
0.149128
0.148791
0.148508
0.148031
0.147695
0.147176
0.146958
0.146618
0.146189
0.145907
0.145497
0.145166
0.144881
0.144444
0.144214
0.143883
0.143570
0.143287
0.142868
0.142625
0.142375
0.142119
0.141792
0.141531
0.141200
0.140953
0.140763
0.140445
0.140229
0.139892
0.139667
0.139489
0.139227
0.138935
0.138713
0.138480
0.138229
0.138078
0.137783
0.137601
0.137394
0.137188
0.137013
0.136798
0.136507
0.136408
0.136224
0.136043
0.135812
0.135641
0.135506
0.135262
0.135164
0.134945
0.134768
0.134581
0.134471
0.134372
0.134089
0.133945
0.133765
0.133671
0.133575
0.133364
0.133282
0.133071
0.132932
0.132870
0.132738
0.132536
0.132465
0.132328
0.132229
0.132101
0.131980
0.131839
0.131707
0.131579
0.131536
0.131425
0.131230
0.131160
0.131061
0.131000
0.130897
0.130795
0.130637
0.130567
0.130473
0.130374
0.130336
0.211910
0.211842
0.211754
0.211678
0.211609
0.211519
0.211414
0.211353
0.211285
0.211192
0.211155
0.211076
0.211038
0.210921
0.210883
0.210822
0.210795
0.210679
0.210642
0.210581
0.210556
0.210495
0.210388
0.210327
0.210303
0.210265
0.210204
0.210178
0.210093
0.210049
0.210026
0.209965
0.209928
0.209879
0.209841
0.209781
0.209758
0.209720
0.209697
0.209636
0.209636
0.209568
0.209509
0.209509
0.209448
0.209448
0.209388
0.209365
0.209327
0.209327
0.209267
0.209267
0.209230
0.209198
0.209149
0.209149
0.209112
0.209089
0.209052
0.209052
0.209052
0.208991
0.208992
0.208954
0.208931
0.208894
0.208894
0.208894
0.208834
0.208834
0.104128
0.104128
0.104128
0.104068
0.104068
0.104068
0.104031
0.103946
0.103850
0.103628
0.103449
0.103242
0.102967
0.102769
0.102584
0.102380
0.102217
0.101997
0.101793
0.101631
0.101411
0.101187
0.100968
0.100782
0.100563
0.100364
0.100167
0.099960
0.099739
0.099541
0.099353
0.099161
0.098918
0.098739
0.098531
0.098318
0.098115
0.097896
0.097717
0.097550
0.097372
0.097159
0.097011
0.096861
0.096689
0.096407
0.096171
0.095925
0.095748
0.095675
0.095543
0.095496
0.095413
0.095205
0.094995
0.094709
0.094456
0.094185
0.093995
0.093837
0.093716
0.093580
0.093439
0.093287
0.093173
0.093120
0.093055
0.093015
0.092993
0.093015
0.092990
0.093078
0.093218
0.093318
0.093379
0.093482
0.093585
0.093644
0.093723
0.093824
0.094051
0.094158
0.094352
0.094595
0.094859
0.095139
0.095497
0.095763
0.096067
0.096459
0.096881
0.097268
0.097760
0.098176
0.098516
0.098829
0.098968
0.099034
0.098956
0.098654
0.098175
0.097542
0.096903
0.096218
0.095489
0.094779
0.094091
0.093474
0.092759
0.092108
0.091510
0.090735
0.090077
0.089375
0.088676
0.087931
0.087226
0.086504
0.085868
0.085211
0.084512
0.083810
0.083211
0.082512
0.081859
0.081174
0.080518
0.079853
0.079247
0.078570
0.077977
0.077278
0.076679
0.076081
0.075412
0.074840
0.074238
0.073584
0.072963
0.072362
0.071728
0.071138
0.070531
0.069884
0.069378
0.068749
0.068134
0.067603
0.067026
0.066408
0.065861
0.065312
0.064733
0.064121
0.063600
0.063010
0.062459
0.061937
0.061404
0.060828
0.060280
0.059745
0.059192
0.058658
0.058121
0.057653
0.057160
0.056608
0.056062
0.055593
0.055113
0.054575
0.054069
0.053584
0.053131
0.052621
0.052134
0.051653
0.051149
0.050620
0.050131
0.049730
0.049291
0.048800
0.048269
0.047805
0.047372
0.046966
0.046444
0.046047
0.045535
0.045129
0.044709
0.044191
0.043763
0.043294
0.042879
0.042450
0.042000
0.041594
0.041212
0.040703
0.040295
0.039896
0.039478
0.039073
0.038655
0.038266
0.037896
0.037509
0.037100
0.036736
0.036356
0.036000
0.035652
0.035325
0.034898
0.034579
0.034220
0.033908
0.033538
0.033258
0.032942
0.032607
0.032319
0.032057
0.031818
0.031493
0.031238
0.030929
0.030709
0.030419
0.030174
0.029933
0.029630
0.029418
0.029159
0.028934
0.028657
0.028459
0.028195
0.027973
0.027754
0.027545
0.027283
0.027097
0.026874
0.026695
0.026464
0.026237
0.026024
0.025839
0.025675
0.025452
0.025266
0.025073
0.024875
0.024684
0.024519
0.024333
0.024137
0.023973
0.023787
0.023602
0.023446
0.023282
0.023118
0.022980
0.022810
0.022649
0.022511
0.022347
0.022202
0.022039
0.021916
0.021752
0.021635
0.021466
0.021301
0.021210
0.021066
0.020951
0.020784
0.020667
0.020527
0.020405
0.020312
0.020167
0.020042
0.019918
0.019805
0.019724
0.019547
0.019442
0.019360
0.019258
0.019145
0.019043
0.018940
0.018815
0.018720
0.018621
0.018518
0.018424
0.018322
0.018219
0.018134
0.018039
0.017978
0.017856
0.017766
0.017677
0.017604
0.017528
0.017455
0.017340
0.017273
0.017158
0.017085
0.016997
0.016942
0.016861
0.016750
0.016665
0.016607
0.016534
0.016458
0.016397
0.016294
0.016250
0.016177
0.016102
0.016028
0.015985
0.015932
0.015823
0.015769
0.015707
0.015648
0.015627
0.015566
0.015488
0.015439
0.015366
0.015345
0.015252
0.015184
0.015142
0.015091
0.015049
0.014990
0.014969
0.014930
0.014831
0.014783
0.014744
0.014690
0.014651
0.014610
0.014551
0.014510
0.014470
0.014417
0.014398
0.014330
0.014317
0.014264
0.014261
0.014176
0.014153
0.014119
0.014099
0.014052
0.014019
0.014000
0.013961
0.013956
0.013896
0.013885
0.013834
0.013816
0.013780
0.013759
0.013709
0.013691
0.013695
0.013658
0.013619
0.013581
0.013544
0.013536
0.013536
0.013467
0.013449
0.013449
0.013389
0.013389
0.013376
0.013302
0.013314
0.013314
0.013279
0.013249
0.013225
0.013206
0.013171
0.013153
0.013141
0.013119
0.013084
0.013084
0.013065
0.013048
0.012996
0.012922
0.012896
0.012858
0.012832
0.012824
0.012757
0.012750
0.012744
0.012721
0.012693
0.012674
0.012674
0.012640
0.012619
0.012604
0.012601
0.012601
0.012563
0.012561
0.012547
0.012535
0.012507
0.012507
0.012488
0.012475
0.012454
0.012454
0.012454
0.012442
0.012411
0.012390
0.012390
0.012390
0.012390
0.012390
0.012333
0.012333
0.012333
0.012321
0.012321
0.012321
0.012288
0.012270
0.012289
0.012298
0.012318
0.012312
0.012325
0.012315
0.012317
0.012314
0.012314
0.012330
0.012328
0.012328
0.012345
0.012345
0.012345
0.012346
0.012346
0.012334
0.012322
0.012341
0.012341
0.012341
0.012341
0.012341
0.012350
0.012350
0.012350
0.012350
0.012350
0.012350
0.012350
0.012350
0.012350
0.012350
0.012370
0.012370
0.012370
0.012370
0.012370
0.012370
0.012370
0.012370
0.012370
0.012370
0.012370
0.012370
0.012370
0.012370
0.012370
0.012256
0.012238
0.012205
0.012189
0.012174
0.012174
0.012161
0.012148
0.012137
0.012137
0.012128
0.012128
0.012120
0.012120
0.012120
0.012115
0.012115
0.012115
0.012111
0.012111
0.012111
0.012111
0.012111
0.012110
0.012110
0.012110
0.012110
0.012110
0.012110
0.012110
0.012110
0.012110
0.012111
0.012111
0.012111
0.012111
0.012111
0.012111
0.012111
0.012111
0.012111
0.012111
0.012111
0.012137
0.012148
0.012174
0.012189
0.012205
0.012205
0.012221
0.012238
0.012238
0.012256
0.012274
0.012274
0.012292
0.012292
0.012292
0.012311
0.012311
0.012311
0.012311
0.012330
0.012330
0.012330
0.012330
0.012330
0.012350
0.012350
0.012350
0.012350
0.012350
0.012350
0.012350
0.012350
0.012350
0.012370
0.012370
0.012370
0.012370
0.012370
0.012370
0.012370
0.012370
0.012370
0.012370
0.012370
0.012370
0.012370
0.012370
0.012370
0.012256
0.012238
0.012205
