1.604987
1.604987
1.604987
1.604987
1.604987
1.604987
1.604987
1.604987
1.604987
1.604987
1.604987
1.604987
1.604987
1.604987
1.604987
1.604987
1.604987
1.604987
1.604987
1.604987
1.604987
1.604987
1.605082
1.605110
1.605116
1.605331
1.605142
1.605254
1.605483
1.605701
1.605617
1.605702
1.605802
1.606046
1.605960
1.606177
1.606164
1.606293
1.606294
1.606493
1.606709
1.606675
1.606805
1.607149
1.607318
1.607351
1.607667
1.607770
1.607897
1.607948
2.828427
2.828427
2.828427
2.828427
2.828427
2.828427
2.828427
2.828427
2.828427
2.828427
2.828427
2.828427
2.828427
2.828427
2.828427
2.828427
2.828427
2.828427
2.828427
2.828427
2.828427
2.828427
2.828427
2.828427
2.828427
2.828427
2.828427
2.828427
2.828427
2.828427
2.828427
2.828427
2.828427
2.828427
2.828427
2.828427
2.828427
2.828427
2.828427
2.828427
2.828427
2.828427
2.828427
2.828427
2.828427
2.828427
2.828427
2.828427
2.828427
2.828427
2.828427
2.828427
2.828427
2.828427
2.828427
2.828427
2.828427
2.828427
2.828427
2.828427
2.828427
2.828427
2.828427
2.828427
2.828427
2.828427
2.828427
2.828427
2.828427
2.828427
2.828427
2.828427
2.828427
2.828427
2.828427
2.828427
2.828427
2.828427
2.828427
2.828427
2.828427
2.828427
2.828427
2.828427
2.828427
2.828427
2.828427
2.828427
2.828427
2.828427
2.828427
2.828427
2.828427
2.828427
2.828427
2.828427
2.828427
2.828427
2.828427
2.828427
2.828427
2.828427
2.828427
2.828427
2.828427
2.828427
2.828427
2.828427
2.828427
2.828427
2.828427
2.828427
2.828427
2.828427
2.828427
2.828427
2.828427
2.828427
2.828427
2.828427
2.828427
2.828427
2.828427
2.828427
2.828427
2.828427
2.828427
2.828427
2.828427
2.828427
2.828427
2.828427
2.828427
2.828427
2.828427
2.828427
2.828427
2.828427
2.828427
2.828427
2.828427
2.828427
2.828427
2.828427
2.828427
2.828427
2.828427
2.828427
2.828427
2.828427
2.828427
2.828427
2.828427
2.828427
2.828427
2.828427
2.828427
2.828427
2.828427
2.828427
2.828427
2.828427
2.828427
2.828427
2.828427
2.828427
2.828427
2.828427
2.828427
2.828427
2.828427
2.828427
2.828427
2.828427
2.828427
2.828427
2.828427
2.828427
2.828427
2.828427
2.828427
2.828427
2.828427
2.828427
2.828427
2.828427
2.828427
2.828427
2.828427
2.828427
2.828427
2.828427
2.828427
2.828427
2.828427
2.828427
2.828427
2.828427
2.828427
2.828427
2.828427
2.828427
2.828427
2.828427
2.828427
2.828427
2.828427
2.828427
2.828427
2.828427
2.828427
2.828427
2.828427
2.828427
2.828427
2.828427
2.828427
2.828427
2.828427
2.828427
2.828427
2.828427
2.828427
2.828427
2.828427
2.828427
2.828427
2.828427
2.828427
2.828427
2.828427
2.828427
2.828427
2.828427
2.828427
2.828427
2.828427
2.828427
2.828427
2.828427
2.828427
2.828427
2.828427
2.828427
2.828427
2.828427
2.828427
2.828427
2.828427
2.828427
2.828427
2.828427
2.828427
2.828427
2.828427
2.828427
2.828427
2.828427
2.828427
2.828427
2.828427
2.828427
2.828427
2.828427
2.828427
2.828427
2.828427
2.828427
2.828427
2.828427
2.828427
2.828427
2.828427
2.828427
2.828427
2.828427
2.828427
2.828427
2.828427
2.828427
2.828427
2.828427
2.828427
2.828427
2.828427
2.828427
2.828427
2.828427
2.828427
2.828427
2.828427
2.828427
2.828427
2.828427
2.828427
2.828427
2.828427
2.828427
2.828427
2.828427
2.828427
2.828427
2.828427
2.828427
2.828427
2.828427
2.828427
2.828427
2.828427
2.828427
2.828427
2.828427
2.828427
2.828427
2.828427
2.828427
2.828427
2.828427
2.828427
2.828427
2.828427
2.828427
2.828427
2.828427
2.828427
2.828427
2.828427
2.828427
2.828427
2.828427
2.828427
2.828427
2.828427
2.828427
2.828427
2.828427
2.828427
2.828427
2.828427
2.828427
2.828427
2.828427
2.828427
2.828427
2.828427
2.828427
2.828427
2.828427
2.828427
2.828427
2.828427
2.828427
2.828427
2.828427
2.828427
2.828427
2.828427
2.828427
2.828427
2.828427
2.828427
2.828427
2.828427
2.828427
2.828427
2.828427
2.828427
2.828427
2.828427
2.828427
2.828427
2.828427
2.828427
2.828427
2.828427
2.828427
2.828427
2.828427
2.828427
2.828427
2.828427
2.828427
2.828427
2.828427
2.828427
2.828427
2.828427
2.828427
2.828427
2.828427
2.828427
2.828427
2.828427
2.828427
2.828427
2.828427
2.828427
2.828427
2.828427
2.828427
2.828427
2.828427
2.828427
2.828427
2.828427
2.828427
2.828427
2.828427
2.828427
2.828427
2.828427
2.828427
2.828427
2.828427
2.828427
2.828427
2.828427
2.828427
2.828427
2.828427
2.828427
2.828427
2.828427
2.828427
2.828427
2.828427
2.828427
2.828427
2.828427
2.828427
2.828427
2.828427
2.828427
2.828427
2.828427
2.828427
2.828427
2.828427
2.828427
2.828427
2.828427
2.828427
2.828427
2.828427
2.828427
2.828427
2.828427
2.828427
2.828427
2.828427
2.828427
2.828427
2.828427
2.828427
2.828427
2.828427
2.828427
2.828427
2.828427
2.828427
2.828427
2.828427
2.828427
2.828427
2.828427
2.828427
2.828427
2.828427
2.828427
2.828427
2.828427
2.828427
2.828427
2.828427
2.828427
2.828427
2.828427
2.828427
2.828427
2.828427
2.828427
2.828427
2.828427
2.828427
2.828427
2.828427
2.828427
2.828427
2.828427
2.828427
2.828427
2.828427
2.828427
2.828427
2.828427
2.828427
2.828427
2.828427
2.828427
2.828427
2.828427
2.828427
2.828427
2.828427
2.828427
2.828427
2.828427
2.828427
2.828427
2.828427
2.828427
2.828427
2.828427
2.828427
2.828427
2.828427
2.828427
2.828427
2.828427
2.828427
2.828427
2.828427
2.828427
2.828427
2.828427
2.828427
2.828427
2.828427
2.828427
2.828427
2.828427
2.828427
2.828427
2.828427
2.828427
2.828427
2.828427
2.828427
2.828427
2.828427
2.828427
2.828427
2.828427
2.828427
2.828427
2.828427
2.828427
2.828427
2.828427
2.828427
2.828427
2.828427
2.828427
2.828427
2.828427
2.828427
2.828427
2.828427
2.828427
2.828427
2.828427
2.828427
2.828427
2.828427
2.828427
2.828427
2.828427
2.828427
2.828427
2.828427
2.828427
2.828427
2.828427
2.828427
2.828427
2.828427
2.828427
2.828427
2.828427
2.828427
2.828427
2.828427
2.828427
2.828427
2.828427
2.828427
2.828427
2.828427
2.828427
2.828427
2.828427
2.828427
2.828427
2.828427
2.828427
2.828427
2.828427
2.828427
2.828427
2.828427
2.828427
2.828427
2.828427
2.828427
2.828427
2.828427
2.828427
2.828427
2.828427
2.828427
2.828427
2.828427
2.828427
2.828427
2.828427
2.828427
2.828427
2.828427
2.828427
2.828427
2.828427
2.828427
2.828427
2.828427
2.828427
2.828427
2.828427
2.828427
2.828427
2.828427
2.828427
2.828427
2.828427
2.828427
2.828427
2.828427
2.828427
2.828427
2.828427
2.828427
2.828427
2.828427
2.828427
2.828427
2.828427
2.828427
2.828427
2.828427
2.828427
2.828427
