0.222246
0.222246
0.222246
0.222246
0.222246
0.222246
0.222246
0.222246
0.222246
0.222202
0.222158
0.222116
0.221989
0.221860
0.221732
0.221581
0.221518
0.221410
0.221372
0.221245
0.221192
0.221030
0.220726
0.220488
0.220272
0.220025
0.219809
0.219685
0.219717
0.219462
0.219301
0.219096
0.218748
0.218347
0.218033
0.217772
0.217611
0.217370
0.217091
0.216729
0.216513
0.216021
0.215627
0.215323
0.214994
0.214709
0.214405
0.214360
0.213940
0.213577
0.213030
0.212570
0.212201
0.211888
0.211641
0.211184
0.210953
0.210434
0.210011
0.209677
0.208979
0.208658
0.208100
0.207846
0.207370
0.206937
0.206460
0.205960
0.205327
0.204973
0.204429
0.203860
0.203464
0.202924
0.202524
0.201988
0.201492
0.200820
0.200088
0.199574
0.198988
0.198527
0.197905
0.197415
0.196846
0.196175
0.195410
0.194744
0.194067
0.193382
0.192768
0.192123
0.191507
0.190749
0.190030
0.189225
0.188465
0.187713
0.186939
0.186381
0.185668
0.184931
0.184097
0.183452
0.182440
0.181583
0.180692
0.179985
0.179056
0.178209
0.177430
0.176516
0.175560
0.174542
0.173555
0.172458
0.171349
0.170566
0.169499
0.168536
0.167466
0.166427
0.165242
0.164166
0.163101
0.161884
0.160756
0.159766
0.158744
0.157644
0.156761
0.155720
0.154639
0.153686
0.152781
0.151693
0.150769
0.149708
0.148833
0.147875
0.146825
0.145917
0.145057
0.144116
0.143255
0.142397
0.141615
0.140638
0.139920
0.138987
0.138197
0.137491
0.136608
0.135875
0.135073
0.134325
0.133629
0.132938
0.132229
0.131437
0.130785
0.130138
0.129500
0.128725
0.128081
0.127431
0.126852
0.126077
0.125532
0.124865
0.124253
0.123743
0.123044
0.122548
0.122001
0.121446
0.120831
0.120299
0.119708
0.119184
0.118712
0.118159
0.117649
0.117140
0.116654
0.116160
0.115644
0.115015
0.114753
0.114207
0.113680
0.113297
0.112827
0.112563
0.112137
0.111745
0.111191
0.110921
0.110447
0.109957
0.109772
0.109346
0.108902
0.108524
0.108155
0.107865
0.107485
0.107103
0.106743
0.106412
0.106067
0.105609
0.105340
0.105019
0.104693
0.104342
0.104070
0.103748
0.103381
0.103174
0.102749
0.102465
0.102206
0.102011
0.101602
0.101318
0.101053
0.100807
0.100512
0.100295
0.100024
0.099620
0.099486
0.099174
0.098819
0.098589
0.098278
0.097990
0.097730
0.097443
0.097229
0.097088
0.096759
0.096565
0.096169
0.096097
0.095921
0.095574
0.095456
0.095194
0.094984
0.094807
0.094535
0.094452
0.094242
0.094028
0.093900
0.093605
0.093436
0.093310
0.093200
0.092990
0.092781
0.092640
0.092491
0.092407
0.092246
0.092083
0.091916
0.091790
0.091718
0.091529
0.091383
0.091258
0.091147
0.091020
0.090925
0.090735
0.090612
0.090510
0.090437
0.090366
0.090207
0.090021
0.090021
0.089902
0.089908
0.089807
0.089710
0.089695
0.089578
0.089539
0.089446
0.089348
0.089247
0.089260
0.089238
0.089060
0.088998
0.088922
0.088843
0.088828
0.088721
0.088703
0.088618
0.088537
0.088535
0.088464
0.088321
0.088312
0.088238
0.088238
0.088169
0.088116
0.088034
0.088001
0.087936
0.087955
0.087903
0.087771
0.087741
0.087701
0.087699
0.087640
0.087620
0.087561
0.087534
0.087368
0.087306
0.087264
0.213089
0.213020
0.212911
0.212823
0.212724
0.212664
0.212580
0.212527
0.212480
0.212418
0.212377
0.212310
0.212269
0.212184
0.212165
0.212115
0.212066
0.211982
0.211963
0.211933
0.211907
0.211855
0.211791
0.211761
0.211736
0.211717
0.211687
0.211661
0.211606
0.211582
0.211570
0.211528
0.211532
0.211495
0.211476
0.211435
0.211423
0.211404
0.211393
0.211349
0.211349
0.211334
0.211294
0.211294
0.211264
0.211264
0.211221
0.211209
0.211191
0.211191
0.211249
0.211294
0.211297
0.211285
0.211288
0.211288
0.211292
0.211302
0.211306
0.211306
0.211328
0.211298
0.211320
0.211302
0.211290
0.211294
0.211294
0.211294
0.211286
0.211286
0.071677
0.071677
0.071677
0.071669
0.071669
0.071669
0.071631
0.071577
0.071490
0.071323
0.071144
0.070967
0.070746
0.070557
0.070346
0.070150
0.069903
0.069660
0.069444
0.069158
0.068927
0.068552
0.068329
0.068054
0.067810
0.067638
0.067356
0.067128
0.066937
0.066696
0.066459
0.066233
0.066003
0.065750
0.065422
0.065102
0.064770
0.064431
0.064127
0.063839
0.063496
0.063185
0.062913
0.062583
0.062292
0.061960
0.061627
0.061301
0.061005
0.060696
0.060405
0.060055
0.059752
0.059475
0.059184
0.058868
0.058565
0.058253
0.057938
0.057633
0.057313
0.056994
0.056722
0.056399
0.056101
0.055778
0.055450
0.055187
0.054848
0.054558
0.054248
0.053947
0.053639
0.053355
0.053103
0.052860
0.052560
0.052299
0.051994
0.051694
0.051406
0.051127
0.050846
0.050540
0.050277
0.049938
0.049670
0.049380
0.049078
0.048774
0.048490
0.048188
0.047903
0.047600
0.047292
0.046989
0.046717
0.046403
0.046130
0.045828
0.045502
0.045236
0.044928
0.044628
0.044357
0.044088
0.043780
0.043538
0.043230
0.042930
0.042646
0.042387
0.042085
0.041824
0.041536
0.041120
0.040796
0.040504
0.040218
0.039927
0.039627
0.039352
0.039056
0.038753
0.038508
0.038197
0.037956
0.037654
0.037403
0.037110
0.036828
0.036540
0.036317
0.036058
0.035764
0.035524
0.035283
0.035013
0.034781
0.034512
0.034253
0.034018
0.033778
0.033568
0.033310
0.033068
0.032846
0.032598
0.032377
0.032188
0.031948
0.031720
0.031498
0.031287
0.031066
0.030857
0.030629
0.030425
0.030207
0.029997
0.029807
0.029567
0.029376
0.029154
0.028957
0.028753
0.028573
0.028437
0.028290
0.028121
0.027952
0.027743
0.027595
0.027426
0.027241
0.027073
0.026882
0.026737
0.026534
0.026378
0.026193
0.026025
0.025842
0.025669
0.025490
0.025352
0.025140
0.024973
0.024783
0.024642
0.024484
0.024330
0.024152
0.023991
0.023831
0.023652
0.023479
0.023307
0.023181
0.023008
0.022860
0.022688
0.022521
0.022367
0.022218
0.022047
0.021887
0.021757
0.021585
0.021303
0.021127
0.020934
0.020770
0.020623
0.020471
0.020307
0.020155
0.019995
0.019849
0.019685
0.019551
0.019388
0.019278
0.019148
0.018985
0.018888
0.018747
0.018636
0.018515
0.018388
0.018259
0.018156
0.018040
0.017955
0.017814
0.017699
0.017606
0.017496
0.017398
0.017288
0.017159
0.017098
0.016999
0.016899
0.016813
0.016722
0.016643
0.016550
0.016464
0.016354
0.016261
0.016194
0.016083
0.016005
0.015924
0.015844
0.015745
0.015703
0.015681
0.015636
0.015621
0.015547
0.015494
0.015427
0.015369
0.015331
0.015286
0.015224
0.015161
0.015076
0.015049
0.014968
0.014920
0.014857
0.014801
0.014735
0.014694
0.014646
0.014586
0.014506
0.014457
0.014431
0.014381
0.014314
0.014273
0.014193
0.014144
0.014082
0.014052
0.013974
0.013947
0.013916
0.013850
0.013819
0.013758
0.013711
0.013644
0.013600
0.013570
0.013534
0.013472
0.013308
0.013227
0.013146
0.013063
0.013010
0.012992
0.012922
0.012838
0.012809
0.012739
0.012687
0.012637
0.012567
0.012549
0.012519
0.012472
0.012407
0.012377
0.012359
0.012276
0.012258
0.012228
0.012181
0.012163
0.012087
0.012069
0.012022
0.012004
0.011974
0.011943
0.011914
0.011896
0.011849
0.011871
0.011825
0.011783
0.011783
0.011753
0.011718
0.011689
0.011671
0.011658
0.011629
0.011594
0.011582
0.011548
0.011537
0.011495
0.011549
0.011559
0.011587
0.011609
0.011602
0.011568
0.011560
0.011570
0.011576
0.011576
0.011552
0.011542
0.011548
0.011523
0.011489
0.011512
0.011466
0.011466
0.011472
0.011460
0.011460
0.011444
0.011431
0.011407
0.011407
0.011407
0.011380
0.011380
0.011364
0.011364
0.011336
0.011306
0.011328
0.011312
0.011301
0.011301
0.011286
0.011286
0.011258
0.011242
0.011242
0.011242
0.011213
0.011070
0.011047
0.010988
0.010953
0.010903
0.010903
0.010865
0.010843
0.010843
0.010796
0.010773
0.010773
0.010751
0.010736
0.010736
0.010704
0.010689
0.010689
0.010689
0.010667
0.010653
0.010643
0.010643
0.010643
0.010621
0.010607
0.010607
0.010598
0.010598
0.010584
0.010584
0.010584
0.010584
0.010606
0.010584
0.010584
0.010584
0.010584
0.010584
0.010571
0.010571
0.010571
0.010563
0.010563
0.010550
0.010550
0.010550
0.010550
0.010639
0.010661
0.010686
0.010708
0.010730
0.010730
0.010753
0.010775
0.010797
0.010786
0.010808
0.010801
0.010823
0.010823
0.010823
0.010834
0.010834
0.010834
0.010857
0.010857
0.010857
0.010857
0.010850
0.010862
0.010862
0.010862
0.010862
0.010862
0.010862
0.010862
0.010862
0.010862
0.010875
0.010875
0.010875
0.010869
0.010869
0.010869
0.010869
0.010869
0.010869
0.010869
0.010869
0.010869
0.010736
0.010714
0.010669
0.010647
0.010625
0.010625
0.010603
0.010581
0.010581
0.010558
0.010536
0.010536
0.010514
0.010514
0.010514
0.010492
0.010492
0.010492
0.010469
0.010469
0.010469
0.010469
0.010469
0.010447
0.010447
0.010447
0.010447
0.010447
0.010447
0.010447
0.010447
0.010447
0.010447
0.010469
0.010469
0.010469
0.010469
0.010469
0.010469
0.010469
0.010469
0.010469
0.010469
0.010469
0.010469
0.010469
0.010558
0.010581
0.010625
0.010647
0.010669
0.010669
0.010692
0.010714
0.010736
0.010736
0.010758
0.010758
0.010781
0.010781
0.010781
0.010803
0.010803
0.010803
0.010825
0.010825
0.010825
0.010825
0.010825
0.010847
0.010847
0.010847
0.010847
0.010847
0.010847
0.010847
0.010847
0.010847
0.010869
0.010869
0.010869
0.010869
0.010869
0.010869
0.010869
0.010869
0.010869
0.010869
0.010869
0.010869
0.010869
0.010736
0.010714
0.010669
0.010647
0.010625
0.010625
0.010603
0.010581
0.010581
0.010558
0.010536
0.010536
0.010514
0.010514
0.010514
0.010492
0.010492
0.010492
0.010469
0.010469
0.010469
0.010469
0.010469
0.010447
0.010447
