1.989779
1.907500
1.746809
1.600321
1.501779
1.448998
1.425498
1.417953
1.442929
1.441621
1.439370
1.436849
1.350047
1.277261
1.276279
1.273662
1.269507
1.267320
1.266335
1.263482
1.260558
1.257970
1.254859
1.251786
1.248787
1.245594
1.242522
1.239086
1.235589
1.231960
1.228486
1.216514
1.212582
1.208627
1.204272
1.199855
1.195094
1.190497
1.185623
1.180671
1.176071
1.171233
1.166352
1.161411
1.156654
1.151743
1.146826
1.142004
1.137028
1.132195
1.127266
1.122476
1.117636
1.112646
1.107690
1.103050
1.098034
1.093166
1.088265
1.083300
1.078428
1.073682
1.068675
1.063968
1.059005
1.054144
1.049352
1.044774
1.040372
1.036273
1.032307
1.028506
1.024569
1.020830
1.016733
1.012776
1.009051
1.005108
1.001158
0.997512
0.993569
0.989544
0.985931
0.981878
0.978276
0.974480
0.970690
0.966966
0.963251
0.959517
0.955532
0.951858
0.948104
0.944492
0.940520
0.937088
0.933172
0.929645
0.925848
0.922252
0.918587
0.915057
0.911438
0.908165
0.904714
0.901028
0.897760
0.893974
0.890411
0.886693
0.883211
0.879582
0.876021
0.872562
0.868985
0.865675
0.862171
0.858758
0.855494
0.851995
0.848565
0.845028
0.841737
0.838249
0.835011
0.831698
0.828213
0.824766
0.821289
0.817853
0.814389
0.810847
0.807169
0.803564
0.800095
0.796527
0.792932
0.789451
0.785904
0.782391
0.779114
0.775923
0.772533
0.769140
0.765672
0.762263
0.758732
0.755174
0.751464
0.748048
0.744345
0.740652
0.737136
0.733610
0.729865
0.726443
0.722897
0.719127
0.715696
0.712306
0.708767
0.705120
0.701681
0.698062
0.694752
0.691316
0.688061
0.684508
0.681442
0.677996
0.675027
0.671805
0.668472
0.665443
0.662406
0.659238
0.656272
0.653179
0.650350
0.647197
0.644371
0.641519
0.638658
0.635651
0.632742
0.629959
0.627164
0.624415
0.621859
0.618927
0.616244
0.613296
0.611024
0.608463
0.605609
0.603103
0.600563
0.598123
0.595543
0.593182
0.590824
0.588440
0.585917
0.583579
0.581415
0.578962
0.576746
0.574467
0.572341
0.570074
0.568059
0.565811
0.563763
0.561496
0.559597
0.557767
0.555608
0.553636
0.551573
0.549588
0.547825
0.545805
0.544017
0.542111
0.540085
0.538339
0.536392
0.534962
0.532900
0.531204
0.529527
0.527771
0.526013
0.524246
0.522854
0.521244
0.519400
0.517804
0.516332
0.514712
0.513125
0.511514
0.509972
0.508523
0.506971
0.505475
0.504050
0.502249
0.501085
0.499754
0.498366
0.496623
0.495358
0.494079
0.492747
0.491112
0.489995
0.488648
0.487391
0.485886
0.484581
0.483595
0.482450
0.480748
0.479289
0.477951
0.476127
0.474937
0.473546
0.472151
0.470375
0.468988
0.467821
0.466557
0.464884
0.463698
0.462443
0.461209
0.459558
0.458295
0.457489
0.359482
0.171022
0.169751
0.168693
0.167555
0.166086
0.164884
0.164074
0.162558
0.161732
0.160478
0.159446
0.158008
0.157009
0.155743
0.154951
0.153369
0.152450
0.151469
0.150874
0.248447
0.246910
0.245497
0.243939
0.242379
0.241001
0.239680
0.237867
0.236589
0.235239
0.233742
0.232200
0.230937
0.229619
0.228420
0.226630
0.225478
0.224278
0.223080
0.221247
0.220241
0.218719
0.217491
0.215847
0.214367
0.213058
0.211204
0.209914
0.208690
0.207141
0.205357
0.204212
0.202791
0.201570
0.199957
0.198797
0.197463
0.196422
0.194632
0.193518
0.192437
0.191438
0.189878
0.188848
0.187950
0.186936
0.185468
0.184478
0.183427
0.181905
0.181079
0.180011
0.178989
0.177532
0.176294
0.175240
0.174201
0.172448
0.171270
0.170134
0.169017
0.167258
0.165969
0.164833
0.163420
0.161699
0.160331
0.159237
0.157168
0.155912
0.154649
0.153316
0.151497
0.150432
0.149086
0.147769
0.146161
0.144919
0.143543
0.142436
0.140863
0.139644
0.138513
0.137486
0.135886
0.134718
0.133857
0.132570
0.130984
0.130060
0.129188
0.127580
0.126553
0.125539
0.124574
0.123007
0.122100
0.121240
0.120204
0.118935
0.118043
0.117213
0.116185
0.114827
0.114024
0.113049
0.112223
0.110944
0.110145
0.109320
0.107985
0.107247
0.106269
0.105591
0.104393
0.103565
0.102967
0.102121
0.100664
0.100138
0.099574
0.098780
0.097378
0.096933
0.096194
0.095549
0.094319
0.093675
0.092877
0.092173
0.090933
0.090093
0.089174
0.088082
0.087219
0.086275
0.085710
0.084388
0.083710
0.082974
0.082341
0.081105
0.080605
0.080036
0.079504
0.078407
0.077750
0.077536
0.076817
0.075700
0.075432
0.074850
0.073608
0.073227
0.072834
0.072381
0.071364
0.071080
0.070711
0.070480
0.069638
0.069428
0.069518
0.069221
0.068688
0.068481
0.068485
0.068232
0.067779
0.067659
0.067451
0.067416
0.066949
0.066634
0.066593
0.065745
0.065791
0.065633
0.065483
0.064723
0.064734
0.064601
0.064350
0.063539
0.063457
0.063422
0.063290
0.062440
0.062325
0.062257
0.062065
0.061413
0.061501
0.061364
0.060406
0.060586
0.060417
0.060449
0.059545
0.059754
0.059690
0.059694
0.058977
0.059030
0.059020
0.059239
0.058415
0.058375
0.058592
0.058569
0.057914
0.057847
0.058158
0.058187
0.057523
0.057445
0.057695
0.057102
0.057102
0.057225
0.057407
0.056788
0.056823
0.057082
0.057073
0.056423
0.056780
0.056856
0.056820
0.056494
0.056397
0.056527
0.056916
0.056124
0.056335
0.056382
0.056082
0.056043
0.056073
0.056213
0.055787
0.055965
0.056099
0.056206
0.055673
0.055809
0.056045
0.056169
0.055525
0.055763
0.056027
0.056038
0.055516
0.055748
0.055928
0.056116
0.055503
0.055746
0.055922
0.055453
0.055669
0.055735
0.055749
0.055471
0.055471
0.055599
0.055846
0.055502
0.055560
0.055560
0.056051
0.055325
0.055504
0.055685
0.056026
0.055271
0.055537
0.055701
0.055169
0.055347
0.055618
0.055733
0.055296
0.055386
0.055477
0.055912
0.055207
0.055247
0.055510
0.055768
0.055242
0.055422
0.055512
0.055873
0.055285
0.055361
0.055631
0.055239
0.055285
0.055460
0.055811
0.055195
0.055235
0.055505
0.055775
0.055159
0.055339
0.055691
0.055691
0.055331
0.055461
0.055642
0.055818
0.055291
0.055472
0.055735
0.055825
0.055390
0.055661
0.055751
0.054978
0.055519
0.055780
0.055780
0.055344
0.055699
0.055698
0.055789
0.055516
0.055696
0.055696
0.056098
0.055390
0.055571
0.055841
0.056188
0.055480
0.055841
0.055836
0.055264
0.055672
0.055763
0.055836
0.055312
0.055711
0.055711
0.055927
0.055582
0.055763
0.055763
0.056287
0.055531
0.055621
0.055982
0.056240
0.055528
0.055708
0.056159
0.056237
0.055618
0.055889
0.056159
0.055438
0.055798
0.056069
0.056237
0.055528
0.055889
0.056069
0.056237
0.055618
0.055979
0.056069
0.056418
0.055708
0.056068
0.056249
0.056417
0.055886
0.056157
0.056247
0.055658
0.055976
0.056247
0.056325
0.055886
0.056157
0.056247
0.056325
0.056067
0.056157
0.056247
0.056415
0.056157
0.056157
0.056247
0.056866
0.056157
0.056247
0.056247
0.056866
0.056157
0.056247
0.056608
0.056066
0.056157
0.056427
0.056776
0.056066
0.056157
0.056518
0.056776
0.056066
0.056427
0.056608
0.056776
0.056157
0.056427
0.056608
0.056686
0.056246
0.056607
0.056607
0.056108
0.056246
0.056607
0.056866
0.056066
0.056427
0.056607
0.056866
0.056066
0.056517
0.056788
0.056866
0.056246
0.056697
0.056788
0.056866
0.056427
0.056697
0.056788
0.056956
0.056517
0.056517
0.056427
0.055705
0.055886
0.055796
0.055888
0.055092
0.055258
0.055172
0.055314
0.054604
0.054873
0.054938
0.055307
0.054671
0.055229
0.055415
0.055913
0.055515
0.055891
0.056635
0.056170
0.056468
0.056663
0.057251
0.056641
0.056649
0.056732
0.056838
0.055959
0.055883
0.055943
0.055920
0.055029
0.054970
0.055051
0.055263
0.054449
0.054384
0.054533
0.054756
0.053942
0.054122
0.054205
0.053554
0.053588
0.053721
0.053781
0.053240
0.053214
0.053373
0.053516
0.052895
0.053006
0.053266
0.053350
0.052748
0.052870
0.053054
0.053242
0.052741
0.053015
0.053148
0.052569
0.052752
0.053125
0.053337
0.052750
0.053091
0.053292
0.053548
0.052891
0.053362
0.053483
0.053830
0.053169
0.053564
0.053913
0.053947
0.053550
0.053730
0.054029
0.054202
0.053723
0.054030
0.054293
0.053632
0.053978
0.054148
0.054463
0.053845
0.053981
0.054517
0.054488
0.054037
0.054212
0.054454
0.054720
0.054153
0.054397
0.054665
0.054840
0.054281
0.054725
0.054905
0.054372
0.054435
0.054884
0.054974
0.054444
0.054778
0.054957
0.055047
0.054698
0.054960
0.055033
0.055210
0.054939
0.055034
0.053402
0.051350
0.049723
0.048366
0.049152
0.050026
0.051485
0.363950
1.016022
1.013421
1.010620
1.007755
1.005287
1.002621
0.999670
0.997516
0.994619
0.992061
0.988737
0.985241
0.981869
0.977842
0.974430
0.970255
0.965954
0.962275
0.957896
0.953891
0.949738
0.945695
0.941149
0.936742
0.932881
0.928376
0.924537
0.920079
0.915609
0.911771
0.907425
0.903553
0.898944
0.895273
0.890899
0.886514
0.882651
0.878485
0.874624
0.870605
0.866369
0.862848
0.858503
0.855012
0.850765
0.847297
0.843035
0.839116
0.835595
0.831388
0.827795
0.823930
0.819873
0.816381
0.812620
0.809235
0.805277
0.801799
0.798035
0.794228
0.790723
0.786712
0.783715
0.779839
0.775910
0.772557
0.768899
0.765612
0.761797
0.758499
0.755079
0.751144
0.747881
0.744319
0.741092
0.737476
0.733756
0.730640
0.727187
0.724076
0.720535
0.717503
0.713875
0.710202
0.707350
0.703814
0.700794
0.697362
0.694078
0.691255
0.687969
0.684635
0.681258
0.677881
0.674536
0.671387
0.668078
0.665038
0.662232
0.659072
0.656118
0.653136
0.650144
0.647157
0.644422
0.641332
0.638638
0.636736
0.634425
0.632309
0.630244
0.628251
0.626257
0.623993
0.622135
0.620160
0.618336
0.616433
0.614391
0.612614
0.610579
0.608769
0.606803
0.604906
0.602902
0.601017
0.599192
0.597121
0.594946
0.593404
0.591441
0.589258
0.587363
0.585304
0.583308
0.580870
0.579218
0.577033
0.574744
0.572644
0.570337
0.567586
0.565766
0.562945
0.560885
0.558608
0.556346
0.554209
0.551799
0.549505
0.547063
0.545179
0.542905
0.539934
0.537515
0.535089
0.533132
0.530511
0.528002
0.525550
0.522840
0.520654
0.518089
0.515878
0.513028
0.510817
0.508555
0.505925
0.503436
0.500553
0.498102
0.495176
0.492613
0.490060
0.487333
0.484160
0.481663
0.478862
0.475818
0.473224
0.470052
0.467038
0.464629
0.461588
0.458702
0.455743
0.452743
0.450183
0.447231
0.444310
0.441251
0.438266
0.435631
0.432803
0.429921
0.427049
0.423872
0.421201
0.418191
0.415069
0.412493
0.409464
0.406706
0.403617
0.400787
0.397833
0.395136
0.392204
0.389631
0.386227
0.383333
0.380687
0.377554
0.374959
0.371609
0.368975
0.365833
0.363355
0.360003
0.357341
0.354793
0.351734
0.348743
0.345818
0.343214
0.340372
0.337694
0.334500
0.331902
0.329217
0.326562
0.323607
0.320663
0.318347
0.315465
0.312650
0.310046
0.307182
0.304725
0.301807
0.299066
0.296609
0.293725
0.291345
0.288529
0.285636
0.283304
0.280389
0.277541
0.275015
0.272557
0.270084
0.267217
0.264488
0.262397
0.259798
0.257077
0.254463
0.252110
0.249912
0.247061
0.245206
0.243173
0.241360
0.238536
0.236201
0.234193
0.231558
0.229158
0.227137
0.224749
0.222204
0.219827
0.217626
0.215384
0.213451
0.210590
0.208516
0.206547
0.204332
0.201936
0.199660
0.197604
0.195527
0.193226
0.191418
0.189305
0.187950
0.186420
0.185300
0.184077
0.182736
0.181756
0.180024
0.178073
0.176088
0.174116
0.171677
0.170315
0.168487
0.167851
0.167055
0.166535
0.165659
0.165001
0.163808
0.162936
0.162370
0.161606
0.161085
0.160516
0.159908
0.159288
0.158377
0.157489
0.156333
0.155233
0.154334
0.152843
0.151522
0.150090
0.148670
0.147117
0.145488
0.144003
0.142197
0.140571
0.138866
0.137218
0.135480
0.133611
0.131846
0.130071
0.128167
0.126425
0.124516
0.122695
0.120912
0.119260
0.117277
0.115434
0.113763
0.111997
0.110342
0.108596
0.106891
0.104976
0.103387
0.101871
0.100231
0.098527
0.097127
0.095550
0.094051
0.092530
0.091371
0.090134
0.088997
0.087558
0.086766
0.085803
0.085031
0.083729
0.083140
0.082505
0.082085
0.080907
0.080552
0.080066
0.079124
0.078598
0.078199
0.078082
0.077128
0.076631
0.076464
0.075904
0.074945
0.074803
0.074485
0.074264
0.073136
0.072722
0.072480
0.072343
0.071493
0.071157
0.070775
0.070283
0.068967
0.068698
0.068179
0.066825
0.066529
0.066016
0.065441
0.064366
0.064125
0.063955
0.063608
0.062685
0.062665
0.062445
0.062268
0.061790
0.061630
0.061798
0.061881
0.061106
0.061136
0.061020
0.060505
0.060698
0.060640
0.060657
0.060254
0.060036
0.060197
0.060262
0.059839
0.059968
0.060079
0.060418
0.059982
0.060233
0.060498
0.060868
0.060429
0.060717
0.060921
0.061158
0.060769
0.060871
0.061046
0.060490
0.060870
0.061003
0.060978
0.060551
0.060484
0.060586
0.060589
0.060031
0.059988
0.059999
0.059985
0.059137
0.059111
0.059121
0.059086
0.058258
0.058142
0.057959
0.057248
0.057068
0.057009
0.056857
0.056132
0.056000
0.055970
0.055844
0.055079
0.054992
0.055144
0.055159
0.054518
0.054514
0.054499
0.054540
0.053972
0.053923
0.054048
0.054277
0.053399
0.053504
0.053706
0.053017
0.053074
0.053186
0.053256
0.052851
0.052707
0.052868
0.052963
0.052322
0.052500
0.052768
0.052892
0.052283
0.052294
0.052516
0.052536
0.052098
0.052296
0.052318
0.051763
0.051927
0.051899
0.052298
0.051736
0.051806
0.052058
0.052287
0.051562
0.051843
0.051957
0.052191
0.051780
0.051872
0.052009
0.052377
0.051526
0.051714
0.052310
0.051491
0.051731
0.052074
0.052098
0.051533
0.052034
0.052063
0.052306
0.051798
0.051992
0.052163
0.052602
0.051824
0.052120
0.052318
0.052579
0.051932
0.052194
0.052513
0.052760
0.052019
0.052464
0.052781
0.052031
0.052416
0.052568
0.052744
0.052358
0.052628
0.052714
0.052861
0.052474
0.052767
0.052745
0.053283
0.052654
0.052829
0.053160
0.053430
0.052724
0.052961
0.053410
0.052575
0.052793
0.053225
0.053391
0.052727
0.053038
0.053382
0.053457
0.053071
0.053202
0.053366
0.053456
0.053237
0.053278
0.053442
0.053888
0.053181
0.053361
0.053695
0.053966
0.053259
0.053349
0.053770
0.053219
0.053339
0.053790
0.053880
0.053208
0.053335
0.053875
0.053875
0.053264
0.053657
0.053927
0.054005
0.053657
0.053747
0.053837
0.054185
0.053747
0.053837
0.053921
0.053700
0.053831
0.053831
0.054098
0.053697
0.053917
0.053917
0.054458
0.053787
0.053827
0.054188
0.054454
0.053872
0.054003
0.054363
0.054711
0.053912
0.054273
0.054453
0.054711
0.054093
0.054363
0.054453
0.054052
0.054363
0.054451
0.054541
0.054047
0.054449
0.054539
0.054719
0.054318
0.054449
0.054629
0.054977
0.054358
0.054539
0.054719
0.055248
0.054449
0.054719
0.054990
0.054408
0.054449
0.054809
0.055171
0.054407
0.054628
0.055078
0.055168
0.054586
0.054717
0.055168
0.055258
0.054586
0.054987
0.055258
0.055425
0.054807
0.055077
0.055348
0.055425
0.054987
0.055077
0.055348
0.054856
0.054987
0.055258
0.055348
0.054856
0.054987
0.055258
0.055619
0.054856
0.055168
0.055348
0.055696
0.054987
0.055168
0.055529
0.055696
0.054987
0.055348
0.055528
0.054856
0.055077
0.055438
0.055528
0.054856
0.055438
0.055438
0.055528
0.054946
0.055438
0.055528
0.055528
0.055126
0.055438
0.055528
0.055605
0.055167
0.055438
0.055528
0.055876
0.055166
0.055437
0.055618
0.055036
0.055257
0.055527
0.055708
0.054945
0.055257
0.055527
0.055708
0.054945
0.055257
0.055618
0.055785
0.054986
0.055437
0.055618
0.055785
0.055166
0.055527
0.055618
0.054945
0.055257
0.055527
0.055618
0.055036
0.055347
0.055618
0.055708
0.055036
0.055347
0.055618
0.055785
0.055347
0.055347
0.055618
0.055785
0.055347
0.055347
0.055618
0.055966
0.055347
0.055347
0.055618
0.055216
0.055347
0.055437
0.055708
0.055216
0.055347
0.055437
0.055708
0.055216
0.055257
0.055527
0.055966
0.055257
0.055257
0.055527
0.055966
0.055257
0.055347
0.055527
0.055126
0.055257
0.055347
0.055708
0.055126
0.055257
0.055347
0.055798
0.055126
0.055347
0.055347
0.055875
0.055166
0.055347
0.055437
0.055875
0.055257
0.055347
0.055437
0.055036
0.055257
0.055437
0.055708
0.055036
0.055257
0.055437
0.055708
0.055126
0.055347
0.055527
0.055708
0.055126
0.055347
0.055708
0.055798
0.055166
0.055347
0.055708
0.055888
0.055257
0.055437
0.055708
0.055051
0.055257
0.055618
0.055798
0.055141
0.055257
0.055708
0.055798
0.055141
0.055347
0.055708
0.055888
0.055257
0.055527
0.055708
0.055978
0.055347
0.055527
0.055798
0.055141
0.055527
0.055708
0.055798
0.055231
0.055527
0.055798
0.055798
0.055231
0.055527
0.055798
0.055978
0.055487
0.055618
0.055798
0.055978
0.055527
0.055708
0.055798
0.056159
0.055618
0.055798
0.055888
0.055322
0.055618
0.055798
0.056069
0.055412
0.055708
0.055888
0.056069
0.055412
0.055798
0.055888
0.056159
0.055617
0.055798
0.055888
0.056159
0.055617
0.055888
0.055888
0.055322
0.055708
0.055888
0.055888
0.055412
0.055798
0.055888
0.055888
0.055322
0.055888
0.055888
0.055978
0.055487
0.055888
0.055888
0.055978
0.055618
0.055888
0.055888
0.056069
0.055618
0.055888
0.055978
0.055322
0.055708
0.055888
0.056069
0.055322
0.055708
0.055888
0.056069
0.055322
0.055798
0.055888
0.056069
0.055527
0.055798
0.055888
0.056069
0.055527
0.055798
0.055888
0.055231
0.055527
0.055798
0.055888
0.055322
0.055527
0.055798
0.055888
0.055322
0.055798
0.055888
0.055888
0.055396
0.055798
0.055888
0.055978
0.055437
0.055798
0.055888
0.055978
0.055527
0.055844
0.056024
0.055191
0.055844
0.055798
0.055978
0.055141
0.055798
0.055888
0.055978
0.055216
0.055798
0.055888
0.055978
0.055527
0.055798
0.055888
0.055978
0.055527
0.055798
0.055888
0.055231
0.055708
0.055888
0.055888
0.055412
0.055708
0.055888
0.055888
0.055412
0.055708
0.055888
0.055978
0.055487
0.055888
0.055888
0.056159
0.055618
0.055888
0.055978
0.056159
0.055708
0.055888
0.056159
0.055322
0.055798
0.055888
0.056159
0.055412
0.055798
0.055888
0.056159
0.055667
0.055888
0.055888
0.056069
0.055798
0.055888
0.055888
0.056159
0.055798
0.055888
0.055888
0.055502
0.055888
0.055888
0.055978
0.055502
0.055888
0.055888
0.056069
0.055683
0.055888
0.055888
0.056159
0.055888
0.055888
0.055888
0.056159
0.055888
0.055888
0.055888
0.056159
0.055888
0.055888
0.055978
0.055502
0.055888
0.055888
0.055978
0.055502
0.055888
0.055888
0.056069
0.055577
0.055888
0.055888
0.056159
0.055888
0.055888
0.055888
0.056159
0.055934
0.055934
0.056114
0.055371
0.055934
0.055934
0.056024
0.055371
0.055934
0.055934
0.055978
0.055683
0.055888
0.055888
0.055978
0.055798
0.055888
0.055888
0.055978
0.055798
0.055888
0.055888
0.055231
0.055798
0.055888
0.055888
0.055412
0.055888
0.289152
0.290282
0.290458
0.291186
0.373880
0.397199
0.420413
0.418825
0.417518
0.415852
0.414395
0.412858
0.411034
0.409233
0.407398
0.405721
0.403796
0.401746
0.399942
0.398111
0.395952
0.393901
0.391993
0.389798
0.388020
0.386024
0.383805
0.381455
0.378575
0.375159
0.378311
0.373864
0.370829
0.367975
0.364924
0.361679
0.357679
0.353311
0.348653
0.343806
0.339373
0.335055
0.330953
0.326970
0.323094
0.319348
0.315129
0.311355
0.307045
0.302834
0.298845
0.294636
0.290942
0.286815
0.282916
0.279027
0.275417
0.271555
0.267649
0.264222
0.260295
0.256621
0.253047
0.249502
0.245910
0.242170
0.238825
0.235513
0.231941
0.228647
0.225123
0.221894
0.218619
0.215487
0.212062
0.209055
0.206022
0.202724
0.199805
0.196792
0.193674
0.190584
0.188015
0.184907
0.182036
0.179055
0.176464
0.173560
0.170966
0.168065
0.165364
0.162737
0.160102
0.157593
0.155022
0.152421
0.149949
0.147533
0.145116
0.142718
0.140445
0.138017
0.136050
0.133594
0.131355
0.129286
0.127069
0.124910
0.122880
0.120893
0.118890
0.116845
0.115079
0.113148
0.111404
0.109422
0.107870
0.106106
0.104329
0.102837
0.101298
0.099582
0.098266
0.096637
0.094975
0.093756
0.092509
0.091073
0.089746
0.088347
0.087263
0.086079
0.084837
0.083707
0.082795
0.081465
0.080508
0.079523
0.078610
0.077768
0.076647
0.075850
0.075003
0.074331
0.073288
0.072614
0.072011
0.070863
0.070362
0.069776
0.069274
0.068374
0.067826
0.067449
0.066801
0.065993
0.065559
0.065269
0.064948
0.063938
0.063732
0.063239
0.063130
0.062373
0.062098
0.061936
0.061113
0.060955
0.060861
0.060305
0.059812
0.059602
0.059330
0.059221
0.058538
0.058441
0.058511
0.058242
0.057383
0.057357
0.057386
0.057266
0.056535
0.056472
0.056350
0.056328
0.055620
0.055796
0.055560
0.055024
0.054890
0.055003
0.054921
0.054343
0.054244
0.054467
0.054559
0.053763
0.054142
0.054064
0.054260
0.053681
0.053894
0.053962
0.054088
0.053547
0.053773
0.053837
0.053210
0.053342
0.053676
0.053748
0.053294
0.053565
0.053567
0.053920
0.053279
0.053501
0.053791
0.053946
0.053349
0.053385
0.053732
0.053988
0.053364
0.053449
0.053614
0.054014
0.053326
0.053415
0.053823
0.053146
0.053415
0.053498
0.053911
0.053231
0.053382
0.053829
0.053801
0.053480
0.053598
0.053814
0.054038
0.053273
0.053800
0.053895
0.054231
0.053539
0.053717
0.053985
0.053299
0.053631
0.053650
0.054096
0.053401
0.053581
0.053974
0.054152
0.053445
0.053713
0.053849
0.054118
0.053449
0.053805
0.053963
0.053957
0.053571
0.053759
0.053939
0.053238
0.053533
0.053891
0.053899
0.053476
0.053547
0.053630
0.054166
0.053513
0.053675
0.053944
0.053949
0.053448
0.053631
0.053845
0.054045
0.053366
0.053640
0.053820
0.053913
0.053034
0.053539
0.053633
0.052866
0.053136
0.053319
0.053321
0.052848
0.053118
0.053206
0.053303
0.052858
0.052950
0.053280
0.053433
0.053014
0.053283
0.053374
0.053669
0.053370
0.053526
0.053621
0.053182
0.053290
0.053605
0.053800
0.053185
0.053349
0.053687
0.053943
0.053270
0.053560
0.053705
0.053906
0.053519
0.053527
0.053613
0.053883
0.053386
0.053501
0.053600
0.053721
0.053185
0.053389
0.053499
0.052827
0.053035
0.053183
0.053361
0.052715
0.052917
0.053092
0.053269
0.052652
0.052767
0.052948
0.053157
0.052529
0.052657
0.052744
0.052924
0.052424
0.052427
0.052814
0.052197
0.052208
0.052589
0.052560
0.052172
0.052532
0.052509
0.052716
0.052152
0.052495
0.052580
0.052764
0.052441
0.052645
0.052711
0.053188
0.052598
0.052779
0.053091
0.053297
0.052820
0.052888
0.053162
0.052383
0.052672
0.053121
0.053276
0.052804
0.053240
0.053418
0.053731
0.053037
0.053508
0.053532
0.053845
0.053336
0.053628
0.053914
0.054034
0.053466
0.053736
0.053889
0.053423
0.053447
0.053680
0.053928
0.053191
0.053223
0.053493
0.053701
0.053101
0.053214
0.053485
0.053693
0.053035
0.053149
0.053551
0.053761
0.053109
0.053371
0.053633
0.053827
0.053347
0.053483
0.053747
0.053363
0.053649
0.053830
0.053880
0.053406
0.053784
0.053959
0.054135
0.053633
0.053922
0.054161
0.054190
0.053778
0.053984
0.054164
0.054194
0.053809
0.053870
0.054067
0.053599
0.053599
0.053689
0.053869
0.053282
0.053576
0.053490
0.053763
0.053283
0.053397
0.053459
0.053625
0.053128
0.053394
0.053505
0.053688
0.053211
0.053372
0.053640
0.053757
0.053351
0.053529
0.053781
0.053240
0.053605
0.053873
0.054036
0.053564
0.053874
0.054288
0.054585
0.054101
0.054541
0.054617
0.054767
0.054460
0.054584
0.054675
0.054745
0.054461
0.054552
0.054642
0.054047
0.053995
0.053999
0.054179
0.053675
0.053876
0.053852
0.054197
0.053618
0.053729
0.053855
0.053973
0.053522
0.053894
0.053984
0.054210
0.053606
0.053865
0.053997
0.054466
0.053865
0.054017
0.054246
0.053652
0.053856
0.054089
0.054242
0.053744
0.054034
0.054184
0.054250
0.053535
0.053628
0.053801
0.053895
0.053309
0.053284
0.053555
0.053740
0.053174
0.053243
0.053514
0.052756
0.052756
0.053007
0.053188
0.052714
0.052940
0.053210
0.053393
0.052717
0.052808
0.053232
0.053440
0.052848
0.052850
0.052762
0.052770
0.051761
0.051141
0.049325
0.049082
0.048816
0.049170
0.049630
0.049267
0.108375
0.108386
0.108383
0.107693
0.107350
0.107153
0.107080
0.106440
0.106184
0.105924
0.105839
0.105037
0.104872
0.104683
0.104581
0.103792
0.103573
0.103314
0.102481
0.102540
0.102102
