0.716129
0.716129
0.716129
0.716129
0.716129
0.716129
0.716129
0.716129
0.716129
0.716129
0.716129
0.716129
0.716129
0.716129
0.716129
0.716129
0.716129
0.716129
0.716129
0.716129
0.716129
0.716129
0.716102
0.715984
0.715975
0.715669
0.715113
0.713871
0.712493
0.710757
0.708804
0.707085
0.704881
0.702970
0.700692
0.698044
0.695311
0.692131
0.688683
0.685158
0.681728
0.678256
0.674793
0.671436
0.667905
0.664151
0.660670
0.656772
0.653066
0.649092
0.645296
0.641513
0.637561
0.633644
0.629849
0.625924
0.622200
0.618200
0.614337
0.610554
0.606816
0.602850
0.599065
0.595124
0.591368
0.587619
0.583748
0.579947
0.576200
0.572465
0.568625
0.564773
0.560983
0.557272
0.553486
0.549732
0.545940
0.542236
0.538550
0.534851
0.531085
0.527231
0.523652
0.519817
0.516258
0.512660
0.508860
0.505208
0.501561
0.497869
0.494394
0.490619
0.487150
0.483332
0.479851
0.476345
0.472626
0.469107
0.465584
0.461994
0.458456
0.454966
0.451420
0.447947
0.444454
0.440972
0.437550
0.433938
0.430581
0.427153
0.423655
0.420316
0.416806
0.413474
0.410121
0.406526
0.403277
0.399995
0.396630
0.393395
0.390073
0.386781
0.383541
0.380257
0.377072
0.373848
0.370701
0.367377
0.364229
0.361235
0.358149
0.355046
0.351904
0.348911
0.345861
0.342884
0.339840
0.336903
0.333952
0.330993
0.327921
0.325098
0.322243
0.319489
0.316693
0.313629
0.310840
0.308214
0.305419
0.302545
0.299851
0.297190
0.294479
0.291714
0.289166
0.286527
0.283805
0.281274
0.278522
0.276115
0.273528
0.271045
0.268581
0.266252
0.263796
0.261359
0.258968
0.256671
0.254169
0.252009
0.249472
0.247171
0.244952
0.242586
0.240266
0.237869
0.235645
0.233467
0.231227
0.229120
0.226805
0.224629
0.222422
0.220275
0.218207
0.215868
0.213861
0.211827
0.209778
0.207571
0.205595
0.203593
0.201636
0.199560
0.197642
0.195685
0.193674
0.191785
0.189740
0.187904
0.186056
0.183984
0.182191
0.180393
0.178467
0.176628
0.174878
0.173063
0.171184
0.169488
0.167738
0.166047
0.164370
0.162636
0.160950
0.159137
0.157571
0.156024
0.154276
0.152632
0.151094
0.149446
0.147944
0.146417
0.144886
0.143413
0.141764
0.140251
0.138676
0.137396
0.135712
0.134335
0.132960
0.131536
0.130015
0.128597
0.127278
0.125960
0.124418
0.123181
0.121778
0.120552
0.119084
0.117819
0.116535
0.115124
0.113903
0.112612
0.111285
0.110090
0.108803
0.107619
0.106365
0.105159
0.103923
0.102709
0.101490
0.100412
0.099087
0.097929
0.096888
0.095757
0.094533
0.093521
0.092369
0.091292
0.090123
0.089102
0.088007
0.086943
0.085862
0.084743
0.083764
0.082713
0.081811
0.080762
0.079798
0.078677
0.077820
0.076909
0.075695
0.074935
0.073954
0.073044
0.072112
0.071309
0.070309
0.069396
0.068600
0.067667
0.066899
0.065984
0.065198
0.064344
0.063567
0.062734
0.061845
0.061106
0.060301
0.059506
0.058771
0.057967
0.057276
0.056535
0.055843
0.055073
0.054443
0.053759
0.052971
0.052363
0.051658
0.051017
0.050374
0.049736
0.049187
0.048526
0.047810
0.047267
0.046745
0.046101
0.045561
0.044962
0.044352
0.043782
0.043240
0.042660
0.042244
0.041669
0.041063
0.040591
0.040187
0.039585
0.039085
0.038578
0.038076
0.037682
0.037160
0.036748
0.036296
0.035916
0.035408
0.034936
0.034533
0.034068
0.033666
0.033312
0.032844
0.032409
0.032068
0.031629
0.031291
0.030930
0.030570
0.030219
0.029870
0.029454
0.029159
0.028782
0.028376
0.028095
0.027662
0.027526
0.027178
0.026877
0.026504
0.026212
0.025812
0.025608
0.025228
0.025092
0.024700
0.024454
0.024246
0.023905
0.023572
0.023340
0.023088
0.022827
0.022579
0.022236
0.022032
0.021869
0.021640
0.021313
0.021086
0.020872
0.020664
0.020499
0.020296
0.020185
0.019938
0.019657
0.019423
0.019218
0.019074
0.018978
0.018761
0.018586
0.018396
0.018220
0.018084
0.017986
0.017718
0.017553
0.017477
0.017274
0.017062
0.017028
0.016845
0.016674
0.016536
0.016430
0.016281
0.016145
0.016050
0.015919
0.015717
0.015612
0.015516
0.015365
0.015340
0.015165
0.014994
0.014890
0.014818
0.014688
0.014648
0.014474
0.014346
0.014203
0.014160
0.014024
0.013985
0.013913
0.013741
0.013682
0.013546
0.013506
0.013371
0.013371
0.013275
0.013163
0.013052
0.012995
0.012884
0.012860
0.012788
0.012708
0.012614
0.012505
0.012473
0.012382
0.012310
0.012230
0.012174
0.012135
0.012039
0.012009
0.011898
0.011858
0.011807
0.011735
0.011695
0.011639
0.011599
0.011559
0.011464
0.011390
0.011358
0.011294
0.011254
0.011222
0.011182
0.011118
0.011086
0.011086
0.011006
0.010950
0.010950
0.010910
0.010852
0.010787
0.010747
0.010716
0.010716
0.010652
0.010580
0.010580
0.010580
0.010580
0.010444
0.010444
0.010444
0.010413
0.010348
0.010309
0.010309
0.010277
0.010237
0.010212
0.010172
0.010140
0.010140
0.010100
0.010100
0.010044
0.009999
0.009959
0.009959
0.009959
0.009928
0.009903
0.009863
0.009824
0.009824
0.009792
0.009792
0.009768
0.009728
0.009688
0.009656
0.009656
0.009656
0.009656
0.009592
0.009560
0.009560
0.009560
0.009520
0.009520
0.009480
0.009424
0.009464
0.009464
0.009424
0.009424
0.009424
0.009353
0.009353
0.009353
0.009328
0.009328
0.009328
0.009328
0.009296
0.009296
0.009296
0.009296
0.009296
0.009272
0.009272
0.009272
0.009240
0.009240
0.009240
0.009200
0.009200
0.009200
0.009200
0.009240
0.009184
0.009184
0.009184
0.009144
0.009144
0.009144
0.009144
0.009144
0.009144
0.009144
0.009144
0.009144
0.009144
0.009144
0.009144
0.009144
0.009144
0.009144
0.009144
0.009144
0.009144
0.009144
0.009144
0.009144
0.009144
0.009144
0.009144
0.009144
0.009144
0.009144
0.009144
0.009144
0.009144
0.009144
0.009144
0.009144
0.009144
0.009144
0.009144
0.009144
0.009144
0.009144
0.009144
0.009144
0.009144
0.009144
0.009144
0.009144
0.009144
0.009144
0.009144
0.009144
0.009144
0.009144
0.009144
0.009144
0.009144
0.009144
0.009144
0.009144
0.009144
0.009144
0.009144
0.009144
0.009144
0.009144
0.009144
0.009144
0.009144
0.009144
0.009144
0.009144
0.009144
0.009144
0.009144
0.009144
0.009144
0.009144
0.009144
0.009144
0.009144
0.009144
0.009144
0.009144
0.009144
0.009144
0.009144
0.009144
0.009144
0.009144
0.009144
0.009144
0.009144
0.009144
0.009144
0.009144
0.009144
0.009144
0.009144
0.009144
0.009144
0.009144
0.009144
0.009144
0.009144
0.009144
0.009144
0.009144
0.009144
0.009144
0.009144
0.009144
0.009144
0.009144
0.009144
0.009144
0.009144
0.009144
0.009144
0.009144
0.009144
0.009144
0.009144
0.009144
0.009144
0.009144
0.009144
0.009144
0.009144
0.009144
0.009144
0.009144
0.009144
0.009144
0.009144
0.009144
0.009144
0.009144
0.009144
0.009144
