2.255575
2.249768
2.243962
2.238158
2.232355
2.226553
2.220752
2.214952
2.209154
2.203357
2.197560
2.191765
2.185971
2.180178
2.174386
2.168595
2.162805
2.157016
2.151227
2.145440
2.139654
2.133869
2.128084
2.122301
2.116518
2.110736
2.104955
2.099175
2.093395
2.087616
2.081839
2.076062
2.070285
2.064510
2.058735
2.052960
2.047187
2.041414
2.035642
2.029871
2.024100
2.018330
2.012560
2.006791
2.001023
1.995255
1.989490
1.983728
1.977968
1.972212
1.966458
1.960706
1.954958
1.949211
1.943468
1.937726
1.931988
1.926251
1.920517
1.914785
1.909057
1.903332
1.897613
1.891897
1.886186
1.880479
1.874777
1.869078
1.863383
1.857693
1.852009
1.846331
1.840660
1.834998
1.829343
1.823696
1.818057
1.812425
1.806803
1.801190
1.795586
1.789992
1.784406
1.778830
1.773262
1.767703
1.762152
1.756610
1.751076
1.745549
1.740031
1.734521
1.729020
1.723529
1.718047
1.712575
1.707112
1.701660
1.696219
1.690790
1.685371
1.679962
1.674564
1.669178
1.663803
1.658441
1.653091
1.647753
1.642426
1.637110
1.631806
1.626512
1.621229
1.615957
1.610695
1.605443
1.600202
1.594970
1.589748
1.584535
1.579332
1.574138
1.568953
1.563777
1.558610
1.553451
1.548301
1.543159
1.538025
1.532899
1.527781
1.522671
1.517568
1.512473
1.507385
1.502304
1.497231
1.492164
1.487104
1.482051
1.477005
1.471966
1.466937
1.461919
1.456911
1.451914
1.446927
1.441950
1.436982
1.432025
1.427077
1.422139
1.417209
1.412289
1.407378
1.402475
1.397582
1.392696
1.387819
1.382950
1.378089
1.373238
1.368398
1.363569
1.358754
1.353953
1.349166
1.344392
1.339632
1.334885
1.330150
1.325430
1.320725
1.316038
1.311365
1.306706
1.302060
1.297428
1.292808
1.288202
1.283608
1.279027
1.274458
1.269901
1.265356
1.260823
1.256301
1.251790
1.247290
1.242802
1.238323
1.233856
1.229398
1.224951
1.220514
1.216086
1.211668
1.207260
1.202861
1.198470
1.194089
1.189717
1.185353
1.180998
1.176652
1.172313
1.167983
1.163660
1.159346
1.155039
1.150739
1.146449
1.142168
1.137896
1.133634
1.129380
1.125136
1.120900
1.116673
1.112455
1.108244
1.104042
1.099848
1.095662
1.091484
1.087313
1.083150
1.078994
1.074845
1.070704
1.066571
1.062447
1.058333
1.054227
1.050130
1.046042
1.041961
1.037890
1.033826
1.029770
1.025722
1.021681
1.017648
1.013623
1.009605
1.005594
1.001591
0.997600
0.993619
0.989650
0.985692
0.981748
0.977815
0.973892
0.969979
0.966076
0.962182
0.958299
0.954425
0.950560
0.946704
0.942857
0.939022
0.935198
0.931384
0.927581
0.923792
0.920013
0.916244
0.912485
0.908735
0.904995
0.901264
0.897542
0.893829
0.890128
0.886437
0.882757
0.879086
0.875422
0.871767
0.868119
0.864480
0.860851
0.857231
0.853623
0.850026
0.846441
0.842869
0.839310
0.835765
0.832232
0.828712
0.825204
0.821708
0.818224
0.814753
0.811300
0.807860
0.804433
0.801019
0.797620
0.794239
0.790872
0.787520
0.784182
0.780858
0.777548
0.774254
0.770979
0.767719
0.764473
0.761243
0.758026
0.754823
0.751635
0.748459
0.745297
0.742148
0.739012
0.735889
0.732778
0.729679
0.726592
0.723517
0.720453
0.717401
0.714363
0.711338
0.708326
0.705327
0.702340
0.699366
0.696404
0.693454
0.690515
0.687588
0.684672
0.681768
0.678874
0.675991
0.673119
0.670257
0.667405
0.664564
0.661732
0.658910
0.656101
0.653305
0.650518
0.647740
0.644971
0.642211
0.639459
0.636715
0.633981
0.631257
0.628544
0.625840
0.623146
0.620461
0.617787
0.615121
0.612464
0.609817
0.607178
0.604552
0.601934
0.599328
0.596735
0.594149
0.591570
0.589000
0.586437
0.583882
0.581337
0.578805
0.576282
0.573768
0.571263
0.568767
0.566279
0.563799
0.561328
0.558864
0.556409
0.553961
0.551522
0.549089
0.546664
0.544247
0.541836
0.539433
0.537036
0.534646
0.532263
0.529887
0.527518
0.525158
0.522806
0.520462
0.518127
0.515800
0.513480
0.511169
0.508865
0.506568
0.504279
0.501997
0.499722
0.497454
0.495194
0.492939
0.490692
0.488451
0.486216
0.483992
0.481773
0.479561
0.477355
0.475154
0.472959
0.470770
0.468587
0.466408
0.464235
0.462068
0.459905
0.457748
0.455595
0.453448
0.451305
0.449167
0.447034
0.444905
0.442785
0.440670
0.438562
0.436460
0.434365
0.432275
0.430192
0.428115
0.426044
0.423979
0.421919
0.419865
0.417816
0.415773
0.413735
0.411702
0.409675
0.407660
0.405650
0.403645
0.401648
0.399657
0.397674
0.395697
0.393729
0.391769
0.389818
0.387875
0.385940
0.384014
0.382095
0.380184
0.378284
0.376392
0.374507
0.372630
0.370759
0.368895
0.367038
0.365188
0.363344
0.361507
0.359676
0.357852
0.356033
0.354221
0.352414
0.350613
0.348818
0.347029
0.345245
0.343467
0.341694
0.339926
0.338163
0.336413
0.334668
0.332928
0.331196
0.329469
0.327746
0.326027
0.324313
0.322603
0.320897
0.319196
0.317498
0.315808
0.314122
0.312440
0.310761
0.309086
0.307418
0.305754
0.304093
0.302436
0.300781
0.299130
0.297486
0.295845
0.294207
0.292572
0.290940
0.289313
0.287690
0.286073
0.284461
0.282854
0.281251
0.279653
0.278059
0.276470
0.274885
0.273305
0.271728
0.270156
0.268588
0.267028
0.265472
0.263919
0.262371
0.260826
0.259284
0.257747
0.256216
0.254691
0.253171
0.251659
0.250155
0.248659
0.247169
0.245687
0.244212
0.242745
0.241284
0.239829
0.238384
0.236947
0.235518
0.234099
0.232687
0.231284
0.229889
0.228502
0.227122
0.225750
0.224390
0.223037
0.221693
0.220359
0.219034
0.217718
0.216410
0.215112
0.213822
0.212541
0.211270
0.210010
0.208759
0.207519
0.206289
0.205068
0.203857
0.202655
0.201463
0.200283
0.199112
0.197949
0.196795
0.195650
0.194512
0.193383
0.192262
0.191148
0.190042
0.188944
0.187853
0.186769
0.185692
0.184623
0.183560
0.182504
0.181455
0.180413
0.179377
0.178347
0.177323
0.176306
0.175298
0.174296
0.173300
0.172309
0.171325
0.170349
0.169380
0.168419
0.167465
0.166518
0.165579
0.164646
0.163720
0.162801
0.161889
0.160983
0.160084
0.159194
0.158313
0.157440
0.156575
0.155718
0.154869
0.154027
0.153193
0.152367
0.151547
0.150735
0.149930
0.149132
0.148341
0.147557
0.146779
0.146008
0.145242
0.144484
0.143731
0.142984
0.142248
0.141517
0.140791
0.140071
0.139357
0.138648
0.137944
0.137246
0.136553
0.135864
0.135181
0.134503
0.133829
0.133160
0.132495
0.131836
0.131180
0.130529
0.129882
0.129244
0.128609
0.127978
0.127352
0.126733
0.126117
0.125506
0.124898
0.124293
0.123692
0.123095
0.122501
0.121910
0.121323
0.120738
0.120157
0.119579
0.119004
0.118432
0.117863
0.117297
0.116734
0.116174
0.115616
0.115061
0.114509
0.113959
0.113412
0.112867
0.112325
0.111785
0.111248
0.110713
0.110180
0.109650
0.109122
0.108596
0.108072
0.107550
0.107031
0.106513
0.105998
0.105484
0.104973
0.104463
0.103955
0.103449
0.102945
0.102443
0.101942
0.101443
0.100946
0.100451
0.099957
0.099464
0.098974
0.098485
0.097997
0.097511
0.097026
0.096543
0.096061
0.095581
0.095106
0.094632
0.094159
0.093688
0.093218
0.092749
0.092281
0.091814
0.091349
0.090885
0.090421
0.089959
0.089498
0.089038
0.088579
0.088121
0.087664
0.087208
0.086753
0.086299
0.085846
0.085397
0.084949
0.084502
0.084060
0.083619
0.083178
0.082738
0.082298
0.081859
0.081421
0.080984
0.080547
0.080114
0.079683
0.079251
0.078820
0.078390
0.077960
0.077531
0.077103
0.076674
0.076247
0.075819
0.075393
0.074970
0.074548
0.074126
0.073705
0.073284
0.072863
0.072442
0.072023
0.071607
0.071191
0.070776
0.070361
0.069946
0.069531
0.069117
0.068703
0.068289
0.067875
0.067462
0.067049
0.066636
0.066223
0.065811
0.065399
0.064987
0.064575
0.064163
0.063752
0.063341
0.062930
0.062519
0.062108
0.061698
0.061287
0.060877
0.060467
0.060057
0.059648
0.059238
0.058829
0.058420
0.058011
0.057602
0.057193
0.056785
0.056380
0.055977
0.055576
0.055177
0.054781
0.054387
0.053995
0.053605
0.053217
0.052832
0.052448
0.052067
0.051691
0.051317
0.050945
0.050574
0.050206
0.049839
0.049474
0.049110
0.048749
0.048389
0.048030
0.047673
0.047318
0.046964
0.046611
0.046261
0.045911
0.045563
0.045216
0.044871
0.044527
0.044185
0.043843
0.043503
0.043164
0.042827
0.042491
0.042155
0.041821
0.041489
0.041157
0.040826
0.040497
0.040169
0.039841
0.039515
0.039190
0.038865
0.038542
0.038220
0.037899
0.037578
0.037259
0.036940
0.036622
0.036306
0.035990
0.035675
0.035360
0.035047
0.034734
0.034422
0.034111
0.033801
0.033491
0.033182
0.032875
0.032572
0.032271
0.031972
0.031677
0.031385
0.031095
0.030808
0.030523
0.030242
0.029962
0.029685
0.029411
0.029139
0.028870
0.028602
0.028337
0.028075
0.027814
0.027556
0.027300
0.027046
0.026794
0.026544
0.026296
0.026050
0.025806
0.025564
0.025324
0.025085
0.024848
0.024614
0.024380
0.024149
0.023919
0.023691
0.023465
0.023240
0.023017
0.022795
0.022575
0.022356
0.022139
0.021923
0.021708
0.021495
0.021284
0.021073
0.020867
0.020664
0.020464
0.020268
0.020075
0.019886
0.019700
0.019517
0.019337
0.019160
0.018986
0.018816
0.018648
0.018483
0.018321
0.018161
0.018005
0.017851
0.017699
0.017551
0.017404
0.017261
0.017120
0.016981
0.016844
0.016710
0.016579
0.016449
0.016322
0.016197
0.016074
0.015953
0.015834
0.015717
0.015603
0.015490
0.015379
0.015270
0.015163
0.015058
0.014954
0.014853
0.014753
0.014655
0.014558
0.014463
0.014370
0.014278
0.014188
0.014100
0.014013
0.013927
0.013843
0.013761
0.013679
0.013600
0.013521
0.013444
0.013368
0.013294
0.013221
0.013149
0.013078
0.013008
0.012940
0.012873
0.012807
0.012742
0.012678
0.012616
0.012554
0.012494
0.012434
0.012376
0.012318
0.012262
0.012206
0.012152
0.012098
0.012045
0.011994
0.011943
0.011893
0.011844
0.011795
0.011748
0.011701
0.011655
0.011610
0.011566
0.011522
0.011483
0.011445
0.011407
0.011370
0.011333
0.011298
0.011262
0.011228
0.011194
0.011160
0.011127
0.011095
0.011063
0.011032
0.011001
0.010971
0.010942
0.010913
0.010884
0.010856
0.010828
0.010801
0.010774
0.010748
0.010722
0.010697
0.010672
0.010647
0.010623
0.010600
0.010576
0.010554
0.010531
0.010509
0.010487
0.010466
0.010445
0.010424
0.010404
0.010384
0.010365
0.010345
0.010327
0.010308
0.010290
0.010272
0.010254
0.010237
0.010220
0.010203
0.010187
0.010170
0.010154
0.010139
0.010123
0.010108
0.010094
0.010079
0.010065
0.010051
0.010037
0.010023
0.010010
0.009997
0.009984
0.009971
0.009958
0.009950
0.009942
0.009933
0.009925
0.009917
0.009909
0.009902
0.009894
0.009887
0.009880
0.009872
0.009865
0.009858
0.009852
0.009845
0.009838
0.009832
0.009826
0.009819
0.009813
0.009807
0.009801
0.009795
0.009790
0.009784
0.009778
0.009773
0.009768
0.009762
0.009757
0.009752
0.009747
0.009742
0.009738
0.009733
0.009728
0.009724
0.009719
0.009715
0.009710
0.009706
0.009702
0.009698
0.009694
0.009690
0.009686
0.009682
0.009682
0.009682
0.009682
0.009682
0.009682
0.009682
0.009682
0.009682
0.009682
0.009682
0.009682
0.009682
0.009682
0.009682
0.009682
0.009682
0.009682
0.009682
0.009682
0.009682
0.009682
0.009682
0.009682
0.009682
0.009682
0.009682
0.009682
0.009682
0.009682
0.009682
0.009682
0.009682
0.009682
0.009682
0.009682
0.009682
0.009682
0.009682
0.009682
0.009682
0.009682
0.009682
0.009682
0.009682
0.009682
0.009682
0.009682
0.009682
0.009682
0.009682
0.009682
0.009682
0.009682
0.009682
0.009682
0.009682
0.009682
0.009682
0.009682
0.009682
0.009682
0.009682
0.009682
0.009682
0.009682
0.009682
0.009682
0.009682
0.009682
0.009682
0.009682
0.009682
0.009682
0.009682
0.009682
0.009682
0.009682
0.009682
0.009682
0.009682
0.009682
0.009682
0.009682
0.009682
0.009682
0.009682
0.009682
0.009682
0.009682
0.009682
0.009682
0.009682
0.009682
0.009682
0.009682
0.009682
0.009682
0.009682
0.009682
0.009682
0.009682
0.009682
0.009682
0.009682
0.009682
0.009682
0.009682
0.009682
0.009682
0.009682
0.009682
0.009682
0.009682
0.009682
0.009682
0.009682
0.009682
0.009682
0.009682
0.009682
0.009682
0.009682
0.009682
0.009682
0.009682
0.009682
0.009682
0.009682
0.009682
0.009682
0.009682
0.009682
0.009682
0.009682
0.009682
0.009682
0.009682
0.009682
0.009682
0.009682
0.009682
0.009682
0.009682
0.009682
0.009682
0.009682
0.009682
0.009682
0.009682
0.009682
0.009682
0.009682
0.009682
0.009682
0.009682
0.009682
0.009682
0.009682
0.009682
0.009682
0.009682
0.009682
0.009682
0.009682
0.009682
0.009682
0.009682
0.009682
0.009682
0.009682
0.009682
0.009682
0.009682
0.009682
0.009682
0.009682
0.009682
0.009682
0.009682
0.009682
0.009682
0.009682
0.009682
0.009682
0.009682
0.009682
0.009682
0.009682
0.009682
0.009682
0.009682
0.009682
0.009682
0.009682
0.009682
0.009682
0.009682
0.009682
0.009682
0.009682
0.009682
0.009682
0.009682
0.009682
0.009682
0.009682
0.009682
0.009682
0.009682
0.009682
0.009682
0.009682
0.009682
0.009682
0.009682
0.009682
0.009682
0.009682
0.009682
0.009682
0.009682
0.009682
0.009682
0.009682
0.009682
0.009682
0.009682
0.009682
0.009682
0.009682
0.009682
0.009682
0.009682
0.009682
0.009682
0.009682
0.009682
0.009682
0.009682
0.009682
0.009682
0.009682
0.009682
0.009682
0.009682
0.009682
0.009682
0.009682
0.009682
0.009682
0.009682
0.009682
0.009682
0.009682
0.009682
0.009682
0.009682
0.009682
0.009682
0.009682
0.009682
0.009682
0.009682
0.009682
0.009682
0.009682
0.009682
0.009682
0.009682
0.009682
0.009682
0.009682
0.009682
0.009682
0.009682
0.009682
0.009682
0.009682
0.009682
0.009682
0.009682
0.009682
0.009682
0.009682
0.009682
0.009682
0.009682
0.009682
0.009682
0.009682
0.009682
0.009682
0.009682
0.009682
0.009682
0.009682
0.009682
0.009682
0.009682
0.009682
0.009682
0.009682
0.009682
0.009682
0.009682
0.009682
0.009682
0.009682
0.009682
0.009682
0.009682
0.009682
0.009682
0.009682
0.009682
0.009682
0.009682
0.009682
0.009682
0.009682
0.009682
0.009682
0.009682
0.009682
0.009682
0.009682
0.009682
0.009682
0.009682
0.009682
0.009682
0.009682
0.009682
0.009682
0.009682
0.009682
0.009682
0.009682
0.009682
0.009682
0.009682
0.009682
0.009682
0.009682
0.009682
0.009682
0.009682
0.009682
0.009682
0.009682
0.009682
0.009682
0.009682
0.009682
0.009682
0.009682
0.009682
0.009682
0.009682
0.009682
0.009682
0.009682
0.009682
0.009682
0.009682
0.009682
0.009682
0.009682
0.009682
0.009682
0.009682
0.009682
0.009682
0.009682
0.009682
0.009682
0.009682
0.009682
0.009682
0.009682
0.009682
0.009682
0.009682
0.009682
0.009682
0.009682
0.009682
0.009682
0.009682
0.009682
0.009682
0.009682
0.009682
0.009682
0.009682
0.009682
0.009682
0.009682
0.009682
0.009682
0.009682
0.009682
0.009682
0.009682
0.009682
0.009682
0.009682
0.009682
0.009682
0.009682
0.009682
0.009682
0.009682
0.009682
0.009682
0.009682
0.009682
0.009682
0.009682
0.009682
0.009682
0.009682
0.009682
0.009682
0.009682
0.009682
0.009682
0.009682
0.009682
0.009682
0.009682
0.009682
0.009682
0.009682
0.009682
0.009682
0.009682
0.009682
0.009682
0.009682
0.009682
0.009682
0.009682
0.009682
0.009682
0.009682
0.009682
0.009682
0.009682
0.009682
0.009682
0.009682
0.009682
0.009682
0.009682
0.009682
0.009682
0.009682
0.009682
0.009682
0.009682
0.009682
0.009682
0.009682
0.009682
0.009682
0.009682
0.009682
0.009682
0.009682
0.009682
0.009682
0.009682
0.009682
0.009682
0.009682
0.009682
0.009682
0.009682
0.009682
0.009682
0.009682
0.009682
0.009682
0.009682
0.009682
0.009682
0.009682
0.009682
0.009682
0.009682
0.009682
0.009682
0.009682
0.009682
0.009682
0.009682
0.009682
0.009682
0.009682
0.009682
0.009682
0.009682
0.009682
0.009682
0.009682
0.009682
0.009682
0.009682
0.009682
0.009682
0.009682
0.009682
0.009682
0.009682
0.009682
0.009682
0.009682
0.009682
0.009682
0.009682
0.009682
0.009682
0.009682
0.009682
0.009682
0.009682
0.009682
0.009682
0.009682
0.009682
0.009682
0.009682
0.009682
0.009682
0.009682
0.009682
0.009682
0.009682
0.009682
0.009682
0.009682
0.009682
0.009682
0.009682
0.009682
0.009682
0.009682
0.009682
0.009682
0.009682
0.009682
0.009682
0.009682
0.009682
0.009682
0.009682
0.009682
0.009682
0.009682
0.009682
0.009682
0.009682
0.009682
0.009682
0.009682
0.009682
0.009682
0.009682
0.009682
0.009682
0.009682
0.009682
0.009682
0.009682
0.009682
0.009682
0.009682
0.009682
0.009682
0.009682
0.009682
0.009682
0.009682
0.009682
0.009682
0.009682
0.009682
0.009682
0.009682
0.009682
0.009682
0.009682
0.009682
0.009682
0.009682
0.009682
0.009682
0.009682
0.009682
0.009682
0.009682
0.009682
0.009682
0.009682
0.009682
0.009682
0.009682
0.009682
0.009682
0.009682
0.009682
0.009682
0.009682
0.009682
0.009682
0.009682
0.009682
0.009682
0.009682
0.009682
0.009682
0.009682
0.009682
0.009682
0.009682
0.009682
0.009682
0.009682
0.009682
0.009682
0.009682
0.009682
0.009682
0.009682
0.009682
0.009682
0.009682
0.009682
0.009682
0.009682
0.009682
0.009682
0.009682
0.009682
0.009682
0.009682
0.009682
0.009682
0.009682
0.009682
0.009682
0.009682
0.009682
0.009682
0.009682
0.009682
0.009682
0.009682
0.009682
0.009682
0.009682
0.009682
0.009682
0.009682
0.009682
0.009682
0.009682
0.009682
0.009682
0.009682
5.265118
5.259422
5.253731
5.248043
5.242359
5.236679
5.231003
5.225330
5.219660
5.213994
5.208332
5.202673
5.197017
5.191364
5.185715
5.180069
5.174426
5.168785
5.163148
5.157514
5.151883
5.146254
5.140628
5.135005
5.129385
5.123767
5.118152
5.112539
5.106929
5.101321
5.095716
5.090113
5.084513
5.078915
5.073319
5.067725
5.062133
5.056544
5.050956
5.045371
5.039788
5.034207
5.028627
5.023050
5.017475
5.011901
5.006329
5.000759
4.995191
4.989625
4.984060
4.978497
4.972936
4.967376
4.961818
4.956261
4.950706
4.945152
4.939600
4.934050
4.928501
4.922953
4.917407
4.911862
4.906318
4.900776
4.895235
4.889695
4.884156
4.878619
4.873083
4.867548
4.862014
4.856482
4.850951
4.845420
4.839891
4.834363
4.828836
4.823310
4.817785
4.812261
4.806738
4.801216
4.795694
4.790174
4.784655
4.779136
4.773619
4.768102
4.762587
4.757072
4.751558
4.746044
4.740532
4.735020
4.729509
4.723999
4.718490
4.712981
4.707473
4.701966
4.696459
4.690953
4.685448
4.679943
4.674440
4.668936
4.663434
4.657932
4.652430
4.646929
4.641429
4.635930
4.630430
4.624932
4.619434
4.613936
4.608440
4.602943
4.597447
4.591952
4.586457
4.580963
4.575469
4.569975
4.564482
4.558990
4.553497
4.548008
4.542523
4.537043
4.531568
4.526098
4.520632
4.515171
4.509714
4.504262
4.498818
4.493378
4.487942
4.482510
4.477082
4.471659
4.466238
4.460822
4.455410
4.450001
4.444595
4.439193
4.433795
4.428400
4.423008
4.417620
4.412235
4.406853
4.401474
4.396098
4.390725
4.385356
4.379989
4.374625
4.369263
4.363905
4.358549
4.353196
4.347846
4.342498
4.337156
4.331817
4.326480
4.321146
4.315814
4.310484
4.305157
4.299831
4.294508
4.289187
4.283868
4.278551
4.273239
4.267931
4.262628
4.257330
4.252039
4.246753
4.241474
4.236201
4.230934
4.225672
4.220416
4.215165
4.209922
4.204686
4.199458
4.194237
4.189024
4.183817
4.178617
4.173425
4.168239
4.163063
4.157894
4.152731
4.147574
4.142424
4.137279
4.132141
4.127008
4.121881
4.116759
4.111643
4.106533
4.101427
4.096327
4.091232
4.086143
4.081058
4.075978
4.070903
4.065832
4.060766
4.055705
4.050648
4.045596
4.040549
4.035509
4.030475
4.025448
4.020426
4.015411
4.010402
4.005399
4.000401
3.995409
3.990423
3.985442
3.980466
3.975496
3.970531
3.965571
3.960616
3.955667
3.950721
3.945781
3.940846
3.935915
3.930988
3.926066
3.921149
3.916235
3.911326
3.906421
3.901520
3.896623
3.891731
3.886842
3.881956
3.877075
3.872197
3.867323
3.862452
3.857585
3.852722
3.847861
3.843004
3.838151
3.833300
3.828453
3.823609
3.818767
3.813929
3.809094
3.804262
3.799432
3.794605
3.789781
3.784960
3.780141
3.775325
3.770512
3.765701
3.760892
3.756086
3.751282
3.746481
3.741682
3.736885
3.732091
3.727299
3.722508
3.717720
3.712934
3.708150
3.703368
3.698589
3.693811
3.689034
3.684260
3.679488
3.674717
3.669948
3.665181
3.660416
3.655652
3.650891
3.646130
3.641371
3.636614
3.631859
3.627105
3.622352
3.617601
3.612851
3.608103
3.603356
3.598611
3.593867
3.589124
3.584383
3.579642
3.574903
3.570166
3.565429
3.560694
3.555960
3.551227
3.546495
3.541764
3.537035
3.532306
3.527579
3.522852
3.518127
3.513403
3.508687
3.503972
3.499258
3.494544
3.489832
3.485120
3.480409
3.475698
3.470989
3.466280
3.461572
3.456865
3.452158
3.447452
3.442747
3.438042
3.433338
3.428635
3.423932
3.419230
3.414529
3.409828
3.405127
3.400428
3.395728
3.391030
3.386332
3.381634
3.376937
3.372241
3.367545
3.362849
3.358154
3.353460
3.348766
3.344072
3.339379
3.334687
3.329995
3.325303
3.320611
3.315921
3.311230
3.306540
3.301850
3.297161
3.292472
3.287784
3.283096
3.278408
3.273724
3.269041
3.264358
3.259679
3.255000
3.250322
3.245643
3.240965
3.236287
3.231609
3.226932
3.222254
3.217581
3.212908
3.208234
3.203561
3.198888
3.194216
3.189543
3.184870
3.180198
3.175525
3.170853
3.166181
3.161508
3.156836
3.152164
3.147493
3.142821
3.138149
3.133477
3.128806
3.124134
3.119463
3.114792
3.110121
3.105450
3.100778
3.096108
3.091437
3.086766
3.082095
3.077424
3.072754
3.068083
3.063413
3.058746
3.054079
3.049413
3.044746
3.040079
3.035413
3.030746
3.026079
3.021413
3.016746
3.012079
3.007413
3.002746
2.998079
2.993413
2.988746
2.984079
2.979413
2.974746
2.970079
2.965413
2.960746
2.956079
2.951413
2.946746
2.942079
2.937413
2.932746
2.928079
2.923413
2.918746
2.914079
2.909413
2.904746
2.900079
2.895413
2.890746
2.886079
2.881413
2.876746
2.872079
2.867413
2.862746
2.858079
2.853413
2.848746
2.844079
2.839413
2.834746
2.830079
2.825413
2.820746
2.816079
2.811413
2.806746
2.802079
2.797413
2.792746
2.788079
2.783413
2.778746
2.774079
2.769413
2.764746
2.760079
2.755413
2.750746
2.746079
2.741413
2.736746
2.732079
2.727413
2.722746
2.718079
2.713413
2.708746
2.704079
2.699413
2.694746
2.690079
2.685413
2.680746
2.676079
2.671413
2.666746
2.662079
2.657413
2.652746
2.648079
2.643413
2.638746
2.634079
2.629413
2.624746
2.620079
2.615413
2.610746
2.606079
2.601413
2.596746
2.592079
2.587413
2.582746
2.578079
2.573413
2.568746
2.564080
2.559416
2.554754
2.550094
2.545436
2.540781
2.536128
2.531476
2.526829
2.522186
2.517548
2.512913
2.508282
2.503655
2.499033
2.494414
2.489798
2.485187
2.480579
2.475975
2.471374
2.466776
2.462182
2.457591
2.453004
2.448420
2.443839
2.439261
2.434686
2.430114
2.425545
2.420979
2.416416
2.411855
2.407298
2.402743
2.398190
2.393641
2.389093
2.384549
2.380008
2.375473
2.370942
2.366415
2.361893
2.357375
2.352862
2.348355
2.343855
2.339361
2.334873
2.330391
2.325916
2.321446
2.316981
2.312523
2.308070
2.303623
2.299181
2.294744
2.290312
2.285886
2.281464
2.277048
2.272636
2.268229
2.263827
2.259430
2.255036
2.250648
2.246264
2.241884
2.237508
2.233137
2.228769
2.224406
2.220050
2.215699
2.211355
2.207016
2.202684
2.198357
2.194035
2.189719
2.185409
2.181104
2.176804
2.172509
2.168219
2.163935
2.159655
2.155380
2.151109
2.146844
2.142582
2.138326
2.134073
2.129825
2.125582
2.121342
2.117107
2.112875
2.108648
2.104424
2.100205
2.095989
2.091776
2.087568
2.083363
2.079161
2.074963
2.070769
2.066577
2.062389
2.058204
2.054023
2.049844
2.045669
2.041496
2.037327
2.033160
2.028996
2.024836
2.020677
2.016522
2.012369
2.008219
2.004071
1.999926
1.995784
1.991643
1.987506
1.983370
1.979237
1.975107
1.970978
1.966852
1.962727
1.958605
1.954485
1.950368
1.946252
1.942138
1.938026
1.933916
1.929808
1.925701
1.921597
1.917494
1.913393
1.909294
1.905197
1.901101
1.897007
1.892914
1.888823
1.884734
1.880646
1.876560
1.872475
1.868391
1.864309
1.860229
1.856150
1.852072
1.847995
1.843920
1.839846
1.835773
1.831702
1.827632
1.823563
1.819495
1.815428
1.811363
1.807299
1.803235
1.799173
1.795112
1.791052
1.786993
1.782935
1.778878
1.774822
1.770767
1.766713
1.762659
1.758607
1.754556
1.750505
1.746456
1.742407
1.738359
1.734312
1.730265
1.726220
1.722175
1.718131
1.714088
1.710045
1.706003
1.701962
1.697922
1.693882
1.689843
1.685805
1.681771
1.677738
1.673705
1.669673
1.665641
1.661610
1.657580
1.653554
1.649528
1.645502
1.641478
1.637453
1.633429
1.629405
1.625382
1.621359
1.617337
1.613315
1.609293
1.605272
1.601251
1.597230
1.593210
1.589190
1.585171
1.581151
1.577132
1.573114
1.569096
1.565078
1.561060
1.557043
1.553026
1.549009
1.544993
1.540976
1.536961
1.532945
1.528930
1.524918
1.520907
1.516896
1.512886
1.508875
1.504865
1.500855
1.496848
1.492842
1.488836
1.484830
1.480825
1.476819
1.472813
1.468808
1.464802
1.460797
1.456792
1.452787
1.448782
1.444777
1.440772
1.436767
1.432762
1.428758
1.424753
1.420749
1.416744
1.412740
1.408736
1.404731
1.400727
1.396723
1.392719
1.388715
1.384712
1.380712
1.376712
1.372712
1.368712
1.364712
1.360712
1.356712
1.352712
1.348712
1.344712
1.340712
1.336712
1.332712
1.328712
1.324712
1.320712
1.316712
1.312712
1.308712
1.304712
1.300712
1.296712
1.292712
1.288712
1.284712
1.280712
1.276712
1.272712
1.268712
1.264712
1.260712
1.256712
1.252712
1.248712
1.244712
1.240712
1.236712
1.232712
1.228712
1.224712
1.220712
1.216712
1.212712
1.208712
1.204712
1.200712
1.196712
1.192712
1.188712
1.184712
1.180712
1.176712
1.172712
1.168712
1.164712
1.160712
1.156712
1.152712
1.148712
1.144712
1.140712
1.136712
1.132712
1.128712
1.124712
1.120712
1.116712
1.112712
1.108712
1.104712
1.100712
1.096712
1.092712
1.088712
1.084712
1.080712
1.076712
1.072712
1.068712
1.064712
1.060712
1.056712
1.052712
1.048712
1.044712
1.040712
1.036712
1.032712
1.028712
1.024712
1.020712
1.016712
1.012712
1.008712
1.004712
1.000712
0.996715
0.992720
0.988727
0.984736
0.980748
0.976761
0.972777
0.968795
0.964814
0.960836
0.956859
0.952885
0.948912
0.944941
0.940972
0.937004
0.933039
0.929075
0.925112
0.921152
0.917193
0.913235
0.909279
0.905325
0.901372
0.897421
0.893471
0.889522
0.885575
0.881630
0.877689
0.873751
0.869816
0.865886
0.861962
0.858043
0.854130
0.850222
0.846319
0.842421
0.838529
0.834641
0.830759
0.826881
0.823008
0.819140
0.815276
0.811417
0.807563
0.803712
0.799866
0.796024
0.792187
0.788353
0.784524
0.780698
0.776876
0.773058
0.769244
0.765433
0.761626
0.757823
0.754023
0.750227
0.746433
0.742644
0.738857
0.735074
0.731294
0.727519
0.723749
0.719985
0.716226
0.712471
0.708722
0.704978
0.701238
0.697503
0.693773
0.690047
0.686325
0.682608
0.678895
0.675187
0.671484
0.667788
0.664098
0.660415
0.656737
0.653065
0.649399
0.645739
0.642084
0.638437
0.634800
0.631172
0.627555
0.623950
0.620356
0.616773
0.613201
0.609641
0.606091
0.602552
0.599023
0.595504
0.591996
0.588497
0.585008
0.581528
0.578058
0.574597
0.571147
0.567708
0.564279
0.560862
0.557455
0.554061
0.550680
0.547311
0.543955
0.540613
0.537286
0.533971
0.530671
0.527383
0.524108
0.520846
0.517597
0.514359
0.511136
0.507927
0.504732
0.501554
0.498391
0.495243
0.492110
0.488993
0.485890
0.482801
0.479726
0.476665
0.473618
0.470584
0.467563
0.464555
0.461560
0.458578
0.455607
0.452649
0.449703
0.446768
0.443845
0.440933
0.438033
0.435146
0.432272
0.429412
0.426567
0.423737
0.420920
0.418118
0.415332
0.412561
0.409806
0.407066
0.404341
0.401631
0.398935
0.396254
0.393586
0.390932
0.388292
0.385665
0.383051
0.380450
0.377861
0.375285
0.372721
0.370169
0.367628
0.365099
0.362582
0.360076
0.357580
0.355096
0.352622
0.350158
0.347705
0.345262
0.342828
0.340404
0.337990
0.335586
0.333190
0.330804
0.328426
0.326057
0.323697
0.321345
0.319002
0.316667
0.314339
0.312020
0.309709
0.307408
0.305116
0.302830
0.300552
0.298281
0.296017
0.293759
0.291508
0.289264
0.287027
0.284795
0.282570
0.280351
0.278139
0.275935
0.273739
0.271551
0.269371
0.267199
0.265034
0.262876
0.260726
0.258583
0.256447
0.254320
0.252205
0.250101
0.248008
0.245925
0.243853
0.241795
0.239748
0.237710
0.235682
0.233667
0.231662
0.229666
0.227679
0.225701
0.223733
0.221775
0.219829
0.217892
0.215966
0.214050
0.212145
0.210249
0.208364
0.206492
0.204632
0.202785
0.200952
0.199131
0.197324
0.195530
0.193748
0.191978
0.190220
0.188474
0.186740
0.185017
0.183306
0.181605
0.179916
0.178237
0.176569
0.174916
0.173280
0.171660
0.170061
0.168477
0.166910
0.165358
0.163821
0.162298
0.160791
0.159298
0.157819
0.156354
0.154903
0.153465
0.152040
0.150629
0.149230
0.147847
0.146477
0.145119
0.143773
0.142438
0.141115
0.139803
0.138502
0.137212
0.135933
0.134671
0.133420
0.132179
0.130952
0.129734
0.128525
0.127326
0.126136
0.124955
0.123783
0.122619
0.121464
0.120318
0.119179
0.118049
0.116927
0.115812
0.114705
0.113610
0.112521
0.111440
0.110367
0.109300
0.108243
0.107194
0.106151
0.105114
0.104088
0.103067
0.102053
0.101045
0.100042
0.099046
0.098055
0.097069
0.096089
0.095119
0.094153
0.093192
0.092241
0.091294
0.090352
0.089415
0.088482
0.087554
0.086630
0.085711
0.084796
0.083886
0.082979
0.082077
0.081179
0.080284
0.079394
0.078507
0.077625
0.076745
0.075870
0.074998
0.074130
0.073265
0.072407
0.071553
0.070705
0.069861
0.069020
0.068181
0.067346
0.066517
0.065691
0.064868
0.064048
0.063230
0.062415
0.061602
0.060793
0.059989
0.059190
0.058395
0.057604
0.056820
0.056042
0.055270
0.054505
0.053746
0.052993
0.052247
0.051506
0.050771
0.050043
0.049322
0.048610
0.047905
0.047208
0.046518
0.045837
0.045166
0.044505
0.043855
0.043216
0.042589
0.041972
0.041366
0.040770
0.040184
0.039609
0.039043
0.038487
0.037940
0.037403
0.036875
0.036356
0.035846
0.035345
0.034853
0.034368
0.033892
0.033425
0.032965
0.032513
0.032069
0.031633
0.031204
0.030782
0.030367
0.029964
0.029567
0.029177
0.028794
0.028418
0.028048
0.027684
0.027326
0.026975
0.026629
0.026294
0.025968
0.025647
0.025332
0.025022
0.024718
0.024419
0.024125
0.023836
0.023552
0.023273
0.022998
0.022729
0.022464
0.022203
0.021947
0.021699
0.021456
0.021216
0.020981
0.020749
0.020522
0.020299
0.020083
0.019871
0.019662
0.019461
0.019263
0.019069
0.018878
0.018690
0.018506
0.018324
0.018146
0.017971
0.017799
0.017630
0.017463
0.017300
0.017139
0.016981
0.016826
0.016681
0.016542
0.016406
0.016272
0.016140
0.016011
0.015884
0.015759
0.015636
0.015515
0.015396
0.015280
0.015165
0.015052
0.014941
0.014832
0.014725
0.014620
0.014517
0.014415
0.014315
0.014217
0.014121
0.014026
0.013933
0.013841
0.013751
0.013663
0.013576
0.013490
0.013406
0.013324
0.013242
0.013163
0.013084
0.013007
0.012931
0.012857
0.012784
0.012712
0.012641
0.012572
0.012504
0.012436
0.012370
0.012306
0.012242
0.012179
0.012118
0.012057
0.011998
0.011939
0.011882
0.011826
0.011770
0.011716
0.011662
0.011609
0.011557
0.011507
0.011457
0.011407
0.011359
0.011312
0.011265
0.011219
0.011174
0.011130
0.011086
0.011043
0.011001
0.010960
0.010919
0.010879
0.010840
0.010802
0.010764
0.010726
0.010690
0.010654
0.010618
0.010583
0.010549
0.010516
0.010483
0.010450
0.010418
0.010387
0.010356
0.010326
0.010296
0.010267
0.010238
0.010210
0.010182
0.010155
0.010128
0.010102
0.010076
0.010050
0.010025
0.010000
0.009976
0.009956
0.009937
0.009917
0.009898
0.009880
0.009861
0.009847
0.009833
0.009819
0.009806
0.009793
0.009780
0.009767
0.009754
0.009742
0.009733
0.009725
0.009717
0.009709
0.009701
0.009697
0.009693
0.009689
0.009689
0.009689
0.009689
0.009689
0.009689
0.009689
0.009689
0.009689
0.009689
0.009689
0.009689
0.009689
0.009689
0.009689
0.009689
0.009689
0.009689
0.009689
0.009689
0.009689
0.009689
0.009689
0.009689
0.009689
0.009689
0.009689
0.009689
0.009689
0.009689
0.009689
0.009689
0.009689
0.009689
0.009689
0.009689
0.009689
0.009689
0.009689
0.009689
0.009689
0.009689
0.009689
0.009689
0.009689
0.009689
0.009689
0.009689
0.009689
0.009689
0.009689
0.009689
0.009689
0.009689
0.009689
0.009689
0.009689
0.009689
0.009689
0.009689
0.009689
0.009689
0.009689
0.009689
0.009689
0.009689
0.009689
0.009689
0.009689
0.009689
0.009689
0.009689
0.009689
0.009689
0.009689
0.009689
0.009689
0.009689
0.009689
0.009689
0.009689
0.009689
0.009689
0.009689
0.009689
0.009689
0.009689
0.009689
0.009689
0.009689
0.009689
0.009689
0.009689
0.009689
0.009689
0.009689
0.009689
0.009689
0.009689
0.009689
0.009689
0.009689
0.009689
0.009689
0.009689
0.009689
0.009689
0.009689
0.009689
0.009689
0.009689
0.009689
0.009689
0.009689
0.009689
0.009689
0.009689
0.009689
0.009689
0.009689
0.009689
0.009689
0.009689
0.009689
0.009689
0.009689
0.009689
0.009689
0.009689
0.009689
0.009689
0.009689
0.009689
0.009689
0.009689
0.009689
0.009689
0.009689
0.009689
0.009689
0.009689
0.009689
0.009689
0.009689
0.009689
0.009689
0.009689
0.009689
0.009689
0.009689
0.009689
0.009689
0.009689
0.009689
0.009689
0.009689
0.009689
0.009689
0.009689
0.009689
0.009689
0.009689
0.009689
0.009689
0.009689
0.009689
0.009689
0.009689
0.009689
0.009689
0.009689
0.009689
0.009689
0.009689
0.009689
0.009689
0.009689
0.009689
0.009689
0.009689
0.009689
0.009689
0.009689
0.009689
0.009689
0.009689
0.009689
0.009689
0.009689
0.009689
0.009689
0.009689
0.009689
0.009689
0.009689
0.009689
0.009689
0.009689
0.009689
0.009689
0.009689
0.009689
0.009689
0.009689
0.009689
0.009689
0.009689
0.009689
0.009689
0.009689
0.009689
0.009689
0.009689
0.009689
0.009689
0.009689
0.009689
0.009689
0.009689
0.009689
0.009689
0.009689
0.009689
0.009689
0.009689
0.009689
0.009689
0.009689
0.009689
0.009689
0.009689
0.009689
0.009689
0.009689
0.009689
0.009689
0.009689
0.009689
0.009689
0.009689
0.009689
0.009689
0.009689
0.009689
0.009689
0.009689
0.009689
0.009689
0.009689
0.009689
0.009689
0.009689
0.009689
0.009689
0.009689
0.009689
0.009689
0.009689
0.009689
0.009689
0.009689
0.009689
0.009689
0.009689
0.009689
0.009689
0.009689
0.009689
0.009689
0.009689
0.009689
0.009689
0.009689
0.009689
0.009689
0.009689
0.009689
0.009689
0.009689
0.009689
0.009689
0.009689
0.009689
0.009689
0.009689
0.009689
0.009689
0.009689
0.009689
0.009689
0.009689
0.009689
0.009689
0.009689
0.009689
0.009689
0.009689
0.009689
0.009689
0.009689
0.009689
0.009689
0.009689
0.009689
0.009689
0.009689
0.009689
0.009689
0.009689
0.009689
0.009689
0.009689
0.009689
0.009689
0.009689
0.009689
0.009689
0.009689
0.009689
0.009689
0.009689
0.009689
0.009689
0.009689
0.009689
0.009689
0.009689
0.009689
0.009689
0.009689
0.009689
0.009689
0.009689
0.009689
0.009689
0.009689
0.009689
0.009689
0.009689
0.009689
0.009689
0.009689
0.009689
0.009689
0.009689
0.009689
0.009689
0.009689
0.009689
0.009689
0.009689
0.009689
0.009689
0.009689
0.009689
0.009689
0.009689
0.009689
0.009689
0.009689
0.009689
0.009689
0.009689
0.009689
0.009689
0.009689
0.009689
0.009689
0.009689
0.009689
0.009689
0.009689
0.009689
0.009689
0.009689
0.009689
0.009689
0.009689
0.009689
0.009689
0.009689
0.009689
0.009689
0.009689
0.009689
0.009689
0.009689
0.009689
0.009689
0.009689
0.009689
0.009689
0.009689
0.009689
0.009689
0.009689
0.009689
0.009689
0.009689
0.009689
0.009689
0.009689
0.009689
0.009689
0.009689
0.009689
0.009689
0.009689
0.009689
0.009689
0.009689
0.009689
0.009689
0.009689
0.009689
0.009689
0.009689
0.009689
0.009689
0.009689
0.009689
0.009689
0.009689
0.009689
0.009689
0.009689
0.009689
0.009689
0.009689
0.009689
0.009689
0.009689
0.009689
0.009689
0.009689
0.009689
0.009689
0.009689
0.009689
0.009689
0.009689
0.009689
0.009689
0.009689
0.009689
0.009689
0.009689
0.009689
0.009689
0.009689
0.009689
0.009689
0.009689
0.009689
0.009689
0.009689
0.009689
0.009689
0.009689
0.009689
0.009689
0.009689
0.009689
0.009689
0.009689
0.009689
0.009689
0.009689
0.009689
0.009689
0.009689
0.009689
0.009689
0.009689
0.009689
0.009689
0.009689
0.009689
0.009689
0.009689
0.009689
0.009689
0.009689
0.009689
0.009689
0.009689
0.009689
0.009689
0.009689
0.009689
0.009689
0.009689
0.009689
0.009689
0.009689
0.009689
0.009689
0.009689
0.009689
0.009689
0.009689
0.009689
0.009689
0.009689
0.009689
0.009689
0.009689
0.009689
0.009689
0.009689
0.009689
0.009689
0.009689
0.009689
0.009689
0.009689
0.009689
0.009689
0.009689
0.009689
0.009689
0.009689
0.009689
0.009689
0.009689
0.009689
0.009689
0.009689
0.009689
0.009689
0.009689
0.009689
0.009689
0.009689
0.009689
0.009689
0.009689
0.009689
0.009689
0.009689
0.009689
0.009689
0.009689
0.009689
0.009689
0.009689
0.009689
0.009689
0.009689
0.009689
0.009689
0.009689
0.009689
0.009689
0.009689
0.009689
0.009689
0.009689
0.009689
0.009689
0.009689
0.009689
0.009689
0.009689
0.009689
0.009689
0.009689
0.009689
0.009689
0.009689
0.009689
0.009689
0.009689
0.009689
0.009689
0.009689
0.009689
0.009689
0.009689
0.009689
0.009689
0.009689
0.009689
0.009689
0.009689
0.009689
0.009689
0.009689
0.009689
0.009689
0.009689
0.009689
0.009689
0.009689
0.009689
0.009689
0.009689
0.009689
0.009689
0.009689
0.009689
0.009689
0.009689
0.009689
0.009689
0.009689
0.009689
0.009689
0.009689
0.009689
0.009689
0.009689
0.009689
0.009689
0.009689
0.009689
0.009689
0.009689
0.009689
0.009689
0.009689
0.009689
0.009689
0.009689
0.009689
0.009689
0.009689
0.009689
0.009689
0.009689
0.009689
0.009689
0.009689
0.009689
0.009689
0.009689
0.009689
0.009689
0.009689
0.009689
0.009689
0.009689
0.009689
0.009689
0.009689
0.009689
0.009689
0.009689
0.009689
0.009689
0.009689
0.009689
0.009689
0.009689
0.009689
0.009689
0.009689
0.009689
0.009689
0.009689
0.009689
0.009689
0.009689
0.009689
0.009689
0.009689
0.009689
0.009689
0.009689
0.009689
0.009689
0.009689
0.009689
0.009689
0.009689
0.009689
0.009689
0.009689
0.009689
0.009689
0.009689
0.009689
0.009689
0.009689
0.009689
0.009689
0.009689
0.009689
0.009689
0.009689
0.009689
0.009689
0.009689
0.009689
0.009689
0.009689
0.009689
0.009689
0.009689
0.009689
0.009689
0.009689
0.009689
0.009689
0.009689
0.009689
0.009689
0.009689
0.009689
0.009689
0.009689
0.009689
0.009689
0.009689
0.009689
0.009689
0.009689
0.009689
0.009689
0.009689
0.009689
0.009689
0.009689
0.009689
0.009689
0.009689
0.009689
0.009689
0.009689
0.009689
0.009689
0.009689
0.009689
0.009689
0.009689
0.009689
0.009689
0.009689
0.009689
0.009689
0.009689
0.009689
0.009689
0.009689
0.009689
0.009689
0.009689
0.009689
0.009689
0.009689
0.009689
0.009689
0.009689
0.009689
0.009689
0.009689
0.009689
0.009689
0.009689
0.009689
0.009689
0.009689
0.009689
0.009689
0.009689
0.009689
0.009689
0.009689
0.009689
0.009689
0.009689
0.009689
0.009689
0.009689
0.009689
0.009689
0.009689
0.009689
0.009689
0.009689
0.009689
0.009689
0.009689
0.009689
0.009689
0.009689
0.009689
0.009689
0.009689
0.009689
0.009689
0.009689
0.009689
0.009689
0.009689
0.009689
0.009689
0.009689
0.009689
0.009689
0.009689
0.009689
0.009689
0.009689
0.009689
0.009689
0.009689
0.009689
0.009689
0.009689
0.009689
0.009689
0.009689
0.009689
0.009689
0.009689
0.009689
0.009689
0.009689
0.009689
0.009689
0.009689
0.009689
0.009689
0.009689
0.009689
0.009689
0.009689
0.009689
0.009689
0.009689
0.009689
0.009689
0.009689
0.009689
0.009689
0.009689
0.009689
0.009689
0.009689
0.009689
0.009689
0.009689
0.009689
0.009689
0.009689
0.009689
0.009689
0.009689
0.009689
0.009689
0.009689
0.009689
0.009689
0.009689
0.009689
0.009689
0.009689
0.009689
0.009689
0.009689
0.009689
0.009689
0.009689
0.009689
0.009689
0.009689
0.009689
0.009689
0.009689
0.009689
0.009689
0.009689
0.009689
0.009689
0.009689
0.009689
0.009689
0.009689
0.009689
0.009689
0.009689
0.009689
0.009689
0.009689
0.009689
0.009689
0.009689
0.009689
0.009689
0.009689
0.009689
0.009689
0.009689
0.009689
0.009689
0.009689
0.009689
0.009689
0.009689
0.009689
0.009689
0.009689
0.009689
0.009689
0.009689
0.009689
0.009689
0.009689
0.009689
0.009689
0.009689
0.009689
0.009689
0.009689
0.009689
0.009689
0.009689
0.009689
0.009689
0.009689
0.009689
0.009689
0.009689
0.009689
0.009689
0.009689
0.009689
0.009689
0.009689
0.009689
0.009689
0.009689
0.009689
0.009689
0.009689
0.009689
0.009689
0.009689
0.009689
0.009689
0.009689
0.009689
0.009689
0.009689
0.009689
0.009689
0.009689
0.009689
0.009689
0.009689
0.009689
0.009689
0.009689
0.009689
0.009689
0.009689
0.009689
0.009689
0.009689
0.009689
0.009689
0.009689
0.009689
0.009689
0.009689
0.009689
0.009689
0.009689
0.009689
0.009689
0.009689
0.009689
0.009689
0.009689
0.009689
0.009689
0.009689
0.009689
0.009689
0.009689
0.009689
0.009689
0.009689
0.009689
0.009689
0.009689
0.009689
0.009689
0.009689
0.009689
0.009689
0.009689
0.009689
0.009689
0.009689
0.009689
0.009689
0.009689
0.009689
0.009689
0.009689
0.009689
0.009689
0.009689
0.009689
0.009689
0.009689
0.009689
0.009689
0.009689
0.009689
0.009689
0.009689
0.009689
0.009689
0.009689
0.009689
0.009689
0.009689
0.009689
0.009689
0.009689
0.009689
0.009689
0.009689
0.009689
0.009689
0.009689
0.009689
0.009689
0.009689
0.009689
0.009689
0.009689
0.009689
0.009689
0.009689
0.009689
0.009689
0.009689
0.009689
0.009689
0.009689
0.009689
0.009689
0.009689
0.009689
0.009689
0.009689
0.009689
0.009689
0.009689
0.009689
0.009689
0.009689
0.009689
0.009689
0.009689
0.009689
0.009689
0.009689
0.009689
0.009689
0.009689
0.009689
0.009689
0.009689
0.009689
0.009689
0.009689
0.009689
0.009689
0.009689
0.009689
0.009689
0.009689
0.009689
0.009689
0.009689
0.009689
0.009689
0.009689
0.009689
0.009689
0.009689
0.009689
0.009689
0.009689
0.009689
0.009689
0.009689
0.009689
0.009689
0.009689
0.009689
0.009689
0.009689
0.009689
0.009689
0.009689
0.009689
0.009689
0.009689
0.009689
0.009689
0.009689
0.009689
0.009689
0.009689
0.009689
0.009689
0.009689
0.009689
0.009689
0.009689
0.009689
0.009689
0.009689
0.009689
0.009689
0.009689
0.009689
0.009689
0.009689
0.009689
0.009689
0.009689
0.009689
0.009689
0.009689
0.009689
0.009689
0.009689
0.009689
0.009689
0.009689
0.009689
0.009689
0.009689
0.009689
0.009689
0.009689
0.009689
0.009689
0.009689
0.009689
0.009689
0.009689
0.009689
0.009689
0.009689
0.009689
0.009689
0.009689
0.009689
0.009689
0.009689
0.009689
0.009689
0.009689
0.009689
0.009689
0.009689
0.009689
0.009689
0.009689
0.009689
0.009689
0.009689
0.009689
0.009689
0.009689
0.009689
0.009689
0.009689
0.009689
0.009689
0.009689
0.009689
0.009689
0.009689
0.009689
0.009689
0.009689
0.009689
0.009689
0.009689
0.009689
0.009689
0.009689
0.009689
0.009689
0.009689
0.009689
0.009689
0.009689
0.009689
0.009689
0.009689
0.009689
0.009689
0.009689
0.009689
0.009689
0.009689
0.009689
0.009689
0.009689
0.009689
0.009689
0.009689
0.009689
0.009689
0.009689
0.009689
0.009689
0.009689
0.009689
0.009689
0.009689
0.009689
0.009689
0.009689
0.009689
0.009689
0.009689
0.009689
0.009689
0.009689
0.009689
0.009689
0.009689
0.009689
0.009689
0.009689
0.009689
0.009689
0.009689
0.009689
0.009689
0.009689
0.009689
0.009689
0.009689
0.009689
0.009689
0.009689
0.009689
0.009689
0.009689
0.009689
0.009689
0.009689
0.009689
0.009689
0.009689
0.009689
0.009689
0.009689
0.009689
0.009689
0.009689
0.009689
0.009689
0.009689
0.009689
0.009689
0.009689
0.009689
0.009689
0.009689
0.009689
0.009689
0.009689
0.009689
0.009689
0.009689
0.009689
0.009689
0.009689
0.009689
0.009689
0.009689
0.009689
0.009689
0.009689
0.009689
0.009689
0.009689
0.009689
0.009689
0.009689
0.009689
0.009689
0.009689
0.009689
0.009689
0.009689
0.009689
0.009689
0.009689
0.009689
0.009689
0.009689
0.009689
0.009689
0.009689
0.009689
0.009689
0.009689
0.009689
0.009689
0.009689
0.009689
0.009689
0.009689
0.009689
0.009689
0.009689
0.009689
0.009689
0.009689
0.009689
0.009689
0.009689
0.009689
0.009689
0.009689
0.009689
0.009689
0.009689
0.009689
0.009689
0.009689
0.009689
0.009689
0.009689
0.009689
0.009689
0.009689
0.009689
0.009689
0.009689
0.009689
0.009689
0.009689
0.009689
0.009689
0.009689
0.009689
0.009689
0.009689
0.009689
0.009689
0.009689
0.009689
0.009689
0.009689
0.009689
0.009689
0.009689
0.009689
0.009689
0.009689
0.009689
0.009689
0.009689
0.009689
0.009689
0.009689
0.009689
0.009689
0.009689
0.009689
0.009689
0.009689
0.009689
0.009689
0.009689
0.009689
0.009689
0.009689
0.009689
0.009689
0.009689
0.009689
0.009689
0.009689
0.009689
0.009689
0.009689
0.009689
0.009689
0.009689
0.009689
0.009689
0.009689
0.009689
0.009689
0.009689
0.009689
0.009689
0.009689
0.009689
0.009689
0.009689
0.009689
0.009689
0.009689
0.009689
0.009689
0.009689
0.009689
0.009689
0.009689
0.009689
0.009689
0.009689
0.009689
0.009689
0.009689
0.009689
0.009689
0.009689
0.009689
0.009689
0.009689
0.009689
0.009689
0.009689
0.009689
0.009689
0.009689
0.009689
0.009689
0.009689
0.009689
0.009689
0.009689
0.009689
0.009689
0.009689
0.009689
0.009689
0.009689
0.009689
0.009689
0.009689
0.009689
0.009689
0.009689
0.009689
0.009689
0.009689
0.009689
0.009689
0.009689
0.009689
0.009689
0.009689
0.009689
0.009689
0.009689
0.009689
0.009689
0.009689
0.009689
0.009689
0.009689
0.009689
0.009689
0.009689
0.009689
0.009689
0.009689
0.009689
0.009689
0.009689
0.009689
0.009689
0.009689
0.009689
0.009689
0.009689
0.009689
0.009689
0.009689
0.009689
0.009689
0.009689
0.009689
0.009689
0.009689
0.009689
0.009689
0.009689
0.009689
0.009689
0.009689
0.009689
0.009689
0.009689
0.009689
0.009689
0.009689
0.009689
0.009689
0.009689
0.009689
0.009689
0.009689
0.009689
0.009689
0.009689
0.009689
0.009689
0.009689
0.009689
0.009689
0.009689
0.009689
0.009689
0.009689
0.009689
0.009689
0.009689
0.009689
0.009689
0.009689
0.009689
0.009689
0.009689
0.009689
0.009689
0.009689
0.009689
0.009689
0.009689
0.009689
0.009689
0.009689
0.009689
0.009689
0.009689
0.009689
0.009689
0.009689
0.009689
0.009689
0.009689
0.009689
0.009689
0.009689
0.009689
0.009689
0.009689
0.009689
0.009689
0.009689
0.009689
0.009689
0.009689
0.009689
0.009689
0.009689
0.009689
0.009689
0.009689
0.009689
0.009689
0.009689
0.009689
0.009689
0.009689
0.009689
0.009689
0.009689
0.009689
0.009689
0.009689
0.009689
0.009689
0.009689
0.009689
0.009689
0.009689
0.009689
0.009689
0.009689
0.009689
0.009689
0.009689
0.009689
0.009689
0.009689
0.009689
0.009689
0.009689
0.009689
0.009689
0.009689
0.009689
0.009689
0.009689
0.009689
0.009689
0.009689
0.009689
0.009689
0.009689
0.009689
0.009689
0.009689
0.009689
0.009689
0.009689
0.009689
0.009689
0.009689
0.009689
0.009689
0.009689
0.009689
0.009689
0.009689
0.009689
0.009689
0.009689
0.009689
0.009689
0.009689
0.009689
0.009689
0.009689
0.009689
0.009689
0.009689
0.009689
0.009689
0.009689
0.009689
0.009689
0.009689
0.009689
0.009689
0.009689
0.009689
0.009689
0.009689
0.009689
0.009689
0.009689
0.009689
0.009689
0.009689
0.009689
0.009689
0.009689
0.009689
0.009689
0.009689
0.009689
0.009689
0.009689
0.009689
0.009689
0.009689
0.009689
0.009689
0.009689
0.009689
0.009689
0.009689
0.009689
0.009689
0.009689
0.009689
0.009689
0.009689
0.009689
0.009689
0.009689
0.009689
0.009689
0.009689
0.009689
0.009689
0.009689
0.009689
0.009689
0.009689
0.009689
0.009689
0.009689
0.009689
0.009689
0.009689
0.009689
0.009689
0.009689
0.009689
0.009689
0.009689
0.009689
0.009689
0.009689
0.009689
0.009689
0.009689
0.009689
0.009689
0.009689
0.009689
0.009689
0.009689
0.009689
0.009689
0.009689
0.009689
0.009689
0.009689
0.009689
0.009689
0.009689
0.009689
0.009689
0.009689
0.009689
0.009689
0.009689
0.009689
0.009689
0.009689
0.009689
0.009689
0.009689
0.009689
0.009689
0.009689
0.009689
0.009689
0.009689
0.009689
0.009689
0.009689
0.009689
0.009689
0.009689
0.009689
0.009689
0.009689
0.009689
0.009689
0.009689
0.009689
0.009689
0.009689
0.009689
0.009689
0.009689
0.009689
0.009689
0.009689
0.009689
0.009689
0.009689
0.009689
0.009689
0.009689
0.009689
0.009689
0.009689
0.009689
0.009689
0.009689
0.009689
0.009689
0.009689
0.009689
0.009689
0.009689
0.009689
0.009689
0.009689
0.009689
0.009689
0.009689
0.009689
0.009689
0.009689
0.009689
0.009689
0.009689
0.009689
0.009689
0.009689
0.009689
0.009689
0.009689
0.009689
0.009689
0.009689
0.009689
0.009689
0.009689
0.009689
0.009689
0.009689
0.009689
0.009689
0.009689
0.009689
0.009689
0.009689
0.009689
0.009689
0.009689
0.009689
0.009689
0.009689
0.009689
0.009689
0.009689
0.009689
0.009689
0.009689
0.009689
0.009689
0.009689
0.009689
0.009689
0.009689
0.009689
0.009689
0.009689
0.009689
0.009689
0.009689
0.009689
0.009689
0.009689
0.009689
0.009689
0.009689
0.009689
0.009689
0.009689
0.009689
0.009689
0.009689
0.009689
0.009689
0.009689
0.009689
0.009689
0.009689
0.009689
0.009689
0.009689
0.009689
0.009689
0.009689
0.009689
0.009689
0.009689
0.009689
0.009689
0.009689
0.009689
0.009689
0.009689
0.009689
0.009689
0.009689
0.009689
0.009689
0.009689
0.009689
0.009689
0.009689
0.009689
0.009689
0.009689
0.009689
0.009689
0.009689
0.009689
0.009689
0.009689
0.009689
0.009689
0.009689
0.009689
0.009689
0.009689
0.009689
0.009689
0.009689
0.009689
0.009689
0.009689
0.009689
0.009689
0.009689
0.009689
0.009689
0.009689
0.009689
0.009689
0.009689
0.009689
0.009689
0.009689
0.009689
0.009689
0.009689
0.009689
0.009689
0.009689
0.009689
0.009689
0.009689
0.009689
0.009689
0.009689
0.009689
0.009689
0.009689
0.009689
0.009689
0.009689
0.009689
0.009689
0.009689
0.009689
0.009689
0.009689
0.009689
0.009689
0.009689
0.009689
0.009689
0.009689
0.009689
0.009689
0.009689
0.009689
0.009689
0.009689
0.009689
0.009689
0.009689
0.009689
0.009689
0.009689
0.009689
0.009689
0.009689
0.009689
0.009689
0.009689
0.009689
0.009689
0.009689
0.009689
0.009689
0.009689
0.009689
0.009689
0.009689
0.009689
0.009689
0.009689
0.009689
0.009689
0.009689
0.009689
0.009689
0.009689
0.009689
0.009689
0.009689
0.009689
0.009689
0.009689
0.009689
0.009689
0.009689
0.009689
0.009689
0.009689
0.009689
0.009689
0.009689
0.009689
0.009689
0.009689
0.009689
0.009689
0.009689
0.009689
0.009689
0.009689
0.009689
0.009689
0.009689
0.009689
0.009689
0.009689
0.009689
0.009689
0.009689
0.009689
0.009689
0.009689
0.009689
0.009689
0.009689
0.009689
0.009689
0.009689
0.009689
0.009689
0.009689
0.009689
0.009689
0.009689
0.009689
0.009689
0.009689
0.009689
0.009689
0.009689
0.009689
0.009689
0.009689
0.009689
0.009689
0.009689
0.009689
0.009689
0.009689
0.009689
0.009689
0.009689
0.009689
0.009689
0.009689
0.009689
0.009689
0.009689
0.009689
0.009689
0.009689
0.009689
0.009689
0.009689
0.009689
0.009689
0.009689
0.009689
0.009689
0.009689
0.009689
0.009689
0.009689
0.009689
0.009689
0.009689
0.009689
0.009689
0.009689
0.009689
0.009689
0.009689
0.009689
0.009689
0.009689
0.009689
0.009689
0.009689
0.009689
0.009689
0.009689
0.009689
0.009689
0.009689
0.009689
0.009689
0.009689
0.009689
0.009689
0.009689
0.009689
0.009689
0.009689
0.009689
0.009689
0.009689
0.009689
0.009689
0.009689
0.009689
0.009689
0.009689
0.009689
0.009689
0.009689
0.009689
0.009689
0.009689
0.009689
0.009689
0.009689
0.009689
0.009689
0.009689
0.009689
0.009689
0.009689
0.009689
0.009689
0.009689
0.009689
0.009689
0.009689
0.009689
0.009689
0.009689
0.009689
0.009689
0.009689
0.009689
0.009689
0.009689
0.009689
0.009689
0.009689
0.009689
0.009689
0.009689
0.009689
0.009689
0.009689
0.009689
0.009689
0.009689
0.009689
0.009689
0.009689
0.009689
0.009689
0.009689
0.009689
0.009689
0.009689
0.009689
0.009689
0.009689
0.009689
0.009689
0.009689
0.009689
0.009689
0.009689
0.009689
0.009689
0.009689
0.009689
0.009689
0.009689
0.009689
0.009689
0.009689
0.009689
0.009689
0.009689
0.009689
0.009689
0.009689
0.009689
0.009689
0.009689
0.009689
0.009689
0.009689
0.009689
0.009689
0.009689
0.009689
0.009689
0.009689
0.009689
0.009689
0.009689
0.009689
0.009689
0.009689
0.009689
0.009689
0.009689
0.009689
0.009689
0.009689
0.009689
0.009689
0.009689
0.009689
0.009689
0.009689
0.009689
0.009689
0.009689
0.009689
0.009689
0.009689
0.009689
0.009689
0.009689
0.009689
0.009689
0.009689
0.009689
0.009689
0.009689
0.009689
0.009689
0.009689
0.009689
0.009689
0.009689
0.009689
0.009689
0.009689
0.009689
0.009689
0.009689
0.009689
0.009689
0.009689
0.009689
0.009689
0.009689
0.009689
0.009689
0.009689
0.009689
0.009689
0.009689
0.009689
0.009689
0.009689
0.009689
0.009689
0.009689
0.009689
0.009689
0.009689
0.009689
0.009689
0.009689
0.009689
0.009689
0.009689
0.009689
0.009689
0.009689
0.009689
0.009689
0.009689
0.009689
0.009689
0.009689
0.009689
0.009689
0.009689
0.009689
0.009689
0.009689
0.009689
0.009689
0.009689
0.009689
0.009689
0.009689
0.009689
0.009689
0.009689
0.009689
0.009689
0.009689
0.009689
0.009689
0.009689
0.009689
0.009689
0.009689
0.009689
0.009689
0.009689
0.009689
0.009689
0.009689
0.009689
0.009689
0.009689
0.009689
0.009689
0.009689
0.009689
0.009689
0.009689
0.009689
0.009689
0.009689
0.009689
0.009689
0.009689
0.009689
0.009689
0.009689
0.009689
0.009689
0.009689
0.009689
0.009689
0.009689
0.009689
0.009689
0.009689
0.009689
0.009689
0.009689
0.009689
0.009689
0.009689
0.009689
0.009689
0.009689
0.009689
0.009689
0.009689
0.009689
0.009689
0.009689
0.009689
0.009689
0.009689
0.009689
0.009689
0.009689
0.009689
0.009689
0.009689
0.009689
0.009689
0.009689
0.009689
0.009689
0.009689
0.009689
0.009689
0.009689
0.009689
0.009689
0.009689
0.009689
0.009689
0.009689
0.009689
0.009689
0.009689
0.009689
0.009689
0.009689
0.009689
0.009689
0.009689
0.009689
0.009689
0.009689
0.009689
0.009689
0.009689
0.009689
0.009689
0.009689
0.009689
0.009689
0.009689
0.009689
0.009689
0.009689
0.009689
0.009689
0.009689
0.009689
0.009689
0.009689
0.009689
0.009689
0.009689
0.009689
0.009689
0.009689
0.009689
0.009689
0.009689
0.009689
0.009689
0.009689
0.009689
0.009689
0.009689
0.009689
0.009689
0.009689
0.009689
0.009689
0.009689
0.009689
0.009689
0.009689
0.009689
0.009689
0.009689
0.009689
0.009689
0.009689
0.009689
0.009689
0.009689
0.009689
0.009689
0.009689
0.009689
0.009689
0.009689
0.009689
0.009689
0.009689
0.009689
0.009689
0.009689
0.009689
0.009689
0.009689
0.009689
0.009689
0.009689
0.009689
0.009689
0.009689
0.009689
0.009689
0.009689
0.009689
0.009689
0.009689
0.009689
0.009689
0.009689
0.009689
0.009689
0.009689
0.009689
0.009689
0.009689
0.009689
0.009689
0.009689
0.009689
0.009689
0.009689
0.009689
0.009689
0.009689
0.009689
0.009689
0.009689
0.009689
0.009689
0.009689
0.009689
0.009689
0.009689
0.009689
0.009689
0.009689
0.009689
0.009689
0.009689
0.009689
0.009689
0.009689
0.009689
0.009689
0.009689
0.009689
0.009689
0.009689
0.009689
0.009689
0.009689
0.009689
0.009689
0.009689
0.009689
0.009689
0.009689
0.009689
0.009689
0.009689
0.009689
0.009689
0.009689
0.009689
0.009689
0.009689
0.009689
0.009689
0.009689
0.009689
0.009689
0.009689
0.009689
0.009689
0.009689
0.009689
0.009689
0.009689
0.009689
0.009689
0.009689
0.009689
0.009689
0.009689
0.009689
0.009689
0.009689
0.009689
0.009689
0.009689
0.009689
0.009689
0.009689
0.009689
0.009689
0.009689
0.009689
0.009689
0.009689
0.009689
0.009689
0.009689
0.009689
0.009689
0.009689
0.009689
0.009689
0.009689
0.009689
0.009689
0.009689
0.009689
0.009689
0.009689
0.009689
0.009689
0.009689
0.009689
0.009689
0.009689
0.009689
0.009689
0.009689
0.009689
0.009689
0.009689
0.009689
0.009689
0.009689
0.009689
0.009689
0.009689
0.009689
0.009689
0.009689
0.009689
0.009689
0.009689
0.009689
0.009689
0.009689
0.009689
0.009689
0.009689
0.009689
0.009689
0.009689
0.009689
0.009689
0.009689
0.009689
0.009689
0.009689
0.009689
0.009689
0.009689
0.009689
0.009689
0.009689
0.009689
0.009689
0.009689
0.009689
0.009689
0.009689
0.009689
0.009689
0.009689
0.009689
0.009689
0.009689
0.009689
0.009689
0.009689
0.009689
0.009689
0.009689
0.009689
0.009689
0.009689
0.009689
0.009689
0.009689
0.009689
0.009689
0.009689
0.009689
0.009689
0.009689
0.009689
0.009689
0.009689
0.009689
0.009689
0.009689
0.009689
0.009689
0.009689
0.009689
0.009689
0.009689
0.009689
0.009689
0.009689
0.009689
0.009689
0.009689
0.009689
0.009689
0.009689
0.009689
0.009689
0.009689
0.009689
0.009689
0.009689
0.009689
0.009689
0.009689
0.009689
0.009689
0.009689
0.009689
0.009689
0.009689
0.009689
0.009689
0.009689
0.009689
0.009689
0.009689
0.009689
0.009689
0.009689
0.009689
0.009689
0.009689
0.009689
0.009689
0.009689
0.009689
0.009689
0.009689
0.009689
0.009689
0.009689
0.009689
0.009689
0.009689
0.009689
0.009689
0.009689
0.009689
0.009689
0.009689
0.009689
0.009689
0.009689
0.009689
0.009689
0.009689
0.009689
0.009689
0.009689
0.009689
0.009689
0.009689
0.009689
0.009689
0.009689
0.009689
0.009689
0.009689
0.009689
0.009689
0.009689
0.009689
0.009689
0.009689
0.009689
0.009689
0.009689
0.009689
0.009689
0.009689
0.009689
0.009689
0.009689
0.009689
0.009689
0.009689
0.009689
0.009689
0.009689
0.009689
0.009689
0.009689
0.009689
0.009689
0.009689
0.009689
0.009689
0.009689
0.009689
0.009689
0.009689
0.009689
0.009689
0.009689
0.009689
0.009689
0.009689
0.009689
0.009689
0.009689
0.009689
0.009689
0.009689
0.009689
0.009689
0.009689
0.009689
0.009689
0.009689
0.009689
0.009689
0.009689
0.009689
0.009689
0.009689
0.009689
0.009689
0.009689
0.009689
0.009689
0.009689
0.009689
0.009689
0.009689
0.009689
0.009689
0.009689
0.009689
0.009689
0.009689
0.009689
0.009689
0.009689
0.009689
0.009689
0.009689
0.009689
0.009689
0.009689
0.009689
0.009689
0.009689
0.009689
0.009689
0.009689
0.009689
0.009689
0.009689
0.009689
0.009689
0.009689
0.009689
0.009689
0.009689
0.009689
0.009689
0.009689
0.009689
0.009689
0.009689
0.009689
0.009689
0.009689
0.009689
0.009689
0.009689
0.009689
0.009689
0.009689
0.009689
0.009689
0.009689
0.009689
0.009689
0.009689
0.009689
0.009689
0.009689
0.009689
0.009689
0.009689
0.009689
0.009689
0.009689
0.009689
0.009689
0.009689
0.009689
0.009689
0.009689
0.009689
0.009689
0.009689
0.009689
0.009689
0.009689
0.009689
0.009689
0.009689
0.009689
0.009689
0.009689
0.009689
0.009689
0.009689
0.009689
0.009689
0.009689
0.009689
0.009689
0.009689
0.009689
0.009689
0.009689
0.009689
0.009689
0.009689
0.009689
0.009689
0.009689
0.009689
0.009689
0.009689
0.009689
0.009689
0.009689
0.009689
0.009689
0.009689
0.009689
0.009689
0.009689
0.009689
0.009689
0.009689
0.009689
0.009689
0.009689
0.009689
0.009689
0.009689
0.009689
0.009689
0.009689
0.009689
0.009689
0.009689
0.009689
0.009689
0.009689
0.009689
0.009689
0.009689
0.009689
0.009689
0.009689
0.009689
0.009689
0.009689
0.009689
0.009689
0.009689
0.009689
0.009689
0.009689
0.009689
0.009689
0.009689
0.009689
0.009689
0.009689
0.009689
0.009689
0.009689
0.009689
0.009689
0.009689
0.009689
0.009689
0.009689
0.009689
0.009689
0.009689
0.009689
0.009689
0.009689
0.009689
0.009689
0.009689
0.009689
0.009689
0.009689
0.009689
0.009689
0.009689
0.009689
0.009689
0.009689
0.009689
0.009689
0.009689
0.009689
0.009689
0.009689
0.009689
0.009689
0.009689
0.009689
0.009689
0.009689
0.009689
0.009689
0.009689
0.009689
0.009689
0.009689
0.009689
0.009689
0.009689
0.009689
0.009689
0.009689
0.009689
0.009689
0.009689
0.009689
0.009689
0.009689
0.009689
0.009689
0.009689
0.009689
0.009689
0.009689
0.009689
0.009689
0.009689
0.009689
0.009689
0.009689
0.009689
0.009689
0.009689
0.009689
0.009689
0.009689
0.009689
0.009689
0.009689
0.009689
0.009689
0.009689
0.009689
0.009689
0.009689
0.009689
0.009689
0.009689
0.009689
0.009689
0.009689
0.009689
0.009689
0.009689
0.009689
0.009689
0.009689
0.009689
0.009689
0.009689
0.009689
0.009689
0.009689
0.009689
0.009689
0.009689
0.009689
0.009689
0.009689
0.009689
0.009689
0.009689
0.009689
0.009689
0.009689
0.009689
0.009689
0.009689
0.009689
0.009689
0.009689
0.009689
0.009689
0.009689
0.009689
0.009689
0.009689
0.009689
0.009689
0.009689
0.009689
0.009689
0.009689
0.009689
0.009689
0.009689
0.009689
0.009689
0.009689
0.009689
0.009689
0.009689
0.009689
0.009689
0.009689
0.009689
0.009689
0.009689
0.009689
0.009689
0.009689
0.009689
0.009689
0.009689
0.009689
0.009689
0.009689
0.009689
0.009689
0.009689
0.009689
0.009689
0.009689
0.009689
0.009689
0.009689
0.009689
0.009689
0.009689
0.009689
0.009689
0.009689
0.009689
0.009689
0.009689
0.009689
0.009689
0.009689
0.009689
0.009689
0.009689
0.009689
0.009689
0.009689
0.009689
0.009689
0.009689
0.009689
0.009689
0.009689
0.009689
0.009689
0.009689
0.009689
0.009689
0.009689
0.009689
0.009689
0.009689
0.009689
0.009689
0.009689
0.009689
0.009689
0.009689
0.009689
0.009689
0.009689
0.009689
0.009689
0.009689
0.009689
0.009689
0.009689
0.009689
0.009689
0.009689
0.009689
0.009689
0.009689
0.009689
0.009689
0.009689
0.009689
0.009689
0.009689
0.009689
0.009689
0.009689
0.009689
0.009689
0.009689
0.009689
0.009689
0.009689
0.009689
0.009689
0.009689
0.009689
0.009689
0.009689
0.009689
0.009689
0.009689
0.009689
0.009689
0.009689
0.009689
0.009689
0.009689
0.009689
0.009689
0.009689
0.009689
0.009689
0.009689
0.009689
0.009689
0.009689
0.009689
0.009689
0.009689
0.009689
0.009689
0.009689
0.009689
0.009689
0.009689
0.009689
0.009689
0.009689
0.009689
0.009689
0.009689
0.009689
0.009689
0.009689
0.009689
0.009689
0.009689
0.009689
0.009689
0.009689
0.009689
0.009689
0.009689
0.009689
0.009689
0.009689
0.009689
0.009689
0.009689
0.009689
0.009689
0.009689
0.009689
0.009689
0.009689
0.009689
0.009689
0.009689
0.009689
0.009689
0.009689
0.009689
0.009689
0.009689
0.009689
0.009689
0.009689
0.009689
0.009689
0.009689
0.009689
0.009689
0.009689
0.009689
0.009689
0.009689
0.009689
0.009689
0.009689
0.009689
0.009689
0.009689
0.009689
0.009689
0.009689
0.009689
0.009689
0.009689
0.009689
0.009689
0.009689
0.009689
0.009689
0.009689
0.009689
0.009689
0.009689
0.009689
0.009689
0.009689
0.009689
0.009689
0.009689
0.009689
0.009689
0.009689
0.009689
0.009689
0.009689
0.009689
0.009689
0.009689
0.009689
0.009689
0.009689
0.009689
0.009689
0.009689
0.009689
0.009689
0.009689
0.009689
0.009689
0.009689
0.009689
0.009689
0.009689
5.417979
5.412112
5.406246
5.400379
5.394512
5.388646
5.382779
5.376912
5.371046
5.365179
5.359312
5.353446
5.347579
5.341712
5.335846
5.329979
5.324112
5.318246
5.312379
5.306512
5.300646
5.294779
5.288912
5.283046
5.277179
5.271312
5.265446
5.259579
5.253712
5.247846
5.241979
5.236112
5.230246
5.224379
5.218512
5.212646
5.206779
5.200912
5.195046
5.189179
5.183312
5.177446
5.171579
5.165712
5.159846
5.153979
5.148112
5.142246
5.136379
5.130512
5.124646
5.118779
5.112912
5.107046
5.101179
5.095312
5.089446
5.083579
5.077712
5.071846
5.065979
5.060112
5.054246
5.048379
5.042512
5.036646
5.030779
5.024912
5.019046
5.013179
5.007312
5.001446
4.995579
4.989712
4.983846
4.977979
4.972112
4.966246
4.960379
4.954512
4.948646
4.942779
4.936912
4.931046
4.925179
4.919312
4.913446
4.907579
4.901712
4.895846
4.889979
4.884112
4.878246
4.872379
4.866512
4.860646
4.854779
4.848912
4.843046
4.837179
4.831312
4.825446
4.819579
4.813712
4.807846
4.801979
4.796112
4.790246
4.784379
4.778512
4.772646
4.766781
4.760919
4.755059
4.749202
4.743346
4.737493
4.731641
4.725792
4.719944
4.714099
4.708257
4.702418
4.696584
4.690754
4.684928
4.679106
4.673287
4.667472
4.661661
4.655854
4.650050
4.644249
4.638452
4.632659
4.626869
4.621082
4.615298
4.609517
4.603740
4.597965
4.592194
4.586425
4.580659
4.574896
4.569136
4.563379
4.557624
4.551872
4.546123
4.540376
4.534632
4.528890
4.523151
4.517414
4.511679
4.505947
4.500217
4.494489
4.488763
4.483040
4.477318
4.471599
4.465882
4.460167
4.454453
4.448742
4.443033
4.437325
4.431619
4.425915
4.420213
4.414513
4.408814
4.403117
4.397422
4.391729
4.386036
4.380346
4.374657
4.368970
4.363284
4.357599
4.351916
4.346235
4.340555
4.334876
4.329199
4.323522
4.317848
4.312174
4.306502
4.300831
4.295161
4.289492
4.283825
4.278159
4.272494
4.266830
4.261167
4.255505
4.249844
4.244184
4.238526
4.232868
4.227211
4.221555
4.215901
4.210247
4.204594
4.198942
4.193291
4.187641
4.181991
4.176343
4.170695
4.165048
4.159402
4.153757
4.148112
4.142468
4.136825
4.131183
4.125542
4.119901
4.114261
4.108621
4.102982
4.097344
4.091707
4.086070
4.080434
4.074798
4.069163
4.063529
4.057895
4.052262
4.046629
4.040997
4.035366
4.029735
4.024104
4.018474
4.012845
4.007216
4.001588
3.995960
3.990332
3.984705
3.979079
3.973453
3.967827
3.962202
3.956577
3.950953
3.945329
3.939706
3.934083
3.928460
3.922838
3.917216
3.911594
3.905973
3.900352
3.894732
3.889112
3.883492
3.877873
3.872253
3.866635
3.861016
3.855398
3.849780
3.844163
3.838546
3.832929
3.827312
3.821696
3.816080
3.810464
3.804848
3.799233
3.793618
3.788004
3.782389
3.776775
3.771161
3.765547
3.759934
3.754320
3.748707
3.743094
3.737482
3.731870
3.726257
3.720645
3.715034
3.709422
3.703811
3.698200
3.692589
3.686978
3.681367
3.675757
3.670147
3.664536
3.658927
3.653317
3.647707
3.642098
3.636489
3.630880
3.625271
3.619662
3.614053
3.608445
3.602840
3.597236
3.591631
3.586027
3.580423
3.574819
3.569215
3.563611
3.558007
3.552403
3.546799
3.541199
3.535599
3.529999
3.524399
3.518799
3.513199
3.507599
3.501999
3.496399
3.490799
3.485199
3.479599
3.473999
3.468399
3.462799
3.457199
3.451599
3.445999
3.440399
3.434799
3.429199
3.423599
3.417999
3.412399
3.406799
3.401199
3.395599
3.389999
3.384399
3.378799
3.373199
3.367599
3.361999
3.356399
3.350799
3.345199
3.339599
3.333999
3.328399
3.322799
3.317199
3.311599
3.305999
3.300399
3.294799
3.289199
3.283599
3.277999
3.272399
3.266799
3.261199
3.255599
3.249999
3.244399
3.238799
3.233199
3.227599
3.221999
3.216399
3.210799
3.205199
3.199599
3.193999
3.188399
3.182799
3.177199
3.171599
3.165999
3.160399
3.154799
3.149199
3.143599
3.137999
3.132399
3.126799
3.121199
3.115599
3.109999
3.104399
3.098799
3.093199
3.087599
3.081999
3.076399
3.070799
3.065199
3.059599
3.053999
3.048399
3.042799
3.037199
3.031599
3.025999
3.020399
3.014799
3.009199
3.003599
2.998001
2.992405
2.986812
2.981220
2.975631
2.970044
2.964459
2.958876
2.953295
2.947716
2.942139
2.936564
2.930990
2.925419
2.919849
2.914281
2.908715
2.903150
2.897588
2.892030
2.886475
2.880924
2.875377
2.869834
2.864294
2.858758
2.853226
2.847696
2.842170
2.836648
2.831128
2.825612
2.820099
2.814589
2.809082
2.803578
2.798077
2.792579
2.787084
2.781591
2.776101
2.770614
2.765130
2.759648
2.754169
2.748692
2.743217
2.737745
2.732276
2.726808
2.721343
2.715881
2.710420
2.704962
2.699506
2.694052
2.688600
2.683150
2.677702
2.672256
2.666812
2.661369
2.655929
2.650491
2.645054
2.639619
2.634186
2.628755
2.623325
2.617897
2.612470
2.607045
2.601622
2.596200
2.590780
2.585361
2.579944
2.574528
2.569113
2.563700
2.558289
2.552878
2.547469
2.542062
2.536655
2.531250
2.525846
2.520443
2.515042
2.509641
2.504242
2.498844
2.493447
2.488051
2.482656
2.477262
2.471870
2.466478
2.461087
2.455697
2.450309
2.444921
2.439534
2.434148
2.428763
2.423379
2.417995
2.412613
2.407231
2.401850
2.396470
2.391091
2.385713
2.380335
2.374958
2.369582
2.364207
2.358832
2.353458
2.348085
2.342712
2.337340
2.331969
2.326599
2.321229
2.315859
2.310491
2.305123
2.299755
2.294388
2.289022
2.283656
2.278291
2.272926
2.267562
2.262198
2.256835
2.251473
2.246111
2.240749
2.235388
2.230027
2.224667
2.219307
2.213948
2.208589
2.203231
2.197873
2.192516
2.187159
2.181802
2.176446
2.171093
2.165743
2.160396
2.155053
2.149714
2.144381
2.139051
2.133727
2.128407
2.123091
2.117779
2.112472
2.107169
2.101870
2.096574
2.091283
2.085996
2.080712
2.075432
2.070156
2.064883
2.059614
2.054349
2.049086
2.043827
2.038572
2.033319
2.028070
2.022824
2.017581
2.012341
2.007104
2.001870
1.996639
1.991411
1.986185
1.980962
1.975742
1.970524
1.965309
1.960097
1.954887
1.949680
1.944474
1.939274
1.934077
1.928886
1.923698
1.918515
1.913337
1.908162
1.902992
1.897826
1.892667
1.887514
1.882368
1.877227
1.872092
1.866963
1.861839
1.856721
1.851609
1.846502
1.841400
1.836303
1.831211
1.826125
1.821043
1.815966
1.810894
1.805826
1.800764
1.795709
1.790659
1.785613
1.780571
1.775533
1.770500
1.765470
1.760445
1.755423
1.750405
1.745391
1.740380
1.735373
1.730370
1.725370
1.720374
1.715381
1.710391
1.705404
1.700421
1.695441
1.690464
1.685490
1.680519
1.675550
1.670585
1.665623
1.660663
1.655706
1.650752
1.645800
1.640852
1.635905
1.630961
1.626020
1.621081
1.616144
1.611210
1.606278
1.601348
1.596425
1.591509
1.586599
1.581696
1.576799
1.571908
1.567024
1.562145
1.557272
1.552406
1.547544
1.542689
1.537839
1.532994
1.528155
1.523321
1.518492
1.513669
1.508850
1.504036
1.499227
1.494423
1.489623
1.484828
1.480037
1.475251
1.470469
1.465693
1.460925
1.456166
1.451416
1.446673
1.441939
1.437213
1.432495
1.427784
1.423083
1.418391
1.413709
1.409036
1.404373
1.399719
1.395075
1.390443
1.385821
1.381210
1.376610
1.372019
1.367439
1.362869
1.358309
1.353758
1.349217
1.344685
1.340162
1.335648
1.331143
1.326646
1.322158
1.317679
1.313207
1.308744
1.304289
1.299843
1.295407
1.290981
1.286564
1.282158
1.277763
1.273379
1.269006
1.264645
1.260298
1.255964
1.251645
1.247340
1.243050
1.238774
1.234514
1.230270
1.226041
1.221828
1.217630
1.213450
1.209289
1.205147
1.201023
1.196917
1.192829
1.188759
1.184706
1.180669
1.176650
1.172650
1.168667
1.164699
1.160750
1.156817
1.152898
1.148994
1.145104
1.141229
1.137367
1.133519
1.129684
1.125863
1.122054
1.118258
1.114475
1.110704
1.106947
1.103205
1.099476
1.095761
1.092059
1.088371
1.084695
1.081033
1.077386
1.073753
1.070134
1.066530
1.062939
1.059362
1.055798
1.052247
1.048709
1.045184
1.041671
1.038171
1.034682
1.031205
1.027740
1.024286
1.020844
1.017412
1.013991
1.010585
1.007189
1.003803
1.000428
0.997062
0.993706
0.990362
0.987030
0.983709
0.980400
0.977105
0.973821
0.970548
0.967284
0.964032
0.960789
0.957556
0.954333
0.951119
0.947915
0.944720
0.941534
0.938357
0.935188
0.932029
0.928877
0.925734
0.922600
0.919473
0.916354
0.913243
0.910139
0.907043
0.903954
0.900873
0.897799
0.894731
0.891671
0.888617
0.885570
0.882529
0.879495
0.876467
0.873446
0.870431
0.867424
0.864426
0.861435
0.858452
0.855477
0.852510
0.849550
0.846597
0.843652
0.840713
0.837782
0.834857
0.831939
0.829028
0.826123
0.823225
0.820332
0.817446
0.814566
0.811692
0.808824
0.805961
0.803104
0.800261
0.797422
0.794589
0.791761
0.788938
0.786120
0.783307
0.780498
0.777695
0.774896
0.772101
0.769311
0.766526
0.763744
0.760967
0.758194
0.755426
0.752661
0.749901
0.747146
0.744398
0.741656
0.738920
0.736189
0.733464
0.730745
0.728031
0.725327
0.722634
0.719949
0.717270
0.714599
0.711935
0.709277
0.706626
0.703982
0.701348
0.698720
0.696099
0.693484
0.690874
0.688271
0.685677
0.683088
0.680506
0.677929
0.675360
0.672798
0.670244
0.667697
0.665157
0.662624
0.660097
0.657578
0.655065
0.652559
0.650059
0.647565
0.645078
0.642596
0.640121
0.637651
0.635187
0.632733
0.630284
0.627841
0.625403
0.622970
0.620546
0.618127
0.615713
0.613303
0.610903
0.608506
0.606118
0.603735
0.601356
0.598980
0.596613
0.594250
0.591891
0.589536
0.587184
0.584840
0.582504
0.580170
0.577841
0.575514
0.573191
0.570872
0.568555
0.566241
0.563931
0.561624
0.559319
0.557018
0.554719
0.552424
0.550131
0.547841
0.545553
0.543270
0.540992
0.538719
0.536451
0.534187
0.531927
0.529673
0.527422
0.525176
0.522937
0.520703
0.518473
0.516247
0.514025
0.511806
0.509591
0.507380
0.505176
0.502976
0.500779
0.498586
0.496396
0.494209
0.492025
0.489845
0.487668
0.485493
0.483322
0.481153
0.478988
0.476825
0.474665
0.472508
0.470354
0.468202
0.466053
0.463906
0.461762
0.459620
0.457481
0.455344
0.453209
0.451081
0.448955
0.446831
0.444709
0.442589
0.440471
0.438355
0.436241
0.434130
0.432020
0.429912
0.427805
0.425701
0.423598
0.421498
0.419399
0.417301
0.415205
0.413111
0.411019
0.408928
0.406839
0.404751
0.402665
0.400580
0.398496
0.396414
0.394334
0.392255
0.390177
0.388101
0.386025
0.383952
0.381879
0.379808
0.377741
0.375678
0.373618
0.371561
0.369514
0.367472
0.365436
0.363407
0.361385
0.359371
0.357364
0.355363
0.353370
0.351383
0.349403
0.347430
0.345462
0.343501
0.341547
0.339598
0.337656
0.335719
0.333788
0.331863
0.329943
0.328029
0.326120
0.324219
0.322325
0.320441
0.318566
0.316701
0.314845
0.312997
0.311159
0.309329
0.307508
0.305695
0.303890
0.302093
0.300305
0.298524
0.296750
0.294985
0.293227
0.291476
0.289735
0.288002
0.286278
0.284563
0.282856
0.281160
0.279474
0.277800
0.276135
0.274485
0.272844
0.271214
0.269593
0.267982
0.266380
0.264787
0.263203
0.261628
0.260062
0.258504
0.256955
0.255414
0.253881
0.252356
0.250839
0.249330
0.247828
0.246338
0.244855
0.243379
0.241910
0.240447
0.238992
0.237543
0.236101
0.234665
0.233236
0.231813
0.230396
0.228985
0.227580
0.226180
0.224787
0.223398
0.222016
0.220639
0.219267
0.217900
0.216539
0.215183
0.213831
0.212485
0.211143
0.209806
0.208474
0.207146
0.205822
0.204504
0.203189
0.201879
0.200572
0.199270
0.197972
0.196678
0.195388
0.194102
0.192819
0.191540
0.190265
0.188993
0.187725
0.186460
0.185199
0.183941
0.182686
0.181435
0.180187
0.178941
0.177699
0.176460
0.175224
0.173991
0.172764
0.171540
0.170319
0.169101
0.167885
0.166671
0.165460
0.164252
0.163046
0.161843
0.160641
0.159442
0.158246
0.157051
0.155859
0.154669
0.153481
0.152295
0.151111
0.149930
0.148750
0.147572
0.146396
0.145222
0.144049
0.142879
0.141710
0.140543
0.139378
0.138215
0.137053
0.135892
0.134734
0.133577
0.132421
0.131267
0.130115
0.128964
0.127814
0.126666
0.125519
0.124374
0.123230
0.122087
0.120946
0.119806
0.118667
0.117529
0.116393
0.115257
0.114123
0.112991
0.111859
0.110728
0.109599
0.108470
0.107343
0.106216
0.105091
0.103967
0.102843
0.101721
0.100600
0.099479
0.098360
0.097242
0.096130
0.095023
0.093921
0.092825
0.091733
0.090647
0.089565
0.088488
0.087416
0.086349
0.085288
0.084237
0.083193
0.082157
0.081129
0.080114
0.079106
0.078107
0.077120
0.076140
0.075168
0.074204
0.073248
0.072303
0.071366
0.070439
0.069520
0.068611
0.067710
0.066818
0.065935
0.065059
0.064192
0.063333
0.062482
0.061638
0.060802
0.059974
0.059156
0.058346
0.057547
0.056754
0.055969
0.055192
0.054424
0.053665
0.052914
0.052171
0.051437
0.050710
0.049992
0.049282
0.048581
0.047891
0.047210
0.046539
0.045876
0.045223
0.044579
0.043947
0.043326
0.042715
0.042119
0.041533
0.040957
0.040391
0.039835
0.039288
0.038751
0.038223
0.037703
0.037193
0.036692
0.036199
0.035714
0.035238
0.034770
0.034310
0.033858
0.033414
0.032977
0.032548
0.032126
0.031711
0.031304
0.030903
0.030510
0.030123
0.029742
0.029369
0.029001
0.028640
0.028285
0.027936
0.027594
0.027257
0.026925
0.026600
0.026280
0.025966
0.025657
0.025353
0.025054
0.024761
0.024473
0.024189
0.023911
0.023637
0.023368
0.023103
0.022843
0.022588
0.022337
0.022090
0.021847
0.021609
0.021374
0.021144
0.020918
0.020695
0.020476
0.020262
0.020050
0.019843
0.019639
0.019438
0.019241
0.019047
0.018857
0.018670
0.018486
0.018305
0.018127
0.017952
0.017781
0.017612
0.017446
0.017283
0.017123
0.016966
0.016811
0.016659
0.016509
0.016362
0.016218
0.016076
0.015936
0.015799
0.015665
0.015532
0.015402
0.015274
0.015148
0.015025
0.014903
0.014784
0.014666
0.014551
0.014438
0.014326
0.014217
0.014109
0.014003
0.013899
0.013797
0.013697
0.013598
0.013501
0.013406
0.013312
0.013220
0.013129
0.013040
0.012953
0.012867
0.012782
0.012699
0.012618
0.012538
0.012459
0.012381
0.012305
0.012230
0.012157
0.012084
0.012013
0.011943
0.011875
0.011807
0.011741
0.011676
0.011612
0.011549
0.011487
0.011426
0.011366
0.011308
0.011250
0.011193
0.011137
0.011082
0.011028
0.010976
0.010923
0.010876
0.010833
0.010791
0.010750
0.010709
0.010670
0.010630
0.010592
0.010554
0.010517
0.010480
0.010448
0.010416
0.010385
0.010355
0.010329
0.010303
0.010277
0.010252
0.010228
0.010204
0.010180
0.010157
0.010138
0.010119
0.010101
0.010083
0.010065
0.010047
0.010030
0.010013
0.009997
0.009980
0.009964
0.009949
0.009933
0.009918
0.009903
0.009888
0.009874
0.009859
0.009846
0.009832
0.009818
0.009809
0.009800
0.009790
0.009781
0.009773
0.009764
0.009755
0.009747
0.009739
0.009734
0.009730
0.009726
0.009722
0.009718
0.009714
0.009710
0.009706
0.009706
0.009706
0.009706
0.009706
0.009706
0.009706
0.009706
0.009706
0.009706
0.009706
0.009706
0.009706
0.009706
0.009706
0.009706
0.009706
0.009706
0.009706
0.009706
0.009706
0.009706
0.009706
0.009706
0.009706
0.009706
0.009706
0.009706
0.009706
0.009706
0.009706
0.009706
0.009706
0.009706
0.009706
0.009706
0.009706
0.009706
0.009706
0.009706
0.009706
0.009706
0.009706
0.009706
0.009706
0.009706
0.009706
0.009706
0.009706
0.009706
0.009706
0.009706
0.009706
0.009706
0.009706
0.009706
0.009706
0.009706
0.009706
0.009706
0.009706
0.009706
0.009706
0.009706
0.009706
0.009706
0.009706
0.009706
0.009706
0.009706
0.009706
0.009706
0.009706
0.009706
0.009706
0.009706
0.009706
0.009706
0.009706
0.009706
0.009706
0.009706
0.009706
0.009706
0.009706
0.009706
0.009706
0.009706
0.009706
0.009706
0.009706
0.009706
0.009706
0.009706
0.009706
0.009706
0.009706
0.009706
0.009706
0.009706
0.009706
0.009706
0.009706
0.009706
0.009706
0.009706
0.009706
0.009706
0.009706
0.009706
0.009706
0.009706
0.009706
0.009706
0.009706
0.009706
0.009706
0.009706
0.009706
0.009706
0.009706
0.009706
0.009706
0.009706
0.009706
0.009706
0.009706
0.009706
0.009706
0.009706
0.009706
0.009706
0.009706
0.009706
0.009706
0.009706
0.009706
0.009706
0.009706
0.009706
0.009706
0.009706
0.009706
0.009706
0.009706
0.009706
0.009706
0.009706
0.009706
0.009706
0.009706
0.009706
0.009706
0.009706
0.009706
0.009706
0.009706
0.009706
0.009706
0.009706
0.009706
0.009706
0.009706
0.009706
0.009706
0.009706
0.009706
0.009706
0.009706
0.009706
0.009706
0.009706
0.009706
0.009706
0.009706
0.009706
0.009706
0.009706
0.009706
0.009706
0.009706
0.009706
0.009706
0.009706
0.009706
0.009706
0.009706
0.009706
0.009706
0.009706
0.009706
0.009706
0.009706
0.009706
0.009706
0.009706
0.009706
0.009706
0.009706
0.009706
0.009706
0.009706
0.009706
0.009706
0.009706
0.009706
0.009706
0.009706
0.009706
0.009706
0.009706
0.009706
0.009706
0.009706
0.009706
0.009706
0.009706
0.009706
0.009706
0.009706
0.009706
0.009706
0.009706
0.009706
0.009706
0.009706
0.009706
0.009706
0.009706
0.009706
0.009706
0.009706
0.009706
0.009706
0.009706
0.009706
0.009706
0.009706
0.009706
0.009706
0.009706
0.009706
0.009706
0.009706
0.009706
0.009706
0.009706
0.009706
0.009706
0.009706
0.009706
0.009706
0.009706
0.009706
0.009706
0.009706
0.009706
0.009706
0.009706
0.009706
0.009706
0.009706
0.009706
0.009706
0.009706
0.009706
0.009706
0.009706
0.009706
0.009706
0.009706
0.009706
0.009706
0.009706
0.009706
0.009706
0.009706
0.009706
0.009706
0.009706
0.009706
0.009706
0.009706
0.009706
0.009706
0.009706
0.009706
0.009706
0.009706
0.009706
0.009706
0.009706
0.009706
0.009706
0.009706
0.009706
0.009706
0.009706
0.009706
0.009706
0.009706
0.009706
0.009706
0.009706
0.009706
0.009706
0.009706
0.009706
0.009706
0.009706
0.009706
0.009706
0.009706
0.009706
0.009706
0.009706
0.009706
0.009706
0.009706
0.009706
0.009706
0.009706
0.009706
0.009706
0.009706
0.009706
0.009706
0.009706
0.009706
0.009706
0.009706
0.009706
0.009706
0.009706
0.009706
0.009706
0.009706
0.009706
0.009706
0.009706
0.009706
0.009706
0.009706
0.009706
0.009706
0.009706
0.009706
0.009706
0.009706
0.009706
0.009706
0.009706
0.009706
0.009706
0.009706
0.009706
0.009706
0.009706
0.009706
0.009706
0.009706
0.009706
0.009706
0.009706
0.009706
0.009706
0.009706
0.009706
0.009706
0.009706
0.009706
0.009706
0.009706
0.009706
0.009706
0.009706
0.009706
0.009706
0.009706
0.009706
0.009706
0.009706
0.009706
0.009706
0.009706
0.009706
0.009706
0.009706
0.009706
0.009706
0.009706
0.009706
0.009706
0.009706
0.009706
0.009706
0.009706
0.009706
0.009706
0.009706
0.009706
0.009706
0.009706
0.009706
0.009706
0.009706
0.009706
0.009706
0.009706
0.009706
0.009706
0.009706
0.009706
0.009706
0.009706
0.009706
0.009706
0.009706
0.009706
0.009706
0.009706
0.009706
0.009706
0.009706
0.009706
0.009706
0.009706
0.009706
0.009706
0.009706
0.009706
0.009706
0.009706
0.009706
0.009706
0.009706
0.009706
0.009706
0.009706
0.009706
0.009706
0.009706
0.009706
0.009706
0.009706
0.009706
0.009706
0.009706
0.009706
0.009706
0.009706
0.009706
0.009706
0.009706
0.009706
0.009706
0.009706
0.009706
0.009706
0.009706
0.009706
0.009706
0.009706
0.009706
0.009706
0.009706
0.009706
0.009706
0.009706
0.009706
0.009706
0.009706
0.009706
0.009706
0.009706
0.009706
0.009706
0.009706
0.009706
0.009706
0.009706
0.009706
0.009706
0.009706
0.009706
0.009706
0.009706
0.009706
0.009706
0.009706
0.009706
0.009706
0.009706
0.009706
0.009706
0.009706
0.009706
0.009706
0.009706
0.009706
0.009706
0.009706
0.009706
0.009706
0.009706
0.009706
0.009706
0.009706
0.009706
0.009706
0.009706
0.009706
0.009706
0.009706
0.009706
0.009706
0.009706
0.009706
0.009706
0.009706
0.009706
0.009706
0.009706
0.009706
0.009706
0.009706
0.009706
0.009706
0.009706
0.009706
0.009706
0.009706
0.009706
0.009706
0.009706
0.009706
0.009706
0.009706
0.009706
0.009706
0.009706
0.009706
0.009706
0.009706
0.009706
0.009706
0.009706
0.009706
0.009706
0.009706
0.009706
0.009706
0.009706
0.009706
0.009706
0.009706
0.009706
0.009706
0.009706
0.009706
0.009706
0.009706
0.009706
0.009706
0.009706
0.009706
0.009706
0.009706
0.009706
0.009706
0.009706
0.009706
0.009706
0.009706
0.009706
0.009706
0.009706
0.009706
0.009706
0.009706
0.009706
0.009706
0.009706
0.009706
0.009706
0.009706
0.009706
0.009706
0.009706
0.009706
0.009706
0.009706
0.009706
0.009706
0.009706
0.009706
0.009706
0.009706
0.009706
0.009706
0.009706
0.009706
0.009706
0.009706
0.009706
0.009706
0.009706
0.009706
0.009706
0.009706
0.009706
0.009706
0.009706
0.009706
0.009706
0.009706
0.009706
0.009706
0.009706
0.009706
0.009706
0.009706
0.009706
0.009706
0.009706
0.009706
0.009706
0.009706
0.009706
0.009706
0.009706
0.009706
0.009706
0.009706
0.009706
0.009706
0.009706
0.009706
0.009706
0.009706
0.009706
0.009706
0.009706
0.009706
0.009706
0.009706
0.009706
0.009706
0.009706
0.009706
0.009706
0.009706
0.009706
0.009706
0.009706
0.009706
0.009706
0.009706
0.009706
0.009706
0.009706
0.009706
0.009706
0.009706
0.009706
0.009706
0.009706
0.009706
0.009706
0.009706
0.009706
0.009706
0.009706
0.009706
0.009706
0.009706
0.009706
0.009706
0.009706
0.009706
0.009706
0.009706
0.009706
0.009706
0.009706
0.009706
0.009706
0.009706
0.009706
0.009706
0.009706
0.009706
0.009706
0.009706
0.009706
0.009706
0.009706
0.009706
0.009706
0.009706
0.009706
0.009706
0.009706
0.009706
0.009706
0.009706
0.009706
0.009706
0.009706
0.009706
0.009706
0.009706
0.009706
0.009706
0.009706
0.009706
0.009706
0.009706
0.009706
0.009706
0.009706
0.009706
0.009706
0.009706
0.009706
0.009706
0.009706
0.009706
0.009706
0.009706
0.009706
0.009706
0.009706
0.009706
0.009706
0.009706
0.009706
0.009706
0.009706
0.009706
0.009706
0.009706
0.009706
0.009706
0.009706
0.009706
0.009706
0.009706
0.009706
0.009706
0.009706
0.009706
0.009706
0.009706
0.009706
0.009706
0.009706
0.009706
0.009706
0.009706
0.009706
0.009706
0.009706
0.009706
0.009706
0.009706
0.009706
0.009706
0.009706
0.009706
0.009706
0.009706
0.009706
0.009706
0.009706
0.009706
0.009706
0.009706
0.009706
0.009706
0.009706
0.009706
0.009706
0.009706
0.009706
0.009706
0.009706
0.009706
0.009706
0.009706
0.009706
0.009706
0.009706
0.009706
0.009706
0.009706
0.009706
0.009706
0.009706
0.009706
0.009706
0.009706
0.009706
0.009706
0.009706
0.009706
0.009706
0.009706
0.009706
0.009706
0.009706
0.009706
0.009706
0.009706
0.009706
0.009706
0.009706
0.009706
0.009706
0.009706
0.009706
0.009706
0.009706
0.009706
0.009706
0.009706
0.009706
0.009706
0.009706
0.009706
0.009706
0.009706
0.009706
0.009706
0.009706
0.009706
0.009706
0.009706
0.009706
0.009706
0.009706
0.009706
0.009706
0.009706
0.009706
0.009706
0.009706
0.009706
0.009706
0.009706
0.009706
0.009706
0.009706
0.009706
0.009706
0.009706
0.009706
0.009706
0.009706
0.009706
0.009706
0.009706
0.009706
0.009706
0.009706
0.009706
0.009706
0.009706
0.009706
0.009706
0.009706
0.009706
0.009706
0.009706
0.009706
0.009706
0.009706
0.009706
0.009706
0.009706
0.009706
0.009706
0.009706
0.009706
0.009706
0.009706
0.009706
0.009706
0.009706
0.009706
0.009706
0.009706
0.009706
0.009706
0.009706
0.009706
0.009706
0.009706
0.009706
0.009706
0.009706
0.009706
0.009706
0.009706
0.009706
0.009706
0.009706
0.009706
0.009706
0.009706
0.009706
0.009706
0.009706
0.009706
0.009706
0.009706
0.009706
0.009706
0.009706
0.009706
0.009706
0.009706
0.009706
0.009706
0.009706
0.009706
0.009706
0.009706
0.009706
0.009706
0.009706
0.009706
0.009706
0.009706
0.009706
0.009706
0.009706
0.009706
0.009706
0.009706
0.009706
0.009706
0.009706
0.009706
0.009706
0.009706
0.009706
0.009706
0.009706
0.009706
0.009706
0.009706
0.009706
0.009706
0.009706
0.009706
0.009706
0.009706
0.009706
0.009706
0.009706
0.009706
0.009706
0.009706
0.009706
0.009706
0.009706
0.009706
0.009706
0.009706
0.009706
0.009706
0.009706
0.009706
0.009706
0.009706
0.009706
0.009706
0.009706
0.009706
0.009706
0.009706
0.009706
0.009706
0.009706
0.009706
0.009706
0.009706
0.009706
0.009706
0.009706
0.009706
0.009706
0.009706
0.009706
0.009706
0.009706
0.009706
0.009706
0.009706
0.009706
0.009706
0.009706
0.009706
0.009706
0.009706
0.009706
0.009706
0.009706
0.009706
0.009706
0.009706
0.009706
0.009706
0.009706
0.009706
0.009706
0.009706
0.009706
0.009706
0.009706
0.009706
0.009706
0.009706
0.009706
0.009706
0.009706
0.009706
0.009706
0.009706
0.009706
0.009706
0.009706
0.009706
0.009706
0.009706
0.009706
0.009706
0.009706
0.009706
0.009706
0.009706
0.009706
0.009706
0.009706
0.009706
0.009706
0.009706
0.009706
0.009706
0.009706
0.009706
0.009706
0.009706
0.009706
0.009706
0.009706
0.009706
0.009706
0.009706
0.009706
0.009706
0.009706
0.009706
0.009706
0.009706
0.009706
0.009706
0.009706
0.009706
0.009706
0.009706
0.009706
0.009706
0.009706
0.009706
0.009706
0.009706
0.009706
0.009706
0.009706
0.009706
0.009706
0.009706
0.009706
0.009706
0.009706
0.009706
0.009706
0.009706
0.009706
0.009706
0.009706
0.009706
0.009706
0.009706
0.009706
0.009706
0.009706
0.009706
0.009706
0.009706
0.009706
0.009706
0.009706
0.009706
0.009706
0.009706
0.009706
0.009706
0.009706
0.009706
0.009706
0.009706
0.009706
0.009706
0.009706
0.009706
0.009706
0.009706
0.009706
0.009706
0.009706
0.009706
0.009706
0.009706
0.009706
0.009706
0.009706
0.009706
0.009706
0.009706
0.009706
0.009706
0.009706
0.009706
0.009706
0.009706
0.009706
0.009706
0.009706
0.009706
0.009706
0.009706
0.009706
0.009706
0.009706
0.009706
0.009706
0.009706
0.009706
0.009706
0.009706
0.009706
0.009706
0.009706
0.009706
0.009706
0.009706
0.009706
0.009706
0.009706
0.009706
0.009706
0.009706
0.009706
0.009706
0.009706
0.009706
0.009706
0.009706
0.009706
0.009706
0.009706
0.009706
0.009706
0.009706
0.009706
0.009706
0.009706
0.009706
0.009706
0.009706
0.009706
0.009706
0.009706
0.009706
0.009706
0.009706
0.009706
0.009706
0.009706
0.009706
0.009706
0.009706
0.009706
0.009706
0.009706
0.009706
0.009706
0.009706
0.009706
0.009706
0.009706
0.009706
0.009706
0.009706
0.009706
0.009706
0.009706
0.009706
0.009706
0.009706
0.009706
0.009706
0.009706
0.009706
0.009706
0.009706
0.009706
0.009706
0.009706
0.009706
0.009706
0.009706
0.009706
0.009706
0.009706
0.009706
0.009706
0.009706
0.009706
0.009706
0.009706
0.009706
0.009706
0.009706
0.009706
0.009706
0.009706
0.009706
0.009706
0.009706
0.009706
0.009706
0.009706
0.009706
0.009706
0.009706
0.009706
0.009706
0.009706
0.009706
0.009706
0.009706
0.009706
0.009706
0.009706
0.009706
0.009706
0.009706
0.009706
0.009706
0.009706
0.009706
0.009706
0.009706
0.009706
0.009706
0.009706
0.009706
0.009706
0.009706
0.009706
0.009706
0.009706
0.009706
0.009706
0.009706
0.009706
0.009706
0.009706
0.009706
0.009706
0.009706
0.009706
0.009706
0.009706
0.009706
0.009706
0.009706
0.009706
0.009706
0.009706
0.009706
0.009706
0.009706
0.009706
0.009706
0.009706
0.009706
0.009706
0.009706
0.009706
0.009706
0.009706
0.009706
0.009706
0.009706
0.009706
0.009706
0.009706
0.009706
0.009706
0.009706
0.009706
0.009706
0.009706
0.009706
0.009706
0.009706
0.009706
0.009706
0.009706
0.009706
0.009706
0.009706
0.009706
0.009706
0.009706
0.009706
0.009706
0.009706
0.009706
0.009706
0.009706
0.009706
0.009706
0.009706
0.009706
0.009706
0.009706
0.009706
0.009706
0.009706
0.009706
0.009706
0.009706
0.009706
0.009706
0.009706
0.009706
0.009706
0.009706
0.009706
0.009706
0.009706
0.009706
0.009706
0.009706
0.009706
0.009706
0.009706
0.009706
0.009706
0.009706
0.009706
0.009706
0.009706
0.009706
0.009706
0.009706
0.009706
0.009706
0.009706
0.009706
0.009706
0.009706
0.009706
0.009706
0.009706
0.009706
0.009706
0.009706
0.009706
0.009706
0.009706
0.009706
0.009706
0.009706
0.009706
0.009706
0.009706
0.009706
0.009706
0.009706
0.009706
0.009706
0.009706
0.009706
0.009706
0.009706
0.009706
0.009706
0.009706
0.009706
0.009706
0.009706
0.009706
0.009706
0.009706
0.009706
0.009706
0.009706
0.009706
0.009706
0.009706
0.009706
0.009706
0.009706
0.009706
0.009706
0.009706
0.009706
0.009706
0.009706
0.009706
0.009706
0.009706
0.009706
0.009706
0.009706
0.009706
0.009706
0.009706
0.009706
0.009706
0.009706
0.009706
0.009706
0.009706
0.009706
0.009706
0.009706
0.009706
0.009706
0.009706
0.009706
0.009706
0.009706
0.009706
0.009706
0.009706
0.009706
0.009706
0.009706
0.009706
0.009706
0.009706
0.009706
0.009706
0.009706
0.009706
0.009706
0.009706
0.009706
0.009706
0.009706
0.009706
0.009706
0.009706
0.009706
0.009706
0.009706
0.009706
0.009706
0.009706
0.009706
0.009706
0.009706
0.009706
0.009706
0.009706
0.009706
0.009706
0.009706
0.009706
0.009706
0.009706
0.009706
0.009706
0.009706
0.009706
0.009706
0.009706
0.009706
0.009706
0.009706
0.009706
0.009706
0.009706
0.009706
0.009706
0.009706
0.009706
0.009706
0.009706
0.009706
0.009706
0.009706
0.009706
0.009706
0.009706
0.009706
0.009706
0.009706
0.009706
0.009706
0.009706
0.009706
0.009706
0.009706
0.009706
0.009706
0.009706
0.009706
0.009706
0.009706
0.009706
0.009706
0.009706
0.009706
0.009706
0.009706
0.009706
0.009706
0.009706
0.009706
0.009706
0.009706
0.009706
0.009706
0.009706
0.009706
0.009706
0.009706
0.009706
0.009706
0.009706
0.009706
0.009706
0.009706
0.009706
0.009706
0.009706
0.009706
0.009706
0.009706
0.009706
0.009706
0.009706
0.009706
0.009706
0.009706
0.009706
0.009706
0.009706
0.009706
0.009706
0.009706
0.009706
0.009706
0.009706
0.009706
0.009706
0.009706
0.009706
0.009706
0.009706
0.009706
0.009706
0.009706
0.009706
0.009706
0.009706
0.009706
0.009706
0.009706
0.009706
0.009706
0.009706
0.009706
0.009706
0.009706
0.009706
0.009706
0.009706
0.009706
0.009706
0.009706
0.009706
0.009706
0.009706
0.009706
0.009706
0.009706
0.009706
0.009706
0.009706
0.009706
0.009706
0.009706
0.009706
0.009706
0.009706
0.009706
0.009706
0.009706
0.009706
0.009706
0.009706
0.009706
0.009706
0.009706
0.009706
0.009706
0.009706
0.009706
0.009706
0.009706
0.009706
0.009706
0.009706
0.009706
0.009706
0.009706
0.009706
0.009706
0.009706
0.009706
0.009706
0.009706
0.009706
0.009706
0.009706
0.009706
0.009706
0.009706
0.009706
0.009706
0.009706
0.009706
0.009706
0.009706
0.009706
0.009706
0.009706
0.009706
0.009706
0.009706
0.009706
0.009706
0.009706
0.009706
0.009706
0.009706
0.009706
0.009706
0.009706
0.009706
0.009706
0.009706
0.009706
0.009706
0.009706
0.009706
0.009706
0.009706
0.009706
0.009706
0.009706
0.009706
0.009706
0.009706
0.009706
0.009706
0.009706
0.009706
0.009706
0.009706
0.009706
0.009706
0.009706
0.009706
0.009706
0.009706
0.009706
0.009706
0.009706
0.009706
0.009706
0.009706
0.009706
0.009706
0.009706
0.009706
0.009706
0.009706
0.009706
0.009706
0.009706
0.009706
0.009706
0.009706
0.009706
0.009706
0.009706
0.009706
0.009706
0.009706
0.009706
0.009706
0.009706
0.009706
0.009706
0.009706
0.009706
0.009706
0.009706
0.009706
0.009706
0.009706
0.009706
0.009706
0.009706
0.009706
0.009706
0.009706
0.009706
0.009706
0.009706
0.009706
0.009706
0.009706
0.009706
0.009706
0.009706
0.009706
0.009706
0.009706
0.009706
0.009706
0.009706
0.009706
0.009706
0.009706
0.009706
0.009706
0.009706
0.009706
0.009706
0.009706
0.009706
0.009706
0.009706
0.009706
0.009706
0.009706
0.009706
0.009706
0.009706
0.009706
0.009706
0.009706
0.009706
0.009706
0.009706
0.009706
0.009706
0.009706
0.009706
0.009706
0.009706
0.009706
0.009706
0.009706
0.009706
0.009706
0.009706
0.009706
0.009706
0.009706
0.009706
0.009706
0.009706
0.009706
0.009706
0.009706
0.009706
0.009706
0.009706
0.009706
0.009706
0.009706
0.009706
0.009706
0.009706
0.009706
0.009706
0.009706
0.009706
0.009706
0.009706
0.009706
0.009706
0.009706
0.009706
0.009706
0.009706
0.009706
0.009706
0.009706
0.009706
0.009706
0.009706
0.009706
0.009706
0.009706
0.009706
0.009706
0.009706
0.009706
0.009706
0.009706
0.009706
0.009706
0.009706
0.009706
0.009706
0.009706
0.009706
0.009706
0.009706
0.009706
0.009706
0.009706
0.009706
0.009706
0.009706
0.009706
0.009706
0.009706
0.009706
0.009706
0.009706
0.009706
0.009706
0.009706
0.009706
0.009706
0.009706
0.009706
0.009706
0.009706
0.009706
0.009706
0.009706
0.009706
0.009706
0.009706
0.009706
0.009706
0.009706
0.009706
0.009706
0.009706
0.009706
0.009706
0.009706
0.009706
0.009706
0.009706
0.009706
0.009706
0.009706
0.009706
0.009706
0.009706
0.009706
0.009706
0.009706
0.009706
0.009706
0.009706
0.009706
0.009706
0.009706
0.009706
0.009706
0.009706
0.009706
0.009706
0.009706
0.009706
0.009706
0.009706
0.009706
0.009706
0.009706
0.009706
0.009706
0.009706
0.009706
0.009706
0.009706
0.009706
0.009706
0.009706
0.009706
0.009706
0.009706
0.009706
0.009706
0.009706
0.009706
0.009706
0.009706
0.009706
0.009706
0.009706
0.009706
0.009706
0.009706
0.009706
0.009706
0.009706
0.009706
0.009706
0.009706
0.009706
0.009706
0.009706
0.009706
0.009706
0.009706
0.009706
0.009706
0.009706
0.009706
0.009706
0.009706
0.009706
0.009706
0.009706
0.009706
0.009706
0.009706
0.009706
0.009706
0.009706
0.009706
0.009706
0.009706
0.009706
0.009706
0.009706
0.009706
0.009706
0.009706
0.009706
0.009706
0.009706
0.009706
0.009706
0.009706
0.009706
0.009706
0.009706
0.009706
0.009706
0.009706
0.009706
0.009706
0.009706
0.009706
0.009706
0.009706
0.009706
0.009706
0.009706
0.009706
0.009706
0.009706
0.009706
0.009706
0.009706
0.009706
0.009706
0.009706
0.009706
0.009706
0.009706
0.009706
0.009706
0.009706
0.009706
0.009706
0.009706
0.009706
0.009706
0.009706
0.009706
0.009706
0.009706
0.009706
0.009706
0.009706
0.009706
0.009706
0.009706
0.009706
0.009706
0.009706
0.009706
0.009706
0.009706
0.009706
0.009706
0.009706
0.009706
0.009706
0.009706
0.009706
0.009706
0.009706
0.009706
0.009706
0.009706
0.009706
0.009706
0.009706
0.009706
0.009706
0.009706
0.009706
0.009706
0.009706
0.009706
0.009706
0.009706
0.009706
0.009706
0.009706
0.009706
0.009706
0.009706
0.009706
0.009706
0.009706
0.009706
0.009706
0.009706
0.009706
0.009706
0.009706
0.009706
0.009706
0.009706
0.009706
0.009706
0.009706
0.009706
0.009706
0.009706
0.009706
0.009706
0.009706
0.009706
0.009706
0.009706
0.009706
0.009706
0.009706
0.009706
0.009706
0.009706
0.009706
0.009706
0.009706
0.009706
0.009706
0.009706
0.009706
0.009706
0.009706
0.009706
0.009706
0.009706
0.009706
0.009706
0.009706
0.009706
0.009706
0.009706
0.009706
0.009706
0.009706
0.009706
0.009706
0.009706
0.009706
0.009706
0.009706
0.009706
0.009706
0.009706
0.009706
0.009706
0.009706
0.009706
0.009706
0.009706
0.009706
0.009706
0.009706
0.009706
0.009706
0.009706
0.009706
0.009706
0.009706
0.009706
0.009706
0.009706
0.009706
0.009706
0.009706
0.009706
0.009706
0.009706
0.009706
0.009706
0.009706
0.009706
0.009706
0.009706
0.009706
0.009706
0.009706
0.009706
0.009706
0.009706
0.009706
0.009706
0.009706
0.009706
0.009706
0.009706
0.009706
0.009706
0.009706
0.009706
0.009706
0.009706
0.009706
0.009706
0.009706
0.009706
0.009706
0.009706
0.009706
0.009706
0.009706
0.009706
0.009706
0.009706
0.009706
0.009706
0.009706
0.009706
0.009706
0.009706
0.009706
0.009706
0.009706
0.009706
0.009706
0.009706
0.009706
0.009706
0.009706
0.009706
0.009706
0.009706
0.009706
0.009706
0.009706
0.009706
0.009706
0.009706
0.009706
0.009706
0.009706
0.009706
0.009706
0.009706
0.009706
0.009706
0.009706
0.009706
0.009706
0.009706
0.009706
0.009706
0.009706
0.009706
0.009706
0.009706
0.009706
0.009706
0.009706
0.009706
0.009706
0.009706
0.009706
0.009706
0.009706
0.009706
0.009706
0.009706
0.009706
0.009706
0.009706
0.009706
0.009706
0.009706
0.009706
0.009706
0.009706
0.009706
0.009706
0.009706
