2.255575
2.255575
2.255468
2.255249
2.254741
2.254205
2.253862
2.253424
2.253092
2.252580
2.251932
2.251479
2.250956
2.249659
2.248185
2.247605
2.246483
2.244842
2.243782
2.242348
2.240898
2.239373
2.237914
2.236312
2.234671
2.233116
2.231129
2.229065
2.226857
2.224411
2.221760
2.218840
2.215881
2.212772
2.209607
2.206391
2.202959
2.199559
2.196201
2.192156
2.188169
2.184003
2.179721
2.175609
2.171332
2.167298
2.163238
2.158884
2.154406
2.149568
2.144804
2.140011
2.135460
2.130868
2.126407
2.122055
2.117658
2.113038
2.108588
2.103953
2.099420
2.094953
2.090402
2.086005
2.081526
2.077243
2.072911
2.068709
2.064738
2.060856
2.057192
2.053381
2.049392
2.045220
2.041133
2.036916
2.032725
2.028361
2.024125
2.019753
2.015528
2.011517
2.007472
2.003593
2.000092
1.996612
1.993223
1.989836
1.986401
1.983086
1.979669
1.976451
1.973247
1.970224
1.967274
1.964293
1.961459
1.958788
1.956000
1.952807
1.949507
1.946455
1.943507
1.940606
1.938129
1.935474
1.932668
1.929851
1.927151
1.924288
1.921532
1.919058
1.916582
1.913923
1.911215
1.908444
1.905737
1.903182
1.900633
1.898161
1.895638
1.893379
1.891153
1.888327
1.885853
1.883051
1.880262
1.877576
1.874789
1.871978
1.869069
1.866099
1.863224
1.860587
1.858106
1.855412
1.853233
1.851000
1.848781
1.846610
1.844421
1.842376
1.840360
1.838268
1.836392
1.834379
1.832615
1.830670
1.828863
1.826907
1.823902
1.820750
1.817739
1.814435
1.810989
1.807272
1.803921
1.800503
1.796943
1.793733
1.790482
1.787079
1.783720
1.780080
1.776410
1.772949
1.769493
1.766186
1.763072
1.759510
1.756159
1.752764
1.749495
1.745933
1.742360
1.738861
1.735301
1.731804
1.728199
1.724674
1.721036
1.717334
1.713791
1.710232
1.706722
1.703239
1.699766
1.696349
1.693068
1.689712
1.686517
1.683250
1.679992
1.676779
1.673415
1.670448
1.667463
1.664297
1.661227
1.658213
1.655068
1.651930
1.648825
1.645612
1.642624
1.639720
1.636682
1.633682
1.630739
1.627807
1.624913
1.621998
1.619133
1.616131
1.613233
1.610299
1.607128
1.603642
1.600573
1.597908
1.595101
1.592262
1.589259
1.586118
1.582877
1.579898
1.576923
1.574117
1.571229
1.568335
1.565304
1.562049
1.558673
1.555114
1.551828
1.548973
1.546408
1.543851
1.540890
1.537919
1.535028
1.531937
1.528983
1.525691
1.522353
1.518833
1.515260
1.511555
1.507692
1.503651
1.499566
1.495317
1.491125
1.487305
1.483251
1.479164
1.474834
1.470620
1.466103
1.461400
1.456973
1.452578
1.448307
1.443909
1.439436
1.434854
1.430228
1.426047
1.421744
1.417434
1.413276
1.409053
1.405173
1.401255
1.397371
1.393594
1.389802
1.386379
1.383463
1.380141
1.376722
1.373003
1.369395
1.366011
1.362350
1.359040
1.355695
1.352631
1.349442
1.346437
1.343364
1.340348
1.337544
1.334632
1.331850
1.329481
1.327167
1.324852
1.322702
1.320207
1.317069
1.313735
1.310447
1.307193
1.303932
1.300612
1.297518
1.294845
1.292123
1.288995
1.286626
1.284025
1.281160
1.278514
1.275827
1.273221
1.270376
1.267234
1.264321
1.261264
1.258335
1.255597
1.252920
1.250387
1.247539
1.244613
1.241905
1.239154
1.236704
1.234081
1.231430
1.228689
1.226149
1.223603
1.220810
1.218258
1.215742
1.213308
1.210725
1.208399
1.206058
1.203725
1.201340
1.198934
1.196549
1.194116
1.191740
1.189367
1.186897
1.184472
1.182034
1.179740
1.177256
1.174725
1.172281
1.169818
1.167442
1.164980
1.162663
1.160234
1.158013
1.155943
1.153618
1.151333
1.148827
1.146401
1.143876
1.141516
1.139262
1.137220
1.135359
1.132983
1.128141
1.122692
1.118718
1.115842
1.112105
1.108493
1.104576
1.099819
1.095543
1.091524
1.087199
1.083045
1.078798
1.074734
1.070528
1.066204
1.061875
1.057557
1.053322
1.048932
1.044515
1.040091
1.035810
1.031673
1.027573
1.023209
1.018800
1.014487
1.010141
1.005784
1.001358
0.996474
0.991471
0.986494
0.981634
0.976827
0.971853
0.966954
0.961864
0.956615
0.951289
0.946233
0.941232
0.936057
0.930880
0.925623
0.920729
0.916006
0.911735
0.907435
0.903028
0.898181
0.893471
0.888880
0.884479
0.879747
0.875025
0.870114
0.865095
0.860170
0.855264
0.850460
0.845847
0.841008
0.836270
0.831462
0.826977
0.822594
0.818078
0.813531
0.809153
0.804775
0.800584
0.796446
0.792110
0.787854
0.783504
0.779213
0.775147
0.771445
0.767404
0.763109
0.759007
0.754825
0.751029
0.748195
0.745549
0.743222
0.739263
0.735435
0.732054
0.728516
0.725912
0.723285
0.720820
0.718313
0.715667
0.713257
0.710301
0.707189
0.704789
0.702304
0.699833
0.697494
0.694973
0.692556
0.690219
0.687142
0.684035
0.681692
0.679340
0.677101
0.674761
0.672536
0.670337
0.668127
0.665819
0.663464
0.660853
0.658438
0.656368
0.654294
0.652611
0.651082
0.649340
0.647655
0.645854
0.643906
0.642208
0.640508
0.638927
0.637262
0.635604
0.634016
0.632298
0.630668
0.628830
0.627073
0.625390
0.623577
0.621820
0.619815
0.617993
0.616302
0.614406
0.612279
0.610205
0.608119
0.606290
0.604319
0.602512
0.600479
0.598550
0.596646
0.594656
0.592748
0.590568
0.588174
0.585607
0.582919
0.580151
0.577416
0.574783
0.572268
0.569843
0.567460
0.565103
0.562622
0.560256
0.557795
0.555417
0.552851
0.550322
0.548081
0.545769
0.543040
0.540298
0.537516
0.534899
0.532067
0.529292
0.526735
0.523645
0.520894
0.518056
0.515181
0.512426
0.509455
0.506578
0.503714
0.500484
0.497625
0.494561
0.491623
0.488611
0.485447
0.482452
0.479125
0.476074
0.473067
0.469615
0.466658
0.463418
0.460111
0.456944
0.453560
0.450564
0.446989
0.443763
0.440581
0.437067
0.433786
0.430479
0.427057
0.423833
0.420232
0.416966
0.413777
0.410139
0.406948
0.403227
0.400060
0.396564
0.393088
0.389814
0.386117
0.382911
0.379666
0.375998
0.372895
0.369393
0.365944
0.362604
0.359200
0.356138
0.352575
0.349570
0.346560
0.342984
0.339959
0.336765
0.333548
0.330623
0.327230
0.324366
0.321445
0.318228
0.315287
0.312169
0.309424
0.306441
0.303480
0.300731
0.297626
0.294917
0.292154
0.289139
0.286498
0.283645
0.280900
0.278005
0.275405
0.272758
0.269928
0.267437
0.264893
0.262084
0.259695
0.256949
0.254460
0.252076
0.249251
0.246992
0.244643
0.242035
0.239796
0.237227
0.235027
0.232653
0.230372
0.228401
0.225823
0.223766
0.221687
0.219472
0.217604
0.215381
0.213354
0.211187
0.209243
0.207453
0.205245
0.203531
0.201762
0.199677
0.198158
0.196116
0.194485
0.192859
0.190918
0.189412
0.187872
0.186107
0.184541
0.182798
0.181465
0.179652
0.178348
0.176987
0.175318
0.174110
0.172789
0.171340
0.170223
0.168692
0.167575
0.166066
0.164926
0.164014
0.162455
0.161488
0.160291
0.159040
0.158139
0.156551
0.155698
0.154759
0.153340
0.152387
0.151097
0.150187
0.149105
0.147899
0.147127
0.145746
0.144914
0.144151
0.142748
0.141963
0.140864
0.139693
0.138956
0.137541
0.136743
0.135326
0.134519
0.133748
0.132376
0.131597
0.130482
0.129319
0.128591
0.127285
0.126458
0.125682
0.124288
0.123485
0.122084
0.121345
0.120153
0.119140
0.118381
0.116959
0.116265
0.115462
0.114115
0.113415
0.112319
0.111350
0.110672
0.109398
0.108649
0.107417
0.106751
0.105984
0.104829
0.104293
0.103221
0.102383
0.101781
0.100533
0.099996
0.099316
0.098287
0.097605
0.096520
0.096004
0.095091
0.094322
0.093878
0.092668
0.092256
0.091647
0.090638
0.090310
0.089288
0.088691
0.088275
0.087154
0.086836
0.085722
0.085404
0.084826
0.083932
0.083583
0.082793
0.082291
0.081980
0.080954
0.080621
0.080154
0.079355
0.078881
0.078103
0.077837
0.077006
0.076646
0.076351
0.075456
0.075223
0.074738
0.074106
0.073875
0.073167
0.072906
0.072675
0.071769
0.071649
0.070821
0.070633
0.070211
0.069710
0.069526
0.068908
0.068641
0.068478
0.067747
0.067594
0.067222
0.066761
0.066446
0.065887
0.065811
0.065169
0.065033
0.065011
0.064320
0.064209
0.063979
0.063604
0.063461
0.062847
0.062745
0.062815
0.062101
0.062080
0.061453
0.061361
0.061123
0.060771
0.060805
0.060174
0.060215
0.060232
0.059604
0.059667
0.059389
0.059078
0.058771
0.058499
0.058614
0.057987
0.058125
0.058168
0.057606
0.057731
0.057465
0.057272
0.057408
0.056837
0.056929
0.057165
0.056600
0.056740
0.056231
0.056399
0.056238
0.056178
0.056409
0.055973
0.056177
0.056484
0.056066
0.056303
0.056231
0.056307
0.056090
0.056219
0.056581
0.056207
0.056532
0.056830
0.056503
0.056859
0.056790
0.056888
0.057253
0.056837
0.057244
0.056702
0.057201
0.057465
0.057229
0.057560
0.057343
0.057585
0.057913
0.057482
0.057819
0.058079
0.057872
0.058162
0.057950
0.058119
0.057882
0.058061
0.058525
0.057999
0.058399
0.058601
0.058354
0.058774
0.058477
0.058711
0.059055
0.058642
0.058939
0.058531
0.058860
0.059119
0.058857
0.059226
0.058952
0.059163
0.059524
0.059075
0.059479
0.059538
0.059392
0.059755
0.059495
0.059640
0.059297
0.059592
0.059945
0.059518
0.059784
0.059909
0.059765
0.060129
0.059759
0.059975
0.060409
0.059893
0.060261
0.059767
0.060254
0.060170
0.060200
0.060445
0.059978
0.060399
0.060649
0.060281
0.060564
0.060609
0.060477
0.060826
0.060482
0.060703
0.060239
0.060610
0.060899
0.060477
0.060811
0.060755
0.060723
0.061001
0.060480
0.060869
0.061184
0.060682
0.060914
0.060518
0.060862
0.060738
0.060684
0.061009
0.060488
0.060819
0.061070
0.060611
0.060936
0.060765
0.060714
0.061086
0.060533
0.060857
0.060345
0.060666
0.060954
0.060555
0.060825
0.060669
0.060728
0.060991
0.060456
0.060797
0.061055
0.060584
0.060878
0.060452
0.060796
0.060589
0.060645
0.060986
0.060464
0.060788
0.061044
0.060671
0.060983
0.060796
0.060786
0.061233
0.060723
0.061006
0.060594
0.060878
0.061066
0.060762
0.061049
0.060843
0.060921
0.061283
0.060782
0.061017
0.061307
0.060918
0.061030
0.060847
0.061100
0.060854
0.061017
0.061402
0.060873
0.061175
0.061340
0.061021
0.061413
0.061053
0.061201
0.061589
0.061076
0.061390
0.060959
0.061211
0.061383
0.061178
0.061394
0.061154
0.061217
0.061666
0.061166
0.061419
0.061533
0.061230
0.061290
0.061099
0.061389
0.061029
0.061260
0.061592
0.061074
0.061375
0.061427
0.061167
0.061518
0.061141
0.061346
0.060855
0.061244
0.061499
0.061011
0.061304
0.061308
0.061233
0.061466
0.061091
0.061359
0.061745
0.061180
0.061506
0.061429
0.061328
0.061257
0.061153
0.061433
0.060804
0.060645
0.060239
0.058562
0.057345
0.055572
0.054051
0.051463
0.049059
0.049405
0.048697
0.048036
0.047388
0.046009
0.045668
0.045659
0.045671
0.045692
0.045647
0.045648
0.045648
0.045648
0.045626
0.045626
0.045626
0.045626
0.045626
0.045627
0.045605
0.045605
0.045602
0.045583
0.045583
0.045569
0.045561
0.045561
0.045708
0.046295
0.046311
0.047043
0.047658
0.048812
0.049974
0.051318
0.052661
0.054551
0.056876
0.058650
0.059951
0.061590
0.063396
0.065386
0.066830
0.068453
0.069025
0.069036
0.068695
0.068532
0.068238
0.067975
0.067648
0.066852
0.066272
0.065847
0.065082
0.064229
0.063778
0.063277
0.063030
0.062835
0.062805
0.062802
0.062672
0.062581
0.062600
0.062500
0.062349
0.062217
0.062015
0.062016
0.062031
0.062030
0.062564
0.063138
0.063535
0.064183
0.064894
0.066052
0.067474
0.069036
0.070844
0.073120
0.075058
0.076808
0.078619
0.080408
0.082062
0.083622
0.085176
0.086660
0.087807
0.089017
0.090279
0.091733
0.093058
0.094644
0.095892
0.097102
0.098322
0.099432
0.100519
0.101471
0.102506
0.103457
0.104194
0.105001
0.105847
0.106428
0.107214
0.107964
0.108654
5.265118
5.264899
5.264675
5.263911
5.262836
5.260859
5.258467
5.254917
5.251816
5.248828
5.245547
5.242008
5.238724
5.235802
5.233240
5.231557
5.229923
5.228508
5.225873
5.223932
5.221788
5.219470
5.217184
5.214340
5.210724
5.207364
5.203883
5.199612
5.195734
5.191665
5.186487
5.181403
5.175708
5.170230
5.164995
5.159186
5.154040
5.148843
5.142786
5.136794
5.131532
5.126600
5.121912
5.116715
5.111424
5.105309
5.099101
5.093080
5.088117
5.083639
5.079540
5.075088
5.070153
5.065153
5.059782
5.054474
5.049092
5.043736
5.037971
5.031962
5.025821
5.019781
5.013542
5.007254
5.000904
4.994503
4.988151
4.981634
4.975213
4.968783
4.962401
4.955978
4.949544
4.943178
4.936750
4.930302
4.923797
4.917331
4.910891
4.904357
4.897808
4.891244
4.884689
4.878029
4.871450
4.864627
4.857798
4.850796
4.843764
4.836766
4.829888
4.822941
4.815947
4.808999
4.802088
4.795197
4.788197
4.781298
4.774213
4.767251
4.760282
4.753159
4.746176
4.739246
4.732243
4.725304
4.717940
4.710579
4.703089
4.695967
4.689025
4.682053
4.675021
4.668013
4.660960
4.653955
4.647095
4.640208
4.633287
4.626261
4.619182
4.612108
4.605084
4.598055
4.591102
4.583966
4.576956
4.569960
4.562902
4.555826
4.548811
4.541890
4.534876
4.527848
4.520822
4.513809
4.506889
4.499825
4.492807
4.485798
4.478807
4.471914
4.465233
4.458466
4.451960
4.444968
4.437634
4.430363
4.422998
4.415807
4.408645
4.401406
4.394254
4.387077
4.379882
4.372761
4.365586
4.358375
4.351282
4.344127
4.337026
4.329973
4.322903
4.315848
4.308603
4.301612
4.294549
4.287538
4.280475
4.273500
4.266454
4.259423
4.252449
4.245384
4.238547
4.231571
4.224602
4.217748
4.210797
4.203820
4.196887
4.189943
4.183010
4.176176
4.169199
4.162413
4.155462
4.148649
4.141792
4.134941
4.128100
4.121277
4.114399
4.107664
4.100710
4.093924
4.087122
4.080311
4.073510
4.066756
4.059929
4.052808
4.045626
4.038435
4.031510
4.024625
4.017944
4.011205
4.004575
3.997847
3.991226
3.984561
3.977926
3.971216
3.964662
3.957933
3.951346
3.944724
3.938228
3.931607
3.925125
3.918689
3.912113
3.905658
3.899139
3.892715
3.886203
3.879761
3.873344
3.866953
3.860590
3.854129
3.847802
3.841382
3.835040
3.828667
3.822323
3.815997
3.809685
3.803335
3.797103
3.790876
3.784622
3.778453
3.772295
3.766088
3.759974
3.753708
3.747549
3.741508
3.735408
3.729411
3.723367
3.717319
3.711308
3.705311
3.699313
3.693338
3.687314
3.681398
3.675375
3.669411
3.663512
3.657581
3.651570
3.645672
3.639762
3.633811
3.627893
3.621890
3.616032
3.610020
3.604144
3.598231
3.592335
3.586390
3.580531
3.574637
3.568736
3.562877
3.556940
3.551039
3.545230
3.539314
3.533342
3.527467
3.521512
3.515294
3.509098
3.502692
3.496745
3.490813
3.484865
3.478911
3.473027
3.467156
3.461175
3.455322
3.449341
3.443352
3.437470
3.431470
3.425519
3.419591
3.413616
3.407588
3.401585
3.395713
3.389760
3.383702
3.377807
3.371785
3.365887
3.359960
3.353927
3.347942
3.341972
3.335948
3.329930
3.323961
3.317953
3.311968
3.305939
3.299906
3.293896
3.287882
3.281911
3.275821
3.269743
3.263758
3.257752
3.251646
3.245669
3.239634
3.233597
3.227287
3.220536
3.213910
3.207669
3.201627
3.195569
3.189521
3.183481
3.177545
3.171628
3.165631
3.159529
3.153613
3.147613
3.141588
3.135594
3.129476
3.123528
3.117511
3.111471
3.105422
3.099329
3.093327
3.087427
3.081383
3.075367
3.069443
3.063401
3.057404
3.051356
3.045335
3.039398
3.033353
3.027391
3.021383
3.015347
3.009380
3.003317
2.997278
2.991351
2.985297
2.979245
2.973290
2.967305
2.961268
2.955321
2.949234
2.943222
2.937281
2.931212
2.925140
2.919119
2.913028
2.907037
2.901082
2.895017
2.889009
2.883011
2.876959
2.870949
2.864944
2.858991
2.852895
2.846860
2.840891
2.834830
2.828879
2.822930
2.817019
2.811178
2.805253
2.799350
2.793453
2.787491
2.781739
2.775877
2.769645
2.763253
2.757439
2.751699
2.745980
2.740180
2.734475
2.728701
2.723108
2.717304
2.711629
2.705864
2.700232
2.694458
2.688791
2.683056
2.677243
2.671602
2.665887
2.660250
2.654556
2.648944
2.643222
2.637531
2.631890
2.626207
2.620502
2.614959
2.609262
2.603515
2.598004
2.592251
2.586622
2.581080
2.575345
2.569733
2.564131
2.558469
2.552763
2.547080
2.541346
2.535826
2.530155
2.524572
2.518734
2.513080
2.507423
2.501732
2.495975
2.490408
2.484616
2.478976
2.473258
2.467536
2.461826
2.456140
2.450518
2.444851
2.439121
2.433432
2.427738
2.421904
2.416155
2.410419
2.404669
2.398861
2.393235
2.387436
2.381603
2.375785
2.370040
2.364197
2.358463
2.352695
2.346855
2.341098
2.335298
2.329583
2.323844
2.318061
2.312275
2.306504
2.300866
2.295179
2.289430
2.283754
2.278004
2.272422
2.266693
2.261100
2.255362
2.249801
2.244134
2.238554
2.233003
2.227394
2.221651
2.216009
2.210408
2.204776
2.199205
2.193505
2.187976
2.182347
2.176865
2.171171
2.165653
2.160045
2.154522
2.148904
2.143397
2.137791
2.132272
2.126784
2.121232
2.115664
2.110088
2.104636
2.099158
2.093664
2.088176
2.082759
2.077325
2.071904
2.066380
2.060906
2.055489
2.049967
2.044569
2.039173
2.033682
2.028255
2.022901
2.017476
2.012086
2.006770
2.001413
1.995952
1.990661
1.985275
1.979954
1.974623
1.969299
1.963965
1.958721
1.953402
1.948175
1.942925
1.937620
1.932298
1.927090
1.921788
1.916621
1.911425
1.906190
1.901088
1.895784
1.890566
1.885423
1.880259
1.875127
1.869935
1.864898
1.859734
1.854631
1.849436
1.844337
1.839211
1.834185
1.829092
1.824055
1.819034
1.814020
1.809108
1.804117
1.799145
1.794247
1.789321
1.784490
1.779582
1.774823
1.769889
1.765066
1.760236
1.755379
1.750413
1.745384
1.739981
1.734756
1.729869
1.725030
1.720262
1.715536
1.710732
1.705942
1.701206
1.696403
1.691617
1.686704
1.682020
1.677125
1.672379
1.667602
1.662805
1.658047
1.653286
1.648480
1.643657
1.638892
1.634177
1.629336
1.624636
1.619832
1.615042
1.610282
1.605483
1.600703
1.595879
1.591056
1.586253
1.581466
1.576583
1.571846
1.567040
1.562214
1.557320
1.552523
1.547782
1.542975
1.538055
1.533195
1.528324
1.523504
1.518651
1.513706
1.508951
1.504035
1.499226
1.494302
1.489419
1.484530
1.479614
1.474834
1.469909
1.465053
1.460186
1.455341
1.450398
1.445480
1.440679
1.435757
1.430845
1.426019
1.421089
1.416194
1.411325
1.406491
1.401627
1.396732
1.391894
1.387093
1.382241
1.377349
1.372458
1.367658
1.362782
1.357926
1.353085
1.348176
1.343303
1.338485
1.333658
1.328737
1.323800
1.318835
1.313951
1.309153
1.304215
1.299400
1.294581
1.289670
1.284836
1.279944
1.275074
1.270149
1.265327
1.260446
1.255693
1.250819
1.245946
1.241094
1.236219
1.231426
1.226582
1.221686
1.216912
1.212015
1.207308
1.202482
1.197738
1.192930
1.188242
1.183494
1.178584
1.173805
1.169088
1.164323
1.159507
1.154674
1.149878
1.145069
1.140339
1.135630
1.130783
1.126053
1.121351
1.116620
1.111856
1.107031
1.102279
1.097540
1.092767
1.088019
1.083370
1.078596
1.073830
1.069211
1.064474
1.059811
1.055138
1.050558
1.045792
1.041077
1.036442
1.031752
1.027044
1.022445
1.018049
1.013621
1.009325
1.004912
1.000576
0.996268
0.991979
0.987701
0.983472
0.979266
0.975081
0.970859
0.966816
0.962629
0.958562
0.954658
0.950712
0.946766
0.942951
0.939060
0.935352
0.931547
0.927770
0.924023
0.920295
0.916514
0.912849
0.909200
0.905498
0.901961
0.898325
0.894787
0.891253
0.887844
0.884489
0.881108
0.877778
0.874421
0.871204
0.868012
0.864784
0.861673
0.858537
0.855313
0.852183
0.849051
0.845967
0.842826
0.839765
0.836601
0.833594
0.830574
0.827615
0.824739
0.821327
0.817907
0.814472
0.811064
0.807684
0.804306
0.800994
0.797496
0.794081
0.790608
0.787084
0.783467
0.779884
0.776225
0.772447
0.768761
0.765070
0.761175
0.757315
0.753385
0.749487
0.745619
0.741623
0.737628
0.733686
0.729680
0.725600
0.721648
0.717598
0.713601
0.709578
0.705563
0.701595
0.697508
0.693633
0.689838
0.685958
0.682106
0.678199
0.674452
0.670579
0.666705
0.662866
0.658911
0.654940
0.650936
0.646771
0.642836
0.638912
0.635000
0.630964
0.626971
0.623033
0.619072
0.615102
0.611104
0.607204
0.603224
0.599200
0.595379
0.591984
0.589524
0.587223
0.584187
0.580732
0.577585
0.574106
0.570148
0.565897
0.561451
0.557202
0.552974
0.548734
0.544436
0.540094
0.535786
0.531469
0.527167
0.522858
0.518336
0.514150
0.509928
0.505749
0.501606
0.497523
0.493216
0.489049
0.484863
0.480652
0.476465
0.472285
0.468117
0.463968
0.459723
0.455617
0.451477
0.447350
0.443162
0.438897
0.434764
0.430514
0.426365
0.422205
0.418065
0.413854
0.409593
0.405410
0.401193
0.397032
0.392892
0.388708
0.384598
0.380503
0.376376
0.372147
0.368202
0.364358
0.360590
0.356979
0.353594
0.350200
0.346911
0.343525
0.340420
0.337412
0.334395
0.331295
0.328295
0.325206
0.322036
0.318903
0.315837
0.312652
0.309512
0.306364
0.303298
0.300202
0.296948
0.293871
0.290912
0.287826
0.284912
0.281952
0.278946
0.275998
0.272995
0.269998
0.267225
0.264326
0.261532
0.258682
0.255901
0.253068
0.250116
0.247284
0.244497
0.241688
0.238890
0.236361
0.233805
0.231327
0.228961
0.226659
0.224184
0.221683
0.219361
0.216885
0.214411
0.211994
0.209611
0.207315
0.205054
0.202625
0.200409
0.198139
0.195970
0.193783
0.191678
0.189555
0.187622
0.185651
0.183682
0.181768
0.179806
0.178025
0.176299
0.174609
0.173008
0.171429
0.169853
0.168373
0.166988
0.165581
0.164199
0.162833
0.161381
0.160051
0.158612
0.157315
0.155926
0.154602
0.153430
0.151986
0.150721
0.149323
0.148073
0.146775
0.145497
0.144152
0.142842
0.141427
0.139945
0.138534
0.137149
0.135695
0.134205
0.132912
0.131495
0.130190
0.128915
0.127519
0.126193
0.124864
0.123430
0.122154
0.120821
0.119455
0.118146
0.116874
0.115585
0.114368
0.113233
0.112195
0.111219
0.110328
0.109438
0.108707
0.107983
0.107263
0.106672
0.106148
0.105699
0.105055
0.104515
0.103995
0.103566
0.103168
0.102822
0.102480
0.102219
0.101942
0.101740
0.101575
0.101464
0.101341
0.101210
0.101055
0.100878
0.100728
0.099499
0.097726
0.095484
0.093506
0.091686
0.091105
0.090856
0.090191
0.090370
0.090271
0.090528
0.090396
0.090504
0.090304
0.089935
0.089632
0.089042
0.088925
0.088347
0.088137
0.087606
0.087101
0.086510
0.086219
0.085903
0.085348
0.084994
0.084214
0.083814
0.083061
0.082689
0.082183
0.081616
0.081597
0.080982
0.080844
0.080499
0.080475
0.079805
0.079777
0.079243
0.079003
0.078786
0.078180
0.078030
0.077234
0.076973
0.076274
0.076059
0.075210
0.075090
0.074294
0.073953
0.073574
0.072979
0.072860
0.072053
0.072050
0.071434
0.071281
0.070534
0.070570
0.070080
0.070130
0.070152
0.069780
0.070013
0.069518
0.069860
0.069443
0.069621
0.069277
0.069547
0.069373
0.069459
0.069648
0.069294
0.069611
0.069100
0.069405
0.068984
0.069168
0.069192
0.068887
0.068584
0.068545
0.068705
0.068249
0.068458
0.067945
0.068127
0.067665
0.067612
0.067632
0.067219
0.066987
0.066932
0.067105
0.066536
0.066791
0.066270
0.066523
0.066023
0.066039
0.066089
0.065438
0.065595
0.064849
0.064854
0.064144
0.064164
0.063279
0.063270
0.062812
0.062501
0.062385
0.061739
0.061800
0.061058
0.061202
0.060567
0.060760
0.060037
0.060317
0.059931
0.059828
0.060018
0.059459
0.059690
0.058996
0.059305
0.058972
0.058963
0.058313
0.058625
0.058394
0.058341
0.058492
0.058060
0.058318
0.057836
0.058144
0.057917
0.057829
0.057383
0.057705
0.057641
0.057552
0.057881
0.057443
0.057827
0.057447
0.057881
0.057961
0.057986
0.058512
0.058159
0.058167
0.058197
0.058603
0.058253
0.058579
0.058199
0.058555
0.058493
0.058378
0.058698
0.058231
0.058195
0.058069
0.058329
0.057865
0.058202
0.057661
0.058056
0.058024
0.058049
0.058442
0.058051
0.058152
0.058065
0.058489
0.058024
0.058375
0.058000
0.058338
0.058272
0.058107
0.058512
0.057950
0.058272
0.057833
0.058135
0.057628
0.057966
0.057621
0.057814
0.057933
0.057701
0.058156
0.057818
0.058264
0.058032
0.058502
0.058147
0.058646
0.058382
0.058760
0.058919
0.058815
0.059329
0.058857
0.059290
0.059014
0.059333
0.059464
0.059315
0.059077
0.059249
0.059338
0.059087
0.059460
0.058994
0.059257
0.058950
0.059058
0.059027
0.058862
0.058547
0.058696
0.058902
0.058628
0.058976
0.058670
0.059074
0.058778
0.059047
0.059282
0.058994
0.059454
0.058936
0.059210
0.058875
0.059319
0.058846
0.059212
0.058985
0.059125
0.059265
0.058996
0.059364
0.058844
0.059160
0.058709
0.059073
0.058543
0.058906
0.058626
0.058807
0.058927
0.058592
0.058878
0.058407
0.058757
0.058399
0.058576
0.058047
0.058503
0.058218
0.058335
0.058646
0.058252
0.058668
0.058280
0.058661
0.058427
0.058664
0.058219
0.058584
0.058402
0.058490
0.058801
0.058403
0.058789
0.058269
0.058667
0.058444
0.058534
0.058658
0.058376
0.058252
0.058244
0.058612
0.058067
0.058433
0.057917
0.058361
0.058084
0.058129
0.058368
0.057985
0.057839
0.057803
0.058131
0.057638
0.058092
0.057477
0.058006
0.057857
0.057986
0.058341
0.058029
0.058485
0.058000
0.058487
0.058093
0.058484
0.057995
0.058521
0.058326
0.058429
0.058710
0.058321
0.058725
0.058247
0.058648
0.058243
0.058604
0.058184
0.058454
0.058451
0.058401
0.058739
0.058266
0.058533
0.058131
0.058402
0.057972
0.058315
0.057871
0.058308
0.058332
0.058241
0.058625
0.058268
0.058662
0.058208
0.058699
0.058622
0.058612
0.058185
0.058620
0.058586
0.058651
0.058929
0.058528
0.058864
0.058445
0.058811
0.058796
0.058798
0.058423
0.058757
0.058947
0.058780
0.059270
0.058785
0.059208
0.058757
0.059107
0.059204
0.059101
0.059501
0.059079
0.059222
0.059059
0.059506
0.059047
0.059544
0.059120
0.059553
0.059565
0.059538
0.059916
0.059508
0.059717
0.059429
0.059821
0.059389
0.059800
0.059410
0.059622
0.059665
0.059513
0.059757
0.059286
0.059541
0.059127
0.059295
0.058772
0.059005
0.058699
0.058805
0.058856
0.058639
0.059029
0.058529
0.059037
0.058746
0.059114
0.058778
0.059216
0.058977
0.059192
0.059454
0.059168
0.059588
0.059161
0.059549
0.059223
0.059513
0.059605
0.059335
0.059218
0.059252
0.059514
0.059088
0.059463
0.058986
0.059288
0.058946
0.059075
0.059217
0.058931
0.058598
0.058597
0.058738
0.058341
0.058659
0.058160
0.058349
0.058070
0.058078
0.058304
0.058022
0.058356
0.057881
0.058279
0.057828
0.058366
0.057871
0.058296
0.058139
0.058303
0.058586
0.058253
0.058675
0.058188
0.058621
0.058203
0.058557
0.058082
0.058505
0.058329
0.058375
0.058679
0.058252
0.058575
0.058125
0.058418
0.058248
0.058333
0.057789
0.058173
0.058049
0.058141
0.058496
0.058053
0.058523
0.058041
0.058526
0.058440
0.058503
0.058155
0.058522
0.058535
0.058643
0.059056
0.058605
0.059077
0.058623
0.059123
0.058986
0.059006
0.059359
0.059008
0.058945
0.058953
0.059317
0.058815
0.059196
0.058794
0.059138
0.059083
0.059075
0.059408
0.059046
0.058974
0.058923
0.059315
0.058926
0.059212
0.058843
0.059124
0.059093
0.059060
0.059428
0.058994
0.059043
0.058856
0.059280
0.058846
0.059177
0.058764
0.059094
0.059133
0.059019
0.059477
0.058970
0.059422
0.058925
0.059353
0.058887
0.059248
0.058720
0.059094
0.059113
0.058948
0.059287
0.058795
0.059117
0.058636
0.058969
0.058448
0.058808
0.058392
0.058695
0.058745
0.058508
0.058806
0.058347
0.058742
0.058308
0.058600
0.058722
0.058591
0.058233
0.058547
0.058655
0.058422
0.058864
0.058358
0.058718
0.058409
0.058647
0.058731
0.058523
0.058230
0.058388
0.058517
0.058307
0.058696
0.058239
0.058565
0.058225
0.058361
0.058531
0.058181
0.058660
0.058078
0.058262
0.057907
0.058276
0.057719
0.058048
0.057737
0.057891
0.058042
0.057677
0.058052
0.057601
0.057851
0.057395
0.057835
0.057356
0.057687
0.057463
0.057561
0.057890
0.057584
0.057987
0.057448
0.057892
0.057505
0.057844
0.057244
0.057758
0.057435
0.057664
0.057913
0.057508
0.058007
0.057538
0.057918
0.057689
0.057930
0.057378
0.057933
0.057575
0.057810
0.058044
0.057744
0.058120
0.057669
0.057985
0.057786
0.057952
0.058210
0.057878
0.057733
0.057815
0.058197
0.057691
0.058143
0.057690
0.058062
0.057865
0.058033
0.058208
0.057900
0.057784
0.057824
0.058205
0.057786
0.058174
0.057689
0.058038
0.057914
0.057945
0.058258
0.057919
0.058254
0.057762
0.058182
0.057718
0.058125
0.057670
0.058082
0.057936
0.057948
0.058330
0.057907
0.058329
0.057886
0.058342
0.057884
0.058271
0.057842
0.058216
0.058224
0.058158
0.058678
0.058138
0.058643
0.058150
0.058586
0.058102
0.058602
0.058135
0.058560
0.058559
0.058554
0.058993
0.058601
0.059015
0.058526
0.059025
0.058925
0.059011
0.058626
0.058979
0.059042
0.059047
0.059451
0.059009
0.059378
0.058954
0.059349
0.059373
0.059351
0.058967
0.059370
0.059387
0.059397
0.059657
0.059340
0.059637
0.059345
0.059676
0.059707
0.059642
0.060089
0.059672
0.059711
0.059499
0.059893
0.059518
0.059903
0.059584
0.059924
0.059947
0.059883
0.060197
0.059803
0.059962
0.059813
0.060095
0.059732
0.060001
0.059811
0.060022
0.060038
0.059897
0.060341
0.059777
0.060241
0.059775
0.060218
0.059785
0.060231
0.059905
0.060178
0.060276
0.060258
0.060537
0.060191
0.060471
0.060205
0.060450
0.060132
0.060409
0.060185
0.060379
0.060583
0.060376
0.060764
0.060325
0.060679
0.060388
0.060667
0.060757
0.060599
0.060359
0.060480
0.060707
0.060455
0.060843
0.060353
0.060690
0.060452
0.060627
0.060813
0.060609
0.060398
0.060541
0.060742
0.060507
0.060839
0.060417
0.060746
0.060515
0.060672
0.060863
0.060647
0.060905
0.060496
0.060705
0.060441
0.060706
0.060313
0.060595
0.060396
0.060482
0.060721
0.060388
0.060697
0.060186
0.060438
0.060138
0.060356
0.060006
0.060197
0.060043
0.060069
0.060297
0.059931
0.060275
0.059730
0.060074
0.059776
0.059869
0.059433
0.059712
0.059539
0.059587
0.059834
0.059464
0.059758
0.059241
0.059562
0.059368
0.059460
0.058977
0.059315
0.059151
0.059191
0.059437
0.059036
0.059329
0.058952
0.059227
0.059157
0.059095
0.059544
0.059061
0.059002
0.058943
0.059272
0.058835
0.059243
0.058714
0.059099
0.058994
0.059006
0.059262
0.058903
0.058862
0.058810
0.059166
0.058743
0.059123
0.058638
0.059004
0.058970
0.058984
0.059344
0.059012
0.058952
0.058887
0.059250
0.058889
0.059251
0.058893
0.059193
0.059162
0.059167
0.059490
0.059165
0.059491
0.059103
0.059400
0.059103
0.059423
0.059150
0.059438
0.059509
0.059371
0.059924
0.059428
0.059806
0.059416
0.059796
0.059440
0.059819
0.059443
0.059777
0.059860
0.059763
0.060158
0.059763
0.060145
0.059752
0.060158
0.060162
0.060118
0.059817
0.060153
0.060271
0.060132
0.060518
0.060120
0.060523
0.060122
0.060503
0.060573
0.060469
0.060113
0.060465
0.060588
0.060392
0.060785
0.060372
0.060798
0.060379
0.060743
0.060786
0.060711
0.061100
0.060735
0.060931
0.060688
0.061124
0.060709
0.061102
0.060759
0.061084
0.061195
0.061026
0.061336
0.060966
0.061100
0.060876
0.061171
0.060800
0.061065
0.060833
0.060979
0.061175
0.060809
0.061229
0.060776
0.061116
0.060771
0.060929
0.060529
0.060768
0.060620
0.060735
0.060861
0.060564
0.060852
0.060445
0.060788
0.060439
0.060667
0.060168
0.060492
0.060195
0.060276
0.060439
0.060088
0.060400
0.059976
0.060227
0.059966
0.059942
0.060126
0.059778
0.059536
0.059570
0.059776
0.059400
0.059654
0.059204
0.059462
0.059247
0.059343
0.059481
0.059117
0.058948
0.058948
0.059206
0.058773
0.059123
0.058658
0.058977
0.058754
0.058794
0.059086
0.058690
0.058986
0.058497
0.058740
0.058321
0.058669
0.058193
0.058506
0.058337
0.058392
0.058640
0.058325
0.058556
0.058218
0.058464
0.058068
0.058383
0.057999
0.058387
0.058198
0.058229
0.058571
0.058166
0.058471
0.058067
0.058421
0.057933
0.058358
0.057833
0.058204
0.058230
0.058164
0.058611
0.058146
0.058570
0.058129
0.058564
0.058490
0.058513
0.058136
0.058521
0.058593
0.058544
0.059000
0.058507
0.058986
0.058505
0.058954
0.058971
0.059075
0.058589
0.058967
0.059101
0.059042
0.059383
0.059046
0.059415
0.059075
0.059477
0.059434
0.059477
0.059757
0.059398
0.059521
0.059337
0.059839
0.059308
0.059832
0.059257
0.059771
0.059742
0.059821
0.060005
0.059765
0.059802
0.059730
0.060086
0.059700
0.060042
0.059714
0.060019
0.060129
0.060013
0.060320
0.060033
0.060368
0.060021
0.060358
0.059944
0.060346
0.060002
0.060234
0.060369
0.060207
0.060561
0.060188
0.060502
0.060180
0.060436
0.060083
0.060359
0.060143
0.060336
0.060446
0.060353
0.060627
0.060308
0.060566
0.060289
0.060568
0.060718
0.060532
0.060379
0.060468
0.060734
0.060489
0.060871
0.060420
0.060868
0.060488
0.060788
0.060869
0.060755
0.060539
0.060757
0.060862
0.060668
0.061024
0.060604
0.060945
0.060675
0.060902
0.061051
0.060812
0.061197
0.060790
0.060971
0.060724
0.061046
0.060625
0.060939
0.060762
0.060902
0.061085
0.060777
0.061102
0.060694
0.060950
0.060541
0.060914
0.060523
0.060840
0.060617
0.060733
0.060953
0.060621
0.060948
0.060580
0.060815
0.060585
0.060671
0.060299
0.060538
0.060375
0.060426
0.060655
0.060307
0.060597
0.060166
0.060487
0.060166
0.060246
0.059780
0.060023
0.059855
0.059851
0.060021
0.059562
0.059875
0.059402
0.059688
0.059416
0.059455
0.058941
0.059206
0.059000
0.058970
0.059217
0.058689
0.059030
0.058476
0.058783
0.058579
0.058635
0.058808
0.058406
0.058338
0.058335
0.058663
0.058217
0.058532
0.058189
0.058514
0.058368
0.058297
0.058684
0.058119
0.058197
0.058023
0.058467
0.057995
0.058312
0.057921
0.058264
0.058204
0.058178
0.058495
0.058081
0.058481
0.057977
0.058306
0.057916
0.058228
0.057870
0.058178
0.058211
0.058111
0.058589
0.058168
0.058590
0.058262
0.058615
0.058265
0.058671
0.058262
0.058702
0.058748
0.058713
0.059183
0.058782
0.059120
0.058814
0.059190
0.059187
0.059198
0.058866
0.059211
0.059293
0.059256
0.059589
0.059225
0.059552
0.059211
0.059551
0.059571
0.059483
0.059211
0.059398
0.059608
0.059438
0.059851
0.059413
0.059863
0.059377
0.059857
0.059881
0.059860
0.060235
0.059816
0.059980
0.059820
0.060141
0.059752
0.060232
0.059863
0.060173
0.060297
0.060252
0.060594
0.060226
0.060442
0.060273
0.060632
0.060275
0.060684
0.060452
0.060666
0.060897
0.060728
0.061204
0.060756
0.061165
0.060742
0.061180
0.060734
0.061090
0.060854
0.061050
0.061231
0.061030
0.061351
0.061038
0.061324
0.060998
0.061242
0.060836
0.061176
0.060959
0.061105
0.061231
0.061064
0.061346
0.061032
0.061295
0.060997
0.061193
0.061332
0.061035
0.060856
0.060942
0.061251
0.060793
0.061197
0.060716
0.061046
0.060778
0.060928
0.061071
0.060817
0.060609
0.060622
0.060895
0.060466
0.060863
0.060412
0.060659
0.060455
0.060535
0.060672
0.060377
0.060674
0.060159
0.060397
0.060036
0.060299
0.059806
0.060054
0.059895
0.059953
0.060114
0.059764
0.060101
0.059575
0.059870
0.059474
0.059729
0.059274
0.059607
0.059402
0.059452
0.059687
0.059346
0.059590
0.059159
0.059455
0.059012
0.059348
0.058866
0.059205
0.059100
0.059053
0.059405
0.058943
0.059274
0.058850
0.059215
0.059005
0.059081
0.058668
0.059034
0.058929
0.058929
0.059252
0.058870
0.059190
0.058761
0.059118
0.058967
0.059066
0.058666
0.059007
0.058945
0.058944
0.059280
0.058926
0.059218
0.058846
0.059191
0.059204
0.059103
0.059555
0.059080
0.059150
0.058986
0.059422
0.058926
0.059358
0.058941
0.059261
0.059265
0.059247
0.059665
0.059280
0.059349
0.059212
0.059593
0.059134
0.059515
0.059188
0.059428
0.059497
0.059417
0.059806
0.059379
0.059721
0.059229
0.059662
0.059205
0.059557
0.059144
0.059468
0.059521
0.059344
0.059692
0.059212
0.059628
0.059045
0.059477
0.059019
0.059444
0.058939
0.059332
0.059306
0.059230
0.059520
0.059125
0.059396
0.059120
0.059377
0.059390
0.059227
0.059033
0.059170
0.059293
0.059169
0.059519
0.059077
0.059353
0.059050
0.059236
0.059338
0.059129
0.058933
0.059091
0.059215
0.059033
0.059360
0.058904
0.059223
0.058962
0.059135
0.059258
0.059078
0.059405
0.058979
0.059191
0.058834
0.059207
0.058756
0.059046
0.058732
0.058913
0.059041
0.058839
0.059017
0.058711
0.058837
0.058543
0.058879
0.058449
0.058753
0.058580
0.058662
0.058874
0.058608
0.058928
0.058536
0.058803
0.058588
0.058775
0.058415
0.058735
0.058571
0.058676
0.058909
0.058595
0.058964
0.058563
0.058926
0.058684
0.058812
0.058495
0.058829
0.058646
0.058760
0.059050
0.058687
0.059118
0.058672
0.059054
0.058856
0.059046
0.058594
0.059013
0.058885
0.058958
0.059349
0.058940
0.059334
0.058881
0.059335
0.059087
0.059233
0.059469
0.059232
0.059078
0.059163
0.059509
0.059201
0.059454
0.059143
0.059409
0.059335
0.059379
0.059738
0.059343
0.059371
0.059291
0.059727
0.059280
0.059629
0.059203
0.059641
0.059481
0.059578
0.059915
0.059570
0.059893
0.059459
0.059901
0.059466
0.059794
0.059406
0.059707
0.059664
0.059641
0.060027
0.059580
0.059963
0.059522
0.059816
0.059461
0.059766
0.059404
0.059711
0.059710
0.059654
0.060035
0.059573
0.059939
0.059543
0.059907
0.059821
0.059839
0.059420
0.059723
0.059782
0.059668
0.060040
0.059598
0.059933
0.059496
0.059881
0.059806
0.059760
0.059320
0.059641
0.059648
0.059590
0.059850
0.059485
0.059843
0.059369
0.059797
0.059741
0.059755
0.060026
0.059672
0.059686
0.059614
0.059879
0.059544
0.059855
0.059502
0.059735
0.059863
0.059684
0.060120
0.059630
0.059830
0.059542
0.059965
0.059477
0.059917
0.059489
0.059812
0.059866
0.059790
0.060102
0.059670
0.060048
0.059574
0.059929
0.059519
0.059815
0.059536
0.059799
0.059895
0.059730
0.060092
0.059693
0.060025
0.059622
0.059983
0.059570
0.059872
0.059632
0.059839
0.060033
0.059782
0.060113
0.059723
0.060037
0.059815
0.060023
0.060072
0.059933
0.059648
0.059809
0.059995
0.059812
0.060089
0.059685
0.060019
0.059696
0.059968
0.060068
0.059818
0.059665
0.059808
0.059991
0.059772
0.060040
0.059658
0.059903
0.059723
0.059893
0.060074
0.059773
0.059588
0.059672
0.059924
0.059525
0.059927
0.059464
0.059758
0.059587
0.059656
0.059831
0.059522
0.059858
0.059418
0.059704
0.059223
0.059609
0.059166
0.059404
0.059303
0.059277
0.059538
0.059155
0.059426
0.058923
0.059285
0.058796
0.059114
0.058672
0.058954
0.058839
0.058804
0.059208
0.058730
0.059081
0.058604
0.059008
0.058767
0.058868
0.058394
0.058741
0.058636
0.058640
0.058994
0.058498
0.058880
0.058422
0.058746
0.058617
0.058620
0.058238
0.058568
0.058520
0.058531
0.058977
0.058474
0.058878
0.058389
0.058765
0.058688
0.058637
0.059023
0.058624
0.058619
0.058589
0.058949
0.058502
0.058899
0.058362
0.058855
0.058680
0.058803
5.417979
5.418069
5.414159
5.410357
5.410672
5.410582
5.409266
5.407574
5.405516
5.403312
5.400409
5.396978
5.393064
5.388906
5.384556
5.379819
5.374921
5.369574
5.363993
5.358268
5.351970
5.345830
5.339772
5.332972
5.325568
5.318162
5.311056
5.303680
5.295798
5.287790
5.280243
5.272418
5.264307
5.256305
5.248897
5.241388
5.233890
5.226390
5.218534
5.210786
5.203453
5.195651
5.187583
5.179578
5.171559
5.163669
5.155387
5.147150
5.138676
5.130159
5.121451
5.112584
5.103940
5.095057
5.086263
5.077540
5.068791
5.059661
5.050603
5.041701
5.032602
5.023101
5.014036
5.005035
4.995274
4.986006
4.977565
4.969116
4.960155
4.951589
4.943766
4.935348
4.926380
4.917730
4.908736
4.899702
4.890906
4.882099
4.872780
4.863541
4.854651
4.845450
4.836025
4.826515
4.817338
4.808238
4.798915
4.789813
4.780832
4.771732
4.762456
4.753738
4.745372
4.736704
4.727859
4.718478
4.709571
4.700895
4.692111
4.683074
4.674527
4.665784
4.656916
4.647666
4.637994
4.628065
4.618644
4.609266
4.599916
4.590472
4.581203
4.572265
4.563335
4.553797
4.544035
4.534503
4.524757
4.514704
4.504454
4.494532
4.484355
4.473886
4.464192
4.454900
4.445353
4.435508
4.425629
4.416270
4.406376
4.396083
4.386060
4.376376
4.366247
4.355897
4.346096
4.336271
4.325572
4.314941
4.305132
4.295236
4.284736
4.274768
4.266050
4.256750
4.246813
4.237380
4.228248
4.218432
4.208529
4.199751
4.190318
4.180244
4.171000
4.162035
4.153341
4.145012
4.135847
4.127732
4.120790
4.112812
4.104406
4.095789
4.087780
4.078946
4.070064
4.060612
4.051493
4.042407
4.033567
4.025439
4.017714
4.008869
3.999708
3.990941
3.981724
3.972965
3.963788
3.955191
3.946214
3.936618
3.927486
3.919219
3.911207
3.902686
3.893747
3.884923
3.876660
3.867800
3.858890
3.850073
3.840816
3.831283
3.822007
3.812389
3.802735
3.792965
3.783333
3.773982
3.764659
3.755250
3.746003
3.736467
3.726902
3.717085
3.707378
3.697635
3.687678
3.677688
3.667552
3.658064
3.648961
3.640165
3.632394
3.624490
3.616223
3.607625
3.599036
3.591151
3.582769
3.574514
3.565345
3.557240
3.549496
3.541824
3.533591
3.525437
3.517271
3.508452
3.499059
3.489898
3.480642
3.471108
3.461557
3.452378
3.443393
3.434658
3.425799
3.417138
3.408410
3.399205
3.389832
3.380445
3.370941
3.361387
3.351852
3.342481
3.333133
3.323678
3.314173
3.304726
3.295445
3.285865
3.276442
3.267534
3.258434
3.249052
3.240018
3.231317
3.222697
3.214208
3.205125
3.196120
3.186764
3.177261
3.168239
3.160169
3.151662
3.142523
3.133366
3.124822
3.116036
3.107629
3.099328
3.091597
3.083315
3.075080
3.067166
3.060253
3.053620
3.046831
3.040281
3.034152
3.027295
3.019638
3.013162
3.006357
2.999387
2.992150
2.984974
2.977794
2.970313
2.962765
2.955677
2.948752
2.941753
2.935007
2.928601
2.921478
2.914256
2.907365
2.899648
2.891444
2.883289
2.875296
2.867299
2.859226
2.851570
2.843550
2.835626
2.827532
2.819575
2.811991
2.804627
2.797270
2.790024
2.783205
2.776407
2.769877
2.763148
2.756041
2.748784
2.741820
2.734831
2.727622
2.720066
2.712866
2.705413
2.698038
2.690968
2.684308
2.677219
2.670609
2.663404
2.656698
2.649572
2.642251
2.635213
2.627895
2.620133
2.611828
2.604705
2.597845
2.590307
2.582398
2.574828
2.567136
2.558884
2.550408
2.542515
2.534748
2.526196
2.517563
2.510344
2.503023
2.495156
2.487442
2.480094
2.472691
2.464599
2.457277
2.451113
2.444936
2.437429
2.430039
2.422944
2.415122
2.407238
2.399869
2.393083
2.386245
2.379412
2.372729
2.365926
2.358533
2.351021
2.343745
2.336773
2.329067
2.321848
2.315046
2.307765
2.300307
2.293080
2.286158
2.279282
2.273850
2.268555
2.264165
2.257401
2.250619
2.244716
2.238867
2.232215
2.224718
2.217502
2.210479
2.203896
2.197294
2.190577
2.183977
2.177192
2.170140
2.162952
2.156148
2.149214
2.142187
2.134833
2.127401
2.120206
2.112771
2.105032
2.098198
2.091550
2.084865
2.078218
2.071524
2.064977
2.058405
2.051587
2.044406
2.036937
2.029536
2.021973
2.014346
2.006163
1.997930
1.990127
1.981596
1.973333
1.965292
1.957137
1.948884
1.940832
1.933007
1.924914
1.916639
1.908521
1.900629
1.892706
1.884500
1.876417
1.869028
1.861746
1.854169
1.846220
1.838289
1.830911
1.823099
1.815610
1.807771
1.800586
1.793448
1.786291
1.778981
1.771971
1.765211
1.758630
1.752241
1.746112
1.739925
1.733673
1.727647
1.721037
1.714423
1.708030
1.702075
1.695761
1.689691
1.683675
1.678037
1.672099
1.666933
1.660964
1.655850
1.648335
1.640334
1.631654
1.623099
1.614823
1.606157
1.597133
1.588678
1.580952
1.574910
1.568146
1.562694
1.557429
1.551776
1.546706
1.541166
1.535949
1.530089
1.524426
1.519024
1.513432
1.508124
1.502457
1.497010
1.491241
1.484722
1.478362
1.472215
1.466019
1.459680
1.453327
1.446969
1.440422
1.434054
1.427476
1.420588
1.413731
1.406826
1.399872
1.392649
1.385808
1.378932
1.372197
1.365311
1.358475
1.351524
1.344844
1.337384
1.329540
1.321653
1.313818
1.306327
1.298412
1.290303
1.281763
1.273825
1.266342
1.258726
1.251202
1.243214
1.235543
1.227567
1.219933
1.212558
1.205007
1.197657
1.190755
1.183850
1.176962
1.170007
1.163154
1.156539
1.149524
1.142628
1.136605
1.130973
1.124947
1.118718
1.113295
1.107795
1.101950
1.096275
1.091049
1.085689
1.080265
1.075293
1.070735
1.066126
1.061161
1.056461
1.052228
1.047514
1.042647
1.038199
1.033867
1.029550
1.025998
1.021993
1.017010
1.011222
1.005333
0.999586
0.993906
0.988127
0.983921
0.978874
0.974580
0.970305
0.965922
0.961263
0.956749
0.952088
0.947396
0.942747
0.938485
0.934262
0.929610
0.924939
0.920482
0.915841
0.911169
0.906296
0.901522
0.896802
0.892123
0.887212
0.882047
0.876480
0.870380
0.865231
0.860155
0.855095
0.850106
0.845029
0.840077
0.835120
0.830015
0.825315
0.820117
0.815064
0.809766
0.804846
0.799882
0.794827
0.790130
0.785702
0.781575
0.777538
0.773476
0.769798
0.766057
0.762077
0.758619
0.754951
0.751023
0.747281
0.743095
0.739508
0.735506
0.732029
0.728584
0.723141
0.717953
0.713076
0.707583
0.702697
0.697352
0.692740
0.688074
0.683598
0.679113
0.674759
0.670829
0.666616
0.662535
0.658416
0.654663
0.650634
0.646904
0.643348
0.639574
0.636195
0.632799
0.629707
0.626646
0.623646
0.620771
0.618182
0.615680
0.613595
0.611764
0.609669
0.607568
0.605398
0.603326
0.601191
0.598935
0.596901
0.594876
0.592814
0.590927
0.589121
0.587260
0.584974
0.582789
0.580726
0.578623
0.576739
0.575017
0.573333
0.571656
0.570370
0.568669
0.565006
0.561529
0.557340
0.552872
0.547601
0.541628
0.535272
0.528492
0.521574
0.514354
0.506906
0.499403
0.491833
0.484328
0.476750
0.469196
0.461650
0.454085
0.446485
0.438964
0.431449
0.423881
0.416448
0.408775
0.401164
0.393346
0.385639
0.377787
0.369930
0.361897
0.353991
0.346238
0.338468
0.330903
0.323462
0.316073
0.308630
0.301218
0.293993
0.286800
0.279639
0.272515
0.265584
0.258456
0.251512
0.244555
0.237681
0.230890
0.224182
0.217618
0.210978
0.204466
0.198157
0.191793
0.185647
0.179580
0.173727
0.168016
0.162497
0.156929
0.151640
0.146515
0.141547
0.136827
0.132220
0.127533
0.123204
0.118881
0.114768
0.110655
0.106746
0.103016
0.099354
0.095788
0.092251
0.088915
0.085688
0.082585
0.079477
0.076592
0.073761
0.070945
0.068279
0.065684
0.063237
0.060975
0.058598
0.056433
0.054287
0.052222
0.050306
0.048506
0.046692
0.044946
0.043358
0.041897
0.040402
0.039057
0.037759
0.036424
0.035250
0.033967
0.032918
0.031850
0.030802
0.029812
0.028835
0.027951
0.027144
0.026263
0.025387
0.024629
0.023911
0.023217
0.022502
0.021815
0.021197
0.020677
0.020086
0.019606
0.019066
0.018628
0.018174
0.017767
0.017378
0.017028
0.016786
0.016395
0.016101
0.015736
0.015405
0.015097
0.014789
0.014455
0.014076
0.013513
0.013442
0.013525
0.013604
0.013742
0.014085
0.014442
0.015016
0.015777
0.016819
0.017968
0.019290
0.020612
0.022038
0.023673
0.024902
0.025849
0.026637
0.027684
0.028875
0.030489
0.031748
0.033043
0.034277
0.035581
0.037026
0.038792
0.040642
0.042710
0.044635
0.046346
0.047955
0.049522
0.051216
0.053036
0.055018
0.057132
0.059318
0.061529
0.063483
0.065336
0.066815
0.068180
0.069241
0.070241
0.071106
0.071901
0.072502
0.073072
0.073573
0.073998
0.074352
0.074617
0.074913
0.075111
0.075415
0.075692
0.076012
0.076595
0.077583
0.078758
0.080066
0.081592
0.083204
0.084998
0.086681
0.088579
0.090549
0.092583
0.094802
0.096975
0.099032
0.100918
0.102859
0.104358
0.105367
0.106347
0.106979
0.107528
0.107732
0.107713
0.107680
0.107653
0.107648
0.107827
0.108102
0.108511
0.108858
0.109255
0.109666
0.109823
0.110196
0.110398
0.110511
0.110577
0.110852
0.111195
0.111536
0.111930
0.112292
0.112524
0.112724
0.112892
0.113219
0.113512
0.114010
0.114787
0.115800
0.117191
0.118571
0.120173
0.121999
0.124232
0.126368
0.128536
0.130863
0.133261
0.135722
0.138108
0.140351
0.142580
0.144927
0.147359
0.149906
0.152603
0.155248
0.158049
0.160871
0.163655
0.166369
0.168820
0.171071
0.173131
0.175006
0.176729
0.178342
0.179788
0.181314
0.182887
0.184527
0.186026
0.187575
0.188971
0.190499
0.192072
0.193676
0.195214
0.196888
0.198479
0.200113
0.201645
0.203199
0.204565
0.205937
0.207381
0.208706
0.210048
0.211259
0.212583
0.213782
0.214772
0.215631
0.216121
0.216386
0.216498
0.216570
0.216552
0.216418
0.216050
0.215461
0.214908
0.214159
0.213553
0.212906
0.212372
0.211822
0.211271
0.210910
0.210770
0.210839
0.211173
0.211495
0.212060
0.212594
0.213275
0.213985
0.214770
0.215643
0.216654
0.217504
0.218323
0.219149
0.219896
0.220618
0.221516
0.222232
0.223129
0.223803
0.224255
0.224662
0.224713
0.224636
0.224442
0.224214
0.223958
0.223749
0.223506
0.223312
0.223126
0.222908
0.222789
0.222951
0.223079
0.223231
0.223470
0.223702
0.224100
0.224708
0.225395
0.226218
0.227079
0.227924
0.228759
0.229395
0.230158
0.230632
0.230978
0.230887
0.230405
0.230020
0.229493
0.228572
0.227281
0.225806
0.224061
0.221949
0.219664
0.217123
0.214299
0.211312
0.208217
0.205152
0.202126
0.198931
0.195641
0.192243
0.188568
0.184784
0.180797
0.176607
0.172286
0.168007
0.163669
0.159287
0.154877
0.150520
0.146156
0.141911
0.137670
0.133499
0.129532
0.125665
0.122022
0.118648
0.115360
0.112145
0.108955
0.106007
0.103196
0.100640
0.098600
0.096951
0.095354
0.093848
0.092540
0.091275
0.090152
0.089097
0.088097
0.087104
0.086036
0.084660
0.083223
0.081591
0.079876
0.078287
0.076405
0.074453
0.072713
0.070956
0.069209
0.067544
0.065600
0.063556
0.061666
0.059674
0.057745
0.055891
0.054250
0.052799
0.051741
0.050951
0.050350
0.049931
0.049910
0.050064
0.050304
0.050861
0.051558
0.052405
0.053417
0.054533
0.055632
0.056702
0.058128
0.059672
0.061429
0.063345
0.065486
0.067810
0.070352
0.073038
0.075719
0.078365
0.080848
0.083349
0.085928
0.088239
0.090512
0.092633
0.094633
0.096458
0.098041
0.099456
0.100678
0.101716
0.102590
0.103260
0.103766
0.104042
0.104233
0.104334
0.104368
0.104150
0.103843
0.103344
0.103049
0.103167
0.103365
0.103706
0.104258
0.104638
0.104907
0.105184
0.105369
0.105432
0.105484
0.105545
0.105720
0.105804
0.105795
0.105858
0.105777
0.105592
0.105551
0.105683
0.105861
0.106042
0.106344
0.106741
0.107178
0.107521
0.107766
0.107973
0.108119
0.108208
0.108187
0.107926
