0.718304
0.718304
0.718304
0.718304
0.718304
0.718304
0.718304
0.718304
0.718318
0.718015
0.717458
0.716654
0.715665
0.714024
0.712316
0.710163
0.708261
0.706825
0.705144
0.703276
0.701349
0.699264
0.696562
0.694094
0.691494
0.689086
0.686414
0.683978
0.681363
0.678904
0.676640
0.674080
0.671523
0.669100
0.666434
0.663942
0.661612
0.658935
0.656534
0.653873
0.651617
0.649184
0.646547
0.644631
0.642253
0.640030
0.637787
0.635297
0.632858
0.630326
0.627633
0.624893
0.621891
0.619141
0.616011
0.613432
0.610600
0.607749
0.605213
0.602258
0.599349
0.596775
0.593820
0.590961
0.588086
0.585334
0.582519
0.579817
0.576985
0.574063
0.571304
0.568519
0.565779
0.562970
0.560033
0.557343
0.554515
0.551958
0.549766
0.547498
0.545136
0.542897
0.540011
0.537250
0.533723
0.530206
0.526549
0.523046
0.519420
0.516250
0.512757
0.509570
0.506457
0.503060
0.499846
0.496426
0.493117
0.489505
0.486440
0.483018
0.479758
0.476503
0.473102
0.469946
0.466592
0.463420
0.460073
0.456777
0.453415
0.450221
0.446843
0.443655
0.440518
0.437085
0.434026
0.430795
0.427394
0.424143
0.420923
0.417682
0.414535
0.411210
0.408061
0.404784
0.401583
0.398343
0.395346
0.392043
0.388807
0.385832
0.382594
0.379460
0.376417
0.373366
0.370234
0.366997
0.364126
0.361050
0.358056
0.355154
0.352082
0.349091
0.345894
0.343142
0.340427
0.337048
0.334363
0.331282
0.328464
0.325632
0.322677
0.319939
0.317113
0.314263
0.311589
0.308392
0.305901
0.302994
0.300200
0.297517
0.294691
0.291785
0.289173
0.286456
0.283850
0.281195
0.278609
0.275836
0.273119
0.270833
0.268098
0.265665
0.262973
0.260503
0.258008
0.255477
0.253064
0.250763
0.248091
0.245877
0.243385
0.241065
0.238650
0.236349
0.234211
0.231562
0.229449
0.227051
0.224922
0.222809
0.220507
0.218528
0.216223
0.214052
0.211734
0.209617
0.207580
0.205543
0.203401
0.201317
0.199191
0.197264
0.195220
0.193202
0.191088
0.189119
0.187416
0.185192
0.183284
0.181488
0.179580
0.177374
0.175597
0.173797
0.171862
0.170004
0.168287
0.166187
0.164579
0.162785
0.160884
0.159167
0.157393
0.155779
0.153854
0.152277
0.150623
0.148879
0.147242
0.145501
0.144084
0.142231
0.140596
0.139234
0.137620
0.135936
0.134520
0.132856
0.131418
0.129867
0.128450
0.127071
0.125518
0.124102
0.122849
0.121314
0.119834
0.118515
0.117073
0.115708
0.114291
0.113027
0.111606
0.110226
0.109182
0.107765
0.106292
0.105149
0.103919
0.102664
0.101247
0.100179
0.098783
0.097687
0.096403
0.095260
0.094049
0.092794
0.091750
0.090633
0.089252
0.088288
0.087035
0.085917
0.084849
0.083805
0.082688
0.081535
0.080470
0.079647
0.078532
0.077540
0.076508
0.075653
0.074536
0.073383
0.072763
0.071796
0.070711
0.069749
0.068901
0.068079
0.067164
0.066199
0.065438
0.064595
0.063831
0.062955
0.062134
0.061387
0.060545
0.059860
0.058907
0.058084
0.057640
0.056720
0.056105
0.055285
0.054521
0.053792
0.053345
0.052535
0.051817
0.051107
0.050565
0.050010
0.049187
0.048704
0.047860
0.047417
0.046718
0.046053
0.045530
0.045115
0.044411
0.043811
0.043256
0.042636
0.042097
0.041764
0.041130
0.040569
0.040126
0.039603
0.039082
0.038540
0.038050
0.037496
0.037107
0.036629
0.036187
0.035744
0.035221
0.034921
0.034490
0.033851
0.033662
0.033277
0.032753
0.032245
0.031801
0.031611
0.031277
0.030756
0.030310
0.030008
0.029623
0.029319
0.028987
0.028587
0.028142
0.027843
0.027732
0.027098
0.026987
0.026590
0.026146
0.025902
0.025680
0.025271
0.024938
0.024617
0.024426
0.024204
0.023905
0.023573
0.023271
0.023049
0.022619
0.022431
0.022156
0.021855
0.021522
0.021407
0.021185
0.020997
0.020566
0.020375
0.020043
0.019931
0.019709
0.019410
0.019299
0.019091
0.018980
0.018662
0.018329
0.018126
0.018015
0.017824
0.017713
0.017602
0.017173
0.017062
0.016874
0.016763
0.016572
0.016461
0.016128
0.016128
0.015905
0.015718
0.015718
0.015415
0.015193
0.015193
0.014971
0.014860
0.014860
0.014749
0.014451
0.014337
0.014145
0.014034
0.013923
0.013811
0.013700
0.013589
0.013589
0.013402
0.013180
0.013099
0.012988
0.012988
0.012766
0.012766
0.012655
0.012649
0.012316
0.012316
0.012205
0.012205
0.011982
0.011982
0.011982
0.011871
0.011760
0.011649
0.011649
0.011538
0.011538
0.011316
0.011316
0.011316
0.011205
0.011205
0.010983
0.010983
0.010983
0.010872
0.010872
0.010872
0.010650
0.010650
0.010650
0.010539
0.010539
0.010316
0.010316
0.010316
0.010205
0.010205
0.010205
0.010205
0.009983
0.009983
0.009983
0.009872
0.009872
0.009872
0.009761
0.009650
0.009650
0.009650
0.009539
0.009539
0.009539
0.009539
0.009428
0.009428
0.009428
0.009428
0.009317
0.009317
0.009317
0.009317
0.009206
0.009206
0.009206
0.009206
0.009206
0.009095
0.009095
0.009095
0.009095
0.008981
0.008981
0.008981
0.008981
0.008981
0.008870
0.008870
0.008870
0.008870
0.008870
0.008870
0.008759
0.008759
0.008759
0.008759
0.008759
0.008759
0.008648
0.008648
0.008648
0.008648
0.008648
0.008648
0.008536
0.008536
0.008536
0.008536
0.008536
0.008536
0.008536
0.008425
0.008425
0.008425
0.008425
0.008425
0.008425
0.008425
0.008425
0.008425
0.008425
0.008425
0.008425
0.008425
0.008425
0.008425
0.008425
0.008425
0.008314
0.008314
0.008314
0.008314
0.008314
0.008314
0.008314
0.008314
0.008314
0.008314
0.008314
0.008314
0.008314
0.008314
0.008314
0.008314
0.008314
0.008314
0.008314
0.008314
0.008314
0.008314
0.008314
0.008314
0.008314
0.008314
0.008314
0.008314
0.008314
0.008314
0.008314
0.008314
0.008314
0.008314
0.008314
0.008314
0.008314
0.008314
0.008314
0.008314
0.008314
0.008314
0.008314
0.008314
0.008314
0.008314
0.008314
0.008314
0.008314
0.008314
0.008314
0.008314
0.008314
0.008314
0.008314
0.008314
0.008314
0.008314
0.008314
0.008314
0.008314
0.008314
0.008314
0.008314
0.008314
0.008314
0.008314
0.008314
0.008314
0.008314
0.008314
0.008314
0.008314
0.008314
0.008314
0.008314
0.008314
0.008314
0.008314
0.008314
0.008314
0.008314
0.008314
0.008314
0.008314
0.008314
0.008314
0.008314
0.008314
0.008314
0.008314
0.008314
0.008314
0.008314
0.008314
0.008314
0.008314
0.008314
0.008314
0.008314
0.008314
0.008314
0.008314
0.008314
0.008314
0.008314
0.008314
0.008314
0.008314
0.008314
0.008314
0.008314
0.008314
0.008314
0.008314
0.008314
0.008314
0.008314
0.008314
0.008314
0.008314
0.008314
0.008314
0.008314
0.008314
0.008314
0.008314
0.008314
0.008314
0.008314
0.008314
0.008314
0.008314
0.008314
0.008314
0.008314
0.008314
0.008314
0.008314
0.008314
0.008314
0.008314
0.008314
0.008314
0.008314
0.008314
0.008314
0.008314
