0.291275
0.291275
0.291275
0.291275
0.291275
0.291275
0.291275
0.291275
0.291275
0.291275
0.291275
0.291275
0.291275
0.291275
0.291275
0.291275
0.291275
0.291275
0.291275
0.291275
0.291275
0.291275
0.291275
0.291248
0.290899
0.290584
0.289122
0.287132
0.284361
0.281331
0.278144
0.274891
0.272075
0.269427
0.266766
0.264214
0.261790
0.259191
0.256374
0.253416
0.250669
0.247933
0.245270
0.242336
0.239674
0.236997
0.234465
0.231791
0.229089
0.226734
0.223942
0.221305
0.218546
0.216287
0.213479
0.210993
0.208609
0.206111
0.203650
0.200984
0.198516
0.196187
0.193815
0.191270
0.188731
0.186489
0.184097
0.181578
0.179482
0.177098
0.174804
0.172486
0.170149
0.168084
0.165931
0.163669
0.161493
0.159462
0.157498
0.155290
0.153295
0.151127
0.149377
0.147438
0.145338
0.143471
0.141570
0.139772
0.137988
0.136171
0.134195
0.132608
0.130867
0.129236
0.127376
0.125655
0.124038
0.122624
0.121008
0.119349
0.117591
0.116144
0.114768
0.113194
0.111747
0.110178
0.108669
0.107287
0.106015
0.104549
0.103346
0.101861
0.100501
0.099304
0.097866
0.096585
0.095337
0.094133
0.092852
0.091816
0.090363
0.089204
0.088135
0.086984
0.085945
0.084577
0.083544
0.082524
0.081442
0.080500
0.079316
0.078222
0.076986
0.076234
0.075499
0.074279
0.073264
0.072180
0.071324
0.070503
0.069541
0.068661
0.067728
0.066820
0.066128
0.065064
0.064300
0.063326
0.062717
0.061745
0.060900
0.060129
0.059402
0.058612
0.057533
0.057164
0.056228
0.055619
0.054921
0.054131
0.053493
0.052618
0.052128
0.051164
0.050585
0.050157
0.049305
0.048611
0.048031
0.047516
0.046834
0.046207
0.045572
0.044897
0.044408
0.043965
0.043233
0.042677
0.042268
0.041689
0.041108
0.040520
0.040006
0.039350
0.038981
0.038529
0.037805
0.037544
0.036970
0.036519
0.035981
0.035335
0.034999
0.034523
0.034241
0.033728
0.033200
0.032724
0.032426
0.031943
0.031643
0.031115
0.030779
0.030306
0.029832
0.029589
0.029053
0.028651
0.028419
0.027903
0.027516
0.027229
0.027016
0.026538
0.026189
0.025890
0.025608
0.025321
0.024918
0.024555
0.024152
0.023867
0.023571
0.023293
0.023088
0.022787
0.022430
0.022166
0.021814
0.021705
0.021303
0.021126
0.020799
0.020782
0.020353
0.020057
0.019845
0.019734
0.019406
0.019085
0.018915
0.018651
0.018546
0.018438
0.018037
0.017857
0.017713
0.017522
0.017415
0.017105
0.016874
0.016656
0.016551
0.016338
0.016145
0.016039
0.015828
0.015429
0.015429
0.015217
0.015081
0.014959
0.014573
0.014573
0.014464
0.014124
0.014124
0.013946
0.013842
0.013507
0.013507
0.013402
0.013295
0.013198
0.013003
0.012899
0.012688
0.012688
0.012428
0.012391
0.012283
0.012068
0.011963
0.011848
0.011741
0.011566
0.011566
0.011566
0.011430
0.011203
0.011203
0.011203
0.011025
0.011025
0.010920
0.010833
0.010833
0.010725
0.010621
0.010552
0.010552
0.010465
0.010321
0.010216
0.010216
0.010216
0.010216
0.010080
0.009819
0.009819
0.009819
0.009819
0.009819
0.009607
0.009607
0.009607
0.009522
0.009414
0.009414
0.009309
0.009201
0.009201
0.009201
0.009201
0.009115
0.009115
0.009010
0.008904
0.008833
0.008833
0.008833
0.008833
0.008730
0.008703
0.008507
0.008507
0.008471
0.008471
0.008471
0.008471
0.008365
0.008365
0.008365
0.008365
0.008365
0.008365
0.008365
0.008365
0.008365
0.008365
0.008365
0.008365
0.008365
0.008365
0.008365
0.008365
0.008365
0.008365
0.008365
0.008365
0.008365
0.008365
0.008365
0.008365
0.008365
0.008365
0.008365
0.008365
0.008365
0.008365
0.008365
0.008365
0.008365
0.008365
0.008365
0.008365
0.008365
0.008365
0.008365
0.008365
0.008365
0.008365
0.008365
0.008365
0.008365
0.008365
0.008365
0.008365
0.008365
0.008365
0.008365
0.008365
0.008365
0.008365
0.008365
0.008365
0.008365
0.008365
0.008365
0.008365
0.008365
0.008365
0.008365
0.008365
0.008365
0.008365
0.008365
0.008365
0.008365
0.008365
0.008365
0.008365
0.008365
0.008365
0.008365
0.008365
0.008365
0.008365
0.008365
0.008365
0.008365
0.008365
0.008365
0.008365
0.008365
0.008365
0.008365
0.008365
0.008365
0.008365
0.008365
0.008365
0.008365
0.008365
0.008365
0.008365
0.008365
0.008365
0.008365
0.008365
0.008365
0.008365
0.008365
0.008365
0.008365
0.008365
0.008365
0.008365
0.008365
0.008365
0.008365
0.008365
0.008365
0.008365
0.008365
0.008365
0.008365
0.008365
0.008365
0.008365
0.008365
0.008365
0.008365
0.008365
0.008365
0.008365
0.008365
0.008365
0.008365
0.008365
0.008365
0.008365
0.008365
0.008365
0.008365
0.008365
0.008365
0.008365
0.008365
0.008365
0.008365
0.008365
0.008365
0.008365
0.008365
0.008365
0.008365
0.008365
0.008365
0.008365
0.008365
0.008365
0.008365
0.008365
0.008365
0.008365
0.008365
0.008365
0.008365
0.008365
0.008365
0.008365
0.008365
0.008365
0.008365
0.008365
0.008365
0.008365
0.008365
0.008365
0.008365
0.008365
0.008365
0.008365
0.008365
0.008365
0.008365
0.008365
0.008365
0.008365
0.008365
0.008365
0.008365
0.008365
0.008365
0.008365
0.008365
0.008365
0.008365
0.008365
0.008365
0.008365
0.008365
0.008365
0.008365
0.008365
0.008365
0.008365
0.008365
0.008365
0.008365
0.008365
0.008365
0.008365
0.008365
0.008365
0.008365
0.008365
0.008365
0.008365
0.008365
0.008365
0.008365
0.008365
0.008365
0.008365
0.008365
0.008365
0.008365
0.008365
0.008365
0.008365
0.008365
0.008365
0.008365
0.008365
0.008365
0.008365
0.008365
0.008365
0.008365
0.008365
0.008365
0.008365
0.008365
0.008365
0.008365
0.008365
0.008365
0.008365
0.008365
0.008365
0.008365
0.008365
0.008365
0.008365
0.008365
0.008365
0.008365
0.008365
0.008365
0.008365
0.008365
0.008365
0.008365
0.008365
0.008365
0.008365
0.008365
0.008365
0.008365
0.008365
0.008365
0.008365
0.008365
0.008365
0.008365
0.008365
0.008365
0.008365
0.008365
0.008365
0.008365
0.008365
0.008365
0.008365
0.008365
0.008365
0.008365
0.008365
0.008365
0.008365
0.008365
0.008365
0.008365
0.008365
0.008365
0.008365
0.008365
0.008365
0.008365
0.008365
0.008365
0.008365
0.008365
0.008365
0.008365
0.008365
0.008365
0.008365
0.008365
0.008365
0.008365
0.008365
0.008365
0.008365
0.008365
0.008365
0.008365
0.008365
0.008365
0.008365
0.008365
0.008365
0.008365
0.008365
0.008365
0.008365
0.008365
0.008365
0.008365
0.008365
0.008365
0.008365
0.008365
0.008365
0.008365
0.008365
0.008365
0.008365
0.008365
0.008365
0.008365
0.008365
0.008365
0.008365
0.008365
0.008365
0.008365
0.008365
0.008365
0.008365
0.008365
0.008365
0.008365
0.008365
0.008365
0.008365
0.008365
0.008365
0.008365
0.008365
0.008365
0.008365
0.008365
0.008365
0.008365
0.008365
0.008365
0.008365
