1.762319
1.674575
1.502589
1.345939
1.243713
1.195242
1.178426
1.175277
1.175994
1.177202
1.176074
1.173386
1.170904
1.168691
1.166137
1.163540
1.160172
1.156444
1.152373
1.148051
1.143548
1.139188
1.135345
1.131401
1.127645
1.123915
1.120094
1.116220
1.112003
1.107458
1.103143
1.098313
1.093546
1.089037
1.084421
1.080166
1.075954
1.071755
1.067282
1.062979
1.058508
1.054196
1.049604
1.044835
1.040248
1.035810
1.031452
1.027105
1.022641
1.018528
1.014115
1.009657
1.005235
1.000834
0.996467
0.992329
0.987927
0.983560
0.979351
0.975037
0.970753
0.966307
0.962232
0.958063
0.953727
0.949605
0.945384
0.941234
0.936900
0.932768
0.928212
0.923881
0.919681
0.915358
0.911364
0.906855
0.902756
0.898520
0.894134
0.889784
0.885747
0.881557
0.877433
0.873370
0.869098
0.865276
0.861296
0.857134
0.853085
0.848963
0.845000
0.841253
0.837274
0.833754
0.829766
0.826188
0.822283
0.818522
0.814777
0.811149
0.808420
0.805751
0.802746
0.799394
0.796202
0.792916
0.789666
0.786197
0.783262
0.779962
0.776572
0.773140
0.769713
0.766125
0.762766
0.759446
0.755775
0.752312
0.748891
0.745226
0.741925
0.738302
0.735415
0.731868
0.728437
0.725048
0.721621
0.718215
0.714861
0.711372
0.707988
0.704600
0.701171
0.698053
0.694716
0.691475
0.688191
0.685117
0.681962
0.678521
0.675445
0.672288
0.668966
0.665830
0.662545
0.659947
0.657077
0.654558
0.652261
0.649846
0.647736
0.645325
0.642991
0.640712
0.638328
0.635956
0.633652
0.631260
0.628515
0.626217
0.623409
0.620904
0.618574
0.615788
0.613582
0.611395
0.608936
0.606731
0.604592
0.602463
0.600322
0.597758
0.595613
0.593263
0.590855
0.588288
0.585908
0.583223
0.580559
0.577850
0.575063
0.572255
0.569457
0.566702
0.563648
0.560905
0.558164
0.555284
0.552435
0.549709
0.546940
0.544147
0.541317
0.538525
0.535655
0.532768
0.529745
0.527153
0.524302
0.521468
0.518949
0.516211
0.513259
0.510674
0.507902
0.505167
0.502633
0.501055
0.498719
0.496202
0.493697
0.491524
0.488786
0.486534
0.483963
0.481396
0.478724
0.476133
0.473363
0.470885
0.467851
0.465235
0.462598
0.459785
0.456861
0.454121
0.451731
0.448956
0.446645
0.444106
0.441626
0.438851
0.436104
0.433395
0.430607
0.427939
0.425394
0.422859
0.420196
0.417884
0.415159
0.412752
0.409926
0.407558
0.405060
0.402879
0.400904
0.399366
0.397515
0.395690
0.394133
0.391820
0.389881
0.387374
0.385212
0.382649
0.380377
0.377882
0.375164
0.372589
0.369908
0.367367
0.365036
0.362283
0.359881
0.357433
0.354934
0.352325
0.349937
0.347541
0.344652
0.342491
0.340030
0.337304
0.335005
0.332550
0.330027
0.327608
0.325211
0.322643
0.320198
0.317841
0.315236
0.312733
0.310401
0.308092
0.305689
0.303186
0.300757
0.298453
0.295919
0.293681
0.291207
0.288868
0.286584
0.284165
0.281960
0.279580
0.277192
0.274786
0.272437
0.270164
0.267905
0.265884
0.263447
0.261044
0.258950
0.256613
0.254470
0.252141
0.250169
0.247830
0.245416
0.243492
0.241090
0.238764
0.236649
0.234415
0.232189
0.230006
0.227888
0.225740
0.223574
0.221306
0.219110
0.217129
0.215102
0.213063
0.210819
0.208985
0.206839
0.204880
0.202896
0.200745
0.199030
0.196957
0.194777
0.192941
0.191117
0.188917
0.187151
0.185291
0.183185
0.181429
0.179499
0.177533
0.175743
0.173874
0.172157
0.170253
0.168324
0.166562
0.164529
0.162840
0.161183
0.159363
0.157512
0.155785
0.154096
0.152266
0.150593
0.148764
0.147003
0.145386
0.143697
0.141840
0.140152
0.138467
0.136841
0.135092
0.133242
0.131890
0.130300
0.128694
0.127208
0.125374
0.123888
0.122342
0.120856
0.119380
0.117790
0.116227
0.114733
0.113189
0.111812
0.110337
0.108954
0.107478
0.106102
0.104695
0.103209
0.101878
0.100505
0.099243
0.097757
0.096391
0.095009
0.093773
0.092392
0.091129
0.089801
0.088430
0.087227
0.085922
0.084472
0.083199
0.081987
0.080725
0.079513
0.078212
0.077137
0.075964
0.074896
0.073810
0.072814
0.071885
0.070891
0.069885
0.068883
0.068037
0.067050
0.066034
0.065169
0.064288
0.063307
0.062364
0.061407
0.060453
0.059783
0.058919
0.058040
0.057253
0.056448
0.055779
0.054905
0.054255
0.053419
0.052768
0.052004
0.051271
0.050508
0.049858
0.049157
0.048404
0.047692
0.047044
0.046384
0.045777
0.045128
0.044472
0.043874
0.043329
0.042601
0.042016
0.041426
0.041086
0.040378
0.039877
0.039186
0.038705
0.038182
0.037763
0.037229
0.036695
0.036200
0.035668
0.035115
0.034760
0.034307
0.033832
0.033492
0.032960
0.032655
0.032177
0.031655
0.031312
0.030962
0.030669
0.030255
0.029887
0.029437
0.028993
0.028864
0.028556
0.028162
0.027812
0.027445
0.027143
0.026806
0.026532
0.026304
0.025956
0.025592
0.025368
0.024952
0.024903
0.024470
0.024246
0.024039
0.023657
0.023310
0.023026
0.022877
0.022687
0.022389
0.022047
0.021843
0.021621
0.021497
0.021274
0.021052
0.020702
0.020526
0.020336
0.020115
0.020069
0.019857
0.019615
0.019394
0.019177
0.018956
0.018834
0.018549
0.018473
0.018254
0.018067
0.017917
0.017917
0.017795
0.017368
0.017295
0.017150
0.017008
0.016912
0.016791
0.016735
0.016456
0.016290
0.016195
0.015965
0.015930
0.015716
0.015716
0.015512
0.015381
0.015262
0.015067
0.014949
0.014887
0.014677
0.014677
0.014559
0.014399
0.014282
0.014282
0.014076
0.014076
0.014016
0.013901
0.013811
0.013697
0.013697
0.013540
0.013426
0.013426
0.013426
0.013227
0.013169
0.013058
0.012972
0.012972
0.012863
0.012863
0.012722
0.012722
0.012615
0.012615
0.012615
0.012427
0.012427
0.012372
0.012372
0.012189
0.012189
0.012189
0.012090
0.012037
0.011958
0.011958
0.011958
0.011862
0.011862
0.011786
0.011786
0.011645
0.011645
0.011639
0.011565
0.011565
0.011480
0.011480
0.011480
0.011480
0.011360
0.011282
0.011282
0.011282
0.011282
0.011282
0.011214
0.011214
0.011214
0.011169
0.011169
0.011169
0.011169
0.011105
0.011105
0.011105
0.011105
0.011105
0.011105
0.011105
0.011003
0.011003
0.011003
0.011003
0.011003
0.011003
0.011003
0.011003
0.011003
0.010947
0.010947
0.010947
0.010947
0.010911
0.010911
0.010911
0.010911
0.010911
0.010911
0.010911
0.010911
0.010911
0.010911
0.010911
0.010911
0.010911
0.010911
0.010911
0.010911
0.010911
0.010911
0.010911
0.010911
0.010911
0.010911
0.010911
0.010911
0.010911
0.010911
0.010911
0.010911
0.010911
0.010911
0.010911
0.010911
0.010911
0.010911
0.010911
0.010911
0.010911
0.010911
0.010911
0.011224
0.012038
0.012598
0.012768
0.012354
0.012305
0.012327
0.012587
0.012776
0.013407
0.013604
0.014246
0.014724
0.014898
0.015072
0.015354
0.015227
0.015328
0.015116
0.014228
0.013727
0.013970
0.013954
0.015012
0.016561
0.017446
0.017686
0.017246
0.016515
0.015801
0.015444
0.015327
0.015557
0.016143
0.016835
0.016868
0.017498
0.017365
0.017612
0.017245
0.017059
0.017087
0.017513
0.017462
0.017855
0.016845
0.015743
0.014903
0.014572
0.015030
0.016661
0.018568
0.020220
0.019960
0.019540
0.018348
0.017488
0.017017
0.017061
0.017983
0.018407
0.019363
0.019343
0.020007
0.019770
0.020337
0.020150
0.019878
0.020398
0.020313
0.019053
0.018025
0.017083
0.017251
0.017108
0.019634
0.021334
0.023100
0.023099
0.021891
0.020778
0.019923
0.019391
0.019957
0.020080
0.021153
0.021624
0.022386
0.022366
0.022917
0.022410
0.022125
0.022656
0.022502
0.022443
0.021513
0.019837
0.018943
0.018954
0.019694
0.021447
0.023552
0.024754
0.024783
0.024320
0.022986
0.021992
0.021398
0.021449
0.021676
0.022693
0.023750
0.023780
0.024387
0.024023
0.023693
0.024193
0.023933
0.023571
0.024051
0.022843
0.021675
0.020437
0.020157
0.020535
0.022497
0.024858
0.026333
0.026433
0.025117
0.023897
0.022897
0.022382
0.022200
0.023150
0.023527
0.024490
0.025244
0.025194
0.025068
0.025208
0.024793
0.024535
0.025058
0.025004
0.024722
0.025375
0.024036
0.022824
0.021589
0.021071
0.021623
0.023347
0.025756
0.027509
0.027530
0.026304
0.024859
0.023957
0.023334
0.023037
0.024072
0.024433
0.025294
0.025806
0.025873
0.026385
0.025998
0.025353
0.025214
0.025844
0.025642
0.025903
0.024743
0.023483
0.022126
0.021988
0.022468
0.024167
0.026541
0.028311
0.027617
0.026905
0.025676
0.024667
0.024126
0.023746
0.024738
0.025145
0.026070
0.026009
0.026595
0.026348
0.026716
0.026191
0.025948
0.026410
0.026374
0.026119
0.026608
0.025288
0.024025
0.022943
0.022294
0.022865
0.024566
0.026878
0.028526
0.028588
0.027475
0.026137
0.025053
0.024514
0.024211
0.025208
0.025531
0.026441
0.027004
0.027097
0.026853
0.027132
0.026574
0.026448
0.026871
0.026669
0.026502
0.025974
0.024511
0.023451
0.022827
0.023348
0.025337
0.027481
0.028621
0.028547
0.028050
0.026652
0.025522
0.024979
0.024915
0.025081
0.025882
0.027009
0.027157
0.027603
0.027288
0.027607
0.027339
0.027005
0.026592
0.027236
0.027190
0.027588
0.027453
0.026063
0.024695
0.023508
0.023694
0.023413
0.025978
0.027623
0.029389
0.029424
0.028312
0.026958
0.025605
0.025063
0.025743
0.025940
0.026699
0.027041
0.027928
0.027876
0.027940
0.027669
0.027471
0.027772
0.027411
0.027249
0.027844
0.026342
0.024958
0.024138
0.023355
0.024079
0.025791
0.028061
0.029932
0.029976
0.028785
0.027072
0.026178
0.025753
0.025486
0.026129
0.026659
0.027710
0.028288
0.027995
0.027868
0.028292
0.027830
0.027345
0.027930
0.027804
0.027637
0.028129
0.028233
0.027263
0.025229
0.024104
0.024023
0.024669
0.026470
0.028765
0.030005
0.030066
0.028834
0.027361
0.026212
0.025700
0.026313
0.026194
0.027310
0.027681
0.028436
0.028790
0.028590
0.028297
0.028620
0.028186
0.028011
0.028475
0.028476
0.028210
0.027499
0.025495
0.024159
0.024560
0.024704
0.026825
0.029124
0.030359
0.030258
0.029046
0.028517
0.027123
0.026578
0.026542
0.026794
0.027588
0.028556
0.028744
0.029286
0.028965
0.028530
0.028880
0.028561
0.028269
0.028736
0.028734
0.028584
0.029048
0.028915
0.028019
0.026036
0.024803
0.024886
0.025352
0.027395
0.029403
0.030633
0.030773
0.029673
0.028072
0.026815
0.026390
0.027124
0.027121
0.027917
0.028379
0.029138
0.028980
0.029197
0.028997
0.029322
0.029001
0.028617
0.028532
0.029177
0.028816
0.029321
0.028084
0.026608
0.025378
0.024817
0.025241
0.027074
0.029376
0.031149
0.030577
0.029988
0.028650
0.027096
0.026545
0.026479
0.027265
0.027565
0.028386
0.028673
0.029122
0.028805
0.029010
0.028858
0.028513
0.028626
0.028712
0.028568
0.029065
0.027608
0.026320
0.024856
0.024549
0.024966
0.026876
0.028976
0.030883
0.031068
0.029704
0.028228
0.027091
0.026543
0.026359
0.027042
0.027578
0.028623
0.029200
0.028929
0.028800
0.029248
0.028494
0.028271
0.028864
0.028589
0.028326
0.029065
0.028927
0.027926
0.026009
0.024832
0.024786
0.025343
0.027087
0.029531
0.030661
0.030701
0.029335
0.028636
0.026825
0.026797
0.026640
0.026877
0.027820
0.028117
0.028838
0.029313
0.029065
0.028791
0.029023
0.028534
0.028358
0.029093
0.028589
0.028730
0.029313
0.027370
0.026262
0.025120
0.024405
0.025022
0.026727
0.029290
0.030836
0.030877
0.029646
0.028275
0.027160
0.026489
0.026332
0.027210
0.027581
0.028454
0.029175
0.029075
0.028752
0.028983
0.028662
0.028344
0.028696
0.028636
0.028520
0.028897
0.028855
0.029394
0.028910
0.027593
0.026106
0.024937
0.024926
0.024729
0.027493
0.029202
0.030871
0.030890
0.029757
0.028201
0.027275
0.026483
0.026831
0.027208
0.028149
0.028329
0.029149
0.029088
0.029520
0.028955
0.028588
0.029109
0.028497
0.028416
0.029091
0.028821
0.028685
0.027943
0.026584
0.025204
0.024844
0.025106
0.027177
0.029626
0.030515
0.030676
0.029985
0.028730
0.027321
0.026770
0.026730
0.027022
0.027792
0.028693
0.028932
0.029532
0.029039
0.029320
0.029118
0.028872
0.028383
0.028898
0.028853
0.029163
0.029118
0.029205
0.028162
0.025904
0.024981
0.024804
0.025479
0.027100
0.029709
0.030959
0.030784
0.030084
0.028728
0.027780
0.026990
0.026802
0.027068
0.028016
0.028971
0.029010
0.028932
0.028230
0.028017
0.028108
0.027680
0.027477
0.027812
0.027725
0.027485
0.027896
0.026559
0.024909
0.023881
0.023074
0.023776
0.025628
0.027961
0.029633
0.029803
0.028607
0.027051
0.026120
0.025344
0.025184
0.026015
0.026506
0.027263
0.027987
0.027887
0.028340
0.027893
0.027390
0.027365
0.027760
0.027433
0.027992
0.027963
0.027774
0.026839
0.024827
0.023477
0.023668
0.024047
0.026281
0.028826
0.029721
0.029945
0.028814
0.028084
0.027030
0.026353
0.026272
0.026634
0.027596
0.028327
0.028620
0.029450
0.028958
0.028472
0.029024
0.028652
0.028477
0.028850
0.028680
0.028815
0.029289
0.027627
0.026306
0.025031
0.024442
0.025063
0.027013
0.029471
0.030923
0.031054
0.029836
0.028504
0.027448
0.026556
0.026610
0.027423
0.027672
0.028577
0.029520
0.029298
0.028345
0.028460
0.027952
0.027459
0.027724
0.027748
0.027335
0.027974
0.027810
0.026798
0.024741
0.023632
0.023497
0.024104
0.025826
0.028302
0.029253
0.029521
0.028141
0.027482
0.025858
0.025651
0.025466
0.025828
0.026584
0.026897
0.027720
0.028444
0.027850
0.027633
0.027908
0.027536
0.027261
0.027761
0.027699
0.027710
0.028100
0.028017
0.027137
0.024981
0.023750
0.023783
0.024245
0.026239
0.028504
0.029569
0.029745
0.028582
0.027202
0.026010
0.025334
0.025882
0.026007
0.026838
0.027261
0.027986
0.027901
0.028096
0.027892
0.027573
0.028033
0.027686
0.027768
0.028297
0.028025
0.028760
0.028773
0.028574
0.027595
0.025660
0.024163
0.024597
0.024958
0.027050
0.029477
0.030473
0.030548
0.030181
0.028773
0.027373
0.026816
0.026964
0.026986
0.027960
0.028969
0.029210
0.029592
0.029219
0.028947
0.029399
0.028917
0.028759
0.029334
0.029045
0.028962
0.029556
0.029230
0.028490
0.026303
0.024945
0.024459
0.024781
0.026737
0.028892
0.029942
0.030085
0.028718
0.027155
0.026200
0.025475
0.025749
0.025995
0.026951
0.027233
0.027957
0.028576
0.028304
0.027858
0.028018
0.027897
0.027477
0.027878
0.027952
0.027681
0.028346
0.028160
0.027334
0.025207
0.023968
0.023846
0.024378
0.026243
0.028545
0.029865
0.030029
0.028738
0.027211
0.026035
0.025598
0.026006
0.026132
0.027111
0.027414
0.028119
0.028037
0.028374
0.028048
0.027585
0.027939
0.027659
0.027800
0.027995
0.027862
0.028562
0.028236
0.026750
0.025367
0.024092
0.024325
0.024079
0.026170
0.028569
0.030357
0.030477
0.029470
0.028166
0.026947
0.026268
0.026325
0.027093
0.027928
0.028461
0.029411
0.029105
0.029409
0.029204
0.028951
0.029115
0.028926
0.028963
0.029403
0.029065
0.029172
0.029764
0.029402
0.028481
0.026535
0.025346
0.025443
0.026125
0.027915
0.030345
0.031240
0.031307
0.030167
0.028028
0.026779
0.025802
0.026126
0.026390
0.027154
0.027511
0.028179
0.028194
0.028243
0.028037
0.027556
0.027788
0.027587
0.027613
0.028055
0.027784
0.028491
0.028286
0.028052
0.027143
0.025053
0.023706
0.023867
0.024255
0.026338
0.028424
0.029755
0.030003
0.029292
0.027604
0.026531
0.025861
0.025656
0.025923
0.026907
0.027931
0.027956
0.028480
0.028207
0.027742
0.027917
0.027786
0.027591
0.027998
0.027843
0.027918
0.028224
0.028140
0.027264
0.025164
0.023885
0.023910
0.024313
0.026450
0.028539
0.029746
0.029990
0.028804
0.027038
0.026071
0.026006
0.026061
0.025948
0.027040
0.027362
0.028201
0.028591
0.028209
0.028107
0.028027
0.027774
0.027610
0.028241
0.027830
0.027924
0.028466
0.028138
0.028735
0.028567
0.027045
0.025324
0.024182
0.023439
0.024098
0.026156
0.028461
0.030181
0.030327
0.029099
0.027423
0.026348
0.025765
0.025471
0.026348
0.026609
0.027756
0.028367
0.028039
0.028607
0.028400
0.027597
0.027429
0.028005
0.027799
0.028118
0.028212
0.028268
0.028417
0.028306
0.027567
0.025088
0.023932
0.024084
0.023892
0.026572
0.028787
0.030122
0.030131
0.028804
0.027358
0.026282
0.025607
0.026013
0.026160
0.027271
0.027582
0.028181
0.027986
0.028434
0.028227
0.027646
0.028009
0.027812
0.027711
0.028046
0.028019
0.028554
0.028234
0.026729
0.025323
0.023825
0.023413
0.023693
0.025618
0.028197
0.029929
0.029952
0.028619
0.027198
0.025978
0.025291
0.025236
0.026078
0.026098
0.027139
0.028106
0.027883
0.028210
0.027767
0.027651
0.027771
0.027358
0.027386
0.027940
0.027669
0.027717
0.028252
0.026385
0.024869
0.023717
0.023121
0.023646
0.025563
0.028151
0.029954
0.029734
0.028512
0.027205
0.026102
0.025300
0.025112
0.026101
0.026365
0.027287
0.028136
0.027929
0.027646
0.027935
0.027604
0.027342
0.027539
0.027455
0.027634
0.027992
0.027682
0.028444
0.026837
0.025183
0.024025
0.023321
0.023942
0.026109
0.028225
0.030199
0.029594
0.029013
0.027360
0.026258
0.025455
0.025389
0.026239
0.026512
0.027426
0.027672
0.028202
0.027692
0.028041
0.027710
0.027445
0.027764
0.027680
0.027512
0.028094
0.028029
0.028426
0.026933
0.025396
0.024118
0.023410
0.023915
0.025871
0.028447
0.029549
0.029574
0.028868
0.027448
0.026223
0.025417
0.025473
0.025588
0.026356
0.027514
0.027638
0.028157
0.027647
0.028162
0.027709
0.027211
0.027144
0.027557
0.027512
0.027972
0.027785
0.026550
0.024829
0.023538
0.023539
0.023339
0.025579
0.027653
0.029514
0.029680
0.028441
0.026881
0.025681
0.025231
0.025541
0.025549
0.026781
0.027095
0.027709
0.027484
0.028076
0.027744
0.027036
0.027512
0.027333
0.027127
0.027569
0.027664
0.027702
0.027881
0.027759
0.026944
0.024680
0.023388
0.023424
0.023867
0.025819
0.028305
0.029649
0.029533
0.028298
0.026859
0.025658
0.025053
0.025340
0.025498
0.026731
0.026801
0.027652
0.027560
0.027805
0.027348
0.027746
0.027373
0.027070
0.027089
0.027553
0.027526
0.027945
0.027861
0.027725
0.027945
0.026357
0.025067
0.023416
0.023094
0.023388
0.025620
0.028226
0.029853
0.029755
0.028630
0.027406
0.025704
0.025231
0.025288
0.025948
0.026094
0.027264
0.028244
0.027797
0.027502
0.027918
0.027707
0.027051
0.027516
0.027554
0.027250
0.027727
0.027768
0.028505
0.027894
0.027837
0.027034
0.024644
0.023333
0.023513
0.023931
0.025957
0.028446
0.029560
0.029806
0.029069
0.027368
0.026275
0.025800
0.025490
0.025526
0.026771
0.027576
0.027584
0.028233
0.028079
0.027603
0.027656
0.027503
0.027324
0.027626
0.027580
0.027534
0.027856
0.027771
0.028350
0.026794
0.024991
0.023817
0.023113
0.023771
0.025633
0.028267
0.030135
0.029523
0.028665
0.027208
0.025990
0.025289
0.025081
0.025971
0.026242
0.027416
0.027297
0.027827
0.027550
0.027950
0.027373
0.027097
0.027669
0.027461
0.027173
0.027880
0.027815
0.028099
0.026581
0.025042
0.023726
0.023244
0.023643
0.025634
0.028363
0.029137
0.029383
0.028787
0.027351
0.025867
0.025289
0.025105
0.025467
0.026364
0.027293
0.027301
0.028073
0.027673
0.027201
0.027496
0.027362
0.026917
0.027342
0.027419
0.028003
0.027696
0.027715
0.028099
0.026541
0.024863
0.023567
0.022865
0.023521
0.025623
0.028018
0.029864
0.029253
0.028517
0.026813
0.025836
0.025015
0.024912
0.025817
0.026088
0.027020
0.027025
0.027798
0.027382
0.027555
0.027220
0.026944
0.027274
0.027066
0.027125
0.027608
0.027297
0.028070
0.027824
0.026005
0.024584
0.023388
0.022682
0.023365
0.025104
0.027742
0.029495
0.029520
0.028142
0.026789
0.025444
0.024746
0.024662
0.025689
0.025717
0.026769
0.027631
0.027301
0.027638
0.027304
0.027196
0.027203
0.027022
0.026939
0.027504
0.027234
0.027273
0.027696
0.027453
0.028026
0.026469
0.024923
0.023387
0.022939
0.023480
0.025481
0.028103
0.029223
0.028976
0.028483
0.027024
0.025667
0.024945
0.025002
0.025019
0.026165
0.027096
0.027103
0.027631
0.027231
0.027754
0.027299
0.026899
0.026719
0.027388
0.026976
0.027562
0.027619
0.027518
0.027904
0.026221
0.024899
0.023359
0.022892
0.023313
0.025420
0.027942
0.029578
0.029602
0.028471
0.027012
0.025648
0.025068
0.025106
0.025770
0.025919
0.027096
0.027960
0.027755
0.027335
0.027749
0.027294
0.026894
0.027345
0.027262
0.027198
0.027556
0.027614
0.028145
0.027776
0.026319
0.024773
0.023452
0.023495
0.023428
0.025414
0.027939
0.029573
0.029597
0.028466
0.026990
0.025520
0.025062
0.025100
0.025765
0.026648
0.027090
0.027954
0.027749
0.027961
0.027749
0.027395
0.027402
0.027345
0.027260
0.027706
0.027556
0.027718
0.028143
0.027653
0.028350
0.026789
0.025120
0.023698
0.023130
0.023791
0.025802
0.028183
0.029548
0.029572
0.028836
0.027129
0.026027
0.025306
0.025241
0.026008
0.026282
0.027459
0.027587
0.027870
0.027594
0.027995
0.027660
0.027016
0.027082
0.027506
0.027214
0.027925
0.027860
0.027634
0.027999
0.026437
0.024992
0.023446
0.022982
0.023400
0.025635
0.028039
0.029799
0.029823
0.028567
0.027089
0.025741
0.025282
0.024954
0.025617
0.026135
0.027068
0.027934
0.027603
0.027553
0.027605
0.027271
0.026994
0.027322
0.027117
0.027051
0.027657
0.027470
0.027876
0.027876
0.027574
0.026399
0.024362
0.023041
0.023103
0.023673
0.025562
0.028315
0.029182
0.029184
0.028690
0.027229
0.025637
0.025159
0.025216
0.025006
0.026135
0.027314
0.027442
0.027603
0.027449
0.027340
0.027147
0.026870
0.026936
0.027484
0.026947
0.027148
0.027838
0.027263
0.027876
0.027838
0.026013
0.024362
0.023406
0.023103
0.023279
0.025044
0.027652
0.029411
0.029559
0.027934
0.026700
0.025597
0.024631
0.025195
0.025597
0.026360
0.026558
0.027545
0.027461
0.027676
0.027217
0.027100
0.025952
0.023390
0.022510
0.022383
0.023190
0.025241
0.027649
0.028874
0.028959
0.027548
0.025945
0.024947
0.024244
0.024565
0.023476
0.022606
0.021634
0.022166
0.024048
0.026661
0.028038
0.028201
0.027561
0.026139
0.024998
0.024137
0.023873
0.024846
0.025343
0.026153
0.026178
0.026848
0.026732
0.026888
0.026431
0.026154
0.025333
0.023097
0.021874
0.022148
0.022673
0.024802
0.027310
0.028384
0.028571
0.027036
0.025701
0.024358
0.023934
0.024270
0.023187
0.022180
0.021455
0.021743
0.023958
0.026425
0.027829
0.027868
0.027471
0.025806
0.024670
0.023931
0.022537
0.021267
0.020380
0.021327
0.021918
0.024067
0.026665
0.028203
0.027371
0.026600
0.025138
0.023941
0.023321
0.023229
0.022412
0.021346
0.021248
0.020890
0.022914
0.025496
0.027503
0.027672
0.026519
0.025110
0.024030
0.023276
0.023037
0.022511
0.021400
0.020798
0.021199
0.023202
0.025956
0.027099
0.027516
0.026386
0.024856
0.023830
0.022840
0.023460
0.023556
0.024793
0.024747
0.025743
0.025688
0.026180
0.025847
0.025418
0.024510
0.022253
0.020879
0.021125
0.021771
0.023911
0.026431
0.027513
0.027608
0.026983
0.025401
0.024417
0.023486
0.023542
0.023713
0.024964
0.025644
0.025891
0.026394
0.026261
0.025775
0.026066
0.025671
0.025737
0.025914
0.025990
0.025946
0.026645
0.026180
0.026664
0.026626
0.025066
0.023544
0.022269
0.022322
0.022094
0.024822
0.026783
0.028407
0.028554
0.027187
0.025845
0.024518
0.024047
0.024358
0.024395
0.025632
0.026070
0.026660
0.026336
0.026913
0.026702
0.026111
0.026340
0.026288
0.025959
0.026647
0.026489
0.026528
0.026947
0.026585
0.027277
0.025606
0.024158
0.022751
0.022185
0.022722
0.024832
0.027200
0.029070
0.028337
0.027837
0.026021
0.025048
0.024330
0.024147
0.025029
0.025543
0.026468
0.026232
0.027002
0.026848
0.027123
0.026390
0.026237
0.026930
0.026481
0.026313
0.027140
0.026952
0.026612
0.027236
0.025807
0.024250
0.022719
0.022253
0.022671
0.024763
0.027027
0.029020
0.029168
0.027800
0.026214
0.025119
0.024542
0.024219
0.024992
0.025506
0.026554
0.027172
0.026965
0.027543
0.027209
0.026390
0.026363
0.026807
0.026604
0.026420
0.027140
0.026952
0.027482
0.027236
0.025792
0.024131
0.022821
0.022858
0.022671
0.025395
0.027391
0.028896
0.029147
0.027800
0.026455
0.025119
0.024542
0.025078
0.024992
0.026237
0.026431
0.027413
0.026965
0.027543
0.027086
0.026864
0.026987
0.026807
0.026711
0.027015
0.026988
0.027656
0.027574
0.025813
0.024254
0.023184
0.022338
0.023034
0.024743
0.027494
0.029370
0.029490
0.027771
0.026566
0.025452
0.024631
0.024443
0.025445
0.025631
0.026562
0.027303
0.027342
0.027678
0.026975
0.026393
0.026625
0.025956
0.025610
0.026056
0.025909
0.025460
0.025781
0.024118
0.022181
0.020533
0.019979
0.020274
0.022640
0.025138
0.026744
0.026901
0.025785
0.024112
0.022641
0.022009
0.021762
0.022225
0.022547
0.023554
0.024309
0.024061
0.024067
0.024508
0.024313
0.024059
0.024637
0.024861
0.024883
0.025329
0.025605
0.026241
0.025990
0.025371
0.024307
0.023434
0.023807
0.023716
0.025175
0.027118
0.027953
0.028025
0.027286
0.026485
0.025710
0.025776
0.026175
0.026445
0.027412
0.027706
0.028488
0.028517
0.028904
0.028899
0.029110
0.029411
0.029373
0.029536
0.030081
0.030145
0.030302
0.030838
0.029917
0.029107
0.028275
0.027866
0.028345
0.029780
0.031829
0.032886
0.032829
0.031986
0.031341
0.030688
0.030390
0.030553
0.031193
0.031534
0.032441
0.033098
0.033252
0.033641
0.033637
0.033622
0.033642
0.033990
0.034018
0.034687
0.034752
0.034916
0.035436
0.035571
0.035117
0.033441
0.032836
0.032978
0.033240
0.034971
0.036877
0.037671
0.037716
0.036887
0.036237
0.035460
0.035164
0.035700
0.035965
0.036671
0.037211
0.037994
0.037897
0.038287
0.038396
0.038366
0.038542
0.038753
0.039011
0.039212
0.039525
0.040047
0.040198
0.040181
0.040790
