1.897076
1.810968
1.643153
1.491061
1.389974
1.336757
1.314291
1.308447
1.306911
1.305119
1.302971
1.300530
1.297839
1.295249
1.292630
1.289831
1.287075
1.284064
1.281082
1.277964
1.274916
1.271368
1.267826
1.264252
1.260474
1.256700
1.252675
1.248580
1.244574
1.240148
1.235884
1.231554
1.227101
1.222864
1.218470
1.213916
1.209491
1.204976
1.200500
1.196031
1.191684
1.187215
1.182650
1.178415
1.173870
1.169410
1.165044
1.160575
1.156111
1.151688
1.147242
1.142765
1.138322
1.133986
1.129442
1.125134
1.120727
1.116250
1.111795
1.107487
1.103055
1.098648
1.094220
1.089887
1.085434
1.081286
1.076854
1.072283
1.067851
1.063608
1.059157
1.054849
1.050497
1.045804
1.041463
1.037258
1.032717
1.028188
1.023837
1.019542
1.015081
1.010748
1.006330
1.001870
0.997510
0.993183
0.988833
0.984408
0.980148
0.975844
0.971505
0.966980
0.962611
0.958283
0.953837
0.949575
0.945239
0.940911
0.936666
0.932373
0.927986
0.923679
0.919524
0.915152
0.910940
0.906759
0.902515
0.898379
0.894115
0.889976
0.885701
0.881655
0.877525
0.873354
0.869317
0.864954
0.861028
0.856868
0.852909
0.848863
0.844615
0.840677
0.836685
0.832502
0.828621
0.824696
0.820686
0.816777
0.812840
0.808775
0.804883
0.800870
0.796795
0.792748
0.788889
0.785005
0.781145
0.777119
0.773339
0.769583
0.765603
0.761902
0.758145
0.754378
0.750648
0.747092
0.743534
0.739890
0.736411
0.732757
0.729303
0.725659
0.722328
0.719024
0.715465
0.712308
0.709115
0.706318
0.703818
0.701322
0.698615
0.696354
0.693721
0.691223
0.689007
0.686360
0.684345
0.681742
0.679661
0.677306
0.675075
0.672899
0.670791
0.668429
0.666367
0.664291
0.661563
0.658525
0.656220
0.654292
0.652899
0.651254
0.650117
0.648674
0.647227
0.645143
0.642853
0.640829
0.638626
0.636889
0.634935
0.633453
0.631593
0.629550
0.628016
0.626457
0.624462
0.622457
0.620518
0.619034
0.617302
0.615599
0.613880
0.611760
0.610275
0.608619
0.606783
0.605216
0.603622
0.601814
0.600115
0.598352
0.596734
0.595441
0.593419
0.592083
0.590789
0.589073
0.587553
0.586299
0.584621
0.583231
0.581715
0.580347
0.579176
0.577700
0.576384
0.575269
0.573578
0.572406
0.570950
0.569838
0.568496
0.567161
0.565821
0.564619
0.563314
0.562151
0.560674
0.559511
0.558304
0.556875
0.555669
0.554610
0.553260
0.552071
0.550983
0.549677
0.548619
0.547452
0.546280
0.545079
0.543928
0.542783
0.541740
0.540508
0.539779
0.538575
0.537533
0.536465
0.535321
0.534240
0.533209
0.532054
0.531014
0.529880
0.528919
0.527897
0.526791
0.525607
0.524543
0.523464
0.522395
0.521277
0.520480
0.519326
0.518318
0.516880
0.515833
0.514750
0.513610
0.512619
0.511914
0.510785
0.509690
0.508800
0.507777
0.506885
0.505713
0.504919
0.504111
0.502893
0.501774
0.500779
0.499659
0.499025
0.497952
0.496880
0.496043
0.494825
0.493528
0.492957
0.491727
0.490667
0.489627
0.488457
0.487778
0.486685
0.485635
0.484707
0.483371
0.482766
0.482778
0.481023
0.479899
0.477798
0.475699
0.474796
0.473732
0.472650
0.471783
0.470535
0.469548
0.468641
0.467333
0.466669
0.465480
0.464278
0.463541
0.463315
0.462922
0.462813
0.462170
0.462575
0.462419
0.462345
0.461934
0.461772
0.461867
0.461991
0.461869
0.461874
0.461209
0.460274
0.459457
0.458285
0.456904
0.455874
0.454268
0.452338
0.450678
0.448879
0.447072
0.444830
0.442883
0.441278
0.439795
0.438122
0.437214
0.435208
0.433872
0.432238
0.430385
0.428911
0.427072
0.425060
0.423389
0.421382
0.419072
0.417305
0.415193
0.413166
0.410812
0.408695
0.406557
0.404352
0.401997
0.399985
0.397697
0.395674
0.393210
0.391099
0.389026
0.386798
0.384478
0.382581
0.380292
0.377857
0.375878
0.373565
0.371575
0.369176
0.366888
0.364949
0.362717
0.360256
0.358304
0.355984
0.354049
0.351640
0.349358
0.347410
0.345041
0.342761
0.340840
0.338312
0.336073
0.334214
0.331605
0.329785
0.327782
0.325043
0.323225
0.321077
0.318557
0.316673
0.314528
0.312123
0.310061
0.307946
0.305665
0.303605
0.301071
0.298983
0.296859
0.294918
0.292414
0.290170
0.288479
0.285987
0.283715
0.281780
0.279513
0.277161
0.275103
0.272792
0.270864
0.268514
0.266446
0.264421
0.262124
0.259963
0.257953
0.255791
0.254075
0.251793
0.249817
0.247837
0.245650
0.243599
0.241656
0.239680
0.237441
0.235519
0.233328
0.231725
0.229568
0.227372
0.225594
0.223532
0.221343
0.219619
0.217706
0.215877
0.213613
0.211821
0.210223
0.207844
0.205404
0.202603
0.200066
0.198257
0.196548
0.195619
0.194108
0.192655
0.190316
0.188339
0.185976
0.183592
0.181459
0.179691
0.177882
0.175961
0.174407
0.172430
0.170507
0.168701
0.166690
0.164934
0.162774
0.161044
0.159299
0.157520
0.155601
0.154053
0.152006
0.150401
0.148466
0.146564
0.145037
0.143319
0.141498
0.139910
0.138266
0.136615
0.135042
0.133437
0.131959
0.130175
0.128787
0.127197
0.125853
0.124160
0.122816
0.121387
0.120085
0.118456
0.117164
0.115803
0.114511
0.113209
0.111877
0.110464
0.109340
0.108025
0.106718
0.105365
0.104172
0.102895
0.101911
0.100664
0.099196
0.098296
0.097049
0.095933
0.094827
0.093711
0.092728
0.091560
0.090473
0.089697
0.088511
0.087494
0.086529
0.085631
0.084516
0.083481
0.082653
0.081566
0.080678
0.079703
0.078764
0.077880
0.077000
0.075914
0.075078
0.074129
0.073314
0.072486
0.071477
0.070724
0.069714
0.068887
0.068080
0.067201
0.066214
0.065490
0.064550
0.063804
0.062968
0.062239
0.061515
0.060709
0.060033
0.059193
0.058469
0.057844
0.057108
0.056432
0.055648
0.054988
0.054363
0.053737
0.053056
0.052430
0.051805
0.051146
0.050694
0.050069
0.049285
0.048841
0.048105
0.047653
0.047028
0.046475
0.045871
0.045350
0.044963
0.044338
0.043785
0.043287
0.042766
0.042276
0.041754
0.041380
0.040821
0.040397
0.039869
0.039348
0.038974
0.038514
0.038070
0.037619
0.037297
0.036670
0.036393
0.035942
0.035464
0.035213
0.034770
0.034313
0.033895
0.033721
0.033271
0.032891
0.032475
0.032198
0.031929
0.031475
0.031101
0.030928
0.030436
0.030163
0.029714
0.029540
0.029367
0.028822
0.028648
0.028276
0.028102
0.027760
0.027457
0.027242
0.026898
0.026621
0.026356
0.026089
0.025839
0.025736
0.025365
0.025029
0.024856
0.024588
0.024485
0.024236
0.023849
0.023572
0.023468
0.023127
0.022953
0.022850
0.022508
0.022260
0.022089
0.021958
0.021693
0.021515
0.021342
0.021020
0.020974
0.020801
0.020591
0.020277
0.020103
0.019978
0.019804
0.019575
0.019423
0.019320
0.019146
0.018980
0.018788
0.018646
0.018579
0.018427
0.018323
0.018214
0.018110
0.017971
0.017958
0.017785
0.017593
0.017490
0.017420
0.017316
0.017143
0.016988
0.016882
0.016882
0.016709
0.016605
0.016605
0.016431
0.016249
0.016007
0.015903
0.015903
0.015730
0.015730
0.015626
0.015476
0.015372
0.015303
0.015199
0.015199
0.015006
0.015006
0.014836
0.014689
0.014584
0.014522
0.014418
0.014349
0.014170
0.014183
0.014009
0.014009
0.014009
0.013787
0.013787
0.013683
0.013683
0.013553
0.013553
0.013553
0.013450
0.013468
0.013468
0.013364
0.013339
0.013150
0.013150
0.013150
0.013041
0.012972
0.012881
0.012777
0.012782
0.012713
0.012699
0.012609
0.012609
0.012505
0.012435
0.012368
0.012368
0.012264
0.012264
0.012178
0.012073
0.012090
0.012090
0.012090
0.011917
0.011995
0.012024
0.012024
0.011920
0.011920
0.011834
0.011834
0.011730
0.011730
0.011781
0.011781
0.011608
0.011608
0.011608
0.011668
0.011632
0.011632
0.011632
0.011563
0.011563
0.011596
0.011596
0.011596
0.011596
0.011596
0.011423
0.011423
0.011423
0.011423
0.011423
0.011423
0.011319
0.011319
0.011250
0.011250
0.011250
0.011145
0.011145
0.011145
0.011145
0.011145
0.011145
0.011145
0.010972
0.010972
0.010972
0.010972
0.010972
0.010972
0.010972
0.010868
0.010868
0.010868
0.010800
0.010800
0.010800
0.010800
0.010694
0.010694
0.010694
0.010694
0.010694
0.010694
0.010694
0.010694
0.010629
0.010521
0.010521
0.010521
0.010521
0.010521
0.010521
0.010521
0.010521
0.010521
0.010521
0.010521
0.010521
0.010521
0.010521
0.010521
0.010521
0.010521
0.010521
0.010521
0.010521
0.010521
0.011078
0.012516
0.013360
0.013331
0.012600
0.012331
0.011767
0.010768
0.009950
0.009788
0.010067
0.010501
0.012015
0.014528
0.016167
0.015557
0.014781
0.013470
0.012487
0.012240
0.011270
0.010498
0.010306
0.010526
0.012406
0.015464
0.016779
0.017162
0.016609
0.015353
0.014150
0.013748
0.012421
0.011433
0.011189
0.011489
0.013699
0.016931
0.018334
0.018609
0.017963
0.016671
0.015458
0.014628
0.014613
0.014938
0.016102
0.017182
0.017297
0.018125
0.017961
0.018240
0.017912
0.016159
0.014394
0.013574
0.013391
0.013820
0.015999
0.019176
0.020927
0.020941
0.019680
0.018072
0.016983
0.016465
0.014981
0.013919
0.013304
0.013930
0.016255
0.019291
0.021447
0.021588
0.020433
0.019030
0.017723
0.017229
0.015582
0.014228
0.013666
0.014530
0.016792
0.019976
0.021831
0.022045
0.020949
0.019675
0.018565
0.017609
0.017492
0.018394
0.019032
0.020074
0.020407
0.020673
0.020618
0.020909
0.020697
0.020533
0.020893
0.018982
0.017352
0.016654
0.016214
0.016820
0.019050
0.021740
0.023640
0.022932
0.022404
0.020873
0.019868
0.019252
0.017600
0.016333
0.015914
0.016391
0.018761
0.021833
0.024006
0.024792
0.026292
0.025742
0.023704
0.020921
0.019139
0.017785
0.016504
0.017061
0.018458
0.019638
0.022120
0.026175
0.028776
0.029284
0.027990
0.026408
0.023265
0.020577
0.018710
0.017557
0.017629
0.019329
0.021331
0.024152
0.028257
0.031033
0.031109
0.029745
0.027386
0.024372
0.022394
0.021451
0.020761
0.020451
0.021264
0.022175
0.022979
0.025890
0.027440
0.029158
0.030698
0.030002
0.029179
0.026406
0.024363
0.022871
0.021937
0.021336
0.021914
0.022958
0.023801
0.026033
0.028526
0.030351
0.031924
0.031205
0.030142
0.027440
0.025371
0.023983
0.023002
0.022472
0.022523
0.023604
0.024999
0.027244
0.029395
0.031366
0.032106
0.032263
0.031248
0.028612
0.026464
0.025089
0.024196
0.023467
0.023776
0.024589
0.026080
0.028106
0.030393
0.032386
0.033153
0.033252
0.031606
0.029675
0.026733
0.024733
0.023044
0.023181
0.024251
0.026056
0.026929
0.028813
0.032141
0.034332
0.034869
0.033604
0.031608
0.029355
0.027682
0.025542
0.024705
0.024720
0.026026
0.027526
0.028378
0.029904
0.033088
0.035115
0.035004
0.033986
0.033024
0.030696
0.028832
0.027203
0.026134
0.026347
0.027316
0.028281
0.029695
0.031224
0.034397
0.036613
0.036206
0.035314
0.034450
0.032252
0.030667
0.030251
0.029403
0.029014
0.029593
0.030111
0.030717
0.032130
0.034293
0.035943
0.036819
0.037283
0.036502
0.034113
0.032319
0.031471
0.030410
0.029766
0.029812
0.030300
0.031066
0.033124
0.035468
0.036792
0.037847
0.038140
0.036764
0.034812
0.032583
0.032339
0.031412
0.030421
0.030846
0.031621
0.032117
0.034343
0.036894
0.039219
0.039801
0.038981
0.036901
0.034233
0.032894
0.032191
0.031581
0.031699
0.032371
0.033609
0.035141
0.038530
0.040710
0.041492
0.040486
0.038968
0.037103
0.035541
0.034084
0.032752
0.033215
0.033820
0.034677
0.035490
0.037152
0.039936
0.041975
0.041907
0.041420
0.040028
0.037866
0.037009
0.036436
0.035691
0.035555
0.036358
0.036778
0.038175
0.041093
0.043350
0.044123
0.043478
0.042128
0.040562
0.039534
0.038102
0.037394
0.037322
0.037750
0.038808
0.040431
0.043358
0.045594
0.046059
0.045251
0.043305
0.041754
0.040532
0.039929
0.039565
0.039912
0.040237
0.040733
0.041801
0.044350
0.046345
0.046962
0.046637
0.045031
0.043204
0.042548
0.042032
0.041359
0.041574
0.042074
0.042540
0.043842
0.046110
0.048213
0.048911
0.048418
0.046659
0.044885
0.044664
0.043177
0.042725
0.042826
0.043861
0.044420
0.045294
0.047707
0.049635
0.049731
0.049266
0.047669
0.046538
0.046021
0.045559
0.044742
0.044823
0.045286
0.045362
0.046944
0.048903
0.050705
0.051171
0.050624
0.049647
0.048290
0.047855
0.047365
0.046918
0.046854
0.046988
0.047572
0.048319
0.050665
0.052240
0.052956
0.052610
0.051820
0.050957
0.050231
0.049226
0.048698
0.048702
0.048839
0.049506
0.049783
0.050782
0.052582
0.054180
0.054535
0.054358
0.053578
0.052444
0.052154
0.051867
0.051715
0.051347
0.051575
0.051856
0.052626
0.054639
0.056131
0.056763
0.056420
0.055495
0.054811
0.054124
0.053561
0.053045
0.052902
0.053152
0.053847
0.054612
0.056727
0.058187
0.058725
0.058362
0.057183
0.056137
0.055804
0.055243
0.055113
0.054984
0.055278
0.055497
0.056577
0.058391
0.059641
0.060136
0.059937
0.059279
0.058159
0.057849
0.057542
0.057157
0.057004
0.057113
0.057427
0.058582
0.060073
0.061579
0.062223
0.062080
0.060987
0.060447
0.059945
0.059384
0.058886
0.058894
0.059064
0.059276
0.060045
0.061750
0.063198
0.063752
0.063763
0.062798
0.061970
0.061603
0.061168
0.060799
0.060754
0.061137
0.061377
0.062097
0.063588
0.065170
0.065802
0.065568
0.065031
0.064412
0.063862
0.063395
0.062697
0.062752
0.062850
0.063117
0.064166
0.065464
0.066630
0.067356
0.067640
0.067097
0.066726
0.066069
0.064736
0.063928
0.064675
0.064831
0.065061
0.065178
0.066081
0.067424
0.068239
0.068853
0.068717
0.068059
0.067284
0.067240
0.066813
0.066530
0.066380
0.066492
0.066561
0.067416
0.068639
0.070034
0.070603
0.070468
0.070192
0.069520
0.068997
0.068695
0.068100
0.068015
0.068148
0.068368
0.069172
0.070852
0.072179
0.072708
0.072351
0.072016
0.071488
0.070947
0.070466
0.070068
0.069968
0.070073
0.070502
0.071171
0.072330
0.073483
0.074336
0.074260
0.074040
0.073549
0.073015
0.072549
0.071700
0.071743
0.071777
0.072134
0.072957
0.074098
0.075034
0.075781
0.076094
0.075677
0.074987
0.074652
0.074267
0.074161
0.073800
0.074123
0.074120
0.074204
0.074871
0.075660
0.076329
0.077125
0.076984
0.076864
0.076042
0.075418
0.075072
0.075078
0.074857
0.075112
0.075416
0.075637
0.076324
0.077032
0.077672
0.078232
0.078373
0.078046
0.077305
0.076865
0.076496
0.076229
0.076135
0.076198
0.076346
0.076627
0.077222
0.078487
0.079209
0.079496
0.079734
0.079491
0.078625
0.078302
0.077455
0.077021
0.076759
0.076988
0.077691
0.077736
0.078472
0.079803
0.080927
0.081324
0.081287
0.080699
0.080386
0.079900
0.079819
0.079132
0.079061
0.079102
0.079393
0.079936
0.081547
0.082896
0.083211
0.082962
0.082989
0.082069
0.081843
0.081235
0.080894
0.080678
0.080914
0.081227
0.082000
0.083557
0.084570
0.085134
0.084758
0.083900
0.083170
0.082766
0.082392
0.082389
0.082363
0.082400
0.082980
0.083433
0.084648
0.085701
0.086190
0.085946
0.085066
0.084292
0.084025
0.083663
0.083636
0.083624
0.083722
0.084070
0.084632
0.085734
0.086995
0.087355
0.087159
0.086334
0.085660
0.085397
0.085121
0.084725
0.084708
0.084984
0.085418
0.085884
0.087244
0.088258
0.088713
0.088495
0.087662
0.086982
0.086623
0.086331
0.086216
0.086023
0.086286
0.086517
0.087219
0.088509
0.089564
0.089920
0.089806
0.088937
0.087575
0.087291
0.087012
0.086734
0.086823
0.086874
0.087159
0.087891
0.089157
0.090195
0.090140
0.090293
0.089802
0.089110
0.088832
0.088136
0.087720
0.087777
0.088194
0.088591
0.089428
0.090736
0.091939
0.091985
0.091953
0.091124
0.090208
0.089557
0.089327
0.089261
0.089428
0.089605
0.090173
0.090813
0.091924
0.092832
0.093201
0.092817
0.091839
0.090861
0.090448
0.090168
0.090077
0.090314
0.090568
0.091284
0.091848
0.092901
0.093576
0.093780
0.093759
0.092704
0.091694
0.091250
0.090945
0.090868
0.091224
0.091506
0.092058
0.092738
0.093693
0.094446
0.094948
0.094468
0.093815
0.092933
0.092522
0.091913
0.091619
0.091756
0.092057
0.092419
0.092979
0.093583
0.094317
0.094836
0.094801
0.094625
0.093670
0.093094
0.092638
0.092370
0.092570
0.092688
0.092947
0.093479
0.093900
0.094643
0.095182
0.095243
0.095102
0.094378
0.093816
0.093590
0.093678
0.093614
0.093912
0.094187
0.094307
0.094534
0.094925
0.095201
0.095432
0.095726
0.096408
0.096160
0.095652
0.095556
0.095425
0.095678
0.095826
0.095722
0.095904
0.095990
0.096297
0.096479
0.096792
0.096881
0.096856
0.096573
0.096186
0.096191
0.096415
0.096523
0.096607
0.096990
0.097114
0.097312
0.097528
0.097883
0.098089
0.098139
0.098033
0.097862
0.097636
0.097803
0.098076
0.098188
0.097619
0.097754
0.098049
0.098100
0.098319
0.098530
0.098592
0.098896
0.099511
0.099323
0.099209
0.099400
0.099721
0.099923
0.099416
0.099560
0.099671
0.100080
0.100129
0.100232
0.100347
0.100312
0.101033
0.101196
0.101266
0.101601
0.101848
0.102061
0.102366
0.102610
0.102715
0.102837
0.103382
0.103256
0.103164
0.103368
0.103376
0.103787
0.103870
0.104299
0.104505
0.104430
0.105112
0.105310
0.105272
0.105530
0.105770
0.105769
0.105763
0.105603
0.105610
0.105782
0.105815
0.106220
0.106501
0.106474
0.106895
0.106979
0.107428
0.107277
0.107704
0.107783
0.107837
0.107632
0.107572
0.107420
0.107250
0.107804
0.107990
0.108269
0.108081
0.108336
0.108509
0.108737
0.108936
0.109441
0.109641
0.109463
0.109333
0.109322
0.109503
0.110361
0.110417
0.110448
0.110642
0.110805
0.111019
0.111293
0.111240
0.111743
0.111919
0.111863
0.111772
0.112008
0.112140
0.112320
0.111807
0.111840
0.111688
0.111711
0.111794
0.111763
0.112015
0.111924
0.112178
0.112558
0.112741
0.112714
0.112484
0.112148
0.112679
0.112105
0.111767
0.111652
0.111385
0.111577
0.110829
0.111003
0.111035
0.111104
0.112129
0.112082
0.112149
0.111644
0.111383
0.110824
0.110124
0.109872
0.109619
0.109425
0.109466
0.109393
0.109817
0.109949
0.109786
0.109592
0.109505
0.109767
0.109592
0.109225
0.109581
0.109091
0.109255
0.109068
0.109554
0.109744
0.110057
0.110771
0.110237
0.109858
0.109555
0.109390
0.109042
0.108732
0.109197
0.108619
0.108170
0.107797
0.107241
0.106557
0.106438
0.105700
0.104878
0.104233
0.103566
0.102591
0.101445
0.100463
0.099431
0.098026
0.096849
0.095781
0.094476
0.093537
0.092800
0.093102
0.092712
0.092443
0.092351
0.091873
0.090744
0.089646
0.088298
0.086741
0.085643
0.084102
0.082767
0.082388
0.080884
0.079613
0.078100
0.076735
0.075371
0.073804
0.072505
0.071232
0.070786
0.069102
0.067947
0.066649
0.065126
0.063946
0.062821
0.061394
0.060116
0.059149
0.058007
0.056703
0.056157
0.055492
0.054988
0.054529
0.054647
0.054008
0.053397
0.052684
0.051225
0.049594
0.048252
0.046935
0.045609
0.044502
0.043350
0.042341
0.041405
0.040349
0.039329
0.038189
0.036512
0.035668
0.035393
0.035245
0.035214
0.035219
0.035597
0.036445
0.035769
0.033960
0.031736
0.028864
0.025907
0.024393
0.022830
0.022424
0.022351
0.022551
0.022911
0.023521
0.023378
0.024733
0.024461
0.023287
0.021171
0.018208
0.016049
0.015862
0.015819
0.015933
0.015240
0.014359
0.013591
0.013566
0.014099
0.015842
0.016926
0.016556
0.015309
0.014220
0.013568
0.013351
0.013632
0.013616
0.012894
0.012442
0.012863
0.014418
0.015365
0.017098
0.017760
0.017007
0.016045
0.015369
0.012935
0.011647
0.011049
0.011182
0.011903
0.012903
0.015293
0.016651
0.017542
0.017960
0.018275
0.017539
0.016804
0.016031
0.013683
0.011666
0.010880
0.011556
0.012720
0.014122
0.016404
0.018803
0.019467
0.020762
0.021314
0.020729
0.019431
0.017158
0.014014
0.012606
0.011955
0.012663
0.014207
0.017934
0.021025
0.022862
0.023858
0.024534
0.023543
0.022561
0.021320
0.019282
0.016353
0.014529
0.014355
0.015045
0.017587
0.020473
0.023059
0.024690
0.026097
0.026195
0.026224
0.024556
0.023911
0.021434
0.018321
0.016230
0.016054
0.017560
0.019075
0.022032
0.025379
0.026321
0.025864
0.025726
0.025796
0.025619
0.025423
0.023487
0.020124
0.017936
0.017496
0.017831
0.020261
0.021803
0.023616
0.025686
0.026678
0.027300
0.027853
0.027391
0.026834
0.026512
0.024202
0.021258
0.019092
0.018745
0.019852
0.021734
0.024277
0.027609
0.028551
0.028204
0.028169
0.028261
0.028107
0.027936
0.026090
0.022834
0.020578
0.019981
0.020617
0.022627
0.024151
0.025867
0.027937
0.029146
0.029517
0.030402
0.029719
0.028997
0.027039
0.023120
0.020678
0.020328
0.021469
0.022993
0.025620
0.029154
0.030185
0.031527
0.032124
0.031513
0.030431
0.029235
0.026454
0.022787
0.021192
0.021319
0.023739
0.025172
0.028151
0.030304
0.030796
0.032049
0.031882
0.031336
0.030729
0.028810
0.025537
0.022914
0.022427
0.023536
0.024896
0.028114
0.030474
0.031470
0.032926
0.033727
0.032982
0.032162
0.030927
0.029535
0.026753
0.024848
0.024223
0.025218
0.027202
0.029565
0.031711
0.033383
0.033655
0.034557
0.033929
0.033046
0.030367
0.027329
0.025317
0.025035
0.025293
0.027493
0.029864
0.032767
0.033781
0.035004
0.035945
0.034994
0.033608
0.031595
0.028736
0.026245
0.026023
0.026849
0.028321
0.031225
0.033578
0.035120
0.035560
0.036578
0.035682
0.034899
0.032664
0.029730
0.028084
0.027135
0.028161
0.029749
0.032211
0.034250
0.035590
0.037070
0.037024
0.037008
0.035781
0.035334
0.033503
0.031400
0.029942
0.029804
0.030591
0.031739
0.033949
0.035858
0.036642
0.038020
0.038755
0.038329
0.037208
0.035432
0.032843
0.030750
0.030485
0.031206
0.032403
0.033845
0.035454
0.036654
0.037383
0.038176
0.038891
0.038664
0.038350
0.036331
0.034036
0.032598
0.032260
0.032271
0.033883
0.035674
0.037557
0.038882
0.039968
0.040553
0.040360
0.039510
0.038825
0.037461
0.035504
0.034244
0.034178
0.034967
0.035844
0.037934
0.039771
0.040240
0.041392
0.042013
0.041360
0.040678
0.039177
0.036809
0.034917
0.034702
0.035527
0.036370
0.037876
0.038948
0.040588
0.040940
0.041885
0.042497
0.042271
0.042285
0.040296
0.038329
0.037177
0.036599
0.036777
0.038004
0.039656
0.041660
0.042950
0.043810
0.044642
0.044345
0.043174
0.043036
0.040805
0.039146
0.038280
0.038348
0.038956
0.040219
0.041752
0.043236
0.045307
0.046449
0.046206
0.045487
0.044665
0.043521
0.041869
0.040584
0.040341
0.040784
0.041715
0.043447
0.045187
0.046299
0.046674
0.047237
0.047037
0.046756
0.044831
0.043055
0.042052
0.041587
0.041868
0.042896
0.044551
0.046196
0.047288
0.048247
0.048928
0.048520
0.047475
0.046589
0.044588
0.043091
0.042732
0.043539
0.044125
0.046069
0.047453
0.048256
0.049280
0.049780
0.049563
0.049015
0.047530
0.045840
0.044746
0.044145
0.044768
0.045463
0.047076
0.048894
0.049682
0.050838
0.050926
0.051079
0.050558
0.050221
0.048579
0.047164
0.046462
0.046633
0.047260
0.048530
0.049367
0.050601
0.051513
0.051902
0.052911
0.053016
0.053059
0.051896
0.050672
0.049602
0.048964
0.049019
0.049919
0.050915
0.052467
0.053204
0.054114
0.054854
0.054932
0.054544
0.054442
0.053467
0.052512
0.051705
0.051445
0.051879
0.052298
0.053799
0.054834
0.055577
0.056238
0.056555
0.056545
0.056123
0.055263
0.053783
0.052623
0.052269
0.052721
0.053452
0.054272
0.055239
0.056247
0.056628
0.057275
0.057469
0.057479
0.057629
0.056505
0.054932
0.053954
0.053711
0.053875
0.054639
0.055685
0.057196
0.058019
0.058816
0.059297
0.059016
0.058335
0.057619
0.056414
0.054762
0.053860
0.053196
0.053506
0.054350
0.055310
0.056677
0.057001
0.057634
0.057913
0.057510
0.056800
0.055605
0.055216
0.056172
0.056554
0.056735
0.056448
0.056531
0.056758
0.057048
0.057098
0.057233
0.057293
0.057727
0.058288
0.059203
0.060400
0.060899
0.060935
0.060793
0.060402
0.060418
0.060303
0.060261
0.060768
0.061393
0.061964
0.063053
0.064054
0.065157
0.065604
0.065902
0.065675
0.065203
0.065081
0.064980
0.064950
0.065206
0.065758
0.066704
0.067870
0.069352
0.070143
0.071223
0.070955
0.070545
0.070287
0.069745
0.069614
0.069513
0.069701
0.070498
0.071319
0.072361
0.073881
0.075253
0.076193
0.076626
0.076299
0.075739
0.075204
0.075061
0.075060
0.075162
0.075377
0.076096
0.077012
0.078331
0.079887
0.081032
0.081802
0.081877
0.081483
0.080782
0.080569
0.080276
0.080227
0.080897
0.081417
0.082458
0.083515
0.084893
0.086375
0.087444
0.088088
0.088146
0.087929
0.087338
0.086909
