0.562656
0.562656
0.562656
0.562656
0.562656
0.562656
0.562656
0.562546
0.561563
0.559341
0.556258
0.552187
0.547932
0.543764
0.540235
0.536494
0.533156
0.529987
0.526852
0.523397
0.520024
0.516393
0.512501
0.508698
0.505183
0.501391
0.497756
0.494336
0.490884
0.487163
0.483832
0.480107
0.476384
0.472964
0.469251
0.465584
0.462054
0.458596
0.454928
0.451461
0.447884
0.444486
0.440788
0.437385
0.433870
0.430562
0.427063
0.423684
0.420186
0.416766
0.413362
0.410030
0.406730
0.403436
0.399977
0.396647
0.393349
0.389984
0.386693
0.383780
0.380485
0.377098
0.373914
0.370602
0.367762
0.364772
0.361531
0.358410
0.355277
0.352129
0.349181
0.346190
0.343278
0.340282
0.337356
0.334418
0.331461
0.328501
0.325756
0.322723
0.319986
0.317067
0.314320
0.311623
0.308748
0.306119
0.303318
0.300648
0.297876
0.295057
0.292484
0.289718
0.287260
0.284570
0.282052
0.279471
0.276758
0.274196
0.271722
0.269125
0.266731
0.264050
0.261601
0.259349
0.256685
0.254245
0.251832
0.249436
0.246975
0.244566
0.242102
0.239589
0.237601
0.235031
0.232756
0.230384
0.228009
0.225718
0.223519
0.221146
0.218987
0.216585
0.214448
0.212259
0.209952
0.207805
0.205587
0.203520
0.201301
0.199046
0.197130
0.195056
0.192892
0.190874
0.188692
0.186658
0.184739
0.182794
0.180890
0.178815
0.177001
0.174999
0.173133
0.171271
0.169399
0.167632
0.165811
0.163986
0.162242
0.160441
0.158590
0.156819
0.155048
0.153452
0.151787
0.150035
0.148464
0.146921
0.145018
0.143343
0.141944
0.140213
0.138740
0.137237
0.135469
0.134144
0.132713
0.131155
0.129815
0.128374
0.126614
0.125222
0.123749
0.122597
0.121072
0.119452
0.118252
0.116873
0.115503
0.114204
0.112719
0.111352
0.110269
0.108763
0.107471
0.106181
0.105038
0.103761
0.102391
0.101032
0.099970
0.098743
0.097461
0.096269
0.095039
0.093817
0.092822
0.091500
0.090571
0.089149
0.088137
0.086900
0.085857
0.084473
0.083742
0.082588
0.081395
0.080501
0.079354
0.078230
0.077304
0.076408
0.075415
0.074328
0.073412
0.072333
0.071386
0.070483
0.069743
0.068660
0.067755
0.066752
0.066032
0.065123
0.064197
0.063368
0.062650
0.061644
0.061051
0.060225
0.059434
0.058867
0.057952
0.057249
0.056474
0.055656
0.054978
0.054297
0.053387
0.052761
0.052189
0.051621
0.050943
0.050256
0.049555
0.048981
0.048303
0.047732
0.047235
0.046451
0.045804
0.045326
0.044644
0.044220
0.043643
0.043075
0.042559
0.041964
0.041545
0.040858
0.040374
0.040018
0.039383
0.038728
0.038369
0.037820
0.037350
0.036991
0.036414
0.035886
0.035633
0.035011
0.034592
0.034208
0.033780
0.033312
0.032960
0.032519
0.032045
0.031640
0.031316
0.030857
0.030616
0.030128
0.029695
0.029237
0.028913
0.028769
0.028342
0.027933
0.027359
0.027148
0.026893
0.026570
0.026231
0.025767
0.025557
0.025083
0.024980
0.024605
0.024134
0.023879
0.023667
0.023412
0.023203
0.022880
0.022394
0.022290
0.021926
0.021719
0.021395
0.021251
0.020889
0.020630
0.020527
0.020295
0.020043
0.019828
0.019725
0.019481
0.019157
0.018922
0.018778
0.018454
0.018454
0.018310
0.017986
0.017785
0.017591
0.017480
0.017267
0.017124
0.016909
0.016805
0.016697
0.016442
0.016338
0.016338
0.015975
0.015871
0.015871
0.015635
0.015382
0.015382
0.015279
0.015064
0.014915
0.014811
0.014707
0.014596
0.014453
0.014344
0.014240
0.014025
0.014025
0.013882
0.013773
0.013558
0.013558
0.013455
0.013415
0.013311
0.013092
0.012988
0.012988
0.012844
0.012712
0.012499
0.012499
0.012396
0.012356
0.012141
0.012141
0.012037
0.011928
0.011821
0.011780
0.011669
0.011565
0.011565
0.011462
0.011353
0.011313
0.011098
0.011098
0.010994
0.010994
0.010994
0.010782
0.010631
0.010631
0.010527
0.010527
0.010527
0.010423
0.010423
0.010312
0.010169
0.010169
0.010169
0.010065
0.010065
0.010065
0.009962
0.009962
0.009922
0.009922
0.009818
0.009818
0.009818
0.009714
0.009714
0.009714
0.009714
0.009500
0.009459
0.009459
0.009459
0.009467
0.009467
0.009467
0.009467
0.009252
0.009252
0.009252
0.009213
0.009213
0.009108
0.009108
0.009108
0.009108
0.009108
0.009005
0.009005
0.009005
0.009005
0.009005
0.008902
0.008861
0.008861
0.008861
0.008861
0.008757
0.008757
0.008757
0.008757
0.008757
0.008757
0.008654
0.008654
0.008654
0.008654
0.008654
0.008615
0.008510
0.008510
0.008510
0.008510
0.008510
0.008510
0.008510
0.008406
0.008406
0.008406
0.008406
0.008406
0.008406
0.008406
0.008406
0.008304
0.008304
0.008304
0.008304
0.008264
0.008264
0.008264
0.008264
0.008264
0.008264
0.008264
0.008264
0.008264
0.008264
0.008264
0.008264
0.008264
0.008264
0.008264
0.008264
0.008264
0.008264
0.008264
0.008264
0.008264
0.008264
0.008264
0.008264
0.008264
0.008264
0.008264
0.008264
0.008264
0.008264
0.008264
0.008264
0.008264
0.008264
0.008264
0.008264
0.008264
0.008264
0.008264
0.008264
0.008264
0.008264
0.008264
0.008264
0.008264
0.008264
0.008264
0.008264
0.008264
0.008264
0.008264
0.008264
0.008264
0.008264
0.008264
0.008264
0.008264
0.008264
0.008264
0.008264
0.008264
0.008264
0.008264
0.008264
0.008264
0.008264
0.008264
0.008264
0.008264
0.008264
0.008264
0.008264
0.008264
0.008264
0.008264
0.008264
0.008264
0.008264
0.008264
0.008264
0.008264
0.008264
0.008264
0.008264
0.008264
0.008264
0.008264
0.008264
0.008264
0.008264
0.008264
0.008264
0.008264
0.008264
0.008264
0.008264
0.008264
0.008264
0.008264
0.008264
0.008264
0.008264
0.008264
0.008264
0.008264
0.008264
0.008264
0.008264
0.008264
0.008264
0.008264
0.008264
0.008264
0.008264
0.008264
0.008264
0.008264
0.008264
0.008264
0.008264
0.008264
0.008264
0.008264
0.008264
0.008264
0.008264
0.008264
0.008264
0.008264
0.008264
0.008264
0.008264
0.008264
0.008264
0.008264
0.008264
0.008264
0.008264
0.008264
0.008264
0.008264
0.008264
0.008264
0.008264
0.008264
0.008264
0.008264
0.008264
0.008264
0.008264
0.008264
0.008264
0.008264
0.008264
0.008264
0.008264
0.008264
0.008264
0.008264
0.008264
0.008264
0.008264
0.008264
0.008264
0.008264
0.008264
0.008264
0.008264
0.008264
0.008264
0.008264
0.008264
0.008264
0.008264
0.008264
0.008264
0.008264
0.008264
0.008264
0.008264
0.008264
0.008264
0.008264
0.008264
0.008264
0.008264
0.008264
0.008264
0.008264
0.008264
0.008264
0.008264
0.008264
0.008264
0.008264
0.008264
0.008264
0.008264
0.008264
0.008264
0.008264
0.008264
0.008264
0.008264
0.008264
0.008264
0.008264
0.008264
0.008264
0.008264
0.008264
0.008264
0.008264
0.008264
0.008264
0.008264
0.008264
0.008264
0.008264
0.008264
0.008264
0.008264
0.008264
0.008264
0.008264
0.008264
0.008264
