0.592600
0.592600
0.592600
0.592600
0.592600
0.592600
0.592600
0.592600
0.592600
0.592600
0.592600
0.592600
0.592600
0.592600
0.592600
0.592600
0.592600
0.592600
0.592600
0.592600
0.592600
0.592600
0.592600
0.592700
0.592851
0.592931
0.593002
0.592719
0.592096
0.590770
0.589092
0.586763
0.584159
0.581502
0.578446
0.575719
0.572337
0.569133
0.565695
0.562126
0.558589
0.555032
0.551433
0.547682
0.544094
0.540285
0.536433
0.532542
0.528805
0.524881
0.521025
0.517308
0.513675
0.509810
0.506128
0.502335
0.498541
0.494898
0.491261
0.487357
0.483662
0.479981
0.476257
0.472719
0.469028
0.465434
0.461908
0.458117
0.454488
0.451033
0.447430
0.443748
0.440308
0.436833
0.433245
0.429770
0.426296
0.422868
0.419348
0.415940
0.412526
0.409050
0.405588
0.402339
0.398928
0.395526
0.392158
0.388809
0.385471
0.382233
0.378919
0.375612
0.372147
0.369047
0.365884
0.362461
0.359421
0.356088
0.352923
0.349857
0.346663
0.343434
0.340312
0.337271
0.334211
0.331039
0.327958
0.324851
0.321856
0.318919
0.315948
0.312892
0.310076
0.307179
0.304155
0.301231
0.298389
0.295509
0.292637
0.289721
0.287003
0.284197
0.281426
0.278645
0.275858
0.273156
0.270448
0.267849
0.265110
0.262452
0.259775
0.257182
0.254636
0.252050
0.249487
0.246929
0.244534
0.241857
0.239440
0.236964
0.234467
0.232076
0.229720
0.227406
0.224929
0.222625
0.220287
0.217999
0.215635
0.213338
0.211110
0.208773
0.206511
0.204315
0.202253
0.199890
0.197779
0.195627
0.193503
0.191344
0.189239
0.187095
0.185000
0.182971
0.180818
0.178825
0.176834
0.174715
0.172752
0.170950
0.168850
0.166960
0.165189
0.163084
0.161294
0.159345
0.157439
0.155714
0.153658
0.151973
0.150227
0.148394
0.146704
0.144806
0.143157
0.141333
0.139604
0.137900
0.136308
0.134582
0.132927
0.131315
0.129552
0.127954
0.126462
0.124826
0.123241
0.121670
0.120200
0.118662
0.117216
0.115736
0.114255
0.112684
0.111380
0.109863
0.108485
0.107074
0.105712
0.104252
0.102885
0.101625
0.100366
0.099015
0.097595
0.096410
0.095089
0.093930
0.092610
0.091529
0.090283
0.089062
0.087854
0.086688
0.085686
0.084487
0.083305
0.082281
0.081266
0.080312
0.079087
0.078080
0.077052
0.076055
0.075116
0.074086
0.073129
0.072197
0.071252
0.070269
0.069358
0.068454
0.067577
0.066689
0.065784
0.064932
0.064126
0.063383
0.062410
0.061561
0.060869
0.059889
0.059188
0.058598
0.057733
0.056963
0.056131
0.055303
0.054687
0.054036
0.053321
0.052551
0.051960
0.051420
0.050634
0.049868
0.049353
0.048736
0.048048
0.047434
0.046957
0.046261
0.045671
0.044970
0.044491
0.043800
0.043361
0.042725
0.042234
0.041695
0.041195
0.040662
0.040171
0.039593
0.039082
0.038589
0.038242
0.037664
0.037200
0.036748
0.036277
0.035808
0.035379
0.034932
0.034433
0.033980
0.033663
0.033265
0.032749
0.032383
0.032025
0.031521
0.031262
0.030861
0.030503
0.029998
0.029665
0.029403
0.028988
0.028717
0.028347
0.027878
0.027557
0.027326
0.026955
0.026696
0.026304
0.025996
0.025656
0.025402
0.025249
0.024879
0.024566
0.024298
0.024060
0.023750
0.023403
0.023122
0.022904
0.022712
0.022384
0.022148
0.021885
0.021678
0.021371
0.021262
0.020955
0.020755
0.020498
0.020283
0.020152
0.019857
0.019682
0.019450
0.019238
0.019098
0.018838
0.018696
0.018395
0.018278
0.018033
0.017868
0.017721
0.017577
0.017372
0.017255
0.017102
0.016809
0.016688
0.016548
0.016334
0.016334
0.016047
0.015825
0.015786
0.015577
0.015548
0.015315
0.015239
0.015052
0.014947
0.014802
0.014676
0.014573
0.014375
0.014309
0.014229
0.014152
0.013937
0.013833
0.013763
0.013675
0.013518
0.013429
0.013281
0.013203
0.013124
0.013031
0.012936
0.012822
0.012777
0.012621
0.012573
0.012498
0.012419
0.012341
0.012301
0.012193
0.012128
0.011971
0.011961
0.011961
0.011804
0.011774
0.011668
0.011620
0.011581
0.011506
0.011436
0.011387
0.011268
0.011242
0.011203
0.011203
0.011055
0.011006
0.010966
0.010926
0.010861
0.010822
0.010744
0.010704
0.010664
0.010586
0.010546
0.010520
0.010520
0.010451
0.010373
0.010333
0.010293
0.010254
0.010215
0.010176
0.010134
0.010065
0.010025
0.010025
0.010025
0.009978
0.009899
0.009899
0.009899
0.009842
0.009842
0.009764
0.009725
0.009685
0.009685
0.009685
0.009645
0.009646
0.009646
0.009579
0.009551
0.009512
0.009433
0.009433
0.009433
0.009433
0.009384
0.009345
0.009345
0.009306
0.009306
0.009297
0.009297
0.009297
0.009258
0.009258
0.009218
0.009218
0.009218
0.009213
0.009213
0.009173
0.009173
0.009134
0.009134
0.009134
0.009134
0.009134
0.009134
0.009134
0.009134
0.009134
0.009134
0.009134
0.009134
0.009134
0.009134
0.009094
0.009094
0.009094
0.009094
0.009094
0.009094
0.009094
0.009094
0.009094
0.009094
0.009094
0.009094
0.009094
0.009094
0.009094
0.009094
0.009094
0.009094
0.009094
0.009094
0.009094
0.009094
0.009094
0.009094
0.009094
0.009094
0.009094
0.009094
0.009094
0.009094
0.009094
0.009094
0.009094
0.009094
0.009094
0.009094
0.009094
0.009094
0.009094
0.009094
0.009094
0.009094
0.009094
0.009094
0.009094
0.009094
0.009094
0.009094
0.009094
0.009094
0.009094
0.009094
0.009094
0.009094
0.009094
0.009094
0.009094
0.009094
0.009094
0.009094
0.009094
0.009094
0.009094
0.009094
0.009094
0.009094
0.009094
0.009094
0.009094
0.009094
0.009094
0.009094
0.009094
0.009094
0.009094
0.009094
0.009094
0.009094
0.009094
0.009094
0.009094
0.009094
0.009094
0.009094
0.009094
0.009094
0.009094
0.009094
0.009094
0.009094
0.009094
0.009094
0.009094
0.009094
0.009094
0.009094
0.009094
0.009094
0.009094
0.009094
0.009094
0.009094
0.009094
0.009094
0.009094
0.009094
0.009094
0.009094
0.009094
0.009094
0.009094
0.009094
0.009094
0.009094
0.009094
0.009094
0.009094
0.009094
0.009094
0.009094
0.009094
0.009094
0.009094
0.009094
0.009094
0.009094
0.009094
0.009094
0.009094
0.009094
0.009094
0.009094
0.009094
0.009094
0.009094
0.009094
0.009094
0.009094
0.009094
0.009094
0.009094
0.009094
0.009094
0.009094
0.009094
0.009094
0.009094
0.009094
0.009094
0.009094
0.009094
0.009094
0.009094
0.009094
0.009094
0.009094
0.009094
0.009094
0.009094
0.009094
0.009094
0.009094
0.009094
0.009094
0.009094
0.009094
0.009094
0.009094
0.009094
0.009094
0.009094
0.009094
0.009094
0.009094
0.009094
0.009094
0.009094
0.009094
0.009094
0.009094
0.009094
0.009094
0.009094
0.009094
0.009094
0.009094
0.009094
0.009094
0.009094
0.009094
0.009094
0.009094
0.009094
0.009094
0.009094
0.009094
0.009094
0.009094
0.009094
0.009094
0.009094
0.009094
0.009094
0.009094
0.009094
0.009094
0.009094
0.009094
0.009094
