0.293333
0.293333
0.293333
0.293333
0.293333
0.293333
0.293333
0.293333
0.293333
0.293333
0.293333
0.293333
0.293333
0.293333
0.293333
0.293333
0.293333
0.293333
0.293333
0.293333
0.293333
0.293333
0.293333
0.293267
0.292956
0.292023
0.290447
0.288094
0.285076
0.281729
0.278516
0.275459
0.272625
0.269817
0.267277
0.264672
0.262090
0.259486
0.256687
0.253778
0.250826
0.247715
0.244978
0.242465
0.240038
0.237972
0.235823
0.233796
0.231795
0.229585
0.227448
0.225266
0.223222
0.221455
0.219931
0.218543
0.217322
0.215791
0.214089
0.212445
0.210682
0.208754
0.206660
0.204649
0.202305
0.200268
0.198153
0.196132
0.194184
0.192312
0.190243
0.188182
0.186291
0.184478
0.182451
0.180550
0.178442
0.176449
0.174293
0.172322
0.170319
0.168408
0.166589
0.164867
0.163097
0.161600
0.160044
0.158353
0.156690
0.155062
0.153450
0.151808
0.150143
0.148259
0.146501
0.144669
0.142756
0.141025
0.139325
0.137662
0.136170
0.134548
0.132904
0.131197
0.129560
0.127885
0.126223
0.124687
0.122954
0.121416
0.119877
0.118357
0.116729
0.115306
0.113717
0.112338
0.110708
0.109272
0.107885
0.106540
0.105147
0.103820
0.102404
0.101099
0.099789
0.098353
0.097170
0.095843
0.094548
0.093398
0.092142
0.090917
0.089747
0.088582
0.087485
0.086350
0.085133
0.084074
0.082965
0.081850
0.080754
0.079666
0.078740
0.077705
0.076560
0.075636
0.074585
0.073604
0.072779
0.071824
0.070823
0.069931
0.069030
0.068074
0.067198
0.066368
0.065396
0.064618
0.063759
0.062867
0.062028
0.061223
0.060533
0.059645
0.058932
0.058092
0.057324
0.056587
0.055909
0.055075
0.054396
0.053715
0.052983
0.052222
0.051671
0.050903
0.050292
0.049624
0.048968
0.048365
0.047637
0.047099
0.046481
0.045818
0.045278
0.044684
0.044102
0.043509
0.042967
0.042407
0.041819
0.041303
0.040733
0.040188
0.039680
0.039180
0.038608
0.038139
0.037595
0.037214
0.410283
0.409847
0.409646
0.409256
0.409091
0.408723
0.408402
0.408179
0.407844
0.407561
0.407305
0.407024
0.406711
0.406467
0.406203
0.405935
0.405718
0.405389
0.405177
0.404910
0.404677
0.404440
0.404118
0.403985
0.403806
0.403486
0.403218
0.403104
0.402900
0.402634
0.402429
0.402247
0.402002
0.401756
0.401576
0.401439
0.401132
0.400940
0.400834
0.400681
0.400320
0.400266
0.400073
0.399909
0.399789
0.399481
0.399363
0.399163
0.399070
0.398882
0.223157
0.222972
0.222789
0.222704
0.222639
0.222286
0.222199
0.222105
0.222041
0.221813
0.221591
0.221380
0.221201
0.221090
0.220949
0.220810
0.220604
0.220529
0.220403
0.220037
0.219742
0.219365
0.218865
0.218471
0.218041
0.217714
0.217486
0.217031
0.216806
0.216261
0.215708
0.214899
0.213889
0.212625
0.211314
0.210083
0.208849
0.207645
0.206581
0.205436
0.204375
0.203267
0.202060
0.200801
0.199817
0.198407
0.197277
0.196043
0.194890
0.193684
0.192567
0.191462
0.190242
0.189058
0.187914
0.186796
0.185591
0.184405
0.183294
0.182232
0.180963
0.179841
0.178768
0.177609
0.176506
0.175372
0.174272
0.173083
0.171991
0.170938
0.169802
0.168642
0.167529
0.166474
0.165374
0.164251
0.163184
0.162064
0.161026
0.159860
0.158778
0.157732
0.156681
0.155624
0.154540
0.153425
0.152379
0.151291
0.150280
0.149196
0.148180
0.147156
0.146008
0.144992
0.143904
0.142933
0.141936
0.140848
0.139837
0.138790
0.137744
0.136786
0.135734
0.134776
0.133728
0.132717
0.131765
0.130689
0.129727
0.128719
0.127737
0.126715
0.125739
0.124825
0.123824
0.122799
0.121867
0.120883
0.119926
0.118967
0.117983
0.117004
0.116071
0.115156
0.114194
0.113257
0.112326
0.111371
0.110429
0.109514
0.108560
0.107624
0.106647
0.105759
0.104822
0.103933
0.102980
0.102043
0.101133
0.100158
0.099264
0.098353
0.097421
0.096528
0.095596
0.094686
0.093770
0.092833
0.091938
0.091028
0.090112
0.089180
0.088292
0.087382
0.086445
0.085556
0.084646
0.083735
0.082864
0.081909
0.081043
0.080132
0.079217
0.078328
0.077418
0.076551
0.075663
0.074770
0.073881
0.073059
0.072193
0.071372
0.070523
0.069745
0.068901
0.068079
0.067279
0.066475
0.065742
0.064965
0.064232
0.063521
0.062716
0.062028
0.061318
0.060606
0.059874
0.059208
0.058536
0.057870
0.057204
0.056603
0.055915
0.055271
0.054644
0.054022
0.053378
0.052778
0.052201
0.051601
0.051046
0.050442
0.049886
0.049331
0.048820
0.048220
0.047754
0.047154
0.046644
0.046128
0.045573
0.045128
0.044640
0.044107
0.043663
0.043173
0.042685
0.042258
0.041747
0.041303
0.040881
0.040437
0.040015
0.039549
0.039149
0.038727
0.038327
0.037900
0.037500
0.037123
0.036745
0.036345
0.035968
0.035568
0.035212
0.034835
0.034480
0.034124
0.033786
0.033431
0.033053
0.032787
0.032431
0.032054
0.031787
0.031432
0.031165
0.030810
0.030477
0.030187
0.029894
0.029605
0.029339
0.029006
0.028717
0.028472
0.028162
0.027895
0.027651
0.027384
0.027096
0.026852
0.026585
0.026340
0.026075
0.025825
0.025603
0.025358
0.025092
0.024870
0.024648
0.024448
0.024204
0.023982
0.023782
0.023581
0.023381
0.023137
0.022937
0.022737
0.022537
0.022338
0.022138
0.021938
0.021738
0.021533
0.021311
0.021133
0.020956
0.020822
0.020622
0.020467
0.020267
0.020090
0.019934
0.019779
0.019579
0.019467
0.019290
0.019113
0.018957
0.018801
0.018690
0.018513
0.018335
0.018202
0.018091
0.017936
0.017802
0.017669
0.017531
0.017375
0.017242
0.017108
0.016975
0.016886
0.016730
0.016619
0.016486
0.016353
0.016264
0.016109
0.016020
0.015909
0.015775
0.015687
0.015575
0.015464
0.015375
0.015264
0.015175
0.015064
0.014975
0.014864
0.014775
0.014664
0.014575
0.014464
0.014375
0.014287
0.014198
0.014131
0.014020
0.013953
0.013842
0.013775
0.013687
0.013620
0.013509
0.013464
0.013375
0.013309
0.013220
0.013109
0.013087
0.012976
0.012909
0.012842
0.012776
0.012709
0.012642
0.012553
0.012509
0.012442
0.012353
0.012287
0.012242
0.012153
0.012087
0.012064
0.012042
0.011909
0.011887
0.011842
0.011753
0.011709
0.011665
0.011598
0.011509
0.011487
0.011442
0.011376
0.011309
0.011265
0.011220
0.011176
0.011131
0.011087
0.011042
0.010998
0.010953
0.010887
0.010842
0.010798
0.010776
0.010709
0.010665
0.010620
0.010597
0.010575
0.010531
0.010464
0.010420
0.010397
0.010353
0.010331
0.010264
0.010220
0.010197
0.010153
0.010131
0.010108
0.010064
0.010020
0.009975
0.009953
0.009931
0.009908
0.009842
0.009797
0.009775
0.009775
0.009731
0.009731
0.009708
0.009620
0.009597
0.009575
0.009553
0.009531
0.009508
0.009486
0.009464
0.009464
0.009464
0.009464
0.009464
0.009464
0.009442
0.009442
0.009442
0.009442
0.009442
0.009442
0.009442
0.009442
0.009442
0.009442
0.009442
0.009442
0.009442
0.009442
0.009442
0.009442
0.009442
0.009442
0.009442
0.009442
0.009442
0.009442
0.009442
0.009442
0.009442
0.009442
0.009442
0.009442
0.009442
0.009442
0.009442
0.009442
0.009442
0.009442
0.009442
0.009442
0.009442
0.009442
0.009442
0.009442
0.009442
0.009442
0.009442
0.009442
0.009442
0.009442
0.009442
0.009442
0.009442
0.009442
0.009442
0.009442
0.009442
0.009442
0.009442
0.009442
0.009442
0.009442
0.009442
0.009442
0.009442
0.009442
0.009442
0.009442
0.009442
0.009442
0.009442
0.009442
0.009442
0.009442
0.009442
0.009442
0.009442
0.009442
0.009442
0.009442
0.009442
0.009442
0.009442
0.009442
0.009442
0.009442
0.009442
0.009442
0.009442
0.009442
0.009442
0.009442
0.009442
0.009442
0.009442
0.009442
0.009442
0.009442
0.009442
0.009442
0.009442
0.009442
0.009442
0.009442
0.009442
0.009442
0.009442
0.009442
0.009442
0.009442
0.009442
0.009442
0.009442
0.009442
0.009442
0.009442
0.009442
0.009442
0.009442
0.009442
0.009442
0.009442
0.009442
0.009442
0.009442
0.009442
0.009442
0.009442
0.009442
0.009442
0.009442
0.009442
0.009442
0.009442
0.009442
0.009442
0.009442
0.009442
0.009442
0.009442
0.009442
0.009442
0.009442
0.009442
0.009442
0.009442
0.009442
0.009442
0.009442
0.009442
0.009442
0.009442
0.009442
0.009442
0.009442
0.009442
0.009442
0.009442
0.009442
0.009442
0.009442
0.009442
0.009442
0.009442
0.009442
0.009442
0.009442
0.009442
0.009442
0.009442
0.009442
0.009442
0.009442
0.009442
0.009442
0.009442
0.009442
0.009442
0.009442
0.009442
0.009442
0.009442
0.009442
0.009442
0.009442
0.009442
0.009442
0.009442
0.009442
0.009442
0.009442
0.009442
0.009442
0.009442
0.009442
0.009442
0.009442
0.009442
0.009442
0.009442
0.009442
0.009442
0.009442
0.009442
0.009442
0.009442
0.009442
0.009442
0.009442
0.009442
0.009442
0.009442
0.009442
0.009442
0.009442
0.009442
0.009442
0.009442
0.009442
0.009442
0.009442
0.009442
0.009442
0.009442
0.009442
0.009442
0.009442
0.009442
0.009442
0.009442
0.009442
0.009442
0.009442
0.009442
0.009442
0.009442
0.009442
0.009442
0.009442
0.009442
0.009442
0.009442
0.009442
0.009442
0.009442
0.009442
0.009442
0.009442
0.009442
0.009442
0.009442
0.009442
0.009442
0.009442
0.009442
0.009442
0.009442
0.009442
0.009442
0.009442
0.009442
0.009442
0.009442
0.009442
0.009442
0.009442
0.009442
0.009442
0.009442
0.009442
0.009442
0.009442
0.009442
0.009442
0.009442
0.009442
0.009442
0.009442
0.009442
0.009442
0.009442
0.009442
0.009442
0.009442
0.009442
0.009442
0.009442
0.009442
0.009442
0.009442
0.009442
0.009442
0.009442
0.009442
0.009442
0.009442
0.009442
0.009442
0.009442
0.009442
0.009442
0.009442
0.009442
0.009442
0.009442
0.009442
0.009442
0.009442
0.009442
0.009442
0.009442
0.009442
0.009442
0.009442
0.009442
0.009442
