2.785932
2.785932
2.785932
2.785932
2.785932
2.785932
2.785932
2.785932
2.785932
2.785932
2.785932
2.785932
2.785932
2.785932
2.785932
2.785932
2.785932
2.785932
2.785932
2.785932
2.785932
2.785932
2.785901
2.785981
2.785568
2.785265
2.784739
2.784101
2.783534
2.783001
2.782530
2.781904
2.781586
2.781118
2.780624
2.780208
2.779638
2.779014
2.778556
2.777949
2.777447
2.776955
2.776443
2.775893
2.775390
2.774812
2.774266
2.773730
2.773214
2.772685
4.123106
4.123106
4.123106
4.123106
4.123106
4.123106
4.123106
4.123106
4.123106
4.123106
4.123106
4.123106
4.123106
4.123106
4.123106
4.123106
4.123106
4.123106
4.123106
4.123106
4.123106
4.123106
4.123106
4.123106
4.123106
4.123106
4.123106
4.123106
4.123106
4.123106
4.123106
4.123106
4.123106
4.123106
4.123106
4.123106
4.123106
4.123106
4.123106
4.123106
4.123106
4.123106
4.123106
4.123106
4.123106
4.123106
4.123106
4.123106
4.123106
4.123106
4.123106
4.123106
4.123106
4.123106
4.123106
4.123106
4.123106
4.123106
4.123106
4.123106
4.123106
4.123106
4.123106
4.123106
4.123106
4.123106
4.123106
4.123106
4.123106
4.123106
4.123106
4.123106
4.123106
4.123106
4.123106
4.123106
4.123106
4.123106
4.123106
4.123106
4.123106
4.123106
4.123106
4.123106
4.123106
4.123106
4.123106
4.123106
4.123106
4.123106
4.123106
4.123106
4.123106
4.123106
4.123106
4.123106
4.123106
4.123106
4.123106
4.123106
4.123106
4.123106
4.123106
4.123106
4.123106
4.123106
4.123106
4.123106
4.123106
4.123106
4.123106
4.123106
4.123106
4.123106
4.123106
4.123106
4.123106
4.123106
4.123106
4.123106
4.123106
4.123106
4.123106
4.123106
4.123106
4.123106
4.123106
4.123106
4.123106
4.123106
4.123106
4.123106
4.123106
4.123106
4.123106
4.123106
4.123106
4.123106
4.123106
4.123106
4.123106
4.123106
4.123106
4.123106
4.123106
4.123106
4.123106
4.123106
4.123106
4.123106
4.123106
4.123106
4.123106
4.123106
4.123106
4.123106
4.123106
4.123106
4.123106
4.123106
4.123106
4.123106
4.123106
4.123106
4.123106
4.123106
4.123106
4.123106
4.123106
4.123106
4.123106
4.123106
4.123106
4.123106
4.123106
4.123106
4.123106
4.123106
4.123106
4.123106
4.123106
4.123106
4.123106
4.123106
4.123106
4.123106
4.123106
4.123106
4.123106
4.123106
4.123106
4.123106
4.123106
4.123106
4.123106
4.123106
4.123106
4.123106
4.123106
4.123106
4.123106
4.123106
4.123106
4.123106
4.123106
4.123106
4.123106
4.123106
4.123106
4.123106
4.123106
4.123106
4.123106
4.123106
4.123106
4.123106
4.123106
4.123106
4.123106
4.123106
4.123106
4.123106
4.123106
4.123106
4.123106
4.123106
4.123106
4.123106
4.123106
4.123106
4.123106
4.123106
4.123106
4.123106
4.123106
4.123106
4.123106
4.123106
4.123106
4.123106
4.123106
4.123106
4.123106
4.123106
4.123106
4.123106
4.123106
4.123106
4.123106
4.123106
4.123106
4.123106
4.123106
4.123106
4.123106
4.123106
4.123106
4.123106
4.123106
4.123106
4.123106
4.123106
4.123106
4.123106
4.123106
4.123106
4.123106
4.123106
4.123106
4.123106
4.123106
4.123106
4.123106
4.123106
4.123106
4.123106
4.123106
4.123106
4.123106
4.123106
4.123106
4.123106
4.123106
4.123106
4.123106
4.123106
4.123106
4.123106
4.123106
4.123106
4.123106
4.123106
4.123106
4.123106
4.123106
4.123106
4.123106
4.123106
4.123106
4.123106
4.123106
4.123106
4.123106
4.123106
4.123106
4.123106
4.123106
4.123106
4.123106
4.123106
4.123106
4.123106
4.123106
4.123106
4.123106
4.123106
4.123106
4.123106
4.123106
4.123106
4.123106
4.123106
4.123106
4.123106
4.123106
4.123106
4.123106
4.123106
4.123106
4.123106
4.123106
4.123106
4.123106
4.123106
4.123106
4.123106
4.123106
4.123106
4.123106
4.123106
4.123106
4.123106
4.123106
4.123106
4.123106
4.123106
4.123106
4.123106
4.123106
4.123106
4.123106
4.123106
4.123106
4.123106
4.123106
4.123106
4.123106
4.123106
4.123106
4.123106
4.123106
4.123106
4.123106
4.123106
4.123106
4.123106
4.123106
4.123106
4.123106
4.123106
4.123106
4.123106
4.123106
4.123106
4.123106
4.123106
4.123106
4.123106
4.123106
4.123106
4.123106
4.123106
4.123106
4.123106
4.123106
4.123106
4.123106
4.123106
4.123106
4.123106
4.123106
4.123106
4.123106
4.123106
4.123106
4.123106
4.123106
4.123106
4.123106
4.123106
4.123106
4.123106
4.123106
4.123106
4.123106
4.123106
4.123106
4.123106
4.123106
4.123106
4.123106
4.123106
4.123106
4.123106
4.123106
4.123106
4.123106
4.123106
4.123106
4.123106
4.123106
4.123106
4.123106
4.123106
4.123106
4.123106
4.123106
4.123106
4.123106
4.123106
4.123106
4.123106
4.123106
4.123106
4.123106
4.123106
4.123106
4.123106
4.123106
4.123106
4.123106
4.123106
4.123106
4.123106
4.123106
4.123106
4.123106
4.123106
4.123106
4.123106
4.123106
4.123106
4.123106
4.123106
4.123106
4.123106
4.123106
4.123106
4.123106
4.123106
4.123106
4.123106
4.123106
4.123106
4.123106
4.123106
4.123106
4.123106
4.123106
4.123106
4.123106
4.123106
4.123106
4.123106
4.123106
4.123106
4.123106
4.123106
4.123106
4.123106
4.123106
4.123106
4.123106
4.123106
4.123106
4.123106
4.123106
4.123106
4.123106
4.123106
4.123106
4.123106
4.123106
4.123106
4.123106
4.123106
4.123106
4.123106
4.123106
4.123106
4.123106
4.123106
4.123106
4.123106
4.123106
4.123106
4.123106
4.123106
4.123106
4.123106
4.123106
4.123106
4.123106
4.123106
4.123106
4.123106
4.123106
4.123106
4.123106
4.123106
4.123106
4.123106
4.123106
4.123106
4.123106
4.123106
4.123106
4.123106
4.123106
4.123106
4.123106
4.123106
4.123106
4.123106
4.123106
4.123106
4.123106
4.123106
4.123106
4.123106
4.123106
4.123106
4.123106
4.123106
4.123106
4.123106
4.123106
4.123106
4.123106
4.123106
4.123106
4.123106
4.123106
4.123106
4.123106
4.123106
4.123106
4.123106
4.123106
4.123106
4.123106
4.123106
4.123106
4.123106
4.123106
4.123106
4.123106
4.123106
4.123106
4.123106
4.123106
4.123106
4.123106
4.123106
4.123106
4.123106
4.123106
4.123106
4.123106
4.123106
4.123106
4.123106
4.123106
4.123106
4.123106
4.123106
4.123106
4.123106
4.123106
4.123106
4.123106
4.123106
4.123106
4.123106
4.123106
4.123106
4.123106
4.123106
4.123106
4.123106
4.123106
4.123106
4.123106
4.123106
4.123106
4.123106
4.123106
4.123106
4.123106
4.123106
4.123106
4.123106
4.123106
4.123106
4.123106
4.123106
4.123106
4.123106
4.123106
4.123106
4.123106
4.123106
4.123106
4.123106
4.123106
4.123106
4.123106
4.123106
4.123106
4.123106
4.123106
4.123106
4.123106
4.123106
4.123106
4.123106
4.123106
4.123106
4.123106
4.123106
4.123106
4.123106
4.123106
4.123106
4.123106
4.123106
4.123106
4.123106
4.123106
4.123106
