0.514237
0.514237
0.514237
0.514237
0.514237
0.514237
0.514237
0.514237
0.514237
0.514237
0.514237
0.514237
0.514237
0.514237
0.514237
0.514237
0.514237
0.514237
0.514237
0.514237
0.514237
0.514237
0.514237
0.514085
0.513576
0.512762
0.511448
0.509479
0.506861
0.503500
0.499831
0.495900
0.492256
0.488566
0.485017
0.481577
0.478294
0.474925
0.471558
0.467871
0.464165
0.460475
0.456828
0.452947
0.449475
0.445940
0.442359
0.438474
0.434965
0.431459
0.427657
0.424182
0.420595
0.416827
0.413198
0.409654
0.406070
0.402477
0.399004
0.395359
0.391739
0.388279
0.384716
0.381292
0.377677
0.374171
0.370659
0.367196
0.363800
0.360377
0.356839
0.353511
0.349907
0.346613
0.343322
0.339894
0.336734
0.333021
0.329738
0.326498
0.323211
0.320051
0.316688
0.313277
0.309946
0.306815
0.303475
0.300297
0.297199
0.293826
0.290732
0.287635
0.284350
0.281325
0.278470
0.275045
0.272015
0.269078
0.266031
0.263205
0.260306
0.256980
0.254249
0.251269
0.248523
0.245686
0.242718
0.239878
0.237125
0.234454
0.231652
0.228969
0.226214
0.223386
0.220887
0.218357
0.215651
0.213027
0.210633
0.207948
0.205515
0.202980
0.200365
0.197954
0.195716
0.193150
0.190804
0.188551
0.186191
0.184038
0.181610
0.179349
0.177002
0.174916
0.172639
0.170614
0.168511
0.166386
0.164227
0.162024
0.159972
0.158110
0.155981
0.153965
0.151943
0.150111
0.148060
0.146143
0.144371
0.142345
0.140622
0.138729
0.136762
0.135227
0.133576
0.131560
0.129792
0.128222
0.126436
0.124805
0.123086
0.121610
0.120031
0.118436
0.116961
0.115446
0.113865
0.112359
0.111074
0.109609
0.108100
0.106709
0.105290
0.103843
0.102416
0.101196
0.099835
0.098618
0.097292
0.096097
0.094650
0.093514
0.092299
0.091042
0.089824
0.088692
0.087606
0.086327
0.085155
0.084076
0.083080
0.081967
0.080838
0.079872
0.078651
0.077687
0.076832
0.075789
0.074616
0.073699
0.072803
0.071922
0.070753
0.069975
0.069156
0.068155
0.067316
0.066216
0.065360
0.064743
0.063685
0.062836
0.062017
0.061206
0.060378
0.059706
0.058951
0.058253
0.057302
0.056652
0.055976
0.055362
0.054546
0.053707
0.053043
0.052328
0.051690
0.050980
0.050195
0.049644
0.048940
0.048423
0.047721
0.047183
0.046491
0.045935
0.045152
0.044647
0.044080
0.043550
0.042930
0.042429
0.041907
0.041283
0.040800
0.040279
0.039453
0.039339
0.038725
0.038128
0.037597
0.037045
0.036753
0.036217
0.035785
0.035278
0.034778
0.034347
0.034055
0.033488
0.033038
0.032624
0.032180
0.031888
0.031300
0.031104
0.030670
0.030152
0.029883
0.029649
0.029345
0.028770
0.028465
0.028073
0.027636
0.027192
0.026971
0.026887
0.026436
0.025951
0.025540
0.025320
0.025320
0.024625
0.024356
0.024031
0.023994
0.023583
0.023065
0.022752
0.022752
0.022536
0.022041
0.021969
0.021535
0.021352
0.021123
0.020716
0.020424
0.020403
0.019992
0.019778
0.019455
0.019058
0.019058
0.018861
0.018607
0.018233
0.018128
0.017836
0.017534
0.017534
0.017314
0.017121
0.016724
0.016462
0.016315
0.016295
0.015969
0.015885
0.015740
0.015259
0.015081
0.014970
0.014861
0.014749
0.014665
0.014340
0.014257
0.014115
0.013859
0.013644
0.013533
0.013533
0.013448
0.013144
0.013124
0.012908
0.012836
0.012655
0.012544
0.012544
0.012269
0.012049
0.012012
0.012012
0.011901
0.011901
0.011615
0.011504
0.011434
0.011348
0.011041
0.011041
0.010936
0.010825
0.010825
0.010717
0.010717
0.010536
0.010449
0.010345
0.010215
0.010068
0.010068
0.010068
0.009957
0.009957
0.009957
0.009741
0.009627
0.009627
0.009627
0.009627
0.009516
0.009407
0.009407
0.009407
0.009407
0.009296
0.009296
0.009296
0.009187
0.009075
0.009075
0.009075
0.009075
0.009075
0.008964
0.008964
0.008856
0.008856
0.008856
0.008856
0.008745
0.008745
0.008745
0.008745
0.008745
0.008745
0.008633
0.008633
0.008633
0.008633
0.008633
0.008633
0.008522
0.008522
0.008522
0.008522
0.008522
0.008522
0.008522
0.008411
0.008411
0.008411
0.008411
0.008411
0.008411
0.008411
0.008411
0.008411
0.008411
0.008411
0.008411
0.008411
0.008411
0.008411
0.008411
0.008411
0.008411
0.008411
0.008411
0.008411
0.008411
0.008411
0.008411
0.008411
0.008411
0.008411
0.008411
0.008411
0.008411
0.008411
0.008411
0.008411
0.008411
0.008411
0.008411
0.008411
0.008411
0.008411
0.008411
0.008411
0.008411
0.008411
0.008411
0.008411
0.008411
0.008411
0.008411
0.008411
0.008411
0.008411
0.008411
0.008411
0.008411
0.008411
0.008411
0.008411
0.008411
0.008411
0.008411
0.008411
0.008411
0.008411
0.008411
0.008411
0.008411
0.008411
0.008411
0.008411
0.008411
0.008411
0.008411
0.008411
0.008411
0.008411
0.008411
0.008411
0.008411
0.008411
0.008411
0.008411
0.008411
0.008411
0.008411
0.008411
0.008411
0.008411
0.008411
0.008411
0.008411
0.008411
0.008411
0.008411
0.008411
0.008411
0.008411
0.008411
0.008411
0.008411
0.008411
0.008411
0.008411
0.008411
0.008411
0.008411
0.008411
0.008411
0.008411
0.008411
0.008411
0.008411
0.008411
0.008411
0.008411
0.008411
0.008411
0.008411
0.008411
0.008411
0.008411
0.008411
0.008411
0.008411
0.008411
0.008411
0.008411
0.008411
0.008411
0.008411
0.008411
0.008411
0.008411
0.008411
0.008411
0.008411
0.008411
0.008411
0.008411
0.008411
0.008411
0.008411
0.008411
0.008411
0.008411
0.008411
0.008411
0.008411
0.008411
0.008411
0.008411
0.008411
0.008411
0.008411
0.008411
0.008411
0.008411
0.008411
0.008411
0.008411
0.008411
0.008411
0.008411
0.008411
0.008411
0.008411
0.008411
0.008411
0.008411
0.008411
0.008411
0.008411
0.008411
0.008411
0.008411
0.008411
0.008411
0.008411
0.008411
0.008411
0.008411
0.008411
0.008411
0.008411
0.008411
0.008411
0.008411
0.008411
0.008411
0.008411
0.008411
0.008411
0.008411
0.008411
0.008411
0.008411
0.008411
0.008411
0.008411
0.008411
0.008411
0.008411
0.008411
0.008411
0.008411
0.008411
0.008411
0.008411
0.008411
0.008411
0.008411
0.008411
0.008411
0.008411
0.008411
0.008411
0.008411
0.008411
0.008411
0.008411
0.008411
0.008411
0.008411
0.008411
0.008411
0.008411
0.008411
0.008411
0.008411
0.008411
0.008411
0.008411
0.008411
0.008411
0.008411
0.008411
0.008411
0.008411
0.008411
0.008411
0.008411
0.008411
0.008411
0.008411
0.008411
0.008411
0.008411
0.008411
0.008411
0.008411
0.008411
0.008411
0.008411
0.008411
0.008411
0.008411
0.008411
0.008411
0.008411
0.008411
0.008411
0.008411
0.008411
0.008411
0.008411
0.008411
0.008411
0.008411
0.008411
0.008411
0.008411
0.008411
0.008411
0.008411
0.008411
0.008411
0.008411
0.008411
0.008411
0.008411
0.008411
0.008411
0.008411
0.008411
0.008411
0.008411
0.008411
0.008411
