1.152479
1.152479
1.152479
1.152479
1.152479
1.152479
1.152479
1.152479
1.152438
1.152421
1.152413
1.152405
1.152454
1.152469
1.152495
1.152454
1.152421
1.152362
1.152233
1.152099
1.151984
1.151750
1.151393
1.150851
1.150147
1.149345
1.148368
1.147376
1.146385
1.145402
1.144324
1.143311
1.142324
1.141302
1.140281
1.139238
1.138258
1.137199
1.136247
1.135159
1.134102
1.132963
1.131776
1.130630
1.129277
1.128110
1.126773
1.125574
1.124317
1.123023
1.121785
1.120586
1.119339
1.118207
1.116910
1.115705
1.114541
1.113410
1.112146
1.110960
1.109694
1.108448
1.107262
1.106008
1.104541
1.103291
1.101896
1.100642
1.099370
1.097986
1.096752
1.095227
1.093842
1.092226
1.090423
1.088819
1.087113
1.085419
1.083651
1.081967
1.080180
1.078260
1.076392
1.074424
1.072379
1.070535
1.068586
1.066656
1.064752
1.062850
1.060941
1.058934
1.056969
1.054917
1.052814
1.050775
1.048734
1.046779
1.044695
1.042701
1.040776
1.038665
1.036599
1.034548
1.032509
1.030430
1.028256
1.026125
1.024100
1.021992
1.020020
1.017703
1.015721
1.013479
1.011353
1.009093
1.006821
1.004645
1.002520
1.000357
0.998165
0.995840
0.993511
0.991278
0.988944
0.986719
0.984419
0.982025
0.979820
0.977590
0.975389
0.973025
0.970743
0.968286
0.965892
0.963678
0.961330
0.959036
0.956689
0.954295
0.951885
0.949410
0.947066
0.944598
0.942205
0.939810
0.937395
0.934975
0.932575
0.929997
0.927592
0.925113
0.922619
0.920204
0.917707
0.915352
0.912875
0.910406
0.907853
0.905176
0.902759
0.900211
0.897772
0.895316
0.892830
0.890448
0.887962
0.885653
0.883334
0.880992
0.878753
0.876490
0.874241
0.871873
0.869188
0.866562
0.863721
0.861028
0.858390
0.855750
0.853333
0.850653
0.848213
0.845719
0.843060
0.840427
0.837526
0.834757
0.831867
0.829104
0.826423
0.823878
0.821466
0.819062
0.816707
0.814356
0.811838
0.809264
0.806559
0.803876
0.801306
0.798782
0.796425
0.794074
0.791865
0.789665
0.787296
0.784865
0.782252
0.779736
0.777352
0.774908
0.772586
0.770347
0.768245
0.766016
0.763910
0.761570
0.759183
0.756739
0.754354
0.752032
0.749764
0.747742
0.745693
0.743715
0.741659
0.739519
0.737325
0.735033
0.732710
0.730433
0.728322
0.726178
0.724157
0.722211
0.720235
0.718074
0.715933
0.713708
0.711652
0.709492
0.707411
0.705428
0.703534
0.701581
0.699620
0.697624
0.695552
0.693525
0.691531
0.689600
0.687693
0.685895
0.684065
0.682216
0.680252
0.678238
0.676151
0.674098
0.672159
0.670257
0.668376
0.666500
0.664595
0.662709
0.660851
0.658893
0.656844
0.654758
0.652953
0.651069
0.649250
0.647525
0.645712
0.643875
0.642037
0.640057
0.638156
0.636139
0.634323
0.632487
0.630733
0.629040
0.627243
0.625427
0.623519
0.621563
0.619675
0.617886
0.616119
0.614313
0.612565
0.610840
0.609203
0.607540
0.605838
0.604149
0.602436
0.600786
0.599117
0.597539
0.595835
0.594249
0.592699
0.591098
0.589619
0.588056
0.586520
0.584872
0.583435
0.581852
0.580355
0.578965
0.577458
0.575988
0.574545
0.573072
0.571729
0.570280
0.569010
0.567490
0.566085
0.564746
0.563326
0.562102
0.560741
0.559411
0.558170
0.556810
0.555565
0.554265
0.553055
0.551826
0.550530
0.549313
0.548140
0.546846
0.545647
0.544545
0.543354
0.542238
0.541139
0.539939
0.538748
0.537682
0.536651
0.535433
0.534462
0.533320
0.532207
0.531240
0.530200
0.529037
0.528195
0.527097
0.526214
0.525259
0.524217
0.523211
0.522379
0.521314
0.520518
0.519481
0.518594
0.517737
0.516850
0.515958
0.515087
0.514325
0.513418
0.512604
0.511771
0.510990
0.510202
0.509417
0.508588
0.507813
0.507047
0.506336
0.505536
0.504838
0.504042
0.503332
0.502657
0.501941
0.501254
0.500565
0.499863
0.499214
0.498553
0.497870
0.497213
0.496645
0.495917
0.495370
0.494651
0.494040
0.493460
0.492843
0.492335
0.491669
0.491081
0.490553
0.489962
0.489414
0.488851
0.488331
0.487696
0.487161
0.486730
0.486133
0.485573
0.485138
0.484595
0.484143
0.483593
0.483112
0.482624
0.482223
0.481720
0.481209
0.480729
0.480330
0.479832
0.479360
0.478965
0.478530
0.478116
0.477649
0.477244
0.476814
0.476461
0.476055
0.475598
0.475255
0.474844
0.474495
0.474038
0.473709
0.473462
0.473049
0.472715
0.472356
0.471947
0.471691
0.471396
0.471104
0.470788
0.470504
0.416935
0.416580
0.416282
0.416043
0.415724
0.415438
0.415250
0.414934
0.414741
0.414540
0.414493
0.414317
0.414268
0.414227
0.414208
0.414128
0.414094
0.414073
0.414105
0.414076
0.414051
0.414071
0.414124
0.414148
0.414258
0.414367
0.414511
0.414556
0.414679
0.414769
0.414893
0.415048
0.415127
0.415315
0.415445
0.415691
0.415811
0.416021
0.416194
0.416426
0.416609
0.416890
0.417183
0.417350
0.417609
0.417871
0.418146
0.418393
0.418686
0.418815
0.419054
0.419218
0.419483
0.419655
0.419865
0.420146
0.420437
0.420715
0.421072
0.421360
0.421656
0.421987
0.422385
0.422712
0.423145
0.423521
0.423887
0.424346
0.424743
0.425189
0.277192
0.277544
0.277771
0.277942
0.277913
0.277781
0.277509
0.277209
0.276880
0.276495
0.276166
0.275928
0.275614
0.275256
0.274891
0.274453
0.274068
0.273571
0.273128
0.272684
0.272384
0.272185
0.272056
0.271928
0.271611
0.271155
0.270571
0.269985
0.269055
0.268108
0.266946
0.265808
0.264485
0.263319
0.262088
0.260967
0.259764
0.258703
0.257481
0.256435
0.255386
0.254348
0.253310
0.252068
0.250872
0.249499
0.248090
0.246658
0.245358
0.243937
0.242574
0.241321
0.240089
0.238729
0.237611
0.236577
0.235664
0.234896
0.234128
0.233393
0.232619
0.231895
0.231186
0.230332
0.229550
0.228696
0.227704
0.226981
0.226159
0.225377
0.224539
0.223686
0.222982
0.222073
0.221066
0.219868
0.218597
0.217214
0.215558
0.214126
0.212608
0.211083
0.209746
0.208258
0.206937
0.205454
0.204060
0.202674
0.201212
0.199737
0.198286
0.196858
0.195542
0.194096
0.192669
0.191289
0.189946
0.188528
0.187177
0.185764
0.184362
0.183077
0.181726
0.180411
0.179003
0.177685
0.176352
0.175048
0.173739
0.172435
0.171084
0.169795
0.168511
0.167202
0.165945
0.164577
0.163388
0.162059
0.160775
0.159537
0.158288
0.157001
0.155772
0.154495
0.153298
0.152050
0.150756
0.149587
0.148265
0.147129
0.145910
0.144664
0.143473
0.142192
0.141048
0.139792
0.138595
0.137430
0.136186
0.135059
0.133817
0.132627
0.131453
0.130226
0.129058
0.127894
0.126774
0.125543
0.124387
0.123235
0.122028
0.120897
0.119729
0.118570
0.117410
0.116268
0.115158
0.113955
0.112833
0.111650
0.110547
0.109449
0.108223
0.107144
0.106002
0.104784
0.103777
0.102665
0.101497
0.100336
0.099262
0.098203
0.097045
0.095888
0.094847
0.093794
0.092689
0.091506
0.090498
0.089481
0.088441
0.087361
0.086340
0.085368
0.084404
0.083357
0.082409
0.081386
0.080461
0.079557
0.078548
0.077617
0.076713
0.075838
0.074920
0.074048
0.073170
0.072335
0.071477
0.070621
0.069841
0.069014
0.068209
0.067356
0.066627
0.065842
0.065090
0.064325
0.063605
0.062798
0.062048
0.061342
0.060642
0.059934
0.059229
0.058572
0.057877
0.057165
0.056560
0.055921
0.055279
0.054626
0.054020
0.053396
0.052795
0.052212
0.051653
0.051123
0.050591
0.049938
0.049425
0.048890
0.048387
0.047876
0.047348
0.046867
0.046364
0.045870
0.045403
0.044914
0.044472
0.044015
0.043527
0.043109
0.042649
0.042273
0.041780
0.041361
0.040939
0.040492
0.040126
0.039723
0.039293
0.038917
0.038527
0.038200
0.037791
0.037401
0.037029
0.036676
0.036315
0.035959
0.035644
0.035307
0.034955
0.034608
0.034293
0.033997
0.033625
0.033317
0.033023
0.032692
0.032368
0.032098
0.031854
0.031526
0.031238
0.030933
0.030664
0.030435
0.030115
0.029851
0.029601
0.029353
0.029107
0.028877
0.028603
0.028362
0.028128
0.027899
0.027657
0.027422
0.027177
0.026934
0.026705
0.026476
0.026247
0.026018
0.025794
0.025597
0.025414
0.025183
0.024955
0.024827
0.024621
0.024415
0.024231
0.024047
0.023829
0.023679
0.023558
0.023364
0.023159
0.023008
0.022858
0.022663
0.022492
0.022352
0.022209
0.022039
0.021898
0.021756
0.021539
0.021451
0.021291
0.021099
0.021003
0.020873
0.020734
0.020585
0.020415
0.020317
0.020179
0.020031
0.019932
0.019806
0.019689
0.019582
0.019477
0.019339
0.019242
0.019096
0.019009
0.018884
0.018767
0.018683
0.018544
0.018460
0.018334
0.018238
0.018134
0.018037
0.017975
0.017830
0.017754
0.017672
0.017567
0.017473
0.017367
0.017306
0.017212
0.017125
0.017087
0.016971
0.016867
0.016827
0.016726
0.016649
0.016550
0.016486
0.016432
0.016333
0.016269
0.016231
0.016117
0.016053
0.016015
0.015902
0.015842
0.015820
0.015743
0.015648
0.015606
0.015587
0.015470
0.015429
0.015394
0.015319
0.015236
0.015196
0.015146
0.015071
0.015031
0.014968
0.014913
0.014841
0.014805
0.014782
0.014724
0.014684
0.014617
0.014599
0.014555
0.014483
0.014426
0.014396
0.014396
0.014298
0.014259
0.014224
0.014207
0.014176
0.014098
0.014059
0.014025
0.013991
0.013991
0.013935
0.013862
0.013830
0.013795
0.013795
0.013763
0.013719
0.013673
0.013619
0.013604
0.013604
0.013573
0.013551
0.013496
0.013443
0.013416
0.013416
0.013387
0.013346
0.013324
0.013310
0.013281
0.013267
0.013255
0.013208
0.013186
0.013186
0.013186
0.013186
0.013186
0.013168
0.013168
0.013168
0.013156
0.013156
0.013156
0.013156
0.013137
0.013137
0.013137
0.013137
0.013137
0.013137
0.013137
0.013125
0.013106
0.013106
0.013106
0.013106
0.013106
0.013106
0.013106
0.013106
0.013088
0.013088
0.013088
0.013088
0.013076
0.013076
0.013076
0.013076
0.013076
0.013076
0.013076
0.013076
0.013076
0.013076
0.013076
0.013076
0.013076
0.013076
0.013076
0.013076
0.013076
0.013076
0.013076
0.013076
0.013076
0.013076
0.013076
0.013076
0.013076
0.013076
0.013076
0.013076
0.013076
0.013076
0.013076
0.013076
0.013076
0.013076
0.013076
0.013076
0.013076
0.013076
0.013076
0.013076
0.013076
0.013076
0.013076
0.013076
0.013076
0.013076
0.013076
0.013076
0.013076
0.013076
0.013076
0.013076
0.013076
0.013076
0.013076
0.013076
0.013076
0.013076
0.013076
0.013076
0.013076
0.013076
0.013076
0.013076
0.013076
0.013076
0.013076
0.013076
0.013076
0.013076
0.013076
0.013076
0.013076
0.013076
0.013076
0.013076
0.013076
0.013076
0.013076
0.013076
0.013076
0.013076
0.013076
0.013076
0.013076
0.013076
0.013076
0.013076
0.013076
0.013076
0.013076
0.013076
0.013076
0.013076
0.013076
0.013076
0.013076
0.013076
0.013076
0.013076
0.013076
0.013076
0.013076
0.013076
0.013076
0.013076
0.013076
0.013076
0.013076
0.013076
0.013076
0.013076
0.013076
0.013076
0.013076
0.013076
0.013076
0.013076
0.013076
0.013076
0.013076
0.013076
0.013076
0.013076
0.013076
0.013076
0.013076
0.013076
0.013076
0.013076
0.013076
0.013076
0.013076
0.013076
0.013076
0.013076
0.013076
0.013076
0.013076
0.013076
0.013076
0.013076
0.013076
0.013076
0.013076
0.013076
0.013076
0.013076
0.013076
0.013076
0.013076
0.013076
0.013076
0.013076
0.013076
0.013076
0.013076
0.013076
0.013076
0.013076
0.013076
0.013076
0.013076
0.013076
0.013076
0.013076
0.013076
0.013076
0.013076
0.013076
0.013076
0.013076
0.013076
0.013076
0.013076
0.013076
0.013076
0.013076
0.013076
0.013076
0.013076
0.013076
0.013076
0.013076
0.013076
0.013076
0.013076
0.013076
0.013076
0.013076
0.013076
0.013076
0.013076
0.013076
0.013076
0.013076
0.013076
0.013076
0.013076
0.013076
0.013076
0.013076
0.013076
0.013076
0.013076
0.013076
0.013076
0.013076
0.013076
0.013076
0.013076
0.013076
0.013076
0.013076
0.013076
0.013076
0.013076
0.013076
0.013076
0.013076
0.013076
0.013076
0.013076
0.013076
0.013076
0.013076
0.013076
0.013076
0.013076
0.013076
0.013076
0.013076
0.013076
0.013076
0.013076
0.013076
0.013076
0.013076
0.013076
0.013076
0.013076
0.013076
0.013076
0.013076
0.013076
0.013076
0.013076
0.013076
0.013076
0.013076
0.013076
0.013076
0.013076
0.013076
0.013076
0.013076
0.013076
0.013076
0.013076
0.013076
0.013076
0.013076
0.013076
0.013076
0.013076
0.013076
0.013076
0.013076
0.013076
0.013076
0.013076
0.013076
0.013076
0.013076
0.013076
0.013076
0.013076
0.013076
0.013076
0.013076
0.013076
0.013076
0.013076
0.013076
0.013076
0.013076
0.013076
0.013076
0.013076
0.013076
0.013076
0.013076
0.013076
0.013076
0.013076
0.013076
0.013076
0.013076
0.013076
0.013076
0.013076
0.013076
0.013076
0.013076
0.013076
0.013076
0.013076
0.013076
0.013076
0.013076
0.013076
0.013076
0.013076
0.013076
0.013076
0.013076
0.013076
0.013076
0.013076
0.013076
0.013076
0.013076
0.013076
0.013076
0.013076
0.013076
0.013076
0.013076
0.013076
0.013076
0.013076
0.013076
0.013076
0.013076
0.013076
0.013076
0.013076
0.013076
0.013076
0.013076
0.013076
0.013076
0.013076
0.013076
0.013076
0.013076
0.013076
0.013076
0.013076
0.013076
0.013076
0.013076
0.013076
0.013076
0.013076
0.013076
0.013076
0.013076
0.013076
0.013076
0.013076
0.013076
0.013076
0.013076
0.013076
0.013076
0.013076
0.013076
0.013076
0.013076
0.013076
0.013076
0.013076
0.013076
0.013076
0.013076
0.013076
0.013076
0.013076
0.013076
0.013076
0.013076
0.013076
0.013076
0.013076
0.013076
0.013076
0.013076
0.013076
0.013076
0.013076
0.013076
0.013076
0.013076
0.013076
0.013076
0.013076
0.013076
0.013076
0.013076
0.013076
0.013076
0.013076
0.013076
0.013076
0.013076
0.013076
0.013076
0.013076
0.013076
0.013076
0.013076
0.013076
0.013076
0.013076
0.013076
0.013076
0.013076
0.013076
0.013076
0.013076
0.013076
0.013076
0.013076
0.013076
0.013076
0.013076
0.013076
0.013076
0.013076
0.013076
0.013076
0.013076
0.013076
0.013076
0.013076
0.013076
0.013076
0.013076
0.013076
0.013076
0.013076
0.013076
0.013076
0.013076
0.013076
0.013076
0.013076
0.013076
0.013076
0.013076
0.013076
0.013076
0.013076
0.013076
0.013076
0.013076
0.013076
0.013076
0.013076
0.013076
0.013076
0.013076
0.013076
0.013076
0.013076
0.013076
0.013076
0.013076
0.013076
0.013076
0.013076
0.013076
0.013076
0.013076
0.013076
0.013076
0.013076
0.013076
0.013076
0.013076
0.013076
0.013076
0.013076
0.013076
0.013076
0.013076
0.013076
0.013076
0.013076
0.013076
0.013076
0.013076
0.013076
0.013076
0.013076
0.013076
0.013076
0.013076
0.013076
0.013076
0.013076
0.013076
0.013076
0.013076
0.013076
