0.690254
0.690254
0.690254
0.690254
0.690254
0.690254
0.690254
0.690254
0.690254
0.690254
0.690254
0.690254
0.690254
0.690254
0.690254
0.690254
0.690254
0.690254
0.690254
0.690254
0.690254
0.690254
0.690177
0.690232
0.690384
0.690369
0.690177
0.689737
0.688783
0.687369
0.685234
0.682799
0.679834
0.676991
0.673997
0.670910
0.668029
0.664897
0.661823
0.658557
0.655150
0.651739
0.648222
0.644492
0.640602
0.636837
0.633162
0.629112
0.625220
0.621386
0.617237
0.613426
0.609354
0.605278
0.601275
0.597142
0.593197
0.589199
0.585293
0.581264
0.577249
0.573473
0.569479
0.565469
0.561601
0.557578
0.553765
0.549802
0.546059
0.542073
0.538254
0.534411
0.530573
0.526696
0.523020
0.519143
0.515277
0.511542
0.507831
0.504020
0.500344
0.496493
0.492779
0.489157
0.485393
0.481788
0.478075
0.474310
0.470734
0.467026
0.463429
0.459940
0.456227
0.452820
0.449170
0.445528
0.442022
0.438337
0.434900
0.431368
0.427855
0.424286
0.420895
0.417352
0.413996
0.410492
0.407040
0.403624
0.400212
0.396897
0.393498
0.390004
0.386754
0.383400
0.380089
0.376869
0.373443
0.370138
0.367059
0.363727
0.360684
0.357297
0.354142
0.350952
0.347663
0.344719
0.341589
0.338374
0.335339
0.332078
0.329139
0.325961
0.322908
0.319978
0.316904
0.313854
0.310934
0.307810
0.304945
0.301996
0.299109
0.296063
0.293268
0.290374
0.287567
0.284455
0.281714
0.278959
0.276008
0.273328
0.270520
0.267868
0.264911
0.262163
0.259511
0.256869
0.254117
0.251546
0.248988
0.246205
0.243606
0.241065
0.238441
0.235986
0.233414
0.230967
0.228483
0.226029
0.223565
0.221120
0.218661
0.216452
0.213940
0.211708
0.209402
0.207128
0.204851
0.202499
0.200322
0.197994
0.195817
0.193591
0.191484
0.189345
0.187067
0.185049
0.183002
0.180908
0.178802
0.176792
0.174822
0.172632
0.170647
0.168822
0.166920
0.164851
0.162980
0.161059
0.159164
0.157375
0.155485
0.153586
0.151724
0.149892
0.148191
0.146391
0.144674
0.142769
0.141188
0.139462
0.137746
0.136053
0.134363
0.132723
0.131165
0.129451
0.128026
0.126377
0.124811
0.123181
0.121689
0.120204
0.118652
0.117265
0.115868
0.114476
0.112970
0.111519
0.110175
0.108789
0.107420
0.106206
0.104825
0.103565
0.102164
0.100829
0.099563
0.098278
0.097251
0.095905
0.094644
0.093519
0.092366
0.091080
0.090099
0.088905
0.087769
0.086670
0.085378
0.084356
0.083307
0.082254
0.081134
0.080092
0.079129
0.077945
0.076995
0.076250
0.075124
0.074025
0.073147
0.072132
0.071146
0.070326
0.069356
0.068495
0.067437
0.066756
0.065943
0.064908
0.064039
0.063286
0.062508
0.061517
0.060755
0.060097
0.059211
0.058557
0.057670
0.056782
0.056180
0.055420
0.054739
0.054046
0.053269
0.052692
0.051831
0.051269
0.050663
0.049867
0.049269
0.048639
0.048035
0.047454
0.046794
0.046188
0.045644
0.044949
0.044444
0.043848
0.043396
0.042681
0.042186
0.041711
0.041099
0.040623
0.040144
0.039551
0.038966
0.038545
0.038155
0.037611
0.037109
0.036616
0.036178
0.035682
0.035182
0.034843
0.034444
0.034075
0.033489
0.033032
0.032671
0.032374
0.031855
0.031528
0.031222
0.030795
0.030406
0.029897
0.029675
0.029369
0.028988
0.028606
0.028199
0.027923
0.027480
0.027271
0.026965
0.026663
0.026352
0.025906
0.025616
0.025443
0.025139
0.024804
0.024492
0.024229
0.023957
0.023580
0.023409
0.023142
0.022884
0.022553
0.022348
0.022157
0.021849
0.021622
0.021441
0.021073
0.020907
0.020623
0.020329
0.020154
0.019964
0.019790
0.019519
0.019358
0.019170
0.018932
0.018687
0.018438
0.018367
0.018169
0.017994
0.017736
0.017614
0.017433
0.017095
0.017055
0.017016
0.016833
0.016662
0.016437
0.016260
0.016137
0.016034
0.015854
0.015667
0.015495
0.015376
0.015275
0.015096
0.015022
0.014883
0.014651
0.014580
0.014455
0.014326
0.014216
0.014040
0.013951
0.013796
0.013695
0.013577
0.013435
0.013395
0.013301
0.013147
0.013069
0.012928
0.012770
0.012698
0.012698
0.012540
0.012540
0.012434
0.012227
0.012190
0.012094
0.012019
0.011931
0.011906
0.011816
0.011736
0.011620
0.011584
0.011544
0.011465
0.011369
0.011369
0.011329
0.011174
0.011174
0.011094
0.011064
0.010945
0.010910
0.010871
0.010831
0.010831
0.010713
0.010672
0.010632
0.010632
0.010606
0.010448
0.010448
0.010448
0.010408
0.010377
0.010258
0.010258
0.010258
0.010219
0.010193
0.010114
0.010074
0.010043
0.010043
0.010039
0.009999
0.009920
0.009920
0.009880
0.009880
0.009855
0.009784
0.009700
0.009700
0.009700
0.009660
0.009660
0.009660
0.009660
0.009541
0.009541
0.009541
0.009541
0.009501
0.009501
0.009496
0.009496
0.009416
0.009416
0.009416
0.009416
0.009376
0.009376
0.009376
0.009376
0.009376
0.009337
0.009337
0.009337
0.009337
0.009337
0.009297
0.009297
0.009297
0.009297
0.009297
0.009297
0.009257
0.009257
0.009257
0.009257
0.009253
0.009213
0.009213
0.009213
0.009213
0.009213
0.009213
0.009213
0.009173
0.009173
0.009173
0.009173
0.009173
0.009173
0.009173
0.009133
0.009133
0.009133
0.009133
0.009133
0.009133
0.009133
0.009133
0.009133
0.009133
0.009133
0.009133
0.009133
0.009133
0.009133
0.009133
0.009094
0.009094
0.009094
0.009094
0.009094
0.009094
0.009094
0.009094
0.009094
0.009094
0.009094
0.009094
0.009094
0.009094
0.009094
0.009094
0.009094
0.009094
0.009094
0.009094
0.009094
0.009094
0.009094
0.009094
0.009094
0.009094
0.009094
0.009094
0.009094
0.009094
0.009094
0.009094
0.009094
0.009094
0.009094
0.009094
0.009094
0.009094
0.009094
0.009094
0.009094
0.009094
0.009094
0.009094
0.009094
0.009094
0.009094
0.009094
0.009094
0.009094
0.009094
0.009094
0.009094
0.009094
0.009094
0.009094
0.009094
0.009094
0.009094
0.009094
0.009094
0.009094
0.009094
0.009094
0.009094
0.009094
0.009094
0.009094
0.009094
0.009094
0.009094
0.009094
0.009094
0.009094
0.009094
0.009094
0.009094
0.009094
0.009094
0.009094
0.009094
0.009094
0.009094
0.009094
0.009094
0.009094
0.009094
0.009094
0.009094
0.009094
0.009094
0.009094
0.009094
0.009094
0.009094
0.009094
0.009094
0.009094
0.009094
0.009094
0.009094
0.009094
0.009094
0.009094
0.009094
0.009094
0.009094
0.009094
0.009094
0.009094
0.009094
0.009094
0.009094
0.009094
0.009094
0.009094
0.009094
0.009094
0.009094
0.009094
0.009094
0.009094
0.009094
0.009094
0.009094
0.009094
0.009094
0.009094
0.009094
0.009094
0.009094
0.009094
0.009094
0.009094
0.009094
0.009094
0.009094
0.009094
0.009094
0.009094
0.009094
0.009094
0.009094
0.009094
0.009094
0.009094
0.009094
0.009094
0.009094
0.009094
0.009094
0.009094
0.009094
0.009094
0.009094
0.009094
0.009094
0.009094
0.009094
0.009094
0.009094
0.009094
