1.178807
1.069602
0.845583
0.622439
0.455295
0.359819
0.321474
0.313347
0.473499
0.472667
0.471176
0.469199
0.467083
0.464768
0.462705
0.460489
0.458091
0.455451
0.452604
0.449640
0.446472
0.442967
0.439795
0.436179
0.432477
0.428973
0.425260
0.421422
0.417609
0.413885
0.410264
0.406318
0.402802
0.398967
0.395481
0.391521
0.387918
0.384185
0.380708
0.377199
0.373247
0.369734
0.366257
0.362540
0.359035
0.355523
0.351799
0.348428
0.344924
0.341414
0.337693
0.334183
0.330768
0.327418
0.323918
0.320409
0.316996
0.313503
0.310006
0.306583
0.303090
0.299716
0.296527
0.293270
0.289793
0.286370
0.283098
0.279675
0.276185
0.272814
0.269664
0.266477
0.262755
0.259568
0.256299
0.253113
0.249392
0.246437
0.243169
0.240353
0.237198
0.233931
0.230994
0.227724
0.224570
0.221634
0.218617
0.215911
0.212758
0.209862
0.207157
0.204223
0.201470
0.198764
0.196079
0.193313
0.190390
0.187705
0.184940
0.182357
0.179685
0.177251
0.174467
0.172032
0.169361
0.166908
0.164393
0.161710
0.159269
0.156957
0.154444
0.152222
0.149571
0.147139
0.144856
0.142406
0.140233
0.137802
0.135372
0.133321
0.130793
0.128838
0.126409
0.124438
0.121932
0.119978
0.117919
0.115717
0.113644
0.111908
0.109654
0.108040
0.105736
0.104002
0.102151
0.100537
0.098506
0.097141
0.095528
0.093696
0.092083
0.090238
0.089091
0.087478
0.085794
0.084430
0.083036
0.081210
0.080065
0.078792
0.077437
0.076028
0.074811
0.073330
0.072185
0.071040
0.069564
0.068419
0.067395
0.066022
0.064999
0.063854
0.062981
0.061497
0.060572
0.059548
0.058744
0.057628
0.056605
0.055801
0.054997
0.053890
0.053086
0.052001
0.051197
0.050394
0.049414
0.048611
0.047671
0.047086
0.046117
0.045314
0.044512
0.043955
0.043371
0.042690
0.041734
0.041150
0.040540
0.039740
0.039157
0.038357
0.038019
0.037340
0.036758
0.036420
0.035622
0.035042
0.034462
0.033865
0.033527
0.033068
0.032271
0.031933
0.031475
0.031137
0.030559
0.030125
0.029547
0.029210
0.028753
0.028416
0.027961
0.027624
0.027169
0.026832
0.026259
0.026042
0.025470
0.025253
0.024917
0.024466
0.024130
0.023896
0.023561
0.023344
0.022896
0.022560
0.022329
0.021994
0.021762
0.021198
0.021198
0.020982
0.020420
0.020205
0.020087
0.019644
0.019430
0.019312
0.019097
0.018872
0.018540
0.018326
0.018104
0.017773
0.017773
0.017559
0.017340
0.017009
0.017009
0.016797
0.016464
0.016251
0.016251
0.016040
0.015923
0.015499
0.015499
0.015289
0.015172
0.014961
0.014754
0.014754
0.014428
0.014428
0.014219
0.014017
0.014219
0.013896
0.013693
0.013693
0.013486
0.013486
0.013165
0.013165
0.013165
0.013165
0.012960
0.012848
0.012848
0.012642
0.012642
0.012642
0.012440
0.012440
0.012329
0.012329
0.012126
0.012126
0.012126
0.012126
0.011928
0.011818
0.011818
0.011818
0.011818
0.011620
0.011620
0.011620
0.011620
0.011317
0.011317
0.011317
0.011317
0.011317
0.011317
0.011125
0.011125
0.011125
0.011125
0.011022
0.010831
0.010831
0.010831
0.010831
0.010831
0.010831
0.010831
0.010831
0.010831
0.010831
0.010831
0.010831
0.010831
0.010831
0.010831
0.010831
0.010831
0.010831
0.010831
0.010831
0.010831
0.010831
0.010831
0.010831
0.010831
0.010831
0.010831
0.010831
0.010831
0.010831
0.010831
0.010831
0.010831
0.010831
0.010831
0.010831
0.010831
0.010831
0.010831
0.010831
0.010831
0.010831
0.010831
0.010831
0.010831
0.010831
0.010831
0.010831
0.010831
0.010831
0.010831
0.010831
0.010831
0.010831
0.010831
0.010831
0.010831
0.010831
0.010831
0.010831
0.010831
0.010831
0.010831
0.010831
0.010831
0.010831
0.010831
0.010831
0.010831
0.010831
0.010831
0.010831
0.010703
0.010703
0.010703
0.010703
0.010703
0.010703
0.010703
0.010703
0.010703
0.010703
0.010703
0.010703
0.010703
0.010703
0.010703
0.010703
0.010703
0.010703
0.010703
0.010703
0.010703
0.010703
0.010703
0.010703
0.010519
0.010519
0.010519
0.010519
0.010519
0.010519
0.010519
0.010519
0.010519
0.010519
0.010519
0.010519
0.010519
0.010519
0.010519
0.010519
0.010519
0.010519
0.010519
0.010519
0.010519
0.010519
0.010519
0.010519
0.010519
0.010519
0.010519
0.010519
0.010519
0.010519
0.010519
0.010519
0.010519
0.010519
0.010519
0.010519
0.010519
0.010519
0.010519
0.010519
0.010519
0.010519
0.010519
0.010519
0.010519
0.010519
0.010519
0.010735
0.011086
0.011205
0.011422
0.011155
0.011363
0.011719
0.012152
0.012717
0.012893
0.013215
0.013337
0.013485
0.013867
0.014434
0.014722
0.015182
0.015305
0.015613
0.015839
0.016102
0.016052
0.015510
0.014992
0.014831
0.015190
0.014962
0.014498
0.014154
0.013624
0.013061
0.012723
0.012337
0.012050
0.012199
0.011951
0.012002
0.011609
0.011654
0.011539
0.011214
0.011339
0.011263
0.011240
0.011492
0.011338
0.011361
0.011868
0.011688
0.011205
0.009819
0.009153
0.009362
0.009773
0.010910
0.013151
0.014136
0.014120
0.013133
0.012113
0.011407
0.011078
0.011608
0.011899
0.012765
0.013121
0.013916
0.013738
0.014210
0.014031
0.014459
0.014109
0.014077
0.014222
0.014900
0.015055
0.015729
0.015325
0.015325
0.014692
0.012602
0.011817
0.012209
0.012728
0.014470
0.017085
0.018210
0.018336
0.017877
0.016458
0.015486
0.015086
0.014940
0.015167
0.016233
0.017260
0.017602
0.018280
0.017695
0.017505
0.017975
0.017853
0.017705
0.018381
0.018451
0.018538
0.018897
0.018715
0.019364
0.018060
0.016261
0.015238
0.015080
0.015658
0.017494
0.019968
0.021780
0.021238
0.020773
0.019546
0.018423
0.017795
0.017631
0.018634
0.019106
0.019951
0.019951
0.020649
0.020506
0.020542
0.020346
0.019988
0.020598
0.020316
0.020387
0.020930
0.020652
0.021141
0.021141
0.019785
0.018110
0.016612
0.016548
0.016938
0.018870
0.021853
0.023490
0.023310
0.022147
0.020665
0.019745
0.018866
0.018902
0.019727
0.020213
0.021083
0.021764
0.021579
0.022115
0.021689
0.021252
0.021125
0.021529
0.021342
0.021860
0.021952
0.021785
0.022280
0.022280
0.021353
0.018978
0.017686
0.017928
0.018563
0.020318
0.023140
0.024332
0.024237
0.022832
0.021563
0.020413
0.019763
0.020235
0.020615
0.021563
0.021762
0.022448
0.022485
0.022799
0.022372
0.022170
0.022490
0.022210
0.022246
0.022783
0.022412
0.023155
0.023192
0.022967
0.023155
0.023118
0.021738
0.019390
0.018531
0.018815
0.018580
0.021466
0.024077
0.025045
0.025162
0.023967
0.022483
0.021070
0.020634
0.021367
0.021070
0.022246
0.022689
0.023600
0.023174
0.023489
0.023285
0.023081
0.022934
0.022897
0.022934
0.023472
0.023100
0.023847
0.023885
0.023580
0.023770
0.023733
0.022117
0.020427
0.019100
0.019387
0.019366
0.021842
0.024001
0.025905
0.025788
0.024359
0.023092
0.021667
0.021005
0.021743
0.021893
0.022854
0.023073
0.023990
0.023559
0.024106
0.023674
0.023469
0.023547
0.023509
0.023320
0.023781
0.023645
0.024170
0.024207
0.023968
0.023036
0.020380
0.019249
0.019055
0.019935
0.021523
0.024581
0.025804
0.025703
0.024038
0.022737
0.021780
0.021561
0.021370
0.021762
0.022729
0.022929
0.023648
0.024393
0.023766
0.023327
0.023826
0.023694
0.023163
0.023675
0.023750
0.023845
0.023901
0.023939
0.024648
0.022990
0.020763
0.019848
0.018971
0.019853
0.021676
0.024581
0.025804
0.025944
0.024982
0.023440
0.022481
0.021791
0.021370
0.021762
0.022969
0.023868
0.023648
0.024393
0.024242
0.023559
0.023826
0.023694
0.023637
0.023675
0.023750
0.024553
0.024368
0.023939
0.024648
0.023231
0.020992
0.019848
0.019196
0.019853
0.021915
0.024817
0.026516
0.025944
0.025456
0.023674
0.022481
0.022031
0.021600
0.022462
0.022969
0.024109
0.023882
0.024393
0.024242
0.024743
0.023826
0.023694
0.024345
0.024151
0.023750
0.024553
0.024610
0.024883
0.023269
0.021498
0.020112
0.019675
0.020248
0.022056
0.024980
0.026207
0.026106
0.025397
0.024104
0.022890
0.021964
0.022020
0.022871
0.023140
0.024048
0.024294
0.024811
0.024417
0.024682
0.024473
0.024108
0.023574
0.024322
0.024397
0.024971
0.024549
0.024587
0.025067
0.023402
0.021392
0.020244
0.019812
0.020248
0.022310
0.025230
0.026941
0.027082
0.025635
0.024085
0.022890
0.022438
0.022002
0.023102
0.023381
0.024284
0.025006
0.025044
0.024659
0.024919
0.024473
0.024108
0.024762
0.024558
0.024397
0.024971
0.025028
0.025538
0.023682
0.021903
0.020737
0.020069
0.020704
0.022530
0.025691
0.027396
0.026821
0.025877
0.024583
0.023356
0.022668
0.022495
0.023578
0.023848
0.024526
0.024773
0.025523
0.025129
0.025162
0.024952
0.024577
0.024996
0.024800
0.024876
0.025442
0.025028
0.025722
0.025722
0.025441
0.025645
0.024216
0.022222
0.020848
0.020672
0.021194
0.023272
0.025969
0.027863
0.027027
0.026517
0.024974
0.023750
0.023059
0.023116
0.023750
0.023972
0.025145
0.025375
0.025652
0.025260
0.025767
0.025313
0.024925
0.025365
0.025403
0.025237
0.025815
0.025633
0.025671
0.025910
0.025633
0.026313
0.024635
0.022642
0.021491
0.020843
0.021531
0.023389
0.026336
0.027575
0.027698
0.026708
0.025164
0.024172
0.023715
0.023060
0.024172
0.024687
0.025380
0.025375
0.026131
0.025738
0.025767
0.025556
0.025164
0.025126
0.025403
0.025241
0.026054
0.026112
0.025671
0.026150
0.026112
0.024916
0.022191
0.021258
0.021080
0.021983
0.023861
0.026795
0.028035
0.027899
0.026202
0.024879
0.023905
0.022717
0.023486
0.023886
0.024879
0.024841
0.025808
0.025606
0.026172
0.025482
0.025271
0.025597
0.025323
0.025118
0.025674
0.025770
0.026311
0.025865
0.025816
0.024860
0.022099
0.020990
0.021026
0.021696
0.023797
0.026509
0.027750
0.027894
0.027165
0.025357
0.024330
0.023635
0.023436
0.023594
0.024827
0.025511
0.025518
0.026277
0.026123
0.025434
0.025701
0.025566
0.025269
0.025790
0.025624
0.025720
0.026021
0.026059
0.025136
0.022379
0.021207
0.021223
0.021877
0.023957
0.026684
0.027928
0.028072
0.026633
0.025086
0.023855
0.023155
0.023691
0.023836
0.025070
0.025029
0.025998
0.026521
0.026367
0.025672
0.026182
0.025810
0.025513
0.026029
0.025867
0.025963
0.026503
0.026298
0.026782
0.025103
0.023055
0.021879
0.021204
0.021877
0.023980
0.026941
0.027947
0.028092
0.027114
0.025748
0.024532
0.023591
0.023629
0.024030
0.024787
0.025709
0.025959
0.026721
0.025844
0.025632
0.026143
0.025765
0.025229
0.025989
0.025823
0.026163
0.026220
0.026015
0.025335
0.022334
0.021152
0.021175
0.021824
0.023916
0.026884
0.027887
0.028032
0.026833
0.025767
0.024526
0.024066
0.023406
0.023788
0.025024
0.026189
0.025716
0.026477
0.026323
0.025628
0.025900
0.025765
0.025708
0.025985
0.025823
0.025919
0.026457
0.026015
0.026739
0.025053
0.023006
0.021826
0.021384
0.021824
0.023929
0.026661
0.027906
0.027808
0.027315
0.025743
0.024526
0.023824
0.023623
0.024507
0.024782
0.025945
0.025955
0.026477
0.026080
0.026592
0.026139
0.025522
0.025465
0.025985
0.025819
0.026399
0.026457
0.026254
0.026496
0.025053
0.023243
0.021585
0.021384
0.021583
0.023929
0.027141
0.028628
0.028534
0.027315
0.025984
0.024521
0.023824
0.023862
0.024502
0.024782
0.025945
0.026677
0.026473
0.026319
0.026592
0.026137
0.025761
0.026187
0.025983
0.025819
0.026639
0.026457
0.026977
0.026735
0.026697
0.025494
0.022982
0.021566
0.021856
0.022296
0.024425
0.027623
0.028628
0.028534
0.027797
0.026464
0.025242
0.024282
0.024339
0.024502
0.025742
0.026426
0.026435
0.027198
0.026801
0.026107
0.026619
0.026465
0.025944
0.026465
0.026542
0.026396
0.026697
0.026735
0.027460
0.026937
0.025254
0.023462
0.021801
0.021620
0.022054
0.024185
0.027380
0.028869
0.028745
0.027524
0.025950
0.024726
0.024008
0.023826
0.024707
0.025949
0.025911
0.026886
0.026682
0.027253
0.026558
0.026346
0.026674
0.026394
0.026192
0.026751
0.026848
0.026423
0.027188
0.026944
0.025983
0.023207
0.022020
0.022059
0.022732
0.024610
0.027832
0.028839
0.028741
0.027521
0.025950
0.024486
0.024026
0.024547
0.024467
0.025708
0.026151
0.026886
0.026440
0.027011
0.026799
0.026105
0.026452
0.026394
0.026432
0.026753
0.026606
0.027390
0.026946
0.026702
0.027390
0.025905
0.023670
0.022480
0.021823
0.022494
0.024389
0.027346
0.029323
0.029228
0.027764
0.026432
0.024969
0.024208
0.024265
0.024908
0.025187
0.026355
0.027333
0.026887
0.026490
0.027004
0.026551
0.025912
0.026599
0.026396
0.026230
0.026811
0.026628
0.027394
0.026908
0.026869
0.025908
0.023144
0.021722
0.022255
0.022453
0.024830
0.027552
0.028562
0.028708
0.028214
0.026394
0.025171
0.024690
0.024508
0.024428
0.025671
0.026841
0.026365
0.027130
0.026976
0.026763
0.026551
0.026396
0.026358
0.026396
0.026474
0.026570
0.026870
0.026667
0.027394
0.027355
0.025157
0.023359
0.021929
0.021508
0.021944
0.024081
0.027287
0.028783
0.028929
0.027462
0.026128
0.024661
0.023940
0.023998
0.024642
0.025887
0.026089
0.026824
0.026622
0.027194
0.026495
0.026042
0.026614
0.026333
0.026128
0.026691
0.026788
0.026360
0.026885
0.026885
0.025677
0.022896
0.021948
0.021745
0.022662
0.024542
0.027531
0.028783
0.028686
0.027219
0.025645
0.024419
0.023717
0.024238
0.024642
0.025644
0.025846
0.026583
0.026379
0.026951
0.026254
0.026042
0.026358
0.026057
0.025854
0.026412
0.026509
0.026811
0.026606
0.026606
0.027296
0.025360
0.023314
0.022123
0.021460
0.022140
0.024042
0.027254
0.029237
0.028897
0.027429
0.026091
0.024864
0.023899
0.023956
0.025086
0.025125
0.026052
0.027032
0.027071
0.026188
0.026703
0.026490
0.026093
0.026296
0.026335
0.026412
0.026509
0.026567
0.027334
0.027092
0.026567
0.025844
0.023314
0.021643
0.022179
0.022378
0.024765
0.027254
0.028507
0.028653
0.028158
0.026091
0.025105
0.024623
0.024440
0.024361
0.025608
0.026537
0.026304
0.027071
0.026673
0.026460
0.026490
0.026335
0.026053
0.026820
0.026412
0.026266
0.027053
0.026606
0.027091
0.027053
0.027014
0.025564
0.023056
0.021643
0.021940
0.022879
0.024523
0.027757
0.029012
0.028409
0.027166
0.026576
0.025327
0.024382
0.024440
0.024844
0.025365
0.026557
0.026789
0.027313
0.026673
0.026460
0.026975
0.026334
0.026053
0.026820
0.026655
0.026266
0.027053
0.026849
0.027334
0.027053
0.025602
0.023559
0.022125
0.021703
0.022140
0.024281
0.027251
0.028992
0.029139
0.027670
0.026090
0.024864
0.024142
0.024180
0.025067
0.025347
0.026277
0.027257
0.027052
0.027141
0.026928
0.026471
0.026803
0.026521
0.026401
0.026967
0.026576
0.026634
0.027407
0.027161
0.025949
0.023384
0.021697
0.022217
0.022656
0.024795
0.028051
0.028824
0.028726
0.027497
0.026154
0.024433
0.023968
0.024737
0.024657
0.025668
0.026115
0.026857
0.026407
0.026984
0.026770
0.026313
0.026420
0.026362
0.026157
0.026478
0.026576
0.027124
0.026918
0.026673
0.025705
0.022896
0.021697
0.021731
0.022415
0.024553
0.027563
0.028578
0.028483
0.027742
0.026398
0.024921
0.024211
0.024250
0.024171
0.025154
0.026335
0.026588
0.026872
0.026471
0.026257
0.026532
0.025906
0.025848
0.026621
0.026210
0.026062
0.026854
0.026649
0.026893
0.025434
0.023354
0.021908
0.021459
0.021900
0.024282
0.027052
0.028802
0.028215
0.027475
0.025885
0.024649
0.024184
0.023735
0.024630
0.025154
0.026091
0.026099
0.026627
0.026471
0.026501
0.026287
0.025906
0.026338
0.026131
0.026209
0.026796
0.026365
0.026404
0.026893
0.026610
0.025639
0.023090
0.021402
0.021942
0.022142
0.024546
0.027785
0.028313
0.028461
0.027230
0.025885
0.024162
0.023677
0.024466
0.024142
0.025399
0.025846
0.026833
0.026138
0.026716
0.026501
0.026287
0.026131
0.026093
0.026131
0.026209
0.026307
0.027099
0.026404
0.026404
0.027099
0.025396
0.023090
0.022129
0.021215
0.022142
0.023816
0.027052
0.029048
0.028950
0.027230
0.025885
0.024649
0.023920
0.023735
0.024630
0.025154
0.025846
0.026588
0.026627
0.026226
0.026501
0.026043
0.025887
0.026093
0.025887
0.025965
0.026306
0.025632
0.025917
0.025430
0.024663
0.023224
0.020242
0.018365
0.018663
0.018846
0.021179
0.024370
0.025376
0.025282
0.024540
0.022743
0.020600
0.019723
0.019360
0.019093
0.019783
0.020481
0.020323
0.020295
0.019655
0.019402
0.019638
0.019308
0.018706
0.019022
0.018891
0.018329
0.018562
0.018502
0.018716
0.017926
0.017292
0.016998
0.016766
0.017062
0.017595
0.018422
0.019092
0.018652
0.018707
0.018261
0.018002
0.017702
0.017851
0.018218
0.018290
0.018748
0.019053
0.019677
0.019680
0.020205
0.020899
0.021704
0.022321
0.023001
0.023896
0.024603
0.025039
0.025972
0.026688
0.027433
0.028592
0.029896
0.030462
0.030520
0.030227
0.029474
0.028953
0.028809
0.029005
0.029848
0.031258
0.032320
0.033456
0.033930
0.034787
0.035347
0.036193
0.036380
0.037355
0.038170
0.038982
0.039824
0.040891
0.041924
0.042668
0.043415
0.044408
0.044921
0.045650
0.046678
0.047225
0.048435
0.049132
0.049504
0.049677
0.049629
0.048915
0.048778
0.048814
0.049436
0.050825
0.052015
0.053031
0.053888
0.054354
0.054713
0.055499
0.056076
0.057265
0.059267
0.059780
0.059592
0.059910
0.060728
0.061233
0.061777
0.063019
0.063975
0.064979
0.065491
0.066485
0.066995
0.068214
0.070072
0.071204
0.071794
0.072018
0.070996
0.070161
0.069993
0.070161
0.071045
0.072209
0.072781
0.073680
0.074372
0.075761
0.076638
0.076735
0.076406
0.076178
0.076794
0.077682
0.078081
0.079237
0.080332
0.080998
0.081847
0.082666
0.083256
0.084141
0.084693
0.086032
0.087293
0.088892
0.089939
0.089989
0.090117
0.088864
0.088330
0.087943
0.088148
0.089036
0.090197
0.091241
0.092130
0.092356
0.093206
0.093304
0.093589
0.094026
0.094772
0.094787
0.095374
0.096453
0.096811
0.097345
0.098142
0.098683
0.099226
0.100089
0.100660
0.101490
0.101908
0.103452
0.104087
0.104517
0.104591
0.104065
0.103431
0.102775
0.103073
0.104193
0.105521
0.106639
0.107818
0.109326
0.110350
0.110780
0.111531
0.112437
0.113078
0.113628
0.114581
0.115208
0.115992
0.116839
0.117504
0.118151
0.118299
0.118701
0.118736
0.118972
0.118717
0.118730
0.118971
0.118726
0.117778
0.116502
0.115228
0.113398
0.112273
0.111513
0.111100
0.110909
0.111079
0.110979
0.111077
0.110779
0.110686
0.110629
0.110818
0.110974
0.111387
0.111676
0.111976
0.112542
0.112568
0.112600
0.112049
0.111655
0.111084
0.110492
0.110288
0.110427
0.110459
0.111050
0.111112
0.110969
0.110910
0.110591
0.109435
0.109252
0.109338
0.109687
0.109821
0.110139
0.110407
0.110060
0.109769
0.108961
0.108268
0.107006
0.105946
0.104980
0.103827
0.102509
0.101386
0.099927
0.098654
0.097178
0.095736
0.094317
0.092887
0.091277
0.090077
0.088926
0.087943
0.087150
0.086363
0.085049
0.083697
0.082253
0.080213
0.079074
0.078453
0.077427
0.075913
0.074928
0.073578
0.072400
0.071040
0.069798
0.068483
0.067853
0.067025
0.066328
0.065870
0.065103
0.064883
0.063932
0.063129
0.062554
0.061796
0.061184
0.060507
0.059553
0.058909
0.058904
0.058194
0.057560
0.056722
0.056164
0.055175
0.054214
0.053040
0.052329
0.051598
0.050481
0.049570
0.048653
0.047715
0.046797
0.045935
0.044982
0.044220
0.043442
0.042888
0.041774
0.041191
0.040538
0.039655
0.038873
0.038593
0.037762
0.037178
0.036466
0.035857
0.034978
0.034010
0.033699
0.033119
0.032752
0.032186
0.032568
0.032606
0.031844
0.031106
0.030062
0.029447
0.028608
0.028283
0.027788
0.027341
0.026668
0.026658
0.026007
0.025455
0.025167
0.024349
0.024325
0.023981
0.023505
0.023337
0.023047
0.023000
0.022619
0.022391
0.022388
0.021539
0.020284
0.019968
0.019318
0.019602
0.019794
0.021344
0.022420
0.022312
0.021155
0.020230
0.019440
0.018743
0.018543
0.018857
0.018887
0.018959
0.019272
0.018846
0.018515
0.018535
0.018179
0.017859
0.017990
0.017782
0.017600
0.017870
0.017688
0.018205
0.017982
0.016763
0.015500
0.015019
0.014859
0.014754
0.016202
0.017961
0.019505
0.019137
0.018153
0.016931
0.016213
0.015443
0.015781
0.015960
0.016496
0.016859
0.017526
0.017559
0.017852
0.017660
0.017371
0.017672
0.017653
0.017619
0.018357
0.018203
0.018466
0.019185
0.019143
0.019327
0.017943
0.016258
0.015147
0.014992
0.015383
0.017614
0.020683
0.022357
0.021787
0.021070
0.019809
0.018617
0.018156
0.018211
0.018824
0.019326
0.020455
0.020699
0.021237
0.020859
0.021356
0.021149
0.020524
0.021189
0.021227
0.020829
0.021679
0.021735
0.021773
0.022235
0.021735
0.021033
0.018356
0.017452
0.017280
0.018156
0.020453
0.023104
0.024331
0.024238
0.023039
0.021262
0.020306
0.019841
0.020414
0.020579
0.021555
0.021987
0.022694
0.022732
0.023059
0.022851
0.022875
0.022724
0.022455
0.022493
0.023033
0.022893
0.023429
0.023283
0.023283
0.023955
0.023452
0.022504
0.020076
0.018937
0.019005
0.019580
0.021418
0.024578
0.025565
0.025689
0.024231
0.022942
0.021486
0.021036
0.021567
0.021717
0.022935
0.022923
0.023617
0.023655
0.024218
0.024009
0.023087
0.023648
0.023610
0.023403
0.023959
0.023819
0.024346
0.024149
0.024094
0.024537
0.022865
0.020867
0.019693
0.019057
0.019706
0.021879
0.024730
0.026443
0.026588
0.025378
0.023587
0.022375
0.021902
0.021723
0.022356
0.022868
0.024021
0.024505
0.024307
0.024155
0.024663
0.024208
0.023583
0.024262
0.024056
0.024132
0.024472
0.024285
0.025042
0.024806
0.023140
0.021105
0.019945
0.019972
0.019939
0.021776
0.024960
0.026921
0.026828
0.025373
0.023815
0.022844
0.021913
0.022427
0.022825
0.023811
0.024014
0.024743
0.024781
0.025104
0.024657
0.024208
0.024549
0.024256
0.024294
0.024851
0.024702
0.024523
0.025282
0.024798
0.025480
0.023812
0.021789
0.020388
0.020206
0.020400
0.022743
0.025674
0.026677
0.026583
0.026094
0.024527
0.023315
0.022607
0.022420
0.023296
0.023811
0.024733
0.024737
0.025257
0.025104
0.025133
0.024922
0.023157
0.021115
0.020013
0.019428
0.020195
0.022339
0.025050
0.026994
0.027101
0.025610
0.023789
0.022799
0.022344
0.022164
0.022818
0.023194
0.024117
0.025155
0.024692
0.025281
0.024810
0.022958
0.020816
0.019861
0.019008
0.020002
0.020309
0.022380
0.025271
0.026632
0.025569
0.024730
0.023470
0.022377
0.021597
0.021767
0.021555
0.019857
0.019112
0.019803
0.021333
0.023872
0.025965
0.026026
0.024758
0.023267
0.022302
0.021311
0.022003
0.022113
0.023465
0.023663
0.024394
0.024220
0.024801
0.022998
0.020590
0.019561
0.018636
0.019553
0.020533
0.021940
0.024774
0.026376
0.025575
0.024496
0.023019
0.022251
0.022010
0.021700
0.022604
0.023127
0.024207
0.024161
0.024376
0.024303
0.024784
0.024578
0.023761
0.024447
0.024503
0.023235
0.020901
0.020086
0.020382
0.020097
0.022796
0.024917
0.026571
0.026686
0.025497
0.024016
0.022822
0.022247
0.022997
0.023164
0.023887
0.024315
0.025244
0.025262
0.025365
0.024907
0.024720
0.025275
0.024767
0.024571
0.025350
0.025444
0.025274
0.025772
0.025538
0.026208
0.025627
0.024222
0.022265
0.020908
0.020729
0.021180
0.023207
0.026344
0.028045
0.027694
0.026481
0.025200
0.023746
0.023299
0.023132
0.023746
0.024957
0.025408
0.026345
0.025909
0.026232
0.026024
0.025817
0.025666
0.025629
0.025655
0.026197
0.025825
0.025882
0.026386
0.026386
0.025218
0.022743
0.021360
0.021624
0.021973
0.024271
0.026952
0.028184
0.028329
0.026897
0.025106
0.024146
0.023695
0.023733
0.024127
0.025346
0.025781
0.026027
0.026065
0.026628
0.026173
0.025497
0.026078
0.026021
0.025813
0.026135
0.026230
0.026756
0.026794
0.026324
0.027002
0.025336
0.023348
0.021938
0.021538
0.022193
0.024045
0.027191
0.028903
0.028802
0.027599
0.026058
0.024610
0.024139
0.024195
0.024837
0.025100
0.026249
0.027212
0.026534
0.026382
0.026889
0.026680
0.025813
0.026490
0.026528
0.026358
0.026699
0.026756
0.027511
0.027034
0.026671
0.025963
0.023326
0.021938
0.022214
0.022887
0.024981
0.027663
0.028897
0.028802
0.028318
0.026757
0.025321
0.024850
0.024660
0.025057
0.025813
0.026965
0.026966
0.027722
0.027098
0.026643
0.027151
0.026999
0.026490
0.026915
0.026991
0.027087
0.027144
0.027182
0.027903
0.027390
0.027106
0.026397
0.023923
0.022297
0.022596
0.022973
0.025393
0.028351
0.029024
0.029152
0.027922
0.027100
0.025629
0.025172
0.024989
0.024911
0.026143
0.027080
0.027310
0.027590
0.027437
0.026985
0.027262
0.026863
0.026583
0.027343
0.026940
0.026794
0.027573
0.027377
0.027611
0.026178
0.024149
0.022724
0.022296
0.022715
0.024814
0.028009
0.028763
0.028674
0.028187
0.026625
0.025176
0.024720
0.024518
0.025157
0.025670
0.026828
0.026835
0.027115
0.026962
0.027231
0.026788
0.026408
0.026351
0.026635
0.026465
0.027281
0.027097
0.026902
0.027377
0.025705
0.023681
0.022498
0.021834
0.022489
0.024491
0.027456
0.029178
0.029084
0.027634
0.026312
0.024853
0.024165
0.024203
0.025074
0.025115
0.026274
0.027245
0.026796
0.026408
0.026919
0.026709
0.025854
0.026517
0.026556
0.026109
0.026682
0.026739
0.209064
0.208571
0.206188
0.204940
0.451676
0.450242
0.447839
0.447760
0.446696
0.445952
0.444207
0.441732
0.438517
0.435895
0.433329
0.431354
0.429085
0.427249
0.424839
0.422880
0.420341
0.417590
0.414906
0.411444
0.408932
0.405789
0.402489
0.399708
0.396434
0.392872
0.389694
0.386341
0.382022
0.377361
0.373357
0.370308
0.367601
0.365091
0.362953
0.359452
0.355243
0.350294
0.345064
0.340038
0.335737
0.332060
0.328162
0.324688
0.320522
0.317428
0.313795
0.309674
0.305569
0.301985
0.298117
0.294070
0.290685
0.286866
0.283381
0.279970
0.276453
0.272599
0.268642
0.264079
0.260719
0.257611
0.254609
0.252861
0.250632
0.247646
0.244282
0.239990
0.235645
0.231237
0.227412
0.223871
0.220599
0.218034
0.215234
0.212025
0.208985
0.205336
0.202047
0.198716
0.195295
0.192541
0.189456
0.186311
0.183938
0.180868
0.177953
0.175525
0.172558
0.169087
0.166062
0.162996
0.160969
0.158554
0.158279
0.156874
0.155122
0.152653
0.149237
0.146245
0.143292
0.140654
0.138723
0.136635
0.135446
0.133576
0.132170
0.130249
0.128462
0.126374
0.124143
0.122835
0.120963
0.119234
0.117962
0.116202
0.114920
0.113007
0.111593
0.109871
0.107895
0.106136
0.104878
0.104017
0.103920
0.104451
0.104914
0.104735
0.103003
0.101257
0.099122
0.097634
0.095915
0.094766
0.094195
0.093068
0.092520
0.091472
0.090719
0.089590
0.088604
0.087343
0.086276
0.085486
0.084566
0.083459
0.083065
0.081948
0.081358
0.080189
0.078474
0.077680
0.076808
0.076734
0.076638
0.077423
0.077945
0.078054
0.077109
0.075613
0.073952
0.072714
0.071255
0.070528
0.070342
0.069651
0.069307
0.068808
0.068069
0.067640
0.067182
0.066320
0.065507
0.065071
0.064648
0.064536
0.063940
0.063731
0.063261
0.062910
0.062798
0.061543
0.060470
0.060145
0.060122
0.060938
0.062104
0.062750
0.062565
0.061901
0.060543
0.058696
0.057614
0.056600
0.056296
0.055884
0.055800
0.056086
0.056058
0.056016
0.055547
0.055061
0.054985
0.054305
0.054134
0.054227
0.054036
0.054433
0.054128
0.054125
0.054501
0.053920
0.053268
0.052487
0.052127
0.052441
0.052314
0.054402
0.055988
0.056742
0.056834
0.055798
0.054952
0.053745
0.053423
0.053695
0.053592
0.054153
0.054099
0.054506
0.054022
0.054209
0.053969
0.053253
0.053408
0.053042
0.052350
0.052909
0.052639
0.052630
0.052096
0.051768
0.052098
0.050769
0.049555
0.048786
0.048613
0.049462
0.051114
0.052585
0.053381
0.052241
0.050888
0.049283
0.048022
0.046752
0.046249
0.046484
0.046474
0.046542
0.045863
0.046164
0.045279
0.045168
0.044335
0.043926
0.043715
0.043225
0.042668
0.043042
0.042804
0.042618
0.042222
0.040601
0.039380
0.038862
0.038261
0.038692
0.040384
0.041984
0.043249
0.043144
0.041913
0.040666
0.039659
0.038982
0.038763
0.039546
0.039918
0.040258
0.041043
0.041073
0.041187
0.041022
0.040622
0.040415
0.040707
0.040737
0.040906
0.040872
0.040917
0.041057
0.041057
0.041627
0.040139
0.038629
0.038457
0.037815
0.038182
0.039530
0.041394
0.042054
0.042199
0.041826
0.040275
0.039397
0.038779
0.038823
0.038800
0.039536
0.040287
0.040487
0.040518
0.040395
0.040226
0.040179
0.039936
0.039657
0.040079
0.039906
0.040349
0.040265
0.039852
0.040221
0.040190
0.039818
0.038782
0.037480
0.036033
0.036425
0.036680
0.038433
0.040109
0.041030
0.040857
0.040059
0.038982
0.038174
0.037208
0.037253
0.037206
0.038216
0.038966
0.038773
0.039422
0.039163
0.038509
0.038951
0.038699
0.038185
0.038827
0.038489
0.039179
0.038990
0.038643
0.039258
0.038742
0.037469
0.036761
0.035525
0.035831
0.035473
0.037784
0.038807
0.040109
0.040008
0.039007
0.037816
0.036802
0.036200
0.036477
0.036787
0.037340
0.037322
0.038130
0.038161
0.038018
0.037848
0.037679
0.037792
0.037526
0.037307
0.037979
0.037930
0.038103
0.038134
0.038007
0.037897
0.036669
0.035777
0.034675
0.034255
0.034507
0.036014
0.037917
0.038991
0.038503
0.037980
0.036899
0.035620
0.035137
0.034932
0.035726
0.035896
0.036603
0.036679
0.037321
0.036711
0.037027
0.036857
0.036276
0.036494
0.036459
0.036271
0.036598
0.036644
0.037046
0.037046
0.035528
0.034552
0.033558
0.032903
0.033348
0.034941
0.036863
0.038119
0.038032
0.036906
0.035798
0.034626
0.034024
0.034054
0.034733
0.035027
0.035766
0.036354
0.036386
0.036893
0.036475
0.036048
0.035935
0.036284
0.036067
0.036776
0.036859
0.036263
0.036928
0.036928
0.036103
0.034462
0.033592
0.033392
0.033527
0.035704
0.037749
0.038895
0.038802
0.037469
0.036117
0.035267
0.034623
0.035068
0.035417
0.036283
0.036674
0.037329
0.037528
0.037813
0.037624
0.037196
0.037499
0.037447
0.037242
0.037987
0.037825
0.038558
0.038352
0.038103
0.038752
0.037398
0.036632
0.035504
0.035076
0.035460
0.037372
0.039211
0.041092
0.040418
0.039744
0.038261
0.037358
0.036918
0.036733
0.037533
0.038012
0.039331
0.039325
0.039814
0.039670
0.039935
0.039487
0.039343
0.039796
0.039343
0.039415
0.039961
0.039775
0.040518
0.040269
0.039877
0.038974
0.037273
0.035876
0.036125
0.036748
0.038518
0.040171
0.041159
0.041072
0.039915
0.038055
0.036909
0.036914
0.036263
0.036642
0.037589
0.037548
0.038245
0.038995
0.038376
0.037686
0.038197
0.037580
0.037055
0.037802
0.037345
0.037195
0.037713
0.037278
0.037750
0.035914
0.034864
0.033708
0.033027
0.033184
0.035214
0.036599
0.037560
0.037500
0.036809
0.035331
0.033911
0.033018
0.032805
0.032729
0.033666
0.034538
0.034198
0.034696
0.034081
0.033881
0.033682
0.033306
0.033035
0.033288
0.033111
0.033692
0.033497
0.032826
0.033534
0.032915
0.031777
0.030083
0.028690
0.028726
0.028392
0.030842
0.032507
0.033466
0.033165
0.031768
0.030308
0.028912
0.027883
0.028423
0.028547
0.029027
0.029438
0.029912
0.029699
0.029804
0.029358
0.028913
0.029019
0.028734
0.028185
0.028720
0.028346
0.028856
0.028677
0.028187
0.028393
0.027005
0.025601
0.024461
0.023830
0.024403
0.025878
0.027734
0.029061
0.028514
0.027374
0.026140
0.024992
0.024106
0.023919
0.024466
0.024691
0.025554
0.025327
0.026063
0.025673
0.025689
0.025282
0.024892
0.025557
0.024769
0.024593
0.025388
0.024951
0.025477
0.025229
0.023648
0.022612
0.021466
0.020570
0.021149
0.022858
0.024745
0.026420
0.026363
0.024716
0.023477
0.022326
0.021457
0.021246
0.022061
0.022538
0.023163
0.023886
0.023674
0.024240
0.023552
0.023355
0.022983
0.022929
0.022965
0.023499
0.023589
0.023153
0.023901
0.023432
0.023767
0.023730
0.022134
0.021381
0.020000
0.019576
0.019951
0.021902
0.023591
0.025535
0.025438
0.024260
0.022777
0.021840
0.020943
0.020997
0.021840
0.022325
0.023230
0.023938
0.023731
0.024305
0.024104
0.023657
0.023269
0.023951
0.023988
0.024308
0.024399
0.024207
0.024965
0.024722
0.024685
0.024037
0.022301
0.022086
0.021166
0.022026
0.024040
0.025722
0.026953
0.027123
0.026679
0.025161
0.023995
0.023541
0.023354
0.023736
0.024950
0.026096
0.025859
0.026621
0.026473
0.026270
0.026550
0.026402
0.026365
0.026892
0.026723
0.027542
0.027598
0.027392
0.028075
0.028038
0.025924
0.025135
0.024196
0.024519
0.024195
0.026957
0.028171
0.030139
0.029783
0.028354
0.027071
0.025652
0.025193
0.025971
0.025633
0.026856
0.027047
0.028012
0.027805
0.027901
0.027697
0.027249
0.027593
0.027308
0.026866
0.027667
0.027511
0.028059
0.027852
0.027369
0.026710
0.024939
0.023528
0.023776
0.024171
0.026186
0.027899
0.029134
0.028573
0.027324
0.026043
0.024870
0.024663
0.024468
0.024604
0.025581
0.025771
0.026490
0.027256
0.026627
0.026176
0.026699
0.025843
0.025788
0.026551
0.026142
0.025991
0.026525
0.026256
0.026741
0.025106
0.024066
0.022640
0.022179
0.022562
0.024337
0.026291
0.027041
0.027211
0.026766
0.024992
0.023817
0.023132
0.023168
0.022829
0.024047
0.025198
0.024711
0.025476
0.025080
0.025368
0.024921
0.024544
0.024489
0.024459
0.024533
0.025108
0.024925
0.024719
0.025201
0.023579
0.022288
0.021350
0.020402
0.021270
0.022798
0.024746
0.026720
0.026402
0.024979
0.023698
0.022277
0.021839
0.021388
0.022259
0.022754
0.023414
0.023655
0.023935
0.023787
0.024069
0.023619
0.023252
0.023678
0.023471
0.023061
0.023843
0.023653
0.024174
0.023935
0.023407
0.022753
0.020999
0.019589
0.019848
0.020240
0.022266
0.023961
0.024955
0.025127
0.023703
0.022857
0.021427
0.020969
0.020787
0.020926
0.021905
0.022574
0.022814
0.023584
0.022944
0.022500
0.022781
0.022389
0.022352
0.022633
0.022707
0.022309
0.023096
0.022892
0.023133
0.023096
0.021714
0.020449
0.019269
0.018812
0.019199
0.021222
0.022917
0.024895
0.025068
0.023399
0.021874
0.020937
0.020244
0.020298
0.020919
0.021414
0.022328
0.023300
0.023092
0.023676
0.022985
0.022536
0.023119
0.022842
0.022879
0.023440
0.023532
0.023348
0.023823
0.023578
0.024275
0.022642
0.021611
0.020665
0.020208
0.020600
0.022647
0.024596
0.025844
0.026016
0.025568
0.024031
0.023083
0.022621
0.022192
0.022579
0.023813
0.024976
0.024974
0.025748
0.025598
0.026129
0.025677
0.025280
0.025243
0.025527
0.025602
0.026433
0.026489
0.026281
0.027018
0.026981
0.026067
0.024290
0.022853
0.023370
0.023770
0.025843
0.028051
0.028809
0.028734
0.027542
0.026246
0.025047
0.024334
0.024881
0.025028
0.026021
0.026453
0.026945
0.026983
0.027322
0.027115
0.026419
0.027006
0.026721
0.026513
0.027081
0.026927
0.027476
0.027514
0.027021
0.026107
0.024312
0.023359
0.023127
0.023773
0.025580
0.027805
0.028563
0.028489
0.027297
0.026243
0.025044
0.024596
0.024108
0.024500
0.025249
0.026173
0.026418
0.026700
0.026305
0.025851
0.026382
0.025760
0.025457
0.026232
0.025569
0.025663
0.026457
0.026003
0.026495
0.026210
0.024562
0.023276
0.022324
0.021380
0.022265
0.023839
0.025795
0.027542
0.027714
0.025783
0.024488
0.023290
0.022300
0.022111
0.023235
0.023494
0.024168
0.025150
0.024695
0.025037
0.024831
0.024133
0.024721
0.023946
0.023984
0.024549
0.024152
0.023962
0.024736
0.024491
0.024699
0.023299
0.022019
0.020824
0.020123
0.020516
0.022572
0.024279
0.025283
0.025209
0.024761
0.022977
0.021784
0.021080
0.020892
0.021034
0.021778
0.022940
0.023182
0.023220
0.023070
0.023356
0.022661
0.022267
0.022230
0.022758
0.022312
0.023141
0.022706
0.022498
0.022989
0.022706
0.023405
0.021275
0.019778
0.019334
0.018633
0.019282
0.021069
0.023036
0.024034
0.023943
0.023232
0.021962
0.020511
0.019827
0.019882
0.020024
0.020765
0.021949
0.021927
0.022701
0.022306
0.021857
0.022142
0.021748
0.021467
0.022239
0.022313
0.022406
0.022462
0.022499
0.022745
0.022707
0.021318
0.020530
0.018858
0.019366
0.019029
0.021806
0.023759
0.024763
0.024937
0.023750
0.022214
0.021267
0.020320
0.021106
0.021249
0.022484
0.022913
0.023648
0.023439
0.024027
0.023821
0.023370
0.023957
0.023920
0.023957
0.024277
0.024371
0.025166
0.024958
0.024712
0.024021
0.022470
0.021301
0.021799
0.022197
0.024250
0.026233
0.027488
0.027660
0.026466
0.025904
0.023964
0.024226
0.024289
0.024437
0.025682
0.025867
0.026852
0.027384
0.027233
0.026779
0.027066
0.026934
0.026605
0.027136
0.027212
0.027306
0.027858
0.027401
0.028142
0.026727
0.025412
0.024206
0.023729
0.024379
0.026200
0.028191
0.029201
0.029125
0.028422
0.027115
0.025917
0.024974
0.025011
0.025159
0.025913
0.027087
0.027085
0.027617
0.027219
0.027505
0.027297
0.026425
0.026368
0.027146
0.026481
0.027316
0.027125
0.026916
0.027163
0.025751
0.024685
0.023236
0.022513
0.023161
0.024974
0.026714
0.028466
0.028638
0.027193
0.025397
0.024193
0.023499
0.023045
0.024174
0.024188
0.025359
0.025839
0.025629
0.025479
0.025272
0.025065
0.024687
0.025123
0.024668
0.024743
0.025083
0.024893
0.025177
0.025177
0.024647
0.025102
0.023453
0.022431
0.021007
0.020407
0.020831
0.022656
0.024407
0.026164
0.026316
0.024597
0.023059
0.021832
0.021135
0.020945
0.021585
0.022093
0.022794
0.022773
0.023533
0.022887
0.023421
0.022718
0.022320
0.023023
0.022567
0.022395
0.022984
0.022793
0.023573
0.023079
0.023041
0.021874
0.020088
0.018641
0.018915
0.019562
0.021646
0.023375
0.024387
0.024311
0.022863
0.022051
0.020352
0.020375
0.019941
0.020333
0.021086
0.021519
0.022259
0.022791
0.022392
0.021938
0.022471
0.022073
0.021542
0.022320
0.022149
0.021996
0.022794
0.022338
0.022832
0.021420
0.020354
0.018905
0.018671
0.019072
0.021134
0.023128
0.024388
0.024312
0.023359
0.022052
0.020845
0.020395
0.020188
0.021320
0.021333
0.022508
0.022754
0.023287
0.022888
0.023422
0.023213
0.022586
0.022530
0.023309
0.023138
0.023727
0.023784
0.023574
0.024316
0.022651
0.021827
0.020619
0.019895
0.020546
0.022866
0.024618
0.026625
0.026548
0.025343
0.024030
0.023064
0.022118
0.022155
0.023292
0.023556
0.024735
0.025725
0.025764
0.025115
0.025402
0.025193
0.025060
0.025498
0.025536
0.025364
0.025955
0.026012
0.026794
0.026794
0.026509
0.026966
0.025540
0.024501
0.023306
0.022601
0.023277
0.025117
0.027372
0.029133
0.029284
0.027559
0.026012
0.025024
0.024322
0.023884
0.025024
0.025041
0.026241
0.026222
0.026756
0.026356
0.026642
0.026184
0.025784
0.026224
0.026014
0.025594
0.026434
0.025995
0.026529
0.026281
0.025995
0.026701
0.024780
0.023740
0.022300
0.021839
0.022268
0.024105
0.026359
0.027624
0.027028
0.026548
0.024754
0.023520
0.022572
0.022629
0.023520
0.023537
0.024735
0.024468
0.025002
0.024850
0.024888
0.024431
0.024032
0.024489
0.024279
0.024108
0.024698
0.024507
0.025041
0.024545
0.023125
0.022051
0.020597
0.019871
0.020523
0.022103
0.024351
0.026111
0.026033
0.024332
0.023021
0.021563
0.020865
0.020656
0.021544
0.022053
0.022735
0.023725
0.023268
0.023859
0.023155
0.022699
0.023309
0.022757
0.022782
0.023106
0.023201
0.022762
0.023295
0.023048
0.022125
0.020562
0.019111
0.019122
0.019772
0.021595
0.023345
0.024607
0.024282
0.022832
0.021524
0.020318
0.019621
0.019906
0.020299
0.021053
0.021240
0.022227
0.022018
0.022361
0.021659
0.021452
0.021813
0.021510
0.021301
0.022118
0.021718
0.022516
0.022307
0.021812
0.021141
0.019583
0.017891
0.018390
0.018545
0.020853
0.022601
0.023862
0.023785
0.023329
0.021526
0.020319
0.019870
0.019661
0.019809
0.020807
0.021982
0.021980
0.022761
0.022361
0.021907
0.022441
0.021813
0.021757
0.022536
0.022364
0.021964
0.022763
0.022801
0.023048
0.021633
0.020809
0.019601
0.018877
0.019525
0.021347
0.023594
0.024607
0.024530
0.024072
0.022761
0.021797
0.020606
0.020643
0.021778
0.021793
0.022970
0.023217
0.023999
0.023598
0.023885
0.023677
0.023296
0.023734
0.023525
0.023601
0.024191
0.024248
0.024038
0.024782
0.024496
0.023817
0.022020
0.020564
0.021088
0.021496
0.023845
0.025831
0.026847
0.027018
0.025562
0.024247
0.023032
0.022560
0.023358
0.023508
0.024516
0.024953
0.025945
0.025487
0.026079
0.025869
0.025164
0.025755
0.025717
0.025755
0.026080
0.025927
0.026728
0.026519
0.026519
0.026728
0.025054
0.024241
0.023027
0.022320
0.022978
0.024838
0.026827
0.028840
0.028263
0.027054
0.025735
0.024270
0.023548
0.023358
0.024251
0.024763
0.025449
0.026442
0.026232
0.025831
0.026117
0.025412
0.025259
0.025717
0.025259
0.025335
0.025927
0.025736
0.026022
0.026022
0.024349
0.023025
0.021813
0.021827
0.021743
0.023330
0.025583
0.027096
0.027267
0.025563
0.024247
0.022785
0.022085
0.022617
0.022766
0.023773
0.023962
0.024457
0.024495
0.024591
0.024382
0.023678
0.024288
0.023983
0.023526
0.024345
0.023945
0.023754
0.024288
0.024288
0.024497
0.022831
0.022023
0.020322
0.020107
0.020266
0.022606
0.024092
0.026101
0.025029
0.024570
0.023010
0.021553
0.021083
0.020892
0.021534
0.022043
0.023220
0.022724
0.023505
0.023353
0.023392
0.022936
0.022785
0.023241
0.022785
0.022860
0.023450
0.023260
0.023050
0.023544
0.023506
0.022337
0.020546
0.019586
0.019370
0.020266
0.021863
0.024092
0.025105
0.024780
0.023577
0.022267
0.021058
0.020341
0.020892
0.021039
0.022041
0.022476
0.022970
0.023008
0.023352
0.022895
0.022687
0.023031
0.022498
0.022536
0.023343
0.022695
0.023495
0.023533
0.023285
0.022361
0.020551
0.019097
0.019600
0.020006
0.022078
0.024080
0.025095
0.024769
0.024310
0.022998
0.022033
0.020840
0.020878
0.021026
0.022029
0.022960
0.023206
0.023740
0.023340
0.023131
0.023418
0.023038
0.022733
0.023267
0.023343
0.023189
0.023494
0.023532
0.024276
0.023989
0.022323
0.021269
0.020059
0.020337
0.020004
0.023089
0.024329
0.025841
0.026012
0.024807
0.023493
0.022032
0.021314
0.022111
0.022260
0.023514
0.023950
0.024942
0.024484
0.025076
0.024618
0.024409
0.024753
0.024467
0.024505
0.025325
0.025172
0.025229
0.025763
0.025515
0.026222
0.024548
0.023241
0.022274
0.021567
0.022224
0.024082
0.026319
0.028082
0.027257
0.026546
0.025228
0.024259
0.023042
0.023099
0.024240
0.024257
0.025439
0.025438
0.026221
0.025572
0.026107
0.025649
0.025001
0.025707
0.025745
0.025325
0.025916
0.025974
0.026012
0.026012
0.025974
0.025291
0.023241
0.022028
0.022308
0.022719
0.024578
0.026568
0.027834
0.027755
0.026049
0.024732
0.023763
0.022548
0.023347
0.023497
0.024504
0.024694
0.025687
0.025476
0.025572
0.025362
0.024905
0.025248
0.024959
0.024749
0.025569
0.025168
0.025721
0.025760
0.025511
0.025721
0.024296
0.022989
0.021777
0.021069
0.021726
0.023829
0.025569
0.027332
0.027502
0.026294
0.024232
0.023264
0.022791
0.022105
0.023245
0.023757
0.024194
0.025186
0.025224
0.024823
0.024862
0.024653
0.024253
0.024711
0.024253
0.024329
0.025168
0.024481
0.025263
0.025263
0.024481
0.023801
0.022249
0.020791
0.021069
0.021231
0.023333
0.025569
0.026087
0.026257
0.025797
0.023984
0.022769
0.022296
0.021859
0.022008
0.023261
0.024194
0.024193
0.024728
0.024327
0.024118
0.024405
0.023757
0.023719
0.024005
0.023833
0.023928
0.024481
0.024271
0.024767
0.024481
0.022812
0.021756
0.020546
0.020577
0.020492
0.022341
0.024325
0.025838
0.026009
0.024803
0.023241
0.021781
0.021309
0.020872
0.067187
0.069070
0.070698
0.072266
0.073771
0.076465
0.274078
0.270858
0.266601
0.262611
0.258901
0.254303
0.250481
0.246455
0.241898
0.238115
0.233696
0.231606
0.229696
0.227130
0.223546
0.219155
0.213245
0.206681
0.201652
0.197903
0.194786
0.192517
0.190208
0.187274
0.184172
0.179380
0.175818
0.171537
0.168179
0.164364
0.161345
0.158270
0.155373
0.152901
0.150145
0.146750
0.144112
0.140425
0.137807
0.135457
0.132101
0.129828
0.128156
0.128683
0.127398
0.124551
0.121931
0.117731
0.112218
0.109143
0.106666
0.105800
0.105290
0.104437
0.103088
0.100470
0.098241
0.095165
0.093140
0.090332
0.088774
0.086431
0.085055
0.083680
0.081764
0.080283
0.078722
0.076569
0.075138
0.072893
0.071510
0.070167
0.069659
0.070871
0.070866
0.069374
0.067428
0.063870
0.059565
0.057047
0.055611
0.055528
0.055491
0.055498
0.055090
0.054023
0.052345
0.050554
0.048359
0.047316
0.045521
0.044875
0.044055
0.042987
0.042323
0.041351
0.040037
0.039482
0.038283
0.036779
0.036193
0.034918
0.034477
0.033650
0.033619
0.035636
0.036334
0.035256
0.033847
0.031050
0.027340
0.025571
0.025196
0.024868
0.025582
0.026078
0.026289
0.025604
0.024734
0.023038
0.021332
0.020547
0.019564
0.019166
0.018940
0.017946
0.017549
0.017586
0.016366
0.015736
0.015568
0.014336
0.014055
0.012794
0.012750
0.013656
0.015410
0.016127
0.016327
0.015432
0.012926
0.009723
0.007883
0.007345
0.008201
0.009372
0.010051
0.010185
0.010132
0.008957
0.007811
0.007230
0.006083
0.006052
0.005589
0.005825
0.005828
0.005155
0.005088
0.005059
0.004290
0.003968
0.003937
0.003541
0.003541
0.003550
0.003800
0.004927
0.005716
0.005906
0.005409
0.004034
0.003966
0.004330
0.004799
0.004618
0.004258
0.004000
0.004101
0.004111
0.004352
0.004722
0.005568
0.005675
0.006004
0.005929
0.006165
0.006056
0.006130
0.006158
0.006490
0.006579
0.007000
0.007034
0.007147
0.007532
0.006778
0.006059
0.005975
0.005731
0.005791
0.006854
0.008473
0.010000
0.010119
0.009091
0.008214
0.007721
0.007514
0.007592
0.007920
0.008307
0.008936
0.009588
0.009616
0.009502
0.009649
0.009503
0.009413
0.009626
0.009638
0.009745
0.010320
0.010125
0.010734
0.009731
0.008524
0.007926
0.008069
0.008170
0.009217
0.011169
0.012916
0.012436
0.011760
0.010581
0.009929
0.009436
0.009467
0.010156
0.010238
0.011073
0.011275
0.011787
0.011422
0.011599
0.011419
0.011306
0.011807
0.011602
0.011485
0.012181
0.012089
0.012121
0.012507
0.011052
0.009988
0.009362
0.009265
0.009616
0.010560
0.012699
0.014505
0.014642
0.013496
0.011950
0.011224
0.010688
0.010712
0.011446
0.011579
0.012509
0.013369
0.012998
0.013503
0.013310
0.012742
0.012630
0.013191
0.012984
0.013293
0.013379
0.013431
0.014123
0.013707
0.012826
0.011044
0.010754
0.010506
0.010776
0.012455
0.014978
0.015925
0.015852
0.014701
0.013262
0.012454
0.011874
0.012137
0.012439
0.013467
0.013468
0.014092
0.014128
0.014654
0.014276
0.013846
0.014133
0.013915
0.013949
0.014430
0.014276
0.014813
0.014849
0.014609
0.015057
0.014777
0.013421
0.011915
0.011524
0.011308
0.011565
0.013260
0.015050
0.016917
0.017040
0.015850
0.013986
0.013161
0.012815
0.013404
0.013161
0.014192
0.014607
0.015491
0.015098
0.015382
0.015183
0.014985
0.015028
0.014748
0.014784
0.015099
0.015189
0.015682
0.015719
0.015279
0.015926
0.014330
0.012579
0.012034
0.011854
0.012067
0.013678
0.015893
0.017798
0.017232
0.016754
0.014809
0.013938
0.013537
0.013517
0.013921
0.014375
0.015442
0.015491
0.015716
0.015569
0.016056
0.015659
0.015028
0.015669
0.015515
0.015344
0.015871
0.015926
0.016451
0.016208
0.014609
0.013075
0.012286
0.011950
0.012309
0.013905
0.016381
0.018044
0.018188
0.016999
0.015296
0.014182
0.013796
0.013517
0.014407
0.014619
0.015687
0.016167
0.016204
0.016505
0.016301
0.015659
0.015290
0.015914
0.015950
0.016267
0.016116
0.016171
0.016697
0.016208
0.015521
0.013284
0.012237
0.012529
0.012504
0.014468
0.017283
0.018500
0.018153
0.016962
0.015502
0.014139
0.013753
0.014152
0.014369
0.015233
0.015648
0.016579
0.016411
0.016957
0.016506
0.016109
0.016908
0.016420
0.015635
0.015809
0.016131
0.016628
0.016455
0.016222
0.015544
0.013168
0.012164
0.012443
0.012817
0.014569
0.016851
0.018048
0.017957
0.016555
0.015978
0.014045
0.014012
0.013823
0.013627
0.014477
0.014879
0.015354
0.016065
0.015920
0.015053
0.015522
0.015397
0.014910
0.015379
0.015207
0.015102
0.015515
0.015552
0.014714
0.012475
0.011726
0.012091
0.012319
0.013969
0.016516
0.017725
0.017624
0.016077
0.014245
0.013178
0.012442
0.012951
0.012805
0.013898
0.013777
0.014677
0.014240
0.014779
0.014042
0.013610
0.014161
0.013431
0.013386
0.013660
0.013548
0.014044
0.013774
0.012208
0.010437
0.009663
0.009795
0.009680
0.011833
0.013732
0.015342
0.015486
0.014086
0.012352
0.011423
0.010777
0.011299
0.011109
0.012264
0.012480
0.013173
0.013211
0.013299
0.013094
0.012717
0.013069
0.012771
0.012617
0.013599
0.013691
0.013550
0.014022
0.012710
0.011180
0.010483
0.010757
0.011190
0.012509
0.014796
0.015971
0.016112
0.014820
0.013611
0.012414
0.012075
0.012115
0.012642
0.013051
0.013664
0.014273
0.014078
0.014183
0.013765
0.013823
0.013481
0.013676
0.013709
0.014191
0.014278
0.013933
0.014511
0.014363
0.013530
0.011573
0.011156
0.011523
0.011929
0.013191
0.015817
0.016745
0.017116
0.015724
0.014352
0.013324
0.012752
0.013241
0.013528
0.014067
0.014168
0.014649
0.014445
0.014770
0.014346
0.013926
0.014271
0.013985
0.013416
0.014083
0.013935
0.013986
0.014020
0.013795
0.013167
0.011404
0.010848
0.010823
0.011133
0.012365
0.014825
0.015986
0.015897
0.015107
0.013906
0.013303
0.012730
0.012759
0.012765
0.013603
0.014658
0.014666
0.015148
0.015012
0.014613
0.015060
0.014843
0.014794
0.015274
0.015340
0.015424
0.016010
0.016043
0.016496
0.016244
0.014705
0.013607
0.013315
0.013266
0.013546
0.014254
0.016733
0.018374
0.018529
0.017178
0.015925
0.014790
0.014059
0.013420
0.014107
0.014236
0.015103
0.015521
0.015339
0.015465
0.014915
0.014518
0.014757
0.014377
0.013834
0.014474
0.014110
0.014015
0.014076
0.014076
0.014219
0.012896
0.011402
0.011019
0.010741
0.011205
0.011974
0.014389
0.015310
0.015213
0.014763
0.013588
0.012351
0.012020
0.012058
0.012217
0.012962
0.013748
0.013799
0.014476
0.014337
0.014800
0.014606
0.014465
0.014157
0.014843
0.015140
0.015903
0.015847
0.015883
0.016490
0.014729
0.013600
0.013158
0.012960
0.013616
0.014930
0.017495
0.019351
0.019556
0.018097
0.016903
0.015723
0.015373
0.015140
0.015815
0.016225
0.016994
0.017213
0.017247
0.016904
0.017241
0.016617
0.016300
0.016690
0.016519
0.016230
0.016465
0.016595
0.016829
0.016628
0.016595
0.015633
0.013922
0.013454
0.013421
0.013645
0.014790
0.017319
0.018206
0.018339
0.016821
0.016300
0.015274
0.015073
0.014670
0.014926
0.015983
0.016681
0.017010
0.017436
0.017253
0.016852
0.017493
0.017262
0.017229
0.017477
0.017384
0.017241
0.017902
0.017712
0.018048
0.017699
0.016498
0.015127
0.014547
0.014284
0.014367
0.015551
0.017676
0.019196
0.019113
0.017928
0.016303
0.015584
0.014853
0.014885
0.015369
0.015666
0.016068
0.016844
0.016422
0.016881
0.016571
0.016204
0.016641
0.016292
0.016119
0.016648
0.016600
0.016442
0.017041
0.016838
0.016096
0.014557
0.013970
0.014319
0.014409
0.015799
0.016984
0.017164
0.017088
0.016029
0.014690
0.013774
0.013504
0.013526
0.013762
0.014148
0.014489
0.015080
0.014720
0.015002
0.014578
0.014277
0.014498
0.014280
0.014067
0.014590
0.014671
0.014979
0.014825
0.014579
0.015066
0.013490
0.012089
0.011502
0.011128
0.011175
0.012567
0.015065
0.016814
0.016185
0.014055
0.012797
0.012097
0.011650
0.011464
0.012117
0.012312
0.013173
0.013636
0.013591
0.013220
0.013450
0.012966
0.012835
0.013377
0.013108
0.012605
0.012886
0.013264
0.013638
0.013492
0.013213
0.013553
0.013377
0.012011
0.010661
0.010094
0.010135
0.010396
0.011875
0.014238
0.015356
0.015263
0.013962
0.012903
0.011928
0.011750
0.012030
0.012377
0.013256
0.013633
0.014445
0.014132
0.014884
0.014256
0.014085
0.014260
0.013988
0.014019
0.014287
0.014429
0.014620
0.014506
0.014268
0.014592
0.014511
0.014243
0.013265
0.011505
0.011245
0.011463
0.011781
0.012905
0.015293
0.016171
0.015922
0.014970
0.013504
0.012395
0.012075
0.011849
0.011863
0.012583
0.013245
0.013087
0.013375
0.013057
0.012701
0.012591
0.012117
0.011921
0.012215
0.011907
0.011573
0.012482
0.012135
0.012417
0.011037
0.009633
0.009218
0.008924
0.009250
0.010501
0.013048
0.014867
0.014336
0.013889
0.012519
0.011944
0.011558
0.011583
0.012377
0.012682
0.013192
0.013406
0.014191
0.013766
0.014044
0.013858
0.013495
0.014029
0.014034
0.014100
0.014582
0.014572
0.015003
0.013775
0.012478
0.012148
0.011798
0.012031
0.013572
0.015851
0.017015
0.017015
0.016576
0.015149
0.013862
0.013485
0.012973
0.013265
0.014039
0.014669
0.014644
0.015333
0.014542
0.014356
0.014565
0.014056
0.013762
0.014211
0.014035
0.014776
0.014417
0.014207
0.013606
0.011407
0.010888
0.010951
0.011490
0.012848
0.015344
0.016506
0.016013
0.014550
0.013410
0.012058
0.011697
0.011532
0.011578
0.012462
0.013475
0.013279
0.013959
0.013590
0.012995
0.013213
0.012591
0.012443
0.012877
0.012542
0.012397
0.011868
0.010750
0.010460
0.009918
0.010450
0.011768
0.014256
0.015443
0.015588
0.015143
0.013854
0.013305
0.012841
0.012880
0.013162
0.013786
0.014988
0.015199
0.015843
0.015576
0.015398
0.015397
0.014867
0.014454
0.015416
0.015481
0.016192
0.016082
