0.576989
0.576989
0.576989
0.576989
0.576989
0.576989
0.576989
0.576989
0.576989
0.576989
0.576989
0.576989
0.576989
0.576989
0.576989
0.576989
0.576989
0.576989
0.576989
0.576989
0.576989
0.576989
0.577053
0.577035
0.577087
0.576912
0.576606
0.575611
0.574086
0.572153
0.569803
0.567081
0.564231
0.561757
0.559268
0.556927
0.554590
0.552118
0.549634
0.546641
0.543486
0.540355
0.536981
0.533524
0.529991
0.526350
0.522858
0.519173
0.515667
0.512143
0.508612
0.505147
0.501546
0.498082
0.494600
0.491075
0.487460
0.484016
0.480595
0.477119
0.473658
0.470219
0.466901
0.463491
0.460091
0.456741
0.453442
0.450279
0.446997
0.443799
0.440691
0.437375
0.434108
0.431007
0.427657
0.424577
0.421402
0.418148
0.415126
0.412122
0.409036
0.406066
0.403012
0.400004
0.396898
0.393955
0.390881
0.387914
0.385047
0.382130
0.379122
0.376160
0.373261
0.370300
0.367415
0.364526
0.361463
0.358771
0.355742
0.352876
0.350158
0.347256
0.344341
0.341705
0.338718
0.336133
0.333317
0.330626
0.327978
0.325206
0.322461
0.319973
0.317294
0.314608
0.311913
0.309273
0.306765
0.304184
0.301475
0.298967
0.296347
0.293723
0.291169
0.288625
0.286033
0.283575
0.281120
0.278693
0.276157
0.273585
0.271105
0.268755
0.266310
0.263885
0.261400
0.258985
0.256674
0.254310
0.251868
0.249450
0.247095
0.244819
0.242405
0.240181
0.237904
0.235525
0.233269
0.230962
0.228703
0.226523
0.224290
0.222140
0.219870
0.217671
0.215540
0.213284
0.211225
0.208972
0.206884
0.204797
0.202714
0.200592
0.198530
0.196511
0.194350
0.192337
0.190373
0.188360
0.186398
0.184370
0.182364
0.180504
0.178500
0.176505
0.174754
0.172625
0.170844
0.169000
0.167026
0.165274
0.163423
0.161631
0.159717
0.157924
0.156129
0.154357
0.152556
0.150799
0.149095
0.147318
0.145550
0.143754
0.142267
0.140375
0.138807
0.137098
0.135455
0.133814
0.132320
0.130649
0.129073
0.127614
0.125857
0.124462
0.122869
0.121398
0.119990
0.118433
0.117118
0.115588
0.114196
0.112784
0.111396
0.110126
0.108630
0.107422
0.106000
0.104754
0.103475
0.102211
0.100933
0.099706
0.098406
0.097223
0.096047
0.094788
0.093605
0.092439
0.091337
0.090092
0.089089
0.087946
0.086900
0.085737
0.084655
0.083619
0.082467
0.081536
0.080555
0.079428
0.078550
0.077471
0.076482
0.075524
0.074477
0.073596
0.072561
0.071770
0.070944
0.069950
0.069053
0.068010
0.067237
0.066388
0.065520
0.064585
0.063886
0.063089
0.062336
0.061468
0.060660
0.059891
0.059042
0.058318
0.057638
0.056804
0.056166
0.055396
0.054773
0.054011
0.053261
0.052638
0.052050
0.051283
0.050684
0.049995
0.049345
0.048742
0.048181
0.047550
0.046968
0.046335
0.045708
0.045099
0.044675
0.044106
0.043537
0.042929
0.042339
0.041770
0.041288
0.040767
0.040317
0.039777
0.039291
0.038884
0.038230
0.037805
0.037285
0.036894
0.036381
0.035979
0.035460
0.035012
0.034604
0.034162
0.033752
0.033430
0.033135
0.032534
0.032158
0.031786
0.031465
0.031068
0.030762
0.030308
0.029926
0.029624
0.029288
0.028921
0.028752
0.028294
0.027983
0.027726
0.027172
0.027106
0.026737
0.026368
0.026071
0.025781
0.025527
0.025176
0.024965
0.024635
0.024439
0.024160
0.023835
0.023586
0.023395
0.023080
0.022882
0.022675
0.022411
0.022162
0.021967
0.021683
0.021499
0.021296
0.021092
0.020918
0.020665
0.020524
0.020174
0.020099
0.019826
0.019715
0.019502
0.019268
0.019082
0.018932
0.018702
0.018599
0.018436
0.018209
0.018078
0.017935
0.017711
0.017586
0.017426
0.017231
0.017120
0.016952
0.016773
0.016676
0.016487
0.016297
0.016171
0.016107
0.015903
0.015823
0.015646
0.015482
0.015368
0.015312
0.015058
0.014989
0.014859
0.014744
0.014648
0.014557
0.014358
0.014331
0.014086
0.014059
0.013984
0.013921
0.013767
0.013586
0.013482
0.013349
0.013269
0.013204
0.013082
0.013008
0.012951
0.012771
0.012722
0.012620
0.012554
0.012344
0.012344
0.012280
0.012240
0.012099
0.011997
0.011997
0.011865
0.011750
0.011690
0.011690
0.011584
0.011509
0.011378
0.011343
0.011343
0.011303
0.011152
0.011106
0.011076
0.011041
0.010962
0.010927
0.010831
0.010815
0.010753
0.010679
0.010612
0.010521
0.010521
0.010481
0.010481
0.010407
0.010367
0.010255
0.010220
0.010220
0.010203
0.010129
0.010089
0.010052
0.010033
0.009969
0.009941
0.009902
0.009902
0.009827
0.009772
0.009726
0.009726
0.009691
0.009691
0.009646
0.009646
0.009584
0.009527
0.009527
0.009527
0.009452
0.009452
0.009452
0.009452
0.009413
0.009418
0.009398
0.009398
0.009358
0.009358
0.009283
0.009283
0.009283
0.009283
0.009283
0.009265
0.009229
0.009229
0.009229
0.009229
0.009229
0.009194
0.009194
0.009194
0.009194
0.009194
0.009175
0.009175
0.009140
0.009140
0.009140
0.009140
0.009140
0.009140
0.009140
0.009105
0.009105
0.009105
0.009105
0.009086
0.009086
0.009086
0.009050
0.009050
0.009050
0.009050
0.009050
0.009050
0.009050
0.009050
0.009050
0.009016
0.009016
0.009016
0.009016
0.009016
0.009016
0.009016
0.009016
0.009016
0.009016
0.009016
0.009016
0.009016
0.009016
0.009016
0.009016
0.009016
0.009016
0.009016
0.009016
0.009016
0.009016
0.009016
0.009016
0.009016
0.009016
0.009016
0.009016
0.009016
0.009016
0.009016
0.009016
0.009016
0.009016
0.009016
0.009016
0.009016
0.009016
0.009016
0.009016
0.009016
0.009016
0.009016
0.009016
0.009016
0.009016
0.009016
0.009016
0.009016
0.009016
0.009016
0.009016
0.009016
0.009016
0.009016
0.009016
0.009016
0.009016
0.009016
0.009016
0.009016
0.009016
0.009016
0.009016
0.009016
0.009016
0.009016
0.009016
0.009016
0.009016
0.009016
0.009016
0.009016
0.009016
0.009016
0.009016
0.009016
0.009016
0.009016
0.009016
0.009016
0.009016
0.009016
0.009016
0.009016
0.009016
0.009016
0.009016
0.009016
0.009016
0.009016
0.009016
0.009016
0.009016
0.009016
0.009016
0.009016
0.009016
0.009016
0.009016
0.009016
0.009016
0.009016
0.009016
0.009016
0.009016
0.009016
0.009016
0.009016
0.009016
0.009016
0.009016
0.009016
0.009016
0.009016
0.009016
0.009016
0.009016
0.009016
0.009016
0.009016
0.009016
0.009016
0.009016
0.009016
0.009016
0.009016
0.009016
0.009016
0.009016
0.009016
0.009016
0.009016
0.009016
0.009016
0.009016
0.009016
0.009016
0.009016
0.009016
0.009016
0.009016
0.009016
0.009016
0.009016
0.009016
0.009016
0.009016
0.009016
0.009016
0.009016
0.009016
0.009016
0.009016
0.009016
0.009016
0.009016
0.009016
0.009016
0.009016
0.009016
0.009016
0.009016
0.009016
0.009016
0.009016
0.009016
0.009016
0.009016
0.009016
0.009016
0.009016
0.009016
0.009016
0.009016
0.009016
0.009016
0.009016
0.009016
0.009016
0.009016
0.009016
