0.668549
0.668549
0.668549
0.668549
0.668549
0.668549
0.668549
0.668549
0.668549
0.668549
0.668549
0.668549
0.668549
0.668549
0.668549
0.668549
0.668549
0.668549
0.668549
0.668549
0.668549
0.668549
0.668549
0.668342
0.667411
0.666166
0.664350
0.662058
0.659408
0.656532
0.653870
0.650940
0.647665
0.644042
0.640223
0.636123
0.631910
0.627704
0.623455
0.619391
0.615400
0.611296
0.607161
0.603014
0.598959
0.594769
0.590490
0.586055
0.581789
0.577691
0.573536
0.569365
0.565199
0.560931
0.556578
0.552416
0.548240
0.543856
0.539679
0.535529
0.531165
0.526970
0.522832
0.518587
0.514346
0.510068
0.505834
0.501683
0.497438
0.493256
0.489121
0.484865
0.480648
0.476284
0.472045
0.467791
0.463661
0.459446
0.455123
0.450962
0.446790
0.442566
0.438377
0.434291
0.430237
0.426139
0.422127
0.418244
0.414399
0.410617
0.406616
0.402752
0.399040
0.395276
0.391486
0.387688
0.384153
0.380564
0.376943
0.373427
0.369933
0.366339
0.363037
0.359443
0.356087
0.352979
0.349190
0.345980
0.342721
0.339523
0.336389
0.333152
0.329984
0.326807
0.323697
0.320584
0.317577
0.314696
0.311627
0.308753
0.305786
0.302872
0.300058
0.297136
0.294450
0.291620
0.288712
0.286180
0.283573
0.280655
0.278238
0.275574
0.272843
0.270557
0.267841
0.265503
0.262840
0.260590
0.258017
0.255794
0.253309
0.250942
0.248570
0.246342
0.244005
0.241760
0.239571
0.237225
0.235033
0.233057
0.230877
0.228692
0.226574
0.224509
0.222533
0.220411
0.218363
0.216396
0.214335
0.212523
0.210610
0.208723
0.206736
0.204957
0.203091
0.201218
0.199374
0.197670
0.195826
0.194009
0.192208
0.190498
0.188752
0.186903
0.185298
0.183621
0.182041
0.180395
0.178809
0.177149
0.175508
0.173860
0.172215
0.170785
0.169291
0.167587
0.166107
0.164592
0.163170
0.161548
0.160095
0.158548
0.157282
0.155711
0.154221
0.152770
0.151521
0.150032
0.148457
0.147288
0.145858
0.144326
0.143296
0.141725
0.140501
0.139302
0.137805
0.136754
0.135275
0.134044
0.132778
0.131345
0.130333
0.128862
0.127908
0.126467
0.125419
0.124134
0.122941
0.121767
0.120623
0.119406
0.118205
0.117116
0.115883
0.114883
0.113570
0.112688
0.111464
0.110597
0.109347
0.108286
0.107079
0.105969
0.105059
0.103866
0.102966
0.101828
0.100806
0.099854
0.098632
0.097720
0.096794
0.095600
0.094671
0.093763
0.092734
0.091758
0.090827
0.089804
0.088772
0.087925
0.086914
0.085937
0.085085
0.084094
0.083087
0.082379
0.081299
0.080391
0.079608
0.078495
0.077766
0.076747
0.076008
0.074975
0.074168
0.073234
0.072409
0.071470
0.070683
0.069863
0.068956
0.067982
0.067363
0.066425
0.065619
0.064744
0.063940
0.063145
0.062237
0.061457
0.060641
0.059881
0.059122
0.058396
0.057522
0.056756
0.056066
0.055279
0.054732
0.053785
0.053140
0.052451
0.051770
0.051168
0.050482
0.049690
0.049127
0.048592
0.047896
0.047334
0.046639
0.045933
0.045327
0.044894
0.044312
0.043678
0.043130
0.042490
0.041994
0.041385
0.040878
0.040424
0.039759
0.039294
0.038722
0.038269
0.037737
0.037236
0.036917
0.036311
0.035857
0.035253
0.034859
0.034355
0.033950
0.033489
0.033112
0.032742
0.032326
0.031880
0.031299
0.030937
0.030502
0.030073
0.029794
0.029431
0.029060
0.028718
0.028398
0.027912
0.027432
0.027043
0.026635
0.026409
0.026076
0.025783
0.025496
0.025271
0.025057
0.024769
0.024514
0.024317
0.024031
0.023905
0.023630
0.023465
0.023194
0.022997
0.022760
0.022573
0.022370
0.022232
0.022029
0.021788
0.021623
0.021385
0.021248
0.021010
0.020884
0.020686
0.020501
0.020302
0.020165
0.020011
0.019800
0.019614
0.019498
0.019338
0.019180
0.019032
0.018856
0.018668
0.018515
0.018377
0.018251
0.018112
0.017942
0.017815
0.017700
0.017585
0.017447
0.017321
0.017206
0.017068
0.016991
0.016865
0.016788
0.016689
0.579339
0.579213
0.579098
0.578998
0.578883
0.578796
0.578719
0.578581
0.578504
0.578389
0.578301
0.578213
0.578125
0.578010
0.577895
0.577733
0.577559
0.577426
0.577530
0.577728
0.173246
0.173540
0.173757
0.173950
0.174223
0.174442
0.174674
0.174949
0.175238
0.175503
0.175730
0.175766
0.175704
0.175278
0.174597
0.173916
0.173626
0.173990
0.174756
0.175781
0.176894
0.178231
0.179209
0.179912
0.179799
0.179316
0.178263
0.177053
0.175755
0.174528
0.173399
0.172543
0.172040
0.171274
0.170534
0.169540
0.168526
0.167513
0.166484
0.165576
0.164362
0.163462
0.162520
0.161516
0.160566
0.159663
0.158860
0.157881
0.156742
0.155865
0.154952
0.153972
0.153074
0.152050
0.151107
0.150152
0.149323
0.148361
0.147315
0.146552
0.145603
0.144737
0.143728
0.142788
0.142021
0.141032
0.139993
0.139139
0.138224
0.137399
0.136390
0.135656
0.134802
0.133845
0.132917
0.132081
0.131308
0.130534
0.129541
0.128667
0.127814
0.127080
0.126222
0.125374
0.124468
0.123667
0.122880
0.122041
0.121334
0.120446
0.119563
0.118761
0.117983
0.117348
0.116483
0.115629
0.114742
0.113909
0.113293
0.112557
0.111862
0.111126
0.110120
0.109464
0.108739
0.108093
0.107380
0.106632
0.105860
0.104995
0.104235
0.103601
0.102865
0.102197
0.101462
0.100766
0.099975
0.099238
0.098542
0.097864
0.097206
0.096510
0.095785
0.095140
0.094522
0.093824
0.093230
0.092534
0.091838
0.091165
0.090467
0.089899
0.089241
0.088581
0.088013
0.087367
0.086721
0.086063
0.085445
0.084836
0.084218
0.083516
0.082896
0.082330
0.081672
0.081104
0.080446
0.079839
0.079232
0.078624
0.078006
0.077398
0.076780
0.076212
0.075486
0.074930
0.074272
0.073704
0.073136
0.072478
0.071882
0.071302
0.070694
0.070128
0.069508
0.068940
0.068332
0.067726
0.067158
0.066578
0.065983
0.065443
0.064915
0.064359
0.063741
0.063253
0.062725
0.062185
0.061697
0.061101
0.060561
0.060113
0.059585
0.059125
0.058518
0.058013
0.057565
0.057105
0.056616
0.056168
0.055628
0.055180
0.054704
0.054256
0.053796
0.053309
0.052899
0.052411
0.051923
0.051487
0.051117
0.050670
0.050209
0.049762
0.049323
0.048916
0.048496
0.048088
0.047718
0.047271
0.046851
0.046492
0.046084
0.045677
0.045317
0.044897
0.044529
0.044131
0.043763
0.043433
0.043054
0.042686
0.042316
0.041920
0.041590
0.041210
0.040880
0.040552
0.040185
0.039798
0.039431
0.039129
0.038761
0.038431
0.038104
0.037774
0.037418
0.037128
0.036748
0.036458
0.036168
0.035840
0.035482
0.035126
0.034837
0.034496
0.034207
0.033879
0.033561
0.033311
0.032943
0.032694
0.032353
0.032064
0.031814
0.031458
0.031168
0.030918
0.030563
0.030273
0.030023
0.029695
0.029405
0.029155
0.028827
0.028578
0.028328
0.028040
0.027751
0.027501
0.027201
0.026979
0.026690
0.026402
0.026152
0.025959
0.025671
0.025449
0.025228
0.024979
0.024719
0.024486
0.024304
0.024111
0.023851
0.023670
0.023477
0.023227
0.022996
0.022803
0.022581
0.022400
0.022209
0.022016
0.021810
0.021617
0.021464
0.021244
0.021051
0.020858
0.020705
0.020513
0.020349
0.020184
0.020071
0.019877
0.019646
0.019533
0.019368
0.019191
0.019078
0.018913
0.018710
0.018597
0.018432
0.018308
0.018182
0.017989
0.017894
0.017701
0.017645
0.017452
0.017355
0.017202
0.017067
0.016943
0.016778
0.016721
0.016516
0.016459
0.016323
0.016171
0.016034
0.015978
0.015853
0.015756
0.015632
0.015535
0.015440
0.015275
0.015219
0.015082
0.014998
0.014901
0.014804
0.014748
0.014611
0.014526
0.014429
0.014333
0.014276
0.014140
0.014083
0.014027
0.013890
0.013834
0.013737
0.013697
0.013640
0.013544
0.013447
0.013391
0.013294
0.013198
0.013141
0.013112
0.013004
0.012948
0.012891
0.012755
0.012726
0.012698
0.012602
0.012505
0.012476
0.012449
0.012312
0.012283
0.012227
0.012199
0.012090
0.012034
0.012006
0.011977
0.011840
0.011813
0.011784
0.011756
0.011647
0.011591
0.011563
0.011534
0.011438
0.011398
0.011341
0.011341
0.011285
0.011177
0.011148
0.011120
0.011091
0.011035
0.010995
0.010898
0.010898
0.010842
0.010842
0.010785
0.010705
0.010705
0.010649
0.010649
0.010592
0.010592
0.010455
0.010455
0.010399
0.010399
0.010399
0.010342
0.010262
0.010206
0.010206
0.010206
0.010149
0.010149
0.010121
0.010013
0.010013
0.009984
0.009956
0.009956
0.009928
0.009900
0.009900
0.009871
0.009843
0.009843
0.009814
0.009786
0.009786
0.009758
0.009730
0.009730
0.009701
0.009673
0.009673
0.009673
0.009645
0.009617
0.009617
0.009588
0.009588
0.009560
0.009560
0.009532
0.009532
0.009504
0.009504
0.009475
0.009475
0.009447
0.009447
0.009418
0.009418
0.009418
0.009391
0.009391
0.009362
0.009362
0.009334
0.009334
0.009334
0.009305
0.009305
0.009278
0.009278
0.009278
0.009249
0.009249
0.009249
0.009221
0.009221
0.009192
0.009192
0.009192
0.009192
0.009164
0.009164
0.009136
0.009136
0.009136
0.009136
0.009108
0.009108
0.009079
0.009079
0.009079
0.009079
0.009079
0.009051
0.009051
0.009022
0.009022
0.009022
0.009022
0.009022
0.008995
0.008995
0.008995
0.008966
0.008966
0.008966
0.008966
0.008966
0.008966
0.008938
0.008938
0.008909
0.008909
0.008909
0.008909
0.008909
0.008909
0.008909
0.008882
0.008882
0.008882
0.008853
0.008853
0.008853
0.008853
0.008853
0.008853
0.008853
0.008853
0.008853
0.008853
0.008853
0.008853
0.008853
0.008853
0.008853
0.008853
0.008853
0.008853
0.008853
0.008853
0.008853
0.008853
0.008853
0.008853
0.008853
0.008853
0.008853
0.008853
0.008853
0.008853
0.008853
0.008853
0.008853
0.008853
0.008853
0.008853
0.008853
0.008853
0.008853
0.008853
0.008853
0.008853
0.008853
0.008853
0.008853
0.008853
0.008853
0.008853
0.008853
0.008853
0.008853
0.008853
