0.556156
0.556156
0.556156
0.556156
0.556156
0.556156
0.556156
0.556156
0.556156
0.556112
0.556068
0.556026
0.555899
0.555770
0.555642
0.555425
0.555295
0.555165
0.555083
0.554956
0.554837
0.554675
0.554370
0.554111
0.553806
0.553581
0.553366
0.553242
0.553095
0.552796
0.552546
0.552253
0.551861
0.551527
0.551212
0.550951
0.550699
0.550480
0.550158
0.549881
0.549642
0.549191
0.548819
0.548450
0.548162
0.547855
0.547592
0.547437
0.547059
0.546760
0.546194
0.545755
0.545360
0.544992
0.544775
0.544303
0.544086
0.543549
0.543153
0.542766
0.542112
0.541736
0.541175
0.540958
0.540437
0.540031
0.539515
0.539008
0.538394
0.538068
0.537518
0.536949
0.536495
0.535994
0.535595
0.535014
0.534479
0.533807
0.533019
0.532427
0.531742
0.531172
0.530488
0.529985
0.529440
0.528851
0.528262
0.527803
0.527315
0.526818
0.526354
0.525848
0.525362
0.524762
0.524226
0.523603
0.523026
0.522449
0.521917
0.521460
0.520893
0.520303
0.519656
0.519185
0.518298
0.517621
0.516899
0.516338
0.515659
0.514938
0.514353
0.513607
0.512777
0.512010
0.511164
0.510289
0.509351
0.508764
0.507955
0.507159
0.506268
0.505428
0.504369
0.503380
0.502438
0.501392
0.500371
0.499439
0.498475
0.497365
0.496443
0.495339
0.494181
0.493083
0.492035
0.490775
0.489746
0.488573
0.487508
0.486561
0.485457
0.484431
0.483444
0.482358
0.481373
0.480390
0.479431
0.478349
0.477468
0.476401
0.475528
0.474631
0.473618
0.472736
0.471807
0.470880
0.470043
0.469160
0.468311
0.467400
0.466561
0.465753
0.464965
0.464055
0.463200
0.462448
0.461705
0.460732
0.459993
0.459245
0.458445
0.457737
0.456873
0.456231
0.455456
0.454779
0.453982
0.453308
0.452528
0.451816
0.451168
0.450465
0.449789
0.449073
0.448428
0.447785
0.447092
0.446273
0.445852
0.445156
0.444445
0.443886
0.443249
0.442692
0.442055
0.441450
0.440697
0.440262
0.439628
0.438907
0.438496
0.437929
0.437276
0.436722
0.436162
0.435686
0.435104
0.434555
0.433969
0.433476
0.432978
0.432329
0.431855
0.431373
0.430863
0.430282
0.429867
0.429360
0.428779
0.428410
0.427841
0.427334
0.426913
0.426483
0.425932
0.425424
0.424981
0.424574
0.424096
0.423694
0.423219
0.422693
0.422336
0.421879
0.421458
0.421128
0.420703
0.420251
0.419827
0.419440
0.419059
0.418819
0.418333
0.418039
0.417477
0.417301
0.416967
0.416527
0.416245
0.415835
0.415502
0.415209
0.414814
0.414584
0.414209
0.413938
0.413646
0.413268
0.412958
0.412715
0.412500
0.412173
0.411859
0.411570
0.411323
0.411133
0.410856
0.410587
0.410250
0.410066
0.409889
0.409582
0.409332
0.409101
0.408874
0.408664
0.408469
0.408174
0.408033
0.407826
0.407611
0.407435
0.407218
0.406927
0.406828
0.406643
0.406503
0.406229
0.406049
0.405914
0.405709
0.405612
0.405392
0.405179
0.405031
0.404921
0.404819
0.404536
0.404432
0.404252
0.404114
0.404018
0.403807
0.403764
0.403553
0.403413
0.403352
0.403177
0.403014
0.402943
0.402805
0.402706
0.402578
0.402495
0.402353
0.402222
0.402093
0.402050
0.401939
0.401787
0.401717
0.401618
0.401557
0.401454
0.401352
0.401231
0.401160
0.401066
0.400968
0.400929
0.374803
0.374735
0.374661
0.374603
0.374533
0.374444
0.374339
0.374278
0.374210
0.374130
0.374092
0.374014
0.373976
0.373858
0.373820
0.373759
0.373733
0.373617
0.373579
0.373518
0.373493
0.373432
0.373326
0.373265
0.373240
0.373203
0.373142
0.373115
0.373030
0.372987
0.372964
0.372903
0.372865
0.372817
0.372779
0.372719
0.372695
0.372658
0.372635
0.372573
0.372573
0.372505
0.372447
0.372447
0.372386
0.372386
0.372326
0.372303
0.372265
0.372265
0.372205
0.372205
0.372168
0.372135
0.372086
0.372086
0.372049
0.372026
0.371989
0.371989
0.371989
0.371929
0.371929
0.371892
0.371869
0.371832
0.371832
0.371832
0.371772
0.371772
0.234907
0.234907
0.234907
0.234848
0.234848
0.234848
0.234791
0.234738
0.234699
0.234582
0.234471
0.234359
0.234202
0.234109
0.234086
0.234085
0.234291
0.234473
0.234555
0.234645
0.234713
0.234501
0.234050
0.233626
0.232884
0.231759
0.230812
0.229774
0.228661
0.227798
0.226892
0.226035
0.225156
0.224243
0.223483
0.222596
0.221644
0.220758
0.219930
0.219104
0.218211
0.217329
0.216557
0.215769
0.215104
0.214314
0.213545
0.212815
0.212150
0.211430
0.210761
0.209970
0.209489
0.208782
0.208198
0.207660
0.206984
0.206398
0.205850
0.205325
0.204833
0.204328
0.203837
0.203324
0.202794
0.202278
0.201586
0.200850
0.199910
0.198891
0.197736
0.196493
0.195275
0.194016
0.192765
0.191614
0.190420
0.189344
0.188221
0.186986
0.185747
0.184546
0.183358
0.182120
0.180986
0.179720
0.178513
0.177462
0.176114
0.175008
0.173793
0.172696
0.171507
0.170319
0.169128
0.167968
0.166782
0.165666
0.164460
0.163324
0.162139
0.161089
0.160005
0.158821
0.157692
0.156449
0.155393
0.154235
0.153096
0.152048
0.150850
0.149763
0.148671
0.147523
0.146514
0.145328
0.144035
0.142913
0.141713
0.140639
0.139407
0.138382
0.137330
0.136151
0.135064
0.133979
0.132872
0.131796
0.130672
0.129584
0.128512
0.127491
0.126344
0.125248
0.124227
0.123095
0.122085
0.120982
0.119929
0.118873
0.117785
0.116777
0.115726
0.114633
0.113622
0.112535
0.111508
0.110419
0.109336
0.108349
0.107259
0.106221
0.105175
0.104125
0.103118
0.102015
0.101019
0.099985
0.098962
0.097879
0.096851
0.095899
0.094941
0.093949
0.092906
0.091802
0.090858
0.089858
0.088931
0.087943
0.086914
0.085916
0.084918
0.083995
0.083050
0.082170
0.081236
0.080266
0.079381
0.078503
0.077647
0.076751
0.075822
0.075049
0.074104
0.073312
0.072435
0.071615
0.070788
0.069989
0.069193
0.068444
0.067676
0.066982
0.066213
0.065494
0.064768
0.064058
0.063332
0.062628
0.061945
0.061272
0.060612
0.059911
0.059265
0.058569
0.057997
0.057128
0.056488
0.055781
0.055155
0.054539
0.053967
0.053334
0.052733
0.052172
0.051556
0.051017
0.050473
0.049939
0.049377
0.048868
0.048338
0.047810
0.047334
0.046808
0.046342
0.045876
0.045380
0.044926
0.044449
0.044013
0.043538
0.043128
0.042675
0.042230
0.041820
0.041377
0.040997
0.040570
0.040138
0.039757
0.039370
0.038940
0.038601
0.038192
0.037849
0.037446
0.037103
0.036715
0.036420
0.036086
0.035754
0.035461
0.035154
0.034896
0.034530
0.034249
0.033963
0.033646
0.033383
0.033114
0.032817
0.032538
0.032258
0.031967
0.031735
0.031445
0.031123
0.030911
0.030643
0.030391
0.030093
0.029835
0.029646
0.029410
0.029160
0.028935
0.028687
0.028445
0.028195
0.027966
0.027742
0.027513
0.027324
0.027078
0.026832
0.026608
0.026379
0.026184
0.025948
0.025764
0.025568
0.025355
0.025159
0.024975
0.024769
0.024373
0.024142
0.023883
0.023656
0.023464
0.023284
0.023071
0.022890
0.022706
0.022548
0.022333
0.022190
0.022017
0.021833
0.021703
0.021548
0.021368
0.021218
0.021070
0.020916
0.020769
0.020596
0.020507
0.020344
0.020164
0.020097
0.019913
0.019826
0.019635
0.019550
0.019425
0.019335
0.019210
0.019102
0.018967
0.018880
0.018736
0.018676
0.018516
0.018449
0.018308
0.018231
0.018091
0.017996
0.017890
0.017834
0.017796
0.017718
0.017685
0.017580
0.017518
0.017444
0.017390
0.017310
0.017257
0.017181
0.017130
0.017040
0.016995
0.016910
0.016845
0.016804
0.016670
0.016643
0.016571
0.016487
0.016420
0.016360
0.016315
0.016139
0.016070
0.015984
0.015889
0.015829
0.015744
0.015673
0.015584
0.015534
0.015502
0.015436
0.015362
0.015339
0.015269
0.015165
0.015141
0.015064
0.014997
0.014910
0.014886
0.014819
0.014738
0.014486
0.014396
0.014285
0.014170
0.014119
0.014074
0.013997
0.013889
0.013813
0.013791
0.013707
0.013669
0.013586
0.013565
0.013523
0.013443
0.013421
0.013354
0.013299
0.013276
0.013217
0.013195
0.013108
0.013084
0.013054
0.013017
0.012972
0.012931
0.012886
0.012865
0.012843
0.012806
0.012738
0.012708
0.012663
0.012664
0.012651
0.012641
0.012613
0.012583
0.012583
0.012554
0.012549
0.012520
0.012490
0.012540
0.012540
0.012612
0.012642
0.012674
0.012655
0.012688
0.012723
0.012742
0.012778
0.012814
0.012814
0.012834
0.012834
0.012834
0.012872
0.012872
0.012872
0.012911
0.012893
0.012893
0.012901
0.012901
0.012941
0.012941
0.012941
0.012941
0.012941
0.012941
0.012941
0.012828
0.012811
0.012817
0.012802
0.012802
0.012788
0.012774
0.012762
0.012762
0.012752
0.012743
0.012743
0.012743
0.012735
0.012735
0.012500
0.012464
0.012396
0.012364
0.012331
0.012331
0.012303
0.012277
0.012277
0.012253
0.012234
0.012234
0.012218
0.012218
0.012218
0.012207
0.012207
0.012207
0.012200
0.012200
0.012201
0.012201
0.012201
0.012198
0.012198
0.012198
0.012198
0.012198
0.012198
0.012198
0.012198
0.012198
0.012198
0.012201
0.012201
0.012201
0.012201
0.012201
0.012201
0.012201
0.012201
0.012226
0.012249
0.012262
0.012276
0.012292
0.012345
0.012384
0.012455
0.012502
0.012534
0.012552
0.012585
0.012638
0.012674
0.012674
0.012729
0.012729
0.012766
0.012785
0.012785
0.012824
0.012824
0.012824
0.012882
0.012882
0.012882
0.012882
0.012882
0.012921
0.012921
0.012921
0.012941
0.012941
0.012941
0.012941
0.012941
0.012941
0.012980
0.012980
0.012980
0.012980
0.012868
0.012850
0.012817
0.012802
0.012802
0.012788
0.012774
0.012762
0.012762
0.012521
0.012477
0.012409
0.012377
0.012339
0.012339
0.012306
0.012280
0.012280
0.012258
0.012235
0.012235
0.012219
0.012219
0.012219
0.012207
0.012207
0.012207
0.012200
0.012200
0.012200
0.012200
0.012200
0.012197
0.012197
0.012198
0.012198
0.012198
0.012198
0.012198
0.012198
