2.407646
2.407646
2.407646
2.407646
2.407646
2.407646
2.407646
2.407646
2.407646
2.407646
2.407646
2.407646
2.407646
2.407646
2.407646
2.407646
2.407646
2.407646
2.407646
2.407646
2.407646
2.407646
2.407579
2.407580
2.407583
2.407395
2.407244
2.406930
2.406792
2.406719
2.406505
2.406318
2.406066
2.405991
2.406059
2.405767
2.405564
2.405468
2.405272
2.405329
2.405129
2.404912
2.404727
2.404629
2.404669
2.404631
2.404304
2.404239
2.404169
2.404168
4.242641
4.242641
4.242641
4.242641
4.242641
4.242641
4.242641
4.242641
4.242641
4.242641
4.242641
4.242641
4.242641
4.242641
4.242641
4.242641
4.242641
4.242641
4.242641
4.242641
4.242641
4.242641
4.242641
4.242641
4.242641
4.242641
4.242641
4.242641
4.242641
4.242641
4.242641
4.242641
4.242641
4.242641
4.242641
4.242641
4.242641
4.242641
4.242641
4.242641
4.242641
4.242641
4.242641
4.242641
4.242641
4.242641
4.242641
4.242641
4.242641
4.242641
4.242641
4.242641
4.242641
4.242641
4.242641
4.242641
4.242641
4.242641
4.242641
4.242641
4.242641
4.242641
4.242641
4.242641
4.242641
4.242641
4.242641
4.242641
4.242641
4.242641
4.242641
4.242641
4.242641
4.242641
4.242641
4.242641
4.242641
4.242641
4.242641
4.242641
4.242641
4.242641
4.242641
4.242641
4.242641
4.242641
4.242641
4.242641
4.242641
4.242641
4.242641
4.242641
4.242641
4.242641
4.242641
4.242641
4.242641
4.242641
4.242641
4.242641
4.242641
4.242641
4.242641
4.242641
4.242641
4.242641
4.242641
4.242641
4.242641
4.242641
4.242641
4.242641
4.242641
4.242641
4.242641
4.242641
4.242641
4.242641
4.242641
4.242641
4.242641
4.242641
4.242641
4.242641
4.242641
4.242641
4.242641
4.242641
4.242641
4.242641
4.242641
4.242641
4.242641
4.242641
4.242641
4.242641
4.242641
4.242641
4.242641
4.242641
4.242641
4.242641
4.242641
4.242641
4.242641
4.242641
4.242641
4.242641
4.242641
4.242641
4.242641
4.242641
4.242641
4.242641
4.242641
4.242641
4.242641
4.242641
4.242641
4.242641
4.242641
4.242641
4.242641
4.242641
4.242641
4.242641
4.242641
4.242641
4.242641
4.242641
4.242641
4.242641
4.242641
4.242641
4.242641
4.242641
4.242641
4.242641
4.242641
4.242641
4.242641
4.242641
4.242641
4.242641
4.242641
4.242641
4.242641
4.242641
4.242641
4.242641
4.242641
4.242641
4.242641
4.242641
4.242641
4.242641
4.242641
4.242641
4.242641
4.242641
4.242641
4.242641
4.242641
4.242641
4.242641
4.242641
4.242641
4.242641
4.242641
4.242641
4.242641
4.242641
4.242641
4.242641
4.242641
4.242641
4.242641
4.242641
4.242641
4.242641
4.242641
4.242641
4.242641
4.242641
4.242641
4.242641
4.242641
4.242641
4.242641
4.242641
4.242641
4.242641
4.242641
4.242641
4.242641
4.242641
4.242641
4.242641
4.242641
4.242641
4.242641
4.242641
4.242641
4.242641
4.242641
4.242641
4.242641
4.242641
4.242641
4.242641
4.242641
4.242641
4.242641
4.242641
4.242641
4.242641
4.242641
4.242641
4.242641
4.242641
4.242641
4.242641
4.242641
4.242641
4.242641
4.242641
4.242641
4.242641
4.242641
4.242641
4.242641
4.242641
4.242641
4.242641
4.242641
4.242641
4.242641
4.242641
4.242641
4.242641
4.242641
4.242641
4.242641
4.242641
4.242641
4.242641
4.242641
4.242641
4.242641
4.242641
4.242641
4.242641
4.242641
4.242641
4.242641
4.242641
4.242641
4.242641
4.242641
4.242641
4.242641
4.242641
4.242641
4.242641
4.242641
4.242641
4.242641
4.242641
4.242641
4.242641
4.242641
4.242641
4.242641
4.242641
4.242641
4.242641
4.242641
4.242641
4.242641
4.242641
4.242641
4.242641
4.242641
4.242641
4.242641
4.242641
4.242641
4.242641
4.242641
4.242641
4.242641
4.242641
4.242641
4.242641
4.242641
4.242641
4.242641
4.242641
4.242641
4.242641
4.242641
4.242641
4.242641
4.242641
4.242641
4.242641
4.242641
4.242641
4.242641
4.242641
4.242641
4.242641
4.242641
4.242641
4.242641
4.242641
4.242641
4.242641
4.242641
4.242641
4.242641
4.242641
4.242641
4.242641
4.242641
4.242641
4.242641
4.242641
4.242641
4.242641
4.242641
4.242641
4.242641
4.242641
4.242641
4.242641
4.242641
4.242641
4.242641
4.242641
4.242641
4.242641
4.242641
4.242641
4.242641
4.242641
4.242641
4.242641
4.242641
4.242641
4.242641
4.242641
4.242641
4.242641
4.242641
4.242641
4.242641
4.242641
4.242641
4.242641
4.242641
4.242641
4.242641
4.242641
4.242641
4.242641
4.242641
4.242641
4.242641
4.242641
4.242641
4.242641
4.242641
4.242641
4.242641
4.242641
4.242641
4.242641
4.242641
4.242641
4.242641
4.242641
4.242641
4.242641
4.242641
4.242641
4.242641
4.242641
4.242641
4.242641
4.242641
4.242641
4.242641
4.242641
4.242641
4.242641
4.242641
4.242641
4.242641
4.242641
4.242641
4.242641
4.242641
4.242641
4.242641
4.242641
4.242641
4.242641
4.242641
4.242641
4.242641
4.242641
4.242641
4.242641
4.242641
4.242641
4.242641
4.242641
4.242641
4.242641
4.242641
4.242641
4.242641
4.242641
4.242641
4.242641
4.242641
4.242641
4.242641
4.242641
4.242641
4.242641
4.242641
4.242641
4.242641
4.242641
4.242641
4.242641
4.242641
4.242641
4.242641
4.242641
4.242641
4.242641
4.242641
4.242641
4.242641
4.242641
4.242641
4.242641
4.242641
4.242641
4.242641
4.242641
4.242641
4.242641
4.242641
4.242641
4.242641
4.242641
4.242641
4.242641
4.242641
4.242641
4.242641
4.242641
4.242641
4.242641
4.242641
4.242641
4.242641
4.242641
4.242641
4.242641
4.242641
4.242641
4.242641
4.242641
4.242641
4.242641
4.242641
4.242641
4.242641
4.242641
4.242641
4.242641
4.242641
4.242641
4.242641
4.242641
4.242641
4.242641
4.242641
4.242641
4.242641
4.242641
4.242641
4.242641
4.242641
4.242641
4.242641
4.242641
4.242641
4.242641
4.242641
4.242641
4.242641
4.242641
4.242641
4.242641
4.242641
4.242641
4.242641
4.242641
4.242641
4.242641
4.242641
4.242641
4.242641
4.242641
4.242641
4.242641
4.242641
4.242641
4.242641
4.242641
4.242641
4.242641
4.242641
4.242641
4.242641
4.242641
4.242641
4.242641
4.242641
4.242641
4.242641
4.242641
4.242641
4.242641
4.242641
4.242641
4.242641
4.242641
4.242641
4.242641
4.242641
4.242641
4.242641
4.242641
4.242641
4.242641
4.242641
4.242641
4.242641
4.242641
4.242641
4.242641
4.242641
4.242641
4.242641
4.242641
4.242641
4.242641
4.242641
4.242641
4.242641
4.242641
4.242641
4.242641
4.242641
4.242641
4.242641
4.242641
4.242641
4.242641
4.242641
4.242641
4.242641
4.242641
4.242641
4.242641
4.242641
4.242641
4.242641
4.242641
4.242641
4.242641
4.242641
4.242641
4.242641
4.242641
4.242641
4.242641
4.242641
4.242641
4.242641
4.242641
4.242641
4.242641
4.242641
4.242641
4.242641
4.242641
4.242641
4.242641
4.242641
4.242641
4.242641
4.242641
