0.727044
0.727044
0.727044
0.727044
0.727044
0.727044
0.727044
0.727044
0.727044
0.727044
0.727044
0.727044
0.727044
0.727044
0.727044
0.727044
0.727044
0.727044
0.727044
0.727044
0.727044
0.727044
0.727006
0.727077
0.727336
0.727527
0.727445
0.727045
0.726056
0.724923
0.723669
0.722088
0.720397
0.718452
0.716319
0.713985
0.711388
0.708655
0.705838
0.703009
0.700389
0.697802
0.695189
0.692245
0.689384
0.686158
0.682783
0.679436
0.676045
0.672586
0.669073
0.665386
0.661631
0.657918
0.654197
0.650405
0.646773
0.643107
0.639417
0.635775
0.632004
0.628411
0.624723
0.621052
0.617304
0.613686
0.610057
0.606406
0.602777
0.599071
0.595498
0.591878
0.588348
0.584721
0.581146
0.577512
0.573980
0.570361
0.566904
0.563311
0.559765
0.556256
0.552648
0.549211
0.545750
0.542126
0.538803
0.535220
0.531757
0.528243
0.524662
0.521392
0.517865
0.514499
0.510957
0.507612
0.504148
0.500783
0.497326
0.494003
0.490591
0.487304
0.484000
0.480555
0.477170
0.473752
0.470509
0.467131
0.463887
0.460548
0.457185
0.453922
0.450666
0.447407
0.444016
0.440751
0.437637
0.434181
0.430941
0.427703
0.424521
0.421316
0.418128
0.414952
0.411748
0.408406
0.405383
0.402248
0.399096
0.395999
0.392799
0.389775
0.386655
0.383560
0.380524
0.377489
0.374367
0.371403
0.368333
0.365386
0.362446
0.359556
0.356689
0.353684
0.350955
0.348174
0.345418
0.342606
0.339760
0.337046
0.334207
0.331487
0.328903
0.326210
0.323489
0.321046
0.318559
0.315983
0.313443
0.311087
0.308599
0.306302
0.303725
0.301332
0.298955
0.296430
0.294098
0.291671
0.289213
0.287011
0.284552
0.282164
0.279894
0.277551
0.275174
0.272802
0.270538
0.268251
0.265860
0.263603
0.261267
0.258984
0.256764
0.254489
0.252257
0.249761
0.247618
0.245390
0.242990
0.240958
0.238666
0.236479
0.234213
0.231939
0.229855
0.227693
0.225639
0.223483
0.221355
0.219322
0.217306
0.215215
0.213135
0.211180
0.209042
0.207019
0.204944
0.202979
0.200956
0.198956
0.197011
0.194970
0.193110
0.191157
0.189228
0.187173
0.185373
0.183472
0.181524
0.179664
0.177747
0.176025
0.174234
0.172321
0.170533
0.168658
0.166850
0.165241
0.163463
0.161618
0.159809
0.158144
0.156538
0.154692
0.153073
0.151306
0.149660
0.148142
0.146396
0.144758
0.143153
0.141620
0.139913
0.138288
0.136871
0.135178
0.133680
0.132175
0.130718
0.129148
0.127677
0.126251
0.124716
0.123253
0.121808
0.120342
0.118871
0.117548
0.116150
0.114740
0.113393
0.112064
0.110681
0.109373
0.108074
0.106823
0.105412
0.104112
0.102944
0.101705
0.100454
0.099201
0.097925
0.096826
0.095583
0.094350
0.093178
0.091968
0.090950
0.089729
0.088562
0.087593
0.086369
0.085398
0.084179
0.083054
0.082099
0.080959
0.080066
0.078932
0.078017
0.076886
0.075970
0.075067
0.074017
0.073067
0.072227
0.071303
0.070392
0.069563
0.068592
0.067715
0.066828
0.065962
0.065131
0.064345
0.063486
0.062622
0.061936
0.061069
0.060415
0.059577
0.058799
0.058057
0.057316
0.056626
0.055994
0.055229
0.054553
0.053845
0.053196
0.052522
0.051851
0.051181
0.050664
0.049943
0.049256
0.048766
0.048053
0.047540
0.046982
0.046295
0.045785
0.045253
0.044714
0.044105
0.043505
0.042961
0.042528
0.041914
0.041499
0.040955
0.040474
0.039988
0.039499
0.038986
0.038473
0.038105
0.037633
0.037074
0.036677
0.036338
0.035817
0.035363
0.034896
0.034529
0.034131
0.033622
0.033216
0.032894
0.032491
0.032047
0.031638
0.031286
0.031022
0.030668
0.030302
0.029877
0.029581
0.029180
0.028930
0.028452
0.028188
0.027931
0.027513
0.027147
0.026864
0.026575
0.026289
0.025974
0.025588
0.025341
0.025105
0.024839
0.024618
0.024167
0.023870
0.023669
0.023384
0.023226
0.022907
0.022650
0.022465
0.022242
0.021978
0.021761
0.021523
0.021274
0.021093
0.020738
0.020626
0.020413
0.020255
0.019934
0.019770
0.019453
0.019252
0.019158
0.018965
0.018755
0.018584
0.018428
0.018213
0.018049
0.017806
0.017710
0.017573
0.017348
0.017263
0.017088
0.017013
0.016769
0.016645
0.016477
0.016288
0.016209
0.016072
0.015920
0.015742
0.015660
0.015582
0.015407
0.015369
0.015097
0.015018
0.014985
0.014757
0.014724
0.014628
0.014455
0.014378
0.014229
0.014166
0.014046
0.014006
0.013833
0.013741
0.013630
0.013567
0.013456
0.013416
0.013271
0.013151
0.013112
0.013040
0.012898
0.012860
0.012788
0.012676
0.012564
0.012524
0.012463
0.012290
0.012250
0.012211
0.012138
0.012036
0.012036
0.011926
0.011847
0.011784
0.011713
0.011663
0.011624
0.011552
0.011452
0.011412
0.011340
0.011301
0.011261
0.011185
0.011113
0.011113
0.011036
0.010924
0.010852
0.010812
0.010812
0.010780
0.010741
0.010633
0.010593
0.010560
0.010521
0.010521
0.010480
0.010345
0.010305
0.010305
0.010305
0.010217
0.010185
0.010122
0.010122
0.010083
0.010083
0.009970
0.009970
0.009931
0.009908
0.009908
0.009875
0.009795
0.009757
0.009757
0.009757
0.009724
0.009701
0.009662
0.009613
0.009613
0.009613
0.009581
0.009541
0.009541
0.009518
0.009518
0.009518
0.009446
0.009446
0.009446
0.009446
0.009446
0.009446
0.009407
0.009352
0.009352
0.009352
0.009352
0.009352
0.009313
0.009313
0.009313
0.009281
0.009281
0.009249
0.009249
0.009209
0.009209
0.009209
0.009209
0.009177
0.009177
0.009177
0.009177
0.009137
0.009137
0.009137
0.009137
0.009137
0.009137
0.009137
0.009137
0.009137
0.009137
0.009137
0.009137
0.009137
0.009137
0.009137
0.009137
0.009137
0.009137
0.009137
0.009137
0.009137
0.009137
0.009137
0.009137
0.009137
0.009137
0.009137
0.009137
0.009137
0.009137
0.009137
0.009137
0.009137
0.009137
0.009137
0.009137
0.009137
0.009137
0.009137
0.009137
0.009137
0.009137
0.009137
0.009137
0.009137
0.009137
0.009137
0.009137
0.009137
0.009137
0.009137
0.009137
0.009137
0.009137
0.009137
0.009137
0.009137
0.009137
0.009137
0.009137
0.009137
0.009137
0.009137
0.009137
0.009137
0.009137
0.009137
0.009137
0.009137
0.009137
0.009137
0.009137
0.009137
0.009137
0.009137
0.009137
0.009137
0.009137
0.009137
0.009137
0.009137
0.009137
0.009137
0.009137
0.009137
0.009137
0.009137
0.009137
0.009137
0.009137
0.009137
0.009137
0.009137
0.009137
0.009137
0.009137
0.009137
0.009137
0.009137
0.009137
0.009137
0.009137
0.009137
0.009137
0.009137
0.009137
0.009137
0.009137
0.009137
0.009137
0.009137
0.009137
0.009137
0.009137
0.009137
0.009137
0.009137
0.009137
0.009137
0.009137
0.009137
0.009137
0.009137
0.009137
0.009137
0.009137
0.009137
0.009137
0.009137
0.009137
0.009137
0.009137
0.009137
0.009137
0.009137
0.009137
0.009137
0.009137
0.009137
0.009137
0.009137
0.009137
0.009137
0.009137
0.009137
