0.887216
0.887216
0.887216
0.887216
0.887216
0.887216
0.887216
0.887216
0.887155
0.887069
0.886966
0.886824
0.886670
0.886537
0.886402
0.886197
0.885980
0.885728
0.885345
0.884912
0.884531
0.884035
0.883483
0.882803
0.882049
0.881233
0.880258
0.879298
0.878194
0.877201
0.876106
0.874992
0.873953
0.872813
0.871641
0.870420
0.869231
0.867943
0.866677
0.865379
0.864115
0.862673
0.861278
0.859889
0.858339
0.856937
0.855327
0.853884
0.852305
0.850736
0.849163
0.847608
0.845973
0.844451
0.842825
0.841236
0.839705
0.838202
0.836577
0.835043
0.833421
0.831821
0.830164
0.828620
0.826801
0.825092
0.823431
0.821751
0.820093
0.818425
0.816784
0.814866
0.813048
0.811062
0.809013
0.807090
0.805168
0.803241
0.801276
0.799344
0.797327
0.795248
0.793115
0.790999
0.788759
0.786655
0.784614
0.782488
0.780367
0.778318
0.776221
0.774045
0.771856
0.769678
0.767437
0.765167
0.762987
0.760826
0.758604
0.756448
0.754372
0.752162
0.749848
0.747695
0.745382
0.743220
0.740912
0.738589
0.736467
0.734162
0.732050
0.729623
0.727473
0.725041
0.722767
0.720369
0.717972
0.715677
0.713419
0.711113
0.708807
0.706415
0.704023
0.701692
0.699186
0.696866
0.694445
0.691899
0.689561
0.687165
0.684846
0.682398
0.679919
0.677403
0.674931
0.672510
0.670037
0.667693
0.665155
0.662679
0.660116
0.657553
0.655035
0.652501
0.649972
0.647456
0.644966
0.642414
0.639912
0.637241
0.634645
0.632092
0.629462
0.626956
0.624310
0.621848
0.619267
0.616632
0.613973
0.611188
0.608667
0.606013
0.603391
0.600823
0.598166
0.595505
0.592706
0.590031
0.587137
0.584205
0.581232
0.578308
0.575490
0.572751
0.569828
0.567105
0.564222
0.561471
0.558713
0.555933
0.553350
0.550559
0.547868
0.545267
0.542583
0.539880
0.537098
0.534301
0.531445
0.528617
0.525850
0.523258
0.520686
0.518160
0.515771
0.513369
0.510952
0.508539
0.506142
0.503675
0.501385
0.499019
0.496823
0.494595
0.492481
0.490389
0.488203
0.486119
0.483922
0.481859
0.479726
0.477579
0.475458
0.473327
0.471405
0.469337
0.467421
0.465490
0.463401
0.461388
0.459249
0.457220
0.455115
0.453145
0.451264
0.449432
0.447595
0.445765
0.443916
0.442030
0.440053
0.437947
0.436117
0.434052
0.432204
0.430571
0.428929
0.427171
0.425549
0.423760
0.421912
0.419980
0.418136
0.416225
0.414526
0.412847
0.411168
0.409530
0.407811
0.406026
0.404222
0.402382
0.400602
0.398838
0.397279
0.395664
0.394015
0.392570
0.391000
0.389378
0.387784
0.386237
0.384315
0.382626
0.381062
0.379406
0.377834
0.376340
0.374834
0.373398
0.371956
0.370350
0.368818
0.367164
0.365402
0.363792
0.362301
0.360712
0.359358
0.357874
0.356502
0.355072
0.353633
0.352061
0.350604
0.348946
0.347496
0.345913
0.344400
0.343057
0.341709
0.340200
0.338945
0.337428
0.335927
0.334455
0.332892
0.331470
0.330087
0.328566
0.327197
0.325805
0.324370
0.322947
0.321496
0.320021
0.318480
0.317063
0.315556
0.314031
0.312689
0.311204
0.309842
0.308465
0.307169
0.305724
0.304436
0.303072
0.301696
0.300321
0.299118
0.297642
0.296381
0.295162
0.293653
0.292570
0.291290
0.289987
0.288703
0.287573
0.286322
0.285007
0.283954
0.282687
0.281555
0.280350
0.279171
0.278010
0.276841
0.275723
0.274649
0.273546
0.272474
0.271338
0.270256
0.269258
0.268136
0.267074
0.266101
0.265064
0.264025
0.263036
0.262037
0.260985
0.259997
0.259114
0.258067
0.257244
0.256176
0.255232
0.254371
0.253403
0.252561
0.251606
0.250726
0.249920
0.248989
0.248178
0.247330
0.246526
0.245701
0.244755
0.243986
0.243290
0.242493
0.241601
0.240931
0.240148
0.239317
0.238721
0.237960
0.237192
0.236517
0.235850
0.235049
0.234422
0.233643
0.233086
0.232449
0.231779
0.231165
0.230517
0.229901
0.229303
0.228604
0.228062
0.227487
0.226878
0.226283
0.225764
0.225182
0.224612
0.223976
0.223543
0.223060
0.222473
0.221918
0.221518
0.220928
0.220492
0.219968
0.219484
0.218957
0.218595
0.218165
0.217654
0.217003
0.216599
0.216175
0.215781
0.215272
0.214780
0.214359
0.213968
0.213631
0.213118
0.212808
0.212383
0.212026
0.211585
0.211270
0.210951
0.210504
0.210201
0.209827
0.209477
0.209106
0.208842
0.208481
0.208147
0.207885
0.207538
0.207208
0.206923
0.206568
0.206349
0.206058
0.205798
0.205533
0.205229
0.231567
0.231270
0.230936
0.230737
0.230485
0.230258
0.230017
0.229863
0.229584
0.229365
0.229081
0.228903
0.228752
0.228561
0.228370
0.228159
0.228029
0.227878
0.227678
0.227480
0.227326
0.227153
0.226910
0.226769
0.226584
0.226444
0.226270
0.226128
0.225995
0.225780
0.225617
0.225464
0.225336
0.225211
0.225038
0.224912
0.224827
0.224633
0.224458
0.224329
0.224184
0.224083
0.223936
0.223807
0.223688
0.223582
0.223459
0.223377
0.223215
0.223093
0.222981
0.222880
0.222761
0.222639
0.222515
0.222416
0.222308
0.222054
0.221986
0.221844
0.221699
0.221599
0.221482
0.221384
0.221305
0.221236
0.221117
0.221002
0.220901
0.220826
0.148525
0.148469
0.148382
0.148218
0.148165
0.148052
0.148031
0.147934
0.147848
0.147769
0.147656
0.147544
0.147401
0.147058
0.146726
0.146394
0.145963
0.145568
0.145219
0.144822
0.144481
0.144106
0.143738
0.143320
0.142837
0.142261
0.141726
0.141167
0.140631
0.140089
0.139503
0.138994
0.138477
0.138005
0.137516
0.136903
0.136518
0.136021
0.135487
0.134945
0.134354
0.133816
0.133168
0.132701
0.132186
0.131639
0.131005
0.130424
0.129791
0.129145
0.128583
0.127922
0.127272
0.126646
0.126013
0.125410
0.124740
0.124080
0.123483
0.122791
0.122220
0.121582
0.120894
0.120252
0.119642
0.119065
0.118443
0.117769
0.117093
0.116480
0.115924
0.115256
0.114599
0.113993
0.113366
0.112762
0.112094
0.111459
0.110772
0.110109
0.109462
0.108802
0.108160
0.107554
0.106906
0.106335
0.105680
0.105033
0.104414
0.103786
0.103188
0.102576
0.101951
0.101339
0.100661
0.100069
0.099486
0.098885
0.098259
0.097642
0.097016
0.096409
0.095847
0.095211
0.094610
0.094006
0.093405
0.092812
0.092181
0.091601
0.090952
0.090395
0.089780
0.089168
0.088593
0.088015
0.087458
0.086838
0.086245
0.085643
0.085065
0.084534
0.083912
0.083386
0.082810
0.082284
0.081715
0.081171
0.080578
0.080026
0.079489
0.078924
0.078407
0.077854
0.077264
0.076729
0.076173
0.075642
0.075096
0.074539
0.073977
0.073427
0.072895
0.072379
0.071786
0.071233
0.070693
0.070162
0.069646
0.069070
0.068541
0.067960
0.067439
0.066892
0.066330
0.065805
0.065276
0.064769
0.064208
0.063663
0.063129
0.062554
0.062064
0.061537
0.060952
0.060425
0.059921
0.059374
0.058749
0.058188
0.057628
0.057101
0.056568
0.056081
0.055537
0.055038
0.054488
0.053999
0.053502
0.053017
0.052523
0.052016
0.051553
0.051038
0.050601
0.050096
0.049630
0.049228
0.048722
0.048245
0.047795
0.047379
0.046915
0.046493
0.046010
0.045583
0.045145
0.044718
0.044303
0.043883
0.043475
0.043043
0.042634
0.042236
0.041838
0.041459
0.041026
0.040681
0.040241
0.039883
0.039485
0.039096
0.038715
0.038355
0.038046
0.037647
0.037350
0.036998
0.036697
0.036331
0.036016
0.035675
0.035378
0.035021
0.034757
0.034430
0.034125
0.033832
0.033571
0.033276
0.032952
0.032625
0.032361
0.032068
0.031830
0.031541
0.031274
0.030998
0.030780
0.030484
0.030205
0.029953
0.029698
0.029499
0.029220
0.028967
0.028748
0.028529
0.028295
0.028055
0.027798
0.027605
0.027379
0.027167
0.026962
0.026714
0.026509
0.026331
0.026121
0.025784
0.025584
0.025345
0.025124
0.024930
0.024700
0.024543
0.024351
0.024161
0.023948
0.023777
0.023597
0.023401
0.023258
0.023066
0.022917
0.022761
0.022605
0.022432
0.022289
0.022111
0.021973
0.021798
0.021672
0.021516
0.021360
0.021242
0.021101
0.020965
0.020810
0.020672
0.020558
0.020434
0.020287
0.020146
0.020028
0.019904
0.019773
0.019656
0.019553
0.019398
0.019295
0.019200
0.019074
0.018945
0.018851
0.018779
0.018671
0.018568
0.018523
0.018415
0.018302
0.018259
0.018140
0.018042
0.017973
0.017881
0.017808
0.017732
0.017609
0.017539
0.017460
0.017422
0.017299
0.017262
0.017134
0.017053
0.017011
0.016895
0.016839
0.016757
0.016685
0.016609
0.016537
0.016451
0.016380
0.016317
0.016244
0.016197
0.016143
0.016054
0.015981
0.015915
0.015839
0.015801
0.015746
0.015670
0.015590
0.015517
0.015486
0.015310
0.015252
0.015143
0.015038
0.014993
0.014931
0.014879
0.014808
0.014755
0.014655
0.014626
0.014566
0.014525
0.014462
0.014427
0.014345
0.014345
0.014255
0.014213
0.014156
0.014121
0.014085
0.014046
0.014011
0.013955
0.013935
0.013862
0.013822
0.013804
0.013765
0.013735
0.013676
0.013676
0.013605
0.013563
0.013563
0.013546
0.013479
0.013456
0.013420
0.013420
0.013349
0.013330
0.013308
0.013291
0.013243
0.013226
0.013214
0.013207
0.013206
0.013197
0.013196
0.013156
0.013145
0.013145
0.013145
0.013128
0.013093
0.013080
0.013081
0.013081
0.013042
0.013047
0.012995
0.012995
0.012998
0.012998
0.012951
0.012939
0.012900
0.012920
0.012903
0.012903
0.012867
0.012840
0.012801
0.012801
0.012785
0.012785
0.012793
0.012776
0.012750
0.012734
0.012712
0.012712
0.012696
0.012685
0.012664
0.012652
0.012652
0.012652
0.012521
0.012503
0.012442
0.012426
0.012400
0.012385
0.012371
0.012343
0.012343
0.012331
0.012321
0.012321
0.012299
0.012288
0.012269
0.012263
0.012263
0.012263
0.012259
0.012245
0.012245
0.012231
0.012221
0.012220
0.012220
0.012220
0.012207
0.012207
0.012193
0.012193
0.012193
0.012193
0.012193
0.012185
0.012185
0.012185
0.012185
0.012172
0.012172
0.012172
0.012172
0.012172
0.012172
0.012172
0.012172
0.012172
0.012172
0.012199
0.012211
0.012238
0.012253
0.012269
0.012269
0.012286
0.012303
0.012321
0.012321
0.012340
0.012340
0.012359
0.012359
0.012359
0.012378
0.012378
0.012378
0.012397
0.012397
0.012397
0.012397
0.012397
0.012417
0.012417
0.012417
0.012417
0.012417
0.012417
0.012417
0.012417
0.012417
0.012437
0.012437
0.012437
0.012437
0.012437
0.012437
0.012437
0.012437
0.012437
0.012437
0.012437
0.012437
0.012321
0.012303
0.012269
0.012253
0.012238
0.012238
0.012224
0.012211
0.012211
0.012199
0.012189
0.012189
0.012181
0.012181
0.012181
0.012175
0.012175
0.012175
0.012172
0.012172
0.012172
0.012172
0.012172
0.012170
0.012170
0.012170
0.012170
0.012170
0.012170
0.012170
0.012170
0.012170
0.012170
0.012172
0.012172
0.012172
0.012172
0.012172
0.012172
0.012172
0.012172
0.012172
0.012172
0.012172
0.012172
0.012172
0.012172
0.012199
0.012211
0.012238
0.012253
0.012269
0.012269
0.012286
0.012303
0.012321
0.012321
0.012340
0.012340
0.012359
0.012359
0.012359
0.012378
0.012378
0.012378
0.012397
0.012397
0.012397
0.012397
0.012397
0.012417
0.012417
0.012417
0.012417
0.012417
0.012417
0.012417
0.012417
0.012417
0.012437
0.012437
0.012437
0.012437
0.012437
0.012437
0.012437
0.012437
0.012437
0.012437
0.012437
0.012437
0.012321
0.012303
0.012269
0.012253
0.012238
0.012238
0.012224
0.012211
0.012211
0.012199
0.012189
0.012189
0.012181
0.012181
0.012181
0.012175
0.012175
0.012175
0.012172
0.012172
0.012172
0.012172
0.012172
0.012170
0.012170
0.012170
0.012170
0.012170
0.012170
0.012170
0.012170
0.012170
0.012170
0.012172
0.012172
0.012172
0.012172
0.012172
0.012172
0.012172
0.012172
0.012172
0.012172
0.012172
0.012172
0.012172
0.012199
0.012211
0.012238
0.012253
0.012269
0.012269
0.012286
0.012303
0.012321
0.012321
0.012340
0.012340
