1.952591
1.952591
1.952591
1.952591
1.952591
1.952591
1.952591
1.952591
1.952591
1.952591
1.952591
1.952591
1.952591
1.952591
1.952591
1.952591
1.952591
1.952591
1.952591
1.952591
1.952591
1.952591
1.952525
1.952539
1.952725
1.952810
1.953130
1.953378
1.953606
1.953962
1.954136
1.954322
1.954466
1.954651
1.955069
1.955234
1.955372
1.955655
1.955823
1.956185
1.956446
1.956851
1.956895
1.957164
1.957714
1.957806
1.958118
1.958500
1.958693
1.959043
3.605551
3.605551
3.605551
3.605551
3.605551
3.605551
3.605551
3.605551
3.605551
3.605551
3.605551
3.605551
3.605551
3.605551
3.605551
3.605551
3.605551
3.605551
3.605551
3.605551
3.605551
3.605551
3.605551
3.605551
3.605551
3.605551
3.605551
3.605551
3.605551
3.605551
3.605551
3.605551
3.605551
3.605551
3.605551
3.605551
3.605551
3.605551
3.605551
3.605551
3.605551
3.605551
3.605551
3.605551
3.605551
3.605551
3.605551
3.605551
3.605551
3.605551
3.605551
3.605551
3.605551
3.605551
3.605551
3.605551
3.605551
3.605551
3.605551
3.605551
3.605551
3.605551
3.605551
3.605551
3.605551
3.605551
3.605551
3.605551
3.605551
3.605551
3.605551
3.605551
3.605551
3.605551
3.605551
3.605551
3.605551
3.605551
3.605551
3.605551
3.605551
3.605551
3.605551
3.605551
3.605551
3.605551
3.605551
3.605551
3.605551
3.605551
3.605551
3.605551
3.605551
3.605551
3.605551
3.605551
3.605551
3.605551
3.605551
3.605551
3.605551
3.605551
3.605551
3.605551
3.605551
3.605551
3.605551
3.605551
3.605551
3.605551
3.605551
3.605551
3.605551
3.605551
3.605551
3.605551
3.605551
3.605551
3.605551
3.605551
3.605551
3.605551
3.605551
3.605551
3.605551
3.605551
3.605551
3.605551
3.605551
3.605551
3.605551
3.605551
3.605551
3.605551
3.605551
3.605551
3.605551
3.605551
3.605551
3.605551
3.605551
3.605551
3.605551
3.605551
3.605551
3.605551
3.605551
3.605551
3.605551
3.605551
3.605551
3.605551
3.605551
3.605551
3.605551
3.605551
3.605551
3.605551
3.605551
3.605551
3.605551
3.605551
3.605551
3.605551
3.605551
3.605551
3.605551
3.605551
3.605551
3.605551
3.605551
3.605551
3.605551
3.605551
3.605551
3.605551
3.605551
3.605551
3.605551
3.605551
3.605551
3.605551
3.605551
3.605551
3.605551
3.605551
3.605551
3.605551
3.605551
3.605551
3.605551
3.605551
3.605551
3.605551
3.605551
3.605551
3.605551
3.605551
3.605551
3.605551
3.605551
3.605551
3.605551
3.605551
3.605551
3.605551
3.605551
3.605551
3.605551
3.605551
3.605551
3.605551
3.605551
3.605551
3.605551
3.605551
3.605551
3.605551
3.605551
3.605551
3.605551
3.605551
3.605551
3.605551
3.605551
3.605551
3.605551
3.605551
3.605551
3.605551
3.605551
3.605551
3.605551
3.605551
3.605551
3.605551
3.605551
3.605551
3.605551
3.605551
3.605551
3.605551
3.605551
3.605551
3.605551
3.605551
3.605551
3.605551
3.605551
3.605551
3.605551
3.605551
3.605551
3.605551
3.605551
3.605551
3.605551
3.605551
3.605551
3.605551
3.605551
3.605551
3.605551
3.605551
3.605551
3.605551
3.605551
3.605551
3.605551
3.605551
3.605551
3.605551
3.605551
3.605551
3.605551
3.605551
3.605551
3.605551
3.605551
3.605551
3.605551
3.605551
3.605551
3.605551
3.605551
3.605551
3.605551
3.605551
3.605551
3.605551
3.605551
3.605551
3.605551
3.605551
3.605551
3.605551
3.605551
3.605551
3.605551
3.605551
3.605551
3.605551
3.605551
3.605551
3.605551
3.605551
3.605551
3.605551
3.605551
3.605551
3.605551
3.605551
3.605551
3.605551
3.605551
3.605551
3.605551
3.605551
3.605551
3.605551
3.605551
3.605551
3.605551
3.605551
3.605551
3.605551
3.605551
3.605551
3.605551
3.605551
3.605551
3.605551
3.605551
3.605551
3.605551
3.605551
3.605551
3.605551
3.605551
3.605551
3.605551
3.605551
3.605551
3.605551
3.605551
3.605551
3.605551
3.605551
3.605551
3.605551
3.605551
3.605551
3.605551
3.605551
3.605551
3.605551
3.605551
3.605551
3.605551
3.605551
3.605551
3.605551
3.605551
3.605551
3.605551
3.605551
3.605551
3.605551
3.605551
3.605551
3.605551
3.605551
3.605551
3.605551
3.605551
3.605551
3.605551
3.605551
3.605551
3.605551
3.605551
3.605551
3.605551
3.605551
3.605551
3.605551
3.605551
3.605551
3.605551
3.605551
3.605551
3.605551
3.605551
3.605551
3.605551
3.605551
3.605551
3.605551
3.605551
3.605551
3.605551
3.605551
3.605551
3.605551
3.605551
3.605551
3.605551
3.605551
3.605551
3.605551
3.605551
3.605551
3.605551
3.605551
3.605551
3.605551
3.605551
3.605551
3.605551
3.605551
3.605551
3.605551
3.605551
3.605551
3.605551
3.605551
3.605551
3.605551
3.605551
3.605551
3.605551
3.605551
3.605551
3.605551
3.605551
3.605551
3.605551
3.605551
3.605551
3.605551
3.605551
3.605551
3.605551
3.605551
3.605551
3.605551
3.605551
3.605551
3.605551
3.605551
3.605551
3.605551
3.605551
3.605551
3.605551
3.605551
3.605551
3.605551
3.605551
3.605551
3.605551
3.605551
3.605551
3.605551
3.605551
3.605551
3.605551
3.605551
3.605551
3.605551
3.605551
3.605551
3.605551
3.605551
3.605551
3.605551
3.605551
3.605551
3.605551
3.605551
3.605551
3.605551
3.605551
3.605551
3.605551
3.605551
3.605551
3.605551
3.605551
3.605551
3.605551
3.605551
3.605551
3.605551
3.605551
3.605551
3.605551
3.605551
3.605551
3.605551
3.605551
3.605551
3.605551
3.605551
3.605551
3.605551
3.605551
3.605551
3.605551
3.605551
3.605551
3.605551
3.605551
3.605551
3.605551
3.605551
3.605551
3.605551
3.605551
3.605551
3.605551
3.605551
3.605551
3.605551
3.605551
3.605551
3.605551
3.605551
3.605551
3.605551
3.605551
3.605551
3.605551
3.605551
3.605551
3.605551
3.605551
3.605551
3.605551
3.605551
3.605551
3.605551
3.605551
3.605551
3.605551
3.605551
3.605551
3.605551
3.605551
3.605551
3.605551
3.605551
3.605551
3.605551
3.605551
3.605551
3.605551
3.605551
3.605551
3.605551
3.605551
3.605551
3.605551
3.605551
3.605551
3.605551
3.605551
3.605551
3.605551
3.605551
3.605551
3.605551
3.605551
3.605551
3.605551
3.605551
3.605551
3.605551
3.605551
3.605551
3.605551
3.605551
3.605551
3.605551
3.605551
3.605551
3.605551
3.605551
3.605551
3.605551
3.605551
3.605551
3.605551
3.605551
3.605551
3.605551
3.605551
3.605551
3.605551
3.605551
3.605551
3.605551
3.605551
3.605551
3.605551
3.605551
3.605551
3.605551
3.605551
3.605551
3.605551
3.605551
3.605551
3.605551
3.605551
3.605551
3.605551
3.605551
3.605551
3.605551
3.605551
3.605551
3.605551
3.605551
3.605551
3.605551
3.605551
3.605551
3.605551
3.605551
3.605551
3.605551
3.605551
3.605551
3.605551
3.605551
3.605551
3.605551
3.605551
3.605551
3.605551
3.605551
3.605551
3.605551
3.605551
3.605551
3.605551
3.605551
3.605551
3.605551
