0.728055
0.728055
0.728055
0.728055
0.728055
0.728055
0.728055
0.728055
0.728055
0.728055
0.728055
0.728055
0.728055
0.728055
0.728055
0.728055
0.728055
0.728055
0.728055
0.728055
0.728055
0.728055
0.727996
0.728004
0.727795
0.727464
0.726873
0.725989
0.724906
0.723336
0.721356
0.718951
0.716221
0.713581
0.710922
0.708146
0.705345
0.702450
0.699583
0.696590
0.693260
0.689805
0.686317
0.682308
0.678386
0.674400
0.670390
0.666531
0.662550
0.658873
0.654977
0.651225
0.647184
0.643312
0.639377
0.635496
0.631594
0.627813
0.623792
0.619882
0.616125
0.612335
0.608450
0.604686
0.600731
0.596984
0.593148
0.589379
0.585520
0.581761
0.577958
0.574238
0.570492
0.566711
0.563059
0.559244
0.555553
0.551843
0.548172
0.544461
0.540714
0.537040
0.533342
0.529871
0.526197
0.522466
0.518811
0.515218
0.511640
0.507994
0.504494
0.500870
0.497373
0.493808
0.490255
0.486745
0.483097
0.479590
0.476123
0.472621
0.469135
0.465613
0.462294
0.458829
0.455349
0.452019
0.448619
0.445184
0.441814
0.438548
0.435028
0.431755
0.428264
0.425057
0.421652
0.418244
0.415051
0.411750
0.408504
0.405173
0.401885
0.398543
0.395292
0.392017
0.388855
0.385592
0.382339
0.379287
0.376033
0.372759
0.369720
0.366557
0.363436
0.360423
0.357127
0.354072
0.351048
0.347956
0.344922
0.341846
0.338754
0.335878
0.332924
0.329824
0.326822
0.323827
0.320952
0.317893
0.315003
0.312193
0.309248
0.306368
0.303466
0.300501
0.297749
0.294704
0.291876
0.289162
0.286250
0.283564
0.280912
0.278008
0.275224
0.272428
0.269780
0.266997
0.264390
0.261597
0.258894
0.256381
0.253657
0.250901
0.248438
0.245624
0.243053
0.240596
0.238041
0.235441
0.232919
0.230523
0.227883
0.225475
0.223046
0.220574
0.218175
0.215725
0.213437
0.210959
0.208646
0.206366
0.204113
0.201711
0.199512
0.197286
0.194985
0.192955
0.190680
0.188574
0.186424
0.184328
0.182107
0.180216
0.178168
0.175978
0.173967
0.171972
0.170098
0.168222
0.166241
0.164320
0.162374
0.160720
0.158914
0.157000
0.155173
0.153307
0.151627
0.149853
0.148098
0.146509
0.144876
0.143105
0.141577
0.139914
0.138317
0.136723
0.135025
0.133471
0.132104
0.130606
0.129085
0.127501
0.126113
0.124610
0.123185
0.121832
0.120420
0.119017
0.117614
0.116349
0.115046
0.113694
0.112438
0.110954
0.109746
0.108497
0.107270
0.106189
0.104952
0.103660
0.102401
0.101322
0.100131
0.098916
0.097836
0.096606
0.095527
0.094573
0.093270
0.092482
0.091281
0.090334
0.089242
0.088100
0.087139
0.086146
0.085252
0.084135
0.083252
0.082249
0.081385
0.080423
0.079426
0.078436
0.077581
0.076714
0.075810
0.074970
0.073971
0.073252
0.072417
0.071467
0.070586
0.069764
0.069046
0.068249
0.067492
0.066688
0.065975
0.065059
0.064364
0.063548
0.062840
0.062179
0.061393
0.060766
0.059871
0.059231
0.058561
0.057789
0.057137
0.056438
0.055809
0.055165
0.054381
0.053759
0.053188
0.052464
0.051809
0.051300
0.050624
0.049994
0.049331
0.048750
0.048178
0.047644
0.047015
0.046386
0.045801
0.045294
0.044683
0.044153
0.043559
0.043110
0.042503
0.041984
0.041409
0.040834
0.040525
0.039921
0.039448
0.038983
0.038472
0.037951
0.037645
0.037079
0.036553
0.036144
0.035727
0.035293
0.034827
0.034472
0.034009
0.033589
0.033272
0.032765
0.032417
0.032076
0.031690
0.031335
0.030855
0.030468
0.030051
0.029792
0.029486
0.029071
0.028681
0.028480
0.028087
0.027737
0.027440
0.027111
0.026753
0.026515
0.026215
0.025870
0.025658
0.025315
0.025060
0.024687
0.024403
0.024179
0.023968
0.023720
0.023428
0.023205
0.022850
0.022653
0.022391
0.022057
0.021856
0.021721
0.021375
0.021183
0.020910
0.020716
0.020364
0.020241
0.020114
0.019835
0.019559
0.019423
0.019207
0.019028
0.018863
0.018646
0.018406
0.018226
0.018054
0.017959
0.017734
0.017608
0.017489
0.017248
0.017094
0.016903
0.016734
0.016640
0.016517
0.016248
0.016099
0.015972
0.015875
0.015690
0.015558
0.015464
0.015267
0.015114
0.015005
0.014914
0.014785
0.014592
0.014457
0.014400
0.014229
0.014111
0.013995
0.013878
0.013758
0.013658
0.013518
0.013462
0.013365
0.013213
0.013169
0.013028
0.012927
0.012784
0.012694
0.012666
0.012550
0.012454
0.012404
0.012307
0.012211
0.012124
0.012037
0.012008
0.011913
0.011856
0.011828
0.011703
0.011675
0.011606
0.011544
0.011516
0.011427
0.011427
0.011348
0.011348
0.011156
0.011161
0.011105
0.011105
0.011048
0.011048
0.010992
0.010919
0.010851
0.010822
0.010834
0.010784
0.010784
0.010727
0.010727
0.010597
0.010597
0.010569
0.010540
0.010540
0.010484
0.010484
0.010456
0.010395
0.010372
0.010344
0.010315
0.010315
0.010287
0.010259
0.010259
0.010231
0.010202
0.010202
0.010174
0.010146
0.010146
0.010118
0.010089
0.010089
0.010061
0.010033
0.010033
0.010033
0.009976
0.009976
0.009976
0.009948
0.009919
0.009919
0.009919
0.009891
0.009863
0.009863
0.009863
0.009835
0.009806
0.009806
0.009806
0.009778
0.009750
0.009750
0.009750
0.009750
0.009722
0.009693
0.009693
0.009693
0.009693
0.009637
0.009637
0.009637
0.009637
0.009637
0.009580
0.009580
0.009580
0.009580
0.009580
0.009552
0.009523
0.009523
0.009523
0.009523
0.009523
0.009496
0.009467
0.009467
0.009467
0.009467
0.009467
0.009439
0.009410
0.009410
0.009410
0.009410
0.009410
0.009410
0.009383
0.009354
0.009354
0.009354
0.009354
0.009354
0.009354
0.009354
0.009297
0.009297
0.009297
0.009297
0.009297
0.009297
0.009297
0.009297
0.009270
0.009241
0.009241
0.009241
0.009241
0.009241
0.009241
0.009241
0.009241
0.009241
0.009184
0.009184
0.009184
0.009184
0.009184
0.009184
0.009184
0.009184
0.009184
0.009184
0.009184
0.009184
0.009184
0.009184
0.009184
0.009184
0.009184
0.009184
0.009184
0.009184
0.009184
0.009184
0.009184
0.009184
0.009184
0.009184
0.009184
0.009184
0.009184
0.009184
0.009184
0.009184
0.009184
0.009184
0.009184
0.009184
0.009184
0.009184
0.009184
0.009184
0.009184
0.009184
0.009184
0.009184
0.009184
0.009184
0.009184
0.009184
0.009184
0.009184
0.009184
0.009184
0.009184
0.009184
0.009184
0.009184
0.009184
0.009184
0.009184
0.009184
0.009184
0.009184
0.009184
0.009184
0.009184
0.009184
0.009184
0.009184
0.009184
0.009184
0.009184
0.009184
0.009184
0.009184
0.009184
0.009184
0.009184
0.009184
0.009184
0.009184
0.009184
0.009184
0.009184
0.009184
0.009184
0.009184
0.009184
0.009184
0.009184
0.009184
0.009184
0.009184
0.009184
0.009184
0.009184
0.009184
0.009184
0.009184
0.009184
0.009184
0.009184
0.009184
0.009184
0.009184
0.009184
0.009184
0.009184
0.009184
0.009184
0.009184
0.009184
0.009184
0.009184
0.009184
0.009184
0.009184
