0.890541
0.885215
0.879891
0.874571
0.869254
0.863940
0.858630
0.853322
0.848017
0.842716
0.837417
0.832122
0.826829
0.821541
0.816259
0.810983
0.805713
0.800450
0.795192
0.789940
0.784694
0.779453
0.774218
0.768988
0.763764
0.758545
0.753331
0.748122
0.742923
0.737732
0.732549
0.727376
0.722214
0.717064
0.711924
0.706796
0.701678
0.696571
0.691474
0.686389
0.681320
0.676268
0.671234
0.666216
0.661216
0.656235
0.651272
0.646330
0.641408
0.636511
0.631639
0.626791
0.621966
0.617165
0.612388
0.607634
0.602903
0.598195
0.593508
0.588842
0.584198
0.579574
0.574970
0.570387
0.565823
0.561278
0.556753
0.552247
0.547759
0.543290
0.538840
0.534407
0.529992
0.525593
0.521214
0.516857
0.512522
0.508211
0.503928
0.499673
0.495447
0.491249
0.487079
0.482939
0.478825
0.474737
0.470676
0.466643
0.462640
0.458670
0.454730
0.450821
0.446943
0.443093
0.439274
0.435482
0.431721
0.427988
0.424283
0.420604
0.416952
0.413326
0.409726
0.406151
0.402601
0.399075
0.395574
0.392096
0.388641
0.385210
0.381802
0.378418
0.375055
0.371713
0.368393
0.365093
0.361814
0.358555
0.355316
0.352097
0.348896
0.345715
0.342552
0.339409
0.336284
0.333177
0.330087
0.327015
0.323960
0.320921
0.317899
0.314892
0.311902
0.308927
0.305968
0.303023
0.300094
0.297180
0.294281
0.291396
0.288525
0.285668
0.282824
0.279994
0.277177
0.274372
0.271581
0.268801
0.266034
0.263280
0.260537
0.257806
0.255088
0.252381
0.249691
0.247019
0.244364
0.241727
0.239106
0.236503
0.233916
0.231349
0.228804
0.226281
0.223782
0.221306
0.218851
0.216417
0.214004
0.211612
0.209240
0.206888
0.204556
0.202244
0.199953
0.197685
0.195438
0.193213
0.191011
0.188829
0.186668
0.184527
0.182406
0.180305
0.178222
0.176158
0.174113
0.172086
0.170077
0.168086
0.166112
0.164155
0.162217
0.160295
0.158390
0.156500
0.154626
0.152768
0.150925
0.149097
0.147284
0.145486
0.143702
0.141932
0.140176
0.138434
0.136707
0.134992
0.133291
0.131602
0.129926
0.128262
0.126613
0.124978
0.123359
0.121754
0.120166
0.118597
0.117044
0.115511
0.114001
0.112508
0.111032
0.109572
0.108128
0.106700
0.105287
0.103890
0.102508
0.101140
0.099787
0.098449
0.097124
0.095815
0.094519
0.093242
0.091979
0.090730
0.089492
0.088268
0.087056
0.085860
0.084679
0.083513
0.082362
0.081225
0.080104
0.078998
0.077905
0.076831
0.075772
0.074726
0.073694
0.072677
0.071675
0.070686
0.069710
0.068745
0.067792
0.066850
0.065921
0.065014
0.064120
0.063236
0.062362
0.061499
0.060649
0.059812
0.058984
0.058169
0.057368
0.056581
0.055803
0.055035
0.054275
0.053524
0.052781
0.052047
0.051320
0.050602
0.049891
0.049188
0.048493
0.047805
0.047124
0.046451
0.045785
0.045126
0.044474
0.043829
0.043191
0.042561
0.041942
0.041332
0.040731
0.040143
0.039570
0.039010
0.038459
0.037917
0.037396
0.036884
0.036379
0.035883
0.035395
0.034914
0.034441
0.033975
0.033520
0.033077
0.032646
0.032221
0.031803
0.031392
0.030987
0.030589
0.030198
0.029812
0.029433
0.029060
0.028692
0.028330
0.027975
0.027624
0.027279
0.026940
0.026606
0.026277
0.025954
0.025636
0.025323
0.025015
0.024712
0.024414
0.024120
0.023831
0.023547
0.023267
0.022991
0.022720
0.022453
0.022191
0.021933
0.021678
0.021428
0.021182
0.020940
0.020702
0.020467
0.020236
0.020009
0.019785
0.019565
0.019348
0.019135
0.018925
0.018719
0.018516
0.018316
0.018119
0.017926
0.017735
0.017548
0.017363
0.017182
0.017003
0.016827
0.016654
0.016483
0.016316
0.016151
0.015989
0.015829
0.015672
0.015517
0.015372
0.015235
0.015100
0.014967
0.014836
0.014707
0.014580
0.014455
0.014345
0.014237
0.014130
0.014025
0.013922
0.013820
0.013720
0.013622
0.013525
0.013430
0.013336
0.013244
0.013159
0.013076
0.012994
0.012914
0.012835
0.012757
0.012680
0.012604
0.012530
0.012457
0.012385
0.012314
0.012244
0.012175
0.012108
0.012041
0.011976
0.011912
0.011848
0.011786
0.011725
0.011664
0.011605
0.011546
0.011489
0.011432
0.011376
0.011322
0.011268
0.011215
0.011162
0.011111
0.011060
0.011010
0.010961
0.010913
0.010866
0.010819
0.010775
0.010736
0.010697
0.010660
0.010623
0.010592
0.010562
0.010533
0.010504
0.010476
0.010448
0.010421
0.010394
0.010367
0.010341
0.010315
0.010290
0.010265
0.010240
0.010216
0.010192
0.010169
0.010146
0.010123
0.010101
0.010079
0.010057
0.010036
0.010017
0.010002
0.009988
0.009974
0.009961
0.009948
0.009934
0.009921
0.009909
0.009896
0.009884
0.009872
0.009860
0.009848
0.009836
0.009825
0.009814
0.009803
0.009792
0.009781
0.009771
0.009761
0.009750
0.009740
0.009731
0.009721
0.009711
0.009702
0.009693
0.009684
0.009675
0.009666
0.009657
0.009649
0.009640
0.009632
0.009624
0.009616
0.009608
0.009600
0.009593
0.009585
0.009578
0.009570
0.009563
0.009556
0.009549
0.009543
0.009536
0.009529
0.009523
0.009519
0.009519
0.009519
0.009519
0.009519
0.009519
0.009519
0.009519
0.009519
0.009519
0.009519
0.009519
0.009519
0.009519
0.009519
0.009519
0.009519
0.009519
0.009519
0.009519
0.009519
0.009519
0.009519
0.009519
0.009519
0.009519
0.009519
0.009519
0.009519
0.009519
0.009519
0.009519
0.009519
0.009519
0.009519
0.009519
0.009519
0.009519
0.009519
0.009519
0.009519
0.009519
0.009519
0.009519
0.009519
0.009519
0.009519
0.009519
0.009519
0.009519
0.009519
0.009519
0.009519
0.009519
0.009519
0.009519
0.009519
0.009519
0.009519
0.009519
0.009519
0.009519
0.009519
0.009519
0.009519
0.009519
0.009519
0.009519
0.009519
0.009519
0.009519
0.009519
0.009519
0.009519
0.009519
0.009519
0.009519
0.009519
0.009519
0.009519
0.009519
0.009519
0.009519
0.009519
0.009519
0.009519
0.009519
0.009519
0.009519
0.009519
0.009519
0.009519
0.009519
0.009519
0.009519
0.009519
0.009519
0.009519
0.009519
0.009519
0.009519
0.009519
0.009519
0.009519
0.009519
0.009519
0.009519
0.009519
0.009519
0.009519
0.009519
0.009519
0.009519
0.009519
0.009519
0.009519
0.009519
0.009519
0.009519
0.009519
0.009519
0.009519
0.009519
0.009519
0.009519
0.009519
0.009519
0.009519
0.009519
0.009519
0.009519
0.009519
0.009519
0.009519
0.009519
0.009519
0.009519
0.009519
0.009519
0.009519
0.009519
0.009519
0.009519
0.009519
0.009519
0.009519
0.009519
0.009519
0.009519
0.009519
0.009519
0.009519
0.009519
0.009519
0.009519
0.009519
0.009519
0.009519
0.009519
0.009519
0.009519
0.009519
0.009519
0.009519
0.009519
0.009519
0.009519
0.009519
0.009519
0.009519
0.009519
0.009519
0.009519
0.009519
0.009519
0.009519
0.009519
0.009519
0.009519
0.009519
0.009519
0.009519
0.009519
0.009519
0.009519
0.009519
0.009519
0.009519
0.009519
0.009519
0.009519
0.009519
0.009519
0.009519
0.009519
0.009519
0.009519
0.009519
0.009519
0.009519
0.009519
0.009519
0.009519
0.009519
0.009519
0.009519
0.009519
0.009519
0.009519
0.009519
0.009519
0.009519
0.009519
0.009519
0.009519
0.009519
0.009519
0.009519
0.009519
0.009519
0.009519
0.009519
0.009519
0.009519
0.009519
0.009519
0.009519
0.009519
0.009519
0.009519
0.009519
0.009519
0.009519
0.009519
0.009519
0.009519
0.009519
0.009519
0.009519
0.009519
0.009519
0.009519
0.009519
0.009519
0.009519
0.009519
0.009519
0.009519
0.009519
0.009519
0.009519
0.009519
0.009519
0.009519
0.009519
0.009519
0.009519
0.009519
0.009519
0.009519
0.009519
0.009519
0.009519
0.009519
0.009519
0.009519
0.009519
0.009519
0.009519
0.009519
0.009519
0.009519
0.009519
0.009519
0.009519
0.009519
0.009519
0.009519
0.009519
0.009519
0.009519
0.009519
0.009519
0.009519
0.009519
0.009519
0.009519
0.009519
0.009519
0.009519
0.009519
0.009519
0.009519
0.009519
0.009519
0.009519
0.009519
0.009519
0.009519
0.009519
0.009519
0.009519
0.009519
0.009519
0.009519
0.009519
0.009519
0.009519
0.009519
0.009519
0.009519
0.009519
0.009519
0.009519
0.009519
0.009519
0.009519
0.009519
0.009519
0.009519
0.009519
0.009519
0.009519
0.009519
0.009519
0.009519
0.009519
0.009519
0.009519
0.009519
0.009519
0.009519
0.009519
0.009519
0.009519
0.009519
0.009519
0.009519
0.009519
0.009519
0.009519
0.009519
0.009519
0.009519
0.009519
0.009519
0.009519
0.009519
0.009519
0.009519
0.009519
0.009519
0.009519
0.009519
0.009519
0.009519
0.009519
0.009519
0.009519
0.009519
0.009519
0.009519
0.009519
0.009519
0.009519
0.009519
0.009519
0.009519
0.009519
0.009519
0.009519
0.009519
0.009519
0.009519
0.009519
0.009519
0.009519
0.009519
0.009519
0.009519
0.009519
0.009519
0.009519
0.009519
0.009519
0.009519
0.009519
0.009519
0.009519
0.009519
0.009519
0.009519
0.009519
0.009519
0.009519
0.009519
0.009519
0.009519
0.009519
0.009519
0.009519
0.009519
0.009519
0.009519
0.009519
0.009519
0.009519
0.009519
0.009519
0.009519
0.009519
0.009519
0.009519
0.009519
0.009519
0.009519
0.009519
0.009519
0.009519
0.009519
0.009519
0.009519
0.009519
0.009519
0.009519
0.009519
0.009519
0.009519
0.009519
0.009519
0.009519
0.009519
0.009519
0.009519
0.009519
0.009519
0.009519
0.009519
0.009519
0.009519
0.009519
0.009519
0.009519
0.009519
0.009519
0.009519
0.009519
0.009519
0.009519
0.009519
0.009519
0.009519
0.009519
0.009519
0.009519
0.009519
0.009519
0.009519
0.009519
0.009519
0.009519
0.009519
0.009519
0.009519
0.009519
0.009519
0.009519
0.009519
0.009519
0.009519
0.009519
0.009519
0.009519
0.009519
0.009519
0.009519
0.009519
0.009519
0.009519
0.009519
0.009519
0.009519
0.009519
0.009519
0.009519
0.009519
0.009519
0.009519
0.009519
0.009519
0.009519
0.009519
0.009519
0.009519
0.009519
0.009519
0.009519
0.009519
0.009519
0.009519
0.009519
0.009519
0.009519
0.009519
0.009519
0.009519
0.009519
0.009519
0.009519
0.009519
0.009519
0.009519
0.009519
0.009519
0.009519
0.009519
0.009519
0.009519
0.009519
0.009519
0.009519
0.009519
0.009519
0.009519
0.009519
0.009519
0.009519
0.009519
0.009519
0.009519
0.009519
0.009519
0.009519
0.009519
0.009519
0.009519
0.009519
0.009519
0.009519
0.009519
0.009519
0.009519
0.009519
0.009519
0.009519
0.009519
0.009519
0.009519
0.009519
0.009519
0.009519
0.009519
0.009519
0.009519
0.009519
0.009519
0.009519
0.009519
0.009519
0.009519
0.009519
0.009519
0.009519
0.009519
0.009519
0.009519
0.009519
0.009519
0.009519
0.009519
0.009519
0.009519
0.009519
0.009519
0.009519
0.009519
0.009519
0.009519
0.009519
0.009519
0.009519
0.009519
0.009519
0.009519
0.009519
0.009519
0.009519
0.009519
0.009519
0.009519
0.009519
0.009519
0.009519
0.009519
0.009519
0.009519
0.009519
0.009519
0.009519
0.009519
0.009519
0.009519
0.009519
0.009519
0.009519
0.009519
0.009519
0.009519
0.009519
0.009519
0.009519
0.009519
0.009519
0.009519
0.009519
0.009519
0.009519
0.009519
0.009519
0.009519
0.009519
0.009519
0.009519
0.009519
0.009519
0.009519
0.009519
0.009519
0.009519
0.009519
0.009519
0.009519
0.009519
0.009519
0.009519
0.009519
0.009519
0.009519
0.009519
0.009519
0.009519
0.009519
0.009519
0.009519
0.009519
0.009519
0.009519
0.009519
0.009519
0.009519
0.009519
0.009519
0.009519
0.009519
0.009519
0.009519
0.009519
0.009519
0.009519
0.009519
0.009519
0.009519
0.009519
0.009519
0.009519
0.009519
0.009519
0.009519
0.009519
0.009519
0.009519
0.009519
0.009519
0.009519
0.009519
0.009519
0.009519
0.009519
0.009519
0.009519
0.009519
0.009519
0.009519
0.009519
0.009519
0.009519
0.009519
0.008821
2.565517
2.560469
2.555423
2.550380
2.545339
2.540300
2.535263
2.530229
2.525196
2.520166
2.515138
2.510111
2.505087
2.500065
2.495044
2.490026
2.485010
2.479995
2.474982
2.469971
2.464961
2.459954
2.454948
2.449943
2.444941
2.439940
2.434940
2.429942
2.424946
2.419951
2.414958
2.409966
2.404976
2.399987
2.394999
2.390013
2.385028
2.380045
2.375062
2.370082
2.365102
2.360123
2.355146
2.350170
2.345196
2.340222
2.335250
2.330279
2.325308
2.320339
2.315371
2.310405
2.305439
2.300474
2.295510
2.290547
2.285585
2.280625
2.275665
2.270706
2.265748
2.260791
2.255834
2.250879
2.245925
2.240971
2.236018
2.231066
2.226115
2.221165
2.216215
2.211266
2.206318
2.201371
2.196424
2.191479
2.186534
2.181589
2.176645
2.171702
2.166760
2.161818
2.156877
2.151937
2.146997
2.142058
2.137119
2.132181
2.127244
2.122307
2.117371
2.112435
2.107500
2.102566
2.097632
2.092698
2.087765
2.082833
2.077901
2.072969
2.068038
2.063108
2.058178
2.053248
2.048319
2.043390
2.038462
2.033534
2.028607
2.023680
2.018753
2.013827
2.008901
2.003976
1.999051
1.994127
1.989202
1.984279
1.979355
1.974432
1.969509
1.964587
1.959665
1.954745
1.949829
1.944916
1.940007
1.935103
1.930201
1.925304
1.920409
1.915518
1.910631
1.905747
1.900866
1.895988
1.891114
1.886243
1.881381
1.876522
1.871666
1.866813
1.861962
1.857115
1.852270
1.847427
1.842587
1.837750
1.832915
1.828083
1.823253
1.818426
1.813601
1.808778
1.803958
1.799140
1.794324
1.789511
1.784699
1.779890
1.775082
1.770277
1.765474
1.760673
1.755873
1.751076
1.746281
1.741494
1.736708
1.731924
1.727142
1.722362
1.717583
1.712806
1.708030
1.703256
1.698483
1.693712
1.688942
1.684174
1.679407
1.674642
1.669878
1.665116
1.660354
1.655594
1.650836
1.646079
1.641322
1.636568
1.631814
1.627062
1.622310
1.617560
1.612811
1.608063
1.603317
1.598571
1.593827
1.589083
1.584341
1.579599
1.574859
1.570120
1.565381
1.560644
1.555907
1.551171
1.546437
1.541703
1.536970
1.532238
1.527507
1.522779
1.518054
1.513335
1.508619
1.503907
1.499200
1.494496
1.489797
1.485101
1.480409
1.475721
1.471037
1.466356
1.461679
1.457006
1.452336
1.447669
1.443006
1.438346
1.433689
1.429035
1.424385
1.419738
1.415093
1.410452
1.405814
1.401179
1.396546
1.391917
1.387290
1.382666
1.378044
1.373425
1.368809
1.364195
1.359584
1.354975
1.350369
1.345765
1.341164
1.336565
1.331968
1.327373
1.322781
1.318191
1.313603
1.309017
1.304433
1.299851
1.295271
1.290693
1.286117
1.281543
1.276971
1.272401
1.267833
1.263266
1.258701
1.254138
1.249577
1.245017
1.240459
1.235903
1.231348
1.226795
1.222243
1.217693
1.213144
1.208597
1.204052
1.199508
1.194965
1.190423
1.185883
1.181345
1.176807
1.172271
1.167736
1.163203
1.158670
1.154139
1.149610
1.145081
1.140553
1.136027
1.131502
1.126978
1.122455
1.117933
1.113412
1.108892
1.104373
1.099855
1.095339
1.090823
1.086308
1.081794
1.077281
1.072769
1.068258
1.063748
1.059238
1.054730
1.050222
1.045715
1.041209
1.036704
1.032199
1.027695
1.023193
1.018690
1.014192
1.009698
1.005208
1.000722
0.996240
0.991762
0.987288
0.982818
0.978351
0.973888
0.969429
0.964974
0.960522
0.956074
0.951629
0.947187
0.942749
0.938314
0.933883
0.929456
0.925039
0.920632
0.916231
0.911836
0.907448
0.903066
0.898690
0.894321
0.889960
0.885609
0.881267
0.876933
0.872608
0.868292
0.863983
0.859684
0.855392
0.851108
0.846832
0.842565
0.838305
0.834053
0.829808
0.825570
0.821339
0.817115
0.812899
0.808689
0.804486
0.800289
0.796099
0.791915
0.787738
0.783569
0.779410
0.775260
0.771120
0.766994
0.762885
0.758790
0.754712
0.750649
0.746600
0.742566
0.738547
0.734542
0.730551
0.726575
0.722613
0.718664
0.714728
0.710805
0.706896
0.703002
0.699124
0.695262
0.691415
0.687584
0.683767
0.679964
0.676176
0.672403
0.668644
0.664899
0.661167
0.657449
0.653743
0.650050
0.646370
0.642702
0.639047
0.635403
0.631771
0.628151
0.624543
0.620947
0.617361
0.613787
0.610226
0.606679
0.603147
0.599627
0.596121
0.592629
0.589149
0.585682
0.582227
0.578785
0.575356
0.571939
0.568539
0.565152
0.561776
0.558411
0.555057
0.551714
0.548382
0.545059
0.541748
0.538446
0.535154
0.531872
0.528600
0.525339
0.522091
0.518856
0.515633
0.512422
0.509223
0.506036
0.502861
0.499698
0.496549
0.493416
0.490296
0.487190
0.484099
0.481022
0.477959
0.474909
0.471872
0.468847
0.465836
0.462836
0.459849
0.456874
0.453911
0.450959
0.448019
0.445090
0.442173
0.439269
0.436379
0.433503
0.430641
0.427793
0.424958
0.422136
0.419327
0.416531
0.413747
0.410976
0.408216
0.405469
0.402734
0.400011
0.397299
0.394599
0.391909
0.389230
0.386562
0.383905
0.381258
0.378621
0.375994
0.373376
0.370769
0.368171
0.365583
0.363004
0.360435
0.357874
0.355323
0.352780
0.350247
0.347727
0.345218
0.342721
0.340235
0.337760
0.335296
0.332843
0.330401
0.327970
0.325552
0.323146
0.320754
0.318376
0.316010
0.313657
0.311316
0.308988
0.306672
0.304368
0.302077
0.299800
0.297538
0.295292
0.293060
0.290842
0.288638
0.286448
0.284271
0.282108
0.279960
0.277828
0.275712
0.273613
0.271528
0.269460
0.267407
0.265375
0.263358
0.261356
0.259367
0.257393
0.255432
0.253484
0.251550
0.249629
0.247720
0.245824
0.243940
0.242069
0.240210
0.238364
0.236529
0.234705
0.232893
0.231091
0.229304
0.227531
0.225768
0.224015
0.222272
0.220540
0.218820
0.217113
0.215420
0.213746
0.212085
0.210435
0.208798
0.207173
0.205559
0.203957
0.202366
0.200785
0.199216
0.197658
0.196110
0.194573
0.193046
0.191530
0.190024
0.188527
0.187040
0.185562
0.184094
0.182635
0.181185
0.179743
0.178311
0.176886
0.175471
0.174070
0.172678
0.171294
0.169928
0.168571
0.167222
0.165880
0.164546
0.163218
0.161897
0.160583
0.159276
0.157975
0.156681
0.155393
0.154112
0.152837
0.151569
0.150306
0.149053
0.147808
0.146569
0.145335
0.144107
0.142884
0.141666
0.140453
0.139246
0.138043
0.136846
0.135654
0.134466
0.133283
0.132105
0.130931
0.129762
0.128597
0.127437
0.126280
0.125128
0.123980
0.122836
0.121697
0.120561
0.119435
0.118313
0.117195
0.116081
0.114970
0.113863
0.112759
0.111658
0.110561
0.109467
0.108376
0.107288
0.106204
0.105122
0.104044
0.102969
0.101897
0.100827
0.099760
0.098696
0.097635
0.096577
0.095521
0.094468
0.093417
0.092369
0.091330
0.090293
0.089259
0.088227
0.087197
0.086169
0.085143
0.084123
0.083109
0.082100
0.081097
0.080100
0.079111
0.078132
0.077161
0.076198
0.075244
0.074298
0.073360
0.072430
0.071507
0.070592
0.069685
0.068784
0.067891
0.067005
0.066126
0.065254
0.064399
0.063553
0.062718
0.061892
0.061076
0.060269
0.059471
0.058682
0.057903
0.057132
0.056370
0.055616
0.054871
0.054134
0.053406
0.052686
0.051974
0.051269
0.050572
0.049883
0.049201
0.048526
0.047859
0.047198
0.046545
0.045898
0.045262
0.044636
0.044020
0.043414
0.042817
0.042230
0.041657
0.041095
0.040542
0.039997
0.039461
0.038934
0.038415
0.037904
0.037401
0.036906
0.036426
0.035954
0.035489
0.035031
0.034581
0.034138
0.033701
0.033272
0.032850
0.032434
0.032026
0.031630
0.031239
0.030856
0.030478
0.030107
0.029741
0.029381
0.029027
0.028679
0.028339
0.028008
0.027682
0.027361
0.027045
0.026735
0.026429
0.026128
0.025832
0.025541
0.025254
0.024972
0.024694
0.024421
0.024152
0.023888
0.023627
0.023371
0.023119
0.022871
0.022626
0.022386
0.022149
0.021917
0.021688
0.021463
0.021241
0.021023
0.020808
0.020597
0.020389
0.020186
0.019991
0.019799
0.019610
0.019424
0.019241
0.019061
0.018884
0.018709
0.018538
0.018369
0.018203
0.018039
0.017878
0.017720
0.017564
0.017411
0.017260
0.017111
0.016965
0.016822
0.016680
0.016541
0.016404
0.016269
0.016136
0.016006
0.015877
0.015751
0.015626
0.015504
0.015383
0.015264
0.015148
0.015033
0.014920
0.014809
0.014699
0.014591
0.014485
0.014381
0.014278
0.014177
0.014078
0.013980
0.013884
0.013789
0.013696
0.013604
0.013514
0.013425
0.013338
0.013252
0.013167
0.013084
0.013002
0.012921
0.012841
0.012763
0.012686
0.012611
0.012536
0.012463
0.012391
0.012320
0.012250
0.012181
0.012114
0.012047
0.011982
0.011917
0.011854
0.011791
0.011730
0.011669
0.011610
0.011551
0.011494
0.011437
0.011381
0.011326
0.011272
0.011219
0.011167
0.011115
0.011065
0.011015
0.010966
0.010918
0.010870
0.010823
0.010777
0.010732
0.010687
0.010644
0.010600
0.010558
0.010516
0.010475
0.010435
0.010395
0.010356
0.010317
0.010279
0.010242
0.010205
0.010169
0.010133
0.010102
0.010074
0.010046
0.010021
0.010000
0.009980
0.009960
0.009941
0.009921
0.009902
0.009884
0.009865
0.009847
0.009829
0.009812
0.009795
0.009778
0.009761
0.009744
0.009729
0.009720
0.009710
0.009701
0.009692
0.009683
0.009674
0.009666
0.009657
0.009649
0.009640
0.009632
0.009624
0.009616
0.009608
0.009601
0.009593
0.009586
0.009579
0.009571
0.009564
0.009557
0.009550
0.009544
0.009537
0.009531
0.009526
0.009526
0.009526
0.009526
0.009526
0.009526
0.009526
0.009526
0.009526
0.009526
0.009526
0.009526
0.009526
0.009526
0.009526
0.009526
0.009526
0.009526
0.009526
0.009526
0.009526
0.009526
0.009526
0.009526
0.009526
0.009526
0.009526
0.009526
0.009526
0.009526
0.009526
0.009526
0.009526
0.009526
0.009526
0.009526
0.009526
0.009526
0.009526
0.009526
0.009526
0.009526
0.009526
0.009526
0.009526
0.009526
0.009526
0.009526
0.009526
0.009526
0.009526
0.009526
0.009526
0.009526
0.009526
0.009526
0.009526
0.009526
0.009526
0.009526
0.009526
0.009526
0.009526
0.009526
0.009526
0.009526
0.009526
0.009526
0.009526
0.009526
0.009526
0.009526
0.009526
0.009526
0.009526
0.009526
0.009526
0.009526
0.009526
0.009526
0.009526
0.009526
0.009526
0.009526
0.009526
0.009526
0.009526
0.009526
0.009526
0.009526
0.009526
0.009526
0.009526
0.009526
0.009526
0.009526
0.009526
0.009526
0.009526
0.009526
0.009526
0.009526
0.009526
0.009526
0.009526
0.009526
0.009526
0.009526
0.009526
0.009526
0.009526
0.009526
0.009526
0.009526
0.009526
0.009526
0.009526
0.009526
0.009526
0.009526
0.009526
0.009526
0.009526
0.009526
0.009526
0.009526
0.009526
0.009526
0.009526
0.009526
0.009526
0.009526
0.009526
0.009526
0.009526
0.009526
0.009526
0.009526
0.009526
0.009526
0.009526
0.009526
0.009526
0.009526
0.009526
0.009526
0.009526
0.009526
0.009526
0.009526
0.009526
0.009526
0.009526
0.009526
0.009526
0.009526
0.009526
0.009526
0.009526
0.009526
0.009526
0.009526
0.009526
0.009526
0.009526
0.009526
0.009526
0.009526
0.009526
0.009526
0.009526
0.009526
0.009526
0.009526
0.009526
0.009526
0.009526
0.009526
0.009526
0.009526
0.009526
0.009526
0.009526
0.009526
0.009526
0.009526
0.009526
0.009526
0.009526
0.009526
0.009526
0.009526
0.009526
0.009526
0.009526
0.009526
0.009526
0.009526
0.009526
0.009526
0.009526
0.009526
0.009526
0.009526
0.009526
0.009526
0.009526
0.009526
0.009526
0.009526
0.009526
0.009526
0.009526
0.009526
0.009526
0.009526
0.009526
0.009526
0.009526
0.009526
0.009526
0.009526
0.009526
0.009526
0.009526
0.009526
0.009526
0.009526
0.009526
0.009526
0.009526
0.009526
0.009526
0.009526
0.009526
0.009526
0.009526
0.009526
0.009526
0.009526
0.009526
0.009526
0.009526
0.009526
0.009526
0.009526
0.009526
0.009526
0.009526
0.009526
0.009526
0.009526
0.009526
0.009526
0.009526
0.009526
0.009526
0.009526
0.009526
0.009526
0.009526
0.009526
0.009526
0.009526
0.009526
0.009526
0.009526
0.009526
0.009526
0.009526
0.009526
0.009526
0.009526
0.009526
0.009526
0.009526
0.009526
0.009526
0.009526
0.009526
0.009526
0.009526
0.009526
0.009526
0.009526
0.009526
0.009526
0.009526
0.009526
0.009526
0.009526
0.009526
0.009526
0.009526
0.009526
0.009526
0.009526
0.009526
0.009526
0.009526
0.009526
0.009526
0.009526
0.009526
0.009526
0.009526
0.009526
0.009526
0.009526
0.009526
0.009526
0.009526
0.009526
0.009526
0.009526
0.009526
0.009526
0.009526
0.009526
0.009526
0.009526
0.009526
0.009526
0.009526
0.009526
0.009526
0.009526
0.009526
0.009526
0.009526
0.009526
0.009526
0.009526
0.009526
0.009526
0.009526
0.009526
0.009526
0.009526
0.009526
0.009526
0.009526
0.009526
0.009526
0.009526
0.009526
0.009526
0.009526
0.009526
0.009526
0.009526
0.009526
0.009526
0.009526
0.009526
0.009526
0.009526
0.009526
0.009526
0.009526
0.009526
0.009526
0.009526
0.009526
0.009526
0.009526
0.009526
0.009526
0.009526
0.009526
0.009526
0.009526
0.009526
0.009526
0.009526
0.009526
0.009526
0.009526
0.009526
0.009526
0.009526
0.009526
0.009526
0.009526
0.009526
0.009526
0.009526
0.009526
0.009526
0.009526
0.009526
0.009526
0.009526
0.009526
0.009526
0.009526
0.009526
0.009526
0.009526
0.009526
0.009526
0.009526
0.009526
0.009526
0.009526
0.009526
0.009526
0.009526
0.009526
0.009526
0.009526
0.009526
0.009526
0.009526
0.009526
0.009526
0.009526
0.009526
0.009526
0.009526
0.009526
0.009526
0.009526
0.009526
0.009526
0.009526
0.009526
0.009526
0.009526
0.009526
0.009526
0.009526
0.009526
0.009526
0.009526
0.009526
0.009526
0.009526
0.009526
0.009526
0.009526
0.009526
0.009526
0.009526
0.009526
0.009526
0.009526
0.009526
0.009526
0.009526
0.009526
0.009526
0.009526
0.009526
0.009526
0.009526
0.009526
0.009526
0.009526
0.009526
0.009526
0.009526
0.009526
0.009526
0.009526
0.009526
0.009526
0.009526
0.009526
0.009526
0.009526
0.009526
0.009526
0.009526
0.009526
0.009526
0.009526
0.009526
0.009526
0.009526
0.009526
0.009526
0.009526
0.009526
0.009526
0.009526
0.009526
0.009526
0.009526
0.009526
0.009526
0.009526
0.009526
0.009526
0.009526
0.009526
0.009526
0.009526
0.009526
0.009526
0.009526
0.009526
0.009526
0.009526
0.009526
0.009526
0.009526
0.009526
0.009526
0.009526
0.009526
0.009526
0.009526
0.009526
0.009526
0.009526
0.009526
0.009526
0.009526
0.009526
0.009526
0.009526
0.009526
0.009526
0.009526
0.009526
0.009526
0.009526
0.009526
0.009526
0.009526
0.009526
0.009526
0.009526
0.009526
0.009526
0.009526
0.009526
0.009526
0.009526
0.009526
0.009526
0.009526
0.009526
0.009526
0.009526
0.009526
0.009526
0.009526
0.009526
0.009526
0.009526
0.009526
0.009526
0.009526
0.009526
0.009526
0.009526
0.009526
0.009526
0.009526
0.009526
0.009526
0.009526
0.009526
0.009526
0.009526
0.009526
0.009526
0.009526
0.009526
0.009526
0.009526
0.009526
0.009526
0.009526
0.009526
0.009526
0.009526
0.009526
0.009526
0.009526
0.009526
0.009526
0.009526
0.009526
0.009526
0.009526
0.009526
0.009526
0.009526
0.009526
0.009526
0.009526
0.009526
0.009526
0.009526
0.009526
0.009526
0.009526
0.009526
0.009526
0.009526
0.009526
0.009526
0.009526
0.009526
0.009526
0.009526
0.009526
0.009526
0.009526
0.009526
0.009526
0.009526
0.009526
0.009526
0.009526
0.009526
0.009526
0.009526
0.009526
0.009526
0.009526
0.009526
0.009526
0.009526
0.009526
0.009526
0.009526
0.009526
0.009526
0.009526
0.009526
0.009526
0.009526
0.009526
0.009526
0.009526
0.009526
0.009526
0.009526
0.009526
0.009526
0.009526
0.009526
0.009526
0.009526
0.009526
0.009526
0.009526
0.009526
0.009526
0.009526
0.009526
0.009526
0.009526
0.009526
0.009526
0.009526
0.009526
0.009526
0.009526
0.009526
0.009526
0.009526
0.009526
0.009526
0.009526
0.009526
0.009526
0.009526
0.009526
0.009526
0.009526
0.009526
0.009526
0.009526
0.009526
0.009526
0.009526
0.009526
0.009526
0.009526
0.009526
0.009526
0.009526
0.009526
0.009526
0.009526
0.009526
0.009526
0.009526
0.009526
0.009526
0.009526
0.009526
0.009526
0.009526
0.009526
0.009526
0.009526
0.009526
0.009526
0.009526
0.009526
0.009526
0.009526
0.009526
0.009526
0.009526
0.009526
0.009526
0.009526
0.009526
0.009526
0.009526
0.009526
0.009526
0.009526
0.009526
0.009526
0.009526
0.009526
0.009526
0.009526
0.009526
0.009526
0.009526
0.009526
0.009526
0.009526
0.009526
0.009526
0.009526
0.009526
0.009526
0.009526
0.009526
0.009526
0.009526
0.009526
0.009526
0.009526
0.009526
0.009526
0.009526
0.009526
0.009526
0.009526
0.009526
0.009526
0.009526
0.009526
0.009526
0.009526
0.009526
0.009526
0.009526
0.009526
0.009526
0.009526
0.009526
0.009526
0.009526
0.009526
0.009526
0.009526
0.009526
0.009526
0.009526
0.009526
0.009526
0.009526
0.009526
0.009526
0.009526
0.009526
0.009526
0.009526
0.009526
0.009526
0.009526
0.009526
0.009526
0.009526
0.009526
0.009526
0.009526
0.009526
0.009526
0.009526
0.009526
0.009526
0.009526
0.009526
0.009526
0.009526
0.009526
0.009526
0.009526
0.009526
0.009526
0.009526
0.009526
0.009526
0.009526
0.009526
0.009526
0.009526
0.009526
0.009526
0.009526
0.009526
0.009526
0.009526
0.009526
0.009526
0.009526
0.009526
0.009526
0.009526
0.009526
0.009526
0.009526
0.009526
0.009526
0.009526
0.009526
0.009526
0.009526
0.009526
0.009526
0.009526
0.009526
0.009526
0.009526
0.009526
0.009526
0.009526
0.009526
0.009526
0.009526
0.009526
0.009526
0.009526
0.009526
0.009526
0.009526
0.009526
0.009526
0.009526
0.009526
0.009526
0.009526
0.009526
0.009526
0.009526
0.009526
0.009526
0.009526
0.009526
0.009526
0.009526
0.009526
0.009526
0.009526
0.009526
0.009526
0.009526
0.009526
0.009526
0.009526
0.009526
0.009526
0.009526
0.009526
0.009526
0.009526
0.009526
0.009526
0.009526
0.009526
0.009526
0.009526
0.009526
0.009526
0.009526
0.009526
0.009526
0.009526
0.009526
0.009526
0.009526
0.009526
0.009526
0.009526
0.009526
0.009526
0.009526
0.009526
0.009526
0.009526
0.009526
0.009526
0.009526
0.009526
0.009526
0.009526
0.009526
0.009526
0.009526
0.009526
0.009526
0.009526
0.009526
0.009526
0.009526
0.009526
0.009526
0.009526
0.009526
0.009526
0.009526
0.009526
0.009526
0.009526
0.009526
0.009526
0.009526
0.009526
0.009526
0.009526
0.009526
0.009526
0.009526
0.009526
0.009526
0.009526
0.009526
0.009526
0.009526
0.009526
0.009526
0.009526
0.009526
0.009526
0.009526
0.009526
0.009526
0.009526
0.009526
0.009526
0.009526
0.009526
0.009526
0.009526
0.009526
0.009526
0.009526
0.009526
0.009526
0.009526
0.009526
0.009526
0.009526
0.009526
0.009526
0.009526
0.009526
0.009526
0.009526
0.009526
0.009526
0.009526
0.009526
0.009526
0.009526
0.009526
0.009526
0.009526
0.009526
0.009526
0.009526
0.009526
0.009526
0.009526
0.009526
0.009526
0.009526
0.009526
0.009526
0.009526
0.009526
0.009526
0.009526
0.009526
0.009526
0.009526
0.009526
0.009526
0.009526
0.009526
0.009526
0.009526
0.009526
0.009526
0.009526
0.009526
0.009526
0.009526
0.009526
0.009526
0.009526
0.009526
0.009526
0.009526
0.009526
0.009526
0.009526
0.009526
0.009526
0.009526
0.009526
0.009526
0.009526
0.009526
0.009526
0.009526
0.009526
0.009526
0.009526
0.009526
0.009526
0.009526
0.009526
0.009526
0.009526
0.009526
0.009526
0.009526
0.009526
0.009526
0.009526
0.009526
0.009526
0.009526
0.009526
0.009526
0.009526
0.009526
0.009526
0.009526
0.009526
0.009526
0.009526
0.009526
0.009526
0.009526
0.009526
0.009526
0.009526
0.009526
0.009526
0.009526
0.009526
0.009526
0.009526
0.009526
0.009526
0.009526
0.009526
0.009526
0.009526
0.009526
0.009526
0.009526
0.009526
0.009526
0.009526
0.009526
0.009526
0.009526
0.009526
0.009526
0.009526
0.009526
0.009526
0.009526
0.009526
0.009526
0.009526
0.009526
0.009526
0.009526
0.009526
0.009526
0.009526
0.009526
0.009526
0.009526
0.009526
0.009526
0.009526
0.009526
0.009526
0.009526
0.009526
0.009526
0.009526
0.009526
0.009526
0.009526
0.009526
0.009526
0.009526
0.009526
0.009526
0.009526
0.009526
0.009526
0.009526
0.009526
0.009526
0.009526
0.009526
0.009526
0.009526
0.009526
0.009526
0.009526
0.009526
0.009526
0.009526
0.009526
0.009526
0.009526
0.009526
0.009526
0.009526
0.009526
0.009526
0.009526
0.009526
0.009526
0.009526
0.009526
0.009526
0.009526
0.009526
0.009526
0.009526
0.009526
0.009526
0.009526
0.009526
0.009526
0.009526
0.009526
0.009526
0.009526
0.009526
0.009526
0.009526
0.009526
0.009526
0.009526
0.009526
0.009526
0.009526
0.009526
0.009526
0.009526
0.009526
0.009526
0.009526
0.009526
0.009526
0.009526
0.009526
0.009526
0.009526
0.009526
0.009526
0.009526
0.009526
0.009526
0.009526
0.009526
0.009526
0.009526
0.009526
0.009526
0.009526
0.009526
0.009526
0.009526
0.009526
0.009526
0.009526
0.009526
0.009526
0.009526
0.009526
0.009526
0.009526
0.009526
0.009526
0.009526
0.009526
0.009526
0.009526
0.009526
0.009526
0.009526
0.009526
0.009526
0.009526
0.009526
0.009526
0.009526
0.009526
0.009526
0.009526
0.009526
0.009526
0.009526
0.009526
0.009526
0.009526
0.009526
0.009526
0.009526
0.009526
0.009526
0.009526
0.009526
0.009526
0.009526
0.009526
0.009526
0.009526
0.009526
0.009526
0.009526
0.009526
0.009526
0.009526
0.009526
0.009526
0.009526
0.009526
0.009526
0.009526
0.009526
0.009526
0.009526
0.009526
0.009526
0.009526
0.009526
0.009526
0.009526
0.009526
0.009526
0.009526
0.009526
0.009526
0.009526
0.009526
0.009526
0.009526
0.009526
0.009526
0.009526
0.009526
0.009526
0.009526
0.009526
0.009526
0.009526
0.009526
0.009526
0.009526
0.009526
0.009526
0.009526
0.009526
0.009526
0.009526
0.009526
0.009526
0.009526
0.009526
0.009526
0.009526
0.009526
0.009526
0.009526
0.009526
0.009526
0.009526
0.009526
0.009526
0.009526
0.009526
0.009526
0.009526
0.009526
0.009526
0.009526
0.009526
0.009526
0.009526
0.009526
0.009526
0.009526
0.009526
0.009526
0.009526
0.009526
0.009526
0.009526
0.009526
0.009526
0.009526
0.009526
0.009526
0.009526
0.009526
0.009526
0.009526
0.009526
0.009526
0.009526
0.009526
0.009526
0.009526
0.009526
0.009526
0.009526
0.009526
0.009526
0.009526
0.009526
0.009526
0.009526
0.009526
0.009526
0.009526
0.009526
0.009526
0.009526
0.009526
0.009526
0.009526
0.009526
0.009526
0.009526
0.009526
0.009526
0.009526
0.009526
0.009526
0.009526
0.009526
0.009526
0.009526
0.009526
0.009526
0.009526
0.009526
0.009526
0.009526
0.009526
0.009526
0.009526
0.009526
0.009526
0.009526
0.009526
0.009526
0.009526
0.009526
0.009526
0.009526
0.009526
0.009526
0.009526
0.009526
0.009526
0.009526
0.009526
0.009526
0.009526
0.009526
0.009526
0.009526
0.009526
0.009526
0.009526
0.009526
0.009526
0.009526
0.009526
0.009526
0.009526
0.009526
0.009526
0.009526
0.009526
0.009526
0.009526
0.009526
0.009526
0.009526
0.009526
0.009526
0.009526
0.009526
0.009526
0.009526
0.009526
0.009526
0.009526
0.009526
0.009526
0.009526
0.009526
0.009526
0.009526
0.009526
0.009526
0.009526
0.009526
0.009526
0.009526
0.009526
0.009526
0.009526
0.009526
0.009526
0.009526
0.009526
0.009526
0.009526
0.009526
0.009526
0.009526
0.009526
0.009526
0.009526
0.009526
0.009526
0.009526
0.009526
0.009526
0.009526
0.009526
0.009526
0.009526
0.009526
0.009526
0.009526
0.009526
0.009526
0.009526
0.009526
0.009526
0.009526
0.009526
0.009526
0.009526
0.009526
0.009526
0.009526
0.009526
0.009526
0.009526
0.009526
0.009526
0.009526
0.009526
0.009526
0.009526
0.009526
0.009526
0.009526
0.009526
0.009526
0.009526
0.009526
0.009526
0.009526
0.009526
0.009526
0.009526
0.009526
0.009526
0.009526
0.009526
0.009526
0.009526
0.009526
0.009526
0.009526
0.009526
0.009526
0.009526
0.009526
0.009526
0.009526
0.009526
0.009526
0.009526
0.009526
0.009526
0.009526
0.009526
0.009526
0.009526
0.009526
0.009526
0.009526
0.009526
0.009526
0.009526
0.009526
0.009526
0.009526
0.009526
0.009526
0.009526
0.009526
0.009526
0.009526
0.009526
0.009526
0.009526
0.009526
0.009526
0.009526
0.009526
0.009526
0.009526
0.009526
0.009526
0.009526
0.009526
0.009526
0.009526
0.009526
0.009526
0.009526
0.009526
0.009526
0.009526
0.009526
0.009526
0.009526
0.009526
0.009526
0.009526
0.009526
0.009526
0.009526
0.009526
0.009526
0.009526
0.009526
0.009526
0.009526
0.009526
0.009526
0.009526
0.009526
0.009526
0.009526
0.009526
0.009526
0.009526
0.009526
0.009526
0.009526
0.009526
0.009526
0.009526
0.009526
0.009526
0.009526
0.009526
0.009526
0.009526
0.009526
0.009526
0.009526
0.009526
0.009526
0.009526
0.009526
0.009526
0.009526
0.009526
0.009526
0.009526
0.009526
0.009526
0.009526
0.009526
0.009526
0.009526
0.009526
0.009526
0.009526
0.009526
0.009526
0.009526
0.009526
0.009526
0.009526
0.009526
0.009526
0.009526
0.009526
0.009526
0.009526
0.009526
0.009526
0.009526
0.009526
0.009526
0.009526
0.009526
0.009526
0.009526
0.009526
0.009526
0.009526
0.009526
0.009526
0.009526
0.009526
0.009526
0.009526
0.009526
0.009526
0.009526
0.009526
0.009526
0.009526
0.009526
0.009526
0.009526
0.009526
0.009526
0.009526
0.009526
0.009526
0.009526
0.009526
0.009526
0.009526
0.009526
0.009526
0.009526
0.009526
0.009526
0.009526
0.009526
0.009526
0.009526
0.009526
0.009526
0.009526
0.009526
0.009526
0.009526
0.009526
0.009526
0.009526
0.009526
0.009526
0.009526
0.009526
0.009526
0.009526
0.009526
0.009526
0.009526
0.009526
0.009526
0.009526
0.009526
0.009526
0.009526
0.009526
0.009526
0.009526
0.009526
0.009526
0.009526
0.009526
0.009526
0.009526
0.009526
0.009526
0.009526
0.009526
0.009526
0.009526
0.009526
0.009526
0.009526
0.009526
0.009526
0.009526
0.009526
0.009526
0.009526
0.009526
0.009526
0.009526
0.009526
0.009526
0.009526
0.009526
0.009526
0.009526
0.009526
0.009526
0.009526
0.009526
0.009526
0.009526
0.009526
0.009526
0.009526
0.009526
0.009526
0.009526
0.009526
0.009526
0.009526
0.009526
0.009526
0.009526
0.009526
0.009526
0.009526
0.009526
0.009526
0.009526
0.009526
0.009526
0.009526
0.009526
0.009526
0.009526
0.009526
0.009526
0.009526
0.009526
0.009526
0.009526
0.009526
0.009526
0.009526
0.009526
0.009526
0.009526
0.009526
0.009526
0.009526
0.009526
0.009526
0.009526
0.009526
0.009526
0.009526
0.009526
0.009526
0.009526
0.009526
0.009526
0.009526
0.009526
0.009526
0.009526
0.009526
0.009526
0.009526
0.009526
0.009526
0.009526
0.009526
0.009526
0.009526
0.009526
0.009526
0.009526
0.009526
0.009526
0.009526
0.009526
0.009526
0.009526
0.009526
0.009526
0.009526
0.009526
0.009526
0.009526
0.009526
0.009526
0.009526
0.009526
0.009526
0.009526
0.009526
0.009526
0.009526
0.009526
0.009526
0.009526
0.009526
0.009526
0.009526
0.009526
0.009526
0.009526
0.009526
0.009526
0.009526
0.009526
0.009526
0.009526
0.009526
0.009526
0.009526
0.009526
0.009526
0.009526
0.009526
0.009526
0.009526
0.009526
0.009526
0.009526
0.009526
0.009526
0.009526
0.009526
0.009526
0.009526
0.009526
0.009526
0.008842
2.657386
2.650710
2.644036
2.637365
2.630696
2.624030
2.617367
2.610705
2.604046
2.597389
2.590735
2.584083
2.577432
2.570784
2.564138
2.557494
2.550852
2.544212
2.537574
2.530937
2.524303
2.517670
2.511039
2.504409
2.497781
2.491155
2.484531
2.477908
2.471286
2.464666
2.458047
2.451430
2.444814
2.438200
2.431587
2.424975
2.418365
2.411755
2.405147
2.398540
2.391935
2.385330
2.378727
2.372125
2.365523
2.358923
2.352324
2.345726
2.339129
2.332533
2.325937
2.319343
2.312750
2.306157
2.299566
2.292975
2.286385
2.279796
2.273207
2.266620
2.260033
2.253447
2.246862
2.240277
2.233693
2.227110
2.220527
2.213945
2.207364
2.200784
2.194204
2.187624
2.181045
2.174467
2.167889
2.161312
2.154736
2.148160
2.141584
2.135009
2.128435
2.121861
2.115287
2.108721
2.102170
2.095630
2.089102
2.082586
2.076083
2.069592
2.063111
2.056641
2.050184
2.043745
2.037316
2.030896
2.024495
2.018103
2.011721
2.005348
1.998983
1.992628
1.986281
1.979942
1.973611
1.967289
1.960974
1.954666
1.948366
1.942074
1.935788
1.929510
1.923238
1.916973
1.910715
1.904463
1.898217
1.891978
1.885744
1.879517
1.873295
1.867079
1.860868
1.854663
1.848463
1.842268
1.836078
1.829894
1.823714
1.817538
1.811368
1.805202
1.799040
1.792883
1.786731
1.780582
1.774437
1.768296
1.762160
1.756027
1.749898
1.743772
1.737651
1.731533
1.725418
1.719306
1.713198
1.707093
1.700991
1.694893
1.688797
1.682704
1.676615
1.670527
1.664443
1.658362
1.652283
1.646207
1.640133
1.634062
1.627994
1.621927
1.615863
1.609802
1.603742
1.597685
1.591630
1.585577
1.579526
1.573477
1.567430
1.561385
1.555342
1.549301
1.543261
1.537224
1.531188
1.525153
1.519121
1.513090
1.507061
1.501033
1.495006
1.488982
1.482958
1.476936
1.470916
1.464897
1.458879
1.452862
1.446847
1.440833
1.434821
1.428809
1.422799
1.416789
1.410781
1.404775
1.398769
1.392764
1.386760
1.380757
1.374756
1.368755
1.362755
1.356756
1.350758
1.344761
1.338765
1.332769
1.326775
1.320781
1.314788
1.308796
1.302805
1.296815
1.290831
1.284855
1.278885
1.272921
1.266964
1.261014
1.255069
1.249131
1.243198
1.237272
1.231351
1.225436
1.219526
1.213622
1.207723
1.201829
1.195939
1.190055
1.184176
1.178301
1.172431
1.166565
1.160704
1.154847
1.148994
1.143146
1.137301
1.131461
1.125624
1.119791
1.113962
1.108137
1.102324
1.096522
1.090724
1.084930
1.079144
1.073368
1.067600
1.061844
1.056102
1.050374
1.044661
1.038962
1.033276
1.027602
1.021943
1.016302
1.010679
1.005074
0.999490
0.993932
0.988396
0.982882
0.977389
0.971921
0.966473
0.961045
0.955637
0.950251
0.944884
0.939535
0.934204
0.928898
0.923623
0.918375
0.913156
0.907968
0.902807
0.897674
0.892566
0.887485
0.882431
0.877401
0.872395
0.867413
0.862456
0.857522
0.852609
0.847718
0.842851
0.838004
0.833177
0.828369
0.823584
0.818818
0.814069
0.809339
0.804629
0.799936
0.795260
0.790600
0.785958
0.781333
0.776723
0.772129
0.767550
0.762987
0.758438
0.753903
0.749382
0.744876
0.740383
0.735902
0.731435
0.726981
0.722539
0.718109
0.713690
0.709284
0.704889
0.700505
0.696131
0.691769
0.687417
0.683075
0.678743
0.674421
0.670109
0.665805
0.661511
0.657226
0.652950
0.648682
0.644425
0.640183
0.635956
0.631742
0.627541
0.623354
0.619181
0.615019
0.610872
0.606743
0.602634
0.598541
0.594466
0.590409
0.586378
0.582369
0.578380
0.574412
0.570468
0.566543
0.562638
0.558752
0.554886
0.551039
0.547210
0.543399
0.539606
0.535831
0.532072
0.528329
0.524603
0.520894
0.517199
0.513519
0.509854
0.506205
0.502570
0.498948
0.495339
0.491745
0.488164
0.484600
0.481051
0.477516
0.473992
0.470480
0.466978
0.463489
0.460010
0.456541
0.453083
0.449635
0.446198
0.442769
0.439350
0.435941
0.432542
0.429150
0.425768
0.422394
0.419029
0.415672
0.412323
0.408981
0.405648
0.402322
0.399003
0.395692
0.392391
0.389102
0.385826
0.382563
0.379313
0.376077
0.372859
0.369658
0.366476
0.363319
0.360178
0.357052
0.353945
0.350860
0.347789
0.344733
0.341691
0.338664
0.335650
0.332649
0.329669
0.326703
0.323750
0.320813
0.317891
0.314982
0.312083
0.309195
0.306317
0.303451
0.300595
0.297749
0.294912
0.292085
0.289268
0.286460
0.283667
0.280893
0.278128
0.275371
0.272622
0.269880
0.267147
0.264421
0.261702
0.258990
0.256285
0.253587
0.250896
0.248211
0.245537
0.242875
0.240225
0.237586
0.234961
0.232346
0.229742
0.227149
0.224568
0.221997
0.219436
0.216885
0.214345
0.211814
0.209292
0.206780
0.204277
0.201782
0.199297
0.196819
0.194350
0.191890
0.189437
0.186992
0.184555
0.182125
0.179703
0.177288
0.174879
0.172478
0.170084
0.167695
0.165314
0.162939
0.160570
0.158206
0.155849
0.153498
0.151152
0.148812
0.146481
0.144169
0.141874
0.139596
0.137335
0.135098
0.132886
0.130705
0.128554
0.126431
0.124339
0.122277
0.120245
0.118244
0.116275
0.114338
0.112433
0.110555
0.108707
0.106885
0.105093
0.103328
0.101592
0.099878
0.098188
0.096520
0.094876
0.093255
0.091655
0.090075
0.088524
0.086999
0.085499
0.084024
0.082575
0.081151
0.079750
0.078372
0.077017
0.075686
0.074376
0.073087
0.071819
0.070573
0.069346
0.068139
0.066950
0.065782
0.064632
0.063499
0.062384
0.061287
0.060207
0.059143
0.058095
0.057064
0.056049
0.055048
0.054061
0.053090
0.052134
0.051191
0.050261
0.049345
0.048443
0.047553
0.046676
0.045811
0.044959
0.044123
0.043304
0.042502
0.041719
0.040952
0.040201
0.039464
0.038754
0.038058
0.037377
0.036709
0.036059
0.035429
0.034811
0.034207
0.033616
0.033038
0.032471
0.031917
0.031374
0.030844
0.030324
0.029815
0.029317
0.028830
0.028353
0.027886
0.027429
0.026982
0.026544
0.026115
0.025696
0.025286
0.024884
0.024491
0.024105
0.023729
0.023361
0.023000
0.022646
0.022300
0.021962
0.021631
0.021307
0.020989
0.020679
0.020375
0.020077
0.019786
0.019501
0.019222
0.018949
0.018682
0.018420
0.018165
0.017914
0.017669
0.017437
0.017210
0.016988
0.016771
0.016558
0.016350
0.016147
0.015947
0.015752
0.015561
0.015374
0.015191
0.015012
0.014837
0.014665
0.014497
0.014333
0.014172
0.014014
0.013860
0.013709
0.013562
0.013417
0.013276
0.013137
0.013002
0.012869
0.012739
0.012612
0.012488
0.012366
0.012247
0.012130
0.012016
0.011905
0.011795
0.011688
0.011583
0.011481
0.011385
0.011301
0.011222
0.011144
0.011067
0.010998
0.010934
0.010879
0.010825
0.010772
0.010721
0.010679
0.010638
0.010597
0.010558
0.010519
0.010481
0.010444
0.010408
0.010372
0.010337
0.010303
0.010270
0.010237
0.010205
0.010174
0.010143
0.010113
0.010084
0.010055
0.010033
0.010014
0.009995
0.009977
0.009959
0.009941
0.009924
0.009907
0.009891
0.009875
0.009859
0.009843
0.009828
0.009813
0.009799
0.009785
0.009771
0.009757
0.009744
0.009731
0.009718
0.009705
0.009693
0.009681
0.009669
0.009658
0.009647
0.009636
0.009625
0.009615
0.009604
0.009594
0.009584
0.009575
0.009565
0.009556
0.009547
0.009538
0.009529
0.009523
0.009523
0.009523
0.009523
0.009523
0.009523
0.009523
0.009523
0.009523
0.009523
0.009523
0.009523
0.009523
0.009523
0.009523
0.009523
0.009523
0.009523
0.009523
0.009523
0.009523
0.009523
0.009523
0.009523
0.009523
0.009523
0.009523
0.009523
0.009523
0.009523
0.009523
0.009523
0.009523
0.009523
0.009523
0.009523
0.009523
0.009523
0.009523
0.009523
0.009523
0.009523
0.009523
0.009523
0.009523
0.009523
0.009523
0.009523
0.009523
0.009523
0.009523
0.009523
0.009523
0.009523
0.009523
0.009523
0.009523
0.009523
0.009523
0.009523
0.009523
0.009523
0.009523
0.009523
0.009523
0.009523
0.009523
0.009523
0.009523
0.009523
0.009523
0.009523
0.009523
0.009523
0.009523
0.009523
0.009523
0.009523
0.009523
0.009523
0.009523
0.009523
0.009523
0.009523
0.009523
0.009523
0.009523
0.009523
0.009523
0.009523
0.009523
0.009523
0.009523
0.009523
0.009523
0.009523
0.009523
0.009523
0.009523
0.009523
0.009523
0.009523
0.009523
0.009523
0.009523
0.009523
0.009523
0.009523
0.009523
0.009523
0.009523
0.009523
0.009523
0.009523
0.009523
0.009523
0.009523
0.009523
0.009523
0.009523
0.009523
0.009523
0.009523
0.009523
0.009523
0.009523
0.009523
0.009523
0.009523
0.009523
0.009523
0.009523
0.009523
0.009523
0.009523
0.009523
0.009523
0.009523
0.009523
0.009523
0.009523
0.009523
0.009523
0.009523
0.009523
0.009523
0.009523
0.009523
0.009523
0.009523
0.009523
0.009523
0.009523
0.009523
0.009523
0.009523
0.009523
0.009523
0.009523
0.009523
0.009523
0.009523
0.009523
0.009523
0.009523
0.009523
0.009523
0.009523
0.009523
0.009523
0.009523
0.009523
0.009523
0.009523
0.009523
0.009523
0.009523
0.009523
0.009523
0.009523
0.009523
0.009523
0.009523
0.009523
0.009523
0.009523
0.009523
0.009523
0.009523
0.009523
0.009523
0.009523
0.009523
0.009523
0.009523
0.009523
0.009523
0.009523
0.009523
0.009523
0.009523
0.009523
0.009523
0.009523
0.009523
0.009523
0.009523
0.009523
0.009523
0.009523
0.009523
0.009523
0.009523
0.009523
0.009523
0.009523
0.009523
0.009523
0.009523
0.009523
0.009523
0.009523
0.009523
0.009523
0.009523
0.009523
0.009523
0.009523
0.009523
0.009523
0.009523
0.009523
0.009523
0.009523
0.009523
0.009523
0.009523
0.009523
0.009523
0.009523
0.009523
0.009523
0.009523
0.009523
0.009523
0.009523
0.009523
0.009523
0.009523
0.009523
0.009523
0.009523
0.009523
0.009523
0.009523
0.009523
0.009523
0.009523
0.009523
0.009523
0.009523
0.009523
0.009523
0.009523
0.009523
0.009523
0.009523
0.009523
0.009523
0.009523
0.009523
0.009523
0.009523
0.009523
0.009523
0.009523
0.009523
0.009523
0.009523
0.009523
0.009523
0.009523
0.009523
0.009523
0.009523
0.009523
0.009523
0.009523
0.009523
0.009523
0.009523
0.009523
0.009523
0.009523
0.009523
0.009523
0.009523
0.009523
0.009523
0.009523
0.009523
0.009523
0.009523
0.009523
0.009523
0.009523
0.009523
0.009523
0.009523
0.009523
0.009523
0.009523
0.009523
0.009523
0.009523
0.009523
0.009523
0.009523
0.009523
0.009523
0.009523
0.009523
0.009523
0.009523
0.009523
0.009523
0.009523
0.009523
0.009523
0.009523
0.009523
0.009523
0.009523
0.009523
0.009523
0.009523
0.009523
0.009523
0.009523
0.009523
0.009523
0.009523
0.009523
0.009523
0.009523
0.009523
0.009523
0.009523
0.009523
0.009523
0.009523
0.009523
0.009523
0.009523
0.009523
0.009523
0.009523
0.009523
0.009523
0.009523
0.009523
0.009523
0.009523
0.009523
0.009523
0.009523
0.009523
0.009523
0.009523
0.009523
0.009523
0.009523
0.009523
0.009523
0.009523
0.009523
0.009523
0.009523
0.009523
0.009523
0.009523
0.009523
0.009523
0.009523
0.009523
0.009523
0.009523
0.009523
0.009523
0.009523
0.009523
0.009523
0.009523
0.009523
0.009523
0.009523
0.009523
0.009523
0.009523
0.009523
0.009523
0.009523
0.009523
0.009523
0.009523
0.009523
0.009523
0.009523
0.009523
0.009523
0.009523
0.009523
0.009523
0.009523
0.009523
0.009523
0.009523
0.009523
0.009523
0.009523
0.009523
0.009523
0.009523
0.009523
0.009523
0.009523
0.009523
0.009523
0.009523
0.009523
0.009523
0.009523
0.009523
0.009523
0.009523
0.009523
0.009523
0.009523
0.009523
0.009523
0.009523
0.009523
0.009523
0.009523
0.009523
0.009523
0.009523
0.009523
0.009523
0.009523
0.009523
0.009523
0.009523
0.009523
0.009523
0.009523
0.009523
0.009523
0.009523
0.009523
0.009523
0.009523
0.009523
0.009523
0.009523
0.009523
0.009523
0.009523
