0.293333
0.293333
0.293333
0.293333
0.293333
0.293333
0.293333
0.293333
0.293333
0.293333
0.293333
0.293333
0.293333
0.293333
0.293333
0.293333
0.293333
0.293333
0.293333
0.293333
0.293333
0.293333
0.293333
0.293267
0.292956
0.292023
0.290447
0.288094
0.285076
0.281729
0.278516
0.275459
0.272625
0.269817
0.267277
0.264672
0.262090
0.259486
0.256687
0.253778
0.250826
0.247715
0.244978
0.242465
0.240038
0.237972
0.235823
0.233796
0.231795
0.229585
0.227448
0.225266
0.223222
0.221455
0.219931
0.218543
0.217322
0.215791
0.214089
0.212445
0.210682
0.208754
0.206660
0.204649
0.202305
0.200268
0.198153
0.196132
0.194184
0.192312
0.190243
0.188182
0.186291
0.184478
0.182451
0.180550
0.178442
0.176449
0.174293
0.172322
0.170319
0.168408
0.166589
0.164867
0.163097
0.161600
0.160044
0.158353
0.156690
0.155062
0.153450
0.151808
0.150143
0.148259
0.146501
0.144669
0.142756
0.141025
0.139325
0.137662
0.136170
0.134548
0.132904
0.131197
0.129560
0.127885
0.126223
0.124687
0.122954
0.121416
0.119877
0.118357
0.116729
0.115306
0.113717
0.112338
0.110708
0.109272
0.107885
0.106540
0.105147
0.103820
0.102404
0.101099
0.099789
0.098353
0.097170
0.095843
0.094548
0.093398
0.092142
0.090917
0.089747
0.088582
0.087485
0.086350
0.085133
0.084074
0.082965
0.081850
0.080754
0.079666
0.078740
0.077705
0.076560
0.075636
0.074585
0.073604
0.072779
0.071824
0.070823
0.069931
0.069030
0.068074
0.067198
0.066368
0.065396
0.064618
0.063759
0.062867
0.062028
0.061223
0.060533
0.059645
0.058932
0.058092
0.057324
0.056587
0.055909
0.055075
0.054396
0.053715
0.052983
0.052222
0.051671
0.050903
0.050292
0.049624
0.048968
0.048365
0.047637
0.047099
0.046481
0.045818
0.045278
0.044684
0.044102
0.043509
0.042967
0.042407
0.041819
0.041303
0.040733
0.040188
0.039680
0.039180
0.038608
0.038139
0.037595
0.037214
0.342586
0.342104
0.341793
0.341380
0.341148
0.340715
0.340363
0.340031
0.339652
0.339370
0.339046
0.338691
0.338339
0.338051
0.337722
0.337453
0.337169
0.336797
0.336533
0.336245
0.335945
0.335664
0.335343
0.335121
0.334857
0.334575
0.334262
0.334038
0.333857
0.333591
0.333231
0.333027
0.332819
0.332506
0.332238
0.332079
0.331794
0.331515
0.331409
0.331189
0.330876
0.330704
0.330512
0.330259
0.330141
0.329788
0.329670
0.329470
0.329290
0.329057
0.161589
0.161404
0.161178
0.161048
0.160895
0.160586
0.160501
0.160362
0.160253
0.159942
0.159734
0.159509
0.159295
0.159178
0.159011
0.158735
0.158562
0.158446
0.158330
0.158189
0.158172
0.158488
0.158962
0.159640
0.160395
0.161014
0.161357
0.161419
0.161132
0.160372
0.159408
0.158314
0.157275
0.156196
0.155314
0.154407
0.153596
0.152810
0.151912
0.151009
0.150068
0.149075
0.148108
0.147043
0.146120
0.145110
0.144232
0.143302
0.142328
0.141454
0.140441
0.139588
0.138667
0.137608
0.136748
0.135910
0.134812
0.133993
0.133135
0.132123
0.131264
0.130359
0.129349
0.128513
0.127611
0.126625
0.125855
0.124980
0.123988
0.123151
0.122272
0.121414
0.120538
0.119597
0.118810
0.117851
0.117059
0.116176
0.115319
0.114489
0.113628
0.112817
0.111902
0.111042
0.110273
0.109451
0.108548
0.107659
0.106902
0.106200
0.105344
0.104520
0.103599
0.102886
0.102133
0.101282
0.100490
0.099661
0.098956
0.098132
0.097342
0.096607
0.095846
0.095079
0.094277
0.093516
0.092859
0.092074
0.091338
0.090615
0.089781
0.089087
0.088395
0.087613
0.086895
0.086157
0.085389
0.084673
0.084046
0.083308
0.082564
0.081889
0.081085
0.080413
0.079698
0.079048
0.078370
0.077632
0.077027
0.076267
0.075614
0.074987
0.074315
0.073707
0.072991
0.072393
0.071744
0.071072
0.070400
0.069771
0.069143
0.068516
0.067874
0.067202
0.066550
0.065901
0.065281
0.064587
0.064001
0.063330
0.062732
0.062083
0.061431
0.060845
0.060206
0.059598
0.058990
0.058328
0.057721
0.057091
0.056474
0.055866
0.055224
0.054661
0.054033
0.053435
0.052850
0.052252
0.051689
0.051114
0.050573
0.050012
0.049459
0.048918
0.048364
0.047846
0.047315
0.046818
0.046310
0.045791
0.045304
0.044786
0.044321
0.043824
0.043380
0.042906
0.042464
0.042022
0.041570
0.041128
0.040675
0.040233
0.039846
0.039448
0.039005
0.038576
0.038156
0.037768
0.037393
0.037017
0.036610
0.036254
0.035879
0.035493
0.035118
0.034775
0.034421
0.034090
0.033725
0.033416
0.033063
0.032719
0.032411
0.032080
0.031781
0.031428
0.031139
0.030852
0.030511
0.030245
0.029958
0.029659
0.029372
0.029106
0.028819
0.028520
0.028234
0.027969
0.027725
0.027451
0.027229
0.026942
0.026698
0.026446
0.026201
0.025979
0.025759
0.025505
0.025263
0.025040
0.024798
0.024610
0.024368
0.024168
0.023946
0.023748
0.023516
0.023318
0.023096
0.022918
0.022743
0.022511
0.022335
0.022135
0.021958
0.021760
0.021605
0.021439
0.021197
0.021064
0.020886
0.020733
0.020545
0.020345
0.020192
0.020036
0.019902
0.019727
0.019594
0.019450
0.019297
0.019164
0.019008
0.018875
0.018722
0.018588
0.018445
0.018292
0.018159
0.018025
0.017892
0.017739
0.017605
0.017462
0.017329
0.017198
0.017087
0.016976
0.016887
0.016734
0.016600
0.016489
0.016390
0.016279
0.016148
0.016059
0.015970
0.015859
0.015728
0.015617
0.015528
0.015430
0.015341
0.015232
0.015121
0.015054
0.014965
0.014854
0.014765
0.014678
0.014567
0.014478
0.014402
0.014313
0.014246
0.014137
0.014048
0.013959
0.013893
0.013826
0.013737
0.013673
0.013584
0.013540
0.013451
0.013396
0.013308
0.013241
0.013154
0.013088
0.013021
0.012954
0.012888
0.012821
0.012754
0.012688
0.012601
0.012557
0.012512
0.012446
0.012391
0.012302
0.012258
0.012169
0.012147
0.012080
0.012036
0.012014
0.011925
0.011880
0.011836
0.011769
0.011725
0.011680
0.011636
0.011591
0.011547
0.011503
0.011458
0.011414
0.011347
0.011325
0.011280
0.011214
0.011191
0.011147
0.011080
0.011058
0.011058
0.010991
0.010947
0.010925
0.010880
0.010836
0.010792
0.010792
0.010725
0.010680
0.010658
0.010614
0.010592
0.010547
0.010525
0.010480
0.010480
0.010458
0.010369
0.010369
0.010347
0.010324
0.010258
0.010235
0.010213
0.010213
0.010191
0.010124
0.010102
0.010080
0.010080
0.010035
0.009991
0.009969
0.009947
0.009947
0.009902
0.009858
0.009835
0.009813
0.009813
0.009791
0.009769
0.009724
0.009702
0.009680
0.009658
0.009658
0.009635
0.009591
0.009569
0.009547
0.009524
0.009524
0.009524
0.009502
0.009458
0.009435
0.009391
0.009391
0.009391
0.009391
0.009391
0.009391
0.009391
0.009369
0.009369
0.009369
0.009369
0.009369
0.009369
0.009369
0.009369
0.009369
0.009369
0.009369
0.009369
0.009369
0.009369
0.009369
0.009369
0.009369
0.009369
0.009369
0.009369
0.009369
0.009369
0.009369
0.009369
0.009369
0.009369
0.009369
0.009369
0.009369
0.009369
0.009369
0.009369
0.009369
0.009369
0.009369
0.009369
0.009369
0.009369
0.009369
0.009369
0.009369
0.009369
0.009369
0.009369
0.009369
0.009369
0.009369
0.009369
0.009369
0.009369
0.009369
0.009369
0.009369
0.009369
0.009369
0.009369
0.009369
0.009369
0.009369
0.009369
0.009369
0.009369
0.009369
0.009369
0.009369
0.009369
0.009369
0.009369
0.009369
0.009369
0.009369
0.009369
0.009369
0.009369
0.009369
0.009369
0.009369
0.009369
0.009369
0.009369
0.009369
0.009369
0.009369
0.009369
0.009369
0.009369
0.009369
0.009369
0.009369
0.009369
0.009369
0.009369
0.009369
0.009369
0.009369
0.009369
0.009369
0.009369
0.009369
0.009369
0.009369
0.009369
0.009369
0.009369
0.009369
0.009369
0.009369
0.009369
0.009369
0.009369
0.009369
0.009369
0.009369
0.009369
0.009369
0.009369
0.009369
0.009369
0.009369
0.009369
0.009369
0.009369
0.009369
0.009369
0.009369
0.009369
0.009369
0.009369
0.009369
0.009369
0.009369
0.009369
0.009369
0.009369
0.009369
0.009369
0.009369
0.009369
0.009369
0.009369
0.009369
0.009369
0.009369
0.009369
0.009369
0.009369
0.009369
0.009369
0.009369
0.009369
0.009369
0.009369
0.009369
0.009369
0.009369
0.009369
0.009369
0.009369
0.009369
0.009369
0.009369
0.009369
0.009369
0.009369
0.009369
0.009369
0.009369
0.009369
0.009369
0.009369
0.009369
0.009369
0.009369
0.009369
0.009369
0.009369
0.009369
0.009369
0.009369
0.009369
0.009369
0.009369
0.009369
0.009369
0.009369
0.009369
0.009369
0.009369
0.009369
0.009369
0.009369
0.009369
0.009369
0.009369
0.009369
0.009369
0.009369
0.009369
0.009369
0.009369
0.009369
0.009369
0.009369
0.009369
0.009369
0.009369
0.009369
0.009369
0.009369
0.009369
0.009369
0.009369
0.009369
0.009369
0.009369
0.009369
0.009369
0.009369
0.009369
0.009369
0.009369
0.009369
0.009369
0.009369
0.009369
0.009369
0.009369
0.009369
0.009369
0.009369
0.009369
0.009369
0.009369
0.009369
0.009369
0.009369
0.009369
0.009369
0.009369
0.009369
0.009369
0.009369
0.009369
0.009369
0.009369
0.009369
0.009369
0.009369
0.009369
0.009369
0.009369
0.009369
0.009369
0.009369
0.009369
0.009369
0.009369
0.009369
0.009369
0.009369
0.009369
0.009369
0.009369
0.009369
0.009369
0.009369
0.009369
0.009369
0.009369
0.009369
0.009369
0.009369
0.009369
0.009369
0.009369
0.009369
0.009369
0.009369
0.009369
0.009369
0.009369
0.009369
0.009369
0.009369
0.009369
0.009369
0.009369
0.009369
0.009369
0.009369
0.009369
0.009369
0.009369
0.009369
0.009369
0.009369
0.009369
0.009369
0.009369
0.009369
0.009369
0.009369
0.009369
0.009369
0.009369
0.009369
0.009369
0.009369
0.009369
0.009369
0.009369
0.009369
0.009369
0.009369
0.009369
0.009369
0.009369
