0.293333
0.293333
0.293333
0.293333
0.293333
0.293333
0.293333
0.293333
0.293333
0.293333
0.293333
0.293333
0.293333
0.293333
0.293333
0.293333
0.293333
0.293333
0.293333
0.293333
0.293333
0.293333
0.293333
0.293267
0.292956
0.292023
0.290447
0.288094
0.285076
0.281729
0.278516
0.275459
0.272625
0.269817
0.267277
0.264672
0.262090
0.259486
0.256687
0.253778
0.250826
0.247715
0.244978
0.242465
0.240038
0.237972
0.235823
0.233796
0.231795
0.229585
0.227448
0.225266
0.223222
0.221455
0.219931
0.218543
0.217322
0.215791
0.214089
0.212445
0.210682
0.208754
0.206660
0.204649
0.202305
0.200268
0.198153
0.196132
0.194184
0.192312
0.190243
0.188182
0.186291
0.184478
0.182451
0.180550
0.178442
0.176449
0.174293
0.172322
0.170319
0.168408
0.166589
0.164867
0.163097
0.161600
0.160044
0.158353
0.156690
0.155062
0.153450
0.151808
0.150143
0.148259
0.146501
0.144669
0.142756
0.141025
0.139325
0.137662
0.136170
0.134548
0.132904
0.131197
0.129560
0.127885
0.126223
0.124687
0.122954
0.121416
0.119877
0.118357
0.116729
0.115306
0.113717
0.112338
0.110708
0.109272
0.107885
0.106540
0.105147
0.103820
0.102404
0.101099
0.099789
0.098353
0.097170
0.095843
0.094548
0.093398
0.092142
0.090917
0.089747
0.088582
0.087485
0.086350
0.085133
0.084074
0.082965
0.081850
0.080754
0.079666
0.078740
0.077705
0.076560
0.075636
0.074585
0.073604
0.072779
0.071824
0.070823
0.069931
0.069030
0.068074
0.067198
0.066368
0.065396
0.064618
0.063759
0.062867
0.062028
0.061223
0.060533
0.059645
0.058932
0.058092
0.057324
0.056587
0.055909
0.055075
0.054396
0.053715
0.052983
0.052222
0.051671
0.050903
0.050292
0.049624
0.048968
0.048365
0.047637
0.047099
0.046481
0.045818
0.045278
0.044684
0.044102
0.043509
0.042967
0.042407
0.041819
0.041303
0.040733
0.040188
0.039680
0.039180
0.038608
0.038139
0.037595
0.037214
0.419194
0.418769
0.418481
0.418123
0.417957
0.417523
0.417310
0.416999
0.416738
0.416455
0.416181
0.415936
0.415557
0.415314
0.415104
0.414795
0.414671
0.414525
0.414366
0.414104
0.414020
0.413809
0.413528
0.413420
0.413272
0.413051
0.412739
0.412802
0.412597
0.412408
0.412328
0.412250
0.411982
0.411894
0.411766
0.411669
0.411490
0.411313
0.411289
0.411243
0.411018
0.410935
0.410862
0.410801
0.410733
0.410479
0.410425
0.410425
0.410355
0.410180
0.178931
0.178902
0.178828
0.178755
0.178707
0.178575
0.178557
0.178526
0.178470
0.178303
0.178321
0.178233
0.178181
0.178138
0.178141
0.178058
0.177939
0.177877
0.177817
0.177820
0.177635
0.177538
0.177394
0.177134
0.176624
0.175880
0.175029
0.174263
0.173511
0.172604
0.171862
0.171059
0.170242
0.169331
0.168500
0.167542
0.166659
0.165849
0.164874
0.164075
0.163215
0.162318
0.161469
0.160654
0.159835
0.159009
0.158173
0.157275
0.156426
0.155674
0.154825
0.154071
0.153213
0.152445
0.151614
0.150734
0.149949
0.149165
0.148375
0.147520
0.146691
0.145969
0.145138
0.144369
0.143588
0.142772
0.141989
0.141211
0.140396
0.139585
0.138743
0.137988
0.137211
0.136474
0.135692
0.134875
0.134082
0.133348
0.132608
0.131813
0.130952
0.130268
0.129491
0.128784
0.127939
0.127118
0.126383
0.125633
0.124907
0.124104
0.123284
0.122591
0.121806
0.121085
0.120318
0.119519
0.118776
0.117978
0.117274
0.116449
0.115741
0.115007
0.114201
0.113448
0.112696
0.111929
0.111189
0.110458
0.109734
0.108919
0.108178
0.107422
0.106732
0.105993
0.105253
0.104522
0.103732
0.102991
0.102245
0.101504
0.100859
0.100118
0.099415
0.098661
0.097917
0.097166
0.096429
0.095688
0.095031
0.094277
0.093558
0.092791
0.092070
0.091362
0.090626
0.089949
0.089208
0.088472
0.087776
0.087039
0.086330
0.085620
0.084898
0.084202
0.083443
0.082775
0.082053
0.081332
0.080614
0.079887
0.079191
0.078469
0.077748
0.077052
0.076316
0.075639
0.074898
0.074199
0.073478
0.072770
0.072071
0.071372
0.070673
0.069952
0.069274
0.068542
0.067842
0.067143
0.066425
0.065748
0.065092
0.064437
0.063741
0.063108
0.062431
0.061801
0.061147
0.060547
0.059889
0.059279
0.058669
0.058081
0.057471
0.056885
0.056264
0.055720
0.055132
0.054569
0.054025
0.053415
0.052916
0.052383
0.051820
0.051295
0.050774
0.050275
0.049754
0.049254
0.048755
0.048234
0.047755
0.047215
0.046782
0.046305
0.045806
0.045373
0.044896
0.044400
0.043989
0.043501
0.043091
0.042614
0.042242
0.041790
0.041335
0.040947
0.040536
0.040104
0.039693
0.039308
0.038865
0.038476
0.038066
0.037700
0.037312
0.036946
0.036560
0.036172
0.035784
0.035438
0.035126
0.034760
0.034372
0.034040
0.033654
0.033310
0.032965
0.032643
0.032340
0.032004
0.031638
0.031403
0.031040
0.030704
0.030469
0.030103
0.029833
0.029554
0.029284
0.029005
0.028693
0.028414
0.028144
0.027865
0.027660
0.027380
0.027111
0.026853
0.026606
0.026359
0.026121
0.025874
0.025649
0.025390
0.025164
0.024981
0.024724
0.024519
0.024250
0.024044
0.023841
0.023649
0.023443
0.023196
0.023013
0.022808
0.022603
0.022416
0.022214
0.022031
0.021838
0.021655
0.021472
0.021289
0.021083
0.020945
0.020794
0.020633
0.020492
0.020309
0.020104
0.019965
0.019782
0.019641
0.019458
0.019342
0.019169
0.019050
0.018889
0.018729
0.018610
0.018459
0.018340
0.018180
0.018061
0.017900
0.017791
0.017653
0.017534
0.017405
0.017287
0.017168
0.017029
0.016921
0.016782
0.016686
0.016577
0.016458
0.016352
0.016233
0.016114
0.016006
0.015911
0.015803
0.015706
0.015610
0.015523
0.015382
0.015318
0.015179
0.015115
0.014996
0.014910
0.014813
0.014727
0.014630
0.014588
0.014447
0.014405
0.014286
0.014244
0.014103
0.014061
0.013985
0.013898
0.013824
0.013715
0.013685
0.013554
0.013512
0.013458
0.013349
0.013319
0.013210
0.013146
0.013114
0.013005
0.012953
0.012889
0.012822
0.012770
0.012684
0.012619
0.012587
0.012501
0.012436
0.012404
0.012318
0.012253
0.012221
0.012179
0.012070
0.012038
0.011996
0.011952
0.011855
0.011835
0.011791
0.011726
0.011672
0.011630
0.011608
0.011511
0.011469
0.011447
0.011405
0.011328
0.011286
0.011264
0.011222
0.011167
0.011103
0.011081
0.011039
0.011007
0.010962
0.010920
0.010876
0.010856
0.010801
0.010737
0.010737
0.010693
0.010673
0.010641
0.010554
0.010554
0.010510
0.010490
0.010480
0.010393
0.010371
0.010349
0.010307
0.010297
0.010275
0.010210
0.010188
0.010144
0.010124
0.010114
0.010114
0.010027
0.010005
0.009983
0.009941
0.009931
0.009931
0.009911
0.009844
0.009822
0.009800
0.009758
0.009748
0.009748
0.009728
0.009728
0.009728
0.009728
0.009708
0.009708
0.009698
0.009698
0.009678
0.009678
0.009678
0.009678
0.009658
0.009636
0.009626
0.009626
0.009626
0.009628
0.009628
0.009628
0.009628
0.009586
0.009586
0.009586
0.009577
0.009577
0.009557
0.009557
0.009557
0.009557
0.009557
0.009557
0.009537
0.009537
0.009537
0.009527
0.009527
0.009527
0.009507
0.009507
0.009507
0.009507
0.009507
0.009507
0.009487
0.009487
0.009487
0.009477
0.009477
0.009477
0.009477
0.009457
0.009457
0.009457
0.009457
0.009457
0.009457
0.009457
0.009457
0.009437
0.009437
0.009437
0.009437
0.009428
0.009428
0.009428
0.009428
0.009428
0.009428
0.009428
0.009428
0.009428
0.009428
0.009428
0.009428
0.009428
0.009428
0.009428
0.009428
0.009428
0.009428
0.009428
0.009428
0.009428
0.009428
0.009428
0.009428
0.009428
0.009428
0.009428
0.009428
0.009428
0.009428
0.009428
0.009428
0.009428
0.009428
0.009428
0.009428
0.009428
0.009428
0.009428
0.009428
0.009428
0.009428
0.009428
0.009428
0.009428
0.009428
0.009428
0.009428
0.009428
0.009428
0.009428
0.009428
0.009428
0.009428
0.009428
0.009428
0.009428
0.009428
0.009428
0.009428
0.009428
0.009428
0.009428
0.009428
0.009428
0.009428
0.009428
0.009428
0.009428
0.009428
0.009428
0.009428
0.009428
0.009428
0.009428
0.009428
0.009428
0.009428
0.009428
0.009428
0.009428
0.009428
0.009428
0.009428
0.009428
0.009428
0.009428
0.009428
0.009428
0.009428
0.009428
0.009428
0.009428
0.009428
0.009428
0.009428
0.009428
0.009428
0.009428
0.009428
0.009428
0.009428
0.009428
0.009428
0.009428
0.009428
0.009428
0.009428
0.009428
0.009428
0.009428
0.009428
0.009428
0.009428
0.009428
0.009428
0.009428
0.009428
0.009428
0.009428
0.009428
0.009428
0.009428
0.009428
0.009428
0.009428
0.009428
0.009428
0.009428
0.009428
0.009428
0.009428
0.009428
0.009428
0.009428
0.009428
0.009428
0.009428
0.009428
0.009428
0.009428
0.009428
0.009428
0.009428
0.009428
0.009428
0.009428
0.009428
0.009428
0.009428
0.009428
0.009428
0.009428
0.009428
0.009428
0.009428
0.009428
0.009428
0.009428
0.009428
0.009428
0.009428
0.009428
0.009428
0.009428
0.009428
0.009428
0.009428
0.009428
0.009428
0.009428
0.009428
0.009428
0.009428
0.009428
0.009428
0.009428
0.009428
0.009428
0.009428
0.009428
0.009428
0.009428
0.009428
0.009428
0.009428
0.009428
0.009428
0.009428
0.009428
0.009428
0.009428
0.009428
0.009428
0.009428
0.009428
0.009428
0.009428
0.009428
0.009428
0.009428
0.009428
0.009428
0.009428
0.009428
0.009428
0.009428
0.009428
0.009428
0.009428
0.009428
0.009428
0.009428
0.009428
0.009428
0.009428
0.009428
0.009428
0.009428
0.009428
0.009428
0.009428
0.009428
0.009428
0.009428
0.009428
0.009428
0.009428
0.009428
0.009428
0.009428
0.009428
0.009428
0.009428
0.009428
0.009428
0.009428
0.009428
0.009428
0.009428
0.009428
0.009428
0.009428
0.009428
0.009428
0.009428
0.009428
0.009428
0.009428
0.009428
0.009428
0.009428
