0.782114
0.782114
0.782114
0.782114
0.782114
0.782114
0.782114
0.782114
0.782114
0.782114
0.782114
0.782114
0.782114
0.782114
0.782114
0.782114
0.782114
0.782114
0.782114
0.782114
0.782114
0.782114
0.782098
0.782043
0.782092
0.782144
0.782238
0.782282
0.782169
0.781522
0.780379
0.778847
0.776885
0.774404
0.771990
0.769520
0.767324
0.765067
0.763072
0.761019
0.758577
0.756018
0.753000
0.749681
0.746329
0.743001
0.739713
0.736800
0.734538
0.732787
0.731827
0.731504
0.731895
0.732462
0.733015
0.733331
0.733062
0.732128
0.730572
0.729060
0.727017
0.724913
0.722381
0.719454
0.716439
0.713314
0.710159
0.707064
0.704051
0.701102
0.698203
0.695265
0.692321
0.689477
0.686373
0.683313
0.680165
0.677182
0.674359
0.671748
0.669332
0.667257
0.665753
0.664657
0.663639
0.662495
0.660855
0.658591
0.655658
0.652504
0.649154
0.645882
0.643034
0.640618
0.638401
0.636284
0.633839
0.631399
0.628683
0.625622
0.622316
0.618686
0.614963
0.611265
0.607428
0.603851
0.600215
0.596740
0.593368
0.589716
0.586255
0.582558
0.578961
0.575308
0.571783
0.568113
0.564421
0.560992
0.557359
0.553798
0.550252
0.546641
0.543007
0.539471
0.535827
0.532320
0.528700
0.525089
0.521551
0.517969
0.514240
0.510803
0.507112
0.503641
0.500092
0.496557
0.492894
0.489443
0.485956
0.482354
0.478938
0.475327
0.471855
0.468353
0.465053
0.461640
0.458102
0.454733
0.451253
0.447927
0.444561
0.441187
0.437990
0.434639
0.431344
0.428094
0.424731
0.421600
0.418451
0.415201
0.411937
0.408785
0.405678
0.402584
0.399413
0.396325
0.393232
0.390103
0.387073
0.384112
0.381052
0.378094
0.374894
0.372086
0.369112
0.366004
0.363109
0.360245
0.357343
0.354436
0.351577
0.348611
0.345854
0.343027
0.340177
0.337363
0.334556
0.331853
0.329135
0.326303
0.323606
0.320909
0.318213
0.315569
0.312915
0.310174
0.307607
0.304938
0.302184
0.299692
0.297167
0.294466
0.292113
0.289441
0.286923
0.284410
0.281951
0.279353
0.276961
0.274453
0.272005
0.269402
0.267100
0.264670
0.262346
0.259888
0.257411
0.255142
0.252714
0.250355
0.248279
0.245839
0.243559
0.241226
0.238983
0.236730
0.234529
0.232210
0.230088
0.227908
0.225757
0.223672
0.221427
0.219267
0.217214
0.215076
0.212995
0.210941
0.208972
0.206830
0.204807
0.202834
0.200845
0.198711
0.196850
0.194699
0.192857
0.190993
0.188984
0.187030
0.185188
0.183399
0.181425
0.179544
0.177713
0.175864
0.174107
0.172264
0.170506
0.168754
0.167039
0.165325
0.163527
0.161890
0.160252
0.158541
0.156852
0.155225
0.153741
0.152054
0.150472
0.148990
0.147337
0.145831
0.144343
0.142828
0.141291
0.139816
0.138482
0.136928
0.135508
0.134217
0.132834
0.131367
0.130059
0.128665
0.127284
0.125994
0.124649
0.123385
0.121910
0.120832
0.119380
0.118297
0.116852
0.115737
0.114359
0.113286
0.112111
0.110872
0.109602
0.108574
0.107435
0.106118
0.104960
0.103896
0.102766
0.101701
0.100440
0.099418
0.098345
0.097322
0.096311
0.095155
0.094085
0.093159
0.092036
0.091009
0.089901
0.089142
0.088126
0.087063
0.086090
0.085128
0.084126
0.083196
0.082330
0.081374
0.080457
0.079545
0.078604
0.077744
0.076942
0.076000
0.075133
0.074314
0.073458
0.072700
0.071886
0.071121
0.070213
0.069349
0.068585
0.067806
0.067017
0.066374
0.065595
0.064814
0.064031
0.063372
0.062594
0.061767
0.061106
0.060488
0.059799
0.058991
0.058467
0.057754
0.057094
0.056485
0.055741
0.055133
0.054473
0.053960
0.053261
0.052594
0.052086
0.051501
0.050909
0.050281
0.049555
0.049092
0.048541
0.047983
0.047314
0.046776
0.046299
0.045698
0.045216
0.044615
0.044078
0.043490
0.043062
0.042567
0.042024
0.041425
0.040936
0.040410
0.039938
0.039470
0.039042
0.038381
0.037954
0.037578
0.037099
0.036619
0.036193
0.035738
0.035333
0.034853
0.034384
0.034074
0.033595
0.033355
0.032881
0.032347
0.032115
0.031609
0.031354
0.030985
0.030612
0.030214
0.029972
0.029580
0.029350
0.028968
0.028731
0.028311
0.028029
0.027682
0.027403
0.027060
0.026789
0.026522
0.026232
0.026031
0.025674
0.025381
0.025042
0.024877
0.024618
0.024293
0.024058
0.023754
0.023627
0.023401
0.023063
0.022852
0.022657
0.022451
0.022086
0.021894
0.021688
0.021525
0.021284
0.021014
0.020832
0.020597
0.020442
0.020241
0.020006
0.019850
0.019688
0.019516
0.019350
0.019097
0.018942
0.018827
0.018631
0.018442
0.018285
0.018161
0.017910
0.017805
0.017678
0.017444
0.017319
0.017204
0.017031
0.016913
0.016672
0.016583
0.016439
0.016312
0.016199
0.016033
0.015886
0.015738
0.015650
0.015538
0.015402
0.015275
0.015082
0.014992
0.014840
0.014715
0.014665
0.014538
0.014460
0.014297
0.014192
0.014076
0.013987
0.013871
0.013784
0.013666
0.013570
0.013532
0.013377
0.013327
0.013215
0.013176
0.013075
0.012998
0.012920
0.012834
0.012749
0.012710
0.012634
0.012538
0.012436
0.012360
0.012320
0.012246
0.012158
0.012120
0.012041
0.012003
0.011953
0.011876
0.011788
0.011752
0.011702
0.011586
0.011568
0.011530
0.011491
0.011442
0.011403
0.011365
0.011315
0.011277
0.011227
0.011227
0.011150
0.011150
0.011112
0.011062
0.011024
0.010986
0.010946
0.010907
0.010870
0.010808
0.010769
0.010769
0.010731
0.010693
0.010654
0.010654
0.010604
0.010604
0.010528
0.010528
0.010490
0.010490
0.010490
0.010402
0.010390
0.010352
0.010352
0.010313
0.010275
0.010237
0.010225
0.010225
0.010187
0.010187
0.010110
0.010110
0.010110
0.010072
0.010072
0.010061
0.009984
0.009984
0.009984
0.009934
0.009934
0.009896
0.009896
0.009857
0.009846
0.009808
0.009808
0.009808
0.009769
0.009769
0.009769
0.009693
0.009693
0.009693
0.009655
0.009643
0.009643
0.009643
0.009605
0.009605
0.009605
0.009605
0.009566
0.009566
0.009566
0.009566
0.009528
0.009528
0.009517
0.009517
0.009478
0.009478
0.009478
0.009478
0.009478
0.009440
0.009440
0.009440
0.009440
0.009402
0.009402
0.009402
0.009402
0.009390
0.009352
0.009352
0.009352
0.009352
0.009352
0.009352
0.009313
0.009313
0.009313
0.009313
0.009313
0.009313
0.009275
0.009275
0.009275
0.009275
0.009275
0.009275
0.009225
0.009225
0.009225
0.009225
0.009225
0.009225
0.009225
0.009187
0.009187
0.009187
0.009187
0.009187
0.009187
0.009187
0.009149
0.009149
0.009149
0.009149
0.009149
0.009149
0.009149
0.009149
0.009149
0.009149
0.009149
0.009149
0.009149
0.009149
0.009149
0.009149
0.009149
0.009149
0.009149
0.009149
0.009149
0.009149
0.009149
0.009149
0.009149
0.009149
0.009149
0.009149
0.009149
0.009149
0.009149
0.009149
0.009149
0.009149
0.009149
0.009149
0.009149
0.009149
0.009149
0.009149
0.009149
0.009149
0.009149
0.009149
0.009149
0.009149
