0.862619
0.862619
0.862619
0.862619
0.862619
0.862619
0.862619
0.862619
0.862619
0.862619
0.862619
0.862619
0.862619
0.862619
0.862619
0.862619
0.862619
0.862619
0.862619
0.862619
0.862619
0.862619
0.862619
0.862563
0.862456
0.862497
0.862754
0.862869
0.862644
0.861850
0.860532
0.858533
0.855744
0.852544
0.849287
0.846028
0.842852
0.839910
0.836734
0.833681
0.830036
0.826394
0.822538
0.818698
0.814766
0.810759
0.806809
0.802869
0.799165
0.795411
0.791394
0.787502
0.783643
0.779667
0.775689
0.771782
0.767827
0.764136
0.760416
0.756832
0.753163
0.749624
0.746056
0.742435
0.738960
0.735240
0.731536
0.727482
0.723437
0.719459
0.715147
0.711153
0.707129
0.703164
0.699190
0.695133
0.691201
0.687096
0.683130
0.679086
0.674973
0.670917
0.666951
0.662807
0.658824
0.654710
0.650629
0.646726
0.642674
0.638556
0.634467
0.630467
0.626443
0.622492
0.618365
0.614252
0.610363
0.606391
0.602303
0.598406
0.594327
0.590246
0.586312
0.582380
0.578350
0.574360
0.570562
0.566381
0.562582
0.558699
0.554721
0.550712
0.546853
0.542912
0.539070
0.535100
0.531327
0.527461
0.523702
0.519685
0.515785
0.512158
0.508293
0.504474
0.500598
0.496943
0.493155
0.489445
0.485614
0.481784
0.478133
0.474621
0.470776
0.467172
0.463473
0.459902
0.456229
0.452577
0.448987
0.445424
0.441804
0.438326
0.434663
0.431164
0.427541
0.424252
0.420640
0.417183
0.413671
0.410125
0.406814
0.403367
0.399910
0.396445
0.393009
0.389700
0.386354
0.383010
0.379623
0.376226
0.373071
0.369719
0.366356
0.363083
0.359757
0.356585
0.353271
0.349974
0.346848
0.343511
0.340427
0.337140
0.334005
0.330826
0.327645
0.324624
0.321515
0.318375
0.315316
0.312226
0.309297
0.306214
0.303291
0.300229
0.297218
0.294384
0.291311
0.288515
0.285698
0.282507
0.279727
0.276915
0.274109
0.271219
0.268384
0.265698
0.262816
0.260051
0.257281
0.254604
0.251960
0.249149
0.246380
0.243751
0.241244
0.238586
0.235921
0.233406
0.230749
0.228312
0.225712
0.223188
0.220714
0.218229
0.215641
0.213243
0.210916
0.208569
0.206040
0.203619
0.201379
0.199068
0.196675
0.194351
0.192062
0.189813
0.187622
0.185408
0.183321
0.181004
0.178858
0.176663
0.174664
0.172518
0.170461
0.168333
0.166290
0.164386
0.162345
0.160337
0.158481
0.156328
0.154498
0.152620
0.150527
0.148729
0.146851
0.145049
0.143176
0.141437
0.139653
0.137917
0.136132
0.134456
0.132760
0.130871
0.129452
0.127643
0.126138
0.124481
0.122952
0.121396
0.119842
0.118283
0.116736
0.115245
0.113737
0.112286
0.110912
0.109489
0.108148
0.106613
0.105302
0.103807
0.102520
0.101182
0.099864
0.098500
0.097353
0.096099
0.094826
0.093633
0.092270
0.091147
0.090094
0.088756
0.087619
0.086454
0.085282
0.084210
0.083188
0.082034
0.081079
0.079839
0.078873
0.077891
0.076829
0.075971
0.074786
0.073922
0.072978
0.071988
0.071021
0.069986
0.069145
0.068350
0.067427
0.066392
0.065768
0.064721
0.063973
0.063301
0.062314
0.061450
0.060804
0.059808
0.059146
0.058471
0.057575
0.056947
0.056170
0.055341
0.054760
0.054004
0.053228
0.052570
0.051954
0.051212
0.050512
0.049874
0.049270
0.048563
0.048010
0.047338
0.046708
0.046091
0.045512
0.044948
0.044334
0.043793
0.043208
0.042698
0.042061
0.041598
0.041054
0.040514
0.040031
0.039424
0.038900
0.038476
0.037991
0.037456
0.036969
0.036625
0.036097
0.035624
0.035097
0.034672
0.034267
0.033868
0.033450
0.032909
0.032513
0.032101
0.031731
0.031333
0.030946
0.030482
0.030108
0.029720
0.029493
0.029105
0.028590
0.028262
0.027937
0.027644
0.027342
0.026956
0.026633
0.026202
0.025960
0.025623
0.025356
0.025002
0.024744
0.024461
0.024137
0.023845
0.023652
0.023260
0.023089
0.022715
0.022447
0.022273
0.022045
0.021780
0.021542
0.021303
0.021028
0.020834
0.020495
0.020357
0.020142
0.019892
0.019654
0.019428
0.019270
0.019106
0.018878
0.018619
0.018470
0.018205
0.018050
0.017872
0.017710
0.017511
0.017243
0.017132
0.016994
0.016801
0.016672
0.016425
0.016366
0.016075
0.015923
0.015844
0.015657
0.015546
0.015384
0.015225
0.015011
0.014892
0.014822
0.014569
0.014452
0.014373
0.014147
0.014034
0.013917
0.013792
0.013664
0.013547
0.013432
0.013337
0.013182
0.013142
0.013020
0.012933
0.012844
0.012628
0.012582
0.012493
0.012493
0.012413
0.012144
0.012105
0.011996
0.011996
0.011923
0.011806
0.011727
0.011649
0.011611
0.011527
0.011467
0.011331
0.011292
0.011128
0.011128
0.011088
0.010971
0.010971
0.010878
0.010800
0.010722
0.010722
0.010673
0.010633
0.010588
0.010433
0.010433
0.010433
0.010413
0.010374
0.010222
0.010222
0.010145
0.010145
0.010145
0.010096
0.009984
0.009976
0.009956
0.009956
0.009917
0.009879
0.009879
0.009794
0.009755
0.009755
0.009755
0.009755
0.009717
0.009639
0.009628
0.009573
0.009573
0.009535
0.009496
0.009496
0.009496
0.009457
0.009419
0.009384
0.009384
0.009384
0.009346
0.009346
0.009308
0.009308
0.009308
0.009308
0.009308
0.009297
0.009258
0.009258
0.009258
0.009258
0.009258
0.009258
0.009220
0.009220
0.009220
0.009220
0.009220
0.009220
0.009220
0.009181
0.009181
0.009181
0.009181
0.009181
0.009181
0.009181
0.009181
0.009143
0.009143
0.009143
0.009143
0.009143
0.009143
0.009143
0.009143
0.009143
0.009143
0.009143
0.009143
0.009143
0.009143
0.009143
0.009143
0.009143
0.009143
0.009143
0.009143
0.009143
0.009143
0.009143
0.009143
0.009143
0.009143
0.009143
0.009143
0.009143
0.009143
0.009143
0.009143
0.009143
0.009143
0.009143
0.009143
0.009143
0.009143
0.009143
0.009143
0.009143
0.009143
0.009143
0.009143
0.009143
0.009143
0.009143
0.009143
0.009143
0.009143
0.009143
0.009143
0.009143
0.009143
0.009143
0.009143
0.009143
0.009143
0.009143
0.009143
0.009143
0.009143
0.009143
0.009143
0.009143
0.009143
0.009143
0.009143
0.009143
0.009143
0.009143
0.009143
0.009143
0.009143
0.009143
0.009143
0.009143
0.009143
0.009143
0.009143
0.009143
0.009143
0.009143
0.009143
0.009143
0.009143
0.009143
0.009143
0.009143
0.009143
0.009143
0.009143
0.009143
0.009143
0.009143
0.009143
0.009143
0.009143
0.009143
0.009143
0.009143
0.009143
0.009143
0.009143
0.009143
0.009143
0.009143
0.009143
0.009143
0.009143
0.009143
0.009143
0.009143
0.009143
0.009143
0.009143
0.009143
0.009143
0.009143
0.009143
0.009143
0.009143
0.009143
0.009143
0.009143
0.009143
0.009143
0.009143
0.009143
0.009143
0.009143
0.009143
0.009143
0.009143
0.009143
0.009143
0.009143
0.009143
0.009143
0.009143
0.009143
0.009143
0.009143
0.009143
0.009143
0.009143
0.009143
0.009143
0.009143
0.009143
0.009143
0.009143
0.009143
0.009143
0.009143
