0.763162
0.763162
0.763162
0.763162
0.763162
0.763162
0.763162
0.763162
0.763162
0.763162
0.763162
0.763162
0.763162
0.763162
0.763162
0.763162
0.763162
0.763162
0.763162
0.763162
0.763162
0.763162
0.763128
0.763137
0.762994
0.762817
0.762714
0.762437
0.762050
0.761506
0.760476
0.759045
0.757048
0.754733
0.752420
0.750204
0.748157
0.746142
0.744325
0.742350
0.740235
0.737806
0.735644
0.733371
0.731151
0.728826
0.726746
0.724626
0.722704
0.720892
0.719126
0.717302
0.715444
0.713578
0.711572
0.709584
0.707475
0.705429
0.703244
0.701100
0.699036
0.696781
0.694557
0.692302
0.689890
0.687685
0.685313
0.683015
0.680619
0.678436
0.676118
0.673724
0.671686
0.669170
0.666925
0.664794
0.662456
0.660280
0.657941
0.655963
0.654075
0.652053
0.650201
0.648210
0.646046
0.643996
0.641621
0.639327
0.637134
0.634884
0.632653
0.630356
0.628376
0.626217
0.624091
0.622006
0.619666
0.617607
0.615357
0.613227
0.611066
0.608869
0.606823
0.604600
0.602537
0.600272
0.598232
0.596036
0.593953
0.591731
0.589716
0.587543
0.585292
0.583180
0.581094
0.578939
0.576996
0.574702
0.572561
0.570550
0.568533
0.566256
0.564316
0.562203
0.560038
0.558045
0.555987
0.553949
0.551959
0.549820
0.547816
0.545756
0.543624
0.541338
0.539326
0.536993
0.534936
0.532975
0.531000
0.529173
0.527517
0.525909
0.523909
0.521671
0.519183
0.516567
0.513644
0.510635
0.507729
0.504642
0.501727
0.498795
0.495802
0.492852
0.489659
0.486652
0.483290
0.479905
0.476527
0.473171
0.469776
0.466289
0.463017
0.459597
0.456317
0.453025
0.449586
0.446339
0.442912
0.439544
0.436232
0.432812
0.429627
0.426284
0.423003
0.419774
0.416374
0.413138
0.410048
0.406663
0.403458
0.400234
0.397023
0.393782
0.390579
0.387385
0.384257
0.381145
0.378011
0.374869
0.371782
0.368698
0.365713
0.362663
0.359527
0.356545
0.353443
0.350429
0.347446
0.344470
0.341556
0.338674
0.335571
0.332773
0.329829
0.326946
0.323918
0.321039
0.318252
0.315279
0.312515
0.309609
0.306812
0.303999
0.301319
0.298468
0.295755
0.292907
0.290331
0.287494
0.284743
0.282128
0.279469
0.276689
0.274206
0.271486
0.268852
0.266183
0.263707
0.261053
0.258436
0.255874
0.253345
0.250862
0.248304
0.245854
0.243189
0.240838
0.238372
0.235962
0.233571
0.231134
0.228767
0.226403
0.223954
0.221804
0.219436
0.217167
0.214751
0.212639
0.210372
0.208198
0.205937
0.203651
0.201684
0.199544
0.197285
0.195160
0.193002
0.190920
0.188917
0.186813
0.184793
0.182774
0.180872
0.178920
0.176760
0.174826
0.172862
0.170953
0.169060
0.167137
0.165260
0.163282
0.161445
0.159693
0.157799
0.155990
0.154188
0.152403
0.150574
0.148852
0.147180
0.145201
0.143572
0.141886
0.140306
0.138584
0.136940
0.135358
0.133617
0.131960
0.130365
0.128851
0.127231
0.125791
0.124063
0.122600
0.121144
0.119422
0.118193
0.116552
0.115218
0.113856
0.112237
0.110972
0.109644
0.108229
0.106833
0.105505
0.104096
0.102914
0.101598
0.100212
0.098985
0.097675
0.096490
0.095176
0.094021
0.092684
0.091580
0.090417
0.089282
0.088097
0.086903
0.085725
0.084714
0.083591
0.082559
0.081548
0.080445
0.079346
0.078375
0.077437
0.076273
0.075371
0.074409
0.073562
0.072560
0.071610
0.070643
0.069767
0.068889
0.067953
0.067141
0.066332
0.065438
0.064654
0.063762
0.062969
0.062154
0.061405
0.060568
0.059687
0.059110
0.058235
0.057629
0.056861
0.056137
0.055433
0.054732
0.054049
0.053332
0.052626
0.052017
0.051263
0.050763
0.050046
0.049335
0.048808
0.048211
0.047570
0.047005
0.046464
0.045819
0.045205
0.044687
0.044098
0.043541
0.042951
0.042435
0.041985
0.041508
0.040992
0.040488
0.039829
0.039354
0.038876
0.038369
0.037897
0.037494
0.036949
0.036518
0.036048
0.035681
0.035121
0.034840
0.034373
0.033959
0.033504
0.033046
0.032605
0.032312
0.031982
0.031551
0.031153
0.030750
0.030383
0.030052
0.029660
0.029312
0.029051
0.028649
0.028195
0.027852
0.027664
0.027313
0.026954
0.026712
0.026391
0.026044
0.025724
0.025495
0.025184
0.024966
0.024504
0.024304
0.024072
0.023772
0.023500
0.023156
0.022903
0.022657
0.022422
0.022195
0.021911
0.021641
0.021492
0.021208
0.020892
0.020751
0.020437
0.020207
0.020079
0.019842
0.019679
0.019382
0.019242
0.018980
0.018832
0.018640
0.018460
0.018256
0.018057
0.017880
0.017733
0.017591
0.017358
0.017237
0.017001
0.016844
0.016786
0.016547
0.016460
0.016198
0.016119
0.015940
0.015846
0.015718
0.015496
0.015421
0.015264
0.015188
0.015015
0.014818
0.014698
0.014607
0.014450
0.014410
0.014300
0.014100
0.013985
0.013879
0.013791
0.013657
0.013563
0.013444
0.013324
0.013249
0.013137
0.013047
0.012936
0.012825
0.012746
0.012706
0.012552
0.012456
0.012456
0.012328
0.012216
0.012139
0.012129
0.012026
0.011948
0.011908
0.011837
0.011719
0.011719
0.011613
0.011532
0.011452
0.011413
0.011365
0.011365
0.011246
0.011206
0.011168
0.011129
0.011089
0.011000
0.010921
0.010921
0.010881
0.010804
0.010794
0.010754
0.010676
0.010597
0.010597
0.010597
0.010520
0.010428
0.010389
0.010389
0.010350
0.010311
0.010311
0.010311
0.010153
0.010115
0.010105
0.010105
0.010066
0.010066
0.009988
0.009948
0.009936
0.009898
0.009898
0.009859
0.009819
0.009780
0.009780
0.009780
0.009742
0.009742
0.009742
0.009664
0.009664
0.009654
0.009616
0.009616
0.009577
0.009577
0.009577
0.009566
0.009566
0.009527
0.009488
0.009488
0.009488
0.009488
0.009488
0.009450
0.009371
0.009371
0.009371
0.009371
0.009371
0.009371
0.009371
0.009295
0.009295
0.009295
0.009285
0.009285
0.009285
0.009285
0.009285
0.009246
0.009246
0.009246
0.009246
0.009246
0.009246
0.009246
0.009246
0.009246
0.009246
0.009246
0.009246
0.009246
0.009246
0.009246
0.009246
0.009246
0.009246
0.009246
0.009246
0.009246
0.009246
0.009246
0.009246
0.009246
0.009246
0.009246
0.009246
0.009246
0.009246
0.009246
0.009246
0.009246
0.009246
0.009246
0.009246
0.009246
0.009246
0.009246
0.009246
0.009246
0.009246
0.009246
0.009246
0.009246
0.009246
0.009246
0.009246
0.009246
0.009246
0.009246
0.009246
0.009246
0.009246
0.009246
0.009246
0.009246
0.009246
0.009246
0.009246
0.009246
0.009246
0.009246
0.009246
0.009246
0.009246
0.009246
0.009246
0.009246
0.009246
0.009246
0.009246
0.009246
0.009246
0.009246
0.009246
0.009246
0.009246
0.009246
0.009246
0.009246
0.009246
0.009246
0.009246
0.009246
0.009246
0.009246
0.009246
0.009246
0.009246
0.009246
0.009246
0.009246
0.009246
0.009246
0.009246
0.009246
0.009246
0.009246
0.009246
0.009246
0.009246
0.009246
0.009246
0.009246
0.009246
0.009246
0.009246
0.009246
0.009246
0.009246
