0.491096
0.491096
0.491096
0.491096
0.491096
0.491096
0.491096
0.491096
0.491096
0.491096
0.491096
0.491096
0.491096
0.491096
0.491096
0.491096
0.491096
0.491096
0.491096
0.491096
0.491096
0.491096
0.491080
0.491090
0.491065
0.491221
0.490861
0.490272
0.489266
0.488025
0.486528
0.484919
0.483244
0.481586
0.480283
0.479055
0.477951
0.476741
0.475399
0.473541
0.471305
0.468600
0.466078
0.463151
0.460499
0.457859
0.455515
0.453011
0.450880
0.448561
0.446013
0.443597
0.441048
0.438559
0.436423
0.434582
0.433313
0.432562
0.431755
0.431356
0.431096
0.430876
0.430716
0.430576
0.430624
0.430555
0.430400
0.429933
0.429418
0.428893
0.428488
0.428704
0.428769
0.429212
0.429581
0.429191
0.428571
0.427198
0.425217
0.423111
0.420825
0.418561
0.416332
0.414289
0.412251
0.409985
0.407935
0.405516
0.403074
0.400452
0.397646
0.394951
0.392107
0.389308
0.386589
0.383952
0.381286
0.378529
0.375804
0.372952
0.370231
0.367797
0.365921
0.364704
0.364054
0.363668
0.363254
0.363096
0.362745
0.362607
0.362396
0.362263
0.362510
0.362591
0.362605
0.362729
0.362440
0.362057
0.361388
0.360758
0.360132
0.359657
0.358730
0.358080
0.356767
0.354837
0.352516
0.349817
0.347043
0.343963
0.341092
0.338144
0.335339
0.332649
0.329824
0.326944
0.324066
0.321234
0.318183
0.315337
0.312259
0.309616
0.306678
0.303814
0.300917
0.298074
0.295405
0.292656
0.289812
0.287025
0.284323
0.281536
0.279028
0.276268
0.273700
0.271064
0.268321
0.265796
0.262993
0.260748
0.257999
0.255597
0.253152
0.250539
0.248199
0.245571
0.243282
0.240843
0.238352
0.236217
0.233670
0.231431
0.229038
0.226626
0.224442
0.222171
0.219930
0.217665
0.215440
0.213260
0.211052
0.208985
0.206655
0.204633
0.202539
0.200210
0.198181
0.196209
0.194150
0.192008
0.190011
0.188157
0.186103
0.183967
0.182141
0.180120
0.178217
0.176307
0.174496
0.172603
0.170727
0.168906
0.166951
0.164954
0.163317
0.161426
0.159620
0.157813
0.156188
0.154374
0.152779
0.150976
0.149257
0.147502
0.145790
0.144124
0.142368
0.140771
0.139100
0.137478
0.135983
0.134189
0.132663
0.131010
0.129575
0.128093
0.126363
0.124983
0.123332
0.122132
0.120479
0.119175
0.117736
0.116262
0.114825
0.113441
0.111969
0.110862
0.109386
0.108101
0.106741
0.105454
0.104148
0.102962
0.101866
0.100454
0.099289
0.097929
0.096816
0.095731
0.094474
0.093311
0.092026
0.091031
0.089789
0.088761
0.087453
0.086520
0.085449
0.084412
0.083402
0.082276
0.081195
0.080223
0.079145
0.078229
0.077222
0.076293
0.075101
0.074165
0.073169
0.072349
0.071477
0.070498
0.069608
0.068697
0.067915
0.066914
0.066096
0.065244
0.064479
0.063560
0.062777
0.061781
0.061248
0.060382
0.059635
0.058745
0.058090
0.057349
0.056572
0.055999
0.055038
0.054405
0.053633
0.053177
0.052380
0.051683
0.051014
0.050346
0.049820
0.049105
0.048492
0.047903
0.047197
0.046648
0.045910
0.045469
0.044905
0.044337
0.043752
0.043232
0.042632
0.042069
0.041595
0.041081
0.040577
0.039951
0.039445
0.039058
0.038591
0.038050
0.037539
0.037213
0.036667
0.036187
0.035704
0.035222
0.034952
0.034388
0.034087
0.033499
0.033081
0.032701
0.032301
0.031977
0.031697
0.031079
0.030753
0.030342
0.030080
0.029734
0.029348
0.028987
0.028562
0.028327
0.027922
0.027630
0.027287
0.026881
0.026648
0.026297
0.026002
0.025647
0.025372
0.025150
0.024744
0.024451
0.024233
0.023963
0.023693
0.023546
0.023097
0.022888
0.022664
0.022313
0.022105
0.021892
0.021472
0.021292
0.021146
0.020883
0.020768
0.020437
0.020319
0.019977
0.019808
0.019596
0.019355
0.019215
0.018976
0.018862
0.018628
0.018292
0.018103
0.018059
0.017826
0.017735
0.017341
0.017257
0.017104
0.016881
0.016797
0.016556
0.016481
0.016217
0.016102
0.015926
0.015865
0.015748
0.015422
0.015422
0.015244
0.015159
0.015100
0.014791
0.014703
0.014612
0.014404
0.014404
0.014231
0.014085
0.014023
0.013905
0.013844
0.013698
0.013581
0.013466
0.013392
0.013337
0.013159
0.013129
0.013019
0.012895
0.012841
0.012810
0.012693
0.012632
0.012632
0.012493
0.012370
0.012285
0.012285
0.012186
0.012063
0.012008
0.012008
0.011923
0.011744
0.011744
0.011689
0.011659
0.011536
0.011481
0.011481
0.011426
0.011334
0.011273
0.011218
0.011218
0.011218
0.011010
0.010996
0.010996
0.010941
0.010887
0.010764
0.010679
0.010679
0.010679
0.010624
0.010624
0.010501
0.010416
0.010416
0.010416
0.010416
0.010299
0.010238
0.010208
0.010153
0.010153
0.010153
0.010153
0.009975
0.009975
0.009945
0.009931
0.009876
0.009876
0.009876
0.009752
0.009698
0.009668
0.009668
0.009668
0.009668
0.009613
0.009613
0.009552
0.009552
0.009498
0.009467
0.009467
0.009467
0.009467
0.009412
0.009412
0.009412
0.009412
0.009412
0.009382
0.009327
0.009327
0.009327
0.009327
0.009327
0.009327
0.009272
0.009272
0.009272
0.009272
0.009243
0.009243
0.009187
0.009187
0.009187
0.009187
0.009187
0.009187
0.009187
0.009133
0.009133
0.009133
0.009133
0.009103
0.009103
0.009103
0.009103
0.009048
0.009048
0.009048
0.009048
0.009048
0.009048
0.009048
0.009048
0.008994
0.008994
0.008994
0.008994
0.008994
0.008994
0.008994
0.008994
0.008994
0.008994
0.008994
0.008994
0.008994
0.008994
0.008994
0.008994
0.008994
0.008994
0.008994
0.008994
0.008994
0.008994
0.008994
0.008994
0.008994
0.008994
0.008994
0.008994
0.008994
0.008994
0.008994
0.008994
0.008994
0.008994
0.008994
0.008994
0.008994
0.008994
0.008994
0.008994
0.008994
0.008994
0.008994
0.008994
0.008994
0.008994
0.008994
0.008994
0.008994
0.008994
0.008994
0.008994
0.008994
0.008994
0.008994
0.008994
0.008994
0.008994
0.008994
0.008994
0.008994
0.008994
0.008994
0.008994
0.008994
0.008994
0.008994
0.008994
0.008994
0.008994
0.008994
0.008994
0.008994
0.008994
0.008994
0.008994
0.008994
0.008994
0.008994
0.008994
0.008994
0.008994
0.008994
0.008994
0.008994
0.008994
0.008994
0.008994
0.008994
0.008994
0.008994
0.008994
0.008994
0.008994
0.008994
0.008994
0.008994
0.008994
0.008994
0.008994
0.008994
0.008994
0.008994
0.008994
0.008994
0.008994
0.008994
0.008994
0.008994
0.008994
0.008994
0.008994
0.008994
0.008994
0.008994
0.008994
0.008994
0.008994
0.008994
0.008994
0.008994
0.008994
0.008994
0.008994
0.008994
0.008994
0.008994
0.008994
0.008994
0.008994
0.008994
0.008994
0.008994
0.008994
0.008994
0.008994
0.008994
0.008994
0.008994
0.008994
0.008994
0.008994
0.008994
0.008994
0.008994
0.008994
0.008994
0.008994
0.008994
0.008994
0.008994
0.008994
0.008994
0.008994
0.008994
0.008994
0.008994
0.008994
0.008994
0.008994
0.008994
0.008994
0.008994
