1.273003
1.268018
1.263035
1.258054
1.253076
1.248101
1.243128
1.238158
1.233190
1.228225
1.223263
1.218302
1.213344
1.208389
1.203435
1.198484
1.193535
1.188588
1.183644
1.178702
1.173761
1.168823
1.163886
1.158952
1.154020
1.149090
1.144161
1.139235
1.134310
1.129387
1.124466
1.119549
1.114638
1.109731
1.104829
1.099931
1.095038
1.090149
1.085265
1.080385
1.075509
1.070639
1.065775
1.060918
1.056068
1.051225
1.046391
1.041569
1.036756
1.031953
1.027162
1.022383
1.017616
1.012860
1.008117
1.003386
0.998667
0.993961
0.989269
0.984591
0.979926
0.975275
0.970638
0.966014
0.961403
0.956805
0.952219
0.947645
0.943083
0.938533
0.933996
0.929470
0.924956
0.920453
0.915961
0.911479
0.907008
0.902548
0.898099
0.893661
0.889232
0.884813
0.880404
0.876005
0.871614
0.867234
0.862864
0.858502
0.854149
0.849806
0.845470
0.841143
0.836824
0.832515
0.828214
0.823923
0.819644
0.815376
0.811120
0.806878
0.802649
0.798435
0.794234
0.790046
0.785870
0.781706
0.777554
0.773414
0.769287
0.765172
0.761068
0.756976
0.752894
0.748824
0.744764
0.740714
0.736676
0.732649
0.728632
0.724625
0.720627
0.716639
0.712661
0.708692
0.704733
0.700784
0.696844
0.692912
0.688989
0.685074
0.681168
0.677270
0.673382
0.669501
0.665629
0.661764
0.657907
0.654057
0.650215
0.646381
0.642557
0.638742
0.634938
0.631143
0.627358
0.623583
0.619817
0.616061
0.612315
0.608578
0.604850
0.601131
0.597422
0.593725
0.590039
0.586367
0.582705
0.579054
0.575415
0.571788
0.568175
0.564575
0.560989
0.557418
0.553858
0.550311
0.546776
0.543253
0.539742
0.536242
0.532756
0.529281
0.525817
0.522365
0.518926
0.515501
0.512089
0.508691
0.505308
0.501937
0.498579
0.495234
0.491901
0.488580
0.485270
0.481974
0.478690
0.475417
0.472156
0.468906
0.465666
0.462438
0.459220
0.456013
0.452817
0.449632
0.446456
0.443290
0.440134
0.436987
0.433850
0.430723
0.427606
0.424497
0.421397
0.418306
0.415224
0.412150
0.409084
0.406028
0.402980
0.399940
0.396907
0.393884
0.390870
0.387867
0.384880
0.381906
0.378945
0.375997
0.373061
0.370138
0.367227
0.364328
0.361443
0.358569
0.355707
0.352857
0.350017
0.347190
0.344378
0.341580
0.338797
0.336027
0.333270
0.330526
0.327794
0.325075
0.322368
0.319675
0.316994
0.314325
0.311668
0.309022
0.306387
0.303763
0.301150
0.298549
0.295959
0.293380
0.290810
0.288251
0.285702
0.283162
0.280633
0.278119
0.275616
0.273129
0.270656
0.268199
0.265760
0.263338
0.260935
0.258550
0.256182
0.253830
0.251496
0.249182
0.246883
0.244600
0.242333
0.240082
0.237846
0.235623
0.233415
0.231221
0.229041
0.226875
0.224729
0.222597
0.220478
0.218374
0.216287
0.214214
0.212156
0.210113
0.208093
0.206087
0.204095
0.202116
0.200152
0.198201
0.196263
0.194346
0.192442
0.190551
0.188672
0.186805
0.184950
0.183107
0.181276
0.179458
0.177652
0.175857
0.174072
0.172299
0.170536
0.168783
0.167042
0.165312
0.163592
0.161882
0.160181
0.158490
0.156809
0.155137
0.153475
0.151822
0.150180
0.148550
0.146932
0.145327
0.143736
0.142160
0.140601
0.139058
0.137533
0.136023
0.134529
0.133051
0.131589
0.130149
0.128725
0.127316
0.125925
0.124550
0.123190
0.121843
0.120510
0.119191
0.117887
0.116595
0.115317
0.114051
0.112797
0.111555
0.110326
0.109110
0.107906
0.106714
0.105532
0.104362
0.103203
0.102055
0.100918
0.099793
0.098678
0.097573
0.096479
0.095394
0.094319
0.093254
0.092198
0.091153
0.090118
0.089091
0.088073
0.087064
0.086063
0.085073
0.084095
0.083129
0.082174
0.081230
0.080297
0.079374
0.078462
0.077566
0.076682
0.075807
0.074943
0.074087
0.073242
0.072405
0.071578
0.070760
0.069952
0.069153
0.068366
0.067590
0.066822
0.066063
0.065311
0.064568
0.063839
0.063118
0.062404
0.061698
0.060999
0.060307
0.059623
0.058946
0.058277
0.057614
0.056957
0.056307
0.055664
0.055027
0.054396
0.053773
0.053160
0.052554
0.051955
0.051360
0.050772
0.050189
0.049612
0.049041
0.048475
0.047914
0.047358
0.046808
0.046262
0.045721
0.045186
0.044656
0.044131
0.043610
0.043094
0.042582
0.042074
0.041572
0.041074
0.040580
0.040090
0.039605
0.039123
0.038646
0.038172
0.037703
0.037238
0.036776
0.036318
0.035864
0.035414
0.034966
0.034523
0.034083
0.033647
0.033220
0.032801
0.032391
0.031990
0.031595
0.031206
0.030823
0.030446
0.030074
0.029708
0.029347
0.028992
0.028641
0.028296
0.027957
0.027623
0.027293
0.026971
0.026657
0.026348
0.026043
0.025743
0.025448
0.025157
0.024870
0.024587
0.024309
0.024034
0.023764
0.023498
0.023236
0.022978
0.022724
0.022473
0.022227
0.021983
0.021744
0.021508
0.021276
0.021047
0.020822
0.020601
0.020388
0.020179
0.019978
0.019781
0.019590
0.019405
0.019221
0.019041
0.018863
0.018688
0.018515
0.018346
0.018178
0.018014
0.017851
0.017691
0.017533
0.017378
0.017225
0.017075
0.016926
0.016780
0.016636
0.016494
0.016354
0.016217
0.016081
0.015948
0.015820
0.015696
0.015574
0.015454
0.015336
0.015219
0.015104
0.014991
0.014880
0.014770
0.014662
0.014556
0.014451
0.014347
0.014246
0.014145
0.014047
0.013949
0.013853
0.013759
0.013666
0.013574
0.013484
0.013395
0.013308
0.013221
0.013136
0.013053
0.012970
0.012889
0.012809
0.012730
0.012653
0.012576
0.012501
0.012426
0.012359
0.012293
0.012232
0.012173
0.012116
0.012060
0.012010
0.011961
0.011913
0.011865
0.011818
0.011772
0.011726
0.011681
0.011636
0.011593
0.011550
0.011508
0.011466
0.011425
0.011384
0.011344
0.011305
0.011266
0.011228
0.011191
0.011154
0.011117
0.011081
0.011046
0.011011
0.010977
0.010943
0.010910
0.010877
0.010845
0.010813
0.010781
0.010751
0.010720
0.010690
0.010661
0.010632
0.010603
0.010575
0.010547
0.010520
0.010493
0.010466
0.010440
0.010416
0.010397
0.010378
0.010359
0.010340
0.010322
0.010304
0.010286
0.010268
0.010251
0.010234
0.010217
0.010200
0.010184
0.010168
0.010152
0.010137
0.010121
0.010106
0.010091
0.010077
0.010062
0.010048
0.010034
0.010020
0.010006
0.009993
0.009980
0.009967
0.009954
0.009941
0.009929
0.009917
0.009904
0.009893
0.009881
0.009869
0.009858
0.009847
0.009836
0.009825
0.009814
0.009804
0.009793
0.009783
0.009773
0.009763
0.009753
0.009744
0.009734
0.009725
0.009716
0.009707
0.009698
0.009689
0.009680
0.009672
0.009663
0.009655
0.009647
0.009639
0.009631
0.009623
0.009615
0.009608
0.009600
0.009593
0.009586
0.009579
0.009571
0.009565
0.009558
0.009551
0.009544
0.009538
0.009531
0.009525
0.009519
0.009513
0.009507
0.009507
0.009507
0.009507
0.009507
0.009507
0.009507
0.009507
0.009507
0.009507
0.009507
0.009507
0.009507
0.009507
0.009507
0.009507
0.009507
0.009507
0.009507
0.009507
0.009507
0.009507
0.009507
0.009507
0.009507
0.009507
0.009507
0.009507
0.009507
0.009507
0.009507
0.009507
0.009507
0.009507
0.009507
0.009507
0.009507
0.009507
0.009507
0.009507
0.009507
0.009507
0.009507
0.009507
0.009507
0.009507
0.009507
0.009507
0.009507
0.009507
0.009507
0.009507
0.009507
0.009507
0.009507
0.009507
0.009507
0.009507
0.009507
0.009507
0.009507
0.009507
0.009507
0.009507
0.009507
0.009507
0.009507
0.009507
0.009507
0.009507
0.009507
0.009507
0.009507
0.009507
0.009507
0.009507
0.009507
0.009507
0.009507
0.009507
0.009507
0.009507
0.009507
0.009507
0.009507
0.009507
0.009507
0.009507
0.009507
0.009507
0.009507
0.009507
0.009507
0.009507
0.009507
0.009507
0.009507
0.009507
0.009507
0.009507
0.009507
0.009507
0.009507
0.009507
0.009507
0.009507
0.009507
0.009507
0.009507
0.009507
0.009507
0.009507
0.009507
0.009507
0.009507
0.009507
0.009507
0.009507
0.009507
0.009507
0.009507
0.009507
0.009507
0.009507
0.009507
0.009507
0.009507
0.009507
0.009507
0.009507
0.009507
0.009507
0.009507
0.009507
0.009507
0.009507
0.009507
0.009507
0.009507
0.009507
0.009507
0.009507
0.009507
0.009507
0.009507
0.009507
0.009507
0.009507
0.009507
0.009507
0.009507
0.009507
0.009507
0.009507
0.009507
0.009507
0.009507
0.009507
0.009507
0.009507
0.009507
0.009507
0.009507
0.009507
0.009507
0.009507
0.009507
0.009507
0.009507
0.009507
0.009507
0.009507
0.009507
0.009507
0.009507
0.009507
0.009507
0.009507
0.009507
0.009507
0.009507
0.009507
0.009507
0.009507
0.009507
0.009507
0.009507
0.009507
0.009507
0.009507
0.009507
0.009507
0.009507
0.009507
0.009507
0.009507
0.009507
0.009507
0.009507
0.009507
0.009507
0.009507
0.009507
0.009507
0.009507
0.009507
0.009507
0.009507
0.009507
0.009507
0.009507
0.009507
0.009507
0.009507
0.009507
0.009507
0.009507
0.009507
0.009507
0.009507
0.009507
0.009507
0.009507
0.009507
0.009507
0.009507
0.009507
0.009507
0.009507
0.009507
0.009507
0.009507
0.009507
0.009507
0.009507
0.009507
0.009507
0.009507
0.009507
0.009507
0.009507
0.009507
0.009507
0.009507
0.009507
0.009507
0.009507
0.009507
0.009507
0.009507
0.009507
0.009507
0.009507
0.009507
0.009507
0.009507
0.009507
0.009507
0.009507
0.009507
0.009507
0.009507
0.009507
0.009507
0.009507
0.009507
0.009507
0.009507
0.009507
0.009507
0.009507
0.009507
0.009507
0.009507
0.009507
0.009507
0.009507
0.009507
0.009507
0.009507
0.009507
0.009507
0.009507
0.009507
0.009507
0.009507
0.009507
0.009507
0.009507
0.009507
0.009507
0.009507
0.009507
0.009507
0.009507
0.009507
0.009507
0.009507
0.009507
0.009507
0.009507
0.009507
0.009507
0.009507
0.009507
0.009507
0.009507
0.009507
0.009507
0.009507
0.009507
0.009507
0.009507
0.009507
0.009507
0.009507
0.009507
0.009507
0.009507
0.009507
0.009507
0.009507
0.009507
0.009507
0.009507
0.009507
0.009507
0.009507
0.009507
0.009507
0.009507
0.009507
0.009507
0.009507
0.009507
0.009507
0.009507
0.009507
0.009507
0.009507
0.009507
0.009507
0.009507
0.009507
0.009507
0.009507
0.009507
0.009507
0.009507
0.009507
0.009507
0.009507
0.009507
0.009507
0.009507
0.009507
0.009507
0.009507
0.009507
0.009507
0.009507
0.009507
0.009507
0.009507
0.009507
0.009507
0.009507
0.009507
0.009507
0.009507
0.009507
0.009507
0.009507
0.009507
0.009507
0.009507
0.009507
0.009507
0.009507
0.009507
0.009507
0.009507
0.009507
0.009507
0.009507
0.009507
0.009507
0.009507
0.009507
0.009507
0.009507
0.009507
0.009507
0.009507
0.009507
0.009507
0.009507
0.009507
0.009507
0.009507
0.009507
0.009507
0.009507
0.009507
0.009507
0.009507
0.009507
0.009507
0.009507
0.009507
0.009507
0.009507
0.009507
0.009507
0.009507
0.009507
0.009507
0.009507
0.009507
0.009507
0.009507
0.009507
0.009507
0.009507
0.009507
0.009507
0.009507
0.009507
0.009507
0.009507
0.009507
0.009507
0.009507
0.009507
0.009507
0.009507
0.009507
0.009507
0.009507
0.009507
0.009507
0.009507
0.009507
0.009507
0.009507
0.009507
0.009507
0.009507
0.009507
0.009507
0.009507
0.009507
0.009507
0.009507
0.009507
0.009507
0.009507
0.009507
0.009507
0.009507
0.009507
0.009507
0.009507
0.009507
0.009507
0.009507
0.009507
0.009507
0.009507
0.009507
0.009507
0.009507
0.009507
0.009507
0.009507
0.009507
0.009507
0.009507
0.009507
0.009507
0.009507
0.009507
0.009507
0.009507
0.009507
0.009507
0.009507
0.009507
0.009507
0.009507
0.009507
0.009507
0.009507
0.009507
0.009507
0.009507
0.009507
0.009507
0.009507
0.009507
0.009507
0.009507
0.009507
0.009507
0.009507
0.009507
0.009507
0.009507
0.009507
0.009507
0.009507
0.009507
0.009507
0.009507
0.009507
0.008271
2.671723
2.666807
2.661895
2.656987
2.652083
2.647182
2.642285
2.637392
2.632502
2.627616
2.622733
2.617854
2.612978
2.608105
2.603236
2.598370
2.593507
2.588647
2.583790
2.578937
2.574086
2.569238
2.564393
2.559551
2.554711
2.549874
2.545040
2.540209
2.535380
2.530554
2.525730
2.520909
2.516090
2.511274
2.506460
2.501648
2.496839
2.492032
2.487227
2.482424
2.477623
2.472825
2.468029
2.463234
2.458442
2.453652
2.448864
2.444077
2.439293
2.434510
2.429729
2.424950
2.420173
2.415397
2.410623
2.405851
2.401081
2.396312
2.391545
2.386779
2.382015
2.377253
2.372491
2.367732
2.362974
2.358217
2.353462
2.348708
2.343956
2.339205
2.334455
2.329706
2.324959
2.320213
2.315469
2.310725
2.305983
2.301242
2.296502
2.291763
2.287026
2.282289
2.277554
2.272820
2.268087
2.263354
2.258623
2.253893
2.249164
2.244436
2.239709
2.234982
2.230257
2.225533
2.220809
2.216086
2.211365
2.206644
2.201924
2.197205
2.192486
2.187769
2.183052
2.178336
2.173621
2.168907
2.164193
2.159480
2.154768
2.150056
2.145345
2.140635
2.135926
2.131217
2.126509
2.121802
2.117095
2.112389
2.107683
2.102979
2.098282
2.093591
2.088900
2.084209
2.079519
2.074829
2.070139
2.065452
2.060767
2.056087
2.051410
2.046737
2.042068
2.037402
2.032740
2.028081
2.023425
2.018773
2.014125
2.009479
2.004837
2.000198
1.995561
1.990928
1.986298
1.981671
1.977046
1.972425
1.967806
1.963190
1.958577
1.953967
1.949359
1.944754
1.940151
1.935551
1.930953
1.926357
1.921764
1.917174
1.912585
1.907999
1.903415
1.898834
1.894254
1.889677
1.885102
1.880529
1.875958
1.871389
1.866821
1.862256
1.857693
1.853131
1.848572
1.844014
1.839458
1.834904
1.830351
1.825801
1.821252
1.816704
1.812158
1.807614
1.803071
1.798530
1.793991
1.789453
1.784916
1.780381
1.775847
1.771315
1.766784
1.762256
1.757733
1.753215
1.748701
1.744192
1.739687
1.735187
1.730691
1.726200
1.721716
1.717240
1.712771
1.708316
1.703869
1.699428
1.694994
1.690568
1.686148
1.681734
1.677327
1.672927
1.668533
1.664145
1.659763
1.655387
1.651018
1.646654
1.642297
1.637944
1.633598
1.629257
1.624921
1.620590
1.616265
1.611945
1.607630
1.603319
1.599014
1.594714
1.590420
1.586133
1.581857
1.577591
1.573337
1.569094
1.564861
1.560640
1.556428
1.552227
1.548037
1.543856
1.539686
1.535525
1.531375
1.527233
1.523101
1.518978
1.514864
1.510759
1.506662
1.502574
1.498494
1.494423
1.490359
1.486304
1.482257
1.478218
1.474187
1.470163
1.466147
1.462138
1.458136
1.454145
1.450163
1.446192
1.442231
1.438280
1.434339
1.430407
1.426486
1.422573
1.418670
1.414776
1.410891
1.407014
1.403146
1.399286
1.395435
1.391592
1.387757
1.383930
1.380110
1.376299
1.372496
1.368700
1.364911
1.361129
1.357354
1.353587
1.349826
1.346072
1.342325
1.338584
1.334849
1.331121
1.327399
1.323684
1.319975
1.316272
1.312574
1.308882
1.305196
1.301516
1.297841
1.294171
1.290507
1.286847
1.283193
1.279544
1.275901
1.272262
1.268628
1.264999
1.261375
1.257755
1.254139
1.250529
1.246922
1.243320
1.239722
1.236128
1.232538
1.228953
1.225371
1.221794
1.218220
1.214650
1.211084
1.207522
1.203963
1.200408
1.196856
1.193307
1.189762
1.186221
1.182682
1.179148
1.175616
1.172087
1.168562
1.165039
1.161520
1.158003
1.154490
1.150979
1.147473
1.143974
1.140477
1.136984
1.133492
1.130004
1.126518
1.123034
1.119553
1.116074
1.112597
1.109122
1.105650
1.102180
1.098712
1.095246
1.091783
1.088321
1.084861
1.081404
1.077948
1.074495
1.071043
1.067593
1.064145
1.060699
1.057254
1.053812
1.050371
1.046931
1.043494
1.040058
1.036623
1.033191
1.029760
1.026330
1.022902
1.019475
1.016050
1.012627
1.009204
1.005783
1.002364
0.998946
0.995529
0.992114
0.988699
0.985287
0.981875
0.978465
0.975055
0.971648
0.968241
0.964835
0.961431
0.958027
0.954625
0.951224
0.947824
0.944425
0.941027
0.937630
0.934234
0.930839
0.927445
0.924051
0.920662
0.917277
0.913893
0.910510
0.907127
0.903745
0.900364
0.896984
0.893605
0.890231
0.886859
0.883488
0.880117
0.876747
0.873378
0.870009
0.866641
0.863273
0.859906
0.856539
0.853173
0.849807
0.846442
0.843077
0.839713
0.836349
0.832986
0.829623
0.826261
0.822899
0.819538
0.816177
0.812816
0.809458
0.806103
0.802753
0.799406
0.796062
0.792723
0.789387
0.786059
0.782742
0.779437
0.776137
0.772845
0.769558
0.766278
0.763005
0.759738
0.756477
0.753221
0.749971
0.746728
0.743489
0.740256
0.737029
0.733807
0.730590
0.727378
0.724172
0.720970
0.717774
0.714583
0.711396
0.708214
0.705037
0.701864
0.698696
0.695532
0.692372
0.689217
0.686068
0.682926
0.679801
0.676687
0.673583
0.670490
0.667408
0.664335
0.661272
0.658219
0.655175
0.652141
0.649117
0.646101
0.643095
0.640097
0.637108
0.634129
0.631158
0.628195
0.625240
0.622293
0.619355
0.616424
0.613501
0.610585
0.607677
0.604776
0.601882
0.598995
0.596117
0.593249
0.590391
0.587544
0.584706
0.581878
0.579059
0.576250
0.573450
0.570659
0.567877
0.565104
0.562340
0.559585
0.556838
0.554100
0.551370
0.548647
0.545933
0.543227
0.540528
0.537836
0.535152
0.532476
0.529806
0.527144
0.524488
0.521840
0.519199
0.516564
0.513936
0.511314
0.508698
0.506089
0.503486
0.500888
0.498297
0.495712
0.493132
0.490558
0.487989
0.485427
0.482869
0.480317
0.477771
0.475229
0.472693
0.470165
0.467645
0.465133
0.462629
0.460134
0.457646
0.455165
0.452693
0.450229
0.447772
0.445322
0.442879
0.440443
0.438014
0.435591
0.433176
0.430767
0.428364
0.425968
0.423578
0.421194
0.418817
0.416445
0.414080
0.411720
0.409366
0.407018
0.404675
0.402337
0.400005
0.397678
0.395356
0.393039
0.390728
0.388421
0.386119
0.383823
0.381530
0.379243
0.376960
0.374681
0.372407
0.370137
0.367872
0.365610
0.363353
0.361100
0.358851
0.356606
0.354365
0.352127
0.349894
0.347664
0.345438
0.343215
0.340996
0.338780
0.336568
0.334359
0.332153
0.329951
0.327752
0.325556
0.323363
0.321173
0.318987
0.316803
0.314622
0.312444
0.310269
0.308096
0.305926
0.303759
0.301595
0.299433
0.297274
0.295117
0.292963
0.290812
0.288662
0.286515
0.284371
0.282228
0.280088
0.277950
0.275815
0.273681
0.271550
0.269420
0.267293
0.265168
0.263045
0.260923
0.258804
0.256686
0.254571
0.252457
0.250345
0.248235
0.246126
0.244019
0.241914
0.239811
0.237709
0.235609
0.233510
0.231413
0.229322
0.227234
0.225147
0.223062
0.220979
0.218896
0.216816
0.214742
0.212670
0.210599
0.208529
0.206460
0.204395
0.202334
0.200280
0.198235
0.196196
0.194166
0.192143
0.190127
0.188119
0.186117
0.184125
0.182143
0.180171
0.178209
0.176257
0.174315
0.172382
0.170459
0.168545
0.166640
0.164745
0.162858
0.160980
0.159113
0.157259
0.155416
0.153590
0.151780
0.149984
0.148199
0.146425
0.144663
0.142916
0.141182
0.139462
0.137754
0.136060
0.134379
0.132711
0.131055
0.129412
0.127780
0.126160
0.124551
0.122954
0.121368
0.119793
0.118229
0.116675
0.115132
0.113600
0.112081
0.110576
0.109084
0.107605
0.106139
0.104689
0.103254
0.101831
0.100421
0.099027
0.097647
0.096282
0.094935
0.093607
0.092297
0.091003
0.089727
0.088467
0.087224
0.085997
0.084785
0.083589
0.082409
0.081244
0.080093
0.078958
0.077837
0.076731
0.075639
0.074561
0.073496
0.072445
0.071406
0.070381
0.069368
0.068368
0.067380
0.066404
0.065440
0.064488
0.063552
0.062632
0.061725
0.060833
0.059955
0.059091
0.058241
0.057404
0.056580
0.055769
0.054971
0.054187
0.053420
0.052666
0.051924
0.051194
0.050476
0.049768
0.049072
0.048387
0.047713
0.047050
0.046397
0.045754
0.045121
0.044499
0.043886
0.043284
0.042691
0.042108
0.041533
0.040968
0.040412
0.039864
0.039326
0.038795
0.038273
0.037760
0.037254
0.036757
0.036267
0.035786
0.035312
0.034846
0.034387
0.033935
0.033491
0.033053
0.032623
0.032199
0.031782
0.031371
0.030967
0.030569
0.030178
0.029794
0.029415
0.029042
0.028676
0.028315
0.027959
0.027610
0.027266
0.026927
0.026594
0.026265
0.025943
0.025625
0.025312
0.025005
0.024702
0.024405
0.024111
0.023823
0.023539
0.023260
0.022985
0.022714
0.022447
0.022185
0.021927
0.021673
0.021424
0.021178
0.020936
0.020698
0.020464
0.020233
0.020006
0.019783
0.019563
0.019347
0.019134
0.018924
0.018718
0.018515
0.018316
0.018120
0.017926
0.017736
0.017549
0.017365
0.017183
0.017005
0.016829
0.016656
0.016486
0.016318
0.016154
0.015992
0.015832
0.015675
0.015521
0.015369
0.015219
0.015072
0.014927
0.014784
0.014644
0.014506
0.014370
0.014236
0.014104
0.013975
0.013847
0.013722
0.013599
0.013477
0.013357
0.013240
0.013126
0.013018
0.012914
0.012815
0.012719
0.012624
0.012531
0.012439
0.012348
0.012259
0.012172
0.012089
0.012010
0.011933
0.011857
0.011782
0.011708
0.011635
0.011564
0.011494
0.011424
0.011356
0.011289
0.011223
0.011162
0.011105
0.011048
0.010992
0.010937
0.010883
0.010830
0.010777
0.010732
0.010688
0.010644
0.010601
0.010558
0.010516
0.010475
0.010435
0.010395
0.010356
0.010317
0.010279
0.010242
0.010205
0.010169
0.010133
0.010098
0.010063
0.010030
0.010000
0.009973
0.009947
0.009921
0.009896
0.009871
0.009846
0.009822
0.009798
0.009781
0.009764
0.009748
0.009736
0.009726
0.009717
0.009707
0.009698
0.009689
0.009680
0.009671
0.009662
0.009653
0.009645
0.009637
0.009628
0.009620
0.009612
0.009605
0.009597
0.009589
0.009582
0.009575
0.009567
0.009560
0.009553
0.009546
0.009540
0.009533
0.009527
0.009520
0.009518
0.009518
0.009518
0.009518
0.009518
0.009518
0.009518
0.009518
0.009518
0.009518
0.009518
0.009518
0.009518
0.009518
0.009518
0.009518
0.009518
0.009518
0.009518
0.009518
0.009518
0.009518
0.009518
0.009518
0.009518
0.009518
0.009518
0.009518
0.009518
0.009518
0.009518
0.009518
0.009518
0.009518
0.009518
0.009518
0.009518
0.009518
0.009518
0.009518
0.009518
0.009518
0.009518
0.009518
0.009518
0.009518
0.009518
0.009518
0.009518
0.009518
0.009518
0.009518
0.009518
0.009518
0.009518
0.009518
0.009518
0.009518
0.009518
0.009518
0.009518
0.009518
0.009518
0.009518
0.009518
0.009518
0.009518
0.009518
0.009518
0.009518
0.009518
0.009518
0.009518
0.009518
0.009518
0.009518
0.009518
0.009518
0.009518
0.009518
0.009518
0.009518
0.009518
0.009518
0.009518
0.009518
0.009518
0.009518
0.009518
0.009518
0.009518
0.009518
0.009518
0.009518
0.009518
0.009518
0.009518
0.009518
0.009518
0.009518
0.009518
0.009518
0.009518
0.009518
0.009518
0.009518
0.009518
0.009518
0.009518
0.009518
0.009518
0.009518
0.009518
0.009518
0.009518
0.009518
0.009518
0.009518
0.009518
0.009518
0.009518
0.009518
0.009518
0.009518
0.009518
0.009518
0.009518
0.009518
0.009518
0.009518
0.009518
0.009518
0.009518
0.009518
0.009518
0.009518
0.009518
0.009518
0.009518
0.009518
0.009518
0.009518
0.009518
0.009518
0.009518
0.009518
0.009518
0.009518
0.009518
0.009518
0.009518
0.009518
0.009518
0.009518
0.009518
0.009518
0.009518
0.009518
0.009518
0.009518
0.009518
0.009518
0.009518
0.009518
0.009518
0.009518
0.009518
0.009518
0.009518
0.009518
0.009518
0.009518
0.009518
0.009518
0.009518
0.009518
0.009518
0.009518
0.009518
0.009518
0.009518
0.009518
0.009518
0.009518
0.009518
0.009518
0.009518
0.009518
0.009518
0.009518
0.009518
0.009518
0.009518
0.009518
0.009518
0.009518
0.009518
0.009518
0.009518
0.009518
0.009518
0.009518
0.009518
0.009518
0.009518
0.009518
0.009518
0.009518
0.009518
0.009518
0.009518
0.009518
0.009518
0.009518
0.009518
0.009518
0.009518
0.009518
0.009518
0.009518
0.009518
0.009518
0.009518
0.009518
0.009518
0.009518
0.009518
0.009518
0.009518
0.009518
0.009518
0.009518
0.009518
0.009518
0.009518
0.009518
0.009518
0.009518
0.009518
0.009518
0.009518
0.009518
0.009518
0.009518
0.009518
0.009518
0.009518
0.009518
0.009518
0.009518
0.009518
0.009518
0.009518
0.009518
0.009518
0.009518
0.009518
0.009518
0.009518
0.009518
0.009518
0.009518
0.009518
0.009518
0.009518
0.009518
0.009518
0.009518
0.009518
0.009518
0.009518
0.009518
0.009518
0.009518
0.009518
0.009518
0.009518
0.009518
0.009518
0.009518
0.009518
0.009518
0.009518
0.009518
0.009518
0.009518
0.009518
0.009518
0.009518
0.009518
0.009518
0.009518
0.009518
0.009518
0.009518
0.009518
0.009518
0.009518
0.009518
0.009518
0.009518
0.009518
0.009518
0.009518
0.009518
0.009518
0.009518
0.009518
0.009518
0.009518
0.009518
0.009518
0.009518
0.009518
0.009518
0.009518
0.009518
0.009518
0.009518
0.009518
0.009518
0.009518
0.009518
0.009518
0.009518
0.009518
0.009518
0.009518
0.009518
0.009518
0.009518
0.009518
0.009518
0.009518
0.009518
0.009518
0.009518
0.009518
0.009518
0.009518
0.009518
0.009518
0.009518
0.009518
0.009518
0.009518
0.009518
0.009518
0.009518
0.009518
0.009518
0.009518
0.009518
0.009518
0.009518
0.009518
0.009518
0.009518
0.009518
0.009518
0.009518
0.009518
0.009518
0.009518
0.009518
0.009518
0.009518
0.009518
0.009518
0.009518
0.009518
0.009518
0.009518
0.009518
0.009518
0.009518
0.009518
0.009518
0.009518
0.009518
0.009518
0.009518
0.009518
0.009518
0.009518
0.009518
0.009518
0.009518
0.009518
0.009518
0.009518
0.009518
0.009518
0.009518
0.009518
0.009518
0.009518
0.009518
0.009518
0.009518
0.009518
0.009518
0.009518
0.009518
0.009518
0.009518
0.009518
0.009518
0.009518
0.009518
0.009518
0.009518
0.009518
0.009518
0.009518
0.009518
0.009518
0.009518
0.009518
0.009518
0.009518
0.009518
0.009518
0.009518
0.009518
0.009518
0.009518
0.009518
0.009518
0.009518
0.009518
0.009518
0.009518
0.009518
0.009518
0.009518
0.009518
0.009518
0.009518
0.009518
0.009518
0.009518
0.009518
0.009518
0.009518
0.009518
0.009518
0.009518
0.009518
0.009518
0.009518
0.009518
0.009518
0.009518
0.009518
0.009518
0.009518
0.009518
0.009518
0.009518
0.009518
0.009518
0.009518
0.009518
0.009518
0.009518
0.009518
0.009518
0.009518
0.009518
0.009518
0.009518
0.009518
0.009518
0.009518
0.009518
0.009518
0.009518
0.009518
0.009518
0.009518
0.009518
0.009518
0.009518
0.009518
0.009518
0.009518
0.009518
0.009518
0.009518
0.009518
0.009518
0.009518
0.009518
0.009518
0.009518
0.009518
0.009518
0.009518
0.009518
0.009518
0.009518
0.009518
0.009518
0.009518
0.009518
0.009518
0.009518
0.009518
0.009518
0.009518
0.009518
0.009518
0.009518
0.009518
0.009518
0.009518
0.009518
0.009518
0.009518
0.009518
0.009518
0.009518
0.009518
0.009518
0.009518
0.009518
0.009518
0.009518
0.009518
0.009518
0.009518
0.009518
0.009518
0.009518
0.009518
0.009518
0.009518
0.009518
0.009518
0.009518
0.009518
0.009518
0.009518
0.009518
0.009518
0.009518
0.009518
0.009518
0.009518
0.009518
0.009518
0.009518
0.009518
0.009518
0.009518
0.009518
0.009518
0.009518
0.009518
0.009518
0.009518
0.009518
0.009518
0.009518
0.009518
0.009518
0.009518
0.009518
0.009518
0.009518
0.009518
0.009518
0.009518
0.009518
0.009518
0.009518
0.009518
0.009518
0.009518
0.009518
0.009518
0.009518
0.009518
0.009518
0.009518
0.009518
0.009518
0.009518
0.009518
0.009518
0.009518
0.009518
0.009518
0.009518
0.009518
0.009518
0.009518
0.009518
0.009518
0.009518
0.009518
0.009518
0.009518
0.009518
0.009518
0.009518
0.009518
0.009518
0.009518
0.009518
0.009518
0.009518
0.009518
0.009518
0.009518
0.009518
0.009518
0.009518
0.009518
0.009518
0.009518
0.009518
0.009518
0.009518
0.009518
0.009518
0.009518
0.009518
0.009518
0.009518
0.009518
0.009518
0.009518
0.009518
0.009518
0.009518
0.009518
0.009518
0.009518
0.009518
0.009518
0.009518
0.009518
0.009518
0.009518
0.009518
0.009518
0.009518
0.009518
0.009518
0.009518
0.009518
0.009518
0.009518
0.009518
0.009518
0.009518
0.009518
0.009518
0.009518
0.009518
0.009518
0.009518
0.009518
0.009518
0.009518
0.009518
0.009518
0.009518
0.009518
0.009518
0.009518
0.009518
0.009518
0.009518
0.009518
0.009518
0.009518
0.009518
0.009518
0.009518
0.009518
0.009518
0.009518
0.009518
0.009518
0.009518
0.009518
0.009518
0.009518
0.009518
0.009518
0.009518
0.009518
0.009518
0.009518
0.009518
0.009518
0.009518
0.009518
0.009518
0.009518
0.009518
0.009518
0.009518
0.009518
0.009518
0.009518
0.009518
0.009518
0.009518
0.009518
0.009518
0.009518
0.009518
0.009518
0.009518
0.009518
0.009518
0.009518
0.009518
0.009518
0.009518
0.009518
0.009518
0.009518
0.009518
0.009518
0.009518
0.009518
0.009518
0.009518
0.009518
0.009518
0.009518
0.009518
0.009518
0.009518
0.009518
0.009518
0.009518
0.009518
0.009518
0.009518
0.009518
0.009518
0.009518
0.009518
0.009518
0.009518
0.009518
0.009518
0.009518
0.009518
0.009518
0.009518
0.009518
0.009518
0.009518
0.009518
0.009518
0.009518
0.009518
0.009518
0.009518
0.009518
0.009518
0.009518
0.009518
0.009518
0.009518
0.009518
0.009518
0.009518
0.009518
0.009518
0.009518
0.009518
0.009518
0.009518
0.009518
0.009518
0.009518
0.009518
0.009518
0.009518
0.009518
0.009518
0.009518
0.009518
0.009518
0.009518
0.009518
0.009518
0.009518
0.009518
0.009518
0.009518
0.009518
0.009518
0.009518
0.009518
0.009518
0.009518
0.009518
0.009518
0.009518
0.009518
0.009518
0.009518
0.009518
0.009518
0.009518
0.009518
0.009518
0.009518
0.009518
0.009518
0.009518
0.009518
0.009518
0.009518
0.009518
0.009518
0.009518
0.009518
0.009518
0.009518
0.009518
0.009518
0.009518
0.009518
0.009518
0.009518
0.009518
0.009518
0.009518
0.009518
0.009518
0.009518
0.009518
0.009518
0.009518
0.009518
0.009518
0.009518
0.009518
0.009518
0.009518
0.009518
0.009518
0.009518
0.009518
0.009518
0.009518
0.009518
0.009518
0.009518
0.009518
0.009518
0.009518
0.009518
0.009518
0.009518
0.009518
0.009518
0.009518
0.009518
0.009518
0.009518
0.009518
0.009518
0.009518
0.009518
0.009518
0.009518
0.009518
0.009518
0.009518
0.009518
0.009518
0.009518
0.009518
0.009518
0.009518
0.009518
0.009518
0.009518
0.009518
0.009518
0.009518
0.009518
0.009518
0.009518
0.009518
0.009518
0.009518
0.009518
0.009518
0.009518
0.009518
0.009518
0.009518
0.009518
0.009518
0.009518
0.009518
0.009518
0.009518
0.009518
0.009518
0.009518
0.009518
0.009518
0.009518
0.009518
0.009518
0.009518
0.009518
0.009518
0.009518
0.009518
0.009518
0.009518
0.009518
0.009518
0.009518
0.009518
0.009518
0.009518
0.009518
0.009518
0.009518
0.009518
0.009518
0.009518
0.009518
0.009518
0.009518
0.009518
0.009518
0.009518
0.009518
0.009518
0.009518
0.009518
0.009518
0.009518
0.009518
0.009518
0.009518
0.009518
0.009518
0.009518
0.009518
0.009518
0.009518
0.009518
0.009518
0.009518
0.009518
0.009518
0.009518
0.009518
0.009518
0.009518
0.009518
0.009518
0.009518
0.009518
0.009518
0.009518
0.009518
0.009518
0.009518
0.009518
0.009518
0.009518
0.009518
0.009518
0.009518
0.009518
0.009518
0.009518
0.009518
0.009518
0.009518
0.009518
0.009518
0.009518
0.009518
0.009518
0.009518
0.009518
0.009518
0.009518
0.009518
0.009518
0.009518
0.009518
0.009518
0.009518
0.009518
0.009518
0.009518
0.009518
0.009518
0.009518
0.009518
0.009518
0.009518
0.009518
0.009518
0.009518
0.009518
0.009518
0.009518
0.009518
0.009518
0.009518
0.009518
0.009518
0.009518
0.009518
0.009518
0.009518
0.009518
0.009518
0.009518
0.009518
0.009518
0.009518
0.009518
0.009518
0.009518
0.009518
0.009518
0.009518
0.009518
0.009518
0.009518
0.009518
0.009518
0.009518
0.009518
0.009518
0.009518
0.009518
0.009518
0.009518
0.009518
0.009518
0.009518
0.009518
0.009518
0.009518
0.009518
0.009518
0.009518
0.009518
0.009518
0.009518
0.009518
0.009518
0.009518
0.009518
0.009518
0.009518
0.009518
0.009518
0.009518
0.009518
0.009518
0.009518
0.009518
0.009518
0.009518
0.009518
0.009518
0.009518
0.009518
0.009518
0.009518
0.009518
0.009518
0.009518
0.009518
0.009518
0.009518
0.009518
0.009518
0.009518
0.009518
0.009518
0.009518
0.009518
0.009518
0.009518
0.009518
0.009518
0.009518
0.009518
0.009518
0.009518
0.009518
0.009518
0.009518
0.009518
0.009518
0.009518
0.009518
0.009518
0.009518
0.009518
0.009518
0.009518
0.009518
0.009518
0.009518
0.009518
0.009518
0.009518
0.009518
0.009518
0.009518
0.009518
0.009518
0.009518
0.009518
0.009518
0.009518
0.009518
0.009518
0.009518
0.009518
0.009518
0.009518
0.009518
0.009518
0.009518
0.009518
0.009518
0.009518
0.009518
0.009518
0.009518
0.009518
0.009518
0.009518
0.009518
0.009518
0.009518
0.009518
0.009518
0.009518
0.009518
0.009518
0.009518
0.009518
0.009518
0.009518
0.009518
0.009518
0.009518
0.009518
0.009518
0.009518
0.009518
0.009518
0.009518
0.009518
0.009518
0.009518
0.009518
0.009518
0.009518
0.009518
0.009518
0.009518
0.009518
0.009518
0.009518
0.009518
0.009518
0.009518
0.009518
0.009518
0.009518
0.009518
0.009518
0.009518
0.009518
0.009518
0.009518
0.009518
0.009518
0.009518
0.009518
0.009518
0.009518
0.009518
0.009518
0.009518
0.009518
0.009518
0.009518
0.009518
0.009518
0.009518
0.009518
0.009518
0.009518
0.009518
0.009518
0.009518
0.009518
0.009518
0.009518
0.009518
0.009518
0.009518
0.009518
0.009518
0.009518
0.009518
0.009518
0.009518
0.009518
0.009518
0.009518
0.009518
0.009518
0.009518
0.009518
0.009518
0.009518
0.009518
0.009518
0.009518
0.009518
0.009518
0.009518
0.009518
0.009518
0.009518
0.009518
0.009518
0.009518
0.009518
0.009518
0.009518
0.009518
0.009518
0.009518
0.009518
0.009518
0.009518
0.009518
0.009518
0.009518
0.009518
0.009518
0.009518
0.009518
0.009518
0.009518
0.009518
0.009518
0.009518
0.009518
0.009518
0.009518
0.009518
0.009518
0.009518
0.009518
0.009518
0.009518
0.009518
0.009518
0.009518
0.009518
0.009518
0.009518
0.009518
0.009518
0.009518
0.009518
0.009518
0.009518
0.009518
0.009518
0.009518
0.009518
0.009518
0.009518
0.009518
0.009518
0.009518
0.009518
0.009518
0.009518
0.009518
0.009518
0.009518
0.009518
0.009518
0.009518
0.009518
0.009518
0.009518
0.009518
0.009518
0.009518
0.009518
0.009518
0.009518
0.009518
0.009518
0.009518
0.009518
0.009518
0.009518
0.009518
0.009518
0.009518
0.009518
0.009518
0.009518
0.009518
0.009518
0.009518
0.009518
0.009518
0.009518
0.009518
0.009518
0.009518
0.009518
0.009518
0.009518
0.009518
0.009518
0.009518
0.009518
0.009518
0.009518
0.009518
0.009518
0.009518
0.009518
0.009518
0.009518
0.009518
0.009518
0.009518
0.009518
0.009518
0.009518
0.009518
0.009518
0.009518
0.009518
0.009518
0.009518
0.009518
0.009518
0.009518
0.009518
0.009518
0.009518
0.009518
0.009518
0.009518
0.009518
0.009518
0.009518
0.009518
0.009518
0.009518
0.009518
0.009518
0.009518
0.009518
0.009518
0.009518
0.009518
0.009518
0.009518
0.009518
0.009518
0.009518
0.009518
0.009518
0.009518
0.009518
0.009518
0.009518
0.009518
0.009518
0.009518
0.009518
0.009518
0.009518
0.009518
0.009518
0.009518
0.009518
0.009518
0.009518
0.009518
0.009518
0.009518
0.009518
0.009518
0.009518
0.009518
0.009518
0.009518
0.009518
0.009518
0.009518
0.009518
0.009518
0.009518
0.009518
0.009518
0.009518
0.009518
0.009518
0.009518
0.009518
0.009518
0.009518
0.009518
0.009518
0.009518
0.009518
0.009518
0.009518
0.009518
0.009518
0.009518
0.009518
0.009518
0.009518
0.009518
0.009518
0.009518
0.009518
0.009518
0.009518
0.009518
0.009518
0.009518
0.009518
0.009518
0.009518
0.009518
0.009518
0.009518
0.009518
0.009518
0.009518
0.009518
0.009518
0.009518
0.009518
0.009518
0.009518
0.009518
0.009518
0.009518
0.009518
0.009518
0.009518
0.009518
0.009518
0.009518
0.009518
0.009518
0.009518
0.009518
0.009518
0.009518
0.009518
0.009518
0.009518
0.009518
0.009518
0.009518
0.009518
0.009518
0.009518
0.009518
0.009518
0.009518
0.009518
0.009518
0.009518
0.009518
0.009518
0.009518
0.009518
0.009518
0.009518
0.009518
0.009518
0.009518
0.009518
0.009518
0.009518
0.009518
0.009518
0.009518
0.009518
0.009518
0.009518
0.009518
0.009518
0.009518
0.009518
0.009518
0.009518
0.009518
0.009518
0.009518
0.009518
0.009518
0.009518
0.009518
0.009518
0.009518
0.009518
0.009518
0.009518
0.009518
0.009518
0.009518
0.009518
0.009518
0.009518
0.009518
0.009518
0.009518
0.009518
0.009518
0.009518
0.009518
0.009518
0.009518
0.009518
0.009518
0.009518
0.009518
0.009518
0.009518
0.009518
0.009518
0.009518
0.009518
0.009518
0.009518
0.009518
0.009518
0.009518
0.009518
0.009518
0.009518
0.009518
0.009518
0.009518
0.009518
0.009518
0.009518
0.009518
0.009518
0.009518
0.009518
0.009518
0.009518
0.009518
0.009518
0.009518
0.009518
0.009518
0.009518
0.009518
0.009518
0.009518
0.009518
0.009518
0.009518
0.009518
0.009518
0.009518
0.009518
0.009518
0.009518
0.009518
0.009518
0.009518
0.009518
0.009518
0.009518
0.009518
0.009518
0.009518
0.009518
0.009518
0.009518
0.009518
0.009518
0.009518
0.009518
0.009518
0.009518
0.009518
0.009518
0.009518
0.009518
0.009518
0.009518
0.009518
0.009518
0.009518
0.009518
0.009518
0.009518
0.009518
0.009518
0.009518
0.009518
0.009518
0.009518
0.009518
0.009518
0.009518
0.009518
0.009518
0.009518
0.009518
0.009518
0.009518
0.009518
0.009518
0.009518
0.009518
0.009518
0.009518
0.009518
0.009518
0.009518
0.009518
0.009518
0.009518
0.009518
0.009518
0.009518
0.009518
0.009518
0.009518
0.009518
0.009518
0.009518
0.009518
0.009518
0.009518
0.009518
0.009518
0.009518
0.009518
0.009518
0.009518
0.009518
0.009518
0.009518
0.009518
0.009518
0.009518
0.009518
0.009518
0.009518
0.009518
0.009518
0.009518
0.009518
0.009518
0.009518
0.009518
0.009518
0.009518
0.009518
0.009518
0.009518
0.009518
0.009518
0.009518
0.009518
0.009518
0.009518
0.009518
0.009518
0.009518
0.009518
0.009518
0.009518
0.009518
0.009518
0.009518
0.009518
0.009518
0.009518
0.009518
0.009518
0.009518
0.009518
0.009518
0.009518
0.009518
0.009518
0.009518
0.009518
0.009518
0.009518
0.009518
0.009518
0.009518
0.009518
0.009518
0.009518
0.009518
0.009518
0.009518
0.009518
0.009518
0.009518
0.009518
0.009518
0.009518
0.009518
0.009518
0.009518
0.009518
0.009518
0.009518
0.009518
0.009518
0.009518
0.009518
0.009518
0.009518
0.009518
0.009518
0.009518
0.009518
0.009518
0.009518
0.009518
0.009518
0.009518
0.009518
0.009518
0.009518
0.009518
0.009518
0.009518
0.009518
0.009518
0.009518
0.009518
0.009518
0.009518
0.009518
0.009518
0.009518
0.009518
0.009518
0.009518
0.009518
0.009518
0.009518
0.009518
0.009518
0.009518
0.009518
0.009518
0.009518
0.009518
0.009518
0.009518
0.009518
0.009518
0.009518
0.009518
0.009518
0.009518
0.009518
0.009518
0.009518
0.009518
0.009518
0.009518
0.009518
0.009518
0.008814
2.687244
2.681503
2.675767
2.670035
2.664307
2.658582
2.652862
2.647146
2.641434
2.635725
2.630020
2.624319
2.618621
2.612927
2.607236
2.601548
2.595864
2.590183
2.584505
2.578831
2.573159
2.567491
2.561825
2.556163
2.550503
2.544846
2.539192
2.533541
2.527892
2.522246
2.516603
2.510962
2.505323
2.499687
2.494054
2.488422
2.482793
2.477167
2.471542
2.465920
2.460300
2.454682
2.449066
2.443452
2.437840
2.432230
2.426622
2.421016
2.415411
2.409809
2.404208
2.398610
2.393013
2.387417
2.381823
2.376231
2.370641
2.365052
2.359465
2.353879
2.348295
2.342712
2.337130
2.331550
2.325972
2.320395
2.314819
2.309244
2.303671
2.298099
2.292528
2.286959
2.281390
2.275823
2.270257
2.264693
2.259129
2.253567
2.248005
2.242445
2.236885
2.231327
2.225770
2.220214
2.214658
2.209104
2.203550
2.197998
2.192446
2.186896
2.181346
2.175797
2.170249
2.164702
2.159161
2.153625
2.148094
2.142569
2.137048
2.131532
2.126020
2.120516
2.115021
2.109534
2.104056
2.098587
2.093126
2.087673
2.082228
2.076791
2.071362
2.065940
2.060526
2.055124
2.049732
2.044346
2.038968
2.033596
2.028230
2.022872
2.017519
2.012173
2.006833
2.001500
1.996172
1.990849
1.985533
1.980222
1.974917
1.969617
1.964323
1.959033
1.953749
1.948470
1.943196
1.937926
1.932662
1.927402
1.922147
1.916896
1.911650
1.906408
1.901170
1.895937
1.890707
1.885482
1.880261
1.875044
1.869831
1.864621
1.859415
1.854213
1.849014
1.843819
1.838627
1.833439
1.828254
1.823072
1.817894
1.812719
1.807546
1.802377
1.797211
1.792048
1.786887
1.781730
1.776575
1.771423
1.766274
1.761127
1.755983
1.750841
1.745702
1.740566
1.735432
1.730300
1.725170
1.720043
1.714918
1.709795
1.704675
1.699556
1.694444
1.689337
1.684231
1.679128
1.674026
1.668926
1.663828
1.658731
1.653636
1.648543
1.643452
1.638362
1.633273
1.628187
1.623101
1.618018
1.612935
1.607854
1.602775
1.597697
1.592620
1.587545
1.582471
1.577398
1.572327
1.567256
1.562187
1.557120
1.552053
1.546987
1.541923
1.536860
1.531798
1.526737
1.521677
1.516618
1.511560
1.506503
1.501447
1.496392
1.491338
1.486285
1.481233
1.476182
1.471132
1.466082
1.461034
1.455986
1.450939
1.445893
1.440847
1.435803
1.430759
1.425716
1.420674
1.415632
1.410591
1.405551
1.400512
1.395473
1.390435
1.385397
1.380361
1.375324
1.370289
1.365254
1.360219
1.355186
1.350152
1.345120
1.340088
1.335056
1.330025
1.324994
1.319964
1.314935
1.309907
1.304882
1.299863
1.294849
1.289839
1.284834
1.279833
1.274837
1.269846
1.264858
1.259875
1.254896
1.249921
1.244950
1.239982
1.235019
1.230060
1.225104
1.220152
1.215203
1.210258
1.205316
1.200378
1.195443
1.190512
1.185583
1.180658
1.175736
1.170816
1.165900
1.160987
1.156077
1.151171
1.146273
1.141378
1.136486
1.131596
1.126709
1.121828
1.116953
1.112089
1.107236
1.102392
1.097559
1.092736
1.087924
1.083125
1.078340
1.073569
1.068812
1.064069
1.059338
1.054621
1.049917
1.045226
1.040547
1.035885
1.031238
1.026608
1.021994
1.017398
1.012822
1.008265
1.003726
0.999207
0.994705
0.990221
0.985755
0.981306
0.976874
0.972458
0.968059
0.963676
0.959309
0.954958
0.950630
0.946327
0.942047
0.937790
0.933556
0.929343
0.925152
0.920982
0.916833
0.912705
0.908596
0.904508
0.900438
0.896390
0.892364
0.888360
0.884379
0.880420
0.876483
0.872566
0.868671
0.864795
0.860940
0.857105
0.853289
0.849492
0.845714
0.841955
0.838214
0.834490
0.830783
0.827094
0.823421
0.819765
0.816125
0.812500
0.808892
0.805298
0.801720
0.798156
0.794607
0.791072
0.787551
0.784044
0.780550
0.777070
0.773602
0.770148
0.766705
0.763276
0.759859
0.756453
0.753060
0.749677
0.746306
0.742947
0.739597
0.736259
0.732931
0.729613
0.726306
0.723008
0.719720
0.716442
0.713173
0.709913
0.706663
0.703421
0.700188
0.696964
0.693748
0.690540
0.687345
0.684163
0.680993
0.677834
0.674688
0.671552
0.668429
0.665316
0.662214
0.659123
0.656043
0.652972
0.649912
0.646862
0.643824
0.640800
0.637789
0.634792
0.631808
0.628837
0.625879
0.622934
0.620001
0.617080
0.614172
0.611275
0.608390
0.605516
0.602654
0.599802
0.596961
0.594130
0.591310
0.588500
0.585701
0.582915
0.580147
0.577396
0.574664
0.571949
0.569251
0.566570
0.563905
0.561257
0.558625
0.556009
0.553410
0.550831
0.548271
0.545730
0.543209
0.540712
0.538234
0.535772
0.533328
0.530900
0.528489
0.526094
0.523715
0.521352
0.519004
0.516671
0.514354
0.512050
0.509761
0.507486
0.505225
0.502978
0.500743
0.498522
0.496314
0.494118
0.491935
0.489765
0.487606
0.485459
0.483323
0.481199
0.479086
0.476984
0.474893
0.472812
0.470741
0.468681
0.466631
0.464590
0.462559
0.460538
0.458530
0.456534
0.454547
0.452568
0.450604
0.448649
0.446703
0.444764
0.442841
0.440925
0.439016
0.437115
0.435221
0.433334
0.431453
0.429580
0.427713
0.425856
0.424009
0.422168
0.420334
0.418505
0.416686
0.414876
0.413072
0.411273
0.409479
0.407690
0.405907
0.404129
0.402355
0.400587
0.398824
0.397070
0.395325
0.393589
0.391864
0.390159
0.388463
0.386774
0.385093
0.383420
0.381754
0.380096
0.378444
0.376801
0.375164
0.373534
0.371910
0.370294
0.368689
0.367093
0.365502
0.363918
0.362339
0.360767
0.359200
0.357639
0.356084
0.354534
0.352989
0.351450
0.349915
0.348386
0.346862
0.345342
0.343828
0.342318
0.340813
0.339312
0.337816
0.336324
0.334836
0.333353
0.331874
0.330399
0.328928
0.327461
0.325997
0.324538
0.323082
0.321630
0.320182
0.318737
0.317296
0.315858
0.314423
0.312992
0.311564
0.310139
0.308717
0.307298
0.305883
0.304470
0.303060
0.301653
0.300248
0.298847
0.297448
0.296052
0.294658
0.293267
0.291879
0.290493
0.289109
0.287728
0.286349
0.284972
0.283600
0.282235
0.280872
0.279511
0.278152
0.276795
0.275439
0.274086
0.272735
0.271385
0.270037
0.268691
0.267346
0.266004
0.264662
0.263329
0.261998
0.260668
0.259340
0.258014
0.256688
0.255364
0.254042
0.252720
0.251400
0.250082
0.248764
0.247447
0.246132
0.244818
0.243505
0.242193
0.240883
0.239573
0.238264
0.236957
0.235655
0.234362
0.233071
0.231781
0.230492
0.229203
0.227915
0.226628
0.225341
0.224055
0.222770
0.221487
0.220209
0.218933
0.217657
0.216381
0.215106
0.213831
0.212556
0.211282
0.210009
0.208736
0.207463
0.206191
0.204919
0.203647
0.202376
0.201105
0.199835
0.198565
0.197295
0.196026
0.194760
0.193498
0.192242
0.190990
0.189742
0.188499
0.187260
0.186025
0.184795
0.183569
0.182346
0.181128
0.179913
0.178703
0.177496
0.176293
0.175093
0.173897
0.172705
0.171515
0.170330
0.169147
0.167968
0.166792
0.165619
0.164450
0.163283
0.162119
0.160959
0.159801
0.158645
0.157493
0.156343
0.155196
0.154052
0.152910
0.151771
0.150634
0.149500
0.148368
0.147238
0.146111
0.144986
0.143863
0.142742
0.141624
0.140507
0.139393
0.138281
0.137171
0.136062
0.134956
0.133852
0.132751
0.131657
0.130565
0.129475
0.128386
0.127299
0.126213
0.125129
0.124046
0.122965
0.121885
0.120807
0.119730
0.118654
0.117580
0.116507
0.115436
0.114365
0.113296
0.112228
0.111162
0.110096
0.109032
0.107969
0.106908
0.105853
0.104804
0.103760
0.102721
0.101687
0.100658
0.099634
0.098615
0.097601
0.096592
0.095587
0.094587
0.093591
0.092600
0.091613
0.090630
0.089651
0.088677
0.087706
0.086739
0.085777
0.084818
0.083863
0.082911
0.081963
0.081019
0.080078
0.079140
0.078206
0.077275
0.076347
0.075422
0.074501
0.073582
0.072667
0.071755
0.070850
0.069952
0.069061
0.068177
0.067301
0.066430
0.065567
0.064710
0.063859
0.063015
0.062177
0.061344
0.060518
0.059698
0.058883
0.058078
0.057282
0.056496
0.055719
0.054952
0.054194
0.053445
0.052705
0.051974
0.051251
0.050537
0.049831
0.049133
0.048443
0.047761
0.047087
0.046421
0.045762
0.045110
0.044465
0.043828
0.043197
0.042573
0.041956
0.041345
0.040742
0.040149
0.039566
0.038994
0.038432
0.037880
0.037338
0.036805
0.036282
0.035769
0.035264
0.034769
0.034282
0.033805
0.033335
0.032875
0.032422
0.031977
0.031541
0.031112
0.030691
0.030277
0.029871
0.029472
0.029080
0.028695
0.028317
0.027945
0.027581
0.027222
0.026871
0.026525
0.026186
0.025852
0.025525
0.025203
0.024888
0.024578
0.024273
0.023974
0.023681
0.023392
0.023109
0.022833
0.022567
0.022305
0.022048
0.021796
0.021548
0.021304
0.021065
0.020830
0.020600
0.020373
0.020151
0.019932
0.019718
0.019507
0.019300
0.019097
0.018897
0.018701
0.018508
0.018319
0.018134
0.017951
0.017772
0.017596
0.017423
0.017253
0.017087
0.016923
0.016762
0.016604
0.016449
0.016296
0.016147
0.016000
0.015855
0.015714
0.015574
0.015437
0.015303
0.015171
0.015042
0.014915
0.014790
0.014667
0.014546
0.014428
0.014312
0.014197
0.014085
0.013975
0.013867
0.013761
0.013656
0.013554
0.013453
0.013354
0.013257
0.013162
0.013068
0.012976
0.012886
0.012797
0.012710
0.012624
0.012540
0.012457
0.012376
0.012297
0.012218
0.012142
0.012066
0.011992
0.011919
0.011848
0.011778
0.011709
0.011645
0.011586
0.011527
0.011470
0.011413
0.011358
0.011304
0.011250
0.011198
0.011146
0.011095
0.011046
0.010997
0.010949
0.010902
0.010856
0.010810
0.010766
0.010722
0.010679
0.010637
0.010595
0.010554
0.010514
0.010475
0.010436
0.010399
0.010361
0.010325
0.010289
0.010253
0.010219
0.010185
0.010151
0.010119
0.010086
0.010055
0.010031
0.010008
0.009985
0.009962
0.009939
0.009917
0.009896
0.009875
0.009854
0.009833
0.009813
0.009794
0.009774
0.009755
0.009736
0.009723
0.009712
0.009702
0.009691
0.009680
0.009670
0.009660
0.009650
0.009640
0.009631
0.009621
0.009612
0.009603
0.009594
0.009585
0.009577
0.009568
0.009560
0.009552
0.009544
0.009536
0.009528
0.009521
0.009513
0.009506
0.009499
0.009498
0.009498
0.009498
0.009498
0.009498
0.009498
0.009498
0.009498
0.009498
0.009498
0.009498
0.009498
0.009498
0.009498
0.009498
0.009498
0.009498
0.009498
0.009498
0.009498
0.009498
0.009498
0.009498
0.009498
0.009498
0.009498
0.009498
0.009498
0.009498
0.009498
0.009498
0.009498
0.009498
0.009498
0.009498
0.009498
0.009498
0.009498
0.009498
0.009498
0.009498
0.009498
0.009498
0.009498
0.009498
0.009498
0.009498
0.009498
0.009498
0.009498
0.009498
0.009498
0.009498
0.009498
0.009498
0.009498
0.009498
0.009498
0.009498
0.009498
0.009498
0.009498
0.009498
0.009498
0.009498
0.009498
0.009498
0.009498
0.009498
0.009498
0.009498
0.009498
0.009498
0.009498
0.009498
0.009498
0.009498
0.009498
0.009498
0.009498
0.009498
0.009498
0.009498
0.009498
0.009498
0.009498
0.009498
0.009498
0.009498
0.009498
0.009498
0.009498
0.009498
0.009498
0.009498
0.009498
0.009498
0.009498
0.009498
0.009498
0.009498
0.009498
0.009498
0.009498
0.009498
0.009498
0.009498
0.009498
0.009498
0.009498
0.009498
0.009498
0.009498
0.009498
0.009498
0.009498
0.009498
0.009498
0.009498
0.009498
0.009498
0.009498
0.009498
0.009498
0.009498
0.009498
0.009498
0.009498
0.009498
0.009498
0.009498
0.009498
0.009498
0.009498
0.009498
0.009498
0.009498
0.009498
0.009498
0.009498
0.009498
0.009498
0.009498
0.009498
0.009498
0.009498
0.009498
0.009498
0.009498
0.009498
0.009498
0.009498
0.009498
0.009498
0.009498
0.009498
0.009498
0.009498
0.009498
0.009498
0.009498
0.009498
0.009498
0.009498
0.009498
0.009498
0.009498
0.009498
0.009498
0.009498
0.009498
0.009498
0.009498
0.009498
0.009498
0.009498
0.009498
0.009498
0.009498
0.009498
0.009498
0.009498
0.009498
0.009498
0.009498
0.009498
0.009498
0.009498
0.009498
0.009498
0.009498
0.009498
0.009498
0.009498
0.009498
0.009498
0.009498
0.009498
0.009498
0.009498
0.009498
0.009498
0.009498
0.009498
0.009498
0.009498
0.009498
0.009498
0.009498
0.009498
0.009498
0.009498
0.009498
0.009498
0.009498
0.009498
0.009498
0.009498
0.009498
0.009498
0.009498
0.009498
0.009498
0.009498
0.009498
0.009498
0.009498
0.009498
0.009498
0.009498
0.009498
0.009498
0.009498
0.009498
0.009498
0.009498
0.009498
0.009498
0.009498
0.009498
0.009498
0.009498
0.009498
0.009498
0.009498
0.009498
0.009498
0.009498
0.009498
0.009498
0.009498
0.009498
0.009498
0.009498
0.009498
0.009498
0.009498
0.009498
0.009498
0.009498
0.009498
0.009498
0.009498
0.009498
0.009498
0.009498
0.009498
0.009498
0.009498
0.009498
0.009498
0.009498
0.009498
0.009498
0.009498
0.009498
0.009498
0.009498
0.009498
0.009498
0.009498
0.009498
0.009498
0.009498
0.009498
0.009498
0.009498
0.009498
0.009498
0.009498
0.009498
0.009498
0.009498
0.009498
0.009498
0.009498
0.009498
0.009498
0.009498
0.009498
0.009498
0.009498
0.009498
0.009498
0.009498
0.009498
0.009498
0.009498
0.009498
0.009498
0.009498
0.009498
0.009498
0.009498
0.009498
0.009498
0.009498
0.009498
0.009498
0.009498
0.009498
0.009498
0.009498
0.009498
0.009498
0.009498
0.009498
0.009498
0.009498
0.009498
0.009498
0.009498
0.009498
0.009498
0.009498
0.009498
0.009498
0.009498
0.009498
0.009498
0.009498
0.009498
0.009498
0.009498
0.009498
0.009498
0.009498
0.009498
0.009498
0.009498
0.009498
0.009498
0.009498
0.009498
0.009498
0.009498
0.009498
0.009498
0.009498
0.009498
0.009498
0.009498
0.009498
0.009498
0.009498
0.009498
0.009498
0.009498
0.009498
0.009498
0.009498
0.009498
0.009498
0.009498
0.009498
0.009498
0.009498
0.009498
0.009498
0.009498
0.009498
0.009498
0.009498
0.009498
0.009498
0.009498
0.009498
0.009498
0.009498
0.009498
0.009498
0.009498
0.009498
0.009498
0.009498
0.009498
0.009498
0.009498
0.009498
0.009498
0.009498
0.009498
0.009498
0.009498
0.009498
0.009498
0.009498
0.009498
0.009498
0.009498
0.009498
0.009498
0.009498
0.009498
0.009498
0.009498
0.009498
0.009498
0.009498
0.009498
0.009498
0.009498
0.009498
0.009498
0.009498
0.009498
0.009498
0.009498
0.009498
0.009498
0.009498
0.009498
0.009498
0.009498
0.009498
0.009498
0.009498
0.009498
0.009498
0.009498
0.009498
0.009498
0.009498
0.009498
0.009498
0.009498
0.009498
0.009498
0.009498
0.009498
0.009498
0.009498
0.009498
0.009498
0.009498
0.009498
0.009498
0.009498
0.009498
0.009498
0.009498
0.009498
0.009498
0.009498
0.009498
0.009498
0.009498
0.009498
0.009498
0.009498
0.009498
0.009498
0.009498
0.009498
0.009498
0.009498
0.009498
0.009498
0.009498
