0.293333
0.293333
0.293333
0.293333
0.293333
0.293333
0.293333
0.293333
0.293333
0.293333
0.293333
0.293333
0.293333
0.293333
0.293333
0.293333
0.293333
0.293333
0.293333
0.293333
0.293333
0.293333
0.293333
0.293267
0.292956
0.292023
0.290447
0.288094
0.285076
0.281729
0.278516
0.275459
0.272625
0.269817
0.267277
0.264672
0.262090
0.259486
0.256687
0.253778
0.250826
0.247715
0.244978
0.242465
0.240038
0.237972
0.235823
0.233796
0.231795
0.229585
0.227448
0.225266
0.223222
0.221455
0.219931
0.218543
0.217322
0.215791
0.214089
0.212445
0.210682
0.208754
0.206660
0.204649
0.202305
0.200268
0.198153
0.196132
0.194184
0.192312
0.190243
0.188182
0.186291
0.184478
0.182451
0.180550
0.178442
0.176449
0.174293
0.172322
0.170319
0.168408
0.166589
0.164867
0.163097
0.161600
0.160044
0.158353
0.156690
0.155062
0.153450
0.151808
0.150143
0.148259
0.146501
0.144669
0.142756
0.141025
0.139325
0.137662
0.136170
0.134548
0.132904
0.131197
0.129560
0.127885
0.126223
0.124687
0.122954
0.121416
0.119877
0.118357
0.116729
0.115306
0.113717
0.112338
0.110708
0.109272
0.107885
0.106540
0.105147
0.103820
0.102404
0.101099
0.099789
0.098353
0.097170
0.095843
0.094548
0.093398
0.092142
0.090917
0.089747
0.088582
0.087485
0.086350
0.085133
0.084074
0.082965
0.081850
0.080754
0.079666
0.078740
0.077705
0.076560
0.075636
0.074585
0.073604
0.072779
0.071824
0.070823
0.069931
0.069030
0.068074
0.067198
0.066368
0.065396
0.064618
0.063759
0.062867
0.062028
0.061223
0.060533
0.059645
0.058932
0.058092
0.057324
0.056587
0.055909
0.055075
0.054396
0.053715
0.052983
0.052222
0.051671
0.050903
0.050292
0.049624
0.048968
0.048365
0.047637
0.047099
0.046481
0.045818
0.045278
0.044684
0.044102
0.043509
0.042967
0.042407
0.041819
0.041303
0.040733
0.040188
0.039680
0.039180
0.038608
0.038139
0.037595
0.037214
0.767686
0.767180
0.766825
0.766348
0.766034
0.765638
0.765220
0.764841
0.764499
0.764280
0.764004
0.763805
0.763504
0.763360
0.763146
0.762908
0.762758
0.762652
0.762444
0.762239
0.762082
0.761926
0.761850
0.761739
0.761627
0.761366
0.761233
0.761029
0.760875
0.760744
0.760842
0.761136
0.761582
0.762064
0.762663
0.763175
0.763630
0.763900
0.764324
0.764918
0.765398
0.765900
0.766493
0.766703
0.766632
0.766252
0.766010
0.765705
0.765607
0.765497
0.404835
0.404714
0.404444
0.403973
0.403417
0.402775
0.402227
0.401642
0.401081
0.400691
0.400145
0.399705
0.399325
0.398811
0.398222
0.397700
0.396871
0.396060
0.395241
0.394298
0.393449
0.392509
0.391463
0.390568
0.389555
0.388424
0.387259
0.385986
0.384929
0.383749
0.382689
0.381640
0.380708
0.379863
0.378898
0.377938
0.376860
0.375847
0.374885
0.373738
0.372619
0.371469
0.370282
0.369122
0.367837
0.366626
0.365305
0.363973
0.362676
0.361253
0.359793
0.358329
0.356897
0.355527
0.354093
0.352609
0.351048
0.349507
0.347942
0.346367
0.344714
0.343003
0.341469
0.340133
0.338918
0.338141
0.337248
0.336510
0.335519
0.334220
0.332563
0.330620
0.328637
0.326607
0.324635
0.322846
0.321114
0.319506
0.317741
0.316077
0.314328
0.312481
0.310669
0.308798
0.306957
0.305216
0.303379
0.301639
0.299817
0.298030
0.296296
0.294508
0.292727
0.290982
0.289100
0.287335
0.285540
0.283814
0.281939
0.280297
0.278410
0.276642
0.274930
0.273072
0.271378
0.269582
0.267809
0.266105
0.264224
0.262595
0.260770
0.259018
0.257346
0.255511
0.253814
0.252019
0.250301
0.248637
0.246773
0.245153
0.243362
0.241651
0.239952
0.238129
0.236549
0.234765
0.233070
0.231363
0.229560
0.227919
0.226219
0.224461
0.222801
0.221017
0.219386
0.217668
0.215964
0.214342
0.212535
0.210937
0.209279
0.207540
0.205832
0.204143
0.202553
0.200818
0.199183
0.197491
0.195817
0.194228
0.192505
0.190859
0.189204
0.187538
0.185968
0.184263
0.182629
0.181014
0.179383
0.177764
0.176119
0.174463
0.172805
0.171225
0.169628
0.168011
0.166401
0.164718
0.163120
0.161521
0.159861
0.158365
0.156676
0.155088
0.153529
0.151859
0.150311
0.148687
0.147090
0.145550
0.143879
0.142370
0.140776
0.139174
0.137656
0.136050
0.134488
0.132992
0.131461
0.129947
0.128454
0.126958
0.125541
0.124005
0.122551
0.121169
0.119698
0.118265
0.116884
0.115488
0.114062
0.112807
0.111422
0.110071
0.108779
0.107371
0.106137
0.104841
0.103567
0.102356
0.101040
0.099810
0.098599
0.097351
0.096207
0.094990
0.093858
0.092697
0.091535
0.090390
0.089381
0.088237
0.087130
0.086098
0.085024
0.083972
0.082976
0.081965
0.081001
0.079968
0.079008
0.078046
0.077102
0.076107
0.075207
0.074310
0.073401
0.072544
0.071644
0.070759
0.069951
0.069095
0.068277
0.067488
0.066626
0.065858
0.065047
0.064296
0.063488
0.062734
0.062033
0.061327
0.060559
0.059875
0.059171
0.058464
0.057745
0.057105
0.056401
0.055783
0.055086
0.054461
0.053830
0.053190
0.052552
0.051979
0.051325
0.050789
0.050171
0.049603
0.049030
0.048463
0.047886
0.047366
0.046744
0.046257
0.045756
0.045182
0.044659
0.044216
0.043732
0.043186
0.042701
0.042210
0.041735
0.041291
0.040851
0.040349
0.039969
0.039396
0.039027
0.038565
0.038140
0.037709
0.037310
0.036914
0.036479
0.036121
0.035725
0.035348
0.034917
0.034517
0.034140
0.033830
0.033395
0.033065
0.032754
0.032341
0.031990
0.031654
0.031321
0.030957
0.030646
0.030335
0.030006
0.029714
0.029413
0.029083
0.028795
0.028484
0.028164
0.027898
0.027584
0.027322
0.027055
0.026732
0.026487
0.026225
0.025936
0.025733
0.025392
0.025103
0.024947
0.024659
0.024419
0.024162
0.023940
0.023740
0.023408
0.023252
0.023008
0.022796
0.022532
0.022332
0.022133
0.021866
0.021711
0.021477
0.021299
0.021055
0.020877
0.020703
0.020504
0.020259
0.020113
0.019914
0.019740
0.019540
0.019404
0.019182
0.019026
0.018871
0.018685
0.018485
0.018329
0.018196
0.018018
0.017885
0.017734
0.017556
0.017410
0.017230
0.017141
0.016963
0.016811
0.016678
0.016545
0.016323
0.016278
0.016101
0.015977
0.015803
0.015714
0.015559
0.015492
0.015337
0.015245
0.015111
0.014955
0.014915
0.014714
0.014613
0.014546
0.014413
0.014302
0.014191
0.014102
0.013973
0.013884
0.013751
0.013706
0.013573
0.013484
0.013396
0.013285
0.013215
0.013104
0.012993
0.012948
0.012882
0.012726
0.012660
0.012593
0.012514
0.012447
0.012314
0.012247
0.012159
0.012092
0.012070
0.011914
0.011848
0.011803
0.011759
0.011648
0.011559
0.011537
0.011426
0.011359
0.011315
0.011271
0.011201
0.011090
0.011023
0.010979
0.010957
0.010912
0.010801
0.010734
0.010646
0.010623
0.010601
0.010535
0.010512
0.010401
0.010335
0.010290
0.010224
0.010202
0.010179
0.010090
0.010068
0.010024
0.010024
0.010002
0.009980
0.009957
0.009935
0.009891
0.009869
0.009847
0.009847
0.009824
0.009802
0.009780
0.009736
0.009714
0.009691
0.009691
0.009691
0.009711
0.009644
0.009644
0.009622
0.009622
0.009622
0.009599
0.009599
0.009577
0.009577
0.009533
0.009533
0.009533
0.009555
0.009555
0.009555
0.009533
0.009533
0.009533
0.009533
0.009533
0.009533
0.009533
0.009533
0.009533
0.009533
0.009533
0.009533
0.009533
0.009533
0.009533
0.009533
0.009533
0.009533
0.009533
0.009533
0.009533
0.009533
0.009533
0.009533
0.009533
0.009533
0.009533
0.009533
0.009533
0.009533
0.009533
0.009533
0.009533
0.009533
0.009533
0.009533
0.009533
0.009533
0.009533
0.009533
0.009533
0.009533
0.009533
0.009533
0.009533
0.009533
0.009533
0.009533
0.009533
0.009533
0.009533
0.009533
0.009533
0.009533
0.009533
0.009533
0.009533
0.009533
0.009533
0.009533
0.009533
0.009533
0.009533
0.009533
0.009533
0.009533
0.009533
0.009533
0.009533
0.009533
0.009533
0.009533
0.009533
0.009533
0.009533
0.009533
0.009533
0.009533
0.009533
0.009533
0.009533
0.009533
0.009533
0.009533
0.009533
0.009533
0.009533
0.009533
0.009533
0.009533
0.009533
0.009533
0.009533
0.009533
0.009533
0.009533
0.009533
0.009533
0.009533
0.009533
0.009533
0.009533
0.009533
0.009533
0.009533
0.009533
0.009533
0.009533
0.009533
0.009533
0.009533
0.009533
0.009533
0.009533
0.009533
0.009533
0.009533
0.009533
0.009533
0.009533
0.009533
0.009533
0.009533
0.009533
0.009533
0.009533
0.009533
0.009533
0.009533
0.009533
0.009533
0.009533
0.009533
0.009533
0.009533
0.009533
0.009533
0.009533
0.009533
0.009533
0.009533
0.009533
0.009533
0.009533
0.009533
0.009533
0.009533
0.009533
0.009533
0.009533
0.009533
0.009533
0.009533
0.009533
0.009533
0.009533
0.009533
0.009533
0.009533
0.009533
0.009533
0.009533
0.009533
0.009533
0.009533
0.009533
0.009533
0.009533
0.009533
0.009533
0.009533
0.009533
0.009533
0.009533
0.009533
0.009533
0.009533
0.009533
0.009533
0.009533
0.009533
0.009533
0.009533
0.009533
0.009533
0.009533
0.009533
0.009533
0.009533
0.009533
0.009533
0.009533
0.009533
0.009533
0.009533
0.009533
0.009533
0.009533
0.009533
0.009533
0.009533
0.009533
0.009533
0.009533
0.009533
0.009533
0.009533
0.009533
0.009533
0.009533
0.009533
0.009533
0.009533
0.009533
0.009533
0.009533
0.009533
0.009533
0.009533
0.009533
0.009533
0.009533
0.009533
0.009533
0.009533
0.009533
0.009533
0.009533
0.009533
0.009533
0.009533
0.009533
0.009533
0.009533
0.009533
0.009533
0.009533
0.009533
0.009533
0.009533
0.009533
0.009533
0.009533
0.009533
0.009533
0.009533
0.009533
0.009533
0.009533
0.009533
0.009533
0.009533
0.009533
0.009533
0.009533
0.009533
0.009533
0.009533
0.009533
0.009533
0.009533
0.009533
0.009533
0.009533
