2.419649
2.343754
2.199292
2.073556
1.994320
1.956127
1.942438
1.940123
1.940010
1.939508
1.938292
1.936638
1.935070
1.933262
1.931437
1.929780
1.927761
1.925595
1.923521
1.921511
1.919581
1.917417
1.915269
1.913251
1.911530
1.909492
1.907331
1.905180
1.902917
1.900693
1.898571
1.896283
1.894157
1.891709
1.889601
1.887352
1.885452
1.883408
1.881271
1.879374
1.877480
1.875694
1.873980
1.872212
1.870182
1.868269
1.866453
1.864324
1.862657
1.860865
1.859187
1.857527
1.855836
1.853923
1.851831
1.849376
1.846934
1.844596
1.842187
1.839969
1.837676
1.835287
1.832990
1.830712
1.828449
1.826525
1.824596
1.822615
1.820592
1.818688
1.816790
1.814840
1.813226
1.811636
1.809692
1.807867
1.805960
1.804083
1.802094
1.800011
1.797764
1.795348
1.792741
1.790180
1.787612
1.784967
1.782436
1.779797
1.777117
1.774311
1.771555
1.768710
1.765726
1.762730
1.759608
1.756465
1.753314
1.750088
1.746806
1.743540
1.740274
1.737079
1.733749
1.730356
1.727188
1.723640
1.720304
1.717220
1.714752
1.711519
1.708228
1.705080
1.701578
1.698285
1.695309
1.692823
1.689523
1.686315
1.682991
1.679670
1.676202
1.672813
1.669431
1.665913
1.662460
1.659081
1.655698
1.652199
1.648678
1.645201
1.641613
1.637992
1.634371
1.630890
1.627218
1.623587
1.619905
1.616407
1.612925
1.609372
1.606008
1.602553
1.599233
1.595911
1.592598
1.589284
1.585907
1.582478
1.579143
1.575873
1.572485
1.569107
1.565559
1.562280
1.558954
1.556147
1.552972
1.549755
1.546280
1.543026
1.539676
1.536307
1.532910
1.529617
1.526134
1.522905
1.519511
1.516304
1.513116
1.509972
1.506985
1.503874
1.500802
1.497728
1.494652
1.491433
1.488481
1.485380
1.482253
1.479246
1.476274
1.473347
1.470266
1.467382
1.464406
1.461445
1.459445
1.456760
1.454011
1.451275
1.448551
1.446043
1.443437
1.440782
1.438146
1.435549
1.432989
1.430281
1.427718
1.425213
1.422509
1.419906
1.417200
1.414523
1.411630
1.408756
1.405846
1.403058
1.400157
1.397322
1.394476
1.391602
1.388740
1.385687
1.383027
1.380266
1.377521
1.374935
1.372117
1.369544
1.366726
1.364043
1.361476
1.358646
1.356041
1.353276
1.350693
1.347953
1.345407
1.342640
1.339998
1.337305
1.334734
1.332104
1.329479
1.326810
1.324091
1.321629
1.318940
1.316311
1.313597
1.310794
1.307940
1.305185
1.302878
1.300057
1.297402
1.294495
1.291676
1.288870
1.286192
1.283417
1.280649
1.278011
1.275230
1.272416
1.269553
1.266647
1.263918
1.261159
1.258424
1.255690
1.253073
1.250116
1.247387
1.244562
1.241753
1.238965
1.236090
1.233316
1.230584
1.227713
1.224951
1.222158
1.219591
1.216689
1.214013
1.211069
1.208163
1.205316
1.202471
1.199743
1.196755
1.193919
1.191663
1.189071
1.186192
1.183384
1.180478
1.177528
1.174594
1.171854
1.169635
1.166757
1.163834
1.160800
1.157853
1.155209
1.152127
1.149154
1.145971
1.142981
1.139765
1.136645
1.133587
1.130466
1.127450
1.124361
1.121364
1.118070
1.115111
1.111718
1.108772
1.105771
1.102719
1.100191
1.098144
1.095163
1.092370
1.089436
1.086445
1.083427
1.081320
1.078182
1.075032
1.071990
1.068887
1.065895
1.062835
1.059889
1.056892
1.053875
1.050764
1.047868
1.044667
1.041663
1.038640
1.035614
1.032529
1.029537
1.026531
1.023628
1.020471
1.017470
1.014529
1.011675
1.008578
1.005615
1.003860
1.000969
0.998099
0.995193
0.992308
0.989541
0.986567
0.983815
0.980925
0.978160
0.975599
0.972874
0.970186
0.967467
0.964708
0.962085
0.959422
0.956595
0.953953
0.951065
0.948500
0.945495
0.943181
0.940743
0.937885
0.935105
0.932311
0.929025
0.925825
0.922427
0.919065
0.915666
0.912278
0.908914
0.905609
0.902192
0.898822
0.895443
0.892000
0.888764
0.885250
0.881822
0.878454
0.874881
0.871596
0.868251
0.864766
0.861406
0.857904
0.854318
0.850803
0.847348
0.843778
0.840418
0.836728
0.833240
0.829611
0.826127
0.822500
0.818995
0.815443
0.811924
0.808478
0.805017
0.801620
0.798000
0.794759
0.791226
0.787797
0.784455
0.781089
0.777826
0.774315
0.771048
0.767775
0.764403
0.761709
0.759110
0.755883
0.752660
0.749502
0.746300
0.743044
0.739716
0.736378
0.733175
0.729889
0.726807
0.723616
0.720607
0.717524
0.714529
0.711623
0.708812
0.705974
0.703210
0.700487
0.697648
0.694910
0.692106
0.689840
0.687138
0.684707
0.682353
0.679828
0.677433
0.675234
0.672544
0.670470
0.668011
0.665554
0.662999
0.660338
0.657439
0.654502
0.651320
0.648280
0.645367
0.642566
0.639433
0.636417
0.633425
0.630650
0.627865
0.624964
0.622222
0.619261
0.616312
0.613502
0.610604
0.607855
0.605145
0.602310
0.599592
0.596805
0.593996
0.591298
0.588581
0.585850
0.583075
0.580377
0.577641
0.575097
0.572327
0.569665
0.567085
0.564456
0.561814
0.559199
0.556634
0.554178
0.551732
0.549193
0.546688
0.544356
0.541724
0.539268
0.536626
0.534077
0.531367
0.528666
0.526122
0.523595
0.521065
0.518513
0.516090
0.513463
0.511175
0.508592
0.506151
0.503669
0.501156
0.498620
0.496205
0.493668
0.490996
0.488372
0.485658
0.483069
0.480391
0.477581
0.475044
0.472328
0.469605
0.466906
0.464250
0.461530
0.458816
0.456174
0.453482
0.450769
0.448218
0.445623
0.442976
0.440578
0.438075
0.435580
0.433002
0.430734
0.428304
0.425591
0.422935
0.420382
0.417691
0.415095
0.412438
0.409963
0.407429
0.405008
0.402624
0.400109
0.397564
0.395054
0.392404
0.390040
0.387632
0.385172
0.382624
0.380275
0.377934
0.375525
0.373132
0.370779
0.368526
0.366032
0.363832
0.361549
0.359310
0.357038
0.354815
0.352582
0.350269
0.348134
0.345938
0.343819
0.341601
0.339449
0.337349
0.335228
0.333290
0.331128
0.329122
0.327016
0.325156
0.322979
0.321037
0.319053
0.317074
0.315098
0.313183
0.311234
0.309274
0.307389
0.305454
0.303534
0.301694
0.299699
0.297827
0.295836
0.293873
0.292122
0.290093
0.288163
0.286173
0.284338
0.282385
0.280434
0.278505
0.276638
0.274837
0.272984
0.271159
0.269349
0.267677
0.265756
0.263971
0.262238
0.260504
0.258787
0.257067
0.255356
0.253590
0.251854
0.250096
0.248351
0.246593
0.244807
0.243181
0.241392
0.239808
0.238101
0.236346
0.234688
0.232996
0.231331
0.229705
0.228007
0.226424
0.224808
0.223193
0.221634
0.220081
0.218602
0.217051
0.215581
0.214059
0.212527
0.211058
0.209596
0.208120
0.206592
0.205220
0.203767
0.202391
0.201025
0.199532
0.198143
0.196733
0.195520
0.193952
0.192691
0.191312
0.190007
0.188715
0.187248
0.185981
0.184577
0.183266
0.181927
0.180541
0.179234
0.177851
0.176527
0.175253
0.173741
0.172555
0.171265
0.169880
0.168574
0.167281
0.165989
0.164596
0.163319
0.162109
0.160774
0.159539
0.158340
0.157063
0.155751
0.154559
0.153374
0.152184
0.150898
0.149644
0.148548
0.147275
0.146054
0.144862
0.143680
0.142594
0.141351
0.140233
0.139101
0.137924
0.136673
0.135566
0.134486
0.133379
0.132355
0.131163
0.130005
0.128949
0.127833
0.126782
0.125571
0.124510
0.123456
0.122290
0.121249
0.120111
0.119000
0.117942
0.116823
0.115718
0.114628
0.113562
0.112532
0.111414
0.110365
0.109258
0.108218
0.107218
0.106130
0.105070
0.104063
0.103072
0.101988
0.100937
0.099916
0.098950
0.097935
0.096908
0.095941
0.094894
0.093919
0.092929
0.091915
0.090989
0.090018
0.089043
0.088084
0.087194
0.086225
0.085287
0.084357
0.083472
0.082552
0.081606
0.080712
0.079829
0.078931
0.078078
0.077142
0.076277
0.075407
0.074544
0.073629
0.072849
0.071992
0.071159
0.070187
0.069455
0.068642
0.067930
0.067059
0.066287
0.065464
0.064723
0.064016
0.063173
0.062448
0.061714
0.060982
0.060240
0.059491
0.058811
0.058110
0.057412
0.056735
0.056052
0.055397
0.054653
0.054056
0.053417
0.052804
0.052212
0.051598
0.050951
0.050423
0.049785
0.049215
0.048603
0.048073
0.047416
0.046901
0.046329
0.045835
0.045234
0.044739
0.044274
0.043716
0.043224
0.042676
0.042154
0.041668
0.041238
0.040658
0.040197
0.039802
0.039237
0.038798
0.038388
0.037896
0.037452
0.037019
0.036627
0.036236
0.035677
0.035330
0.034915
0.034535
0.034129
0.033673
0.033290
0.032925
0.032525
0.032138
0.031759
0.031437
0.031102
0.030735
0.030403
0.030017
0.029708
0.029394
0.029060
0.028742
0.028452
0.028131
0.027883
0.027587
0.027301
0.027044
0.026734
0.026439
0.026220
0.025970
0.025672
0.025469
0.025233
0.025023
0.024774
0.024552
0.024295
0.024047
0.023871
0.023606
0.023347
0.023126
0.022915
0.022608
0.022457
0.022216
0.022061
0.021821
0.021652
0.021451
0.021235
0.021094
0.020916
0.020750
0.020570
0.020438
0.020265
0.020077
0.019877
0.019737
0.019548
0.019413
0.019263
0.019135
0.018954
0.018790
0.018634
0.018584
0.018412
0.018285
0.018162
0.018002
0.017920
0.017804
0.017641
0.017494
0.017381
0.017314
0.017164
0.017055
0.016890
0.016836
0.016740
0.016638
0.016537
0.016412
0.016321
0.016167
0.016142
0.015992
0.015900
0.015830
0.015709
0.015656
0.015554
0.015487
0.015369
0.015284
0.015207
0.015133
0.015064
0.014989
0.014918
0.014868
0.014796
0.014719
0.014629
0.014594
0.014521
0.014475
0.014396
0.014374
0.014316
0.014240
0.014230
0.014118
0.014093
0.014052
0.013974
0.013949
0.013893
0.013806
0.013806
0.013734
0.013704
0.013655
0.013655
0.013595
0.013512
0.013512
0.013508
0.013448
0.013448
0.013404
0.013346
0.013294
0.013257
0.013233
0.013222
0.013185
0.013185
0.013162
0.013102
0.013057
0.013033
0.013011
0.012997
0.012972
0.012915
0.012870
0.012870
0.012870
0.012825
0.012811
0.012811
0.012788
0.012788
0.012767
0.012767
0.012731
0.012731
0.012710
0.012687
0.012687
0.012687
0.012674
0.012631
0.012631
0.012631
0.012609
0.012609
0.012589
0.012577
0.012577
0.012554
0.012554
0.012534
0.012534
0.012512
0.012512
0.012500
0.012500
0.012482
0.012460
0.012460
0.012460
0.012460
0.012460
0.012422
0.012397
0.012397
0.012397
0.012397
0.012397
0.012376
0.012360
0.012360
0.012360
0.012346
0.012346
0.012325
0.012325
0.012325
0.012311
0.012325
0.012325
0.012290
0.012290
0.012290
0.012290
0.012290
0.012290
0.012269
0.012264
0.012264
0.012251
0.012210
0.012158
0.012126
0.012103
0.012075
0.012075
0.012042
0.012021
0.012002
0.012002
0.011967
0.011943
0.011911
0.011891
0.011878
0.011860
0.011829
0.011811
0.011811
0.011811
0.011811
0.011811
0.011811
0.011811
0.011811
0.011811
0.011811
0.011811
0.011811
0.011811
0.011811
0.011811
0.011811
0.011811
0.011811
0.011811
0.011811
0.011811
0.011794
0.011794
0.011794
0.011794
0.011794
0.011794
0.011794
0.011794
0.011794
0.011794
0.011794
0.011794
0.011794
0.011794
0.011794
0.011794
0.011794
0.011794
0.011794
0.011794
0.011794
0.011784
0.011784
0.011784
0.011784
0.011784
0.011784
0.011784
0.011784
0.011784
0.011784
0.011784
0.011784
0.011784
0.011784
0.011784
0.011784
0.011784
0.011784
0.011784
0.011784
0.011784
0.011784
0.011784
0.011784
0.011784
0.011784
0.011784
0.011773
0.011773
0.011773
0.011773
0.011773
0.011773
0.011773
0.011773
0.011773
0.011773
0.011773
0.011773
0.011773
0.011773
0.011773
0.011773
0.011773
0.011773
0.011773
0.011773
0.011773
0.011773
0.011773
0.011773
0.011773
0.011773
0.011773
0.011773
0.011773
0.011773
0.011773
0.011773
0.011773
0.011773
0.011773
0.011773
0.011773
0.011773
0.011773
0.011773
0.011773
0.011773
0.011773
0.011773
0.011773
0.011773
0.011773
0.011773
0.011773
0.011773
0.011759
0.011759
0.011759
0.011759
0.011759
0.011759
0.011759
0.011759
0.011759
0.011759
0.011759
0.011759
0.011759
0.011759
0.011746
0.011746
0.011746
0.011746
0.011746
0.011746
0.011746
0.011755
0.011755
0.011774
0.011774
0.011772
0.011772
0.011772
0.011772
0.011772
0.011772
0.011772
0.011772
0.011772
0.011772
0.011772
0.011772
0.011772
0.011772
0.011772
0.011772
0.011772
0.011772
0.011772
0.011772
0.011772
0.011772
0.011772
0.011772
0.011772
0.011772
0.011772
0.011772
0.011772
0.011772
0.011772
0.011772
0.011772
0.011763
0.011763
0.011763
0.011763
0.011763
0.011763
0.011763
0.011763
0.011763
0.011763
0.011763
0.011763
0.011763
0.011763
0.011763
0.011763
0.011763
0.011763
0.011763
0.011763
0.011763
0.011763
0.011763
0.011763
0.011763
0.011763
0.011753
0.011763
0.011763
0.011763
0.011763
0.011763
0.011763
0.011763
0.011763
0.011763
0.011763
0.011763
0.011763
0.011763
0.011763
0.011763
0.011763
0.011775
0.011775
0.011775
0.011775
0.011775
0.011775
0.011775
0.011775
0.011775
0.011775
0.011775
0.011775
0.011765
0.011765
0.011765
0.011765
0.011765
0.011765
0.011765
0.011765
0.011765
0.011765
0.011765
0.011765
0.011765
0.011765
0.011765
0.011765
0.011765
0.011765
0.011765
0.011765
0.011765
0.011765
0.011765
0.011765
0.011765
0.011765
0.011765
0.011765
0.011765
0.011765
0.011765
0.011765
0.011765
0.011765
0.011765
0.011765
0.011765
0.011765
0.011765
0.011765
0.011765
0.011765
0.011765
0.011765
0.011765
0.011765
0.011765
0.011765
0.011765
0.011765
0.011765
0.011765
0.011765
0.011765
0.011765
0.011765
0.011765
0.011765
0.011765
0.011765
0.011765
0.011765
0.011765
0.011765
0.011765
0.011765
0.011765
0.011765
0.011765
0.011765
0.011765
0.011765
0.011765
0.011765
0.011765
0.011765
0.011765
0.011765
0.011765
0.011758
0.011758
0.011765
0.011765
0.011765
0.011765
0.011765
0.011765
0.011765
0.011765
0.011765
0.011765
0.011765
0.011765
0.011765
0.011765
0.011765
0.011765
0.011765
0.011758
0.011750
0.011771
0.011778
0.011778
0.011778
0.011778
0.011778
0.011778
0.011778
0.011778
0.011778
0.011778
0.011778
0.011778
0.011778
0.011778
0.011778
0.011778
0.011778
0.011778
0.011778
0.011778
0.011778
0.011771
0.011771
0.011771
0.011771
0.011771
0.011771
0.011771
0.011771
0.011771
0.011771
0.011771
0.011771
0.011771
0.011771
0.011771
0.011771
0.011771
0.011771
0.011771
0.011771
0.011771
0.011771
0.011771
0.011771
0.011771
0.011771
0.011771
0.011771
0.011771
0.011771
0.011771
0.011771
0.011771
0.011771
0.011751
0.011751
0.011751
0.011751
0.011751
0.011751
0.011751
0.011751
0.011751
0.011751
0.011751
0.011751
0.011751
0.011751
0.011751
0.011751
0.011751
0.011751
0.011751
0.011751
0.011751
0.011751
0.011751
0.011751
0.011751
0.011751
0.011751
0.011751
0.011751
0.011751
0.011770
0.011770
0.011770
0.011770
0.011770
0.011770
0.011770
0.011770
0.011770
0.011770
0.011770
0.011770
0.011770
0.011770
0.011770
0.012517
0.013286
0.013310
0.012601
0.012466
0.013881
0.015566
0.017387
0.018640
0.019708
0.020920
0.022266
0.023843
0.025073
0.026418
0.027792
0.029175
0.030194
0.031146
0.032165
0.032705
0.033204
0.033619
0.034041
0.034336
0.034498
0.034670
0.034674
0.034668
0.034536
0.034328
0.034242
0.033945
0.033624
0.033242
0.032973
0.032668
0.032206
0.031928
0.031432
0.031041
0.030699
0.030404
0.029975
0.029645
0.029370
0.029117
0.028728
0.028528
0.028367
0.028253
0.027920
0.027924
0.027908
0.027776
0.027588
0.027762
0.027874
0.027650
0.027784
0.028069
0.028335
0.028199
0.028574
0.028846
0.029175
0.029114
0.029480
0.029811
0.030288
0.030188
0.030668
0.031079
0.031563
0.031544
0.032071
0.032488
0.032869
0.032751
0.033292
0.033872
0.033662
0.034321
0.034740
0.035294
0.035162
0.035843
0.036280
0.036875
0.036776
0.037311
0.037812
0.038344
0.038334
0.038856
0.039216
0.039748
0.039699
0.040171
0.040707
0.040501
0.041070
0.041551
0.042108
0.041909
0.042310
0.042870
0.043357
0.043177
0.043685
0.044129
0.044575
0.044346
0.044876
0.045315
0.045735
0.045460
0.045976
0.046396
0.046778
0.046664
0.047079
0.047521
0.047273
0.047702
0.047981
0.048499
0.048169
0.048616
0.048960
0.049398
0.049144
0.049444
0.049932
0.050206
0.049978
0.050166
0.050596
0.050930
0.050640
0.050976
0.051292
0.050995
0.051263
0.051657
0.051951
0.051598
0.051944
0.052126
0.052629
0.052111
0.052536
0.052776
0.053086
0.052774
0.052943
0.053357
0.053589
0.053160
0.053498
0.053797
0.053389
0.053684
0.053883
0.054268
0.053698
0.053891
0.054057
0.054397
0.053967
0.054153
0.054390
0.054604
0.054258
0.054521
0.054716
0.054932
0.054621
0.054820
0.055064
0.055292
0.054832
0.055088
0.055359
0.054972
0.055216
0.055444
0.055716
0.055224
0.055493
0.055711
0.055993
0.055501
0.055832
0.056048
0.056286
0.055857
0.056056
0.056331
0.056657
0.056171
0.056369
0.056699
0.056201
0.056417
0.056758
0.056920
0.056541
0.056785
0.056976
0.057259
0.056796
0.057042
0.057260
0.057532
0.057052
0.057309
0.057637
0.057728
0.057418
0.057732
0.057752
0.058126
0.057732
0.057932
0.058151
0.057769
0.058013
0.058185
0.058516
0.057996
0.058270
0.058516
0.058691
0.058325
0.058607
0.058717
0.059037
0.058668
0.058783
0.058972
0.059292
0.058809
0.059038
0.059310
0.058847
0.059119
0.059369
0.059530
0.059068
0.059369
0.059503
0.059815
0.059323
0.059540
0.059814
0.060017
0.059509
0.059821
0.060039
0.060186
0.059791
0.060075
0.060208
0.060412
0.060017
0.060160
0.060407
0.059970
0.060130
0.060330
0.060605
0.060139
0.060329
0.060491
0.060752
0.060273
0.060529
0.060691
0.060979
0.060471
0.060698
0.060917
0.061092
0.060640
0.060840
0.061087
0.060564
0.060782
0.060925
0.061200
0.060763
0.060838
0.060945
0.061342
0.060791
0.060941
0.061160
0.061341
0.060855
0.061083
0.061131
0.061370
0.060911
0.061111
0.061188
0.061341
0.060996
0.061051
0.061241
0.060832
0.060965
0.061051
0.061297
0.060804
0.060881
0.061156
0.061309
0.060709
0.060964
0.061154
0.061307
0.060792
0.061049
0.061069
0.061335
0.060877
0.060964
0.061125
0.060688
0.060792
0.060963
0.061210
0.060688
0.060735
0.060983
0.061153
0.060660
0.060793
0.061040
0.061080
0.060650
0.060822
0.061040
0.061137
0.060622
0.060793
0.061012
0.061193
0.060651
0.060936
0.061012
0.060462
0.060679
0.060930
0.061015
0.060436
0.060797
0.060845
0.060998
0.060512
0.060683
0.060873
0.060998
0.060483
0.060655
0.060816
0.060970
0.060511
0.060683
0.060901
0.060322
0.060454
0.060654
0.060759
0.060322
0.060454
0.060589
0.060787
0.060293
0.060484
0.060560
0.060827
0.060284
0.060399
0.060504
0.060828
0.060284
0.060370
0.060589
0.060775
0.060267
0.060382
0.060543
0.060106
0.060238
0.060373
0.060600
0.060163
0.060240
0.060345
0.060605
0.060153
0.060296
0.060401
0.060662
0.060182
0.060296
0.060458
0.060634
0.060238
0.060296
0.060487
0.059964
0.060295
0.060353
0.060515
0.060049
0.060352
0.060430
0.060571
0.060078
0.060353
0.060458
0.060605
0.060153
0.060410
0.060571
0.060662
0.060266
0.060410
0.060628
0.060078
0.060323
0.060523
0.060656
0.060180
0.060425
0.060560
0.060758
0.060293
0.060398
0.060588
0.060827
0.060368
0.060512
0.060673
0.060940
0.060454
0.060625
0.060815
0.060997
0.060482
0.060710
0.060872
0.060406
0.060652
0.060824
0.060957
0.060491
0.060737
0.060900
0.061042
0.060621
0.060792
0.060954
0.061164
0.060649
0.060877
0.060982
0.061334
0.060791
0.060877
0.061096
0.060659
0.060876
0.061019
0.061294
0.060744
0.060933
0.061153
0.061436
0.060801
0.060963
0.061209
0.061448
0.060904
0.061133
0.061380
0.061533
0.060961
0.061218
0.061408
0.061561
0.061075
0.061189
0.061436
0.060942
0.061160
0.061218
0.061493
0.061027
0.061133
0.061294
0.061533
0.060989
0.061161
0.061351
0.061561
0.060961
0.061104
0.061380
0.061476
0.060989
0.061161
0.061323
0.060801
0.061075
0.061189
0.061294
0.060772
0.060989
0.061153
0.061323
0.060886
0.060934
0.061209
0.061363
0.060848
0.060934
0.061153
0.061391
0.060848
0.060962
0.061153
0.061334
0.060904
0.061019
0.061096
0.060630
0.060904
0.061019
0.061153
0.060659
0.060821
0.060982
0.061192
0.060649
0.060764
0.061011
0.061277
0.060621
0.060736
0.061067
0.061192
0.060649
0.060795
0.061070
0.060519
0.060651
0.060851
0.061127
0.060519
0.060708
0.060843
0.061155
0.060604
0.060681
0.060872
0.061252
0.060680
0.060738
0.060928
0.061223
0.060680
0.060710
0.060985
0.061223
0.060651
0.060851
0.061070
0.060576
0.060680
0.060937
0.061127
0.060604
0.060710
0.060985
0.061167
0.060680
0.060823
0.060957
0.061280
0.060708
0.060880
0.061014
0.061252
0.060822
0.060908
0.061155
0.060689
0.060878
0.060993
0.061212
0.060831
0.060907
0.061014
0.061326
0.060831
0.060936
0.061070
0.061365
0.060907
0.060993
0.061240
0.061450
0.060935
0.061078
0.061297
0.061507
0.060963
0.061220
0.061411
0.060888
0.061077
0.061269
0.061467
0.060888
0.061163
0.061354
0.061479
0.060963
0.061248
0.061354
0.061507
0.061049
0.061305
0.061354
0.061564
0.061134
0.061277
0.061439
0.060916
0.061162
0.061277
0.061467
0.061001
0.061162
0.061326
0.061496
0.061058
0.061163
0.061326
0.061536
0.061077
0.061192
0.061354
0.061507
0.061105
0.061220
0.061326
0.061564
0.061105
0.061277
0.061382
0.060916
0.061219
0.061212
0.061411
0.060973
0.061135
0.061212
0.061394
0.060935
0.061192
0.061269
0.061365
0.060907
0.061192
0.061240
0.061393
0.060850
0.061192
0.061297
0.060746
0.060963
0.061163
0.061297
0.060689
0.060878
0.061127
0.061297
0.060746
0.060880
0.061155
0.061252
0.060765
0.060908
0.061127
0.061280
0.060765
0.060993
0.061099
0.060633
0.060822
0.060993
0.061127
0.060661
0.060878
0.060985
0.061155
0.060633
0.060766
0.061042
0.061195
0.060680
0.060851
0.061042
0.061280
0.060708
0.060936
0.061127
0.061280
0.060765
0.061022
0.061155
0.060604
0.060793
0.061051
0.061212
0.060633
0.060793
0.061099
0.061212
0.060689
0.060908
0.061155
0.061223
0.060737
0.061022
0.061212
0.061252
0.060822
0.061050
0.061184
0.060718
0.060935
0.061078
0.061184
0.060746
0.061020
0.061042
0.061240
0.060831
0.060993
0.061070
0.061280
0.060850
0.061022
0.061070
0.061394
0.060907
0.061022
0.061184
0.061393
0.060992
0.061022
0.061269
0.060803
0.061020
0.061051
0.061382
0.060830
0.061048
0.061183
0.061336
0.060848
0.061077
0.061297
0.061365
0.060850
0.061135
0.061297
0.061393
0.060935
0.061163
0.061297
0.060718
0.061048
0.061107
0.061354
0.060718
0.060992
0.061099
0.061326
0.060803
0.060965
0.061099
0.061309
0.060822
0.061022
0.061127
0.061337
0.060878
0.060965
0.061127
0.061365
0.060878
0.060965
0.061127
0.060746
0.060935
0.060994
0.061184
0.060746
0.060936
0.060957
0.061138
0.060793
0.060965
0.061013
0.061195
0.060822
0.060993
0.061042
0.061280
0.060850
0.061022
0.061099
0.060661
0.060990
0.061077
0.061183
0.060716
0.061019
0.061098
0.061268
0.060745
0.061020
0.061098
0.061308
0.060877
0.061048
0.061211
0.061364
0.060934
0.061077
0.061268
0.061478
0.060990
0.061077
0.061324
0.060915
0.061047
0.061134
0.061381
0.060943
0.061077
0.061098
0.061506
0.060990
0.061105
0.061239
0.061534
0.061047
0.061134
0.061324
0.061506
0.061047
0.061190
0.061409
0.060941
0.061075
0.061246
0.061437
0.060941
0.061075
0.061267
0.061466
0.060998
0.061048
0.061352
0.061449
0.061046
0.061104
0.061352
0.061534
0.061046
0.061133
0.061324
0.061590
0.061046
0.061161
0.061211
0.060943
0.061019
0.061098
0.061268
0.060943
0.060992
0.061098
0.061279
0.060934
0.060992
0.061154
0.061421
0.060962
0.060992
0.061126
0.061392
0.060962
0.061020
0.061211
0.060745
0.060990
0.061048
0.061239
0.060773
0.060990
0.061012
0.061268
0.060858
0.060963
0.061126
0.061279
0.060877
0.060963
0.061183
0.061307
0.060990
0.060992
0.061183
0.061392
0.060990
0.061020
0.061211
0.060716
0.060990
0.060984
0.061324
0.060858
0.060963
0.061012
0.061336
0.060905
0.060963
0.061098
0.061449
0.060990
0.060963
0.061154
0.061478
0.060990
0.061020
0.061211
0.060801
0.060990
0.061048
0.061268
0.060915
0.061018
0.061153
0.061409
0.061026
0.061019
0.061182
0.061449
0.061018
0.061048
0.061267
0.061533
0.061046
0.061133
0.061380
0.061590
0.061046
0.061133
0.061324
0.060970
0.061046
0.061182
0.061437
0.061055
0.061019
0.061153
0.061477
0.061046
0.061019
0.061295
0.061590
0.061046
0.061048
0.061324
0.061563
0.061019
0.061020
0.061296
0.060943
0.061047
0.061021
0.061353
0.061028
0.061047
0.061098
0.061410
0.061057
0.061020
0.061154
0.061421
0.061047
0.061020
0.061211
0.061449
0.061047
0.061020
0.061183
0.060801
0.061047
0.061077
0.061154
0.060801
0.061047
0.061041
0.061268
0.060971
0.060992
0.061041
0.061308
0.061019
0.060992
0.061098
0.061336
0.061019
0.060992
0.061126
0.061506
0.061019
0.060992
0.061154
0.060915
0.061019
0.061021
0.061239
0.061026
0.061046
0.061012
0.061409
0.061018
0.061019
0.061125
0.061420
0.061018
0.061019
0.061239
0.061590
0.061018
0.061048
0.061267
0.060913
0.061018
0.061133
0.061409
0.060998
0.061018
0.061125
0.061522
0.061026
0.060991
0.061267
0.061562
0.061018
0.060991
0.061295
0.061590
0.061018
0.061019
0.061352
0.061619
0.061018
0.061019
0.061324
0.060998
0.060990
0.060992
0.061268
0.061000
0.060992
0.061012
0.061336
0.060990
0.060992
0.061041
0.061421
0.060990
0.060992
0.061069
0.061449
0.061019
0.060992
0.061126
0.060830
0.061019
0.060992
0.061211
0.060971
0.061019
0.060956
0.061239
0.061000
0.060992
0.061041
0.061279
0.061019
0.060992
0.061069
0.061393
0.061019
0.061020
0.061126
0.061534
0.061019
0.061048
0.061182
0.060998
0.061075
0.061048
0.061295
0.061055
0.061048
0.061068
0.061534
0.061046
0.061048
0.061182
0.061619
0.061046
0.061048
0.061324
0.061619
0.061046
0.061048
0.061409
0.061026
0.061046
0.061076
0.061494
0.061055
0.061046
0.061125
0.061551
0.061055
0.061019
0.061239
0.061647
0.061046
0.061019
0.061295
0.061676
0.061046
0.061019
0.061324
0.061675
0.061046
0.061019
0.061352
0.061026
0.061046
0.061012
0.061268
0.061000
0.060992
0.061041
0.061336
0.060990
0.060992
0.061041
0.061421
0.060990
0.060992
0.061098
0.061478
0.060990
0.060992
0.061126
0.060943
0.060990
0.060992
0.061183
0.061000
0.061019
0.060956
0.061211
0.061000
0.060992
0.061040
0.061449
0.061018
0.061019
0.061097
0.061477
0.061046
0.061019
0.061182
0.061590
0.061046
0.061019
0.061295
0.061055
0.061046
0.060983
0.061409
0.061055
0.061019
0.061097
0.061505
0.061046
0.061019
0.061239
0.061619
0.061046
0.061019
0.061352
0.061732
0.061046
0.061048
0.061437
0.061055
0.061046
0.061076
0.061466
0.061055
0.061046
0.061125
0.061579
0.061055
0.061048
0.061153
0.061647
0.061046
0.061019
0.061210
0.061704
0.061046
0.061019
0.061210
0.061732
0.061046
0.061019
0.061295
0.061055
0.061019
0.060984
0.061296
0.061028
0.060992
0.061069
0.061364
0.061019
0.060992
0.061069
0.061449
0.061019
0.061019
0.061153
0.061533
0.061046
0.061019
0.061210
0.061026
0.061046
0.060992
0.061295
0.061026
0.061046
0.061012
0.061409
0.061026
0.061019
0.061154
0.061477
0.061018
0.061019
0.061210
0.061562
0.061046
0.061019
0.061324
0.060998
0.061046
0.061019
0.061380
0.061026
0.061046
0.060983
0.061494
0.061055
0.061019
0.061125
0.061534
0.061046
0.061019
0.061210
0.061676
0.061046
0.061048
0.061210
0.061704
0.061046
0.061048
0.061183
0.060915
0.061019
0.061021
0.061296
0.060915
0.060934
0.060984
0.061126
0.060508
0.060312
0.060021
0.060062
4.186774
4.186593
4.182788
4.180318
4.178692
4.178245
4.179098
4.179827
4.180259
4.180805
4.180066
4.178188
4.176920
4.175836
4.174373
4.173836
4.173423
4.175507
4.177837
4.177555
4.175521
4.172009
4.168765
4.165052
4.162469
4.161094
4.159703
4.158971
4.157644
4.156307
4.154434
4.152592
4.151055
4.149027
4.146282
4.144670
4.142732
4.140853
4.138410
4.136276
4.134244
4.131961
4.129841
4.126596
4.124052
4.121700
4.118823
4.115197
4.112429
4.109618
4.106461
4.102620
4.099628
4.096543
4.093363
4.089506
4.086492
4.083033
4.079931
4.075767
4.072724
4.069688
4.065835
4.062854
4.059580
4.056610
4.052654
4.047334
4.042237
4.039778
4.038431
4.037439
4.037177
4.037041
4.035655
4.033522
4.030821
4.027338
4.024546
4.021956
4.018861
4.016630
4.014300
4.012659
4.010125
4.007287
4.004384
4.001150
3.997991
3.994900
3.991018
3.987821
3.984521
3.981245
3.977985
3.974421
3.971723
3.968089
3.963769
3.960103
3.956492
3.952682
3.948931
3.945083
3.941338
3.937563
3.933732
3.929892
3.926261
3.922602
3.918670
3.915042
3.911291
3.907554
3.903829
3.900037
3.896124
3.892301
3.888487
3.884647
3.880740
3.876674
3.872753
3.868721
3.864684
3.860757
3.856728
3.852755
3.848873
3.844930
3.840913
3.836827
3.832802
3.828946
3.824876
3.820939
3.816842
3.812986
3.808907
3.804940
3.800971
3.796994
3.792957
3.789238
3.785553
3.781823
3.778263
3.774549
3.770786
3.767182
3.763533
3.759731
3.756172
3.752323
3.748716
3.744996
3.741273
3.737897
3.734103
3.730840
3.727564
3.724284
3.720863
3.717436
3.714039
3.710601
3.707286
3.703765
3.700616
3.697239
3.693589
3.689848
3.686205
3.682578
3.678576
3.674665
3.670926
3.666958
3.663169
3.659161
3.655406
3.651268
3.647177
3.643090
3.638892
3.634780
3.630847
3.626739
3.622638
3.618596
3.614548
3.610463
3.606409
3.602290
3.598306
3.594306
3.590184
3.586145
3.582090
3.578093
3.574079
3.570027
3.566061
3.562014
3.557898
3.553802
3.549816
3.545670
3.541571
3.537567
3.533415
3.529456
3.525387
3.521389
3.517267
3.513127
3.509130
3.505045
3.500896
3.496886
3.492756
3.488754
3.484774
3.480588
3.476585
3.472517
3.468617
3.464605
3.460534
3.456555
3.452472
3.448474
3.444558
3.440590
3.436679
3.432654
3.428773
3.424676
3.420709
3.416778
3.412711
3.408719
3.404582
3.400399
3.396356
3.392267
3.388121
3.383934
3.379806
3.375626
3.371458
3.367337
3.363070
3.358907
3.354502
3.350301
3.346053
3.341674
3.337488
3.333192
3.328851
3.324602
3.320317
3.316142
3.311716
3.307419
3.303249
3.298897
3.294685
3.290512
3.286484
3.282284
3.278175
3.274015
3.269709
3.265662
3.261609
3.257272
3.252959
3.248764
3.244436
3.240195
3.235975
3.231627
3.227297
3.223071
3.218798
3.214463
3.210285
3.206008
3.201784
3.197564
3.193249
3.189110
3.184823
3.180592
3.176285
3.172174
3.167999
3.163902
3.159804
3.155531
3.151311
3.147357
3.143198
3.139095
3.135029
3.130801
3.126972
3.123150
3.119152
3.115239
3.111255
3.107474
3.103711
3.100077
3.096926
3.093687
3.090553
3.087376
3.084144
3.080620
3.077288
3.073883
3.070597
3.067225
3.063900
3.060520
3.057258
3.053782
3.050501
3.047200
3.043850
3.040457
3.037095
3.033794
3.030358
3.026858
3.023435
3.020086
3.016601
3.013100
3.010017
3.006923
3.003727
3.000438
2.997144
2.993789
2.990430
2.986883
2.983495
2.979918
2.976399
2.972894
2.969428
2.966014
2.962509
2.959162
2.955638
2.952157
2.948602
2.945121
2.941673
2.938059
2.934558
2.930976
2.927375
2.923947
2.920363
2.916746
2.913210
2.909519
2.905919
2.902432
2.898594
2.894991
2.891378
2.887806
2.884060
2.880373
2.876839
2.873164
2.869465
2.865828
2.862153
2.858552
2.854979
2.851369
2.847732
2.844202
2.840543
2.836951
2.833376
2.829778
2.826229
2.822550
2.818976
2.815415
2.811912
2.808305
2.804874
2.801143
2.797713
2.794088
2.790649
2.787046
2.783433
2.779907
2.776395
2.772921
2.769396
2.765830
2.762304
2.758775
2.755227
2.751683
2.748068
2.744670
2.741025
2.737617
2.734024
2.730553
2.726911
2.723442
2.719955
2.716448
2.712797
2.709358
2.705807
2.702290
2.698834
2.695203
2.691813
2.688307
2.684599
2.681196
2.677709
2.674133
2.670523
2.667080
2.663517
2.659969
2.656506
2.653073
2.649530
2.645996
2.642513
2.638908
2.635496
2.631986
2.628440
2.625000
2.621519
2.617983
2.614433
2.610938
2.607554
2.603988
2.600310
2.596867
2.593356
2.589754
2.586350
2.582783
2.579185
2.575720
2.572070
2.568723
2.565189
2.561612
2.558113
2.554654
2.551119
2.547582
2.544105
2.540627
2.537021
2.533549
2.530068
2.526532
2.523088
2.519592
2.516038
2.512566
2.509139
2.505636
2.502234
2.498678
2.495177
2.491669
2.488221
2.484734
2.481427
2.478147
2.474745
2.471518
2.468280
2.465053
2.461576
2.458455
2.456211
2.452912
2.449709
2.446436
2.442993
2.439835
2.436513
2.433111
2.429637
2.426389
2.422974
2.419618
2.416249
2.412866
2.409633
2.406168
2.402759
2.399479
2.395986
2.392570
2.389204
2.385810
2.382459
2.378952
2.375611
2.372197
2.368944
2.365514
2.362229
2.358988
2.355775
2.352689
2.349740
2.346747
2.343518
2.340171
2.336919
2.333737
2.330586
2.327491
2.324499
2.321346
2.318188
2.315056
2.312023
2.308906
2.305754
2.302624
2.299573
2.296449
2.293367
2.290281
2.287176
2.284102
2.281000
2.277919
2.274750
2.271549
2.268537
2.265322
2.262133
2.258945
2.255839
2.252765
2.249590
2.246429
2.243332
2.240082
2.236957
2.233747
2.230571
2.227456
2.224396
2.221194
2.218050
2.214802
2.211750
2.208465
2.205354
2.202162
2.199000
2.195765
2.192636
2.189436
2.186263
2.183190
2.179993
2.176955
2.174061
2.171623
2.168794
2.165707
2.162806
2.159713
2.156736
2.153689
2.150601
2.147621
2.144658
2.141541
2.138409
2.135417
2.132377
2.129329
2.126200
2.123055
2.119928
2.116824
2.113626
2.110443
2.107251
2.104120
2.100992
2.097771
2.094632
2.091504
2.088315
2.085270
2.081895
2.078815
2.075684
2.072595
2.069550
2.066537
2.063403
2.060407
2.057447
2.054591
2.051515
2.048525
2.045611
2.042521
2.039559
2.036592
2.033655
2.030612
2.027656
2.024673
2.021774
2.018815
2.015888
2.012868
2.009986
2.007002
2.004090
2.001297
1.998387
1.995489
1.992574
1.989643
1.986758
1.983900
1.980924
1.978128
1.975192
1.972309
1.969397
1.966471
1.963605
1.960689
1.957854
1.955020
1.952264
1.949403
1.946547
1.943717
1.940948
1.937980
1.935233
1.932367
1.929475
1.926791
1.923820
1.921016
1.918224
1.915488
1.912614
1.909828
1.907123
1.904382
1.901543
1.898879
1.895904
1.893199
1.890396
1.887561
1.884796
1.881961
1.879230
1.876281
1.873532
1.870755
1.867876
1.865201
1.862358
1.859582
1.856860
1.854097
1.851387
1.848643
1.845927
1.843168
1.840602
1.837855
1.835100
1.832443
1.829720
1.827000
1.824251
1.821418
1.818619
1.815950
1.813248
1.810532
1.807931
1.805276
1.802448
1.799914
1.797116
1.794425
1.791754
1.788944
1.786177
1.783602
1.780916
1.778270
1.775684
1.773010
1.770393
1.767783
1.765134
1.762529
1.759909
1.757358
1.754780
1.752169
1.749574
1.747105
1.744409
1.741900
1.739376
1.736769
1.734246
1.731569
1.729053
1.726521
1.724062
1.721617
1.719287
1.717272
1.714848
1.712556
1.710379
1.707981
1.705663
1.703509
1.700995
1.698759
1.696403
1.694067
1.691794
1.689339
1.687093
1.684802
1.682610
1.680279
1.678067
1.675924
1.673568
1.671256
1.669131
1.666793
1.664639
1.662407
1.660304
1.658010
1.655783
1.653624
1.651312
1.649144
1.646869
1.644731
1.642449
1.640199
1.638038
1.635787
1.633640
1.631323
1.629153
1.626895
1.624766
1.622530
1.620397
1.618323
1.616311
1.614116
1.612029
1.610094
1.607786
1.605719
1.603618
1.601405
1.599302
1.597138
1.594913
1.592645
1.590417
1.588203
1.585926
1.583649
1.581842
1.579619
1.577070
1.574962
1.573092
1.571258
1.569277
1.566988
1.564585
1.562259
1.559774
1.557483
1.555190
1.552704
1.550991
1.548398
1.546018
1.543475
1.540953
1.538333
1.535808
1.533101
1.530448
1.527788
1.525005
1.522412
1.519704
1.516868
1.514152
1.511359
1.508676
1.505956
1.503170
1.500291
1.497483
1.494792
1.491991
1.489182
1.486297
1.483308
1.480284
1.477264
1.474295
1.471271
1.468288
1.465289
1.462423
1.459394
1.456377
1.453463
1.450484
1.447566
1.444594
1.441521
1.438510
1.435515
1.432514
1.429563
1.426524
1.423538
1.420391
1.417331
1.414342
1.411234
1.408136
1.405130
1.402049
1.398984
1.395919
1.392758
1.389653
1.386576
1.383515
1.380386
1.377331
1.374202
1.371081
1.367987
1.364953
1.361863
1.358726
1.355711
1.352745
1.349770
1.346656
1.343540
1.340431
1.337281
1.334231
1.331138
1.327996
1.324820
1.321638
1.318500
1.315350
1.312350
1.309172
1.305947
1.302804
1.299708
1.296476
1.293504
1.290476
1.287524
1.284626
1.281637
1.278591
1.275730
1.272695
1.269711
1.266602
1.263574
1.260507
1.257580
1.254588
1.251646
1.248706
1.245880
1.242815
1.239801
1.236927
1.233970
1.230981
1.228043
1.225104
1.222145
1.219164
1.216138
1.213096
1.210142
1.207163
1.204139
1.201169
1.198018
1.195041
1.191996
1.188891
1.185925
1.182756
1.179677
1.176746
1.173688
1.170582
1.167541
1.164477
1.161449
1.158428
1.155322
1.152277
1.149349
1.146210
1.143192
1.140025
1.137097
1.134081
1.131026
1.128160
1.125045
1.122064
1.119134
1.116171
1.113093
1.110182
1.107167
1.104066
1.101021
1.097890
1.094860
1.091926
1.088748
1.085756
1.082807
1.079849
1.076808
1.073790
1.070796
1.067768
1.064739
1.061799
1.058781
1.055845
1.052891
1.049985
1.047128
1.044177
1.041284
1.038475
1.035652
1.032755
1.029957
1.026996
1.024135
1.021295
1.018521
1.015554
1.012798
1.009900
1.007029
1.004089
1.001149
0.998396
0.995449
0.992569
0.989632
0.986851
0.983849
0.981319
0.978406
0.975948
0.973220
0.970408
0.968033
0.965632
0.963583
0.961553
0.959450
0.957333
0.955222
0.953126
0.950889
0.948848
0.946626
0.944437
0.942218
0.939969
0.937710
0.935478
0.933135
0.930701
0.928097
0.925557
0.923152
0.920627
0.918166
0.915740
0.913266
0.910824
0.908194
0.905602
0.903039
0.900409
0.898056
0.895754
0.893464
0.891201
0.888870
0.886510
0.884091
0.881545
0.878946
0.876343
0.873589
0.870712
0.867934
0.865028
0.862142
0.859043
0.855976
0.852913
0.849729
0.846524
0.843227
0.839953
0.836574
0.833290
0.829794
0.826363
0.822810
0.819352
0.815871
0.813951
0.811798
0.808594
0.805203
0.801925
0.798570
0.795222
0.793208
0.791167
0.787890
0.784584
0.781254
0.777808
0.774456
0.770867
0.767420
0.763815
0.760316
0.756849
0.753419
0.750059
0.746530
0.743188
0.739799
0.736288
0.732857
0.729295
0.725707
0.722095
0.718603
0.715028
0.711435
0.707895
0.704298
0.700663
0.696977
0.694605
0.692306
0.689544
0.686721
0.683970
0.680720
0.677343
0.673858
0.670225
0.666462
0.662667
0.658964
0.655337
0.651858
0.648425
0.644970
0.641606
0.638138
0.635812
0.633667
0.630847
0.628260
0.625572
0.622479
0.619262
0.615761
0.612286
0.608618
0.605069
0.601354
0.597910
0.594372
0.590922
0.587602
0.584120
0.580718
0.577220
0.573650
0.570167
0.566652
0.563122
0.559541
0.555997
0.552423
0.548948
0.545327
0.541776
0.538200
0.534605
0.531019
0.527396
0.523771
0.520196
0.516564
0.512986
0.509440
0.505797
0.502107
0.498528
0.494875
0.491211
0.487650
0.484043
0.480372
0.476866
0.473158
0.469527
0.465924
0.462296
0.458733
0.455115
0.451536
0.447923
0.444359
0.440743
0.437031
0.433496
0.429842
0.426296
0.422666
0.419104
0.415505
0.411882
0.408291
0.404763
0.401056
0.397500
0.393812
0.390250
0.386544
0.382987
0.379344
0.375763
0.372203
0.368649
0.365073
0.361601
0.358036
0.354419
0.350909
0.347423
0.343808
0.340189
0.336511
0.332948
0.329399
0.325618
0.322008
0.318491
0.314918
0.311306
0.307724
0.304066
0.300538
0.296951
0.293460
0.289860
0.286363
0.282865
0.279503
0.276021
0.272594
0.269228
0.265888
0.262566
0.259227
0.255857
0.252600
0.249360
0.246102
0.242950
0.239723
0.236521
0.233414
0.230305
0.227123
0.224186
0.221044
0.218045
0.215082
0.212140
0.209244
0.206279
0.203405
0.200546
0.197796
0.195024
0.192245
0.189505
0.186755
0.184127
0.181408
0.178736
0.176266
0.173575
0.171061
0.168475
0.165908
0.163439
0.161024
0.158591
0.156155
0.153750
0.151378
0.148979
0.146709
0.144471
0.142149
0.140041
0.137782
0.135664
0.133577
0.131510
0.129410
0.127317
0.125203
0.123298
0.121273
0.119268
0.117508
0.115591
0.113642
0.111940
0.110092
0.108336
0.106613
0.104929
0.103234
0.101558
0.099819
0.098256
0.096690
0.095130
0.093601
0.092142
0.090577
0.089143
0.087769
0.086312
0.084957
0.083605
0.082275
0.080948
0.079608
0.078358
0.077101
0.075783
0.074694
0.073436
0.072226
0.071116
0.069974
0.068930
0.067820
0.066852
0.065753
0.064747
0.063809
0.062842
0.061984
0.061038
0.060330
0.059482
0.058711
0.057847
0.057105
0.056217
0.055545
0.054630
0.053885
0.053020
0.052334
0.051569
0.050763
0.050049
0.049314
0.048574
0.047881
0.047207
0.046429
0.045770
0.045136
0.044543
0.043873
0.043184
0.042651
0.042031
0.041637
0.040995
0.040578
0.040007
0.039416
0.038845
0.038300
0.037678
0.037102
0.036584
0.036073
0.035484
0.035008
0.034592
0.034020
0.033496
0.033075
0.032531
0.032138
0.031672
0.031271
0.030821
0.030388
0.030055
0.029729
0.029374
0.028969
0.028589
0.028260
0.028011
0.027623
0.027268
0.026915
0.026441
0.026102
0.025752
0.025334
0.024956
0.024565
0.024321
0.023993
0.023591
0.023278
0.023009
0.022700
0.022358
0.022156
0.021852
0.021619
0.021465
0.021259
0.021106
0.020911
0.020776
0.020588
0.020373
0.020265
0.020186
0.020067
0.019893
0.019739
0.019617
0.019549
0.019335
0.019244
0.019114
0.019083
0.018900
0.018767
0.018713
0.018639
0.018504
0.018404
0.018231
0.018123
0.018298
0.018151
0.018013
0.017946
0.017772
0.017741
0.017618
0.017493
0.017572
0.017635
0.017700
0.017654
0.017460
0.017320
0.017161
0.016952
0.016712
0.016564
0.016338
0.016134
0.015977
0.015755
0.015596
0.015338
0.015163
0.015061
0.014893
0.014746
0.014619
0.014517
0.014394
0.014351
0.014296
0.014202
0.014169
0.014048
0.014047
0.014065
0.014002
0.014004
0.013956
0.013957
0.013925
0.013893
0.013887
0.013871
0.013862
0.014275
0.014330
0.014251
0.014320
0.014318
0.014313
0.014261
0.014273
0.014170
0.014234
0.014240
0.014156
0.014177
0.014194
0.014202
0.014223
0.014200
0.014171
0.014165
0.014088
0.014050
0.013993
0.014312
0.014299
0.014321
0.014288
0.014227
0.014259
0.014184
0.014116
0.014078
0.014037
0.013946
0.013966
0.013904
0.014212
0.014202
0.014301
0.014365
0.014461
0.014519
0.014631
0.014703
0.014722
0.014633
0.014722
0.014752
0.014748
0.014732
0.014684
0.014621
0.014588
0.014514
0.014418
0.014314
0.014284
0.014285
0.014222
0.014150
0.014137
0.014326
0.014359
0.014325
0.014381
0.014462
0.014382
0.014335
0.014279
0.014206
0.014164
0.014148
0.014151
0.014153
0.014156
0.014175
0.014207
0.014114
0.014038
0.013979
0.013861
0.013771
0.013673
0.013635
0.013480
0.013444
0.013322
0.013226
0.013104
0.013001
0.012901
0.012804
0.012761
0.012647
0.012569
0.012472
0.012396
0.012330
0.012202
0.012126
0.012013
0.011947
0.011855
0.011802
0.011755
0.011703
0.011629
0.011550
0.011477
0.011413
0.011366
0.011308
0.011290
0.011218
0.011212
0.011172
0.011147
0.011077
0.011091
0.011075
0.011027
0.011008
0.010994
0.011015
0.010966
0.010967
0.010898
0.010847
0.010822
0.010803
0.010788
0.010734
0.010730
0.010651
0.010648
0.010593
0.010561
0.010557
0.010573
0.010572
0.010532
0.010460
0.010431
0.010416
0.010421
0.010644
0.010706
0.010769
0.010889
0.010869
0.010862
0.010823
0.010773
0.010705
0.010658
0.010605
0.010583
0.010581
0.010570
0.010534
0.010528
0.010535
0.010499
0.010491
0.010490
0.010516
0.010554
0.010592
0.010607
0.010606
0.010606
0.010625
0.010565
0.010580
0.010589
0.010636
0.010615
0.010641
0.010627
0.010631
0.010650
0.010645
0.010656
0.010601
0.010579
0.010595
0.010581
0.010540
0.010575
0.010551
0.010577
0.010566
0.010469
0.010449
0.010431
0.010430
0.010473
0.010414
0.010412
0.010412
0.010379
0.010355
0.010289
0.010289
0.010258
0.010227
0.010227
0.010212
0.010184
0.010175
0.010175
0.010153
0.010145
0.010141
0.010118
0.010121
0.010121
0.010121
0.010100
0.010096
0.010110
0.010101
0.010100
0.010100
0.010098
0.010078
0.010067
0.010030
0.010030
0.010030
0.010038
0.010019
0.010021
0.010012
0.010012
0.010012
0.010012
0.010010
0.010010
0.009989
0.009987
0.009998
0.009998
0.009998
0.009998
0.009989
0.009973
0.009973
0.009973
0.009961
0.009947
0.009947
0.009949
0.009949
0.009949
0.009926
0.009926
0.009926
0.009926
0.009926
0.009926
0.009926
0.009926
0.009940
0.009941
0.009941
0.009941
0.009941
0.009941
0.009941
0.009941
0.009945
0.009945
0.009945
0.009945
0.009945
0.009945
0.009945
0.009943
0.009934
0.009934
0.009934
0.009934
0.009934
0.009934
0.009929
0.009929
0.009929
0.009929
0.009929
0.009929
0.009929
0.009885
0.009878
0.009885
0.009885
0.009885
0.009885
0.009885
0.009878
0.009865
0.009865
0.009865
0.009865
0.009865
0.009865
0.009865
0.009865
0.009865
0.009865
0.009865
0.009865
0.009865
0.009865
0.009865
0.009865
0.009865
0.009865
0.009857
0.009876
0.009879
0.009879
0.009902
0.009902
0.009925
0.009925
0.009925
0.009930
0.009930
0.009907
0.009914
0.009892
0.009902
0.009902
0.009881
0.009881
0.009875
0.009875
0.009857
0.009857
0.009842
0.009842
0.009842
0.009844
0.009844
0.009833
0.009833
0.009788
0.009788
0.009788
0.009781
0.009781
0.009777
0.009777
0.009761
0.009760
0.009760
0.009760
0.009760
0.009747
0.009747
0.009747
0.009736
0.009736
0.009726
0.009726
0.009726
0.009726
0.009726
0.009726
0.009726
0.009716
0.009710
0.009710
0.009710
0.009710
0.009710
0.009710
0.009710
0.009707
0.009707
0.009707
0.009708
0.009708
0.009708
0.009708
0.009708
0.009708
0.009708
0.009708
0.009708
0.009708
0.009708
0.009708
0.009708
0.009708
0.009688
0.009688
0.009688
0.009688
0.009688
0.009688
0.009688
0.009688
0.009688
0.009688
0.009688
0.009688
0.009688
0.009688
0.009688
0.009688
0.009688
0.009688
0.009688
0.009688
0.009673
0.009673
0.009673
0.009673
0.009673
0.009673
0.009673
0.009673
0.009673
0.009673
0.009673
0.009673
0.009673
0.009673
0.009673
0.009673
0.009673
0.009673
0.009681
0.009681
0.009676
0.009676
0.009676
0.009676
0.009676
0.009672
0.009672
0.009672
0.009672
0.009661
0.009661
0.009661
0.009661
0.009661
0.009661
0.009661
0.009663
0.009663
0.009663
0.009663
0.009663
0.009663
0.009663
0.009663
0.009663
0.009663
0.009663
0.009663
0.009663
0.009644
0.009644
0.009644
0.009644
0.009638
0.009638
0.009638
0.009638
0.009638
0.009638
0.009638
0.009638
0.009638
0.009638
0.009638
0.009638
0.009638
0.009638
0.009638
0.009638
0.009638
0.009638
0.009638
0.009638
0.009638
0.009638
0.009638
0.009638
0.009638
0.009638
0.009638
0.009638
0.009638
0.009638
0.009638
0.009638
0.009638
0.009638
0.009638
0.009638
0.009638
0.009638
0.009638
0.009638
0.009638
0.009638
0.009662
0.009662
0.009662
0.009662
0.009662
0.009662
0.009652
0.009652
0.009652
0.009652
0.009652
0.009652
0.009652
0.009652
0.009652
0.009652
0.009652
0.009650
0.009650
0.009650
0.009650
0.009650
0.009650
0.009650
0.009650
0.009650
0.009650
0.009650
0.009650
0.009650
0.009650
0.009648
0.009648
0.009640
0.009640
0.009640
0.009639
0.009639
0.009639
0.009639
0.009639
0.009639
0.009639
0.009639
0.009639
0.009639
0.009639
0.009639
0.009639
0.009639
0.009639
0.009639
0.009639
0.009639
0.009639
0.009639
0.009639
0.009639
0.009639
0.009639
0.009639
0.009639
0.009639
0.009639
0.009639
0.009639
0.009639
0.009639
0.009639
0.009639
0.009639
0.009641
0.009641
0.009641
0.009641
0.009641
0.009641
0.009641
0.009641
0.009641
0.009641
0.009663
0.009663
0.009663
0.009663
0.009663
0.009663
0.009663
0.009663
0.009663
0.009663
0.009663
0.009663
0.009663
0.009663
0.009663
0.009663
0.009663
0.009663
0.009663
0.009663
0.009663
0.009663
0.009663
0.009659
0.009659
0.009659
0.009659
0.009659
0.009659
0.009659
0.009659
0.009659
0.009659
0.009659
0.009659
0.009659
0.009659
0.009659
0.009659
0.009659
0.009659
0.009659
0.009659
0.009659
0.009659
0.009659
0.009659
0.009659
0.009659
0.009659
0.009659
0.009652
0.009652
0.009652
0.009652
0.009652
0.009652
0.009652
0.009650
0.009650
0.009650
0.009650
0.009650
0.009648
0.009646
0.009646
0.009646
0.009646
0.009646
0.009646
0.009646
0.009646
0.009646
0.009646
0.009666
0.009666
0.009666
0.009666
0.009666
0.009666
0.009666
0.009666
0.009666
0.009666
0.009666
0.009666
0.009666
0.009666
0.009666
0.009666
0.009666
0.009666
0.009666
0.009666
0.009666
0.009666
0.009666
0.009666
0.009666
0.009666
0.009666
0.009666
0.009666
0.009666
0.009666
0.009666
0.009666
0.009662
0.009662
0.009662
0.009662
0.009662
0.009662
0.009662
0.009662
0.009662
0.009662
0.009662
0.009662
0.009662
0.009662
0.009662
0.009685
0.009685
0.009685
0.009685
0.009685
0.009685
0.009685
0.009685
0.009685
0.009684
0.009684
0.009684
0.009684
0.009684
0.009684
0.009684
0.009684
0.009684
0.009684
0.009684
0.009684
0.009684
0.009684
0.009684
0.009684
0.009684
0.009684
0.009684
0.009684
0.009684
0.009684
0.009684
0.009684
0.009684
0.009684
0.009684
0.009684
0.009684
0.009684
0.009684
0.009684
0.009684
0.009684
0.009684
0.009684
0.009684
0.009684
0.009684
0.009684
0.009684
0.009684
0.009684
0.009684
0.009684
0.009684
0.009684
0.009692
0.009692
0.009692
0.009692
0.009692
0.009696
0.009696
0.009696
0.009696
0.009696
0.009696
0.009696
0.009696
0.009696
0.009696
0.009696
0.009696
0.009696
0.009696
0.009696
0.009696
0.009696
0.009696
0.009696
0.009696
0.009688
0.009688
0.009688
0.009688
0.009666
0.009666
0.009666
0.009666
0.009666
0.009666
0.009666
0.009666
0.009666
0.009666
0.009666
0.009666
0.009666
0.009666
0.009666
0.009666
0.009666
0.009666
0.009666
0.009666
0.009666
0.009666
0.009666
0.009666
0.009666
0.009666
0.009666
0.009666
0.009666
0.009666
0.009666
0.009666
0.009666
0.009666
0.009666
0.009666
0.009666
0.009666
0.009666
0.009666
0.009666
0.009666
0.009666
0.009666
0.009666
0.009666
0.009655
0.009655
0.009655
0.009655
0.009655
0.009655
0.009655
0.009655
0.009655
0.009655
0.009655
0.009655
0.009655
0.009655
0.009655
0.009655
0.009655
0.009655
0.009655
0.009655
0.009655
0.009655
0.009655
0.009655
0.009655
0.009655
0.009655
0.009655
0.009655
0.009653
0.009653
0.009653
0.009653
0.009653
0.009653
0.009653
0.009653
0.009653
0.009653
0.009653
0.009653
0.009653
0.009653
0.009653
0.009653
0.009653
0.009653
0.009653
0.009653
0.009653
0.009653
0.009653
0.009653
0.009653
0.009653
0.009653
0.009653
0.009653
0.009653
0.009653
0.009653
0.009653
0.009653
0.009653
0.009653
0.009653
0.009653
0.009653
0.009653
0.009653
0.009653
0.009653
0.009653
0.009653
0.009645
0.009645
0.009645
0.009645
0.009645
0.009645
0.009645
0.009645
0.009645
0.009645
0.009645
0.009645
0.009645
0.009645
0.009645
0.009645
0.009645
0.009645
0.009645
0.009645
0.009645
0.009645
0.009645
0.009645
0.009645
0.009645
0.009645
0.009645
0.009645
0.009645
0.009645
0.009645
0.009669
0.009669
0.009669
0.009669
0.009669
0.009669
0.009669
0.009669
0.009669
0.009669
0.009669
0.009669
0.009669
0.009669
0.009669
0.009669
0.009669
0.009669
0.009669
0.009669
0.009669
0.009669
0.009669
0.009669
0.009669
0.009669
0.009669
0.009669
0.009669
0.009669
0.009669
0.009669
0.009667
0.009667
0.009667
0.009667
0.009667
0.009667
0.009667
0.009667
0.009667
0.009667
0.009667
0.009667
0.009667
0.009667
0.009667
0.009667
0.009684
0.009684
0.009684
0.009684
0.009684
0.009684
0.009684
0.009684
0.009684
0.009684
0.009684
0.009684
0.009684
0.009684
0.009684
0.009684
0.009684
0.009684
0.009684
0.009684
0.009684
0.009684
0.009684
0.009684
0.009684
0.009684
0.009684
0.009684
0.009684
0.009684
0.009684
0.009684
0.009684
0.009684
0.009684
0.009684
0.009684
0.009684
0.009684
0.009684
0.009684
0.009684
0.009684
0.009684
0.009684
0.009684
0.009684
0.009703
0.009703
0.009703
0.009703
0.009703
0.009703
0.009703
0.009703
0.009703
0.009703
0.009703
0.009703
0.009703
0.009703
0.009703
0.009703
0.009703
0.009703
0.009703
0.009703
0.009703
0.009703
0.009703
0.009703
0.009703
0.009703
0.009703
0.009703
0.009703
0.009703
0.009703
0.009703
0.009703
0.009705
0.009705
0.009705
0.009705
0.009705
0.008927
0.014037
0.015288
0.012013
0.008935
0.011449
0.015686
0.017940
0.018696
0.018430
0.017782
0.017896
0.018548
0.019471
0.020561
0.021883
0.023060
0.023878
0.024699
0.025032
0.025216
0.025508
0.025696
0.025995
0.026218
0.026564
0.026723
0.026765
0.026799
0.026511
0.026266
0.026251
0.026149
0.026175
0.025861
0.025829
0.025864
0.025647
0.025692
0.025710
0.025765
0.025632
0.025687
0.025735
0.025970
0.025701
0.025981
0.026349
0.026562
0.026383
0.026731
0.027261
0.027658
0.027618
0.028102
0.028594
0.028529
0.029338
0.029859
0.030440
0.030437
0.030892
0.031401
0.032106
0.032042
0.032563
0.033145
0.033732
0.033630
0.034151
0.034663
0.035285
0.035099
0.035630
0.036188
0.036663
0.036525
0.037137
0.037581
0.037457
0.037917
0.038500
0.039008
0.038810
0.039316
0.039830
0.040464
0.040112
0.040670
0.041117
0.041657
0.041352
0.041830
0.042323
0.042764
0.042492
0.043022
0.043429
0.043157
0.043602
0.044088
0.044437
0.044119
0.044521
0.044992
0.045332
0.045019
0.045381
0.045760
0.046156
0.045864
0.046112
0.046522
0.046946
0.046429
0.046873
0.047213
0.047481
0.047174
0.047468
0.047888
0.047370
0.047740
0.048024
0.048318
0.047979
0.048175
0.048487
0.048805
0.048347
0.048697
0.049005
0.049209
0.048790
0.049045
0.049429
0.049706
0.049195
0.049494
0.049776
0.049380
0.049612
0.049997
0.050238
0.049718
0.050123
0.050290
0.050629
0.050184
0.050489
0.050718
0.051130
0.050658
0.050977
0.051277
0.051652
0.051180
0.051418
0.051744
0.052082
0.051681
0.051954
0.052318
0.051732
0.052201
0.052417
0.052751
0.052373
0.052550
0.052945
0.053187
0.052716
0.053101
0.053355
0.053576
0.053206
0.053458
0.053791
0.054153
0.053596
0.053900
0.054181
0.053739
0.054006
0.054286
0.054595
0.054118
0.054388
0.054664
0.054912
0.054547
0.054801
0.054996
0.055303
0.054799
0.055076
0.055304
0.055632
0.055102
0.055356
0.055665
0.055234
0.055451
0.055793
0.055959
0.055500
0.055758
0.055959
0.056334
0.055741
0.056051
0.056278
0.056524
0.056058
0.056260
0.056539
0.056839
0.056261
0.056488
0.056875
0.057042
0.056521
0.056835
0.057092
0.056468
0.056785
0.057018
0.057248
0.056765
0.057033
0.057264
0.057507
0.057242
0.057583
0.057757
0.057947
0.057507
0.057733
0.057967
0.058238
0.057715
0.057997
0.058228
0.057629
0.057919
0.058168
0.058365
0.057963
0.058051
0.058304
0.058611
0.058021
0.058295
0.058550
0.058795
0.058232
0.058454
0.058676
0.058887
0.058332
0.058641
0.058862
0.059103
0.058540
0.058765
0.058989
0.058498
0.058697
0.058893
0.059175
0.058622
0.058794
0.059047
0.059294
0.058744
0.058952
0.059121
0.059332
0.058871
0.059056
0.059337
0.059434
0.058944
0.059188
0.059356
0.058811
0.059015
0.059263
0.059377
0.058971
0.059138
0.059285
0.059509
0.059019
0.059226
0.059374
0.059676
0.059192
0.059260
0.059485
0.059845
0.059221
0.059319
0.059602
0.059931
0.059213
0.059517
0.059769
0.059195
0.059411
0.059613
0.059840
0.059293
0.059477
0.059781
0.059999
0.059430
0.059725
0.059865
0.060026
0.058472
0.058488
0.058676
0.058915
0.058367
0.058507
0.058886
0.058411
0.058740
0.058990
0.059389
0.058726
0.059155
0.059436
0.059494
0.059237
0.059529
0.059643
0.060073
0.059568
0.059723
0.059894
0.060161
0.059836
0.059961
0.060245
0.060483
0.059824
0.060019
0.060245
0.059802
0.059904
0.060306
0.060619
0.059952
0.060194
0.060478
0.060573
0.060009
0.060194
0.060478
0.060600
0.060037
0.060306
0.060561
0.060659
0.058968
0.058994
0.059166
0.058547
0.058785
0.058956
0.059257
0.058836
0.059079
0.059247
0.059569
0.059081
0.059429
0.059598
0.059814
0.059421
0.059597
0.059793
0.060232
0.059633
0.059819
0.060072
0.060261
0.059968
0.060054
0.060309
0.059819
0.059945
0.060141
0.060425
0.060105
0.060258
0.060539
0.060702
0.060078
0.060316
0.060540
0.060785
0.060160
0.059270
0.059429
0.059472
0.058873
0.059099
0.059330
0.058827
0.059120
0.059201
0.059576
0.058975
0.059430
0.059515
0.059870
0.059355
0.059450
0.059851
0.059998
0.059466
0.059872
0.060012
0.060277
0.059710
0.059835
0.060003
0.060452
0.059886
0.060015
0.060238
0.059713
0.059900
0.060009
0.060235
0.059767
0.059896
0.060109
0.060316
0.059752
0.059904
0.060186
0.060548
0.060041
0.060172
0.060453
0.060633
0.060124
0.060340
0.060425
0.059873
0.060116
0.060314
0.060483
0.060014
0.060229
0.060372
0.060512
0.060017
0.060345
0.060412
0.060623
0.060115
0.060330
0.060474
0.060741
0.060178
0.060364
0.060506
0.059919
0.060143
0.060304
0.060530
0.059923
0.060226
0.060366
0.060564
0.060039
0.060229
0.060371
0.060523
0.060015
0.060144
0.060397
0.060662
0.060039
0.060255
0.060423
0.060659
0.060066
0.060283
0.060396
0.059871
0.060083
0.060333
0.060476
0.059806
0.060105
0.060273
0.060423
0.059942
0.060157
0.060265
0.060443
0.059964
0.060122
0.060076
0.060311
0.059720
0.059818
0.060129
0.059631
0.059793
0.059929
0.060166
0.059545
0.059671
0.060010
0.060189
0.059568
0.059811
0.060064
0.060191
0.059546
0.059847
0.060045
0.060133
0.059689
0.059849
0.060047
0.060192
0.059778
0.059909
0.060057
0.059469
0.059771
0.059968
0.060118
0.059560
0.059803
0.059916
0.060145
0.059678
0.059894
0.059978
0.060181
0.059821
0.059810
0.060063
0.060379
0.059795
0.059897
0.060130
0.059629
0.059802
0.059960
0.060251
0.059689
0.059789
0.060071
0.060306
0.059685
0.059929
0.060097
0.060353
0.059653
0.059951
0.060176
0.060266
0.059764
0.059893
0.060117
0.060234
0.059733
0.059889
0.060123
0.059473
0.059689
0.059915
0.060091
0.059502
0.059575
0.059885
0.059972
0.059414
0.059676
0.059816
0.059966
0.059375
0.059561
0.059816
0.059881
0.059374
0.059563
0.059686
0.059009
0.059376
0.059508
0.059433
0.058868
0.059027
0.059148
0.059272
0.058679
0.059010
0.059050
0.059118
0.058610
0.058857
0.058913
0.059099
0.058534
0.058723
0.058871
0.059080
0.058544
0.058605
0.058872
0.058254
0.058492
0.058633
0.058837
0.058333
0.058401
0.058656
0.058835
0.058304
0.058372
0.058598
0.058862
0.058276
0.058408
0.058576
0.058868
0.058247
0.058432
0.058583
0.058107
0.058352
0.058478
0.058660
0.058182
0.058335
0.058532
0.058683
0.058235
0.058449
0.058699
0.058962
0.058368
0.058614
0.058921
0.059044
0.058518
0.058791
0.059073
0.059195
0.058600
0.058844
0.059055
0.058457
0.058758
0.058868
0.059165
0.058623
0.058810
0.058950
0.059187
0.058705
0.058837
0.059063
0.059271
0.058760
0.058921
0.059119
0.059271
0.058845
0.058977
0.059159
0.058618
0.058873
0.058815
0.058940
0.058459
0.058505
0.058646
0.058687
0.058263
0.058480
0.058509
0.058718
0.058126
0.058456
0.058515
0.058667
0.058117
0.058306
0.058510
0.058630
0.058155
0.058271
0.058479
0.057920
0.058130
0.058378
0.058501
0.057943
0.058153
0.058379
0.058499
0.057973
0.058190
0.058359
0.058507
0.058030
0.058217
0.058301
0.058590
0.057969
0.058214
0.058450
0.057765
0.057956
0.058228
0.058467
0.057820
0.058048
0.058243
0.058450
0.057873
0.058029
0.058227
0.058407
0.057923
0.058055
0.058280
0.058433
0.057893
0.058108
0.058251
0.057755
0.057890
0.058136
0.058348
0.057703
0.057973
0.058227
0.058383
0.057759
0.057944
0.058312
0.058323
0.057840
0.058086
0.058284
0.058496
0.057843
0.058089
0.058315
0.058469
0.057929
0.058146
0.058358
0.057767
0.057902
0.058207
0.058363
0.057854
0.058011
0.058265
0.058334
0.057885
0.058126
0.058267
0.058421
0.057883
0.058073
0.058328
0.058509
0.057941
0.058073
0.058370
0.057806
0.057943
0.058058
0.058299
0.057763
0.057890
0.058114
0.058355
0.057820
0.058003
0.058144
0.058355
0.057757
0.058003
0.058172
0.058323
0.057754
0.058000
0.058197
0.058350
0.057782
0.058026
0.058204
0.057525
0.057856
0.057989
0.058201
0.057693
0.057875
0.058044
0.058252
0.057774
0.057957
0.058126
0.058335
0.057823
0.058011
0.058123
0.058389
0.057935
0.058095
0.058221
0.057684
0.057933
0.058093
0.058333
0.057768
0.058008
0.058177
0.058447
0.057881
0.057979
0.058347
0.058471
0.057959
0.058175
0.058345
0.058555
0.057959
0.058290
0.058459
0.058668
0.058128
0.058288
0.058500
0.058020
0.058175
0.058401
0.058700
0.058078
0.058290
0.058516
0.058726
0.057888
0.058242
0.058440
0.058563
0.058083
0.058301
0.058528
0.058669
0.058190
0.058378
0.058473
0.058024
0.058247
0.058492
0.058645
0.058110
0.058322
0.058492
0.058787
0.058224
0.058350
0.058635
0.058842
0.058305
0.058465
0.058692
0.058899
0.058362
0.058550
0.058890
0.058983
0.058446
0.058691
0.058872
0.058337
0.058521
0.058804
0.058957
0.058452
0.058549
0.058832
0.059038
0.058507
0.058663
0.058861
0.059211
0.058588
0.058693
0.058948
0.059241
0.058647
0.058836
0.059046
0.058483
0.058653
0.059013
0.059137
0.058545
0.058757
0.058983
0.059164
0.058573
0.058844
0.059042
0.059192
0.058632
0.058930
0.059071
0.059220
0.058744
0.058960
0.059215
0.059308
0.058886
0.059017
0.059170
0.058639
0.058825
0.059049
0.059344
0.058724
0.058852
0.059165
0.059400
0.058839
0.058970
0.059281
0.059519
0.058874
0.059059
0.059313
0.059604
0.058932
0.059143
0.059408
0.058817
0.059040
0.059256
0.059522
0.058934
0.059090
0.059315
0.059499
0.058908
0.059262
0.059403
0.059581
0.059132
0.059229
0.059482
0.059608
0.059106
0.059289
0.059458
0.059666
0.059274
0.059375
0.059584
0.059106
0.059235
0.059544
0.059754
0.059188
0.059287
0.059480
0.059744
0.059069
0.059338
0.059592
0.059771
0.059125
0.059309
0.059618
0.059713
0.059153
0.059419
0.059683
0.059006
0.059286
0.059445
0.059596
0.059089
0.059246
0.059441
0.059647
0.059059
0.059242
0.059495
0.059588
0.059085
0.059266
0.059465
0.059728
0.059138
0.059407
0.059434
0.058939
0.059104
0.059405
0.059558
0.058994
0.059236
0.059404
0.059500
0.058994
0.059292
0.059461
0.059583
0.059107
0.059348
0.059488
0.059695
0.059249
0.059319
0.059488
0.059622
0.059003
0.059157
0.059338
0.058889
0.059028
0.059186
0.059453
0.058861
0.058993
0.059275
0.059482
0.058893
0.059106
0.059332
0.059454
0.058922
0.059135
0.059334
0.059484
0.058952
0.059079
0.059316
0.058695
0.058976
0.059191
0.059287
0.058609
0.058881
0.059220
0.059287
0.058667
0.058910
0.059106
0.059314
0.058725
0.058938
0.059106
0.059314
0.058753
0.058965
0.059135
0.059342
0.058781
0.058965
0.059145
0.058636
0.058803
0.058990
0.059172
0.058693
0.058794
0.059104
0.059226
0.058664
0.058764
0.059132
0.059282
0.058663
0.058822
0.059104
0.059254
0.058692
0.058878
0.059116
0.058501
0.058696
0.058942
0.059065
0.058472
0.058658
0.058941
0.059006
0.058445
0.058659
0.058884
0.059034
0.058502
0.058744
0.058884
0.059034
0.058611
0.058742
0.058883
0.059091
0.058497
0.058686
0.058866
0.058357
0.058523
0.058769
0.058921
0.058329
0.058458
0.058770
0.058947
0.058267
0.058516
0.058713
0.058920
0.058269
0.058516
0.058685
0.058778
0.058241
0.058515
0.058637
0.058012
0.058181
0.058485
0.058616
0.058017
0.058095
0.058405
0.058644
0.057959
0.058065
0.058374
0.058469
0.057901
0.058035
0.058261
0.058356
0.057758
0.057948
0.058200
0.058356
0.057783
0.058002
0.058070
0.057443
0.057662
0.057755
0.057882
0.057205
0.057401
0.057540
0.057637
0.057081
0.057341
0.057465
0.057599
0.057006
0.057188
0.057387
0.057560
0.056997
0.057158
0.057346
0.056744
0.056972
0.057104
0.057297
0.056752
0.056916
0.057096
0.057222
0.056678
0.056869
0.057052
0.057286
0.056635
0.056856
0.057108
0.057227
0.056634
0.056966
0.057108
0.057262
0.056662
0.056967
0.057150
0.056491
0.056683
0.056871
0.056995
0.056451
0.056671
0.056839
0.057044
0.056479
0.056700
0.056840
0.057016
0.056508
0.056642
0.056882
0.057174
0.056579
0.056656
0.056868
0.056437
0.056522
0.056799
0.057039
0.056381
0.056630
0.056772
0.057041
0.056439
0.056688
0.056942
0.057064
0.056527
0.056777
0.057003
0.057123
0.056614
0.056920
0.057090
0.057212
0.056674
0.056979
0.057105
0.056538
0.056839
0.057039
0.057167
0.056627
0.056900
0.057125
0.057302
0.056684
0.057014
0.057212
0.057418
0.056795
0.057069
0.057325
0.057502
0.056936
0.057184
0.057398
0.056858
0.056996
0.057272
0.057540
0.056886
0.057044
0.057413
0.057563
0.056973
0.057217
0.057500
0.057646
0.057028
0.057240
0.057494
0.057701
0.057111
0.057381
0.057520
0.057812
0.057167
0.057409
0.057564
0.057109
0.057211
0.057406
0.057732
0.057132
0.057375
0.057543
0.057778
0.057244
0.057402
0.057656
0.057890
0.057271
0.057514
0.057683
0.057946
0.057355
0.057570
0.057781
0.057184
0.057378
0.057683
0.057809
0.057297
0.057513
0.057682
0.057916
0.057353
0.057540
0.057738
0.057944
0.057468
0.057625
0.057880
0.058086
0.057581
0.057709
0.057893
0.057351
0.057574
0.057850
0.057920
0.057437
0.057709
0.057821
0.058005
0.057579
0.057737
0.057848
0.058083
0.057692
0.057821
0.057990
0.058253
0.057720
0.057820
0.058047
0.058224
0.057720
0.057906
0.058118
0.057521
0.057772
0.057991
0.058204
0.057550
0.057823
0.057993
0.058226
0.057721
0.057823
0.058021
0.058170
0.057666
0.057825
0.058050
0.058255
0.057750
0.057936
0.058092
0.057580
0.057775
0.057994
0.058178
0.057611
0.057741
0.057939
0.058237
0.057584
0.057828
0.058054
0.058203
0.057669
0.057754
0.058008
0.058214
0.057566
0.057895
0.058065
0.058242
0.057680
0.057811
0.058079
0.057482
0.057764
0.057868
0.058051
0.057512
0.057814
0.057897
0.058073
0.057654
0.057784
0.058011
0.058102
0.057712
0.057841
0.057925
0.058160
0.057769
0.057841
0.057995
0.057455
0.057707
0.057840
0.058079
0.057511
0.057613
0.057898
0.058052
0.057484
0.057655
0.057824
0.058089
0.057555
0.057657
0.057825
0.058175
0.057582
0.057740
0.057854
0.058232
0.057666
0.057797
0.057954
0.057413
0.057637
0.057741
0.058040
0.057470
0.057686
0.057884
0.058062
0.057442
0.057657
0.057911
0.058091
0.057442
0.057770
0.057940
0.058062
0.057499
0.057741
0.057925
0.057326
0.057695
0.057856
0.057953
0.057384
0.057629
0.057826
0.058010
0.057526
0.057658
0.057826
0.058061
0.057612
0.057657
0.057826
0.058118
0.057611
0.057626
0.057939
0.058146
4.057497
4.057247
4.057141
4.058941
4.060115
4.059490
4.057306
4.054312
4.051878
4.050293
4.049932
4.050369
4.051067
4.052057
4.053552
4.054003
4.054089
4.053909
4.053582
4.053222
4.052933
4.052966
4.052919
4.052864
4.052853
4.052789
4.052654
4.052244
4.052124
4.051613
4.051072
4.050712
4.050101
4.049694
4.049137
4.048558
4.048034
4.047264
4.046391
4.045408
4.044684
4.044092
4.043451
4.042596
4.041664
4.040618
4.039425
4.038778
4.037985
4.037230
4.036683
4.035885
4.034763
4.033795
4.032381
4.031418
4.030490
4.029608
4.028788
4.027781
4.026454
4.025225
4.023676
4.022223
4.020763
4.019319
4.017938
4.016849
4.016006
4.014725
4.013629
4.012409
4.011055
4.009765
4.008758
4.007893
4.007123
4.006252
4.004902
4.003621
4.002201
4.000791
3.999243
3.997643
3.996485
3.995155
3.993906
3.992763
3.991530
3.990292
3.989048
3.987694
3.986311
3.984991
3.983685
3.982444
3.981093
3.979717
3.978205
3.976699
3.975156
3.973868
3.972488
3.971253
3.969951
3.968445
3.967092
3.965684
3.964165
3.962563
3.961214
3.959619
3.957863
3.956236
3.954590
3.952956
3.951255
3.949537
3.947720
3.946028
3.944199
3.942300
3.940440
3.938447
3.936431
3.934467
3.932385
3.930296
3.928262
3.926217
3.924078
3.921976
3.919811
3.917579
3.915413
3.913292
3.911133
3.908846
3.906738
3.904469
3.902333
3.900043
3.897768
3.895417
3.893195
3.890875
3.888510
3.886155
3.883880
3.881486
3.879099
3.876694
3.874514
3.871995
3.869762
3.867394
3.865026
3.862743
3.860211
3.857781
3.855384
3.852959
3.850493
3.848053
3.845579
3.842963
3.840469
3.837790
3.835228
3.832649
3.829894
3.827254
3.824939
3.822300
3.819577
3.816702
3.813944
3.811149
3.808299
3.805553
3.802721
3.799956
3.797227
3.794462
3.791733
3.788952
3.786110
3.783498
3.780637
3.777697
3.774873
3.771972
3.769092
3.766174
3.763248
3.760214
3.757287
3.754198
3.751179
3.748020
3.744920
3.741909
3.738688
3.735675
3.732459
3.729345
3.726041
3.722854
3.719622
3.716274
3.713183
3.709785
3.706556
3.703395
3.700065
3.696825
3.693544
3.690114
3.686753
3.683486
3.680227
3.676951
3.673539
3.670197
3.666809
3.663475
3.660046
3.656567
3.653137
3.649631
3.646249
3.642779
3.639330
3.635833
3.632180
3.628629
3.625011
3.621445
3.617857
3.614142
3.610639
3.606939
3.603231
3.599645
3.595879
3.592147
3.588532
3.584793
3.581044
3.577352
3.573687
3.569933
3.566151
3.562487
3.558647
3.554996
3.551115
3.547387
3.543652
3.539836
3.536027
3.532268
3.528575
3.524830
3.520966
3.517243
3.513428
3.509584
3.505814
3.502043
3.498320
3.494343
3.490604
3.486783
3.483030
3.479183
3.475316
3.471614
3.467830
3.463943
3.460198
3.456358
3.452651
3.448810
3.444940
3.441187
3.437350
3.433449
3.429687
3.425894
3.422085
3.418327
3.414571
3.410695
3.406871
3.403128
3.399235
3.395387
3.391617
3.387809
3.384068
3.380170
3.376463
3.372665
3.368781
3.365007
3.361238
3.357450
3.353692
3.349839
3.346078
3.342262
3.338508
3.334788
3.331066
3.327295
3.323595
3.319961
3.316130
3.312435
3.308797
3.304966
3.301380
3.297528
3.293975
3.290354
3.286538
3.282959
3.279119
3.275623
3.271855
3.268251
3.264658
3.260942
3.257402
3.253827
3.250196
3.246619
3.243078
3.239402
3.235770
3.232280
3.228603
3.225085
3.221393
3.217934
3.214352
3.210722
3.207185
3.203560
3.200091
3.196451
3.192943
3.189335
3.185854
3.182381
3.178918
3.175319
3.171867
3.168417
3.165000
3.161587
3.158132
3.154708
3.151315
3.147878
3.144462
3.141129
3.137724
3.134382
3.131023
3.127611
3.124329
3.120918
3.117692
3.114427
3.111073
3.107848
3.104608
3.101381
3.098032
3.094810
3.091636
3.088319
3.085174
3.081973
3.078823
3.075643
3.072484
3.069538
3.066297
3.063158
3.060038
3.056921
3.053804
3.050634
3.047565
3.044459
3.041427
3.038354
3.035190
3.032089
3.029051
3.025931
3.022824
3.019847
3.016751
3.013740
3.010665
3.007673
3.004782
3.001741
2.998731
2.995730
2.992741
2.989737
2.986759
2.983748
2.980774
2.977792
2.974792
2.971788
2.968905
2.965922
2.963039
2.960172
2.957221
2.954326
2.951424
2.948680
2.945556
2.942819
2.939909
2.936985
2.934173
2.931174
2.928218
2.925371
2.922892
2.920701
2.918573
2.916250
2.914122
2.912066
2.909694
2.907791
2.905838
2.903941
2.901952
2.900052
2.898027
2.896015
2.894207
2.892376
2.890635
2.888894
2.887008
2.884665
2.882610
2.880376
2.878147
2.876047
2.873168
2.870252
2.867233
2.864285
2.861229
2.858297
2.855182
2.852051
2.849149
2.846171
2.843119
2.840027
2.837017
2.833882
2.830713
2.827650
2.824702
2.821591
2.818510
2.815492
2.812478
2.809422
2.806264
2.803080
2.799928
2.796691
2.793504
2.790199
2.786951
2.783668
2.780406
2.777114
2.773581
2.770273
2.766800
2.763513
2.760086
2.756720
2.753114
2.749640
2.746277
2.742685
2.739167
2.735707
2.732115
2.728611
2.724883
2.721265
2.717578
2.713957
2.710182
2.706488
2.702713
2.698968
2.695349
2.691545
2.687816
2.684039
2.680383
2.676550
2.672793
2.669051
2.665358
2.661552
2.657834
2.654090
2.650351
2.646502
2.642787
2.639173
2.635352
2.631633
2.627913
2.624214
2.620580
2.616950
2.613276
2.609623
2.605942
2.602254
2.598535
2.594938
2.591452
2.587665
2.584138
2.580499
2.576796
2.573208
2.569555
2.565797
2.562164
2.558442
2.554738
2.550976
2.547493
2.543649
2.540043
2.536328
2.532710
2.529023
2.525401
2.521800
2.518227
2.514576
2.511014
2.507379
2.503767
2.500287
2.496658
2.493271
2.489662
2.486141
2.482643
2.479174
2.475520
2.472003
2.468503
2.465101
2.461582
2.458050
2.454560
2.451148
2.447672
2.444230
2.440692
2.437238
2.433865
2.430337
2.426981
2.423433
2.419939
2.416609
2.413145
2.409751
2.406442
2.403029
2.399543
2.396192
2.392822
2.389295
2.385991
2.382636
2.379218
2.375731
2.372451
2.369002
2.365529
2.362127
2.358765
2.355317
2.352234
2.348746
2.345422
2.341912
2.338502
2.335222
2.331707
2.328470
2.325171
2.321701
2.318440
2.315216
2.311808
2.308543
2.305284
2.301953
2.298851
2.295658
2.292307
2.289251
2.285914
2.282816
2.279531
2.276457
2.273176
2.270210
2.267082
2.264002
2.261065
2.257970
2.254896
2.251932
2.248922
2.246074
2.243173
2.240169
2.237205
2.234289
2.231516
2.228618
2.225719
2.222923
2.220159
2.217277
2.214457
2.211594
2.208733
2.205922
2.203132
2.200222
2.197436
2.194517
2.191645
2.189029
2.186150
2.183579
2.180991
2.178300
2.175570
2.172927
2.170336
2.167724
2.165112
2.162601
2.160071
2.157450
2.154938
2.152456
2.150013
2.147536
2.145158
2.142718
2.140362
2.137951
2.135451
2.133244
2.130734
2.128453
2.126228
2.123887
2.121723
2.119451
2.117145
2.115094
2.112984
2.110845
2.108794
2.106779
2.104782
2.102658
2.100713
2.098719
2.096760
2.094766
2.092807
2.090933
2.089122
2.087063
2.084970
2.083129
2.081079
2.079177
2.077244
2.075325
2.073459
2.071488
2.069696
2.067925
2.066441
2.065164
2.064125
2.062943
2.061662
2.059981
2.057990
2.056011
2.054103
2.051834
2.049661
2.047308
2.045008
2.042521
2.040044
2.037446
2.034894
2.032071
2.029499
2.026480
2.023727
2.020760
2.017821
2.014897
2.011561
2.008964
2.005991
2.002837
1.999758
1.996627
1.993486
1.990551
1.987393
1.984319
1.981078
1.977783
1.974526
1.971130
1.967842
1.964871
1.962028
1.959676
1.957535
1.955155
1.952655
1.949861
1.947334
1.944791
1.942404
1.940009
1.937492
1.935047
1.932700
1.930166
1.927542
1.924923
1.922318
1.919521
1.916716
1.913689
1.910636
1.907601
1.904535
1.901458
1.898423
1.895273
1.892095
1.889112
1.885967
1.882678
1.879439
1.876349
1.873209
1.869881
1.866659
1.863349
1.860059
1.856887
1.853517
1.850129
1.846877
1.843432
1.839993
1.836669
1.833195
1.829773
1.826257
1.822770
1.819292
1.815824
1.812073
1.808553
1.804904
1.801222
1.797501
1.793795
1.790148
1.786331
1.782554
1.778749
1.775005
1.771069
1.767157
1.763336
1.759379
1.755516
1.751630
1.747749
1.743728
1.739813
1.735868
1.731961
1.728029
1.724220
1.720402
1.716486
1.712682
1.708789
1.704931
1.700991
1.697144
1.693320
1.689433
1.685634
1.681816
1.677978
1.674252
1.670397
1.666708
1.663047
1.659319
1.655696
1.651973
1.648187
1.644362
1.640729
1.636891
1.633098
1.629255
1.625537
1.621706
1.617955
1.614177
1.610351
1.606547
1.602839
1.599102
1.595302
1.591458
1.587641
1.583870
1.580001
1.576234
1.572475
1.568531
1.564781
1.560811
1.556987
1.553272
1.549280
1.545458
1.541552
1.537602
1.533873
1.530009
1.526024
1.522266
1.518338
1.514599
1.510558
1.506777
1.503004
1.499230
1.495449
1.491507
1.487845
1.483932
1.480265
1.476488
1.472662
1.468848
1.465237
1.461533
1.457739
1.454035
1.450295
1.446652
1.442993
1.439407
1.435721
1.432109
1.428422
1.424786
1.421202
1.417716
1.414193
1.410654
1.407217
1.403797
1.400417
1.397075
1.393687
1.390356
1.386910
1.383490
1.380154
1.376797
1.373589
1.370199
1.366853
1.363655
1.360261
1.357036
1.353732
1.350606
1.347424
1.344373
1.341271
1.338116
1.335064
1.332074
1.329043
1.326150
1.323107
1.320086
1.317051
1.314157
1.311177
1.308227
1.305288
1.302350
1.299397
1.296458
1.293635
1.290752
1.287808
1.285019
1.282106
1.279215
1.276416
1.273683
1.270903
1.268002
1.265249
1.262398
1.259738
1.256871
1.254156
1.251358
1.248651
1.245991
1.243383
1.240683
1.237924
1.235282
1.232572
1.230003
1.227326
1.224748
1.222078
1.219539
1.217014
1.214351
1.211881
1.209307
1.206752
1.204225
1.201698
1.199224
1.196779
1.194318
1.191959
1.189473
1.187043
1.184612
1.182184
1.179667
1.177197
1.174733
1.172332
1.169908
1.167483
1.165019
1.162584
1.160747
1.158180
1.156272
1.153858
1.151672
1.149474
1.147410
1.145609
1.143487
1.141320
1.139627
1.137454
1.135518
1.133542
1.131556
1.129398
1.127441
1.125384
1.123321
1.121313
1.119616
1.117713
1.115788
1.113919
1.111979
1.109930
1.107932
1.105973
1.103952
1.101862
1.099834
1.097791
1.095834
1.093844
1.091877
1.089950
1.088104
1.086141
1.084335
1.082448
1.080387
1.078460
1.076591
1.074585
1.072631
1.070823
1.068846
1.067134
1.065309
1.063400
1.061575
1.059740
1.057815
1.055994
1.054006
1.052558
1.051128
1.049308
1.047772
1.045954
1.044065
1.042083
1.039980
1.037884
1.035749
1.033711
1.031624
1.029496
1.027336
1.025278
1.023197
1.021120
1.018991
1.016863
1.014729
1.012639
1.010599
1.008532
1.006524
1.004394
1.002334
1.000285
0.998228
0.996121
0.994129
0.992052
0.989987
0.987879
0.985874
0.983746
0.981625
0.979654
0.977603
0.975494
0.973486
0.971360
0.969353
0.967236
0.965215
0.963105
0.961078
0.959061
0.957030
0.955040
0.953001
0.950997
0.949005
0.946861
0.944797
0.942830
0.940874
0.938951
0.936915
0.934983
0.933181
0.931290
0.929664
0.928012
0.926287
0.924533
0.922807
0.921052
0.919292
0.917558
0.915701
0.913989
0.912216
0.910500
0.908875
0.907131
0.905399
0.903661
0.901989
0.900209
0.898477
0.896806
0.894953
0.893314
0.891568
0.890135
0.888359
0.886664
0.884891
0.883166
0.881334
0.879459
0.877631
0.875819
0.874013
0.872240
0.870501
0.868548
0.866785
0.864940
0.863064
0.861216
0.859287
0.857295
0.855357
0.853387
0.851462
0.849464
0.847414
0.845349
0.843377
0.841176
0.839221
0.837109
0.835036
0.833781
0.832537
0.830481
0.828551
0.826598
0.824465
0.822476
0.820360
0.818230
0.816154
0.814167
0.812182
0.810189
0.808197
0.806225
0.804215
0.802200
0.800156
0.798255
0.796276
0.794306
0.792299
0.790373
0.788365
0.786402
0.784443
0.783592
0.782809
0.781191
0.780515
0.779618
0.777861
0.776043
0.774178
0.772188
0.770258
0.768213
0.766268
0.764289
0.762379
0.760526
0.758654
0.756789
0.754821
0.753234
0.751630
0.750027
0.748358
0.746736
0.745980
0.745367
0.744788
0.743299
0.742962
0.742325
0.740697
0.739052
0.737273
0.735473
0.733619
0.731719
0.729894
0.727910
0.726065
0.723996
0.722071
0.720035
0.717982
0.715876
0.713735
0.711585
0.709535
0.707359
0.705249
0.703144
0.700942
0.698779
0.696645
0.694507
0.692278
0.690176
0.688097
0.685861
0.683760
0.681647
0.679489
0.677355
0.675308
0.673324
0.672223
0.670378
0.668406
0.666386
0.664414
0.662491
0.660491
0.658539
0.656511
0.654491
0.652591
0.650619
0.648696
0.647337
0.645403
0.643897
0.641995
0.640248
0.638563
0.636890
0.635980
0.634880
0.633233
0.632537
0.631515
0.630122
0.628545
0.627296
0.626285
0.624754
0.623297
0.621823
0.620414
0.618923
0.617466
0.616375
0.615251
0.613892
0.612583
0.611234
0.609782
0.609084
0.607770
0.606076
0.604298
0.602571
0.600864
0.599071
0.597316
0.595437
0.593581
0.591704
0.589827
0.587964
0.586123
0.584371
0.582593
0.580743
0.578890
0.577064
0.575161
0.574224
0.573112
0.572295
0.571235
0.569631
0.567971
0.566194
0.564224
0.562336
0.560335
0.558483
0.556621
0.554855
0.553100
0.551327
0.549685
0.547752
0.545960
0.543911
0.542011
0.540986
0.539795
0.538198
0.536279
0.534297
0.532342
0.530365
0.528360
0.526388
0.524381
0.522326
0.520375
0.518306
0.516179
0.514143
0.513146
0.511701
0.510495
0.510050
0.508541
0.506743
0.505358
0.504009
0.502150
0.500192
0.498248
0.496186
0.494222
0.492326
0.490425
0.488495
0.486588
0.484601
0.482724
0.481189
0.479935
0.478014
0.476260
0.474296
0.472378
0.471472
0.470876
0.469599
0.467929
0.466113
0.464820
0.464280
0.463138
0.461566
0.459886
0.457986
0.455985
0.454106
0.452143
0.450309
0.448516
0.446586
0.444700
0.442751
0.440999
0.439168
0.437548
0.435756
0.433969
0.432220
0.430526
0.428738
0.427113
0.426664
0.425918
0.424168
0.422626
0.420847
0.419105
0.417176
0.415273
0.413353
0.411422
0.410681
0.409640
0.408153
0.406711
0.405203
0.403706
0.402027
0.400325
0.398684
0.396992
0.395395
0.393736
0.392180
0.390589
0.388960
0.387330
0.385725
0.384113
0.382615
0.380928
0.379237
0.377652
0.376105
0.374495
0.372972
0.371357
0.369789
0.368023
0.366382
0.364799
0.363203
0.361499
0.359901
0.358244
0.356588
0.354956
0.353297
0.351588
0.349790
0.348202
0.346483
0.344874
0.343309
0.341622
0.340538
0.338758
0.337123
0.335423
0.333721
0.332420
0.330827
0.329255
0.327699
0.326101
0.324342
0.322633
0.320913
0.319254
0.317644
0.316157
0.314542
0.312810
0.310927
0.309078
0.307197
0.305839
0.304743
0.302909
0.300940
0.298792
0.296744
0.294548
0.292348
0.290131
0.287924
0.285659
0.283424
0.281259
0.278967
0.276778
0.274607
0.272425
0.270256
0.267975
0.265859
0.263655
0.261511
0.259346
0.257246
0.255060
0.252910
0.250837
0.248795
0.246685
0.244591
0.242506
0.240370
0.238295
0.236187
0.234018
0.231875
0.229894
0.227785
0.225677
0.223494
0.221410
0.219269
0.217221
0.215094
0.212934
0.210829
0.208582
0.206454
0.204359
0.202240
0.200072
0.197950
0.195844
0.193788
0.191542
0.189334
0.187252
0.185072
0.182987
0.180966
0.178932
0.176808
0.174755
0.172757
0.170820
0.168746
0.166852
0.164846
0.162885
0.160937
0.159051
0.157096
0.155241
0.153251
0.151343
0.149474
0.147517
0.145620
0.143780
0.141878
0.140042
0.138187
0.136298
0.134504
0.132692
0.130939
0.129119
0.127422
0.125630
0.123863
0.122127
0.120482
0.118755
0.117085
0.115391
0.113780
0.112039
0.110440
0.108814
0.107282
0.105733
0.104102
0.102657
0.101135
0.099631
0.098108
0.096667
0.095169
0.093792
0.092316
0.090952
0.089502
0.088195
0.086785
0.085467
0.084245
0.082886
0.081586
0.080329
0.079054
0.077927
0.076648
0.075501
0.074302
0.073147
0.072063
0.070907
0.069754
0.068767
0.067603
0.066622
0.065514
0.064529
0.063510
0.062562
0.061539
0.060568
0.059680
0.058700
0.057798
0.056885
0.055996
0.055058
0.054207
0.053424
0.052502
0.051769
0.050817
0.049957
0.049181
0.048324
0.047599
0.046908
0.046178
0.045446
0.044703
0.044061
0.043366
0.042683
0.042090
0.041384
0.040797
0.040199
0.039546
0.038981
0.038353
0.037715
0.037240
0.036715
0.036157
0.035620
0.035089
0.034574
0.034069
0.033595
0.033051
0.032663
0.032187
0.031764
0.031260
0.030832
0.030409
0.029923
0.029616
0.029136
0.028767
0.028358
0.027998
0.027597
0.027154
0.026837
0.026435
0.026146
0.025761
0.025470
0.025068
0.024803
0.024484
0.024151
0.023925
0.023515
0.023336
0.022992
0.022794
0.022475
0.022150
0.021866
0.021612
0.021397
0.021163
0.020863
0.020645
0.020364
0.020167
0.019948
0.019714
0.019448
0.019236
0.019071
0.018857
0.018576
0.018385
0.018237
0.017960
0.017843
0.017640
0.017382
0.017251
0.017085
0.016857
0.016702
0.016528
0.016334
0.016208
0.016043
0.015888
0.015688
0.015564
0.015303
0.015070
0.014909
0.014796
0.014581
0.014480
0.014329
0.014265
0.014068
0.013972
0.013822
0.013658
0.013580
0.013445
0.013340
0.013294
0.013142
0.013049
0.012954
0.012857
0.012772
0.012599
0.012487
0.012399
0.012350
0.012166
0.012055
0.011955
0.011875
0.011812
0.011718
0.011605
0.011521
0.011394
0.011325
0.011297
0.011149
0.011098
0.011046
0.010972
0.010889
0.010865
0.010810
0.010715
0.010650
0.010626
0.010630
0.010590
0.010527
0.010518
0.010457
0.010426
0.010445
0.010432
0.010394
0.010290
0.010250
0.010250
0.010244
0.010171
0.010171
0.010143
0.010142
0.010089
0.010045
0.010045
0.010018
0.010041
0.010041
0.009965
0.009912
0.009866
0.009866
0.009838
0.009838
0.009779
0.009787
0.009772
0.009756
0.009748
0.009721
0.009698
0.009698
0.009698
0.009679
0.009652
0.009636
0.009613
0.009613
0.009586
0.009586
0.009454
0.009456
0.009385
0.009345
0.009318
0.009318
0.009311
0.009306
0.009277
0.009255
0.009257
0.009257
0.009261
0.009261
0.009261
0.009269
0.009256
0.009256
0.009248
0.009248
0.009248
0.009248
0.009248
0.009241
0.009241
0.009241
0.009241
0.009241
0.009241
0.009241
0.009241
0.009241
0.009256
0.009256
0.009256
0.009256
0.009256
0.009256
0.009256
0.009256
0.009256
0.009256
0.009230
0.009179
0.009180
0.009192
0.009203
0.009197
0.009160
0.009175
0.009192
0.009192
0.009210
0.009178
0.009178
0.009198
0.009198
0.009198
0.009195
0.009156
0.009156
0.009156
0.009179
0.009179
0.009127
0.009127
0.009121
0.009144
0.009144
0.009117
0.009081
0.009081
0.009081
0.009081
0.009055
0.009055
0.009078
0.009078
0.009078
0.009052
0.009052
0.009052
0.009033
0.009013
0.009013
0.009032
0.009032
0.009032
0.009024
0.009024
0.009024
0.009002
0.008892
0.008855
0.008823
0.008811
0.008800
0.008800
0.008793
0.008788
0.008786
0.008786
0.008788
0.008788
0.008806
0.008806
0.008806
0.008813
0.008813
0.008813
0.008824
0.008824
0.008824
0.008824
0.008824
0.008836
0.008836
0.008836
0.008836
0.008836
0.008836
0.008836
0.008836
0.008818
0.008833
0.008811
0.008811
0.008811
0.008811
0.008811
0.008811
0.008811
0.008811
0.008811
0.008811
0.008759
0.008761
0.008773
0.008783
0.008796
0.008796
0.008811
0.008828
0.008828
0.008846
0.008866
0.008866
0.008886
0.008886
0.008886
0.008908
0.008908
0.008908
0.008908
0.008931
0.008931
0.008931
0.008931
0.008931
0.008944
0.008911
0.008911
0.008904
0.008904
0.008904
0.008904
0.008904
0.008904
0.008928
0.008928
0.008928
0.008928
0.008928
0.008928
0.008928
0.008928
0.008928
0.008928
0.008928
0.008928
0.008928
0.008928
0.008797
0.008752
0.008720
0.008708
0.008697
0.008697
0.008690
0.008685
0.008677
0.008677
0.008661
0.008661
0.008639
0.008621
0.008578
0.008586
0.008586
0.008586
0.008596
0.008596
0.008596
0.008596
0.008596
0.008609
0.008609
0.008609
0.008609
0.008582
0.008582
0.008582
0.008582
0.008582
0.008597
0.008597
0.008597
0.008597
0.008597
0.008597
0.008597
0.008597
0.008597
0.008597
0.008597
0.008597
0.008545
0.008524
0.008528
0.008539
0.008552
0.008552
0.008566
0.008583
0.008583
0.008601
0.008621
0.008621
0.008642
0.008642
0.008642
0.008663
0.008663
0.008663
0.008686
0.008686
0.008686
0.008665
0.008665
0.008665
0.008688
0.008688
0.008688
0.008688
0.008680
0.008680
0.008680
0.008680
0.008680
0.008704
0.008704
0.008704
0.008704
0.008704
0.008704
0.008704
0.008704
0.008704
0.008704
0.008704
0.008704
0.008704
0.008704
0.008572
0.008554
0.008522
0.008510
0.008484
0.008469
0.008462
0.008457
0.008456
0.008456
0.008442
0.008442
0.008447
0.008447
0.008447
0.008455
0.008455
0.008455
0.008465
0.008465
0.008465
0.008465
0.008465
0.008478
0.008478
0.008478
0.008478
0.008478
0.008478
0.008478
0.008478
0.008463
0.008478
0.008478
0.008478
0.008478
0.008478
0.008478
0.008478
0.008478
0.008478
0.008478
0.008478
0.008478
0.008426
0.008428
0.008440
0.008450
0.008463
0.008481
0.008496
0.008513
0.008513
0.008531
0.008551
0.008551
0.008559
0.008559
0.008571
0.008593
0.008593
0.008593
0.008615
0.008615
0.008615
0.008615
0.008615
0.008639
0.008639
0.008639
0.008639
0.008639
0.008639
0.008639
0.008639
0.008639
0.008639
0.008662
0.008662
0.008662
0.008662
0.008644
0.008644
0.008644
0.008644
0.008644
0.008644
0.008629
0.008629
0.008629
0.008629
0.008497
0.008479
0.008447
0.008435
0.008424
0.008424
0.008417
0.008412
0.008410
0.008410
0.008412
0.008412
0.008417
0.008417
0.008414
0.008422
0.008422
0.008424
0.008435
0.008435
0.008435
0.008435
0.008435
0.008447
0.008447
0.008447
0.008447
0.008447
0.008447
0.008447
0.008447
0.008447
0.008462
0.008462
0.008462
0.008462
0.008460
0.008460
0.008460
0.008460
0.008460
0.008435
0.008435
0.008435
0.008383
0.008384
0.008397
0.008407
0.008420
0.008420
0.008435
0.008451
0.008451
0.008470
0.008489
0.008489
0.008510
0.008510
0.008510
0.008532
0.008532
0.008532
0.008554
0.008554
0.008554
0.008554
0.008554
0.008577
0.008577
0.008577
0.008577
0.008577
0.008577
0.008577
0.008577
0.008577
0.008577
0.008601
0.008601
0.008601
0.008577
0.008577
0.008577
0.008577
0.008577
0.008577
0.008577
0.008577
0.008577
0.008577
0.008577
0.008445
0.008444
0.008412
0.008400
0.008415
0.008415
0.008407
0.008422
0.008421
0.008421
0.008422
0.008422
0.008427
0.008417
0.008417
0.008425
0.008425
0.008425
0.008435
0.008435
0.008435
0.008435
0.008435
0.008448
0.008448
0.008448
0.008448
0.008448
0.008448
0.008448
0.008457
0.008457
0.008472
0.008472
0.008472
0.008472
0.008472
0.008483
0.008483
0.008483
0.008483
0.008483
0.008483
0.008483
0.008431
0.008432
0.008445
0.008455
0.008468
0.008468
0.008483
0.008500
0.008500
0.008518
0.008537
0.008537
0.008558
0.008558
0.008558
0.008580
0.008580
0.008580
0.008602
0.008602
0.008602
0.008602
0.008602
0.008626
0.008626
0.008626
0.008626
0.008626
0.008626
0.008626
0.008626
0.008626
0.008626
0.008628
0.008628
0.008628
0.008628
0.008628
0.008628
0.008628
0.008628
0.008628
0.008628
0.008628
0.008628
0.008628
0.008497
0.008479
0.008447
0.008434
0.008424
0.008424
0.008416
0.008411
0.008410
0.008410
0.008411
0.008411
0.008416
0.008416
0.008416
0.008424
0.008424
0.008424
0.008434
0.008434
0.008434
0.008434
0.008434
0.008447
0.008447
0.008447
0.008447
0.008437
0.008437
0.008437
0.008437
0.008437
0.008452
0.008452
0.008452
0.008452
0.008452
0.008452
0.008452
0.008452
0.008452
0.008452
0.008452
0.008452
0.008452
0.008416
0.008418
0.008430
0.008440
0.008453
0.008453
0.008468
0.008485
0.008485
0.008503
0.008522
0.008522
0.008543
0.008543
0.008543
0.008565
0.008565
0.008565
0.008587
0.008587
0.008587
0.008587
0.008587
0.008611
0.008611
0.008611
0.008611
0.008611
0.008611
0.008611
0.008611
0.008611
0.008611
0.008634
0.008634
0.008634
0.008634
0.008634
0.008634
0.008634
0.008634
0.008634
0.008634
0.008634
0.008634
0.008634
0.008503
0.008485
0.008453
0.008440
0.008455
0.008455
0.008447
0.008443
0.008441
0.008441
0.008443
0.008443
0.008447
0.008447
0.008447
0.008455
0.008455
0.008455
0.008465
0.008465
0.008465
0.008465
0.008465
0.008478
0.008478
0.008478
0.008478
0.008478
0.008478
0.008478
0.008478
0.008478
0.008493
0.008493
0.008493
0.008493
0.008493
0.008493
0.008496
0.008496
0.008496
0.008496
0.008496
0.008496
0.008444
0.008446
0.008458
0.008469
0.008506
0.008506
0.008520
0.008537
0.008537
0.008555
0.008575
0.008575
0.008596
0.008596
0.008596
0.008617
0.008593
0.008593
0.008615
0.008615
0.008615
0.008615
0.008615
0.008615
0.008639
0.008639
0.008639
0.008639
0.008639
0.008639
0.008639
0.008639
0.008639
0.008662
0.008662
0.008662
0.008662
0.008662
0.008662
0.008662
0.008662
0.008662
0.008662
0.008662
0.008662
0.008662
0.008662
0.008531
0.008513
0.008481
0.008468
0.008458
0.008458
0.008450
0.008446
0.008444
0.008459
0.008461
0.008461
0.008465
0.008465
0.008465
0.008473
0.008473
0.008473
0.008461
0.008483
0.008483
0.008483
0.008483
0.008496
0.008496
0.008496
0.008496
0.008496
0.008496
0.008496
0.008496
0.008496
0.008511
0.008511
0.008511
0.008511
0.008511
0.008511
0.008511
0.008511
0.008511
0.008511
0.008511
0.008511
0.008459
0.008461
0.008473
0.008483
0.008496
0.008496
0.008511
0.008528
0.008528
0.008546
0.008566
0.008566
0.008586
0.008586
0.008586
0.008608
0.008608
0.008608
0.008608
0.008617
0.008617
0.008617
0.008617
0.008617
0.008640
0.008640
0.008640
0.008640
0.008640
0.008640
0.008640
0.008640
0.008640
0.008664
0.008664
0.008664
0.008664
0.008664
0.008664
0.008664
0.008664
0.008664
0.008664
0.008664
0.008664
0.008664
0.008664
0.008532
0.008514
0.008482
0.008470
0.008459
0.008459
0.008452
0.008447
0.008445
0.008445
0.008447
0.008447
0.008444
0.008444
0.008452
0.008459
0.008459
0.008459
0.008470
0.008470
0.008470
0.008447
0.008447
0.008459
0.008434
0.008434
0.008434
0.008434
0.008434
0.008434
0.008434
0.008434
0.008449
0.008449
0.008449
0.008449
0.008449
0.008449
0.008449
0.008449
0.008449
0.008449
0.008449
0.008445
0.008393
0.008395
0.008407
0.008418
0.008430
0.008430
0.008445
0.008462
0.008462
0.008473
0.008493
0.008493
0.008513
0.008513
0.008513
0.008535
0.008535
0.008535
0.008557
0.008557
0.008548
0.008548
0.008548
0.008572
0.008589
0.008589
0.008589
0.008589
0.008589
0.008589
0.008589
0.008589
0.008589
0.008613
0.008613
0.008613
0.008613
0.008613
0.008613
0.008613
0.008613
0.008613
0.008613
0.008626
0.008626
0.008626
0.008626
0.008495
0.008477
0.008445
0.008432
0.008422
0.008422
0.008414
0.008410
0.008408
0.008408
0.008410
0.008410
0.008414
0.008414
0.008414
0.008422
0.008422
0.008422
0.008432
0.008432
0.008432
0.008423
0.008423
0.008436
0.008436
0.008436
0.008436
0.008436
0.008436
0.008436
0.008436
0.008436
0.008429
0.008429
0.008429
0.008429
0.008429
0.008429
0.008429
0.008429
0.008429
0.008429
0.008429
0.008429
0.008377
0.008378
0.008391
0.008401
0.008393
0.008393
0.008408
0.008424
0.008424
0.008443
0.008462
0.008462
0.008483
0.008483
0.008483
0.008505
0.008505
0.008505
0.008527
0.008527
0.008527
0.008527
0.008527
0.008550
0.008550
0.008550
0.008550
0.008550
0.008550
0.008550
0.008550
0.008525
0.008525
0.008546
0.008546
0.008546
0.008546
0.008549
0.008549
0.008549
0.008549
0.008549
0.008549
0.008549
0.008549
0.008549
0.008417
0.008399
0.008367
0.008355
0.008344
0.008344
0.008337
0.008332
0.008330
0.008330
0.008332
0.008332
0.008337
0.008334
0.008334
0.008342
0.008342
0.008342
0.008354
0.008354
0.008354
0.008354
0.008354
0.008367
0.008367
0.008347
0.008347
0.008347
0.008347
0.008347
0.008347
0.008347
0.008362
0.008362
0.008362
0.008362
0.008362
0.008362
0.008362
0.008362
0.008362
0.008362
0.008362
0.008362
0.008362
0.008310
0.008311
0.008324
0.008334
0.008347
0.008347
0.008362
0.008378
0.008378
0.008397
0.008416
0.008416
0.008437
0.008437
0.008437
0.008459
0.008459
0.008459
0.008462
0.008462
0.008462
0.008442
0.008442
0.008465
0.008465
0.008462
0.008462
0.008462
0.008462
0.008462
0.008462
0.008462
0.008462
0.008486
0.008486
0.008486
0.008486
0.008486
0.008486
0.008486
0.008486
0.008486
0.008486
0.008486
0.008486
0.008486
0.008355
0.008336
0.008305
0.008292
0.008282
0.008282
0.008274
0.008269
0.008268
0.008268
0.008269
0.008269
0.008274
0.008274
0.008274
0.008282
0.008282
0.008282
0.008292
0.008292
0.008310
0.008310
0.008310
0.008323
0.008323
0.008323
0.008323
0.008323
0.008323
0.008319
0.008319
0.008319
0.008333
0.008333
0.008333
0.008333
0.008333
0.008333
0.008333
0.008333
0.008333
0.008318
0.008318
0.008318
0.008318
0.008266
0.008268
0.008280
0.008291
0.008303
0.008303
0.008318
0.008335
0.008335
0.008353
0.008373
0.008373
0.008394
0.008394
0.008394
0.008415
0.008415
0.008415
0.008438
0.008438
0.008438
0.008438
0.008438
0.008461
0.008461
0.008461
0.008461
0.008461
0.008461
0.008461
0.008461
0.008443
0.008467
0.008467
0.008467
0.008467
0.008467
0.008467
0.008467
0.008467
0.008467
0.008467
0.008467
0.008467
0.008467
0.008336
0.008317
0.008286
0.008299
0.008289
0.008289
0.008281
0.008277
0.008277
0.008275
0.008277
0.008277
0.008281
0.008281
0.008281
0.008289
0.008289
0.008289
0.008299
0.008299
0.008299
0.008299
0.008299
0.008312
0.008312
0.008312
0.008312
0.008312
0.008312
0.008331
0.008331
0.008346
0.008346
0.008361
0.008361
0.008361
0.008361
0.008361
0.008361
0.008361
0.008361
0.008361
0.008361
0.008361
0.008361
0.008361
0.008309
0.008311
0.008323
0.008333
0.008346
0.008346
0.008361
0.008378
0.008396
0.008396
0.008416
0.008416
0.008427
0.008427
0.008404
0.008426
0.008426
0.008426
0.008448
0.008448
0.008448
0.008448
0.008448
0.008471
0.008471
0.008471
0.008471
0.008471
0.008471
0.008471
0.008471
0.008471
0.008495
0.008495
0.008495
0.008495
0.008495
0.008495
0.008495
0.008509
0.008509
0.008509
0.008509
0.008509
0.008509
0.008397
0.008379
0.008348
0.008335
0.008324
0.008324
0.008317
0.008312
0.008312
0.008311
0.008312
0.008312
0.008317
0.008317
0.008317
0.008324
0.008324
0.008324
0.008335
0.008335
0.008335
0.008335
0.008335
0.008348
0.008348
0.008348
0.008348
0.008348
0.008348
0.008348
0.008348
0.008348
0.008362
0.008362
0.008362
0.008352
0.008352
0.008352
0.008352
0.008352
0.008352
0.008352
0.008348
0.008348
0.008348
0.008296
0.008297
0.008310
2.637343
