0.668549
0.668549
0.668549
0.668549
0.668549
0.668549
0.668549
0.668549
0.668549
0.668549
0.668549
0.668549
0.668549
0.668549
0.668549
0.668549
0.668549
0.668549
0.668549
0.668549
0.668549
0.668549
0.668549
0.668342
0.667411
0.666166
0.664350
0.662058
0.659408
0.656532
0.653870
0.650940
0.647665
0.644042
0.640223
0.636123
0.631910
0.627704
0.623455
0.619391
0.615400
0.611296
0.607161
0.603014
0.598959
0.594769
0.590490
0.586055
0.581789
0.577691
0.573536
0.569365
0.565199
0.560931
0.556578
0.552416
0.548240
0.543856
0.539679
0.535529
0.531165
0.526970
0.522832
0.518587
0.514346
0.510068
0.505834
0.501683
0.497438
0.493256
0.489121
0.484865
0.480648
0.476284
0.472045
0.467791
0.463661
0.459446
0.455123
0.450962
0.446790
0.442566
0.438377
0.434291
0.430237
0.426139
0.422127
0.418244
0.414399
0.410617
0.406616
0.402752
0.399040
0.395276
0.391486
0.387688
0.384153
0.380564
0.376943
0.373427
0.369933
0.366339
0.363037
0.359443
0.356087
0.352979
0.349190
0.345980
0.342721
0.339523
0.336389
0.333152
0.329984
0.326807
0.323697
0.320584
0.317577
0.314696
0.311627
0.308753
0.305786
0.302872
0.300058
0.297136
0.294450
0.291620
0.288712
0.286180
0.283573
0.280655
0.278238
0.275574
0.272843
0.270557
0.267841
0.265503
0.262840
0.260590
0.258017
0.255794
0.253309
0.250942
0.248570
0.246342
0.244005
0.241760
0.239571
0.237225
0.235033
0.233057
0.230877
0.228692
0.226574
0.224509
0.222533
0.220411
0.218363
0.216396
0.214335
0.212523
0.210610
0.208723
0.206736
0.204957
0.203091
0.201218
0.199374
0.197670
0.195826
0.194009
0.192208
0.190498
0.188752
0.186903
0.185298
0.183621
0.182041
0.180395
0.178809
0.177149
0.175508
0.173860
0.172215
0.170785
0.169291
0.167587
0.166107
0.164592
0.163170
0.161548
0.160095
0.158548
0.157282
0.155711
0.154221
0.152770
0.151521
0.150032
0.148457
0.147288
0.145858
0.144326
0.143296
0.141725
0.140501
0.139302
0.137805
0.136754
0.135275
0.134044
0.132778
0.131345
0.130333
0.128862
0.127908
0.126467
0.125419
0.124134
0.122941
0.121767
0.120623
0.119406
0.118205
0.117116
0.115883
0.114883
0.113570
0.112688
0.111464
0.110597
0.109347
0.108286
0.107079
0.105969
0.105059
0.103866
0.102966
0.101828
0.100806
0.099854
0.098632
0.097720
0.096794
0.095600
0.094671
0.093763
0.092734
0.091758
0.090827
0.089804
0.088772
0.087925
0.086914
0.085937
0.085085
0.084094
0.083087
0.082379
0.081299
0.080391
0.079608
0.078495
0.077766
0.076747
0.076008
0.074975
0.074168
0.073234
0.072409
0.071470
0.070683
0.069863
0.068956
0.067982
0.067363
0.066425
0.065619
0.064744
0.063940
0.063145
0.062237
0.061457
0.060641
0.059881
0.059122
0.058396
0.057522
0.056756
0.056066
0.055279
0.054732
0.053785
0.053140
0.052451
0.051770
0.051168
0.050482
0.049690
0.049127
0.048592
0.047896
0.047334
0.046639
0.045933
0.045327
0.044894
0.044312
0.043678
0.043130
0.042490
0.041994
0.041385
0.040878
0.040424
0.039759
0.039294
0.038722
0.038269
0.037737
0.037236
0.036917
0.036311
0.035857
0.035253
0.034859
0.034355
0.033950
0.033489
0.033112
0.032742
0.032326
0.031880
0.031299
0.030937
0.030502
0.030073
0.029794
0.029431
0.029060
0.028718
0.028398
0.027912
0.027432
0.027043
0.026635
0.026409
0.026076
0.025783
0.025496
0.025271
0.025057
0.024769
0.024514
0.024317
0.024031
0.023905
0.023630
0.023465
0.023194
0.022997
0.022760
0.022573
0.022370
0.022232
0.022029
0.021788
0.021623
0.021385
0.021248
0.021010
0.020884
0.020686
0.020501
0.020302
0.020165
0.020011
0.019800
0.019614
0.019498
0.019338
0.019180
0.019032
0.018856
0.018668
0.018515
0.018377
0.018251
0.018112
0.017942
0.017815
0.017700
0.017585
0.017447
0.017321
0.017206
0.017068
0.016991
0.016865
0.016788
0.016689
0.927516
0.927390
0.927275
0.927175
0.927060
0.926972
0.926895
0.926758
0.926681
0.926566
0.926478
0.926389
0.926302
0.926186
0.926099
0.926010
0.925922
0.925807
0.925769
0.925681
0.414833
0.414795
0.414707
0.414592
0.414554
0.414454
0.414339
0.414328
0.414213
0.414016
0.413686
0.412945
0.412083
0.410990
0.409943
0.408940
0.408166
0.407893
0.407943
0.408352
0.408800
0.409499
0.409967
0.410380
0.410226
0.409957
0.409506
0.409302
0.409111
0.409070
0.409109
0.409150
0.409174
0.408898
0.408655
0.408132
0.407777
0.407269
0.406756
0.406213
0.405539
0.404836
0.404111
0.403283
0.402488
0.401708
0.400872
0.400111
0.399166
0.398091
0.396880
0.395434
0.393694
0.391836
0.389949
0.388026
0.385991
0.383958
0.381896
0.379947
0.377867
0.375853
0.373945
0.371684
0.369762
0.367706
0.365603
0.363543
0.361391
0.359493
0.357418
0.355343
0.353334
0.351231
0.349164
0.347251
0.345147
0.343163
0.341047
0.339072
0.337206
0.335114
0.333069
0.331012
0.329098
0.327141
0.325037
0.323064
0.321066
0.319079
0.317078
0.315056
0.313177
0.311220
0.309194
0.307243
0.305137
0.303241
0.301294
0.299368
0.297399
0.295459
0.293458
0.291518
0.289642
0.287724
0.285684
0.283890
0.281792
0.279911
0.277987
0.276068
0.274147
0.272268
0.270263
0.268309
0.266525
0.264664
0.262696
0.260780
0.258955
0.257074
0.255145
0.253241
0.251400
0.249478
0.247712
0.245866
0.243932
0.242033
0.240186
0.238387
0.236589
0.234751
0.232853
0.231024
0.229293
0.227494
0.225576
0.223772
0.221983
0.220171
0.218431
0.216583
0.214742
0.212964
0.211247
0.209524
0.207607
0.205899
0.204045
0.202256
0.200464
0.198776
0.196971
0.195216
0.193407
0.191706
0.189931
0.188183
0.186458
0.184633
0.182907
0.181142
0.179378
0.177700
0.175948
0.174084
0.172430
0.170747
0.169020
0.167261
0.165572
0.163884
0.162161
0.160532
0.158847
0.157042
0.155383
0.153844
0.152141
0.150502
0.148818
0.147250
0.145667
0.144102
0.142455
0.140895
0.139330
0.137793
0.136251
0.134715
0.133226
0.131618
0.130257
0.128634
0.127305
0.125744
0.124375
0.122966
0.121555
0.120069
0.118740
0.117491
0.116132
0.114843
0.113498
0.112134
0.110897
0.109653
0.108294
0.107165
0.105983
0.104774
0.103613
0.102404
0.101312
0.100073
0.098910
0.097781
0.096662
0.095574
0.094484
0.093470
0.092381
0.091292
0.090283
0.089241
0.088272
0.087342
0.086263
0.085215
0.084244
0.083326
0.082374
0.081405
0.080556
0.079637
0.078748
0.077859
0.076897
0.076087
0.075198
0.074357
0.073468
0.072606
0.071806
0.071077
0.070149
0.069300
0.068540
0.067771
0.067002
0.066243
0.065554
0.064701
0.064006
0.063317
0.062588
0.061789
0.061099
0.060370
0.059721
0.059042
0.058312
0.057623
0.057024
0.056321
0.055632
0.055033
0.054344
0.053733
0.053083
0.052444
0.051831
0.051209
0.050599
0.050030
0.049447
0.048878
0.048269
0.047726
0.047197
0.046614
0.046115
0.045652
0.045069
0.044610
0.044027
0.043524
0.042983
0.042480
0.042047
0.041545
0.041112
0.040543
0.040110
0.039757
0.039294
0.038821
0.038305
0.037882
0.037449
0.037057
0.036704
0.036297
0.035825
0.035472
0.035079
0.034686
0.034319
0.033966
0.033494
0.033127
0.032774
0.032422
0.032133
0.031740
0.031418
0.031051
0.030658
0.030332
0.030009
0.029803
0.029410
0.029033
0.028787
0.028504
0.028218
0.027865
0.027489
0.027322
0.027026
0.026673
0.026417
0.026240
0.025847
0.025631
0.025385
0.025085
0.024908
0.024622
0.024339
0.024083
0.023826
0.023660
0.023323
0.023147
0.022851
0.022644
0.022508
0.022171
0.022035
0.021779
0.021562
0.021384
0.021127
0.020951
0.020705
0.020488
0.020352
0.020095
0.019959
0.019622
0.019552
0.019336
0.019190
0.019053
0.018877
0.018647
0.018470
0.018334
0.018077
0.017941
0.017831
0.017685
0.017468
0.017292
0.017222
0.017005
0.016829
0.016749
0.016533
0.016436
0.016286
0.016180
0.016043
0.015933
0.015747
0.015650
0.015460
0.015324
0.015284
0.015148
0.014878
0.014851
0.014755
0.014675
0.014418
0.014348
0.014282
0.014212
0.013946
0.013876
0.013819
0.013779
0.013643
0.013483
0.013346
0.013346
0.013210
0.013170
0.012954
0.012954
0.012777
0.012737
0.012707
0.012521
0.012451
0.012344
0.012274
0.012234
0.012138
0.012018
0.011881
0.011881
0.011812
0.011705
0.011625
0.011569
0.011449
0.011379
0.011312
0.011272
0.011202
0.011176
0.011066
0.010986
0.010918
0.010847
0.010847
0.010781
0.010671
0.010671
0.010631
0.010535
0.010535
0.010535
0.010478
0.010398
0.010358
0.010288
0.010262
0.010262
0.010232
0.010165
0.010165
0.010125
0.010055
0.010029
0.010029
0.009999
0.009999
0.009999
0.009972
0.009942
0.009902
0.009902
0.009876
0.009846
0.009846
0.009846
0.009846
0.009789
0.009749
0.009709
0.009709
0.009709
0.009653
0.009653
0.009693
0.009653
0.009653
0.009596
0.009596
0.009596
0.009596
0.009596
0.009567
0.009540
0.009540
0.009540
0.009540
0.009510
0.009510
0.009510
0.009484
0.009484
0.009484
0.009454
0.009454
0.009454
0.009427
0.009427
0.009427
0.009397
0.009397
0.009397
0.009397
0.009397
0.009371
0.009371
0.009341
0.009341
0.009341
0.009341
0.009341
0.009341
0.009315
0.009315
0.009284
0.009284
0.009284
0.009284
0.009284
0.009284
0.009284
0.009284
0.009228
0.009228
0.009228
0.009228
0.009228
0.009228
0.009228
0.009228
0.009228
0.009228
0.009198
0.009171
0.009171
0.009171
0.009171
0.009171
0.009171
0.009171
0.009171
0.009171
0.009171
0.009171
0.009171
0.009171
0.009171
0.009171
0.009171
0.009171
0.009171
0.009171
0.009171
0.009171
0.009171
0.009171
0.009171
0.009171
0.009171
0.009171
0.009171
0.009171
0.009171
0.009171
0.009171
0.009171
0.009171
0.009171
0.009171
0.009171
0.009171
0.009171
0.009171
0.009171
