1.490586
1.387944
1.179687
0.977557
0.833274
0.756371
0.728491
0.723704
0.722782
0.722810
0.721334
0.719626
0.719064
0.719032
0.720256
0.721490
0.721275
0.720651
0.720304
0.719483
0.717861
0.716643
0.715272
0.713328
0.712335
0.711829
0.711637
0.711204
0.710767
0.710470
0.710010
0.709203
0.708105
0.706676
0.705653
0.704632
0.703883
0.703255
0.702517
0.702098
0.701494
0.700670
0.700007
0.698959
0.698204
0.697220
0.696459
0.695647
0.694985
0.694274
0.693663
0.693077
0.692805
0.692336
0.691854
0.691215
0.690714
0.690341
0.689935
0.689681
0.689366
0.689262
0.688934
0.688812
0.688726
0.688514
0.688610
0.688412
0.688460
0.688559
0.688653
0.688852
0.689283
0.689384
0.689631
0.689988
0.690391
0.690729
0.691171
0.691515
0.692272
0.692870
0.693380
0.694013
0.694610
0.695363
0.696085
0.696891
0.697717
0.698426
0.699542
0.700300
0.701189
0.702135
0.702934
0.704083
0.704902
0.705976
0.707174
0.708183
0.709238
0.710082
0.711380
0.712537
0.713705
0.715012
0.716056
0.717403
0.718397
0.719522
0.721043
0.722264
0.723552
0.724858
0.726134
0.727581
0.728985
0.730486
0.731712
0.733082
0.734715
0.736157
0.737636
0.739216
0.740490
0.742256
0.743764
0.745366
0.746834
0.748595
0.750221
0.751791
0.753384
0.754860
0.756415
0.757960
0.759347
0.760781
0.762204
0.763740
0.765239
0.766804
0.768083
0.769658
0.771137
0.772634
0.774112
0.775356
0.776729
0.777899
0.779298
0.780275
0.781460
0.782490
0.783383
0.784770
0.785677
0.786631
0.788076
0.789261
0.790679
0.791803
0.793022
0.794629
0.795736
0.797369
0.798713
0.800194
0.801780
0.803101
0.804648
0.805994
0.807460
0.808969
0.810717
0.812304
0.813755
0.815408
0.817057
0.818499
0.820076
0.821585
0.823207
0.824733
0.826419
0.827928
0.829354
0.830947
0.832331
0.833714
0.835267
0.836598
0.838185
0.839660
0.840958
0.842468
0.843808
0.845083
0.846626
0.848009
0.849100
0.850536
0.851783
0.853005
0.854275
0.855484
0.856870
0.857934
0.859147
0.860493
0.861924
0.863122
0.864612
0.865957
0.867326
0.868577
0.869822
0.871167
0.872598
0.873752
0.875085
0.876421
0.877731
0.879170
0.880344
0.881783
0.882943
0.884212
0.885452
0.886758
0.888065
0.889238
0.890178
0.891634
0.892779
0.894124
0.895253
0.896280
0.897434
0.898551
0.899745
0.900772
0.901866
0.902843
0.904116
0.905029
0.906172
0.907127
0.908247
0.909286
0.910138
0.911185
0.912062
0.913055
0.914009
0.915078
0.915854
0.916952
0.917732
0.918765
0.919388
0.920432
0.921293
0.922117
0.922892
0.923644
0.924553
0.925321
0.926066
0.926751
0.927439
0.928282
0.929000
0.929479
0.930374
0.930914
0.931575
0.932354
0.932718
0.933389
0.934096
0.934614
0.935231
0.935736
0.936166
0.936861
0.937407
0.937794
0.938288
0.938831
0.939324
0.939817
0.940299
0.940665
0.941158
0.941509
0.942109
0.942449
0.942892
0.943347
0.943801
0.944056
0.944486
0.944840
0.945242
0.945612
0.946117
0.946298
0.946894
0.947174
0.947344
0.947752
0.948042
0.948223
0.948820
0.948984
0.949362
0.949707
0.949790
0.950142
0.950423
0.950564
0.950919
0.951199
0.951529
0.951641
0.951869
0.952069
0.952409
0.952557
0.952760
0.952925
0.953282
0.953511
0.953623
0.953889
0.954056
0.954476
0.954489
0.954657
0.954857
0.955164
0.955358
0.955354
0.955645
0.955795
0.955964
0.956232
0.956409
0.956414
0.956502
0.956743
0.957008
0.957086
0.957172
0.957285
0.957527
0.957606
0.957631
0.957873
0.957960
0.957973
0.958215
0.958302
0.958415
0.958502
0.958649
0.958761
0.958758
0.958999
0.959087
0.959103
0.959190
0.959368
0.959456
0.959390
0.959477
0.959647
0.959647
0.959759
0.959847
0.959937
0.960024
0.960041
0.960038
0.960125
0.960215
0.960303
0.960328
0.960503
0.960495
0.960673
0.960673
0.960760
0.960785
0.960872
0.960963
0.961050
0.961042
0.961130
0.961155
0.961242
0.961242
0.961420
0.961420
0.961420
0.961533
0.961533
0.961620
0.961620
0.961620
0.961707
0.961707
0.961707
0.961820
0.961820
0.961907
0.961907
0.961907
0.961907
0.961995
0.961995
0.961995
0.962107
0.962107
0.962107
0.962195
0.962195
0.962195
0.962195
0.962282
0.962282
0.962282
0.962307
0.962395
0.962395
0.962395
0.962395
0.962482
0.962482
0.962482
0.962482
0.962569
0.962569
0.962569
0.962569
0.962595
0.962682
0.962682
0.962724
0.962724
0.962815
0.962902
0.962902
0.962902
0.963117
0.963801
0.963822
0.964261
0.964189
0.964059
0.963891
0.963840
0.963804
0.964323
0.964932
0.964855
0.965378
0.965519
0.965814
0.965894
0.966122
0.966613
0.966536
0.966652
0.966581
0.966500
0.966857
0.967226
0.967644
0.968088
0.967840
0.967983
0.967989
0.967885
0.967695
0.967749
0.968016
0.967945
0.968297
0.968263
0.968249
0.967982
0.968295
0.967956
0.967858
0.968164
0.967776
0.967736
0.967939
0.967682
0.967545
0.967876
0.967715
0.967796
0.967425
0.967388
0.967170
0.967012
0.967242
0.967534
0.967976
0.967994
0.967863
0.967753
0.967534
0.967293
0.967057
0.967040
0.967411
0.967136
0.967428
0.967394
0.967522
0.967304
0.967500
0.967461
0.967252
0.967145
0.967502
0.967468
0.967692
0.967556
0.967542
0.967846
0.967625
0.967725
0.967388
0.967258
0.967581
0.967986
0.968464
0.968810
0.968701
0.968399
0.968125
0.967878
0.967863
0.967876
0.968161
0.968184
0.968403
0.968905
0.968799
0.968681
0.968889
0.968827
0.968804
0.968944
0.968860
0.968918
0.969154
0.969143
0.969304
0.969233
0.968881
0.968797
0.968645
0.968811
0.968715
0.969281
0.969368
0.969782
0.969720
0.969222
0.968922
0.968737
0.968657
0.968960
0.968930
0.969149
0.969122
0.969387
0.969202
0.969305
0.969009
0.968905
0.969145
0.969110
0.968955
0.969271
0.969030
0.969002
0.969231
0.969058
0.969013
0.968695
0.968515
0.968717
0.968884
0.969319
0.969573
0.969655
0.969581
0.969028
0.968680
0.968414
0.968308
0.968638
0.968595
0.968814
0.968802
0.968976
0.969105
0.969115
0.968828
0.969038
0.969068
0.969009
0.969167
0.969114
0.968939
0.969306
0.969124
0.969371
0.969103
0.968966
0.968751
0.968677
0.968811
0.969126
0.969512
0.969558
0.969514
0.969335
0.969150
0.968965
0.968891
0.968715
0.968659
0.969064
0.969187
0.969160
0.969247
0.969118
0.968991
0.969196
0.969054
0.968917
0.969173
0.969091
0.969215
0.969179
0.968949
0.969259
0.969135
0.969016
0.969081
0.968768
0.968565
0.968774
0.968922
0.969354
0.969674
0.969741
0.969665
0.969504
0.969241
0.969035
0.968805
0.968884
0.968722
0.969128
0.969195
0.969305
0.969393
0.969359
0.969086
0.969432
0.969260
0.969157
0.969335
0.969327
0.969195
0.969544
0.969282
0.969671
0.969546
0.969288
0.969413
0.969064
0.968764
0.969070
0.968986
0.969526
0.969847
0.969863
0.969663
0.969567
0.969382
0.969113
0.969026
0.968998
0.968878
0.969121
0.969326
0.969331
0.969551
0.969358
0.969127
0.969277
0.969098
0.968964
0.969276
0.969342
0.969028
0.969318
0.969234
0.969495
0.969354
0.968876
0.968922
0.968613
0.968914
0.968693
0.969071
0.969486
0.969763
0.969584
0.969271
0.968986
0.968666
0.968544
0.968927
0.968935
0.969135
0.969204
0.969341
0.969202
0.969399
0.969319
0.968995
0.969294
0.969250
0.969124
0.969319
0.969416
0.969283
0.969579
0.969523
0.969476
0.969121
0.968865
0.969115
0.969172
0.969661
0.969984
0.970041
0.969878
0.969469
0.969175
0.968956
0.968928
0.969132
0.968953
0.969338
0.969312
0.969556
0.969220
0.969492
0.969432
0.969565
0.969306
0.969279
0.969184
0.969327
0.969238
0.969542
0.969458
0.969231
0.968980
0.968655
0.968861
0.968890
0.969416
0.969931
0.969959
0.969686
0.969304
0.969054
0.968874
0.968586
0.968905
0.969053
0.969166
0.969147
0.969326
0.969321
0.969404
0.969175
0.969046
0.969406
0.969225
0.969018
0.969427
0.969356
0.969466
0.969298
0.969122
0.969053
0.968864
0.968946
0.969211
0.969568
0.969601
0.969602
0.969605
0.969255
0.968992
0.968883
0.968883
0.969110
0.969146
0.969349
0.969304
0.969466
0.969293
0.969469
0.969443
0.969245
0.969090
0.969482
0.969327
0.969497
0.969455
0.969338
0.969265
0.968855
0.968724
0.968993
0.968990
0.969356
0.969754
0.969857
0.969728
0.969566
0.969375
0.969248
0.969031
0.969079
0.968930
0.969271
0.969407
0.969500
0.969559
0.969464
0.969245
0.969491
0.969339
0.969103
0.969489
0.969466
0.969299
0.969627
0.969284
0.969136
0.968899
0.968759
0.968975
0.969389
0.969737
0.969968
0.969973
0.969644
0.969198
0.968956
0.968842
0.968816
0.969211
0.969110
0.969409
0.969552
0.969541
0.969573
0.969529
0.969272
0.969166
0.969461
0.969372
0.969559
0.969499
0.969323
0.969460
0.968930
0.968778
0.969011
0.969079
0.969617
0.969710
0.969840
0.969829
0.969820
0.969421
0.969244
0.969188
0.969105
0.968926
0.969307
0.969574
0.969527
0.969570
0.969546
0.969379
0.969496
0.969353
0.969315
0.969561
0.969545
0.969370
0.969771
0.969609
0.969449
0.969207
0.968968
0.969084
0.969269
0.969715
0.969976
0.970159
0.969845
0.969438
0.969279
0.968995
0.969129
0.969208
0.969160
0.969395
0.969291
0.969630
0.969745
0.969567
0.969320
0.969666
0.969610
0.969364
0.969638
0.969620
0.969389
0.969638
0.969341
0.969138
0.968981
0.968905
0.968977
0.969445
0.969685
0.970064
0.970149
0.969711
0.969361
0.968959
0.968898
0.968898
0.969204
0.969135
0.969466
0.969319
0.969561
0.969283
0.969576
0.969446
0.969181
0.969539
0.969509
0.969354
0.969615
0.969577
0.969783
0.969445
0.969264
0.969236
0.969019
0.969220
0.969476
0.969869
0.969971
0.969995
0.969766
0.969489
0.969281
0.969117
0.969023
0.969395
0.969448
0.969594
0.969445
0.969756
0.969595
0.969648
0.969572
0.969530
0.969641
0.969554
0.969546
0.969773
0.969690
0.969411
0.969546
0.969129
0.969270
0.969187
0.969087
0.969637
0.969911
0.969930
0.969937
0.969848
0.969598
0.969229
0.969210
0.969130
0.968978
0.969309
0.969688
0.969734
0.969744
0.969543
0.969492
0.969770
0.969456
0.969340
0.969742
0.969571
0.969694
0.969874
0.969699
0.969629
0.969219
0.969137
0.969187
0.969428
0.969668
0.970069
0.970092
0.970020
0.969626
0.969672
0.969176
0.969372
0.969285
0.969263
0.969571
0.969535
0.969707
0.969849
0.969890
0.969533
0.969743
0.969798
0.969518
0.969715
0.969729
0.969624
0.969857
0.969674
0.969968
0.969924
0.969381
0.969384
0.969211
0.969044
0.969390
0.969595
0.970034
0.970354
0.970198
0.969889
0.969529
0.969341
0.969225
0.969142
0.969520
0.969523
0.969730
0.969884
0.969881
0.969988
0.969824
0.969604
0.969566
0.969826
0.969712
0.969941
0.970027
0.969730
0.969987
0.969886
0.970196
0.969972
0.969618
0.969591
0.969348
0.969254
0.969349
0.969715
0.970065
0.970401
0.970258
0.970108
0.969748
0.969389
0.969376
0.969360
0.969649
0.969574
0.969839
0.969989
0.969924
0.969862
0.969839
0.969709
0.969507
0.969818
0.969681
0.969928
0.969879
0.969723
0.970036
0.969873
0.969820
0.969455
0.969289
0.969424
0.969386
0.969984
0.970420
0.970365
0.970192
0.969867
0.969623
0.969346
0.969229
0.969551
0.969597
0.969795
0.969798
0.969979
0.969863
0.970035
0.969828
0.969666
0.969933
0.969855
0.969761
0.970049
0.969961
0.970120
0.970084
0.970071
0.970288
0.969850
0.969723
0.969559
0.969392
0.969624
0.969854
0.970364
0.970639
0.970239
0.970242
0.969960
0.969709
0.969508
0.969427
0.969797
0.969797
0.969991
0.969908
0.970042
0.969764
0.970022
0.969939
0.969726
0.969948
0.969859
0.969717
0.969929
0.969771
0.970051
0.969946
0.969424
0.969496
0.969219
0.969151
0.969434
0.969746
0.970197
0.970528
0.970389
0.969909
0.969591
0.969413
0.969190
0.969161
0.969591
0.969527
0.969750
0.969867
0.969953
0.969987
0.969860
0.969756
0.969659
0.969887
0.969740
0.970058
0.970003
0.969744
0.970094
0.970088
0.969972
0.969560
0.969515
0.969646
0.970015
0.970445
0.970849
0.970874
0.970653
0.970220
0.969873
0.969759
0.969609
0.969800
0.969937
0.970155
0.970141
0.970228
0.970107
0.970395
0.970171
0.969922
0.970293
0.970124
0.969936
0.970304
0.970230
0.970372
0.970286
0.970157
0.970467
0.970007
0.969801
0.969805
0.969664
0.969893
0.970294
0.970631
0.970973
0.971060
0.970554
0.970065
0.969795
0.969669
0.969673
0.970051
0.970096
0.970330
0.970100
0.970492
0.970245
0.970451
0.970227
0.970177
0.970377
0.970384
0.970291
0.970605
0.970425
0.970644
0.970644
0.970402
0.970557
0.970057
0.969960
0.970237
0.970452
0.970869
0.971197
0.971216
0.971223
0.970722
0.970718
0.970181
0.970421
0.970318
0.970295
0.970666
0.970552
0.970746
0.970883
0.970897
0.970582
0.970782
0.970791
0.970576
0.970832
0.970787
0.970570
0.970830
0.970658
0.970958
0.970897
0.970374
0.970371
0.970144
0.970044
0.970323
0.970755
0.971088
0.971430
0.971358
0.970926
0.970518
0.970312
0.970217
0.970130
0.970491
0.970484
0.970765
0.970874
0.970854
0.970924
0.970886
0.970566
0.970945
0.970970
0.970819
0.970959
0.971030
0.970770
0.971062
0.970904
0.971176
0.970806
0.970631
0.970692
0.970548
0.970779
0.971107
0.971531
0.971534
0.971564
0.971407
0.971052
0.970824
0.970670
0.970572
0.970596
0.970996
0.971118
0.970973
0.971276
0.971146
0.971172
0.971180
0.971040
0.970875
0.971072
0.971054
0.971298
0.971142
0.971019
0.971316
0.970799
0.970672
0.970658
0.970417
0.970743
0.970968
0.971493
0.971816
0.971677
0.971270
0.971004
0.970584
0.970447
0.970454
0.970767
0.970712
0.971018
0.970951
0.971125
0.970861
0.971140
0.971028
0.970903
0.971156
0.971095
0.970913
0.971195
0.971047
0.971286
0.971239
0.971023
0.971193
0.970907
0.970755
0.970706
0.970634
0.970798
0.971188
0.971631
0.971907
0.971666
0.971548
0.971133
0.970782
0.970815
0.970653
0.970964
0.971111
0.971225
0.971161
0.971327
0.971159
0.971343
0.971130
0.971011
0.971295
0.971260
0.971025
0.971334
0.971222
0.971377
0.971377
0.971118
0.971061
0.970655
0.970598
0.970763
0.971000
0.971317
0.971756
0.971834
0.971772
0.971253
0.970905
0.970765
0.970926
0.970859
0.970879
0.971104
0.971084
0.971251
0.971467
0.971334
0.971046
0.971366
0.971306
0.971131
0.971286
0.971347
0.971078
0.971338
0.971291
0.971517
0.971338
0.970962
0.970930
0.970766
0.970679
0.970945
0.971323
0.971764
0.972029
0.971941
0.971620
0.971194
0.970914
0.970795
0.970796
0.971102
0.971095
0.971369
0.971540
0.971454
0.971561
0.971480
0.971384
0.971229
0.971533
0.971491
0.971560
0.971577
0.971364
0.971545
0.971417
0.971374
0.971184
0.970840
0.971068
0.971235
0.971737
0.971986
0.972026
0.971961
0.971655
0.971243
0.970997
0.971015
0.971270
0.971266
0.971563
0.971585
0.971699
0.971537
0.971782
0.971615
0.971340
0.971632
0.971568
0.971390
0.971643
0.971617
0.971844
0.971756
0.971549
0.971587
0.971082
0.971002
0.971169
0.971401
0.971787
0.971971
0.972155
0.972093
0.971654
0.971556
0.971446
0.971330
0.971166
0.971228
0.971510
0.971744
0.971594
0.971816
0.971745
0.971447
0.971631
0.971658
0.971383
0.971602
0.971696
0.971494
0.971723
0.971640
0.971840
0.971492
0.971293
0.971196
0.971049
0.971247
0.971576
0.971986
0.972037
0.971972
0.971868
0.971517
0.971260
0.971146
0.971049
0.971358
0.971416
0.971589
0.971556
0.971721
0.971565
0.971710
0.971615
0.971500
0.971362
0.971733
0.971601
0.971808
0.971776
0.971545
0.971862
0.971465
0.971413
0.971195
0.971089
0.971270
0.971549
0.971918
0.972261
0.972257
0.971931
0.971516
0.971229
0.971118
0.971048
0.971407
0.971384
0.971680
0.971867
0.971743
0.971533
0.971733
0.971667
0.971430
0.971737
0.971660
0.971558
0.971866
0.971713
0.971936
0.971883
0.971695
0.971674
0.971311
0.971008
0.971276
0.971386
0.971831
0.972323
0.972358
0.972218
0.972076
0.971833
0.971581
0.971484
0.971511
0.971421
0.971662
0.971746
0.971804
0.971728
0.971565
0.971146
0.971297
0.971124
0.970792
0.971002
0.970873
0.970509
0.970665
0.970497
0.970512
0.970363
0.969813
0.969612
0.969313
0.969226
0.969492
0.969914
0.970275
0.970599
0.970600
0.970133
0.969596
0.969372
0.969156
0.968962
0.969297
0.969324
0.969265
0.969245
0.969178
0.969177
0.969004
0.968671
0.968816
0.968555
0.968301
0.968350
0.968304
0.968061
0.968396
0.968169
0.967953
0.967484
0.967197
0.967285
0.967550
0.967970
0.968373
0.968519
0.968335
0.967961
0.967485
0.967106
0.966878
0.967006
0.966970
0.967182
0.967178
0.967115
0.966738
0.967026
0.966758
0.966497
0.966730
0.966406
0.966209
0.966322
0.966243
0.966329
0.966146
0.965846
0.966006
0.965468
0.965281
0.965316
0.965117
0.965425
0.965897
0.966270
0.966550
0.966348
0.965804
0.965485
0.965219
0.964978
0.964894
0.965176
0.964987
0.965233
0.965257
0.965066
0.964747
0.964975
0.964647
0.964326
0.964588
0.964372
0.964100
0.964305
0.964168
0.964183
0.964125
0.963920
0.963807
0.963174
0.962985
0.962958
0.963141
0.963365
0.963615
0.963610
0.963495
0.963318
0.963071
0.962870
0.962633
0.962514
0.962401
0.962604
0.962734
0.962645
0.962716
0.962580
0.962273
0.962410
0.962183
0.961995
0.962090
0.962044
0.961781
0.961966
0.961760
0.961878
0.961745
0.961244
0.961245
0.960929
0.961096
0.961041
0.961160
0.961565
0.961716
0.961591
0.961077
0.960748
0.960407
0.960190
0.960116
0.960346
0.960334
0.960160
0.960211
0.959831
0.959796
0.959525
0.959118
0.959193
0.958962
0.958706
0.958718
0.958476
0.958215
0.958404
0.958126
0.958092
0.957807
0.957470
0.957370
0.957214
0.957150
0.957513
0.957588
0.957351
0.957192
0.957007
0.956580
0.956176
0.955937
0.955800
0.955724
0.955611
0.955656
0.955349
0.955387
0.955173
0.955184
0.954959
0.954787
0.954582
0.954834
0.954559
0.954671
0.954544
0.954261
0.954366
0.954215
0.954040
0.953733
0.953543
0.953642
0.953857
0.954071
0.954122
0.953946
0.953511
0.952763
0.952227
0.951898
0.951607
0.951738
0.951655
0.951699
0.951454
0.951675
0.951293
0.951491
0.951274
0.951182
0.951464
0.951333
0.951418
0.951777
0.951847
0.952256
0.952497
0.952482
0.953112
0.953012
0.953183
0.953297
0.953509
0.954015
0.954679
0.955279
0.956036
0.956318
0.956127
0.955870
0.955970
0.956010
0.956200
0.956916
0.957041
0.957574
0.957973
0.958111
0.958112
0.958506
0.958536
0.958484
0.958767
0.958867
0.958767
0.959159
0.959210
0.959399
0.959468
0.959254
0.959454
0.959059
0.959051
0.959394
0.959640
0.960189
0.960618
0.960844
0.960906
0.960988
0.960731
0.960811
0.960823
0.960928
0.961104
0.961556
0.961979
0.962066
0.962413
0.962569
0.962354
0.962821
0.962972
0.962790
0.963224
0.963498
0.963462
0.963786
0.963889
0.964241
0.964037
0.963905
0.963907
0.963884
0.964178
0.964621
0.965254
0.965367
0.965511
0.965527
0.965374
0.965126
0.965149
0.965285
0.965577
0.965801
0.966067
0.966098
0.966468
0.966408
0.966725
0.966614
0.966622
0.966570
0.966903
0.966881
0.967185
0.967367
0.967147
0.967519
0.967482
0.967710
0.967559
0.967319
0.967347
0.967297
0.967483
0.967896
0.968421
0.968514
0.968600
0.968623
0.968288
0.968163
0.968136
0.968145
0.968454
0.968445
0.968666
0.968668
0.968963
0.968906
0.969121
0.969146
0.969079
0.968949
0.969307
0.969231
0.969525
0.969477
0.969366
0.969671
0.969577
0.969540
0.969230
0.968978
0.969214
0.969514
0.969926
0.970406
0.970402
0.970305
0.969902
0.969624
0.969477
0.969324
0.969707
0.969789
0.969943
0.969922
0.970336
0.970156
0.970376
0.970378
0.970180
0.970467
0.970297
0.970246
0.970543
0.970402
0.970700
0.970707
0.970525
0.970857
0.970531
0.970478
0.970330
0.970297
0.970418
0.970756
0.971126
0.971471
0.971531
0.971206
0.970862
0.970445
0.970385
0.970386
0.970690
0.970639
0.970946
0.970800
0.971050
0.970787
0.971072
0.970859
0.970740
0.970998
0.970990
0.970754
0.971024
0.971023
0.971111
0.971111
0.970683
0.970599
0.970438
0.970333
0.970681
0.970971
0.971335
0.971657
0.971585
0.971174
0.970773
0.970544
0.970446
0.970453
0.970789
0.971002
0.971015
0.971057
0.970989
0.971181
0.971142
0.970923
0.971084
0.971068
0.971019
0.971181
0.971130
0.970959
0.971284
0.971057
0.971019
0.970779
0.970525
0.970816
0.970913
0.971457
0.971826
0.971808
0.971587
0.971260
0.970997
0.970693
0.970622
0.970934
0.970781
0.971179
0.971159
0.971352
0.971051
0.971419
0.971279
0.971135
0.971317
0.971216
0.971122
0.971449
0.971322
0.971541
0.971465
0.971363
0.971362
0.970807
0.970790
0.970944
0.971098
0.971562
0.971905
0.971924
0.971863
0.971686
0.971516
0.971243
0.971055
0.971132
0.971109
0.971398
0.971525
0.971645
0.971788
0.971570
0.971329
0.971682
0.971566
0.971256
0.971653
0.971667
0.971382
0.971622
0.971612
0.971770
0.971453
0.971321
0.971194
0.971081
0.971162
0.971552
0.972063
0.972243
0.971943
0.971924
0.971490
0.971216
0.971113
0.971168
0.971304
0.971388
0.971673
0.971501
0.971666
0.971446
0.971767
0.971629
0.971354
0.971730
0.971600
0.971433
0.971699
0.971557
0.971785
0.971785
0.971662
0.971519
0.971197
0.971036
0.971170
0.971400
0.971815
0.972169
0.972247
0.972096
0.971616
0.971346
0.971142
0.970977
0.971272
0.971288
0.971599
0.971516
0.971734
0.971492
0.971850
0.971546
0.971771
0.971744
0.971568
0.971426
0.971689
0.971685
0.971844
0.971701
0.971622
0.971922
0.971430
0.971271
0.971267
0.971020
0.971355
0.971709
0.972096
0.972402
0.972330
0.971940
0.971525
0.971283
0.971113
0.971057
0.971488
0.971455
0.971621
0.971802
0.971825
0.971599
0.971742
0.971681
0.971499
0.971735
0.971584
0.971540
0.971842
0.971626
0.971840
0.971769
0.971671
0.971578
0.971209
0.971032
0.971298
0.971471
0.971839
0.972213
0.972334
0.972205
0.971989
0.971824
0.971625
0.971397
0.971434
0.971306
0.971575
0.971738
0.971842
0.971985
0.971815
0.971632
0.971969
0.971777
0.971611
0.971941
0.971864
0.971718
0.972004
0.971899
0.972121
0.971721
0.971540
0.971476
0.971332
0.971538
0.971977
0.972277
0.972647
0.972358
0.972138
0.971798
0.971619
0.971407
0.971409
0.971707
0.971793
0.971887
0.971837
0.972149
0.971851
0.972002
0.971958
0.971821
0.971981
0.971930
0.971841
0.972088
0.971881
0.972194
0.972184
0.971917
0.971922
0.971605
0.971340
0.971577
0.971747
0.972224
0.972558
0.972578
0.972499
0.972024
0.971760
0.971509
0.971381
0.971687
0.971601
0.971874
0.971844
0.972048
0.972265
0.972115
0.971806
0.972084
0.972130
0.971911
0.972056
0.972205
0.972104
0.972159
0.972075
0.972058
0.972179
0.971804
0.971787
0.971569
0.971536
0.971725
0.972094
0.972465
0.972760
0.972630
0.972393
0.971894
0.971642
0.971567
0.971505
0.971831
0.971756
0.972142
0.972240
0.972194
0.972302
0.972190
0.972024
0.971800
0.972189
0.972032
0.971892
0.972227
0.972074
0.972254
0.972153
0.971989
0.972267
0.971875
0.971788
0.971610
0.971617
0.971675
0.972172
0.972448
0.972774
0.972709
0.972432
0.971846
0.971659
0.971644
0.971457
0.971840
0.971834
0.972187
0.972202
0.972204
0.971957
0.972210
0.972007
0.971888
0.972146
0.971984
0.971902
0.972200
0.972185
0.972345
0.972378
0.972164
0.972206
0.971726
0.971630
0.971790
0.971915
0.972417
0.972763
0.972777
0.972716
0.972601
0.972255
0.972078
0.971954
0.971865
0.971759
0.972159
0.972280
0.972294
0.972438
0.972373
0.972052
0.972263
0.972213
0.972078
0.972234
0.972328
0.972127
0.972418
0.972193
0.972489
0.972160
0.971833
0.971920
0.971737
0.971915
0.972265
0.972577
0.972952
0.972662
0.972568
0.972097
0.971924
0.971835
0.971707
0.972048
0.972101
0.972316
0.972135
0.972379
0.972250
0.972370
0.972247
0.972057
0.972363
0.972287
0.972116
0.972402
0.972407
0.972060
0.972420
0.972322
0.972200
0.971753
0.971575
0.971577
0.971846
0.972169
0.972591
0.972663
0.972501
0.971959
0.971658
0.971497
0.971228
0.971324
0.971271
0.971475
0.971293
0.971402
0.971229
0.971335
0.971098
0.971182
0.971103
0.970831
0.970567
0.970873
0.970689
0.970749
0.970657
0.970115
0.969942
0.969677
0.969767
0.969725
0.970406
0.970478
0.970861
0.970707
0.970396
0.969921
0.969691
0.969440
0.969586
0.969603
0.969677
0.969648
0.969737
0.969547
0.969640
0.969338
0.969117
0.969236
0.969211
0.968932
0.969079
0.968867
0.969095
0.968931
0.968652
0.968630
0.968129
0.967881
0.968067
0.968136
0.968540
0.968885
0.968967
0.968973
0.968496
0.968099
0.967913
0.967922
0.967755
0.967624
0.967912
0.967564
0.967718
0.967845
0.967567
0.967202
0.967369
0.967245
0.966979
0.967131
0.967156
0.966836
0.966990
0.966808
0.966956
0.966744
0.966495
0.966404
0.965971
0.965831
0.965997
0.966249
0.966542
0.966821
0.966841
0.966636
0.966060
0.965636
0.965581
0.965349
0.965495
0.965621
0.965685
0.965664
0.965898
0.966079
0.965738
0.965334
0.965506
0.965266
0.964962
0.965125
0.964897
0.964779
0.964844
0.964783
0.964948
0.964851
0.964516
0.964444
0.964224
0.963966
0.964065
0.964135
0.964403
0.964644
0.964650
0.964505
0.964304
0.964106
0.964091
0.963958
0.964261
0.964396
0.964640
0.964167
0.963149
0.962082
0.960821
0.959209
0.957719
0.956320
0.954648
0.953461
0.951976
0.950497
0.949105
0.947515
0.945460
0.943850
0.941729
0.939605
0.937052
0.934680
0.931868
0.929087
0.926215
0.923281
0.920302
0.917477
0.914660
0.912015
0.909234
0.906465
0.903585
0.900796
0.897683
0.894877
0.891939
0.888830
0.886021
0.882970
0.879838
0.877252
0.874135
0.871376
0.868450
0.865127
0.862609
0.859515
0.856614
0.853721
0.850880
0.848011
0.845103
0.842154
0.838973
0.836173
0.833213
0.830204
0.827652
0.824779
0.822111
0.819202
0.816694
0.813629
0.811053
0.808038
0.805473
0.802850
0.800035
0.797516
0.794799
0.792001
0.789276
0.786582
0.784228
0.781550
0.778789
0.775924
0.773064
0.770160
0.767208
0.764545
0.761552
0.758905
0.755940
0.753222
0.750437
0.747603
0.745123
0.742262
0.739374
0.736341
0.733252
0.730490
0.727657
0.724550
0.721604
0.718453
0.715166
0.712466
0.709494
0.706872
0.703940
0.701216
0.698458
0.695777
0.693006
0.690405
0.687671
0.685022
0.682033
0.679594
0.676586
0.673736
0.670957
0.668433
0.665686
0.663132
0.660463
0.657885
0.655487
0.653144
0.650490
0.648192
0.645976
0.643615
0.641151
0.639018
0.636755
0.634378
0.632067
0.629822
0.627555
0.625255
0.623105
0.620745
0.618726
0.616549
0.614287
0.612038
0.609843
0.607525
0.605271
0.603161
0.601037
0.598764
0.596702
0.594302
0.592302
0.590093
0.587839
0.585779
0.583627
0.581523
0.579440
0.577166
0.575135
0.572847
0.570746
0.568827
0.566610
0.564629
0.562569
0.560457
0.558456
0.556503
0.554335
0.552406
0.550398
0.548269
0.546276
0.544500
0.542522
0.540480
0.538744
0.536867
0.534757
0.532961
0.531067
0.529268
0.527391
0.525704
0.523668
0.522052
0.520227
0.518277
0.516667
0.514992
0.513057
0.511548
0.509877
0.508218
0.506712
0.504942
0.503312
0.501899
0.500389
0.498932
0.497707
0.496378
0.494855
0.493668
0.492570
0.491241
0.490370
0.489113
0.488174
0.486729
0.485755
0.484495
0.483307
0.482208
0.481080
0.479854
0.478970
0.478076
0.476811
0.476083
0.475448
0.474601
0.474010
0.473352
0.472670
0.472029
0.471503
0.470856
0.470544
0.469961
0.469330
0.468934
0.468419
0.468031
0.467464
0.467197
0.466769
0.466395
0.465985
0.465723
0.465396
0.465082
0.464778
0.464599
0.464338
0.464020
0.464004
0.463917
0.463888
0.463706
0.463785
0.463827
0.463774
0.463681
0.464029
0.464068
0.464090
0.464137
0.464551
0.464522
0.464652
0.464977
0.465395
0.465405
0.465647
0.465992
0.466229
0.466539
0.466887
0.467505
0.467593
0.467918
0.468261
0.468620
0.468933
0.469125
0.469522
0.469871
0.470311
0.470637
0.470902
0.471536
0.471767
0.472000
0.472434
0.472982
0.473223
0.473427
0.474146
0.474442
0.474765
0.475033
0.475613
0.475971
0.476314
0.476584
0.477180
0.477497
0.477775
0.478206
0.478922
0.479331
0.479706
0.480073
0.480794
0.481172
0.481577
0.482051
0.482859
0.483083
0.483353
0.484212
0.484824
0.485201
0.485570
0.486359
0.486832
0.487206
0.487483
0.488368
0.488880
0.489186
0.489584
0.490430
0.490778
0.491108
0.491421
0.492280
0.492628
0.493036
0.493803
0.494196
0.494379
0.494610
0.495234
0.495756
0.496074
0.496220
0.497016
0.497068
0.497245
0.497533
0.498069
0.498381
0.498406
0.498671
0.499165
0.499486
0.499510
0.499748
0.500208
0.500474
0.500614
0.500787
0.501283
0.501391
0.501495
0.502185
0.502064
0.502099
0.502112
0.502574
0.502879
0.502890
0.503033
0.503491
0.503439
0.503331
0.503471
0.503734
0.504001
0.503991
0.503999
0.504202
0.504134
0.504312
0.504399
0.504693
0.504727
0.504600
0.504883
0.504983
0.505060
0.504992
0.505330
0.505348
0.505250
0.505182
0.505475
0.505486
0.505487
0.505607
0.505917
0.505738
0.505786
0.505726
0.505907
0.505891
0.505829
0.506206
0.506231
0.506234
0.506162
0.506380
0.506405
0.506338
0.506268
0.506525
0.506507
0.506361
0.506361
0.506751
0.506850
0.506682
0.506465
0.506854
0.506777
0.506660
0.506660
0.507082
0.507004
0.506825
0.507200
0.507213
0.507214
0.507030
0.507397
0.507239
0.507218
0.507103
0.507365
0.507441
0.507290
0.507041
0.507394
0.507493
0.507362
0.507406
0.507616
0.507462
0.507486
0.507989
0.507847
0.507636
0.507657
0.508029
0.507804
0.507825
0.507630
0.508071
0.507843
0.507809
0.507930
0.508116
0.507894
0.507904
0.507927
0.508193
0.507981
0.508015
0.507941
0.508306
0.508118
0.508139
0.508316
0.508399
0.508247
0.508164
0.508539
0.508371
0.508408
0.508355
0.508626
0.508458
0.508406
0.508363
0.508650
0.508572
0.508305
0.508306
0.508648
0.508516
0.508384
0.508817
0.508738
0.508563
0.508473
0.508817
0.508749
0.508652
0.508562
0.508905
0.508791
0.508718
0.508548
0.508848
0.508675
0.508766
0.508689
0.508918
0.508766
0.508766
0.508636
0.508920
0.508765
0.508776
0.508997
0.508846
0.508846
0.508709
0.508895
0.508742
0.508888
0.508774
0.508957
0.508799
0.508746
0.508767
0.508878
0.508910
0.508767
0.508747
0.508941
0.508848
0.508779
0.509048
0.508929
0.508869
0.508794
0.508981
0.508929
0.508869
0.508805
0.508929
0.508937
0.508781
0.508792
0.509003
0.508934
0.508789
0.509635
0.510528
0.510241
0.510376
0.510725
0.510974
0.510758
0.510988
0.511080
0.511391
0.511413
0.511790
0.512136
0.512003
0.512298
0.512669
0.512651
0.512916
0.513176
0.513094
0.513292
0.513594
0.513524
0.513906
0.514195
0.514136
0.514254
0.514263
0.514562
0.514847
0.514695
0.514977
0.515197
0.515008
0.515276
0.515065
0.515547
0.515906
0.515688
0.515906
0.516266
0.516048
0.516267
0.516643
0.516499
0.516704
0.516574
0.516795
0.517080
0.516936
0.517066
0.517412
0.517118
0.517405
0.517351
0.517481
0.517698
0.517481
0.517867
0.518011
0.517884
0.518094
0.518300
0.518185
0.518301
0.518249
0.518378
0.518612
0.518378
0.518689
0.518832
0.518690
0.518833
0.518690
0.518902
0.519055
0.518978
0.519131
0.519343
0.519133
0.519344
0.519588
0.519345
0.519589
0.519263
0.519590
0.519629
0.519666
0.519630
0.520032
0.519639
0.520033
0.519639
0.520035
0.520006
0.520035
0.520020
0.520402
0.520021
0.520327
0.520389
0.520246
0.520390
0.520156
0.520390
0.520458
0.520404
0.520383
0.520772
0.520384
0.520691
0.520391
0.520629
0.520760
0.520550
0.520760
0.520829
0.520692
0.520830
0.521074
0.520755
0.520999
0.520755
0.520920
0.521049
0.520831
0.521075
0.521200
0.521076
0.521043
0.521000
0.521064
0.521200
0.521076
0.521201
0.521446
0.521133
0.521201
0.521070
0.521203
0.522499
0.523163
0.523957
0.524280
0.524023
0.522626
0.521434
0.520420
0.520495
0.521270
0.522098
0.522833
0.523212
0.523408
0.522983
0.522796
0.522337
0.521907
0.522046
0.521889
0.522060
0.522483
0.522542
0.522344
0.522565
0.523357
0.524294
0.525225
0.525065
0.523753
0.522274
0.521611
0.521452
0.521642
0.522434
0.523129
0.523675
0.523871
0.523876
0.523315
0.523242
0.522669
0.522871
0.522701
0.522777
0.522745
0.522980
0.522996
0.523913
0.525115
0.525621
0.525617
0.525177
0.523761
0.522502
0.521955
0.522051
0.522756
0.523588
0.524354
0.524657
0.524561
0.524324
0.523757
0.523759
0.523332
0.522930
0.523075
0.523415
0.523223
0.523390
0.523721
0.523308
0.523267
0.523610
0.523178
0.523168
0.523018
0.524250
0.524962
0.525699
0.526046
0.525704
0.524281
0.522996
0.522406
0.522321
0.522660
0.523674
0.524235
0.524566
0.524940
0.524717
0.524145
0.523692
0.523618
0.523306
0.523547
0.523721
0.523520
0.523757
0.523931
0.524754
0.525868
0.526464
0.526289
0.526016
0.524611
0.523357
0.522696
0.522820
0.523163
0.523985
0.524653
0.525133
0.525157
0.525088
0.524610
0.523996
0.523924
0.523695
0.523851
0.523656
0.523845
0.524151
0.524250
0.523915
0.524034
0.523682
0.523796
0.523856
0.524696
0.525874
0.526444
0.526577
0.526088
0.524763
0.523388
0.522813
0.522810
0.523127
0.524037
0.524638
0.525024
0.525162
0.525105
0.524520
0.523912
0.523936
0.523618
0.523764
0.524028
0.523828
0.523977
0.524159
0.524988
0.526102
0.526628
0.526606
0.526181
0.524840
0.523409
0.522859
0.522890
0.523302
0.524047
0.524801
0.525190
0.525297
0.525086
0.524587
0.524056
0.523906
0.523607
0.523917
0.524105
0.523827
0.524058
0.524316
0.523897
0.524018
0.524044
0.523788
0.523757
0.523540
0.524862
0.525572
0.526150
0.526649
0.526156
0.524909
0.523432
0.522785
0.522944
0.523283
0.524021
0.524623
0.525180
0.525226
0.524709
0.524517
0.524156
0.524001
0.523681
0.523761
0.523712
0.523902
0.524051
0.523869
0.525058
0.525875
0.526316
0.526763
0.526255
0.524834
0.523571
0.522652
0.523048
0.523376
0.524211
0.524808
0.525266
0.525385
0.524869
0.524675
0.524210
0.524070
0.523771
0.523846
0.523891
0.524081
0.524146
0.524015
0.524161
0.524111
0.523677
0.523865
0.524020
0.523627
0.524791
0.525669
0.526406
0.526587
0.526412
0.524915
0.523702
0.522498
0.522418
0.523370
0.524123
0.524786
0.525198
0.525327
0.524797
0.524695
0.524085
0.523714
0.523766
0.523547
0.523657
0.523994
0.524135
0.523956
0.524074
0.524715
0.525912
0.526426
0.526380
0.526039
0.524643
0.523368
0.522824
0.522752
0.523448
0.524370
0.525039
0.525338
0.525242
0.525030
0.524378
0.524209
0.523937
0.524016
0.523709
0.523895
0.523838
0.524009
0.524018
0.524220
0.523968
0.523918
0.523571
0.523792
0.523867
0.523499
0.523586
0.524537
0.525603
0.526415
0.526289
0.525939
0.524445
0.523224
0.522578
0.522581
0.523363
0.524122
0.524716
0.525195
0.524943
0.524812
0.524311
0.524143
0.523710
0.523689
0.523455
0.523737
0.523989
0.523686
0.523947
0.523993
0.523651
0.523755
0.523429
0.523475
0.523540
0.524410
0.525580
0.526244
0.526287
0.525790
0.524527
0.523081
0.522500
0.522497
0.522991
0.523758
0.524412
0.524901
0.524948
0.524817
0.524324
0.523778
0.523638
0.523239
0.523554
0.523817
0.523539
0.523762
0.524037
0.523619
0.523655
0.523853
0.523509
0.523479
0.524317
0.525503
0.526238
0.526128
0.525883
0.524395
0.523171
0.522511
0.522431
0.523217
0.524037
0.524716
0.524736
0.524943
0.524803
0.524151
0.524172
0.523714
0.523392
0.523472
0.523743
0.523692
0.523762
0.523871
0.523793
0.523732
0.523761
0.524646
0.525698
0.526440
0.526315
0.526084
0.524695
0.523334
0.522753
0.522749
0.523087
0.523811
0.524568
0.524964
0.525005
0.525026
0.524368
0.523851
0.523701
0.523553
0.523622
0.523880
0.523681
0.523989
0.524018
0.523771
0.523959
0.523908
0.523583
0.523621
0.524544
0.525564
0.526377
0.526357
0.526025
0.524532
0.523252
0.522754
0.522657
0.523272
0.524117
0.524863
0.525262
0.524851
0.525045
0.524379
0.524148
0.523718
0.523841
0.523699
0.523809
0.523620
0.523999
0.524019
0.523998
0.523887
0.524984
0.525644
0.526262
0.526306
0.526288
0.524502
0.523629
0.522693
0.522689
0.523393
0.524137
0.524880
0.525271
0.525322
0.524962
0.524296
0.524148
0.523729
0.523875
0.523627
0.523829
0.524087
0.523927
0.524037
0.524089
0.523826
0.523847
0.523978
0.523570
0.523797
0.524582
0.525674
0.526498
0.526457
0.526123
0.524612
0.523332
0.522846
0.522759
0.523362
0.524217
0.524962
0.525361
0.524951
0.525145
0.524479
0.524248
0.523811
0.523946
0.523799
0.523909
0.524090
0.524089
0.524119
0.524170
0.525139
0.525694
0.526307
0.526712
0.526292
0.524966
0.523630
0.522999
0.523015
0.523409
0.524254
0.524822
0.525211
0.525332
0.524902
0.524621
0.524167
0.524190
0.523801
0.523951
0.523848
0.524091
0.524261
0.524270
0.524094
0.524221
0.523782
0.523742
0.524030
0.523732
0.524817
0.525769
0.526421
0.526692
0.526351
0.524841
0.523641
0.522614
0.522523
0.523295
0.524228
0.524892
0.525124
0.525430
0.524903
0.524621
0.524093
0.523661
0.523781
0.523940
0.523273
0.520844
0.518231
0.515104
0.512142
0.509946
0.506537
0.503300
0.500028
0.497197
0.494038
0.490756
0.487622
0.484084
0.481028
0.477863
0.474342
0.471098
0.467899
0.464320
0.460843
0.457137
0.454320
0.451878
0.449077
0.445516
0.441873
0.437103
0.432207
0.427898
0.424140
0.420711
0.417678
0.414533
0.411169
0.407604
0.403036
0.398740
0.394479
0.390571
0.386302
0.382529
0.378347
0.374492
0.370412
0.366248
0.361832
0.357488
0.353048
0.348663
0.344336
0.339769
0.335198
0.330763
0.326108
0.321827
0.317025
0.312664
0.308124
0.303433
0.298984
0.294099
0.289655
0.285391
0.280859
0.276526
0.272086
0.267790
0.263652
0.259144
0.255230
0.251150
0.246901
0.243146
0.239300
0.235192
0.231282
0.227682
0.223698
0.220107
0.216324
0.212796
0.209231
0.205850
0.202268
0.199064
0.195539
0.192373
0.188789
0.185901
0.182758
0.179594
0.176566
0.173729
0.170638
0.167872
0.165090
0.162143
0.159588
0.156645
0.154131
0.151524
0.148663
0.146249
0.143807
0.141276
0.138816
0.136263
0.134131
0.131898
0.129504
0.127118
0.125001
0.122687
0.120747
0.118762
0.116529
0.114479
0.112411
0.110549
0.108722
0.106660
0.104956
0.102923
0.101091
0.099371
0.097509
0.095783
0.094147
0.092532
0.090879
0.089354
0.087698
0.086114
0.084596
0.083174
0.081580
0.080019
0.078651
0.077276
0.075951
0.074491
0.073239
0.071874
0.070714
0.069321
0.067935
0.066810
0.065467
0.064346
0.063332
0.061950
0.061009
0.059919
0.058840
0.057994
0.056924
0.056075
0.055769
0.055387
0.055006
0.054169
0.053536
0.052583
0.051620
0.050781
0.049941
0.049046
0.048249
0.047499
0.046536
0.045669
0.044881
0.044012
0.043279
0.042478
0.041764
0.041266
0.039424
0.038680
0.038174
0.037525
0.036899
0.036438
0.036353
0.036179
0.035981
0.035925
0.036145
0.036162
0.036289
0.035745
0.035308
0.034445
0.033686
0.033252
0.033127
0.032865
0.032960
0.032865
0.033031
0.033139
0.032801
0.032617
0.032358
0.032300
0.032119
0.032221
0.031983
0.031341
0.031156
0.031270
0.031601
0.032492
0.033760
0.034668
0.034804
0.032305
0.031301
0.030334
0.030037
0.029899
0.030781
0.031127
0.031974
0.032655
0.032778
0.032731
0.033132
0.032961
0.033080
0.033588
0.033750
0.033760
0.034216
0.034264
0.035029
0.034097
0.033175
0.032447
0.031984
0.032921
0.034174
0.035774
0.036654
0.036728
0.036259
0.035208
0.034550
0.034119
0.034088
0.034892
0.035013
0.035986
0.036150
0.036561
0.036144
0.036435
0.036432
0.036200
0.035724
0.034387
0.033797
0.034284
0.034539
0.035899
0.037583
0.038282
0.038264
0.037386
0.036446
0.035716
0.035231
0.035702
0.035862
0.036653
0.036862
0.037503
0.037792
0.037776
0.037502
0.037724
0.036673
0.035570
0.035037
0.035226
0.035590
0.036990
0.038586
0.039325
0.039483
0.039048
0.038032
0.037534
0.037034
0.036185
0.035946
0.035579
0.035988
0.037231
0.039121
0.040042
0.040365
0.039809
0.038937
0.038260
0.037926
0.037925
0.038130
0.038756
0.039414
0.039559
0.040163
0.040157
0.040387
0.039999
0.039158
0.038484
0.037909
0.037720
0.038232
0.039277
0.041025
0.042320
0.042374
0.041551
0.040622
0.040099
0.039806
0.039163
0.038447
0.038124
0.038625
0.039935
0.041777
0.043153
0.043270
0.042589
0.041782
0.041234
0.040836
0.040568
0.041078
0.041304
0.042044
0.042083
0.042441
0.042398
0.042432
0.042223
0.041933
0.042243
0.042295
0.042138
0.042377
0.042311
0.042689
0.042591
0.042413
0.042851
0.042658
0.042541
0.042777
0.042424
0.042923
0.042081
0.041402
0.040966
0.040881
0.041488
0.042480
0.043930
0.044628
0.044576
0.044431
0.043638
0.042899
0.042745
0.042545
0.043078
0.043313
0.043986
0.044158
0.044495
0.044176
0.044604
0.044379
0.044188
0.044066
0.043702
0.043031
0.041998
0.041812
0.042299
0.043455
0.044940
0.046017
0.045392
0.045153
0.044306
0.043459
0.043262
0.043197
0.043868
0.044109
0.044631
0.044578
0.045008
0.044787
0.045057
0.044789
0.043923
0.043199
0.042637
0.042311
0.042544
0.043717
0.045284
0.046329
0.046173
0.045375
0.044480
0.043848
0.043380
0.043110
0.043005
0.042593
0.042118
0.042398
0.043361
0.044783
0.045442
0.045594
0.044668
0.043798
0.043197
0.043339
0.043196
0.043290
0.043799
0.043871
0.044284
0.044050
0.044524
0.044048
0.043812
0.044126
0.043127
0.042575
0.042183
0.041901
0.042230
0.043221
0.044637
0.045615
0.045670
0.044748
0.043950
0.043303
0.043079
0.042896
0.043539
0.043667
0.044186
0.044703
0.044414
0.044651
0.044342
0.044124
0.043920
0.044168
0.044197
0.044106
0.043726
0.043070
0.042500
0.042120
0.042282
0.043190
0.044493
0.045323
0.045400
0.045073
0.044298
0.043770
0.043291
0.043111
0.043624
0.043581
0.044033
0.044039
0.044121
0.043900
0.043987
0.043736
0.043325
0.042877
0.041655
0.040874
0.040812
0.040961
0.041986
0.043400
0.044047
0.043832
0.043248
0.042251
0.041426
0.041031
0.041064
0.041228
0.041586
0.041857
0.042254
0.041997
0.042199
0.041792
0.042066
0.041783
0.040726
0.039947
0.039347
0.038825
0.039199
0.040260
0.041808
0.042887
0.042846
0.041979
0.041036
0.040408
0.040078
0.039859
0.040504
0.040722
0.041094
0.041557
0.041452
0.041728
0.041267
0.041006
0.040939
0.040621
0.039546
0.038983
0.039193
0.039654
0.040534
0.041707
0.042267
0.042265
0.041841
0.041225
0.040696
0.040507
0.040483
0.040686
0.041218
0.041741
0.041749
0.042111
0.041925
0.042278
0.041972
0.041927
0.041776
0.042040
0.041480
0.040862
0.040658
0.040442
0.040675
0.041730
0.042943
0.043995
0.043843
0.043042
0.042355
0.041888
0.041469
0.041351
0.041667
0.041887
0.042449
0.042923
0.042610
0.042877
0.042809
0.042490
0.042247
0.042678
0.042241
0.041918
0.040983
0.040671
0.040926
0.041095
0.041928
0.043139
0.043712
0.043689
0.042694
0.041472
0.040669
0.040889
0.040071
0.039652
0.039307
0.039357
0.039401
0.040293
0.041592
0.042151
0.042315
0.041264
0.040528
0.039981
0.039333
0.038776
0.038314
0.038377
0.038531
0.039683
0.041216
0.042509
0.042239
0.041238
0.040448
0.039789
0.039713
0.039682
0.040545
0.040375
0.041041
0.041545
0.041095
0.041569
0.041147
0.040852
0.040461
0.040894
0.040889
0.040670
0.039673
0.039097
0.039640
0.040092
0.041315
0.042678
0.043303
0.043218
0.041954
0.040750
0.039993
0.039599
0.039825
0.039945
0.040401
0.040413
0.040774
0.040450
0.041045
0.040964
0.041169
0.040906
0.040720
0.040559
0.040769
0.040644
0.041057
0.040881
0.040505
0.040602
0.040397
0.040618
0.040220
0.039416
0.038510
0.037819
0.037876
0.038335
0.039892
0.041784
0.043231
0.043040
0.041965
0.040935
0.040042
0.039740
0.040183
0.040371
0.041164
0.041603
0.042157
0.042162
0.042232
0.041948
0.041495
0.041790
0.041632
0.041628
0.041855
0.041863
0.041897
0.041708
0.041418
0.041538
0.041289
0.041174
0.041178
0.040738
0.040501
0.039884
0.038305
0.038312
0.038226
0.039081
0.040939
0.042801
0.043693
0.043440
0.042908
0.041663
0.040599
0.040098
0.040049
0.040316
0.041030
0.041725
0.041864
0.042303
0.041966
0.041821
0.042058
0.041683
0.041603
0.042027
0.041774
0.042311
0.041099
0.040291
0.039660
0.039488
0.040159
0.041807
0.043557
0.044810
0.043981
0.043334
0.042098
0.041067
0.040380
0.040422
0.040350
0.040519
0.041050
0.041023
0.041166
0.041008
0.040955
0.040542
0.039628
0.038731
0.038285
0.038024
0.038512
0.038875
0.040776
0.041980
0.042892
0.042833
0.041985
0.041532
0.041053
0.041358
0.040941
0.040607
0.040662
0.040695
0.041227
0.042946
0.044821
0.045685
0.045727
0.044991
0.044256
0.043659
0.043508
0.043097
0.042194
0.042021
0.041830
0.043114
0.044777
0.046236
0.046319
0.045652
0.044494
0.043867
0.043492
0.043534
0.043656
0.044069
0.044040
0.044542
0.044424
0.044527
0.044256
0.043840
0.043613
0.043328
0.043160
0.043376
0.043106
0.042785
0.043098
0.042772
0.042194
0.040868
0.040296
0.040561
0.041225
0.042475
0.043923
0.044255
0.043935
0.042900
0.041613
0.040557
0.040644
0.040358
0.039505
0.038714
0.038106
0.038427
0.039892
0.041632
0.042490
0.042307
0.042099
0.040642
0.039936
0.039271
0.039015
0.039469
0.039378
0.040096
0.039972
0.040113
0.039907
0.040052
0.039504
0.038878
0.039225
0.039041
0.038580
0.038989
0.038853
0.039262
0.038658
0.038270
0.038440
0.037985
0.037741
0.037896
0.037647
0.038139
0.037357
0.037194
0.037489
0.037139
0.036737
0.036860
0.036526
0.036175
0.036645
0.036191
0.036426
0.036153
0.035810
0.035890
0.035731
0.035611
0.035655
0.035347
0.035714
0.035213
0.035250
0.035363
0.035028
0.035073
0.035466
0.034314
0.033563
0.032761
0.032625
0.033038
0.034855
0.036845
0.038142
0.038105
0.036929
0.035859
0.034869
0.034421
0.034453
0.035268
0.035670
0.036543
0.037304
0.037063
0.037037
0.037313
0.037172
0.036841
0.037212
0.037229
0.037278
0.037718
0.037773
0.037026
0.035671
0.034876
0.034902
0.035228
0.036908
0.038539
0.039450
0.039553
0.038224
0.037532
0.036078
0.036008
0.035748
0.035818
0.036537
0.037406
0.037427
0.037710
0.037323
0.036915
0.036058
0.034624
0.033826
0.033547
0.034173
0.035996
0.037969
0.039094
0.038790
0.037270
0.035958
0.035006
0.034069
0.034645
0.034565
0.035503
0.035665
0.036163
0.036592
0.035988
0.035568
0.036091
0.035578
0.035090
0.034567
0.032967
0.032164
0.032251
0.032457
0.034201
0.036023
0.036943
0.036854
0.035332
0.034093
0.033206
0.032595
0.033137
0.033300
0.034164
0.034347
0.035073
0.035552
0.035265
0.035014
0.035323
0.034851
0.034694
0.035376
0.033841
0.033341
0.032501
0.032245
0.032795
0.034413
0.036386
0.037926
0.037052
0.036151
0.034941
0.033909
0.033384
0.033131
0.033966
0.034079
0.034862
0.034856
0.035431
0.035237
0.035249
0.035032
0.034743
0.035097
0.034700
0.034681
0.035074
0.034981
0.035324
0.035116
0.033733
0.033038
0.032049
0.031527
0.031987
0.033642
0.035472
0.036975
0.036752
0.035650
0.034206
0.033313
0.032748
0.032746
0.033575
0.033649
0.034606
0.035297
0.035226
0.035579
0.035361
0.034985
0.034623
0.035206
0.034863
0.035496
0.034215
0.033498
0.032642
0.032183
0.032428
0.033944
0.035868
0.037493
0.036422
0.035833
0.034723
0.033815
0.033308
0.033045
0.033859
0.033983
0.034852
0.034884
0.035404
0.034997
0.035252
0.034871
0.034409
0.035113
0.034917
0.034453
0.035123
0.034974
0.034513
0.035068
0.034749
0.034050
0.032590
0.031791
0.031871
0.032344
0.034022
0.035827
0.036736
0.036554
0.035479
0.034025
0.033370
0.032809
0.033438
0.033588
0.034455
0.034877
