1.146788
1.034440
0.801635
0.564236
0.378996
0.266853
0.218824
0.208408
0.207315
0.206015
0.203664
0.200550
0.197763
0.194876
0.192439
0.189696
0.187364
0.184745
0.182207
0.179622
0.177306
0.174586
0.171527
0.169372
0.166718
0.163779
0.161357
0.158517
0.156060
0.153375
0.150629
0.148204
0.145558
0.143233
0.140905
0.138272
0.136122
0.133634
0.131431
0.128878
0.127019
0.124611
0.122562
0.120624
0.118306
0.116170
0.114063
0.111968
0.110102
0.108122
0.106441
0.104294
0.102677
0.100950
0.099074
0.097336
0.095905
0.094032
0.092332
0.090652
0.088938
0.087249
0.086214
0.084435
0.083005
0.081385
0.079856
0.078402
0.076973
0.075696
0.074452
0.073249
0.071893
0.070461
0.069258
0.067904
0.066661
0.065628
0.064453
0.063505
0.062080
0.061009
0.060056
0.058888
0.057857
0.056866
0.055834
0.054917
0.053716
0.052897
0.052048
0.051049
0.050104
0.049116
0.048268
0.047271
0.046671
0.045760
0.044913
0.044314
0.043501
0.042902
0.041567
0.040969
0.040159
0.039561
0.038963
0.038156
0.037465
0.036868
0.036062
0.035647
0.035219
0.034417
0.033730
0.033135
0.032334
0.031909
0.031494
0.030698
0.030105
0.029925
0.029244
0.028631
0.028207
0.027615
0.027072
0.026829
0.026238
0.025648
0.025373
0.024784
0.024196
0.024196
0.023422
0.023181
0.022836
0.022418
0.022010
0.021655
0.021248
0.020992
0.020587
0.020172
0.019833
0.019419
0.019254
0.018842
0.018663
0.018088
0.017924
0.017514
0.017514
0.016873
0.016873
0.016324
0.016149
0.015919
0.015584
0.015584
0.015022
0.015022
0.014795
0.014464
0.014240
0.014240
0.013911
0.013689
0.013689
0.013364
0.013145
0.013145
0.012823
0.012607
0.012607
0.012445
0.012078
0.012078
0.011918
0.011711
0.011558
0.011558
0.011199
0.011199
0.011050
0.010854
0.010700
0.010700
0.010556
0.010367
0.010217
0.010217
0.010078
0.009898
0.009898
0.009744
0.009744
0.009440
0.009440
0.009303
0.009303
0.009303
0.009143
0.009019
0.009019
0.008890
0.008890
0.008744
0.008744
0.008631
0.008631
0.008513
0.008383
0.008383
0.008383
0.008383
0.008283
0.008179
0.008179
0.008179
0.008179
0.008179
0.008179
0.008095
0.008009
0.008009
0.008009
0.008009
0.008009
0.008009
0.008009
0.008009
0.008009
0.008009
0.008009
0.008009
0.008009
0.008009
0.008009
0.008009
0.008009
0.008009
0.008009
0.008009
0.008009
0.008009
0.008009
0.008009
0.008009
0.008009
0.008009
0.008009
0.008009
0.008009
0.008009
0.008009
0.008009
0.008009
0.008009
0.008009
0.008009
0.008009
0.008009
0.008009
0.008009
0.008009
0.008009
0.008009
0.008009
0.008009
0.008009
0.008009
0.008009
0.008009
0.008009
0.008009
0.008009
0.008009
0.008009
0.008009
0.008009
0.008009
0.008009
0.008009
0.008009
0.008009
0.008009
0.008009
0.008009
0.008009
0.008009
0.008009
0.008009
0.008009
0.008009
0.008009
0.008009
0.008009
0.008009
0.008009
0.008009
0.008009
0.008009
0.008009
0.008009
0.008009
0.008009
0.008009
0.008009
0.008009
0.008009
0.007897
0.007897
0.007897
0.007897
0.007897
0.007897
0.007897
0.007897
0.007897
0.007897
0.007897
0.007897
0.007897
0.007897
0.007897
0.007897
0.007897
0.007897
0.007897
0.007897
0.007897
0.007897
0.007897
0.007897
0.007897
0.007897
0.007897
0.007897
0.007897
0.007897
0.007897
0.007897
0.007897
0.007897
0.007897
0.007897
0.007897
0.007897
0.007897
0.007897
0.007897
0.007897
0.007897
0.007897
0.007897
0.007897
0.007897
0.007897
0.007897
0.007897
0.007897
0.007897
0.007897
0.007897
0.007897
0.007897
0.007897
0.007897
0.007897
0.007897
0.007897
0.007897
0.007897
0.007897
0.007897
0.007897
0.007897
0.007897
0.007897
0.007897
0.007897
0.007897
0.007897
0.007897
0.007897
0.007897
0.007897
0.007897
0.007897
0.007897
0.007897
0.007897
0.007897
0.007897
0.007897
0.007897
0.007897
0.007897
0.007897
0.007897
0.007897
0.007897
0.007897
0.007897
0.007897
0.007897
0.007897
0.007897
0.007897
0.007897
0.007897
0.007897
0.007897
0.007897
0.007897
0.007897
0.007897
0.007897
0.007897
0.007897
0.007897
0.007897
0.007897
0.007897
0.007897
0.007897
0.007897
0.007897
0.007897
0.007897
0.007897
0.007756
0.007756
0.007756
0.007756
0.007756
0.007756
0.007756
0.007756
0.007756
0.007756
0.007756
0.007756
0.007756
0.007756
0.007756
0.007756
0.007756
0.007756
0.007756
0.007756
0.007756
0.007756
0.007756
0.007519
0.007498
0.007551
0.007391
0.007301
0.007378
0.007537
0.008065
0.008334
0.008392
0.008628
0.008973
0.008988
0.009513
0.009769
0.009815
0.010042
0.010287
0.010217
0.010113
0.010367
0.010420
0.010399
0.010588
0.011180
0.012084
0.012019
0.011794
0.011308
0.011119
0.010818
0.010711
0.011093
0.011294
0.011657
0.011952
0.012228
0.012024
0.012313
0.012183
0.011908
0.012308
0.012268
0.012317
0.012808
0.012768
0.012794
0.013270
0.013288
0.012758
0.010971
0.010231
0.010314
0.010864
0.012508
0.015140
0.016450
0.016577
0.015482
0.014323
0.013213
0.012814
0.013469
0.013813
0.015097
0.015498
0.016439
0.016250
0.016992
0.016561
0.017039
0.016894
0.016858
0.016894
0.017476
0.017573
0.018300
0.018337
0.018400
0.017718
0.015158
0.013785
0.014246
0.015078
0.017052
0.019886
0.021146
0.021284
0.020819
0.019605
0.018684
0.018013
0.017916
0.018323
0.019495
0.020370
0.020374
0.020715
0.020112
0.019481
0.019273
0.018696
0.017989
0.018269
0.017754
0.017554
0.017949
0.017917
0.018180
0.016488
0.014902
0.014636
0.014417
0.014784
0.015941
0.017683
0.019177
0.018715
0.018250
0.017172
0.017010
0.017539
0.017538
0.018048
0.018449
0.018847
0.019340
0.020025
0.020171
0.020778
0.020928
0.021103
0.021777
0.022501
0.023479
0.023973
0.023999
0.024237
0.024488
0.024272
0.024226
0.024230
0.024442
0.024946
0.025664
0.026416
0.027036
0.027074
0.026923
0.026741
0.026222
0.026329
0.026586
0.027907
0.029050
0.029185
0.029729
0.029987
0.030653
0.031343
0.032294
0.032500
0.032939
0.032956
0.033447
0.033741
0.034254
0.034495
0.034993
0.034790
0.034535
0.034305
0.034506
0.034582
0.035030
0.036489
0.037113
0.037389
0.037493
0.037343
0.037290
0.037418
0.038224
0.038381
0.039024
0.039668
0.040497
0.041027
0.041271
0.041740
0.042201
0.042908
0.043188
0.043492
0.044268
0.044806
0.045339
0.045843
0.046335
0.046602
0.046843
0.046898
0.046184
0.045437
0.045366
0.045237
0.045673
0.047199
0.047643
0.047977
0.047896
0.047787
0.047543
0.047703
0.048011
0.048191
0.048639
0.048615
0.049219
0.049298
0.049548
0.049251
0.049493
0.049984
0.049806
0.049827
0.050397
0.050742
0.050684
0.051098
0.051270
0.051670
0.051244
0.050854
0.050058
0.050198
0.050012
0.051082
0.052545
0.053220
0.053693
0.053860
0.053955
0.054041
0.053871
0.054333
0.055042
0.054972
0.055813
0.056121
0.056828
0.056528
0.057151
0.057528
0.057927
0.058139
0.058378
0.058752
0.058785
0.059157
0.059642
0.059770
0.059514
0.059508
0.058689
0.058255
0.058729
0.058462
0.059235
0.059936
0.060134
0.060287
0.059870
0.059062
0.058598
0.058785
0.058791
0.058565
0.058988
0.059369
0.059726
0.059671
0.059652
0.059963
0.059967
0.060077
0.060338
0.060900
0.060775
0.060714
0.061101
0.061030
0.061105
0.060313
0.059654
0.058440
0.057741
0.057612
0.057932
0.058596
0.058137
0.057481
0.056749
0.055263
0.053925
0.052855
0.052164
0.051387
0.051120
0.051061
0.050636
0.050184
0.049351
0.048736
0.048188
0.047787
0.046947
0.046941
0.046380
0.046179
0.045892
0.045519
0.045219
0.043873
0.043561
0.043696
0.044081
0.045028
0.046442
0.046612
0.046882
0.046736
0.046547
0.046359
0.046492
0.046964
0.047281
0.047910
0.048737
0.048772
0.049444
0.049511
0.049455
0.049628
0.049631
0.049600
0.049737
0.049662
0.049715
0.050069
0.049900
0.050301
0.049391
0.048491
0.048817
0.048742
0.048389
0.048689
0.049161
0.049286
0.049105
0.049125
0.049009
0.049071
0.049306
0.049747
0.050213
0.051046
0.052003
0.052093
0.052469
0.052755
0.053227
0.054022
0.054052
0.054353
0.054743
0.054968
0.055701
0.056032
0.056601
0.056683
0.055800
0.055705
0.055402
0.055928
0.055802
0.057043
0.057709
0.057870
0.057892
0.058001
0.058234
0.057933
0.057952
0.058640
0.059418
0.059925
0.060469
0.061420
0.061459
0.061374
0.061878
0.062425
0.062862
0.063481
0.063739
0.063860
0.064209
0.064453
0.065067
0.065185
0.065055
0.064747
0.064206
0.064035
0.064566
0.065500
0.066498
0.066520
0.067197
0.067132
0.067038
0.067206
0.067303
0.067756
0.068311
0.069321
0.069641
0.070361
0.070783
0.071272
0.070960
0.070997
0.071610
0.072013
0.072912
0.073898
0.074231
0.073845
0.074103
0.074488
0.074652
0.074477
0.074185
0.074181
0.073760
0.074113
0.075241
0.075492
0.075940
0.076359
0.076807
0.076732
0.076648
0.076972
0.077174
0.077822
0.078783
0.079756
0.080728
0.080508
0.080507
0.080744
0.080937
0.081577
0.082725
0.082512
0.082784
0.083589
0.083601
0.083604
0.084489
0.084685
0.084118
0.084059
0.083469
0.083814
0.083912
0.085015
0.085974
0.086020
0.086041
0.086514
0.086866
0.086958
0.087044
0.087527
0.087937
0.088738
0.089304
0.089801
0.090232
0.090352
0.090955
0.091151
0.092048
0.092743
0.093256
0.093146
0.093283
0.094019
0.094264
0.094682
0.094705
0.094093
0.093761
0.093925
0.093686
0.094240
0.095139
0.095903
0.095772
0.096286
0.096478
0.097037
0.097627
0.097457
0.097444
0.097903
0.098524
0.099285
0.100458
0.100609
0.101030
0.101251
0.101742
0.101981
0.102038
0.102063
0.102514
0.103941
0.104346
0.105517
0.104861
0.103843
0.103109
0.103063
0.103509
0.104251
0.105333
0.106075
0.105698
0.105980
0.106237
0.106610
0.106915
0.107178
0.108031
0.108250
0.109165
0.109249
0.109790
0.109550
0.110163
0.111230
0.111879
0.112551
0.112857
0.112725
0.113044
0.112867
0.113806
0.114946
0.114939
0.114326
0.114241
0.113978
0.113564
0.113670
0.114753
0.116136
0.116191
0.116041
0.115861
0.116241
0.116800
0.117022
0.117875
0.118779
0.119205
0.119566
0.119868
0.120061
0.120239
0.120625
0.121526
0.122203
0.122713
0.123260
0.123092
0.123399
0.123650
0.123863
0.125033
0.125276
0.124694
0.124623
0.124087
0.124163
0.123979
0.125296
0.126237
0.126532
0.126384
0.126656
0.127044
0.126907
0.127629
0.128535
0.128694
0.129112
0.129478
0.130220
0.130386
0.130779
0.131687
0.132140
0.132660
0.132664
0.132973
0.133741
0.134011
0.134727
0.135428
0.135700
0.135244
0.134685
0.134890
0.135067
0.135125
0.135377
0.136124
0.136282
0.136581
0.136479
0.137042
0.136983
0.137126
0.137834
0.138214
0.138859
0.139504
0.140348
0.140612
0.141293
0.141481
0.141665
0.142345
0.142543
0.142807
0.143562
0.143848
0.144320
0.145357
0.146100
0.146578
0.145908
0.145584
0.145268
0.145669
0.145726
0.146011
0.146342
0.146776
0.147118
0.147915
0.147708
0.147649
0.148240
0.148267
0.148881
0.149789
0.150412
0.150782
0.151529
0.151727
0.152390
0.152087
0.152252
0.152970
0.153211
0.153948
0.154709
0.155472
0.155980
0.156507
0.156527
0.156098
0.155761
0.156144
0.156053
0.156120
0.155925
0.156739
0.157177
0.157237
0.157555
0.158090
0.158251
0.158837
0.159133
0.159540
0.159704
0.159876
0.160655
0.161622
0.162046
0.162475
0.163386
0.163591
0.163865
0.164360
0.164420
0.164210
0.164717
0.164960
0.165675
0.165458
0.164442
0.163680
0.163386
0.162935
0.163171
0.164223
0.164897
0.164715
0.165283
0.165148
0.165347
0.165027
0.165151
0.165790
0.166029
0.166287
0.166426
0.166729
0.166627
0.166503
0.166956
0.167534
0.167814
0.168478
0.169114
0.169552
0.169788
0.170270
0.170711
0.171219
0.172521
0.173740
0.174518
0.175111
0.174673
0.174465
0.174141
0.173957
0.174211
0.174777
0.176088
0.177124
0.178460
0.179700
0.179790
0.180078
0.180576
0.180941
0.181454
0.182082
0.183166
0.183509
0.183633
0.184549
0.185717
0.186920
0.188586
0.188714
0.188861
0.188993
0.189289
0.189964
0.191089
0.192091
0.192323
0.192589
0.192116
0.191351
0.191197
0.191087
0.191510
0.192620
0.193278
0.194065
0.195189
0.195865
0.196224
0.196323
0.196760
0.197278
0.197722
0.197908
0.198818
0.199607
0.200184
0.200873
0.201747
0.202317
0.203282
0.203596
0.204417
0.204999
0.205570
0.206356
0.206726
0.206479
0.206361
0.205631
0.205183
0.204592
0.204248
0.204784
0.205115
0.205473
0.205871
0.206221
0.206426
0.205938
0.206217
0.206146
0.206243
0.206041
0.206249
0.206287
0.206285
0.206085
0.205856
0.205327
0.204856
0.203959
0.203255
0.202364
0.201676
0.201426
0.200724
0.199665
0.198508
0.196961
0.195406
0.194022
0.193189
0.192691
0.192458
0.191580
0.190903
0.190035
0.188629
0.187087
0.186232
0.184653
0.183248
0.182132
0.180668
0.179154
0.177845
0.176343
0.174690
0.172786
0.171112
0.169162
0.167391
0.165569
0.163925
0.162485
0.160848
0.159379
0.157366
0.155480
0.153439
0.151042
0.149082
0.147174
0.145133
0.143449
0.141641
0.139591
0.137723
0.135558
0.133377
0.131459
0.129540
0.127439
0.125366
0.123550
0.121837
0.119660
0.118053
0.116303
0.114583
0.112725
0.110629
0.109028
0.107270
0.105771
0.104569
0.103197
0.101522
0.100159
0.098391
0.096571
0.094695
0.093192
0.091705
0.089998
0.088343
0.086809
0.085523
0.083747
0.082152
0.080891
0.079588
0.077835
0.076587
0.075326
0.073827
0.072593
0.071324
0.070081
0.068601
0.067609
0.066597
0.065362
0.063897
0.063178
0.061880
0.060894
0.060160
0.059420
0.058426
0.057773
0.056677
0.055893
0.054712
0.053603
0.051998
0.050881
0.050124
0.048833
0.047932
0.047477
0.046545
0.045663
0.044712
0.044294
0.043283
0.042210
0.041698
0.040811
0.040322
0.039514
0.039035
0.038329
0.037733
0.037064
0.036525
0.035784
0.034900
0.034284
0.033576
0.033192
0.032925
0.032938
0.032760
0.032556
0.031704
0.030857
0.030234
0.029649
0.029137
0.028970
0.028749
0.028780
0.027891
0.027834
0.027695
0.027159
0.026759
0.026478
0.026224
0.025746
0.025635
0.025591
0.025119
0.024644
0.024587
0.023948
0.023217
0.023028
0.022503
0.022439
0.022561
0.023295
0.023614
0.022967
0.022539
0.021931
0.021256
0.020904
0.020677
0.020716
0.020621
0.020822
0.020653
0.020454
0.020408
0.020328
0.019801
0.019759
0.019740
0.019471
0.019287
0.019550
0.019375
0.019201
0.019023
0.019008
0.018462
0.017446
0.017178
0.017097
0.017056
0.017695
0.019103
0.019851
0.019635
0.018602
0.018187
0.017050
0.017135
0.017074
0.016865
0.017586
0.017882
0.018601
0.018930
0.018598
0.018429
0.018566
0.018231
0.018198
0.018624
0.018448
0.018689
0.019377
0.019169
0.019819
0.019571
0.018438
0.016606
0.015679
0.015118
0.015895
0.017775
0.020518
0.022381
0.022511
0.021320
0.020046
0.018903
0.018209
0.018263
0.019105
0.019354
0.020458
0.021386
0.021424
0.021506
0.021301
0.021072
0.020680
0.021118
0.021155
0.021924
0.021540
0.021596
0.022111
0.021867
0.022528
0.021128
0.019194
0.018054
0.017887
0.018083
0.020353
0.023199
0.024188
0.024326
0.023842
0.022301
0.021139
0.020441
0.020253
0.020642
0.021622
0.022751
0.022750
0.023491
0.023120
0.023378
0.022927
0.022777
0.022521
0.023017
0.023092
0.023891
0.023486
0.023279
0.023985
0.022577
0.020574
0.019216
0.018783
0.019455
0.021491
0.024377
0.026309
0.026223
0.025028
0.023483
0.022069
0.021622
0.021416
0.022507
0.022794
0.023689
0.023690
0.024434
0.024061
0.024317
0.024110
0.023737
0.024166
0.023959
0.023934
0.024740
0.024329
0.024834
0.024834
0.024797
0.025001
0.023341
0.021604
0.020242
0.019826
0.020492
0.022333
0.025489
0.027435
0.026598
0.025864
0.024331
0.023105
0.022433
0.022489
0.023349
0.023392
0.024554
0.024782
0.025289
0.024668
0.025172
0.024963
0.024568
0.024774
0.024812
0.024888
0.025452
0.025191
0.025702
0.025458
0.025420
0.024482
0.021762
0.020590
0.020654
0.021308
0.023421
0.026339
0.027331
0.027475
0.026037
0.024480
0.023270
0.023283
0.023340
0.023251
0.024476
0.024685
0.025648
0.026159
0.025763
0.025324
0.025587
0.025191
0.024925
0.025679
0.025511
0.025134
0.025908
0.025701
0.026420
0.025908
0.024482
0.022468
0.021075
0.020652
0.021330
0.023178
0.026338
0.028062
0.027719
0.026511
0.025194
0.023981
0.023040
0.023096
0.023962
0.024248
0.025156
0.026121
0.025915
0.026481
0.025797
0.025343
0.025191
0.025640
0.025191
0.025984
0.026080
0.025663
0.026175
0.026175
0.025150
0.022243
0.021311
0.021112
0.022013
0.023869
0.026812
0.028051
0.028196
0.026511
0.024950
0.023981
0.023283
0.023808
0.023962
0.024947
0.025385
0.026121
0.025915
0.026237
0.026027
0.025343
0.025683
0.025626
0.025664
0.025984
0.025836
0.026534
0.026339
0.025851
0.025137
0.022394
0.020972
0.021354
0.021770
0.024097
0.026813
0.027807
0.027952
0.026725
0.025879
0.024433
0.023891
0.023929
0.023856
0.024845
0.026005
0.026011
0.026771
0.026140
0.025929
0.026195
0.026061
0.025526
0.026286
0.026118
0.025970
0.026517
0.026310
0.027033
0.026517
0.025080
0.023051
0.021866
0.021216
0.021881
0.023767
0.026951
0.028920
0.028585
0.027125
0.025800
0.024579
0.023628
0.023685
0.024804
0.024601
0.025761
0.026733
0.026771
0.026618
0.026406
0.026195
0.026531
0.026003
0.026042
0.026841
0.026214
0.026272
0.027033
0.027033
0.026995
0.025556
0.023689
0.022025
0.021841
0.022268
0.024406
0.027361
0.028609
0.028273
0.027781
0.026450
0.024981
0.024268
0.024325
0.024484
0.025246
0.026411
0.026417
0.027181
0.026546
0.027059
0.026603
0.026213
0.025930
0.026693
0.026526
0.026867
0.026925
0.026719
0.027445
0.026925
0.026206
0.023444
0.022025
0.022314
0.022985
0.025127
0.028087
0.029337
0.029000
0.027537
0.026206
0.024747
0.024268
0.024803
0.025206
0.025969
0.026167
0.027143
0.027181
0.027272
0.026815
0.026603
0.026938
0.026655
0.026449
0.027015
0.026867
0.027406
0.027445
0.027144
0.026179
0.023392
0.022211
0.022238
0.022923
0.025039
0.027786
0.029038
0.029184
0.027718
0.026629
0.025646
0.024950
0.024499
0.024902
0.026147
0.026835
0.026841
0.027608
0.027215
0.026513
0.027028
0.026656
0.026598
0.026874
0.026951
0.026810
0.027595
0.027144
0.027634
0.027595
0.025660
0.023628
0.022435
0.022007
0.022691
0.024579
0.027547
0.029282
0.029184
0.027724
0.026392
0.024922
0.024142
0.024200
0.024840
0.025123
0.026293
0.027028
0.026822
0.027157
0.026944
0.026242
0.026577
0.026538
0.026087
0.026893
0.026750
0.026564
0.027086
0.026847
0.027292
0.025599
0.023796
0.022366
0.021937
0.022377
0.024515
0.027489
0.028497
0.028400
0.027907
0.026087
0.024859
0.024378
0.023955
0.024115
0.025360
0.026293
0.026300
0.026822
0.026667
0.026699
0.026242
0.026087
0.025810
0.026087
0.026164
0.026750
0.026564
0.026358
0.027086
0.026511
0.025545
0.023013
0.021582
0.021874
0.022315
0.024459
0.027679
0.028448
0.028351
0.027126
0.025789
0.024321
0.023596
0.024379
0.024302
0.025306
0.025750
0.026246
0.026041
0.026615
0.026402
0.025704
0.026034
0.025995
0.025550
0.026111
0.026208
0.026751
0.026550
0.026305
0.026996
0.025300
0.023013
0.021816
0.021154
0.022072
0.024215
0.026949
0.028935
0.028106
0.027371
0.025789
0.024559
0.023839
0.023653
0.024784
0.025061
0.025750
0.026002
0.026525
0.026370
0.026402
0.026189
0.025789
0.025995
0.026034
0.025867
0.026693
0.026255
0.027024
0.026779
0.026500
0.026947
0.025250
0.023226
0.022047
0.021384
0.022079
0.024204
0.026958
0.028941
0.028338
0.027579
0.025774
0.024769
0.024061
0.023881
0.024769
0.025046
0.026240
0.025941
0.026711
0.026311
0.026828
0.026128
0.025973
0.026421
0.026218
0.026051
0.026634
0.026692
0.026976
0.026976
0.026692
0.025728
0.022945
0.021745
0.021802
0.022482
0.024394
0.027377
0.028635
0.028783
0.027068
0.025728
0.024495
0.024501
0.024314
0.024476
0.025728
0.025689
0.026672
0.027198
0.027042
0.026342
0.026615
0.026459
0.026421
0.026704
0.026537
0.026634
0.027179
0.026731
0.027463
0.025762
0.023691
0.022489
0.022039
0.022482
0.024615
0.027377
0.028635
0.028783
0.028043
0.026214
0.025224
0.024515
0.024314
0.024476
0.025728
0.026661
0.026672
0.027198
0.027042
0.026583
0.026615
0.026479
0.026421
0.026704
0.026537
0.027366
0.027179
0.026976
0.026046
0.023241
0.021802
0.022058
0.022725
0.024839
0.027845
0.028860
0.028763
0.027310
0.026478
0.025469
0.024515
0.024334
0.024720
0.025728
0.026419
0.026672
0.027443
0.026797
0.026342
0.026860
0.026724
0.025934
0.026704
0.026782
0.026393
0.026937
0.026976
0.027464
0.025522
0.023691
0.022252
0.021802
0.022482
0.024375
0.027621
0.028635
0.028539
0.027800
0.026458
0.024943
0.024478
0.024272
0.024924
0.025447
0.026381
0.026146
0.026917
0.026762
0.027036
0.026334
0.026198
0.025895
0.026179
0.026256
0.026841
0.026899
0.026451
0.027184
0.026899
0.025688
0.023145
0.021943
0.022000
0.022681
0.024596
0.027584
0.028844
0.028503
0.027275
0.025688
0.024454
0.023730
0.024272
0.024679
0.025447
0.025649
0.026633
0.026185
0.026762
0.026303
0.026089
0.026179
0.025895
0.025934
0.026256
0.026109
0.026899
0.026938
0.026451
0.026899
0.025443
0.023145
0.021943
0.021512
0.021955
0.024352
0.026852
0.028844
0.028992
0.027763
0.025688
0.024698
0.024214
0.023543
0.024679
0.025202
0.025894
0.026633
0.026672
0.026517
0.026303
0.026089
0.025934
0.026140
0.025934
0.026011
0.026841
0.026167
0.026938
0.026938
0.026654
0.025443
0.022901
0.021462
0.021756
0.022400
0.024317
0.027553
0.028570
0.028228
0.027732
0.026388
0.024909
0.024180
0.024238
0.024401
0.025169
0.026349
0.026602
0.027130
0.026485
0.026271
0.026545
0.026146
0.025862
0.026635
0.026467
0.026076
0.026868
0.026662
0.027152
0.025449
0.023368
0.022168
0.021718
0.022400
0.024298
0.027309
0.028570
0.028228
0.027732
0.026143
0.024909
0.024199
0.023993
0.025132
0.025169
0.026349
0.026357
0.027130
0.026485
0.027004
0.026545
0.026166
0.025862
0.026390
0.026467
0.027055
0.026868
0.026662
0.027396
0.026868
0.027318
0.025859
0.023819
0.022388
0.022201
0.022420
0.024804
0.027573
0.028590
0.028718
0.028203
0.026388
0.025132
0.024666
0.024238
0.024988
0.025514
0.026474
0.026463
0.026993
0.026837
0.027114
0.026654
0.026251
0.025966
0.026497
0.026329
0.026918
0.026732
0.026771
0.027262
0.026732
0.026006
0.023198
0.021744
0.022286
0.022485
0.024899
0.027661
0.028682
0.028832
0.027597
0.025512
0.024517
0.024031
0.024335
0.024498
0.025760
0.025963
0.026463
0.026502
0.027083
0.026377
0.025916
0.026497
0.025967
0.026007
0.026575
0.026673
0.026978
0.027017
0.026771
0.026978
0.025515
0.023444
0.021990
0.021554
0.021998
0.024164
0.027415
0.028928
0.029078
0.027597
0.026004
0.024737
0.024003
0.023818
0.024717
0.024998
0.026184
0.026685
0.026724
0.026321
0.026599
0.026137
0.025735
0.026434
0.025981
0.025813
0.026649
0.026462
0.026746
0.026746
0.025282
0.022947
0.021733
0.021037
0.021722
0.023873
0.026653
0.028659
0.028809
0.027327
0.025486
0.024491
0.023779
0.023326
0.024471
0.025490
0.025693
0.026438
0.026477
0.026814
0.026106
0.025891
0.026492
0.025942
0.025735
0.026551
0.026157
0.025969
0.026746
0.026746
0.025528
0.022700
0.021246
0.021524
0.022210
0.024363
0.027391
0.028413
0.028316
0.027081
0.025486
0.024000
0.023533
0.024062
0.024225
0.025244
0.025447
0.026438
0.025986
0.026567
0.026106
0.025891
0.026001
0.025942
0.025735
0.026304
0.026157
0.026707
0.026500
0.024830
0.022985
0.021527
0.021789
0.021477
0.024343
0.026879
0.028393
0.028543
0.027081
0.025751
0.024245
0.023533
0.024327
0.024225
0.025489
0.025693
0.026685
0.026231
0.026567
0.026352
0.026137
0.026246
0.025942
0.025981
0.026304
0.026402
0.026954
0.026993
0.026500
0.025528
0.022946
0.021488
0.021769
0.022210
0.024363
0.027391
0.028413
0.028563
0.027081
0.025486
0.024245
0.024269
0.024062
0.024225
0.025489
0.025447
0.026438
0.026969
0.026813
0.026106
0.026629
0.026246
0.025941
0.026473
0.026304
0.026156
0.026707
0.026746
0.027238
0.026953
0.025243
0.023170
0.021956
0.021278
0.021965
0.024137
0.026900
0.028906
0.029056
0.027574
0.025731
0.024735
0.024003
0.023570
0.024716
0.025243
0.026184
0.026684
0.026723
0.027059
0.026598
0.026136
0.025735
0.026434
0.025980
0.026551
0.026649
0.026461
0.026746
0.026746
0.026457
0.025486
0.022677
0.021464
0.021519
0.022206
0.024137
0.027387
0.028410
0.028313
0.027570
0.026220
0.024733
0.024246
0.024058
0.023977
0.025240
0.026181
0.026189
0.026720
0.026564
0.026102
0.026134
0.025977
0.025938
0.026224
0.026056
0.026891
0.026440
0.026233
0.026972
0.026687
0.024976
0.022902
0.021692
0.021743
0.021699
0.024359
0.026631
0.028638
0.028542
0.027060
0.025464
0.024223
0.023490
0.024040
0.024203
0.025467
0.025671
0.026417
0.026210
0.026546
0.026085
0.025624
0.026206
0.025675
0.025467
0.026284
0.026135
0.026440
0.026479
