0.238761
0.238761
0.238761
0.238761
0.238761
0.238761
0.238761
0.238761
0.238761
0.238716
0.238673
0.238631
0.238503
0.238374
0.238246
0.238096
0.238032
0.237924
0.237887
0.237760
0.237707
0.237544
0.237240
0.237003
0.236786
0.236540
0.236324
0.236199
0.236231
0.235976
0.235815
0.235610
0.235262
0.234862
0.234547
0.234286
0.234103
0.233862
0.233561
0.233197
0.232959
0.232442
0.232004
0.231684
0.231303
0.231018
0.230697
0.230623
0.230187
0.229800
0.229278
0.228825
0.228422
0.228085
0.227824
0.227352
0.227115
0.226512
0.226137
0.225750
0.225083
0.224702
0.224168
0.223907
0.223364
0.222944
0.222447
0.221919
0.221330
0.220916
0.220343
0.219798
0.219330
0.218762
0.218341
0.217784
0.217271
0.216584
0.215824
0.215303
0.214695
0.214158
0.213559
0.213047
0.212449
0.211756
0.210969
0.210274
0.209531
0.208792
0.208046
0.207334
0.206619
0.205824
0.205081
0.204293
0.203508
0.202719
0.201954
0.201341
0.200617
0.199918
0.199164
0.198627
0.197802
0.197192
0.196510
0.196013
0.195377
0.194714
0.194125
0.193410
0.192664
0.191909
0.191172
0.190353
0.189503
0.189018
0.188226
0.187518
0.186709
0.185903
0.184926
0.183998
0.183134
0.182106
0.181173
0.180291
0.179374
0.178340
0.177500
0.176439
0.175333
0.174314
0.173278
0.172086
0.171093
0.169974
0.168993
0.167973
0.166880
0.165825
0.164943
0.163865
0.162898
0.161912
0.161026
0.159984
0.159139
0.158084
0.157218
0.156384
0.155379
0.154559
0.153638
0.152774
0.151944
0.151139
0.150327
0.149428
0.148662
0.147869
0.147093
0.146235
0.145435
0.144656
0.143990
0.143070
0.142338
0.141624
0.140884
0.140181
0.139398
0.138764
0.138067
0.137362
0.136632
0.135970
0.135242
0.134572
0.133924
0.133273
0.132610
0.131968
0.131331
0.130707
0.130016
0.129271
0.128858
0.128175
0.127514
0.126979
0.126354
0.125938
0.125353
0.124783
0.124126
0.123713
0.123087
0.122402
0.122064
0.121549
0.120904
0.120378
0.119826
0.119415
0.118864
0.118327
0.117815
0.117329
0.116832
0.116233
0.115810
0.115337
0.114834
0.114310
0.113873
0.113397
0.112860
0.112499
0.111935
0.111479
0.111023
0.110659
0.110137
0.109685
0.109236
0.108793
0.108366
0.107964
0.107562
0.107012
0.106699
0.106250
0.105698
0.105354
0.104934
0.104417
0.104067
0.103658
0.103262
0.103000
0.102564
0.102211
0.101677
0.101459
0.101191
0.100729
0.100455
0.100065
0.099703
0.099451
0.099022
0.098812
0.098444
0.098174
0.097912
0.097539
0.097215
0.097007
0.096751
0.096473
0.096158
0.095877
0.095630
0.095482
0.095175
0.094971
0.094663
0.094480
0.094302
0.094003
0.093753
0.093522
0.093336
0.093090
0.092896
0.092649
0.092467
0.092323
0.092115
0.091939
0.091722
0.091437
0.091339
0.091195
0.091113
0.090883
0.090767
0.090659
0.090437
0.090380
0.090182
0.089990
0.089888
0.089778
0.089697
0.089460
0.089339
0.089163
0.089065
0.088996
0.088785
0.088703
0.088554
0.088419
0.088358
0.088182
0.088020
0.087975
0.087838
0.087739
0.087650
0.087550
0.087417
0.087285
0.087196
0.087174
0.087063
0.086872
0.086840
0.086741
0.086680
0.086577
0.086478
0.086358
0.086287
0.086062
0.085942
0.085859
0.197395
0.197327
0.197204
0.197110
0.197018
0.196943
0.196818
0.196735
0.196666
0.196595
0.196536
0.196471
0.196411
0.196294
0.196256
0.196195
0.196146
0.196044
0.196006
0.195945
0.195920
0.195837
0.195731
0.195670
0.195657
0.195620
0.195559
0.195532
0.195447
0.195407
0.195384
0.195334
0.195319
0.195270
0.195233
0.195173
0.195149
0.195112
0.195089
0.195027
0.195027
0.194959
0.194900
0.194900
0.194840
0.194840
0.194779
0.194756
0.194719
0.194719
0.194747
0.194791
0.194776
0.194766
0.194739
0.194739
0.194724
0.194723
0.194708
0.194708
0.194730
0.194669
0.194692
0.194654
0.194631
0.194616
0.194616
0.194616
0.194578
0.194578
0.081289
0.081289
0.081289
0.081251
0.081251
0.081251
0.081195
0.081112
0.081020
0.080861
0.080678
0.080510
0.080252
0.080079
0.079869
0.079614
0.079433
0.079202
0.078984
0.078839
0.078741
0.078458
0.078317
0.078172
0.078058
0.077852
0.077683
0.077418
0.077171
0.076915
0.076679
0.076421
0.076215
0.075994
0.075797
0.075559
0.075314
0.075148
0.074904
0.074657
0.074431
0.074213
0.074001
0.073817
0.073551
0.073327
0.073151
0.072931
0.072700
0.072461
0.072259
0.072075
0.071856
0.071617
0.071376
0.071215
0.071025
0.070795
0.070564
0.070316
0.070163
0.069931
0.069723
0.069551
0.069323
0.069148
0.068996
0.068885
0.068777
0.068694
0.068511
0.068393
0.068239
0.068044
0.067873
0.067560
0.067177
0.066791
0.066344
0.065960
0.065620
0.065263
0.064961
0.064599
0.064235
0.063867
0.063526
0.063107
0.062768
0.062385
0.061996
0.061657
0.061293
0.060911
0.060572
0.060163
0.059841
0.059485
0.059122
0.058762
0.058402
0.058035
0.057671
0.057332
0.056963
0.056634
0.056276
0.055936
0.055564
0.055204
0.054856
0.054512
0.054126
0.053806
0.053462
0.052997
0.052630
0.052210
0.051848
0.051509
0.051125
0.050752
0.050422
0.050041
0.049678
0.049334
0.049015
0.048629
0.048307
0.047937
0.047602
0.047254
0.046926
0.046612
0.046251
0.045873
0.045560
0.045253
0.044919
0.044560
0.044188
0.043899
0.043579
0.043262
0.042945
0.042627
0.042278
0.041977
0.041652
0.041362
0.041059
0.040769
0.040422
0.040121
0.039821
0.039513
0.039217
0.038887
0.038582
0.038298
0.037992
0.037739
0.037450
0.037126
0.036826
0.036549
0.036237
0.036066
0.035800
0.035553
0.035287
0.035007
0.034724
0.034469
0.034208
0.033964
0.033682
0.033417
0.033176
0.032915
0.032598
0.032354
0.032118
0.031828
0.031580
0.031331
0.031065
0.030821
0.030551
0.030259
0.030071
0.029800
0.029562
0.029301
0.029036
0.028843
0.028562
0.028344
0.028114
0.027901
0.027641
0.027376
0.027164
0.026916
0.026704
0.026486
0.026267
0.026056
0.025825
0.025492
0.025252
0.024984
0.024744
0.024585
0.024351
0.024118
0.023896
0.023717
0.023495
0.023303
0.023095
0.022921
0.022728
0.022549
0.022329
0.022162
0.022010
0.021829
0.021640
0.021469
0.021310
0.021129
0.021000
0.020819
0.020648
0.020507
0.020360
0.020218
0.020077
0.019942
0.019777
0.019618
0.019501
0.019369
0.019252
0.019093
0.018974
0.018834
0.018724
0.018576
0.018464
0.018365
0.018225
0.018106
0.017978
0.017877
0.017749
0.017638
0.017631
0.017520
0.017459
0.017358
0.017304
0.017170
0.017097
0.017037
0.016942
0.016854
0.016784
0.016686
0.016589
0.016500
0.016409
0.016343
0.016235
0.016172
0.016078
0.016016
0.015910
0.015820
0.015768
0.015697
0.015624
0.015529
0.015466
0.015377
0.015282
0.015219
0.015139
0.015081
0.015017
0.014945
0.014869
0.014806
0.014737
0.014690
0.014603
0.014521
0.014445
0.014406
0.014354
0.014151
0.014071
0.013969
0.013865
0.013767
0.013749
0.013658
0.013574
0.013528
0.013437
0.013377
0.013315
0.013217
0.013168
0.013138
0.013065
0.013008
0.012961
0.012922
0.012848
0.012787
0.012744
0.012704
0.012657
0.012596
0.012556
0.012499
0.012460
0.012409
0.012393
0.012347
0.012307
0.012252
0.012262
0.012223
0.012165
0.012149
0.012089
0.012071
0.012038
0.012004
0.011976
0.011947
0.011883
0.011871
0.011832
0.011832
0.011760
0.011848
0.011820
0.011838
0.011860
0.011817
0.011817
0.011794
0.011804
0.011773
0.011773
0.011758
0.011737
0.011742
0.011688
0.011670
0.011693
0.011643
0.011643
0.011643
0.011593
0.011593
0.011548
0.011548
0.011542
0.011508
0.011508
0.011479
0.011458
0.011434
0.011434
0.011410
0.011365
0.011387
0.011387
0.011338
0.011338
0.011310
0.011289
0.011271
0.011254
0.011254
0.011226
0.011210
0.011065
0.011032
0.010950
0.010928
0.010906
0.010895
0.010836
0.010814
0.010797
0.010759
0.010698
0.010698
0.010676
0.010660
0.010640
0.010607
0.010607
0.010591
0.010591
0.010549
0.010549
0.010523
0.010523
0.010523
0.010474
0.010459
0.010459
0.010449
0.010449
0.010434
0.010414
0.010414
0.010414
0.010436
0.010412
0.010392
0.010392
0.010392
0.010392
0.010378
0.010378
0.010378
0.010342
0.010342
0.010342
0.010328
0.010328
0.010328
0.010417
0.010419
0.010442
0.010464
0.010486
0.010486
0.010509
0.010531
0.010534
0.010521
0.010543
0.010543
0.010557
0.010557
0.010557
0.010579
0.010568
0.010568
0.010590
0.010590
0.010590
0.010590
0.010582
0.010593
0.010593
0.010593
0.010593
0.010593
0.010593
0.010593
0.010593
0.010593
0.010605
0.010605
0.010605
0.010598
0.010598
0.010598
0.010598
0.010598
0.010598
0.010598
0.010598
0.010598
0.010465
0.010443
0.010398
0.010376
0.010354
0.010354
0.010332
0.010309
0.010309
0.010287
0.010265
0.010265
0.010243
0.010243
0.010243
0.010220
0.010220
0.010220
0.010198
0.010198
0.010198
0.010198
0.010198
0.010176
0.010176
0.010176
0.010176
0.010176
0.010176
0.010176
0.010176
0.010176
0.010176
0.010198
0.010198
0.010198
0.010198
0.010198
0.010198
0.010198
0.010198
0.010198
0.010198
0.010198
0.010198
0.010198
0.010287
0.010309
0.010354
0.010376
0.010398
0.010398
0.010420
0.010443
0.010465
0.010465
0.010487
0.010487
0.010509
0.010509
0.010509
0.010532
0.010532
0.010532
0.010554
0.010554
0.010554
0.010554
0.010554
0.010576
0.010576
0.010576
0.010576
0.010576
0.010576
0.010576
0.010576
0.010576
0.010598
0.010598
0.010598
0.010598
0.010598
0.010598
0.010598
0.010598
0.010598
0.010598
0.010598
0.010598
0.010598
0.010465
0.010443
0.010398
0.010376
0.010354
0.010354
0.010332
0.010309
0.010309
0.010287
0.010265
0.010265
0.010243
0.010243
0.010243
0.010220
0.010220
0.010220
0.010198
0.010198
0.010198
0.010198
0.010198
0.010176
0.010176
