0.979184
0.979184
0.979184
0.979184
0.979184
0.979184
0.979184
0.979184
0.979189
0.979186
0.979202
0.979113
0.979042
0.978936
0.978565
0.977901
0.977219
0.976072
0.975009
0.973742
0.972590
0.971589
0.970582
0.969504
0.968137
0.966394
0.964596
0.962762
0.960862
0.958821
0.956920
0.955157
0.953301
0.951309
0.949122
0.946582
0.943951
0.941092
0.938129
0.935248
0.932310
0.929703
0.927254
0.925170
0.923312
0.921890
0.920564
0.919252
0.917718
0.915975
0.913967
0.911562
0.909424
0.907282
0.905151
0.903057
0.901147
0.899358
0.897363
0.895327
0.893481
0.891556
0.889544
0.887544
0.885587
0.883537
0.881554
0.879674
0.877752
0.875887
0.873938
0.872033
0.870184
0.868368
0.866344
0.864653
0.862716
0.860677
0.858896
0.857034
0.855220
0.853471
0.851604
0.849852
0.847987
0.846344
0.844517
0.842734
0.840948
0.839217
0.837425
0.835712
0.834074
0.832441
0.830596
0.828962
0.827242
0.825594
0.823958
0.822467
0.821145
0.819978
0.819102
0.818139
0.817434
0.816802
0.816199
0.815639
0.814804
0.814165
0.813513
0.812735
0.812160
0.811688
0.811026
0.810626
0.809974
0.809782
0.809387
0.809185
0.808682
0.807951
0.807022
0.806118
0.804905
0.803567
0.802131
0.800881
0.799266
0.797738
0.796415
0.795058
0.793320
0.791316
0.789231
0.786718
0.784343
0.781720
0.779281
0.776968
0.774988
0.772445
0.770417
0.768066
0.765845
0.763511
0.761306
0.758955
0.756763
0.754385
0.752199
0.750126
0.747880
0.745816
0.743608
0.741505
0.739254
0.737242
0.735047
0.733020
0.730945
0.728853
0.726730
0.724684
0.722577
0.720745
0.718571
0.716568
0.714510
0.712653
0.710605
0.708729
0.706735
0.704822
0.703008
0.701068
0.698923
0.697197
0.695394
0.693491
0.691757
0.690058
0.688080
0.686554
0.684639
0.682988
0.681296
0.679443
0.677845
0.676204
0.674384
0.672830
0.671128
0.669578
0.668021
0.666523
0.664775
0.663197
0.661708
0.660152
0.658674
0.657148
0.655667
0.654061
0.652546
0.651324
0.649947
0.648535
0.647118
0.645859
0.644429
0.643080
0.641861
0.640605
0.639287
0.638099
0.636790
0.635574
0.634327
0.633080
0.631994
0.630757
0.629744
0.628558
0.627281
0.626118
0.625076
0.624089
0.622971
0.621857
0.620847
0.619710
0.618772
0.617677
0.616621
0.615778
0.614774
0.613738
0.612952
0.611836
0.611022
0.609958
0.609157
0.608139
0.607300
0.606239
0.605600
0.604607
0.603739
0.602922
0.602045
0.601158
0.600394
0.599642
0.598717
0.598000
0.597080
0.596342
0.595522
0.594820
0.593946
0.593205
0.592370
0.591679
0.591027
0.590133
0.589280
0.588645
0.588086
0.587055
0.586369
0.585833
0.584828
0.584302
0.583643
0.582892
0.582227
0.581619
0.580813
0.580274
0.579453
0.578896
0.578231
0.577518
0.577016
0.576231
0.575668
0.575003
0.574419
0.573773
0.573223
0.572494
0.571998
0.571464
0.570786
0.570149
0.569387
0.568655
0.568094
0.567514
0.566974
0.566097
0.565504
0.564806
0.564264
0.563709
0.563147
0.562486
0.562009
0.561407
0.560982
0.560360
0.559901
0.559353
0.558877
0.558296
0.557930
0.557459
0.556989
0.556593
0.556047
0.555573
0.555233
0.554799
0.554323
0.554076
0.553595
0.553217
0.552790
0.552328
0.552137
0.551644
0.551291
0.550864
0.550548
0.550111
0.549825
0.549559
0.549366
0.548877
0.548605
0.548305
0.548168
0.547990
0.547679
0.547322
0.547084
0.546818
0.546687
0.546553
0.546181
0.545943
0.545602
0.545423
0.545237
0.544967
0.544788
0.544533
0.544133
0.544003
0.543635
0.543313
0.543080
0.542852
0.542565
0.542295
0.541960
0.541759
0.541601
0.541383
0.541156
0.541033
0.540819
0.540615
0.540412
0.540169
0.539954
0.539717
0.539638
0.539506
0.539211
0.539075
0.538876
0.538685
0.538472
0.538366
0.538301
0.537996
0.537889
0.537717
0.537207
0.536806
0.536746
0.536630
0.536021
0.535752
0.535593
0.535261
0.535179
0.535046
0.580420
0.580316
0.580117
0.580052
0.579865
0.579718
0.579475
0.579459
0.579450
0.579419
0.579577
0.579685
0.579839
0.579913
0.579889
0.579916
0.579922
0.579823
0.579737
0.579625
0.421635
0.421509
0.421304
0.421379
0.421247
0.421366
0.421460
0.421530
0.421542
0.421304
0.421034
0.420687
0.420282
0.419930
0.419321
0.419126
0.419151
0.419067
0.418932
0.418870
0.418683
0.418551
0.418334
0.418122
0.418025
0.417760
0.417746
0.417595
0.417529
0.417548
0.417420
0.417338
0.417239
0.417181
0.417006
0.416985
0.416881
0.416856
0.416690
0.416642
0.416676
0.416754
0.416716
0.416644
0.416603
0.416703
0.416635
0.416563
0.416653
0.416724
0.416776
0.416727
0.416719
0.416888
0.416842
0.416922
0.416975
0.416971
0.417043
0.417211
0.417126
0.417193
0.416823
0.416904
0.416628
0.416675
0.416576
0.416562
0.416607
0.416686
0.416640
0.416766
0.416803
0.416912
0.417063
0.417076
0.417234
0.417254
0.417433
0.417563
0.417485
0.417153
0.416634
0.416146
0.415668
0.414848
0.414321
0.413777
0.413074
0.412432
0.411694
0.411014
0.410332
0.409542
0.408799
0.408116
0.407492
0.406766
0.406035
0.405401
0.404618
0.404007
0.403345
0.402678
0.402147
0.401509
0.400886
0.400407
0.399554
0.398947
0.398233
0.397494
0.396491
0.395521
0.394557
0.393221
0.392111
0.391089
0.389954
0.388983
0.387973
0.386925
0.385909
0.384862
0.383698
0.382680
0.381632
0.380607
0.379567
0.378455
0.377422
0.376399
0.375434
0.374409
0.373532
0.372542
0.371594
0.370446
0.369244
0.367832
0.366689
0.365398
0.364776
0.363958
0.363030
0.361512
0.359886
0.358139
0.356167
0.354409
0.352624
0.351087
0.349642
0.348259
0.346430
0.344810
0.343275
0.341659
0.340100
0.338633
0.336888
0.335546
0.334126
0.332640
0.331141
0.329746
0.328459
0.326846
0.325504
0.324052
0.322844
0.321424
0.319892
0.318592
0.317235
0.315914
0.314645
0.313025
0.311475
0.310201
0.308879
0.307298
0.305880
0.304090
0.302032
0.299875
0.297546
0.295170
0.292816
0.290581
0.288301
0.286083
0.283982
0.281847
0.279599
0.277296
0.275189
0.273067
0.271000
0.269038
0.266690
0.264597
0.262630
0.260629
0.258727
0.256956
0.255183
0.253405
0.251444
0.249621
0.247399
0.245405
0.243446
0.241300
0.239398
0.237483
0.235626
0.233862
0.231947
0.230047
0.228207
0.226277
0.224436
0.222508
0.220694
0.218787
0.217009
0.215207
0.213281
0.211518
0.209794
0.207998
0.206151
0.204351
0.202505
0.200759
0.198984
0.197171
0.195455
0.193696
0.192058
0.190258
0.188537
0.186810
0.185132
0.183456
0.181397
0.179540
0.177830
0.176027
0.174305
0.172667
0.170937
0.169328
0.167652
0.166009
0.164228
0.162616
0.160901
0.159486
0.157809
0.156268
0.154512
0.152918
0.151327
0.149896
0.148247
0.146581
0.145002
0.143590
0.141872
0.140320
0.138842
0.137134
0.135740
0.133887
0.132236
0.130461
0.129028
0.127540
0.126033
0.124481
0.122934
0.121413
0.119953
0.118241
0.117032
0.115602
0.114048
0.112772
0.111356
0.110151
0.108771
0.107466
0.105999
0.104824
0.103491
0.102223
0.101115
0.099867
0.098558
0.097484
0.096145
0.094979
0.093854
0.092772
0.091517
0.090532
0.089349
0.088187
0.087046
0.085915
0.084877
0.083924
0.083009
0.081835
0.080803
0.080011
0.078954
0.078017
0.076992
0.076338
0.075392
0.074525
0.073597
0.072787
0.071856
0.070993
0.070305
0.069247
0.068561
0.067866
0.066889
0.066117
0.065388
0.064535
0.063544
0.062576
0.061855
0.061130
0.060175
0.059550
0.058866
0.058085
0.057400
0.056686
0.055916
0.055407
0.054675
0.053879
0.053340
0.052683
0.052160
0.051426
0.050861
0.050305
0.049634
0.049100
0.048551
0.048034
0.047406
0.046864
0.046434
0.045709
0.045378
0.044919
0.044346
0.043777
0.043285
0.042931
0.042144
0.041563
0.040922
0.040492
0.039915
0.039536
0.039007
0.038398
0.038018
0.037683
0.037308
0.036943
0.036554
0.036186
0.035901
0.035569
0.035129
0.034741
0.034416
0.034175
0.033868
0.033322
0.033156
0.032867
0.032536
0.032325
0.031884
0.031443
0.031194
0.030928
0.030642
0.030129
0.029720
0.029289
0.029000
0.028736
0.028514
0.028169
0.027883
0.027614
0.027231
0.026918
0.026665
0.026674
0.026368
0.026177
0.025839
0.025794
0.025434
0.025302
0.025055
0.024950
0.024559
0.024399
0.024170
0.024107
0.023910
0.023351
0.023022
0.022827
0.022600
0.022448
0.022210
0.022096
0.021813
0.021556
0.021527
0.021262
0.021123
0.020975
0.020760
0.020511
0.020381
0.020214
0.020055
0.019997
0.019823
0.019716
0.019627
0.019438
0.019396
0.019317
0.019251
0.019053
0.019034
0.018959
0.018838
0.018748
0.018664
0.018493
0.018491
0.018363
0.018013
0.017705
0.017626
0.017476
0.017319
0.017259
0.017064
0.016925
0.016846
0.016855
0.016801
0.016835
0.016596
0.016642
0.016517
0.016448
0.016451
0.016327
0.016342
0.016396
0.016182
0.016238
0.016122
0.016052
0.016063
0.015876
0.015876
0.015867
0.015811
0.015708
0.015250
0.015144
0.015041
0.014964
0.014753
0.014710
0.014609
0.014570
0.014450
0.014371
0.014341
0.014160
0.014204
0.014236
0.014312
0.014184
0.014116
0.014120
0.014107
0.014158
0.014034
0.014058
0.014019
0.014015
0.014030
0.013906
0.013567
0.013523
0.013424
0.013335
0.013169
0.013152
0.013072
0.013039
0.013006
0.013006
0.012828
0.012828
0.012805
0.012805
0.012767
0.012641
0.012641
0.012586
0.012548
0.012508
0.012525
0.012608
0.012577
0.012600
0.012609
0.012658
0.012618
0.012669
0.012683
0.012671
0.012671
0.012673
0.012639
0.012669
0.012669
0.012331
0.012287
0.012239
0.012193
0.012173
0.012173
0.012133
0.012097
0.012065
0.012200
0.012205
0.012282
0.012303
0.012349
0.012349
0.012382
0.012432
0.012432
0.012535
0.012588
0.012588
0.012643
0.012643
0.012640
0.012696
0.012696
0.012696
0.012753
0.012753
0.012753
0.012405
0.012351
0.012309
0.012261
0.012215
0.012215
0.012172
0.012133
0.012133
0.012098
0.012068
0.012068
0.012103
0.012178
0.012210
0.012268
0.012312
0.012357
0.012346
0.012395
0.012445
0.012445
0.012497
0.012547
0.012547
0.012263
0.012211
0.012112
0.012121
0.012078
0.012078
0.012038
0.012058
0.012030
0.012030
0.012002
0.012002
0.012038
0.012038
0.012038
0.012021
0.012021
0.012021
0.012011
0.012011
0.012011
0.012153
0.012188
0.012267
0.012313
0.012361
0.012361
0.012412
0.012464
0.012519
0.012519
0.012574
0.012578
0.012634
0.012634
0.012634
0.012354
0.012302
0.012203
0.012216
0.012173
0.012173
0.012133
0.012097
0.012124
0.012200
0.012205
0.012282
0.012303
0.012349
0.012349
0.012382
0.012432
0.012492
0.012535
0.012588
0.012588
0.012643
0.012643
0.012640
0.012696
0.012696
0.012696
0.012753
0.012753
0.012753
0.012405
0.012351
0.012309
0.012261
0.012215
0.012215
0.012172
0.012133
0.012133
0.012098
0.012068
0.012068
0.012103
0.012178
0.012210
0.012268
0.012312
0.012357
0.012346
0.012395
0.012445
0.012445
0.012497
0.012547
0.012547
0.012263
0.012211
0.012112
0.012121
0.012078
0.012078
0.012038
0.012058
0.012030
0.012030
0.012002
0.012002
0.012038
0.012038
0.012038
0.012021
0.012021
0.012021
0.012011
0.012011
0.012011
0.012095
0.012188
0.012267
0.012313
0.012361
0.012361
0.012412
0.012464
0.012519
0.012519
0.012574
0.012578
0.012634
0.012634
0.012634
0.012692
0.012354
0.012302
0.012262
0.012216
0.012173
0.012173
0.012133
0.012156
0.012200
0.012232
0.012282
0.012325
0.012349
0.012349
0.012398
0.012432
0.012492
0.012545
0.012588
0.012588
0.012643
0.012643
0.012643
0.012696
0.012696
0.012696
0.012753
0.012753
0.012753
0.012405
0.012351
0.012306
0.012261
0.012215
0.012215
0.012172
0.012133
0.012133
0.012098
0.012099
0.012158
0.012134
0.012134
0.012209
