0.594660
0.594660
0.594660
0.594660
0.594660
0.594660
0.594660
0.594660
0.594660
0.594660
0.594660
0.594660
0.594660
0.594660
0.594660
0.594660
0.594660
0.594660
0.594660
0.594660
0.594660
0.594660
0.594660
0.594618
0.594587
0.594462
0.594526
0.594239
0.593877
0.593270
0.592085
0.590841
0.589229
0.587215
0.585075
0.582932
0.580682
0.578379
0.575872
0.573280
0.570664
0.567812
0.565011
0.561667
0.558330
0.554849
0.551280
0.547718
0.544060
0.540396
0.536537
0.532802
0.529162
0.525934
0.523482
0.521753
0.520901
0.520704
0.520758
0.521136
0.521864
0.522221
0.522326
0.522144
0.521852
0.521395
0.521446
0.521360
0.521386
0.520574
0.519252
0.517152
0.514723
0.512108
0.509566
0.507383
0.505265
0.503108
0.500820
0.498379
0.495628
0.492579
0.489263
0.486028
0.482660
0.479364
0.475957
0.472390
0.468925
0.465509
0.462081
0.458571
0.455147
0.451757
0.448138
0.444789
0.441501
0.437981
0.434628
0.431132
0.427701
0.424354
0.420975
0.417786
0.414351
0.410992
0.407600
0.404290
0.401050
0.397683
0.394486
0.391257
0.387975
0.384858
0.381595
0.378429
0.375302
0.372099
0.369041
0.365686
0.362707
0.359683
0.356492
0.353584
0.350703
0.347783
0.345074
0.342050
0.339298
0.336312
0.333570
0.330821
0.328043
0.325308
0.322640
0.320046
0.317374
0.314941
0.312526
0.310065
0.307663
0.305409
0.303054
0.300848
0.298476
0.296392
0.294125
0.291872
0.289525
0.287423
0.285101
0.283048
0.280784
0.278613
0.276539
0.274448
0.272220
0.270039
0.268065
0.265874
0.263829
0.261714
0.259633
0.257462
0.255465
0.253214
0.251033
0.248894
0.246819
0.244780
0.242593
0.240633
0.238456
0.236462
0.234198
0.232263
0.230269
0.227992
0.226111
0.224162
0.222234
0.220573
0.218679
0.216898
0.214994
0.213249
0.211346
0.209465
0.207588
0.205770
0.204008
0.202247
0.200539
0.198804
0.196929
0.195262
0.193575
0.191871
0.190305
0.188546
0.186845
0.185201
0.183509
0.181908
0.180175
0.178619
0.177110
0.175330
0.173762
0.172166
0.170595
0.169141
0.167515
0.165921
0.164366
0.162940
0.161567
0.159854
0.158519
0.156945
0.155455
0.154020
0.152612
0.151151
0.149708
0.148258
0.146890
0.145546
0.144126
0.142693
0.141356
0.140051
0.138642
0.137447
0.135988
0.134765
0.133336
0.132151
0.130825
0.129644
0.128271
0.127017
0.125956
0.124663
0.123412
0.122307
0.121039
0.119852
0.118589
0.117520
0.116496
0.115224
0.114182
0.112917
0.111866
0.110934
0.109695
0.108687
0.107562
0.106562
0.105439
0.104407
0.103375
0.102367
0.101376
0.100360
0.099319
0.098393
0.097414
0.096450
0.095410
0.094381
0.093509
0.092536
0.091748
0.090682
0.089793
0.088902
0.087967
0.087072
0.086277
0.085316
0.084406
0.083611
0.082732
0.081784
0.080987
0.080225
0.079356
0.078510
0.077621
0.076911
0.076061
0.075199
0.074510
0.073609
0.072912
0.072085
0.071405
0.070513
0.069738
0.069107
0.068301
0.067572
0.066831
0.066092
0.065369
0.064611
0.063990
0.063253
0.062438
0.061869
0.061167
0.060520
0.059774
0.059084
0.058490
0.057842
0.057084
0.056307
0.055681
0.055216
0.054451
0.053778
0.053142
0.052571
0.052024
0.051321
0.050725
0.050087
0.049541
0.048925
0.048148
0.047712
0.047151
0.046570
0.046094
0.045391
0.044819
0.044297
0.043780
0.043333
0.042678
0.042085
0.041626
0.041155
0.040640
0.040179
0.039638
0.039226
0.038734
0.038302
0.037782
0.037354
0.036814
0.036422
0.035999
0.035550
0.035093
0.034753
0.034309
0.033855
0.033457
0.033089
0.032649
0.032269
0.031938
0.031668
0.031209
0.030783
0.030444
0.030088
0.029746
0.029545
0.029221
0.028857
0.028539
0.028258
0.027913
0.027537
0.027321
0.027056
0.026805
0.026415
0.026135
0.025927
0.025622
0.025367
0.025096
0.024840
0.024585
0.024340
0.024081
0.023814
0.023609
0.023390
0.023152
0.022893
0.022649
0.022457
0.022239
0.021997
0.021849
0.021581
0.021414
0.021081
0.020994
0.020866
0.020625
0.020418
0.020219
0.020051
0.019829
0.019653
0.019475
0.019331
0.019112
0.018922
0.018777
0.018648
0.018448
0.018318
0.018123
0.017956
0.017829
0.017662
0.017548
0.017368
0.017257
0.017140
0.016933
0.016779
0.016677
0.016563
0.016436
0.016346
0.016232
0.016014
0.015842
0.015744
0.015654
0.015540
0.015450
0.015321
0.015207
0.015120
0.014990
0.014885
0.014760
0.014641
0.014525
0.014438
0.014348
0.014301
0.014186
0.014045
0.013930
0.013892
0.013805
0.013675
0.013638
0.013600
0.013459
0.013384
0.013267
0.013180
0.013127
0.013089
0.013014
0.012964
0.012834
0.012759
0.012759
0.012683
0.012618
0.012503
0.012503
0.012428
0.012341
0.012326
0.012250
0.012212
0.012135
0.012085
0.011995
0.011995
0.011918
0.011880
0.011831
0.011738
0.011700
0.011662
0.011587
0.011575
0.011522
0.011485
0.011447
0.011409
0.011371
0.011284
0.011269
0.011231
0.011194
0.011156
0.011119
0.011080
0.011054
0.010978
0.010978
0.010940
0.010903
0.010903
0.010816
0.010801
0.010763
0.010725
0.010687
0.010687
0.010612
0.010612
0.010600
0.010510
0.010510
0.010472
0.010472
0.010435
0.010396
0.010396
0.010359
0.010294
0.010294
0.010294
0.010219
0.010219
0.010181
0.010181
0.010144
0.010144
0.010094
0.010079
0.010042
0.010003
0.010003
0.010003
0.009928
0.009928
0.009928
0.009890
0.009853
0.009841
0.009826
0.009788
0.009788
0.009751
0.009751
0.009712
0.009712
0.009712
0.009675
0.009637
0.009637
0.009637
0.009611
0.009573
0.009535
0.009535
0.009535
0.009535
0.009497
0.009460
0.009460
0.009460
0.009422
0.009422
0.009422
0.009422
0.009385
0.009320
0.009320
0.009320
0.009320
0.009320
0.009320
0.009244
0.009244
0.009244
0.009244
0.009244
0.009244
0.009206
0.009169
0.009169
0.009169
0.009169
0.009169
0.009131
0.009119
0.009119
0.009119
0.009119
0.009119
0.009119
0.009081
0.009081
0.009081
0.009081
0.009081
0.009081
0.009081
0.009043
0.009043
0.009043
0.009043
0.009043
0.009043
0.009043
0.009043
0.009043
0.009043
0.009043
0.009043
0.009043
0.009043
0.009043
0.009043
0.009043
0.009043
0.009043
0.009043
0.009043
0.009043
0.009043
0.009043
0.009043
0.009043
0.009043
0.009043
0.009043
0.009043
0.009043
0.009043
0.009043
0.009043
0.009043
0.009043
0.009043
0.009043
0.009043
0.009043
0.009043
0.009043
0.009043
0.009043
0.009043
0.009043
0.009043
0.009043
0.009043
0.009043
0.009043
0.009043
0.009043
0.009043
0.009043
0.009043
0.009043
0.009043
0.009043
0.009043
0.009043
0.009043
0.009043
0.009043
0.009043
0.009043
0.009043
0.009043
0.009043
0.009043
0.009043
0.009043
0.009043
0.009043
0.009043
0.009043
0.009043
0.009043
0.009043
0.009043
0.009043
0.009043
0.009043
0.009043
0.009043
0.009043
0.009043
0.009043
0.009043
0.009043
0.009043
