0.620068
0.620068
0.620068
0.620068
0.620068
0.620068
0.620068
0.620068
0.620068
0.620068
0.620068
0.620068
0.620068
0.620068
0.620068
0.620068
0.620068
0.620068
0.620068
0.620068
0.620068
0.620068
0.620013
0.620041
0.619926
0.619799
0.619415
0.618695
0.617615
0.616541
0.615122
0.613640
0.612622
0.611610
0.610712
0.609630
0.608019
0.605946
0.603629
0.601149
0.598821
0.596341
0.593682
0.591046
0.588072
0.584920
0.581446
0.578036
0.574325
0.570652
0.567182
0.563806
0.560303
0.557003
0.553601
0.550267
0.546745
0.543306
0.539800
0.536460
0.532915
0.529589
0.526213
0.522819
0.519342
0.516108
0.512815
0.509557
0.506236
0.502891
0.499608
0.496480
0.493215
0.490152
0.486968
0.483693
0.480631
0.477598
0.474326
0.471158
0.468094
0.464847
0.461828
0.458718
0.455635
0.452469
0.449334
0.446288
0.443213
0.440083
0.437018
0.433989
0.430926
0.428033
0.425083
0.422128
0.419350
0.416416
0.413421
0.410773
0.407863
0.405118
0.402400
0.399610
0.397041
0.394204
0.391551
0.388824
0.386271
0.383425
0.380721
0.377881
0.375282
0.372508
0.369844
0.366961
0.364421
0.361835
0.359088
0.356512
0.353930
0.351240
0.348585
0.346146
0.343511
0.341001
0.338489
0.336102
0.333673
0.331314
0.329019
0.326730
0.324457
0.322189
0.319932
0.317688
0.315469
0.313240
0.311096
0.308952
0.306800
0.304628
0.302554
0.300504
0.298421
0.296226
0.294247
0.292063
0.289996
0.287876
0.285905
0.283712
0.281903
0.279930
0.277948
0.276156
0.274312
0.272337
0.270419
0.268740
0.266648
0.264746
0.262808
0.261050
0.259161
0.257201
0.255337
0.253351
0.251629
0.249734
0.247971
0.246034
0.244270
0.242425
0.240670
0.238842
0.237018
0.235164
0.233493
0.231710
0.229871
0.228221
0.226626
0.224838
0.223087
0.221279
0.219607
0.217930
0.216340
0.214531
0.212913
0.211224
0.209538
0.207828
0.206296
0.204533
0.202899
0.201272
0.199616
0.197997
0.196381
0.194843
0.193122
0.191551
0.189869
0.188356
0.186777
0.185437
0.183754
0.182326
0.180759
0.179376
0.177733
0.176202
0.174644
0.173158
0.171621
0.170219
0.168720
0.167135
0.165693
0.164135
0.162671
0.161236
0.159729
0.158278
0.156826
0.155286
0.153910
0.152510
0.151097
0.149575
0.148149
0.146741
0.145430
0.143915
0.142503
0.141307
0.139918
0.138437
0.137124
0.135794
0.134493
0.133129
0.131752
0.130419
0.129129
0.127933
0.126636
0.125282
0.124074
0.122736
0.121449
0.120213
0.119064
0.117696
0.116395
0.115233
0.114104
0.112767
0.111618
0.110389
0.109238
0.108008
0.106825
0.105700
0.104578
0.103375
0.102360
0.101225
0.100052
0.099025
0.097858
0.096842
0.095680
0.094715
0.093669
0.092693
0.091595
0.090506
0.089524
0.088575
0.087589
0.086670
0.085682
0.084750
0.083693
0.082721
0.081871
0.080934
0.080024
0.079148
0.078248
0.077310
0.076613
0.075656
0.074720
0.073994
0.073091
0.072355
0.071534
0.070737
0.069914
0.069119
0.068359
0.067535
0.066748
0.066089
0.065298
0.064590
0.063873
0.063166
0.062361
0.061664
0.061006
0.060396
0.059606
0.058948
0.058274
0.057576
0.056962
0.056271
0.055686
0.054984
0.054449
0.053790
0.053171
0.052493
0.051888
0.051304
0.050711
0.050177
0.049582
0.048969
0.048420
0.047857
0.047306
0.046751
0.046180
0.045679
0.045113
0.044526
0.044051
0.043462
0.043058
0.042458
0.042028
0.041433
0.040963
0.040325
0.039999
0.039582
0.039090
0.038593
0.038147
0.037729
0.037189
0.036922
0.036358
0.035985
0.035533
0.035163
0.034815
0.034353
0.033918
0.033539
0.033135
0.032826
0.032448
0.032071
0.031626
0.031290
0.030968
0.030634
0.030264
0.030039
0.029684
0.029246
0.028986
0.028650
0.028379
0.028022
0.027723
0.027452
0.027059
0.026828
0.026548
0.026274
0.026030
0.025790
0.025457
0.025120
0.024869
0.024694
0.024388
0.024140
0.023901
0.023668
0.023495
0.023189
0.022982
0.022746
0.022572
0.022328
0.022106
0.021866
0.021662
0.021532
0.021253
0.021090
0.020935
0.020680
0.020334
0.020246
0.020079
0.019907
0.019755
0.019531
0.019350
0.019094
0.018968
0.018814
0.018707
0.018547
0.018380
0.018149
0.018022
0.017879
0.017710
0.017560
0.017430
0.017228
0.017130
0.016947
0.016832
0.016656
0.016541
0.016386
0.016256
0.016207
0.016026
0.015896
0.015736
0.015637
0.015511
0.015437
0.015349
0.015242
0.015138
0.014977
0.014860
0.014782
0.014654
0.014616
0.014486
0.014348
0.014260
0.014222
0.014064
0.013970
0.013910
0.013771
0.013676
0.013599
0.013492
0.013454
0.013377
0.013299
0.013181
0.013106
0.013049
0.012933
0.012884
0.012807
0.012768
0.012664
0.012626
0.012538
0.012469
0.012401
0.012286
0.012260
0.012171
0.012094
0.012094
0.012025
0.011948
0.011909
0.011804
0.011766
0.011727
0.011593
0.011584
0.011497
0.011486
0.011447
0.011343
0.011305
0.011236
0.011236
0.011186
0.011109
0.011070
0.011070
0.011006
0.010937
0.010859
0.010848
0.010800
0.010800
0.010722
0.010722
0.010645
0.010645
0.010539
0.010500
0.010500
0.010462
0.010414
0.010376
0.010337
0.010299
0.010299
0.010259
0.010220
0.010115
0.010115
0.010066
0.010066
0.010028
0.010028
0.009989
0.009940
0.009900
0.009900
0.009862
0.009862
0.009823
0.009785
0.009785
0.009785
0.009746
0.009746
0.009736
0.009697
0.009658
0.009658
0.009658
0.009620
0.009620
0.009620
0.009620
0.009543
0.009533
0.009533
0.009494
0.009483
0.009483
0.009483
0.009445
0.009445
0.009445
0.009445
0.009445
0.009406
0.009406
0.009406
0.009406
0.009368
0.009368
0.009368
0.009357
0.009357
0.009318
0.009318
0.009318
0.009318
0.009318
0.009280
0.009280
0.009280
0.009280
0.009280
0.009241
0.009241
0.009241
0.009241
0.009241
0.009241
0.009203
0.009192
0.009192
0.009192
0.009192
0.009192
0.009153
0.009153
0.009153
0.009153
0.009153
0.009153
0.009153
0.009115
0.009115
0.009115
0.009115
0.009115
0.009115
0.009115
0.009115
0.009077
0.009077
0.009077
0.009077
0.009077
0.009077
0.009077
0.009077
0.009077
0.009077
0.009077
0.009077
0.009077
0.009077
0.009077
0.009077
0.009077
0.009077
0.009077
0.009077
0.009077
0.009077
0.009077
0.009077
0.009077
0.009077
0.009077
0.009077
0.009077
0.009077
0.009077
0.009077
0.009077
0.009077
0.009077
0.009077
0.009077
0.009077
0.009077
0.009077
0.009077
0.009077
0.009077
0.009077
0.009077
0.009077
0.009077
0.009077
0.009077
0.009077
0.009077
0.009077
0.009077
0.009077
0.009077
0.009077
0.009077
0.009077
0.009077
0.009077
0.009077
0.009077
0.009077
0.009077
0.009077
0.009077
0.009077
0.009077
0.009077
0.009077
0.009077
0.009077
0.009077
0.009077
0.009077
0.009077
0.009077
0.009077
0.009077
0.009077
0.009077
0.009077
0.009077
0.009077
0.009077
0.009077
0.009077
0.009077
0.009077
0.009077
