0.425177
0.425177
0.425177
0.425177
0.425177
0.425177
0.425177
0.425177
0.424556
0.423696
0.422228
0.420940
0.418867
0.416572
0.413922
0.410473
0.407066
0.403307
0.399513
0.396100
0.392784
0.389596
0.386230
0.382919
0.379662
0.376209
0.372593
0.368897
0.365449
0.361931
0.358211
0.354854
0.351588
0.348310
0.344844
0.341522
0.337969
0.334657
0.331272
0.328109
0.324686
0.321275
0.318218
0.314944
0.311871
0.308649
0.305321
0.302181
0.298952
0.295686
0.292655
0.289688
0.286352
0.283110
0.280139
0.277117
0.274140
0.271196
0.268059
0.265189
0.262110
0.259295
0.256376
0.253362
0.250495
0.247616
0.244957
0.242077
0.239304
0.236559
0.233621
0.230949
0.228385
0.225768
0.223143
0.220471
0.217892
0.215297
0.212811
0.210191
0.207831
0.205158
0.202790
0.200302
0.198058
0.195741
0.193198
0.191099
0.188521
0.186410
0.184216
0.182043
0.179889
0.177645
0.175546
0.173229
0.171183
0.169127
0.167274
0.164879
0.163029
0.161026
0.159020
0.156988
0.155095
0.153089
0.151308
0.149339
0.147538
0.145741
0.143887
0.141835
0.140250
0.138494
0.136638
0.134830
0.133160
0.131484
0.129707
0.128146
0.126344
0.124851
0.123013
0.121423
0.119885
0.118446
0.116696
0.115334
0.113720
0.112287
0.110676
0.109318
0.107843
0.106469
0.105298
0.103711
0.102378
0.100966
0.099740
0.098408
0.097024
0.095895
0.094596
0.093430
0.092217
0.090943
0.089612
0.088593
0.087328
0.086143
0.085032
0.084051
0.082936
0.081942
0.080864
0.079742
0.078601
0.077594
0.076464
0.075625
0.074697
0.073645
0.072768
0.071630
0.070701
0.069900
0.068839
0.068045
0.067286
0.066239
0.065271
0.064525
0.063794
0.062910
0.062064
0.061273
0.060351
0.059690
0.058830
0.058130
0.057349
0.056614
0.055932
0.055116
0.054311
0.053712
0.053085
0.052247
0.051573
0.051017
0.050421
0.049755
0.049119
0.048472
0.047987
0.047374
0.046559
0.046136
0.045411
0.044928
0.044297
0.043659
0.043268
0.042567
0.042140
0.041492
0.041049
0.040473
0.039983
0.039373
0.039062
0.038446
0.037962
0.037632
0.037027
0.036477
0.036052
0.035624
0.035170
0.034852
0.034343
0.033837
0.033401
0.033051
0.032515
0.032231
0.031820
0.031443
0.030950
0.030554
0.030394
0.029824
0.029382
0.029163
0.028752
0.028283
0.028051
0.027659
0.027418
0.026948
0.026543
0.026137
0.026030
0.025722
0.025265
0.025019
0.024651
0.024176
0.024176
0.023762
0.023482
0.023106
0.022843
0.022746
0.022335
0.021986
0.021616
0.021520
0.021357
0.020836
0.020737
0.020295
0.020187
0.020107
0.019753
0.019397
0.019300
0.018903
0.018823
0.018542
0.018273
0.018178
0.017892
0.017529
0.017317
0.017153
0.017042
0.016854
0.016661
0.016117
0.016117
0.015954
0.015928
0.015482
0.015482
0.015297
0.014893
0.014785
0.014632
0.014444
0.014306
0.014066
0.014066
0.013859
0.013556
0.013325
0.013217
0.013217
0.012872
0.012872
0.012846
0.012586
0.012506
0.012287
0.012287
0.012287
0.012102
0.012102
0.011787
0.011706
0.011706
0.011572
0.011572
0.011461
0.011223
0.011125
0.011125
0.011017
0.010825
0.010825
0.010717
0.010717
0.010717
0.010691
0.010300
0.010300
0.010300
0.010111
0.010111
0.010111
0.010000
0.009892
0.009892
0.009892
0.009784
0.009784
0.009784
0.009673
0.009566
0.009539
0.009539
0.009539
0.009539
0.009430
0.009430
0.009430
0.009430
0.009322
0.009322
0.009322
0.009322
0.009322
0.009215
0.009215
0.009215
0.009215
0.009215
0.009108
0.009081
0.009081
0.009081
0.009081
0.008972
0.008972
0.008972
0.008972
0.008972
0.008972
0.008864
0.008864
0.008864
0.008864
0.008864
0.008864
0.008864
0.008757
0.008757
0.008757
0.008757
0.008757
0.008757
0.008650
0.008650
0.008623
0.008623
0.008623
0.008623
0.008623
0.008623
0.008514
0.008514
0.008514
0.008514
0.008514
0.008514
0.008514
0.008514
0.008514
0.008514
0.008514
0.008514
0.008514
0.008514
0.008514
0.008514
0.008514
0.008514
0.008514
0.008514
0.008514
0.008514
0.008514
0.008514
0.008514
0.008514
0.008514
0.008514
0.008514
0.008514
0.008514
0.008514
0.008514
0.008514
0.008514
0.008514
0.008514
0.008514
0.008514
0.008514
0.008514
0.008514
0.008514
0.008514
0.008514
0.008514
0.008514
0.008514
0.008514
0.008514
0.008514
0.008514
0.008514
0.008514
0.008514
0.008514
0.008514
0.008514
0.008514
0.008514
0.008514
0.008514
0.008514
0.008514
0.008514
0.008514
0.008514
0.008514
0.008514
0.008514
0.008514
0.008514
0.008514
0.008514
0.008514
0.008514
0.008514
0.008514
0.008514
0.008514
0.008514
0.008514
0.008514
0.008514
0.008514
0.008514
0.008514
0.008514
0.008514
0.008514
0.008514
0.008514
0.008514
0.008514
0.008514
0.008514
0.008514
0.008514
0.008514
0.008514
0.008514
0.008514
0.008514
0.008514
0.008514
0.008514
0.008514
0.008514
0.008514
0.008514
0.008514
0.008514
0.008514
0.008514
0.008514
0.008514
0.008514
0.008514
0.008514
0.008514
0.008514
0.008514
0.008514
0.008514
0.008514
0.008514
0.008514
0.008514
0.008514
0.008514
0.008514
0.008514
0.008514
0.008514
0.008514
0.008514
0.008514
0.008514
0.008514
0.008514
0.008514
0.008514
0.008514
0.008514
0.008514
0.008514
0.008514
0.008514
0.008514
0.008514
0.008514
0.008514
0.008514
0.008514
0.008514
0.008514
0.008514
0.008514
0.008514
0.008514
0.008514
0.008514
0.008514
0.008514
0.008514
0.008514
0.008514
0.008514
0.008514
0.008514
0.008514
0.008514
0.008514
0.008514
0.008514
0.008514
0.008514
0.008514
0.008514
0.008514
0.008514
0.008514
0.008514
0.008514
0.008514
0.008514
0.008514
0.008514
0.008514
0.008514
0.008514
0.008514
0.008514
0.008514
0.008514
0.008514
0.008514
0.008514
0.008514
0.008514
0.008514
0.008514
0.008514
0.008514
0.008514
0.008514
0.008514
0.008514
0.008514
0.008514
0.008514
0.008514
0.008514
0.008514
0.008514
0.008514
0.008514
0.008514
0.008514
0.008514
0.008514
0.008514
0.008514
0.008514
0.008514
0.008514
0.008514
0.008514
0.008514
0.008514
0.008514
0.008514
0.008514
0.008514
0.008514
0.008514
0.008514
0.008514
0.008514
0.008514
0.008514
0.008514
0.008514
0.008514
0.008514
0.008514
0.008514
0.008514
0.008514
0.008514
0.008514
0.008514
0.008514
0.008514
0.008514
0.008514
0.008514
0.008514
0.008514
0.008514
0.008514
0.008514
0.008514
0.008514
0.008514
0.008514
0.008514
0.008514
0.008514
0.008514
0.008514
0.008514
0.008514
0.008514
0.008514
0.008514
0.008514
0.008514
0.008514
0.008514
0.008514
0.008514
0.008514
0.008514
0.008514
0.008514
0.008514
0.008514
0.008514
0.008514
0.008514
0.008514
0.008514
0.008514
0.008514
0.008514
0.008514
0.008514
0.008514
0.008514
0.008514
0.008514
0.008514
0.008514
0.008514
0.008514
0.008514
0.008514
0.008514
0.008514
0.008514
