0.505571
0.505571
0.505571
0.505571
0.505571
0.505571
0.505571
0.505571
0.505571
0.505571
0.505571
0.505571
0.505571
0.505571
0.505571
0.505571
0.505571
0.505571
0.505571
0.505571
0.505571
0.505571
0.505470
0.505226
0.504952
0.504300
0.502846
0.500682
0.497896
0.494266
0.490202
0.486372
0.482656
0.478986
0.475649
0.472481
0.469042
0.465678
0.462238
0.458754
0.455093
0.451176
0.447665
0.443896
0.440439
0.436982
0.433288
0.429823
0.426368
0.422782
0.419339
0.415748
0.412093
0.408635
0.405256
0.401743
0.398234
0.394686
0.391376
0.388016
0.384321
0.381156
0.377469
0.374043
0.370671
0.367317
0.363882
0.360292
0.356857
0.353606
0.350101
0.346758
0.343110
0.339803
0.336421
0.333046
0.329686
0.326150
0.322969
0.319598
0.316312
0.313047
0.309630
0.306515
0.303218
0.299965
0.296617
0.293447
0.290374
0.287331
0.284140
0.281081
0.278154
0.275019
0.272028
0.269005
0.266127
0.263139
0.260268
0.257187
0.254416
0.251610
0.248629
0.246228
0.243381
0.240367
0.237811
0.234951
0.232294
0.229969
0.226940
0.224595
0.221967
0.219289
0.216785
0.214261
0.211642
0.209213
0.206735
0.204326
0.201916
0.199554
0.196962
0.194930
0.192321
0.189952
0.187897
0.185378
0.183165
0.180992
0.178612
0.176249
0.174193
0.171841
0.169772
0.167757
0.165560
0.163322
0.161346
0.159245
0.157021
0.154974
0.152950
0.150996
0.149046
0.147025
0.145286
0.143314
0.141369
0.139551
0.137821
0.135813
0.134270
0.132421
0.130478
0.129086
0.127226
0.125659
0.123982
0.122337
0.120645
0.119353
0.117473
0.116027
0.114533
0.113042
0.111664
0.109978
0.108572
0.107239
0.105815
0.104570
0.103072
0.101762
0.100299
0.099112
0.097942
0.096536
0.095377
0.094110
0.092803
0.091641
0.090480
0.089160
0.088091
0.087002
0.085800
0.084724
0.083533
0.082447
0.081320
0.080392
0.079338
0.078141
0.077126
0.076125
0.075126
0.074132
0.073173
0.072304
0.071174
0.070322
0.069451
0.068655
0.067553
0.066704
0.065839
0.064921
0.064236
0.063334
0.062599
0.061668
0.060903
0.060107
0.059322
0.058439
0.057894
0.057000
0.056063
0.055676
0.054724
0.053895
0.053515
0.052455
0.052029
0.051194
0.050631
0.049975
0.049267
0.048731
0.048190
0.047342
0.046710
0.046385
0.045443
0.044933
0.044404
0.043868
0.043232
0.042650
0.042120
0.041493
0.040995
0.040757
0.039809
0.039588
0.038841
0.038446
0.037620
0.037328
0.036918
0.036499
0.036045
0.035401
0.035180
0.034486
0.034008
0.033683
0.033165
0.032593
0.032228
0.031953
0.031617
0.031186
0.030637
0.030211
0.029796
0.029488
0.029202
0.028820
0.028400
0.027818
0.027622
0.027313
0.026907
0.026426
0.026117
0.026006
0.025480
0.025195
0.024930
0.024670
0.024228
0.023842
0.023731
0.023535
0.023010
0.022788
0.022496
0.022196
0.022086
0.021629
0.021460
0.021048
0.020937
0.020629
0.020518
0.020220
0.019910
0.019852
0.019432
0.019329
0.019023
0.018912
0.018653
0.018454
0.017985
0.017985
0.017764
0.017693
0.017274
0.017153
0.016846
0.016846
0.016846
0.016363
0.016155
0.015848
0.015848
0.015699
0.015588
0.015391
0.014995
0.014908
0.014740
0.014629
0.014612
0.014193
0.014193
0.014005
0.013673
0.013673
0.013563
0.013347
0.013254
0.013084
0.012889
0.012786
0.012564
0.012453
0.012350
0.012350
0.012144
0.012033
0.011948
0.011821
0.011710
0.011710
0.011368
0.011368
0.011121
0.011121
0.010926
0.010814
0.010814
0.010814
0.010705
0.010594
0.010523
0.010523
0.010414
0.010414
0.010216
0.010216
0.010106
0.010106
0.009995
0.009995
0.009886
0.009886
0.009886
0.009758
0.009758
0.009648
0.009648
0.009648
0.009536
0.009536
0.009426
0.009426
0.009426
0.009315
0.009315
0.009315
0.009205
0.009205
0.009205
0.009094
0.009094
0.008985
0.008985
0.008985
0.008985
0.008985
0.008873
0.008873
0.008764
0.008764
0.008764
0.008764
0.008653
0.008653
0.008653
0.008544
0.008544
0.008544
0.008544
0.008544
0.008544
0.008544
0.008527
0.008527
0.008527
0.008527
0.008527
0.008527
0.008527
0.008527
0.008527
0.008417
0.008417
0.008417
0.008417
0.008417
0.008417
0.008417
0.008417
0.008417
0.008417
0.008417
0.008417
0.008417
0.008417
0.008417
0.008417
0.008417
0.008417
0.008417
0.008417
0.008417
0.008417
0.008417
0.008417
0.008417
0.008417
0.008417
0.008417
0.008417
0.008417
0.008417
0.008417
0.008417
0.008417
0.008417
0.008417
0.008417
0.008417
0.008417
0.008417
0.008417
0.008417
0.008417
0.008417
0.008417
0.008417
0.008417
0.008417
0.008417
0.008417
0.008417
0.008417
0.008417
0.008417
0.008417
0.008417
0.008417
0.008417
0.008417
0.008417
0.008417
0.008417
0.008417
0.008417
0.008417
0.008417
0.008417
0.008417
0.008417
0.008417
0.008417
0.008417
0.008417
0.008417
0.008417
0.008417
0.008417
0.008417
0.008417
0.008417
0.008417
0.008417
0.008417
0.008417
0.008417
0.008417
0.008417
0.008417
0.008417
0.008417
0.008417
0.008417
0.008417
0.008417
0.008417
0.008417
0.008417
0.008417
0.008417
0.008417
0.008417
0.008417
0.008417
0.008417
0.008417
0.008417
0.008417
0.008417
0.008417
0.008417
0.008417
0.008417
0.008417
0.008417
0.008417
0.008417
0.008417
0.008417
0.008417
0.008417
0.008417
0.008417
0.008417
0.008417
0.008417
0.008417
0.008417
0.008417
0.008417
0.008417
0.008417
0.008417
0.008417
0.008417
0.008417
0.008417
0.008417
0.008417
0.008417
0.008417
0.008417
0.008417
0.008417
0.008417
0.008417
0.008417
0.008417
0.008417
0.008417
0.008417
0.008417
0.008417
0.008417
0.008417
0.008417
0.008417
0.008417
0.008417
0.008417
0.008417
0.008417
0.008417
0.008417
0.008417
0.008417
0.008417
0.008417
0.008417
0.008417
0.008417
0.008417
0.008417
0.008417
0.008417
0.008417
0.008417
0.008417
0.008417
0.008417
0.008417
0.008417
0.008417
0.008417
0.008417
0.008417
0.008417
0.008417
0.008417
0.008417
0.008417
0.008417
0.008417
0.008417
0.008417
0.008417
0.008417
0.008417
0.008417
0.008417
0.008417
0.008417
0.008417
0.008417
0.008417
0.008417
0.008417
0.008417
0.008417
0.008417
0.008417
0.008417
0.008417
0.008417
0.008417
0.008417
0.008417
0.008417
0.008417
0.008417
0.008417
0.008417
0.008417
0.008417
0.008417
0.008417
0.008417
0.008417
0.008417
0.008417
0.008417
0.008417
0.008417
0.008417
0.008417
0.008417
0.008417
0.008417
0.008417
0.008417
0.008417
0.008417
0.008417
0.008417
0.008417
0.008417
0.008417
0.008417
0.008417
0.008417
0.008417
0.008417
0.008417
0.008417
0.008417
0.008417
0.008417
0.008417
0.008417
0.008417
0.008417
0.008417
0.008417
0.008417
0.008417
0.008417
0.008417
0.008417
0.008417
0.008417
0.008417
0.008417
0.008417
0.008417
0.008417
0.008417
0.008417
0.008417
0.008417
0.008417
0.008417
0.008417
