0.357412
0.357412
0.357412
0.357412
0.357412
0.357412
0.357412
0.357412
0.357412
0.357412
0.357412
0.357412
0.357412
0.357412
0.357412
0.357412
0.357412
0.357412
0.357412
0.357412
0.357412
0.357412
0.357274
0.356771
0.355194
0.353027
0.349961
0.346159
0.342454
0.339225
0.336102
0.333038
0.330365
0.327586
0.324789
0.321787
0.318930
0.315451
0.312460
0.309025
0.306093
0.302957
0.299946
0.296961
0.294071
0.291053
0.288025
0.284971
0.282029
0.279155
0.276126
0.273425
0.270433
0.267484
0.264521
0.261640
0.258725
0.255875
0.253281
0.250369
0.247519
0.244634
0.241934
0.239201
0.236409
0.233520
0.230876
0.228165
0.225538
0.223002
0.220086
0.217621
0.214814
0.212175
0.209741
0.207022
0.204523
0.202164
0.199510
0.197102
0.194599
0.192184
0.189842
0.187538
0.185123
0.182779
0.180428
0.178176
0.175998
0.173635
0.171406
0.169232
0.167114
0.164752
0.162753
0.160696
0.158443
0.156487
0.154478
0.152480
0.150498
0.148524
0.146580
0.144614
0.142621
0.141138
0.139066
0.137185
0.135331
0.133688
0.132069
0.129973
0.128403
0.126842
0.125272
0.123419
0.121817
0.120245
0.118632
0.117155
0.115697
0.114055
0.112632
0.111181
0.109696
0.108464
0.106895
0.105426
0.104018
0.102817
0.101326
0.100096
0.098754
0.097270
0.096137
0.095030
0.093679
0.092449
0.091269
0.089936
0.088852
0.087731
0.086542
0.085361
0.084447
0.083151
0.082229
0.081059
0.079912
0.078890
0.077920
0.076774
0.075782
0.074710
0.073892
0.072788
0.072020
0.071100
0.070124
0.069085
0.068333
0.067266
0.066605
0.065634
0.064497
0.063910
0.063114
0.062240
0.061358
0.060672
0.059855
0.059030
0.058297
0.057454
0.056738
0.056089
0.055312
0.054588
0.053936
0.053153
0.052485
0.051919
0.051064
0.050464
0.049854
0.049076
0.048582
0.047954
0.047107
0.046484
0.046014
0.045252
0.044734
0.044165
0.043661
0.043041
0.042599
0.041970
0.041368
0.040803
0.040382
0.039792
0.039088
0.038613
0.038164
0.037698
0.037186
0.036921
0.036213
0.035860
0.035291
0.034827
0.034544
0.034156
0.033543
0.033089
0.032722
0.032428
0.031976
0.031517
0.031105
0.030845
0.030201
0.030034
0.029760
0.029177
0.028853
0.028579
0.028353
0.027667
0.027425
0.027058
0.026790
0.026389
0.026096
0.025894
0.025465
0.025113
0.024755
0.024477
0.024293
0.023928
0.023581
0.023214
0.022934
0.022823
0.022325
0.022217
0.021864
0.021591
0.021231
0.021030
0.020830
0.020519
0.020345
0.020159
0.019903
0.019601
0.019257
0.018927
0.018816
0.018623
0.018379
0.018130
0.017954
0.017855
0.017406
0.017406
0.017314
0.016930
0.016772
0.016547
0.016234
0.016234
0.016006
0.015905
0.015473
0.015473
0.015411
0.015106
0.014934
0.014934
0.014596
0.014387
0.014341
0.014291
0.013863
0.013718
0.013718
0.013626
0.013414
0.013414
0.013259
0.013141
0.012955
0.012844
0.012752
0.012752
0.012489
0.012378
0.012285
0.012128
0.011981
0.011981
0.011716
0.011716
0.011716
0.011615
0.011443
0.011256
0.011193
0.011193
0.010997
0.010950
0.010839
0.010839
0.010839
0.010604
0.010502
0.010426
0.010315
0.010315
0.010224
0.010124
0.010061
0.010061
0.009934
0.009823
0.009730
0.009730
0.009553
0.009553
0.009553
0.009287
0.009287
0.009287
0.009287
0.009187
0.009187
0.009187
0.009096
0.009050
0.008988
0.008988
0.008885
0.008885
0.008885
0.008793
0.008793
0.008793
0.008793
0.008793
0.008793
0.008732
0.008639
0.008639
0.008639
0.008639
0.008639
0.008639
0.008639
0.008639
0.008639
0.008548
0.008548
0.008548
0.008485
0.008485
0.008485
0.008485
0.008485
0.008485
0.008485
0.008485
0.008485
0.008485
0.008485
0.008485
0.008485
0.008485
0.008485
0.008485
0.008485
0.008485
0.008485
0.008485
0.008485
0.008485
0.008485
0.008485
0.008485
0.008485
0.008485
0.008485
0.008485
0.008485
0.008485
0.008485
0.008485
0.008485
0.008485
0.008485
0.008485
0.008485
0.008485
0.008485
0.008485
0.008485
0.008485
0.008485
0.008485
0.008485
0.008485
0.008485
0.008485
0.008485
0.008485
0.008485
0.008485
0.008485
0.008485
0.008485
0.008485
0.008485
0.008485
0.008485
0.008485
0.008485
0.008485
0.008485
0.008485
0.008485
0.008485
0.008485
0.008485
0.008485
0.008485
0.008485
0.008485
0.008485
0.008485
0.008485
0.008485
0.008485
0.008485
0.008485
0.008485
0.008485
0.008485
0.008485
0.008485
0.008485
0.008485
0.008485
0.008485
0.008485
0.008485
0.008485
0.008485
0.008485
0.008485
0.008485
0.008485
0.008485
0.008485
0.008485
0.008485
0.008485
0.008485
0.008485
0.008485
0.008485
0.008485
0.008485
0.008485
0.008485
0.008485
0.008485
0.008485
0.008485
0.008485
0.008485
0.008485
0.008485
0.008485
0.008485
0.008485
0.008485
0.008485
0.008485
0.008485
0.008485
0.008485
0.008485
0.008485
0.008485
0.008485
0.008485
0.008485
0.008485
0.008485
0.008485
0.008485
0.008485
0.008485
0.008485
0.008485
0.008485
0.008485
0.008485
0.008485
0.008485
0.008485
0.008485
0.008485
0.008485
0.008485
0.008485
0.008485
0.008485
0.008485
0.008485
0.008485
0.008485
0.008485
0.008485
0.008485
0.008485
0.008485
0.008485
0.008485
0.008485
0.008485
0.008485
0.008485
0.008485
0.008485
0.008485
0.008485
0.008485
0.008485
0.008485
0.008485
0.008485
0.008485
0.008485
0.008485
0.008485
0.008485
0.008485
0.008485
0.008485
0.008485
0.008485
0.008485
0.008485
0.008485
0.008485
0.008485
0.008485
0.008485
0.008485
0.008485
0.008485
0.008485
0.008485
0.008485
0.008485
0.008485
0.008485
0.008485
0.008485
0.008485
0.008485
0.008485
0.008485
0.008485
0.008485
0.008485
0.008485
0.008485
0.008485
0.008485
0.008485
0.008485
0.008485
0.008485
0.008485
0.008485
0.008485
0.008485
0.008485
0.008485
0.008485
0.008485
0.008485
0.008485
0.008485
0.008485
0.008485
0.008485
0.008485
0.008485
0.008485
0.008485
0.008485
0.008485
0.008485
0.008485
0.008485
0.008485
0.008485
0.008485
0.008485
0.008485
0.008485
0.008485
0.008485
0.008485
0.008485
0.008485
0.008485
0.008485
0.008485
0.008485
0.008485
0.008485
0.008485
0.008485
0.008485
0.008485
0.008485
0.008485
0.008485
0.008485
0.008485
0.008485
0.008485
0.008485
0.008485
0.008485
0.008485
0.008485
0.008485
0.008485
0.008485
0.008485
0.008485
0.008485
0.008485
0.008485
0.008485
0.008485
0.008485
0.008485
0.008485
0.008485
0.008485
0.008485
0.008485
0.008485
0.008485
0.008485
0.008485
0.008485
0.008485
0.008485
0.008485
0.008485
0.008485
0.008485
0.008485
0.008485
0.008485
0.008485
0.008485
0.008485
0.008485
0.008485
0.008485
0.008485
0.008485
0.008485
0.008485
0.008485
0.008485
0.008485
0.008485
0.008485
0.008485
0.008485
0.008485
0.008485
0.008485
0.008485
0.008485
0.008485
0.008485
0.008485
0.008485
