0.468666
0.468666
0.468666
0.468666
0.468666
0.468666
0.468666
0.468453
0.467695
0.465707
0.462619
0.459074
0.454932
0.451139
0.447477
0.444122
0.441018
0.438026
0.434965
0.431706
0.428538
0.425071
0.421612
0.418031
0.414563
0.411094
0.407607
0.404206
0.400998
0.397660
0.394251
0.390927
0.387522
0.384209
0.380747
0.377204
0.373835
0.370533
0.367235
0.363936
0.360716
0.357331
0.353980
0.350772
0.347382
0.344008
0.340740
0.337530
0.334244
0.331181
0.327815
0.324757
0.321336
0.318323
0.315094
0.312111
0.308939
0.305857
0.302614
0.299733
0.296733
0.293505
0.290344
0.287412
0.284434
0.281596
0.278497
0.275651
0.272723
0.269744
0.266841
0.263913
0.261166
0.258418
0.255691
0.252635
0.249879
0.247193
0.244508
0.241708
0.238965
0.236251
0.233683
0.230941
0.228248
0.225705
0.223147
0.220294
0.217866
0.215192
0.212880
0.210166
0.207694
0.205138
0.202602
0.200212
0.197634
0.195099
0.192901
0.190247
0.187877
0.185552
0.183065
0.180825
0.178400
0.176138
0.173873
0.171440
0.169364
0.166928
0.164905
0.162897
0.160657
0.158735
0.156563
0.154593
0.152564
0.150536
0.148681
0.146549
0.144780
0.142748
0.140936
0.139006
0.137194
0.135584
0.133789
0.132052
0.130370
0.128548
0.126964
0.125387
0.123739
0.122129
0.120657
0.118982
0.117500
0.115821
0.114417
0.112889
0.111468
0.110019
0.108582
0.107015
0.105721
0.104383
0.103060
0.101603
0.100328
0.099117
0.097635
0.096347
0.095176
0.093989
0.092843
0.091632
0.090462
0.089235
0.087994
0.086953
0.085903
0.084751
0.083539
0.082473
0.081401
0.080298
0.079433
0.078422
0.077258
0.076303
0.075233
0.074343
0.073525
0.072316
0.071392
0.070533
0.069684
0.068810
0.067825
0.067148
0.066045
0.065329
0.064455
0.063518
0.062856
0.061927
0.061283
0.060416
0.059535
0.058895
0.058177
0.057234
0.056575
0.055889
0.055171
0.054440
0.053660
0.053029
0.052308
0.051541
0.050913
0.050365
0.049650
0.049058
0.048377
0.047968
0.047187
0.046458
0.046016
0.045356
0.044834
0.044287
0.043712
0.043085
0.042471
0.041965
0.041565
0.040862
0.040446
0.040080
0.039327
0.038944
0.038267
0.037871
0.037514
0.036919
0.036447
0.036084
0.035514
0.035100
0.034583
0.034238
0.033872
0.033098
0.032965
0.032457
0.031986
0.031836
0.031183
0.030942
0.030428
0.029989
0.029778
0.029261
0.028955
0.028608
0.028209
0.027998
0.027532
0.027235
0.026863
0.026489
0.026152
0.025871
0.025420
0.025076
0.024908
0.024581
0.024261
0.023985
0.023750
0.023493
0.023099
0.022774
0.022416
0.022206
0.021904
0.021690
0.021235
0.021064
0.020961
0.020482
0.020319
0.020016
0.019906
0.019645
0.019180
0.019044
0.018807
0.018773
0.018370
0.018060
0.017954
0.017743
0.017400
0.017188
0.017188
0.016880
0.016500
0.016372
0.016280
0.016069
0.015861
0.015720
0.015303
0.015303
0.015182
0.014907
0.014907
0.014766
0.014401
0.014189
0.014126
0.013927
0.013773
0.013673
0.013566
0.013305
0.013095
0.013095
0.012950
0.012754
0.012656
0.012457
0.012349
0.012154
0.012154
0.012104
0.011997
0.011897
0.011639
0.011599
0.011492
0.011492
0.011388
0.011297
0.011199
0.011029
0.010999
0.010895
0.010804
0.010804
0.010647
0.010647
0.010441
0.010348
0.010348
0.010241
0.010241
0.010137
0.010137
0.010047
0.009941
0.009876
0.009876
0.009773
0.009773
0.009653
0.009545
0.009506
0.009506
0.009506
0.009339
0.009339
0.009139
0.009139
0.009139
0.009139
0.009035
0.009035
0.009035
0.008928
0.008839
0.008774
0.008774
0.008774
0.008671
0.008671
0.008631
0.008525
0.008434
0.008434
0.008434
0.008434
0.008434
0.008434
0.008371
0.008371
0.008371
0.008371
0.008371
0.008371
0.008371
0.008371
0.008371
0.008371
0.008371
0.008371
0.008371
0.008371
0.008371
0.008371
0.008371
0.008371
0.008371
0.008371
0.008371
0.008371
0.008371
0.008371
0.008371
0.008371
0.008371
0.008371
0.008371
0.008371
0.008371
0.008371
0.008371
0.008371
0.008371
0.008371
0.008371
0.008371
0.008371
0.008371
0.008371
0.008371
0.008371
0.008371
0.008371
0.008371
0.008371
0.008371
0.008371
0.008371
0.008371
0.008371
0.008371
0.008371
0.008371
0.008371
0.008371
0.008371
0.008371
0.008371
0.008371
0.008371
0.008371
0.008371
0.008371
0.008371
0.008371
0.008371
0.008371
0.008371
0.008371
0.008371
0.008371
0.008371
0.008371
0.008371
0.008371
0.008371
0.008371
0.008371
0.008371
0.008371
0.008371
0.008371
0.008371
0.008371
0.008371
0.008371
0.008371
0.008371
0.008371
0.008371
0.008371
0.008371
0.008371
0.008371
0.008371
0.008371
0.008371
0.008371
0.008371
0.008371
0.008371
0.008371
0.008371
0.008371
0.008371
0.008371
0.008371
0.008371
0.008371
0.008371
0.008371
0.008371
0.008371
0.008371
0.008371
0.008371
0.008371
0.008371
0.008371
0.008371
0.008371
0.008371
0.008371
0.008371
0.008371
0.008371
0.008371
0.008371
0.008371
0.008371
0.008371
0.008371
0.008371
0.008371
0.008371
0.008371
0.008371
0.008371
0.008371
0.008371
0.008371
0.008371
0.008371
0.008371
0.008371
0.008371
0.008371
0.008371
0.008371
0.008371
0.008371
0.008371
0.008371
0.008371
0.008371
0.008371
0.008371
0.008371
0.008371
0.008371
0.008371
0.008371
0.008371
0.008371
0.008371
0.008371
0.008371
0.008371
0.008371
0.008371
0.008371
0.008371
0.008371
0.008371
0.008371
0.008371
0.008371
0.008371
0.008371
0.008371
0.008371
0.008371
0.008371
0.008371
0.008371
0.008371
0.008371
0.008371
0.008371
0.008371
0.008371
0.008371
0.008371
0.008371
0.008371
0.008371
0.008371
0.008371
0.008371
0.008371
0.008371
0.008371
0.008371
0.008371
0.008371
0.008371
0.008371
0.008371
0.008371
0.008371
0.008371
0.008371
0.008371
0.008371
0.008371
0.008371
0.008371
0.008371
0.008371
0.008371
0.008371
0.008371
0.008371
0.008371
0.008371
0.008371
0.008371
0.008371
0.008371
0.008371
0.008371
0.008371
0.008371
0.008371
0.008371
0.008371
0.008371
0.008371
0.008371
0.008371
0.008371
0.008371
0.008371
0.008371
0.008371
0.008371
0.008371
0.008371
0.008371
0.008371
0.008371
0.008371
0.008371
0.008371
0.008371
0.008371
0.008371
0.008371
0.008371
0.008371
0.008371
0.008371
0.008371
0.008371
0.008371
0.008371
0.008371
0.008371
0.008371
0.008371
0.008371
0.008371
0.008371
0.008371
0.008371
0.008371
0.008371
0.008371
0.008371
0.008371
0.008371
0.008371
0.008371
0.008371
0.008371
0.008371
0.008371
0.008371
0.008371
0.008371
0.008371
0.008371
0.008371
0.008371
0.008371
0.008371
0.008371
0.008371
0.008371
0.008371
0.008371
0.008371
0.008371
0.008371
0.008371
0.008371
0.008371
0.008371
0.008371
0.008371
0.008371
0.008371
0.008371
0.008371
0.008371
0.008371
0.008371
0.008371
0.008371
0.008371
0.008371
0.008371
