0.491593
0.491593
0.491593
0.491593
0.491593
0.491593
0.491593
0.491593
0.491593
0.491593
0.491593
0.491593
0.491593
0.491593
0.491593
0.491593
0.491593
0.491593
0.491593
0.491593
0.491593
0.491593
0.491558
0.490878
0.489146
0.486437
0.483083
0.478704
0.474527
0.470530
0.466740
0.463276
0.459952
0.456961
0.453464
0.450079
0.446429
0.442681
0.438790
0.434915
0.431276
0.427744
0.424000
0.420312
0.416851
0.413265
0.409672
0.405985
0.402335
0.398851
0.395321
0.391688
0.388079
0.384552
0.381190
0.377469
0.374012
0.370487
0.367015
0.363578
0.360028
0.356703
0.353291
0.350008
0.346688
0.343294
0.339976
0.336717
0.333434
0.330256
0.327114
0.323835
0.320683
0.317504
0.314398
0.311421
0.308412
0.305315
0.302081
0.299192
0.296272
0.293196
0.290225
0.287217
0.284541
0.281436
0.278927
0.275922
0.272980
0.270193
0.267468
0.264747
0.262096
0.259252
0.256481
0.253781
0.251040
0.248596
0.245774
0.243178
0.240521
0.237979
0.235356
0.232842
0.230346
0.227652
0.225259
0.222769
0.220274
0.217807
0.215325
0.212878
0.210545
0.208081
0.205741
0.203476
0.201101
0.198680
0.196430
0.194053
0.191777
0.189497
0.187349
0.185212
0.182874
0.180582
0.178508
0.176341
0.174233
0.172191
0.170060
0.167992
0.165984
0.163944
0.161985
0.160044
0.157832
0.156182
0.154096
0.152153
0.150269
0.148443
0.146645
0.144693
0.142877
0.141135
0.139324
0.137483
0.135917
0.134108
0.132489
0.130717
0.129067
0.127531
0.125763
0.124059
0.122539
0.120991
0.119344
0.117928
0.116400
0.114899
0.113418
0.111898
0.110533
0.109092
0.107622
0.106217
0.104804
0.103304
0.102242
0.100808
0.099504
0.098216
0.096879
0.095532
0.094504
0.093175
0.091924
0.090776
0.089658
0.088502
0.087203
0.086070
0.085049
0.083895
0.082741
0.081784
0.080688
0.079656
0.078698
0.077611
0.076498
0.075544
0.074652
0.073715
0.072584
0.071723
0.070862
0.069816
0.069066
0.068051
0.067346
0.066299
0.065531
0.064671
0.063702
0.062988
0.062090
0.061309
0.060558
0.059848
0.058892
0.058268
0.057534
0.056647
0.056010
0.055259
0.054507
0.053758
0.053159
0.052368
0.051724
0.051086
0.050413
0.049927
0.049085
0.048480
0.047973
0.047271
0.046572
0.045989
0.045349
0.044974
0.044339
0.043700
0.043194
0.042612
0.041984
0.041642
0.040937
0.040513
0.039936
0.039315
0.038941
0.038346
0.037894
0.037490
0.036954
0.036423
0.035945
0.035406
0.035226
0.034697
0.034079
0.033806
0.033298
0.032900
0.032520
0.032063
0.031527
0.031230
0.030768
0.030512
0.030048
0.029607
0.029207
0.029004
0.028602
0.028122
0.027817
0.027529
0.027118
0.026573
0.026514
0.026075
0.025756
0.025349
0.025092
0.024804
0.024539
0.023975
0.023734
0.023456
0.023244
0.023063
0.022701
0.022451
0.022006
0.021828
0.021692
0.021430
0.021078
0.020862
0.020592
0.020390
0.020135
0.019843
0.019589
0.019511
0.019031
0.018971
0.018729
0.018498
0.018385
0.018222
0.017929
0.017602
0.017602
0.017222
0.017163
0.016930
0.016649
0.016589
0.016473
0.016336
0.015935
0.015876
0.015748
0.015518
0.015399
0.015107
0.015079
0.014823
0.014767
0.014600
0.014486
0.014175
0.014175
0.014058
0.014001
0.013828
0.013773
0.013576
0.013489
0.013379
0.013260
0.013201
0.013107
0.012980
0.012920
0.012831
0.012773
0.012657
0.012583
0.012488
0.012311
0.012291
0.012205
0.012154
0.012037
0.011917
0.011917
0.011823
0.011715
0.011696
0.011613
0.011465
0.011409
0.011349
0.011298
0.011262
0.011203
0.011027
0.011027
0.011007
0.010921
0.010870
0.010813
0.010696
0.010634
0.010575
0.010575
0.010460
0.010408
0.010388
0.010330
0.010244
0.010187
0.010187
0.010187
0.010077
0.010040
0.009983
0.009927
0.009867
0.009867
0.009867
0.009848
0.009788
0.009654
0.009654
0.009654
0.009654
0.009559
0.009559
0.009559
0.009503
0.009503
0.009444
0.009444
0.009444
0.009444
0.009425
0.009365
0.009281
0.009281
0.009281
0.009281
0.009281
0.009222
0.009222
0.009222
0.009222
0.009222
0.009222
0.009222
0.009163
0.009163
0.009163
0.009163
0.009163
0.009144
0.009144
0.009084
0.009084
0.009084
0.009084
0.009084
0.009084
0.009084
0.009024
0.009024
0.009024
0.009024
0.009024
0.009024
0.009024
0.009024
0.009024
0.009024
0.009024
0.009024
0.009024
0.009024
0.009024
0.009024
0.009024
0.009024
0.009024
0.009024
0.009024
0.009024
0.009024
0.009024
0.009024
0.009024
0.009024
0.009024
0.009024
0.009024
0.009024
0.009024
0.009024
0.009024
0.009024
0.009024
0.009024
0.009024
0.009024
0.009024
0.009024
0.009024
0.009024
0.009024
0.009024
0.009024
0.009024
0.009024
0.009024
0.009024
0.009024
0.009024
0.009024
0.009024
0.009024
0.009024
0.009024
0.009024
0.009024
0.009024
0.009024
0.009024
0.009024
0.009024
0.009024
0.009024
0.009024
0.009024
0.009024
0.009024
0.009024
0.009024
0.009024
0.009024
0.009024
0.009024
0.009024
0.009024
0.009024
0.009024
0.009024
0.009024
0.009024
0.009024
0.009024
0.009024
0.009024
0.009024
0.009024
0.009024
0.009024
0.009024
0.009024
0.009024
0.009024
0.009024
0.009024
0.009024
0.009024
0.009024
0.009024
0.009024
0.009024
0.009024
0.009024
0.009024
0.009024
0.009024
0.009024
0.009024
0.009024
0.009024
0.009024
0.009024
0.009024
0.009024
0.009024
0.009024
0.009024
0.009024
0.009024
0.009024
0.009024
0.009024
0.009024
0.009024
0.009024
0.009024
0.009024
0.009024
0.009024
0.009024
0.009024
0.009024
0.009024
0.009024
0.009024
0.009024
0.009024
0.009024
0.009024
0.009024
0.009024
0.009024
0.009024
0.009024
0.009024
0.009024
0.009024
0.009024
0.009024
0.009024
0.009024
0.009024
0.009024
0.009024
0.009024
0.009024
0.009024
0.009024
0.009024
0.009024
0.009024
0.009024
0.009024
0.009024
0.009024
0.009024
0.009024
0.009024
0.009024
0.009024
0.009024
0.009024
0.009024
0.009024
0.009024
0.009024
0.009024
0.009024
0.009024
0.009024
0.009024
0.009024
0.009024
0.009024
0.009024
0.009024
0.009024
0.009024
0.009024
0.009024
0.009024
0.009024
0.009024
0.009024
0.009024
0.009024
0.009024
0.009024
0.009024
0.009024
0.009024
0.009024
0.009024
0.009024
0.009024
0.009024
0.009024
0.009024
0.009024
0.009024
0.009024
0.009024
0.009024
0.009024
0.009024
0.009024
0.009024
0.009024
0.009024
0.009024
0.009024
0.009024
0.009024
0.009024
0.009024
0.009024
0.009024
0.009024
0.009024
0.009024
0.009024
0.009024
0.009024
0.009024
0.009024
0.009024
0.009024
0.009024
0.009024
0.009024
0.009024
0.009024
0.009024
0.009024
0.009024
0.009024
0.009024
0.009024
0.009024
0.009024
0.009024
0.009024
0.009024
0.009024
0.009024
0.009024
0.009024
0.009024
0.009024
0.009024
0.009024
0.009024
0.009024
0.009024
0.009024
0.009024
0.009024
