0.445824
0.445824
0.445824
0.445824
0.445824
0.445824
0.445824
0.445824
0.445824
0.445824
0.445824
0.445824
0.445824
0.445824
0.445824
0.445824
0.445824
0.445824
0.445824
0.445824
0.445824
0.445824
0.445806
0.445190
0.443614
0.441035
0.437687
0.433636
0.429628
0.425805
0.422247
0.419031
0.415937
0.412904
0.409740
0.406325
0.402900
0.399383
0.395728
0.392173
0.388542
0.385140
0.381742
0.378534
0.375070
0.371734
0.368334
0.364869
0.361560
0.358135
0.354835
0.351485
0.348213
0.344938
0.341603
0.338284
0.335159
0.331947
0.328680
0.325428
0.322299
0.319165
0.315909
0.312919
0.309800
0.306689
0.303632
0.300516
0.297582
0.294489
0.291405
0.288296
0.285460
0.282404
0.279521
0.276492
0.273690
0.270869
0.267924
0.265023
0.262184
0.259471
0.256715
0.253916
0.251238
0.248457
0.245778
0.243033
0.240322
0.237742
0.234968
0.232610
0.229973
0.227364
0.224923
0.222390
0.219701
0.217371
0.214856
0.212360
0.210027
0.207552
0.205294
0.202872
0.200482
0.198302
0.195913
0.193618
0.191477
0.189166
0.186893
0.184684
0.182613
0.180436
0.178245
0.176091
0.174019
0.171954
0.169916
0.167822
0.165822
0.163775
0.161847
0.159741
0.157686
0.155949
0.153973
0.151979
0.150251
0.148357
0.146458
0.144587
0.142749
0.140908
0.139199
0.137504
0.135748
0.133997
0.132202
0.130532
0.128831
0.127231
0.125614
0.124088
0.122373
0.120828
0.119290
0.117701
0.116261
0.114753
0.113129
0.111775
0.110321
0.108942
0.107599
0.106085
0.104724
0.103256
0.101916
0.100691
0.099286
0.098123
0.096748
0.095475
0.094246
0.093021
0.091786
0.090419
0.089333
0.088203
0.086999
0.085957
0.084764
0.083667
0.082531
0.081581
0.080376
0.079433
0.078347
0.077293
0.076300
0.075289
0.074308
0.073395
0.072399
0.071440
0.070594
0.069668
0.068571
0.067816
0.066945
0.066027
0.065198
0.064218
0.063424
0.062667
0.061867
0.061034
0.060150
0.059401
0.058810
0.057972
0.057083
0.056382
0.055735
0.055038
0.054203
0.053570
0.052845
0.052190
0.051428
0.050730
0.050131
0.049459
0.048853
0.048237
0.047546
0.046998
0.046342
0.045752
0.045163
0.044554
0.044119
0.043494
0.042906
0.042317
0.041898
0.041285
0.040773
0.040300
0.039738
0.039227
0.038784
0.038195
0.037789
0.037415
0.036834
0.036313
0.035950
0.035434
0.034924
0.034520
0.034227
0.033745
0.033381
0.032911
0.032605
0.032037
0.031682
0.031216
0.031011
0.030544
0.030162
0.029772
0.029484
0.029096
0.028750
0.028331
0.028054
0.027636
0.027328
0.027015
0.026799
0.026417
0.026008
0.025724
0.025431
0.025235
0.024816
0.024477
0.024318
0.023945
0.023745
0.023470
0.023137
0.022822
0.022559
0.022297
0.022159
0.021813
0.021602
0.021285
0.021051
0.020793
0.020439
0.020348
0.020193
0.019833
0.019566
0.019341
0.019158
0.019048
0.018701
0.018580
0.018298
0.018095
0.017851
0.017755
0.017538
0.017310
0.017200
0.016959
0.016667
0.016542
0.016449
0.016222
0.016103
0.015810
0.015673
0.015561
0.015491
0.015293
0.015121
0.015006
0.014797
0.014701
0.014570
0.014381
0.014254
0.014123
0.013964
0.013972
0.013764
0.013584
0.013508
0.013412
0.013265
0.013220
0.012996
0.012885
0.012802
0.012802
0.012672
0.012601
0.012448
0.012289
0.012179
0.012108
0.012050
0.011976
0.011900
0.011830
0.011761
0.011600
0.011600
0.011519
0.011488
0.011411
0.011328
0.011229
0.011205
0.011079
0.011013
0.010951
0.010913
0.010913
0.010842
0.010723
0.010713
0.010681
0.010681
0.010565
0.010500
0.010477
0.010413
0.010392
0.010352
0.010318
0.010246
0.010215
0.010215
0.010136
0.010136
0.010069
0.010069
0.009977
0.009977
0.009937
0.009937
0.009937
0.009863
0.009863
0.009839
0.009767
0.009728
0.009728
0.009673
0.009673
0.009673
0.009635
0.009595
0.009595
0.009555
0.009529
0.009456
0.009456
0.009456
0.009456
0.009436
0.009397
0.009397
0.009397
0.009362
0.009362
0.009362
0.009323
0.009323
0.009323
0.009323
0.009323
0.009323
0.009284
0.009284
0.009284
0.009284
0.009284
0.009284
0.009276
0.009236
0.009236
0.009236
0.009236
0.009236
0.009236
0.009236
0.009236
0.009197
0.009197
0.009197
0.009197
0.009197
0.009197
0.009197
0.009197
0.009197
0.009197
0.009197
0.009197
0.009197
0.009197
0.009197
0.009197
0.009197
0.009197
0.009197
0.009197
0.009197
0.009197
0.009197
0.009197
0.009197
0.009197
0.009197
0.009197
0.009197
0.009197
0.009197
0.009197
0.009197
0.009197
0.009197
0.009197
0.009197
0.009197
0.009197
0.009197
0.009197
0.009197
0.009197
0.009197
0.009197
0.009197
0.009197
0.009197
0.009197
0.009197
0.009197
0.009197
0.009197
0.009197
0.009197
0.009197
0.009197
0.009197
0.009197
0.009197
0.009197
0.009197
0.009197
0.009197
0.009197
0.009197
0.009197
0.009197
0.009197
0.009197
0.009197
0.009197
0.009197
0.009197
0.009197
0.009197
0.009197
0.009197
0.009197
0.009197
0.009197
0.009197
0.009197
0.009197
0.009197
0.009197
0.009197
0.009197
0.009197
0.009197
0.009197
0.009197
0.009197
0.009197
0.009197
0.009197
0.009197
0.009197
0.009197
0.009197
0.009197
0.009197
0.009197
0.009197
0.009197
0.009197
0.009197
0.009197
0.009197
0.009197
0.009197
0.009197
0.009197
0.009197
0.009197
0.009197
0.009197
0.009197
0.009197
0.009197
0.009197
0.009197
0.009197
0.009197
0.009197
0.009197
0.009197
0.009197
0.009197
0.009197
0.009197
0.009197
0.009197
0.009197
0.009197
0.009197
0.009197
0.009197
0.009197
0.009197
0.009197
0.009197
0.009197
0.009197
0.009197
0.009197
0.009197
0.009197
0.009197
0.009197
0.009197
0.009197
0.009197
0.009197
0.009197
0.009197
0.009197
0.009197
0.009197
0.009197
0.009197
0.009197
0.009197
0.009197
0.009197
0.009197
0.009197
0.009197
0.009197
0.009197
0.009197
0.009197
0.009197
0.009197
0.009197
0.009197
0.009197
0.009197
0.009197
0.009197
0.009197
0.009197
0.009197
0.009197
0.009197
0.009197
0.009197
0.009197
0.009197
0.009197
0.009197
0.009197
0.009197
0.009197
0.009197
0.009197
0.009197
0.009197
0.009197
0.009197
0.009197
0.009197
0.009197
0.009197
0.009197
0.009197
0.009197
0.009197
0.009197
0.009197
0.009197
0.009197
0.009197
0.009197
0.009197
0.009197
0.009197
0.009197
0.009197
0.009197
0.009197
0.009197
0.009197
0.009197
0.009197
0.009197
0.009197
0.009197
0.009197
0.009197
0.009197
0.009197
0.009197
0.009197
0.009197
0.009197
0.009197
0.009197
0.009197
0.009197
0.009197
0.009197
0.009197
0.009197
0.009197
0.009197
0.009197
0.009197
0.009197
0.009197
0.009197
0.009197
0.009197
0.009197
0.009197
0.009197
0.009197
0.009197
0.009197
0.009197
0.009197
0.009197
0.009197
0.009197
0.009197
0.009197
0.009197
0.009197
0.009197
0.009197
0.009197
0.009197
0.009197
0.009197
