0.598602
0.598602
0.598602
0.598602
0.598602
0.598602
0.598602
0.598602
0.598602
0.598602
0.598602
0.598602
0.598602
0.598602
0.598602
0.598602
0.598602
0.598602
0.598602
0.598602
0.598602
0.598602
0.598664
0.598483
0.598102
0.597551
0.596769
0.595660
0.594158
0.592247
0.589947
0.586881
0.583779
0.580459
0.576897
0.573540
0.569954
0.566628
0.563158
0.559725
0.556290
0.552484
0.548831
0.545214
0.541361
0.537741
0.533875
0.530215
0.526651
0.522948
0.519450
0.515765
0.511936
0.508381
0.504893
0.501191
0.497446
0.493822
0.490368
0.486712
0.483084
0.479501
0.476132
0.472440
0.468973
0.465447
0.461779
0.458461
0.454862
0.451437
0.448067
0.444543
0.441096
0.437872
0.434249
0.430947
0.427458
0.424114
0.420820
0.417247
0.414123
0.410593
0.407245
0.403950
0.400728
0.397430
0.394060
0.390948
0.387532
0.384395
0.381230
0.377974
0.374903
0.371660
0.368303
0.365095
0.362071
0.359146
0.356074
0.352824
0.349827
0.346687
0.343592
0.340560
0.337726
0.334643
0.331608
0.328629
0.325790
0.322770
0.319784
0.316827
0.313994
0.311112
0.308261
0.305350
0.302439
0.299526
0.296690
0.293969
0.291016
0.288143
0.285502
0.282627
0.279936
0.277169
0.274360
0.271644
0.268841
0.266246
0.263593
0.260809
0.258220
0.255706
0.253045
0.250190
0.247743
0.245163
0.242622
0.239790
0.237502
0.235070
0.232275
0.229918
0.227232
0.224737
0.222470
0.219885
0.217427
0.215013
0.212539
0.210191
0.207862
0.205356
0.203082
0.200716
0.198381
0.196154
0.193750
0.191632
0.189361
0.187111
0.185076
0.182760
0.180435
0.178297
0.176315
0.174132
0.171994
0.169852
0.167932
0.165763
0.163796
0.161630
0.159857
0.157746
0.155874
0.153997
0.152050
0.150054
0.148295
0.146334
0.144477
0.142716
0.141050
0.139160
0.137290
0.135481
0.133868
0.132073
0.130401
0.128709
0.127168
0.125371
0.123674
0.122269
0.120493
0.118912
0.117546
0.116000
0.114480
0.112858
0.111463
0.110004
0.108446
0.107117
0.105784
0.104305
0.103022
0.101740
0.100280
0.098924
0.097810
0.096400
0.095151
0.093991
0.092850
0.091482
0.090413
0.089011
0.087948
0.086810
0.085564
0.084524
0.083366
0.082353
0.081442
0.080044
0.079104
0.078098
0.077027
0.075976
0.075057
0.074133
0.073115
0.072222
0.071276
0.070193
0.069443
0.068453
0.067599
0.066744
0.065709
0.064904
0.064095
0.063349
0.062336
0.061617
0.060653
0.060021
0.059182
0.058481
0.057698
0.056983
0.056120
0.055347
0.054845
0.053902
0.053249
0.052651
0.052011
0.051241
0.050662
0.049949
0.049204
0.048576
0.047856
0.047422
0.046808
0.046188
0.045356
0.044973
0.044254
0.043655
0.043155
0.042655
0.042176
0.041536
0.041133
0.040533
0.039962
0.039654
0.039006
0.038392
0.038156
0.037508
0.037024
0.036530
0.036052
0.035801
0.035165
0.034837
0.034325
0.034024
0.033604
0.033204
0.032687
0.032302
0.031981
0.031468
0.031160
0.030736
0.030408
0.030000
0.029695
0.029399
0.028946
0.028625
0.028335
0.027857
0.027472
0.027271
0.026894
0.026635
0.026268
0.025934
0.025689
0.025385
0.025106
0.024869
0.024415
0.024231
0.023956
0.023597
0.023305
0.023102
0.022796
0.022600
0.022176
0.022058
0.021760
0.021588
0.021306
0.021033
0.020783
0.020600
0.020422
0.020088
0.019973
0.019651
0.019386
0.019326
0.019090
0.018840
0.018532
0.018377
0.018262
0.017984
0.017859
0.017759
0.017504
0.017239
0.017150
0.016910
0.016910
0.016648
0.016436
0.016373
0.016177
0.015966
0.015874
0.015637
0.015512
0.015414
0.015163
0.015163
0.015026
0.014905
0.014726
0.014548
0.014548
0.014319
0.014161
0.013974
0.013875
0.013696
0.013612
0.013613
0.013399
0.013213
0.013150
0.013026
0.012871
0.012809
0.012809
0.012660
0.012402
0.012402
0.012310
0.012211
0.012211
0.011940
0.011878
0.011782
0.011719
0.011661
0.011599
0.011537
0.011334
0.011312
0.011250
0.011099
0.011045
0.010983
0.010921
0.010921
0.010775
0.010597
0.010597
0.010597
0.010534
0.010465
0.010354
0.010283
0.010112
0.010112
0.010112
0.010058
0.009937
0.009937
0.009874
0.009874
0.009812
0.009759
0.009726
0.009668
0.009668
0.009605
0.009543
0.009490
0.009490
0.009490
0.009427
0.009347
0.009315
0.009315
0.009261
0.009199
0.009199
0.009199
0.009199
0.009199
0.009136
0.009136
0.009083
0.009083
0.009083
0.009051
0.008988
0.008988
0.008988
0.008988
0.008934
0.008934
0.008872
0.008872
0.008872
0.008872
0.008872
0.008872
0.008872
0.008809
0.008809
0.008809
0.008809
0.008809
0.008809
0.008809
0.008809
0.008809
0.008809
0.008809
0.008809
0.008809
0.008809
0.008809
0.008809
0.008809
0.008809
0.008809
0.008809
0.008809
0.008809
0.008809
0.008809
0.008809
0.008809
0.008809
0.008809
0.008809
0.008809
0.008809
0.008809
0.008809
0.008809
0.008809
0.008809
0.008809
0.008809
0.008809
0.008809
0.008809
0.008809
0.008809
0.008809
0.008809
0.008809
0.008809
0.008809
0.008809
0.008809
0.008809
0.008809
0.008809
0.008809
0.008809
0.008809
0.008809
0.008809
0.008809
0.008809
0.008809
0.008809
0.008809
0.008809
0.008809
0.008809
0.008809
0.008809
0.008809
0.008809
0.008809
0.008809
0.008809
0.008809
0.008809
0.008809
0.008809
0.008809
0.008809
0.008809
0.008809
0.008809
0.008809
0.008809
0.008809
0.008809
0.008809
0.008809
0.008809
0.008809
0.008809
0.008809
0.008809
0.008809
0.008809
0.008809
0.008809
0.008809
0.008809
0.008809
0.008809
0.008809
0.008809
0.008809
0.008809
0.008809
0.008809
0.008809
0.008809
0.008809
0.008809
0.008809
0.008809
0.008809
0.008809
0.008809
0.008809
0.008809
0.008809
0.008809
0.008809
0.008809
0.008809
0.008809
0.008809
0.008809
0.008809
0.008809
0.008809
0.008809
0.008809
0.008809
0.008809
0.008809
0.008809
0.008809
0.008809
0.008809
0.008809
0.008809
0.008809
0.008809
0.008809
0.008809
0.008809
0.008809
0.008809
0.008809
0.008809
0.008809
0.008809
0.008809
0.008809
0.008809
0.008809
0.008809
0.008809
0.008809
0.008809
0.008809
0.008809
0.008809
0.008809
0.008809
0.008809
0.008809
0.008809
0.008809
0.008809
0.008809
0.008809
0.008809
0.008809
0.008809
0.008809
0.008809
0.008809
0.008809
0.008809
0.008809
0.008809
0.008809
0.008809
0.008809
0.008809
0.008809
0.008809
0.008809
0.008809
0.008809
0.008809
0.008809
0.008809
0.008809
0.008809
0.008809
0.008809
0.008809
0.008809
0.008809
0.008809
0.008809
0.008809
0.008809
0.008809
0.008809
0.008809
0.008809
0.008809
0.008809
0.008809
0.008809
0.008809
0.008809
0.008809
0.008809
0.008809
0.008809
0.008809
0.008809
0.008809
0.008809
0.008809
0.008809
0.008809
0.008809
0.008809
0.008809
0.008809
0.008809
0.008809
0.008809
0.008809
0.008809
0.008809
0.008809
0.008809
0.008809
0.008809
