0.684257
0.684257
0.684257
0.684257
0.684257
0.684257
0.684257
0.684257
0.684257
0.684257
0.684257
0.684257
0.684257
0.684257
0.684257
0.684257
0.684257
0.684257
0.684257
0.684257
0.684257
0.684257
0.684257
0.684384
0.684202
0.684161
0.683682
0.682990
0.681910
0.680483
0.678751
0.676813
0.674600
0.672496
0.670477
0.668515
0.666578
0.664580
0.662663
0.660534
0.658052
0.655609
0.653154
0.650611
0.648143
0.645536
0.643040
0.640662
0.638106
0.636039
0.634215
0.632729
0.632094
0.631602
0.631233
0.630775
0.629546
0.628064
0.626593
0.624923
0.623222
0.621795
0.620140
0.618534
0.616467
0.614156
0.611859
0.609332
0.606589
0.604201
0.602154
0.600197
0.598455
0.596700
0.595120
0.593277
0.590994
0.588456
0.585783
0.583046
0.580247
0.577372
0.574258
0.570978
0.567685
0.564095
0.560437
0.556844
0.553048
0.549435
0.545750
0.542180
0.538582
0.534959
0.531351
0.527858
0.524070
0.520552
0.516884
0.513322
0.509636
0.506198
0.502537
0.499049
0.495458
0.491904
0.488280
0.484704
0.481201
0.477647
0.474142
0.470847
0.467232
0.463841
0.460580
0.457053
0.453554
0.450227
0.446732
0.443497
0.439958
0.436524
0.433043
0.429860
0.426371
0.423113
0.419800
0.416453
0.413157
0.409788
0.406541
0.403199
0.399951
0.396696
0.393483
0.390224
0.386920
0.383735
0.380473
0.377201
0.374203
0.370891
0.367676
0.364605
0.361294
0.358265
0.355127
0.352055
0.348890
0.345858
0.342795
0.339809
0.336833
0.333806
0.330779
0.327983
0.324974
0.322113
0.319288
0.316419
0.313598
0.310688
0.307852
0.305051
0.302185
0.299403
0.296674
0.293768
0.291060
0.288256
0.285554
0.282843
0.280023
0.277351
0.274566
0.271838
0.269248
0.266586
0.263849
0.261215
0.258622
0.256053
0.253546
0.251059
0.248480
0.245968
0.243469
0.241067
0.238539
0.236147
0.233527
0.231368
0.228937
0.226598
0.224207
0.221824
0.219539
0.217287
0.214836
0.212682
0.210445
0.208216
0.205999
0.203855
0.201770
0.199536
0.197467
0.195237
0.193207
0.191183
0.189024
0.187184
0.184907
0.183040
0.181072
0.179224
0.177304
0.175204
0.173462
0.171466
0.169713
0.167849
0.166083
0.164152
0.162539
0.160661
0.158946
0.157313
0.155506
0.153763
0.152229
0.150551
0.149001
0.147331
0.145568
0.144090
0.142593
0.141037
0.139524
0.137838
0.136454
0.134960
0.133521
0.131989
0.130610
0.129109
0.127729
0.126238
0.124948
0.123439
0.122238
0.120847
0.119467
0.118331
0.116805
0.115534
0.114313
0.113058
0.111939
0.110691
0.109441
0.108177
0.106988
0.105871
0.104614
0.103549
0.102401
0.101290
0.100015
0.099071
0.097897
0.096910
0.095903
0.094716
0.093698
0.092657
0.091616
0.090555
0.089457
0.088678
0.087631
0.086609
0.085698
0.084776
0.083732
0.082938
0.082009
0.081090
0.080204
0.079334
0.078427
0.077695
0.076721
0.075909
0.075153
0.074276
0.073432
0.072698
0.071770
0.071106
0.070386
0.069446
0.068694
0.068002
0.067270
0.066439
0.065772
0.065129
0.064334
0.063663
0.062943
0.062252
0.061571
0.060955
0.060151
0.059445
0.058945
0.058255
0.057637
0.056906
0.056330
0.055606
0.054964
0.054529
0.053800
0.053295
0.052485
0.051964
0.051399
0.050782
0.050191
0.049645
0.049054
0.048525
0.048015
0.047355
0.046841
0.046395
0.045846
0.045221
0.044790
0.044233
0.043752
0.043287
0.042591
0.042294
0.041752
0.041205
0.040729
0.040246
0.039878
0.039222
0.038772
0.038356
0.037936
0.037460
0.036976
0.036514
0.036157
0.035693
0.035135
0.034852
0.034449
0.033964
0.033658
0.033230
0.032788
0.032360
0.031986
0.031559
0.031211
0.030934
0.030442
0.030119
0.029774
0.029397
0.029073
0.028707
0.028337
0.028023
0.027790
0.027317
0.027072
0.026750
0.026410
0.026177
0.025906
0.025616
0.025270
0.024953
0.024687
0.024383
0.024148
0.023953
0.023612
0.023316
0.023018
0.022833
0.022606
0.022398
0.022127
0.021933
0.021599
0.021337
0.021208
0.020956
0.020727
0.020534
0.020342
0.020143
0.019899
0.019623
0.019469
0.019380
0.019147
0.018970
0.018802
0.018552
0.018400
0.018283
0.018044
0.017833
0.017744
0.017534
0.017418
0.017297
0.017097
0.016904
0.016759
0.016602
0.016472
0.016317
0.016047
0.015996
0.015880
0.015759
0.015616
0.015517
0.015334
0.015139
0.015022
0.014900
0.014863
0.014705
0.014557
0.014437
0.014229
0.014177
0.014140
0.014017
0.013864
0.013826
0.013715
0.013607
0.013555
0.013368
0.013224
0.013173
0.013135
0.013084
0.012967
0.012829
0.012731
0.012694
0.012616
0.012565
0.012502
0.012412
0.012295
0.012257
0.012206
0.012137
0.012099
0.012008
0.011931
0.011854
0.011789
0.011698
0.011698
0.011661
0.011610
0.011533
0.011495
0.011365
0.011365
0.011327
0.011290
0.011238
0.011199
0.011161
0.011123
0.011072
0.011072
0.011034
0.010955
0.010942
0.010904
0.010866
0.010866
0.010815
0.010738
0.010738
0.010700
0.010649
0.010649
0.010611
0.010611
0.010533
0.010482
0.010482
0.010445
0.010445
0.010407
0.010394
0.010356
0.010356
0.010318
0.010318
0.010281
0.010267
0.010229
0.010229
0.010192
0.010192
0.010141
0.010141
0.010103
0.010103
0.010065
0.010065
0.010065
0.010014
0.010014
0.009976
0.009976
0.009939
0.009939
0.009939
0.009888
0.009888
0.009888
0.009850
0.009850
0.009812
0.009812
0.009799
0.009761
0.009761
0.009761
0.009724
0.009724
0.009724
0.009686
0.009686
0.009673
0.009635
0.009635
0.009635
0.009635
0.009597
0.009597
0.009597
0.009560
0.009546
0.009546
0.009546
0.009508
0.009508
0.009508
0.009471
0.009471
0.009471
0.009471
0.009433
0.009420
0.009420
0.009420
0.009420
0.009382
0.009382
0.009382
0.009382
0.009344
0.009344
0.009344
0.009344
0.009344
0.009293
0.009293
0.009293
0.009293
0.009293
0.009255
0.009255
0.009255
0.009255
0.009255
0.009218
0.009218
0.009218
0.009218
0.009218
0.009205
0.009167
0.009167
0.009167
0.009167
0.009167
0.009167
0.009129
0.009129
0.009129
0.009129
0.009129
0.009129
0.009129
0.009092
0.009092
0.009092
0.009092
0.009092
0.009078
0.009078
0.009078
0.009040
0.009040
0.009040
0.009040
0.009040
0.009040
0.009040
0.009040
0.009040
0.009040
0.009040
0.009040
0.009040
0.009040
0.009040
0.009040
0.009040
0.009040
0.009040
0.009040
0.009040
0.009040
0.009040
0.009040
0.009040
0.009040
0.009040
0.009040
0.009040
0.009040
0.009040
0.009040
0.009040
0.009040
0.009040
0.009040
0.009040
0.009040
0.009040
0.009040
0.009040
0.009040
0.009040
0.009040
0.009040
0.009040
0.009040
0.009040
0.009040
0.009040
0.009040
0.009040
0.009040
0.009040
0.009040
0.009040
0.009040
0.009040
0.009040
0.009040
0.009040
0.009040
0.009040
0.009040
0.009040
0.009040
0.009040
0.009040
0.009040
0.009040
0.009040
0.009040
0.009040
0.009040
0.009040
0.009040
