1.365770
1.359472
1.353175
1.346877
1.340581
1.334288
1.328001
1.321718
1.315439
1.309166
1.302896
1.296631
1.290371
1.284115
1.277863
1.271615
1.265371
1.259130
1.252894
1.246661
1.240432
1.234207
1.227985
1.221767
1.215553
1.209346
1.203147
1.196955
1.190772
1.184596
1.178430
1.172277
1.166137
1.160015
1.153909
1.147820
1.141746
1.135687
1.129643
1.123614
1.117600
1.111600
1.105614
1.099641
1.093684
1.087739
1.081807
1.075888
1.069982
1.064087
1.058205
1.052335
1.046476
1.040628
1.034792
1.028968
1.023154
1.017350
1.011557
1.005774
1.000001
0.994238
0.988484
0.982740
0.977005
0.971280
0.965563
0.959856
0.954157
0.948466
0.942783
0.937109
0.931443
0.925784
0.920133
0.914489
0.908854
0.903225
0.897604
0.891989
0.886382
0.880781
0.875186
0.869599
0.864020
0.858452
0.852895
0.847350
0.841815
0.836290
0.830775
0.825270
0.819775
0.814289
0.808812
0.803345
0.797887
0.792437
0.786997
0.781565
0.776141
0.770726
0.765322
0.759931
0.754552
0.749185
0.743830
0.738487
0.733156
0.727836
0.722528
0.717230
0.711944
0.706667
0.701401
0.696145
0.690899
0.685663
0.680436
0.675220
0.670012
0.664813
0.659624
0.654443
0.649270
0.644106
0.638952
0.633810
0.628680
0.623564
0.618460
0.613371
0.608299
0.603243
0.598204
0.593179
0.588170
0.583177
0.578197
0.573233
0.568283
0.563348
0.558427
0.553519
0.548624
0.543743
0.538878
0.534030
0.529199
0.524385
0.519587
0.514807
0.510048
0.505309
0.500590
0.495890
0.491209
0.486547
0.481904
0.477278
0.472671
0.468081
0.463508
0.458953
0.454414
0.449891
0.445387
0.440905
0.436449
0.432017
0.427608
0.423223
0.418863
0.414529
0.410221
0.405941
0.401686
0.397456
0.393252
0.389072
0.384916
0.380783
0.376674
0.372590
0.368530
0.364498
0.360491
0.356511
0.352555
0.348624
0.344718
0.340835
0.336982
0.333154
0.329351
0.325575
0.321830
0.318115
0.314430
0.310775
0.307149
0.303551
0.299981
0.296438
0.292924
0.289440
0.285987
0.282564
0.279171
0.275806
0.272470
0.269162
0.265884
0.262643
0.259435
0.256258
0.253112
0.249998
0.246917
0.243864
0.240843
0.237852
0.234888
0.231949
0.229036
0.226147
0.223285
0.220447
0.217633
0.214841
0.212072
0.209326
0.206602
0.203905
0.201233
0.198586
0.195965
0.193370
0.190799
0.188254
0.185737
0.183247
0.180784
0.178348
0.175937
0.173552
0.171191
0.168856
0.166546
0.164265
0.162011
0.159784
0.157585
0.155411
0.153264
0.151141
0.149044
0.146971
0.144923
0.142899
0.140898
0.138920
0.136963
0.135029
0.133117
0.131229
0.129366
0.127528
0.125715
0.123928
0.122164
0.120425
0.118714
0.117025
0.115358
0.113712
0.112087
0.110482
0.108898
0.107333
0.105789
0.104264
0.102758
0.101270
0.099799
0.098346
0.096911
0.095492
0.094090
0.092705
0.091343
0.089998
0.088668
0.087353
0.086052
0.084766
0.083497
0.082246
0.081014
0.079800
0.078604
0.077426
0.076265
0.075122
0.073994
0.072882
0.071787
0.070707
0.069642
0.068592
0.067556
0.066535
0.065530
0.064538
0.063561
0.062603
0.061658
0.060726
0.059807
0.058904
0.058016
0.057139
0.056275
0.055422
0.054580
0.053748
0.052927
0.052117
0.051317
0.050527
0.049746
0.048976
0.048214
0.047463
0.046729
0.046002
0.045285
0.044576
0.043875
0.043187
0.042510
0.041841
0.041179
0.040524
0.039878
0.039238
0.038606
0.037980
0.037361
0.036749
0.036144
0.035544
0.034953
0.034372
0.033810
0.033266
0.032732
0.032208
0.031694
0.031190
0.030699
0.030220
0.029750
0.029289
0.028837
0.028394
0.027959
0.027532
0.027113
0.026701
0.026298
0.025902
0.025518
0.025144
0.024776
0.024416
0.024063
0.023716
0.023376
0.023042
0.022714
0.022393
0.022082
0.021784
0.021495
0.021211
0.020932
0.020659
0.020391
0.020128
0.019870
0.019617
0.019372
0.019135
0.018903
0.018675
0.018451
0.018232
0.018017
0.017807
0.017608
0.017412
0.017219
0.017030
0.016845
0.016663
0.016485
0.016309
0.016138
0.015969
0.015804
0.015642
0.015482
0.015326
0.015173
0.015022
0.014874
0.014729
0.014587
0.014448
0.014319
0.014192
0.014067
0.013945
0.013825
0.013707
0.013592
0.013484
0.013380
0.013278
0.013178
0.013079
0.012983
0.012888
0.012796
0.012704
0.012620
0.012539
0.012460
0.012383
0.012307
0.012233
0.012159
0.012088
0.012017
0.011948
0.011880
0.011814
0.011749
0.011684
0.011621
0.011560
0.011501
0.011449
0.011398
0.011347
0.011298
0.011250
0.011203
0.011156
0.011111
0.011066
0.011022
0.010979
0.010937
0.010895
0.010855
0.010815
0.010776
0.010737
0.010699
0.010662
0.010626
0.010590
0.010555
0.010521
0.010487
0.010454
0.010422
0.010390
0.010359
0.010328
0.010298
0.010269
0.010248
0.010227
0.010206
0.010185
0.010166
0.010146
0.010127
0.010108
0.010089
0.010071
0.010053
0.010036
0.010019
0.010002
0.009985
0.009969
0.009953
0.009938
0.009922
0.009907
0.009893
0.009878
0.009864
0.009850
0.009836
0.009823
0.009810
0.009797
0.009784
0.009772
0.009759
0.009747
0.009736
0.009724
0.009713
0.009702
0.009691
0.009680
0.009670
0.009659
0.009649
0.009639
0.009630
0.009620
0.009611
0.009601
0.009592
0.009584
0.009575
0.009566
0.009558
0.009550
0.009542
0.009534
0.009526
0.009518
0.009514
0.009514
0.009514
0.009514
0.009514
0.009514
0.009514
0.009514
0.009514
0.009514
0.009514
0.009514
0.009514
0.009514
0.009514
0.009514
0.009514
0.009514
0.009514
0.009514
0.009514
0.009514
0.009514
0.009514
0.009514
0.009514
0.009514
0.009514
0.009514
0.009514
0.009514
0.009514
0.009514
0.009514
0.009514
0.009514
0.009514
0.009514
0.009514
0.009514
0.009514
0.009514
0.009514
0.009514
0.009514
0.009514
0.009514
0.009514
0.009514
0.009514
0.009514
0.009514
0.009514
0.009514
0.009514
0.009514
0.009514
0.009514
0.009514
0.009514
0.009514
0.009514
0.009514
0.009514
0.009514
0.009514
0.009514
0.009514
0.009514
0.009514
0.009514
0.009514
0.009514
0.009514
0.009514
0.009514
0.009514
0.009514
0.009514
0.009514
0.009514
0.009514
0.009514
0.009514
0.009514
0.009514
0.009514
0.009514
0.009514
0.009514
0.009514
0.009514
0.009514
0.009514
0.009514
0.009514
0.009514
0.009514
0.009514
0.009514
0.009514
0.009514
0.009514
0.009514
0.009514
0.009514
0.009514
0.009514
0.009514
0.009514
0.009514
0.009514
0.009514
0.009514
0.009514
0.009514
0.009514
0.009514
0.009514
0.009514
0.009514
0.009514
0.009514
0.009514
0.009514
0.009514
0.009514
0.009514
0.009514
0.009514
0.009514
0.009514
0.009514
0.009514
0.009514
0.009514
0.009514
0.009514
0.009514
0.009514
0.009514
0.009514
0.009514
0.009514
0.009514
0.009514
0.009514
0.009514
0.009514
0.009514
0.009514
0.009514
0.009514
0.009514
0.009514
0.009514
0.009514
0.009514
0.009514
0.009514
0.009514
0.009514
0.009514
0.009514
0.009514
0.009514
0.009514
0.009514
0.009514
0.009514
0.009514
0.009514
0.009514
0.009514
0.009514
0.009514
0.009514
0.009514
0.009514
0.009514
0.009514
0.009514
0.009514
0.009514
0.009514
0.009514
0.009514
0.009514
0.009514
0.009514
0.009514
0.009514
0.009514
0.009514
0.009514
0.009514
0.009514
0.009514
0.009514
0.009514
0.009514
0.009514
0.009514
0.009514
0.009514
0.009514
0.009514
0.009514
0.009514
0.009514
0.009514
0.009514
0.009514
0.009514
0.009514
0.009514
0.009514
0.009514
0.009514
0.009514
0.009514
0.009514
0.009514
0.009514
0.009514
0.009514
0.009514
0.009514
0.009514
0.009514
0.009514
0.009514
0.009514
0.009514
0.009514
0.009514
0.009514
0.009514
0.009514
0.009514
0.009514
0.009514
0.009514
0.009514
0.009514
0.009514
0.009514
0.009514
0.009514
0.009514
0.009514
0.009514
0.009514
0.009514
0.009514
0.009514
0.009514
0.009514
0.009514
0.009514
0.009514
0.009514
0.009514
0.009514
0.009514
0.009514
0.009514
0.009514
0.009514
0.009514
0.009514
0.009514
0.009514
0.009514
0.009514
0.009514
0.009514
0.009514
0.009514
0.009514
0.009514
0.009514
0.009514
0.009514
0.009514
0.009514
0.009514
0.009514
0.009514
0.009514
0.009514
0.009514
0.009514
0.009514
0.009514
0.009514
0.009514
0.009514
0.009514
0.009514
0.009514
0.009514
0.009514
0.009514
0.009514
0.009514
0.009514
0.009514
0.009514
0.009514
0.009514
0.009514
0.009514
0.009514
0.009514
0.009514
0.009514
0.009514
0.009514
0.009514
0.009514
0.009514
0.009514
0.009514
0.009514
0.009514
0.009514
0.009514
0.009514
0.009514
0.009514
0.009514
0.009514
0.009514
0.009514
0.009514
0.009514
0.009514
0.009514
0.009514
0.009514
0.009514
0.009514
0.009514
0.009514
0.009514
0.009514
0.009514
0.009514
0.009514
0.009514
0.009514
0.009514
0.009514
0.009514
0.009514
0.009514
0.009514
0.009514
0.009514
0.009514
0.009514
0.009514
0.009514
0.009514
0.009514
0.009514
0.009514
0.009514
0.009514
0.009514
0.009514
0.009514
0.009514
0.009514
0.009514
0.009514
0.009514
0.009514
0.009514
0.009514
0.009514
0.009514
0.009514
0.009514
0.009514
0.009514
0.009514
0.009514
0.009514
0.009514
0.009514
0.009514
0.009514
0.009514
0.009514
0.009514
0.009514
0.009514
0.009514
0.009514
0.009514
0.009514
0.009514
0.009514
0.009514
0.009514
0.009514
0.009514
0.009514
0.009514
0.009514
0.009514
0.009514
0.009514
0.009514
0.009514
0.009514
0.009514
0.009514
0.009514
0.009514
0.009514
0.009514
0.009514
0.009514
0.009514
0.009514
0.009514
0.009514
0.009514
0.009514
0.009514
0.009514
0.009514
0.009514
0.009514
0.009514
0.009514
0.009514
0.009514
0.009514
0.009514
0.009514
0.009514
0.009514
0.009514
0.009514
0.009514
0.009514
0.009514
0.009514
0.009514
0.009514
0.009514
0.009514
0.009514
0.009514
0.009514
0.009514
0.009514
0.009514
0.009514
0.009514
0.009514
0.009514
0.009514
0.009514
0.009514
0.009514
0.009514
0.009514
0.009514
0.009514
0.009514
0.009514
0.009514
0.009514
0.009514
0.009514
0.009514
0.009514
0.009514
0.009514
0.009514
0.009514
0.009514
0.009514
0.009514
0.009514
0.009514
0.009514
0.009514
0.009514
0.009514
0.009514
0.009514
0.009514
0.009514
0.009514
0.009514
0.009514
0.009514
0.009514
0.009514
0.009514
0.009514
0.009514
0.009514
0.009514
0.009514
0.009514
0.009514
0.009514
0.009514
0.009514
0.009514
0.009514
0.009514
0.009514
0.009514
0.009514
0.009514
0.009514
0.009514
0.009514
0.009514
0.009514
0.009514
0.009514
0.009514
0.009514
0.009514
0.009514
0.009514
0.009514
0.009514
0.009514
0.009514
0.009514
0.009514
0.009514
0.009514
0.009514
0.009514
0.009514
0.009514
0.009514
0.009514
0.009514
0.009514
0.009514
0.009514
0.009514
0.009514
0.009514
0.009514
0.009514
0.009514
0.009514
0.009514
0.009514
0.009514
0.009514
0.009514
0.009514
0.009514
0.009514
0.009514
0.009514
0.009514
0.009514
0.009514
0.009514
0.009514
0.009514
0.009514
0.009514
0.009514
0.009514
0.009514
0.009514
0.009514
0.009514
0.009514
0.009514
0.009514
0.009514
0.009514
0.009514
0.009514
0.009514
0.009514
0.009514
0.009514
0.009514
0.009514
0.009514
0.009514
0.009514
0.009514
0.009514
0.009514
0.009514
0.009514
0.009514
0.009514
0.009514
0.009514
0.009514
0.009514
0.009514
0.009514
0.009514
0.009514
0.009514
0.009514
0.009514
0.009514
0.009514
0.009514
0.009514
0.009514
0.009514
0.009514
0.009514
0.009514
0.009514
0.009514
0.009514
0.009514
0.009514
0.009514
0.009514
0.009514
0.009514
0.009514
0.009514
0.009514
0.009514
0.009514
0.009514
0.009514
0.009514
0.009514
0.009514
0.009514
0.009514
0.009514
0.009514
0.009514
0.009514
0.009514
0.009514
0.009514
0.009514
0.009514
0.009514
0.009514
0.009514
2.566748
2.561564
2.556384
2.551208
2.546037
2.540869
2.535706
2.530546
2.525391
2.520239
2.515091
2.509947
2.504807
2.499670
2.494536
2.489406
2.484280
2.479157
2.474038
2.468922
2.463808
2.458699
2.453592
2.448488
2.443387
2.438289
2.433195
2.428103
2.423013
2.417927
2.412844
2.407763
2.402685
2.397609
2.392536
2.387466
2.382398
2.377332
2.372269
2.367208
2.362150
2.357094
2.352040
2.346988
2.341939
2.336892
2.331847
2.326804
2.321763
2.316724
2.311687
2.306652
2.301619
2.296588
2.291559
2.286531
2.281506
2.276482
2.271460
2.266439
2.261421
2.256404
2.251388
2.246374
2.241362
2.236352
2.231343
2.226335
2.221329
2.216324
2.211321
2.206319
2.201319
2.196320
2.191323
2.186326
2.181331
2.176338
2.171345
2.166354
2.161364
2.156376
2.151388
2.146402
2.141416
2.136432
2.131449
2.126468
2.121487
2.116507
2.111528
2.106551
2.101574
2.096600
2.091630
2.086664
2.081703
2.076746
2.071793
2.066844
2.061900
2.056959
2.052023
2.047091
2.042162
2.037237
2.032316
2.027399
2.022485
2.017575
2.012668
2.007765
2.002865
1.997968
1.993075
1.988185
1.983298
1.978414
1.973534
1.968656
1.963781
1.958910
1.954041
1.949175
1.944312
1.939451
1.934593
1.929738
1.924886
1.920036
1.915189
1.910344
1.905502
1.900662
1.895824
1.890989
1.886156
1.881325
1.876497
1.871671
1.866847
1.862025
1.857205
1.852387
1.847571
1.842758
1.837946
1.833136
1.828328
1.823522
1.818718
1.813915
1.809115
1.804316
1.799519
1.794723
1.789929
1.785137
1.780347
1.775558
1.770770
1.765984
1.761200
1.756417
1.751636
1.746856
1.742078
1.737301
1.732525
1.727751
1.722977
1.718206
1.713435
1.708666
1.703898
1.699132
1.694366
1.689602
1.684839
1.680077
1.675316
1.670556
1.665798
1.661041
1.656289
1.651542
1.646805
1.642072
1.637344
1.632620
1.627900
1.623184
1.618472
1.613763
1.609059
1.604358
1.599664
1.594977
1.590294
1.585613
1.580937
1.576263
1.571593
1.566926
1.562263
1.557603
1.552945
1.548291
1.543640
1.538991
1.534346
1.529703
1.525063
1.520428
1.515799
1.511176
1.506559
1.501949
1.497344
1.492745
1.488152
1.483564
1.478982
1.474405
1.469834
1.465267
1.460706
1.456150
1.451598
1.447052
1.442510
1.437973
1.433442
1.428914
1.424392
1.419873
1.415359
1.410849
1.406344
1.401842
1.397345
1.392852
1.388363
1.383877
1.379396
1.374918
1.370444
1.365974
1.361507
1.357044
1.352585
1.348129
1.343676
1.339226
1.334780
1.330337
1.325897
1.321461
1.317027
1.312596
1.308169
1.303744
1.299322
1.294904
1.290488
1.286074
1.281664
1.277256
1.272850
1.268447
1.264047
1.259649
1.255254
1.250861
1.246470
1.242082
1.237696
1.233312
1.228931
1.224552
1.220175
1.215800
1.211427
1.207056
1.202687
1.198321
1.193956
1.189593
1.185232
1.180873
1.176515
1.172160
1.167806
1.163454
1.159104
1.154756
1.150409
1.146064
1.141720
1.137378
1.133037
1.128698
1.124361
1.120025
1.115691
1.111358
1.107026
1.102696
1.098367
1.094040
1.089714
1.085389
1.081065
1.076745
1.072430
1.068117
1.063804
1.059493
1.055183
1.050874
1.046566
1.042263
1.037965
1.033670
1.029380
1.025095
1.020814
1.016536
1.012263
1.007994
1.003729
0.999467
0.995210
0.990957
0.986707
0.982461
0.978218
0.973979
0.969744
0.965513
0.961290
0.957073
0.952862
0.948659
0.944461
0.940271
0.936086
0.931908
0.927736
0.923570
0.919410
0.915255
0.911106
0.906963
0.902826
0.898693
0.894566
0.890445
0.886328
0.882217
0.878110
0.874009
0.869916
0.865831
0.861754
0.857685
0.853625
0.849571
0.845526
0.841488
0.837457
0.833434
0.829417
0.825408
0.821406
0.817410
0.813422
0.809440
0.805465
0.801496
0.797533
0.793577
0.789626
0.785682
0.781743
0.777811
0.773884
0.769962
0.766046
0.762136
0.758231
0.754331
0.750437
0.746548
0.742664
0.738784
0.734912
0.731047
0.727190
0.723341
0.719501
0.715668
0.711842
0.708025
0.704221
0.700425
0.696635
0.692853
0.689078
0.685309
0.681547
0.677792
0.674043
0.670300
0.666564
0.662833
0.659109
0.655391
0.651678
0.647972
0.644271
0.640576
0.636886
0.633202
0.629523
0.625849
0.622180
0.618517
0.614858
0.611205
0.607556
0.603911
0.600272
0.596637
0.593013
0.589394
0.585779
0.582168
0.578561
0.574958
0.571360
0.567765
0.564174
0.560590
0.557012
0.553444
0.549886
0.546339
0.542802
0.539276
0.535759
0.532253
0.528756
0.525268
0.521789
0.518320
0.514860
0.511408
0.507965
0.504531
0.501105
0.497688
0.494278
0.490878
0.487487
0.484107
0.480738
0.477381
0.474034
0.470698
0.467372
0.464056
0.460751
0.457460
0.454182
0.450916
0.447664
0.444425
0.441199
0.437984
0.434782
0.431592
0.428413
0.425246
0.422090
0.418945
0.415811
0.412688
0.409576
0.406473
0.403381
0.400300
0.397229
0.394167
0.391115
0.388073
0.385040
0.382016
0.379001
0.375995
0.372998
0.370009
0.367029
0.364057
0.361093
0.358139
0.355197
0.352266
0.349349
0.346445
0.343556
0.340680
0.337819
0.334970
0.332136
0.329314
0.326505
0.323712
0.320938
0.318183
0.315447
0.312731
0.310033
0.307353
0.304694
0.302055
0.299437
0.296839
0.294262
0.291704
0.289168
0.286655
0.284163
0.281694
0.279246
0.276821
0.274416
0.272032
0.269669
0.267325
0.265000
0.262698
0.260418
0.258156
0.255912
0.253687
0.251479
0.249288
0.247114
0.244958
0.242819
0.240696
0.238589
0.236498
0.234422
0.232362
0.230316
0.228285
0.226269
0.224269
0.222287
0.220319
0.218365
0.216424
0.214497
0.212583
0.210682
0.208793
0.206916
0.205051
0.203199
0.201357
0.199528
0.197710
0.195902
0.194106
0.192321
0.190546
0.188782
0.187029
0.185286
0.183554
0.181839
0.180140
0.178454
0.176783
0.175129
0.173490
0.171866
0.170258
0.168664
0.167086
0.165521
0.163972
0.162437
0.160916
0.159408
0.157913
0.156432
0.154963
0.153507
0.152064
0.150633
0.149214
0.147806
0.146411
0.145027
0.143655
0.142294
0.140945
0.139606
0.138278
0.136960
0.135652
0.134355
0.133067
0.131792
0.130530
0.129278
0.128035
0.126801
0.125576
0.124361
0.123154
0.121956
0.120766
0.119584
0.118411
0.117245
0.116088
0.114938
0.113796
0.112661
0.111533
0.110413
0.109300
0.108195
0.107096
0.106005
0.104919
0.103841
0.102769
0.101704
0.100644
0.099591
0.098544
0.097503
0.096468
0.095439
0.094415
0.093397
0.092385
0.091378
0.090377
0.089381
0.088390
0.087404
0.086424
0.085448
0.084477
0.083511
0.082549
0.081592
0.080640
0.079699
0.078762
0.077835
0.076913
0.075995
0.075080
0.074170
0.073263
0.072360
0.071461
0.070567
0.069679
0.068798
0.067924
0.067057
0.066196
0.065343
0.064496
0.063655
0.062821
0.061993
0.061174
0.060364
0.059560
0.058761
0.057968
0.057181
0.056399
0.055623
0.054858
0.054098
0.053343
0.052593
0.051849
0.051112
0.050383
0.049662
0.048952
0.048252
0.047564
0.046887
0.046221
0.045565
0.044919
0.044285
0.043660
0.043046
0.042441
0.041846
0.041261
0.040684
0.040117
0.039559
0.039010
0.038469
0.037937
0.037413
0.036898
0.036391
0.035893
0.035403
0.034920
0.034450
0.033988
0.033534
0.033091
0.032658
0.032231
0.031811
0.031398
0.030992
0.030592
0.030198
0.029811
0.029442
0.029080
0.028723
0.028372
0.028027
0.027687
0.027356
0.027033
0.026715
0.026403
0.026095
0.025792
0.025494
0.025208
0.024926
0.024648
0.024375
0.024106
0.023841
0.023581
0.023325
0.023073
0.022825
0.022580
0.022340
0.022103
0.021871
0.021642
0.021417
0.021195
0.020977
0.020762
0.020551
0.020343
0.020139
0.019937
0.019739
0.019544
0.019353
0.019164
0.018978
0.018795
0.018615
0.018438
0.018264
0.018093
0.017925
0.017759
0.017595
0.017435
0.017277
0.017121
0.016968
0.016817
0.016669
0.016523
0.016379
0.016238
0.016099
0.015962
0.015828
0.015695
0.015565
0.015437
0.015314
0.015196
0.015080
0.014967
0.014861
0.014756
0.014653
0.014552
0.014453
0.014355
0.014259
0.014164
0.014071
0.013979
0.013888
0.013799
0.013712
0.013626
0.013541
0.013458
0.013376
0.013295
0.013216
0.013137
0.013061
0.012985
0.012910
0.012837
0.012765
0.012694
0.012624
0.012555
0.012488
0.012421
0.012356
0.012291
0.012228
0.012165
0.012104
0.012044
0.011984
0.011926
0.011868
0.011812
0.011756
0.011701
0.011647
0.011594
0.011541
0.011490
0.011439
0.011390
0.011341
0.011292
0.011245
0.011198
0.011152
0.011107
0.011063
0.011019
0.010976
0.010933
0.010892
0.010850
0.010810
0.010770
0.010731
0.010693
0.010655
0.010618
0.010581
0.010545
0.010509
0.010474
0.010440
0.010406
0.010373
0.010340
0.010308
0.010276
0.010245
0.010214
0.010184
0.010154
0.010125
0.010096
0.010067
0.010040
0.010012
0.009985
0.009958
0.009932
0.009907
0.009888
0.009869
0.009851
0.009833
0.009815
0.009798
0.009780
0.009763
0.009747
0.009730
0.009714
0.009698
0.009683
0.009667
0.009652
0.009637
0.009622
0.009608
0.009594
0.009580
0.009566
0.009552
0.009539
0.009529
0.009522
0.009516
0.009510
0.009510
0.009510
0.009510
0.009510
0.009510
0.009510
0.009510
0.009510
0.009510
0.009510
0.009510
0.009510
0.009510
0.009510
0.009510
0.009510
0.009510
0.009510
0.009510
0.009510
0.009510
0.009510
0.009510
0.009510
0.009510
0.009510
0.009510
0.009510
0.009510
0.009510
0.009510
0.009510
0.009510
0.009510
0.009510
0.009510
0.009510
0.009510
0.009510
0.009510
0.009510
0.009510
0.009510
0.009510
0.009510
0.009510
0.009510
0.009510
0.009510
0.009510
0.009510
0.009510
0.009510
0.009510
0.009510
0.009510
0.009510
0.009510
0.009510
0.009510
0.009510
0.009510
0.009510
0.009510
0.009510
0.009510
0.009510
0.009510
0.009510
0.009510
0.009510
0.009510
0.009510
0.009510
0.009510
0.009510
0.009510
0.009510
0.009510
0.009510
0.009510
0.009510
0.009510
0.009510
0.009510
0.009510
0.009510
0.009510
0.009510
0.009510
0.009510
0.009510
0.009510
0.009510
0.009510
0.009510
0.009510
0.009510
0.009510
0.009510
0.009510
0.009510
0.009510
0.009510
0.009510
0.009510
0.009510
0.009510
0.009510
0.009510
0.009510
0.009510
0.009510
0.009510
0.009510
0.009510
0.009510
0.009510
0.009510
0.009510
0.009510
0.009510
0.009510
0.009510
0.009510
0.009510
0.009510
0.009510
0.009510
0.009510
0.009510
0.009510
0.009510
0.009510
0.009510
0.009510
0.009510
0.009510
0.009510
0.009510
0.009510
0.009510
0.009510
0.009510
0.009510
0.009510
0.009510
0.009510
0.009510
0.009510
0.009510
0.009510
0.009510
0.009510
0.009510
0.009510
0.009510
0.009510
0.009510
0.009510
0.009510
0.009510
0.009510
0.009510
0.009510
0.009510
0.009510
0.009510
0.009510
0.009510
0.009510
0.009510
0.009510
0.009510
0.009510
0.009510
0.009510
0.009510
0.009510
0.009510
0.009510
0.009510
0.009510
0.009510
0.009510
0.009510
0.009510
0.009510
0.009510
0.009510
0.009510
0.009510
0.009510
0.009510
0.009510
0.009510
0.009510
0.009510
0.009510
0.009510
0.009510
0.009510
0.009510
0.009510
0.009510
0.009510
0.009510
0.009510
0.009510
0.009510
0.009510
0.009510
0.009510
0.009510
0.009510
0.009510
0.009510
0.009510
0.009510
0.009510
0.009510
0.009510
0.009510
0.009510
0.009510
0.009510
0.009510
0.009510
0.009510
0.009510
0.009510
0.009510
0.009510
0.009510
0.009510
0.009510
0.009510
0.009510
0.009510
0.009510
0.009510
0.009510
0.009510
0.009510
0.009510
0.009510
0.009510
0.009510
0.009510
0.009510
0.009510
0.009510
0.009510
0.009510
0.009510
0.009510
0.009510
0.009510
0.009510
0.009510
0.009510
0.009510
0.009510
0.009510
0.009510
0.009510
0.009510
0.009510
0.009510
0.009510
0.009510
0.009510
0.009510
0.009510
0.009510
0.009510
0.009510
0.009510
0.009510
0.009510
0.009510
0.009510
0.009510
0.009510
0.009510
0.009510
0.009510
0.009510
0.009510
0.009510
0.009510
0.009510
0.009510
0.009510
0.009510
0.009510
0.009510
0.009510
0.009510
0.009510
0.009510
0.009510
0.009510
0.009510
0.009510
0.009510
0.009510
0.009510
0.009510
0.009510
0.009510
0.009510
0.009510
0.009510
0.009510
0.009510
0.009510
0.009510
0.009510
0.009510
0.009510
0.009510
0.009510
0.009510
0.009510
0.009510
0.009510
0.009510
0.009510
0.009510
0.009510
0.009510
0.009510
0.009510
0.009510
0.009510
0.009510
0.009510
0.009510
0.009510
0.009510
0.009510
0.009510
0.009510
0.009510
0.009510
0.009510
0.009510
0.009510
0.009510
0.009510
0.009510
0.009510
0.009510
0.009510
0.009510
0.009510
0.009510
0.009510
0.009510
0.009510
0.009510
0.009510
0.009510
0.009510
0.009510
0.009510
0.009510
0.009510
0.009510
0.009510
0.009510
0.009510
0.009510
0.009510
0.009510
0.009510
0.009510
0.009510
0.009510
0.009510
0.009510
0.009510
0.009510
0.009510
0.009510
0.009510
0.009510
0.009510
0.009510
0.009510
0.009510
0.009510
0.009510
0.009510
0.009510
0.009510
0.009510
0.009510
0.009510
0.009510
0.009510
0.009510
0.009510
0.009510
0.009510
0.009510
0.009510
0.009510
0.009510
0.009510
0.009510
0.009510
0.009510
0.009510
0.009510
0.009510
0.009510
0.009510
0.009510
0.009510
0.009510
0.009510
0.009510
0.009510
0.009510
0.009510
0.009510
0.009510
0.009510
0.009510
0.009510
0.009510
0.009510
0.009510
0.009510
0.009510
0.009510
0.009510
0.009510
0.009510
0.009510
0.009510
0.009510
0.009510
0.009510
0.009510
0.009510
0.009510
0.009510
0.009510
0.009510
0.009510
0.009510
0.009510
0.009510
0.009510
0.009510
0.009510
0.009510
0.009510
0.009510
0.009510
0.009510
0.009510
0.009510
0.009510
0.009510
0.009510
0.009510
0.009510
0.009510
0.009510
0.009510
0.009510
0.009510
0.009510
0.009510
0.009510
0.009510
0.009510
0.009510
0.009510
0.009510
0.009510
0.009510
0.009510
0.009510
0.009510
0.009510
0.009510
0.009510
0.009510
0.009510
0.009510
0.009510
0.009510
0.009510
0.009510
0.009510
0.009510
0.009510
0.009510
0.009510
0.009510
0.009510
0.009510
0.009510
0.009510
0.009510
0.009510
0.009510
0.009510
0.009510
0.009510
0.009510
0.009510
0.009510
0.009510
0.009510
0.009510
0.009510
0.009510
0.009510
0.009510
0.009510
0.009510
0.009510
0.009510
0.009510
0.009510
0.009510
0.009510
0.009510
0.009510
0.009510
0.009510
0.009510
0.009510
0.009510
0.009510
0.009510
0.009510
0.009510
0.009510
0.009510
0.009510
0.009510
0.009510
0.009510
0.009510
0.009510
0.009510
0.009510
0.009510
0.009510
0.009510
0.009510
0.009510
0.009510
0.009510
0.009510
0.009510
0.009510
0.009510
0.009510
0.009510
0.009510
0.009510
0.009510
0.009510
0.009510
0.009510
0.009510
0.009510
0.009510
0.009510
0.009510
0.009510
0.009510
0.009510
0.009510
0.009510
0.009510
0.009510
0.009510
0.009510
0.009510
0.009510
0.009510
0.009510
0.009510
0.009510
0.009510
0.009510
0.009510
0.009510
0.009510
0.009510
0.009510
0.009510
0.009510
0.009510
0.009510
0.009510
0.009510
0.009510
0.009510
0.009510
0.009510
0.009510
0.009510
0.009510
0.009510
0.009510
0.009510
0.009510
0.009510
0.009510
0.009510
0.009510
0.009510
0.009510
0.009510
0.009510
0.009510
0.009510
0.009510
0.009510
0.009510
0.009510
0.009510
0.009510
0.009510
0.009510
0.009510
0.009510
0.009510
0.009510
0.009510
0.009510
0.009510
0.009510
0.009510
0.009510
0.009510
0.009510
0.009510
0.009510
0.009510
0.009510
0.009510
0.009510
0.009510
0.009510
0.009510
0.009510
0.009510
0.009510
0.009510
0.009510
0.009510
0.009510
0.009510
0.009510
0.009510
0.009510
0.009510
0.009510
0.009510
0.009510
0.009510
0.009510
0.009510
0.009510
0.009510
0.009510
0.009510
0.009510
0.009510
0.009510
0.009510
0.009510
0.009510
0.009510
0.009510
0.009510
0.009510
0.009510
0.009510
0.009510
0.009510
0.009510
0.009510
0.009510
0.009510
0.009510
0.009510
0.009510
0.009510
0.009510
0.009510
0.009510
0.009510
0.009510
0.009510
0.009510
0.009510
0.009510
0.009510
0.009510
0.009510
0.009510
0.009510
0.009510
0.009510
0.009510
0.009510
0.009510
0.009510
0.009510
0.009510
0.009510
0.009510
0.009510
0.009510
0.009510
0.009510
0.009510
0.009510
0.009510
0.009510
0.009510
0.009510
0.009510
0.009510
0.009510
0.009510
0.009510
0.009510
0.009510
0.009510
0.009510
0.009510
0.009510
0.009510
0.009510
0.009510
0.009510
0.009510
0.009510
0.009510
0.009510
0.009510
0.009510
0.009510
0.009510
0.009510
0.009510
0.009510
0.009510
0.009510
0.009510
0.009510
0.009510
0.009510
0.009510
0.009510
0.009510
0.009510
0.009510
0.009510
0.009510
0.009510
0.009510
0.009510
0.009510
0.009510
0.009510
0.009510
0.009510
0.009510
0.009510
0.009510
0.009510
0.009510
0.009510
0.009510
0.009510
0.009510
0.009510
0.009510
0.009510
0.009510
0.009510
0.009510
0.009510
0.009510
0.009510
0.009510
0.009510
0.009510
0.009510
0.009510
0.009510
0.009510
0.009510
0.009510
0.009510
0.009510
0.009510
0.009510
0.009510
0.009510
0.009510
0.009510
0.009510
0.009510
0.009510
0.009510
0.009510
0.009510
0.009510
0.009510
0.009510
0.009510
0.009510
0.009510
0.009510
0.009510
0.009510
0.009510
0.009510
0.009510
0.009510
0.009510
0.009510
0.009510
0.009510
0.009510
0.009510
0.009510
0.009510
0.009510
0.009510
0.009510
0.009510
0.009510
0.009510
0.009510
0.009510
0.009510
0.009510
0.009510
0.009510
0.009510
0.009510
0.009510
0.009510
0.009510
0.009510
0.009510
0.009510
0.009510
0.009510
0.009510
0.009510
0.009510
0.009510
0.009510
0.009510
0.009510
0.009510
0.009510
0.009510
0.009510
0.009510
0.009510
0.009510
0.009510
0.009510
0.009510
0.009510
0.009510
0.009510
0.009510
0.009510
0.009510
0.009510
0.009510
0.009510
0.009510
0.009510
0.009510
0.009510
0.009510
0.009510
0.009510
0.009510
0.009510
0.009510
0.009510
0.009510
0.009510
0.009510
0.009510
0.009510
0.009510
0.009510
0.009510
0.009510
0.009510
0.009510
0.009510
0.009510
0.009510
0.009510
0.009510
0.009510
0.009510
0.009510
0.009510
0.009510
0.009510
0.009510
0.009510
0.009510
0.009510
0.009510
0.009510
0.009510
0.009510
0.009510
0.009510
0.009510
0.009510
0.009510
0.009510
0.009510
0.009510
0.009510
0.009510
0.009510
0.009510
0.009510
0.009510
0.009510
0.009510
0.009510
0.009510
0.009510
0.009510
0.009510
0.009510
0.009510
0.009510
0.009510
0.009510
0.009510
0.009510
0.009510
0.009510
0.009510
0.009510
0.009510
0.009510
0.009510
0.009510
0.009510
0.009510
0.009510
0.009510
0.009510
0.009510
0.009510
0.009510
0.009510
0.009510
0.009510
0.009510
0.009510
0.009510
0.009510
0.009510
0.009510
0.009510
0.009510
0.009510
0.009510
0.009510
0.009510
0.009510
0.009510
0.009510
0.009510
0.009510
0.009510
0.009510
0.009510
0.009510
0.009510
0.009510
0.009510
0.009510
0.009510
0.009510
0.009510
0.009510
0.009510
0.009510
0.009510
0.009510
0.009510
0.009510
0.009510
0.009510
0.009510
0.009510
0.009510
0.009510
0.009510
0.009510
0.009510
0.009510
0.009510
0.009510
0.009510
0.009510
0.009510
0.009510
0.009510
0.009510
0.009510
0.009510
0.009510
0.009510
0.009510
0.009510
0.009510
0.009510
0.009510
0.009510
0.009510
0.009510
0.009510
0.009510
0.009510
0.009510
0.009510
0.009510
0.009510
0.009510
0.009510
0.009510
0.009510
0.009510
0.009510
0.009510
0.009510
0.009510
0.009510
0.009510
0.009510
0.009510
0.009510
0.009510
0.009510
0.009510
0.009510
0.009510
0.009510
0.009510
0.009510
0.009510
0.009510
0.009510
0.009510
0.009510
0.009510
0.009510
0.009510
0.009510
0.009510
0.009510
0.009510
0.009510
0.009510
0.009510
0.009510
0.009510
0.009510
0.009510
0.009510
0.009510
0.009510
0.009510
0.009510
0.009510
0.009510
0.009510
0.009510
0.009510
0.009510
0.009510
0.009510
0.009510
0.009510
0.009510
0.009510
0.009510
0.009510
0.009510
0.009510
0.009510
0.009510
0.009510
0.009510
0.009510
0.009510
0.009510
0.009510
0.009510
0.009510
0.009510
0.009510
0.009510
0.009510
0.009510
0.009510
0.009510
0.009510
0.009510
0.009510
0.009510
0.009510
0.009510
0.009510
0.009510
0.009510
0.009510
0.009510
0.009510
0.009510
0.009510
0.009510
0.009510
0.009510
0.009510
0.009510
0.009510
0.009510
0.009510
0.009510
0.009510
0.009510
0.009510
0.009510
0.009510
0.009510
0.009510
0.009510
0.009510
0.009510
0.009510
0.009510
0.009510
0.009510
0.009510
0.009510
0.009510
0.009510
0.009510
0.009510
0.009510
0.009510
0.009510
0.009510
0.009510
0.009510
0.009510
0.009510
0.009510
0.009510
0.009510
0.009510
0.009510
0.009510
0.009510
0.009510
0.009510
0.009510
0.009510
0.009510
0.009510
0.009510
0.009510
0.009510
0.009510
0.009510
0.009510
0.009510
0.009510
0.009510
0.009510
0.009510
0.009510
0.009510
0.009510
0.009510
0.009510
0.009510
0.009510
0.009510
0.009510
0.009510
0.009510
0.009510
0.009510
0.009510
0.009510
0.009510
0.009510
0.009510
0.009510
0.009510
0.009510
0.009510
0.009510
0.009510
0.009510
0.009510
0.009510
0.009510
0.009510
0.009510
0.009510
0.009510
0.009510
0.009510
0.009510
0.009510
0.009510
0.009510
0.009510
0.009510
0.009510
0.009510
0.009510
0.009510
0.009510
0.009510
0.009510
0.009510
0.009510
0.009510
0.009510
0.009510
0.009510
0.009510
0.009510
0.009510
0.009510
0.009510
0.009510
0.009510
0.009510
0.009510
0.009510
0.009510
0.009510
0.009510
0.009510
0.009510
0.009510
0.009510
0.009510
0.009510
0.009510
0.009510
0.009510
0.009510
0.009510
0.009510
0.009510
0.009510
0.009510
0.009510
0.009510
0.009510
0.009510
0.009510
0.009510
0.009510
0.009510
0.009510
0.009510
0.009510
0.009510
0.009510
0.009510
0.009510
0.009510
0.009510
0.009510
0.009510
0.009510
0.009510
0.009510
0.009510
0.009510
0.009510
0.009510
0.009510
0.009510
0.009510
0.009510
0.009510
0.009510
0.009510
0.009510
0.009510
0.009510
0.009510
0.009510
0.009510
0.009510
0.009510
0.009510
0.009510
0.009510
0.009510
0.009510
0.009510
0.009510
0.009510
0.009510
0.009510
0.009510
0.009510
0.009510
0.009510
0.009510
0.009510
0.009510
0.009510
0.009510
0.009510
0.009510
0.009510
0.009510
0.009510
0.009510
0.009510
0.009510
0.009510
0.009510
0.009510
0.009510
0.009510
0.009510
0.009510
0.009510
0.009510
0.009510
0.009510
0.009510
0.009510
0.009510
0.009510
0.009510
0.009510
0.009510
0.009510
0.009510
0.009510
0.009510
0.009510
0.009510
0.009510
0.009510
0.009510
0.009510
0.009510
0.009510
0.009510
0.009510
0.009510
0.009510
0.009510
0.009510
0.009510
0.009510
0.009510
0.009510
0.009510
0.009510
0.009510
0.009510
0.009510
0.009510
0.009510
0.009510
0.009510
0.009510
0.009510
0.009510
0.009510
0.009510
0.009510
0.009510
0.009510
0.009510
0.009510
0.009510
0.009510
0.009510
0.009510
0.009510
0.009510
0.009510
0.009510
0.009510
0.009510
0.009510
0.009510
0.009510
0.009510
0.009510
0.009510
0.009510
0.009510
0.009510
0.009510
0.009510
0.009510
0.009510
0.009510
0.009510
0.009510
0.009510
0.009510
0.009510
0.009510
0.009510
0.009510
0.009510
0.009510
0.009510
0.009510
0.009510
0.009510
0.009510
0.009510
0.009510
0.009510
0.009510
0.009510
0.009510
0.009510
0.009510
0.009510
0.009510
0.009510
0.009510
0.009510
0.009510
0.009510
0.009510
0.009510
0.009510
0.009510
0.009510
0.009510
0.009510
0.009510
0.009510
0.009510
0.009510
0.009510
0.009510
0.009510
0.009510
0.009510
0.009510
0.009510
0.009510
0.009510
0.009510
0.009510
0.009510
0.009510
0.009510
0.009510
0.009510
0.009510
0.009510
0.009510
0.009510
0.009510
0.009510
0.009510
0.009510
0.009510
0.009510
0.009510
0.009510
0.009510
0.009510
0.009510
0.009510
0.009510
0.009510
0.009510
0.009510
0.009510
0.009510
0.009510
0.009510
0.009510
0.009510
0.009510
0.009510
0.009510
0.009510
0.009510
0.009510
0.009510
0.009510
0.009510
0.009510
0.009510
0.009510
0.009510
0.009510
0.009510
0.009510
0.009510
0.009510
0.009510
0.009510
0.009510
0.009510
0.009510
0.009510
0.009510
0.009510
0.009510
0.009510
0.009510
0.009510
0.009510
0.009510
0.009510
0.009510
0.009510
0.009510
0.009510
0.009510
0.009510
0.009510
0.009510
0.009510
0.009510
0.009510
0.009510
0.009510
0.009510
0.009510
0.009510
0.009510
0.009510
0.009510
0.009510
0.009510
0.009510
0.009510
0.009510
0.009510
0.009510
0.009510
0.009510
0.009510
0.009510
0.009510
0.009510
0.009510
0.009510
0.009510
0.009510
0.009510
0.009510
0.009510
0.009510
0.009510
0.009510
0.009510
0.009510
0.009510
0.009510
0.009510
0.009510
0.009510
0.009510
0.009510
0.009510
0.009510
0.009510
0.009510
0.009510
0.009510
0.009510
0.009510
0.009510
0.009510
0.009510
0.009510
0.009510
0.009510
0.009510
0.009510
0.009510
0.009510
0.009510
0.009510
0.009510
0.009510
0.009510
0.009510
0.009510
0.009510
0.009510
0.009510
0.009510
0.009510
0.009510
0.009510
0.009510
0.009510
0.009510
0.009510
0.009510
0.009510
0.009510
0.009510
0.009510
0.009510
0.009510
0.009510
0.009510
0.009510
0.009510
0.009510
0.009510
0.009510
0.009510
0.009510
0.009510
0.009510
0.009510
0.009510
0.009510
0.009510
0.009510
0.009510
0.009510
0.009510
0.009510
0.009510
0.009510
0.009510
0.009510
0.009510
0.009510
0.009510
0.009510
0.009510
0.009510
0.009510
0.009510
0.009510
0.009510
0.009510
0.009510
0.009510
0.009510
0.009510
0.009510
0.009510
0.009510
0.009510
0.009510
0.009510
0.009510
0.009510
0.009510
0.009510
0.009510
0.009510
0.009510
0.009510
0.009510
0.009510
0.009510
0.009510
0.009510
0.009510
0.009510
0.009510
0.009510
0.009510
0.009510
0.009510
0.009510
0.009510
0.009510
0.009510
0.009510
0.009510
0.009510
0.009510
0.009510
0.009510
0.009510
0.009510
0.009510
0.009510
0.009510
0.009510
0.009510
0.009510
0.009510
0.009510
0.009510
0.009510
0.009510
0.009510
0.009510
0.009510
0.009510
0.009510
0.009510
0.009510
0.009510
0.009510
0.009510
0.009510
0.009510
0.009510
0.009510
0.009510
0.009510
0.009510
0.009510
0.009510
0.009510
0.009510
0.009510
0.009510
0.009510
0.009510
0.009510
0.009510
0.009510
0.009510
0.009510
0.009510
0.009510
0.009510
0.009510
0.009510
0.009510
0.009510
0.009510
0.009510
0.009510
0.009510
0.009510
0.009510
0.009510
0.009510
0.009510
0.009510
0.009510
0.009510
0.009510
0.009510
0.009510
0.009510
0.009510
0.009510
0.009510
0.009510
0.009510
0.009510
0.009510
0.009510
0.009510
0.009510
0.009510
0.009510
0.009510
0.009510
0.009510
0.009510
0.009510
0.009510
0.009510
0.009510
0.009510
0.009510
0.009510
0.009510
0.009510
0.009510
0.009510
0.009510
0.009510
0.009510
0.009510
0.009510
0.009510
0.009510
0.009510
0.009510
0.009510
0.009510
0.009510
0.009510
0.009510
0.009510
0.009510
0.009510
0.009510
0.009510
0.009510
0.009510
0.009510
0.009510
0.009510
0.009510
0.009510
0.009510
0.009510
0.009510
0.009510
0.009510
0.009510
0.009510
0.009510
0.009510
0.009510
0.009510
0.009510
0.009510
0.009510
0.009510
0.009510
0.009510
0.009510
0.009510
0.009510
0.009510
0.009510
0.009510
0.009510
0.009510
0.009510
0.009510
0.009510
0.009510
0.009510
0.009510
0.009510
0.009510
0.009510
0.009510
0.009510
0.008852
2.655991
2.650605
2.645221
2.639839
2.634458
2.629079
2.623701
2.618325
2.612951
2.607577
2.602206
2.596836
2.591467
2.586099
2.580733
2.575368
2.570005
2.564643
2.559282
2.553922
2.548563
2.543206
2.537850
2.532495
2.527141
2.521788
2.516437
2.511086
2.505737
2.500388
2.495041
2.489695
2.484349
2.479005
2.473661
2.468319
2.462977
2.457636
2.452297
2.446958
2.441619
2.436282
2.430946
2.425610
2.420275
2.414941
2.409608
2.404276
2.398944
2.393613
2.388283
2.382953
2.377624
2.372296
2.366969
2.361642
2.356316
2.350990
2.345665
2.340341
2.335017
2.329694
2.324372
2.319050
2.313729
2.308408
2.303088
2.297768
2.292449
2.287130
2.281812
2.276495
2.271177
2.265861
2.260545
2.255229
2.249914
2.244599
2.239285
2.233971
2.228657
2.223344
2.218032
2.212719
2.207408
2.202096
2.196785
2.191475
2.186164
2.180854
2.175545
2.170236
2.164927
2.159618
2.154310
2.149002
2.143695
2.138388
2.133081
2.127774
2.122468
2.117162
2.111857
2.106552
2.101252
2.095956
2.090664
2.085376
2.080093
2.074814
2.069538
2.064267
2.059000
2.053743
2.048490
2.043241
2.038001
2.032765
2.027531
2.022301
2.017074
2.011850
2.006629
2.001412
1.996197
1.990984
1.985775
1.980568
1.975365
1.970163
1.964965
1.959769
1.954575
1.949384
1.944196
1.939010
1.933826
1.928644
1.923465
1.918288
1.913114
1.907941
1.902771
1.897602
1.892436
1.887272
1.882110
1.876949
1.871791
1.866635
1.861480
1.856327
1.851176
1.846027
1.840879
1.835734
1.830590
1.825447
1.820306
1.815167
1.810029
1.804893
1.799758
1.794625
1.789493
1.784363
1.779234
1.774107
1.768980
1.763856
1.758732
1.753610
1.748489
1.743369
1.738251
1.733133
1.728017
1.722902
1.717789
1.712676
1.707564
1.702454
1.697344
1.692236
1.687129
1.682022
1.676917
1.671813
1.666709
1.661607
1.656505
1.651405
1.646305
1.641206
1.636109
1.631016
1.625929
1.620846
1.615767
1.610694
1.605625
1.600560
1.595500
1.590444
1.585393
1.580345
1.575302
1.570263
1.565227
1.560196
1.555168
1.550145
1.545124
1.540108
1.535095
1.530086
1.525080
1.520078
1.515078
1.510083
1.505090
1.500100
1.495114
1.490131
1.485151
1.480173
1.475199
1.470227
1.465259
1.460293
1.455329
1.450369
1.445411
1.440455
1.435502
1.430552
1.425604
1.420659
1.415715
1.410774
1.405836
1.400900
1.395965
1.391033
1.386104
1.381176
1.376250
1.371327
1.366405
1.361485
1.356567
1.351651
1.346737
1.341825
1.336915
1.332006
1.327099
1.322194
1.317290
1.312388
1.307488
1.302589
1.297692
1.292796
1.287902
1.283009
1.278118
1.273228
1.268340
1.263453
1.258567
1.253683
1.248800
1.243918
1.239038
1.234158
1.229280
1.224404
1.219528
1.214654
1.209780
1.204908
1.200037
1.195167
1.190298
1.185430
1.180563
1.175697
1.170833
1.165969
1.161106
1.156244
1.151383
1.146523
1.141663
1.136805
1.131947
1.127091
1.122235
1.117380
1.112526
1.107672
1.102820
1.097968
1.093117
1.088266
1.083417
1.078568
1.073723
1.068882
1.064042
1.059203
1.054367
1.049536
1.044710
1.039888
1.035070
1.030256
1.025447
1.020642
1.015841
1.011044
1.006251
1.001461
0.996676
0.991894
0.987116
0.982344
0.977579
0.972822
0.968072
0.963330
0.958594
0.953866
0.949144
0.944429
0.939721
0.935020
0.930325
0.925636
0.920953
0.916277
0.911606
0.906942
0.902283
0.897631
0.892990
0.888363
0.883749
0.879149
0.874561
0.869986
0.865424
0.860874
0.856336
0.851810
0.847295
0.842792
0.838300
0.833820
0.829350
0.824891
0.820442
0.816004
0.811576
0.807158
0.802750
0.798351
0.793962
0.789582
0.785212
0.780850
0.776497
0.772153
0.767818
0.763490
0.759172
0.754861
0.750558
0.746263
0.741976
0.737696
0.733424
0.729159
0.724901
0.720651
0.716407
0.712170
0.707940
0.703716
0.699499
0.695288
0.691084
0.686885
0.682693
0.678506
0.674326
0.670151
0.665982
0.661823
0.657671
0.653525
0.649384
0.645248
0.641117
0.636991
0.632870
0.628753
0.624641
0.620534
0.616431
0.612333
0.608238
0.604148
0.600063
0.595981
0.591903
0.587830
0.583760
0.579694
0.575632
0.571575
0.567524
0.563481
0.559445
0.555417
0.551396
0.547382
0.543375
0.539375
0.535384
0.531402
0.527431
0.523473
0.519530
0.515600
0.511685
0.507783
0.503894
0.500018
0.496156
0.492306
0.488468
0.484643
0.480829
0.477028
0.473238
0.469459
0.465692
0.461936
0.458190
0.454456
0.450731
0.447019
0.443319
0.439634
0.435963
0.432305
0.428660
0.425032
0.421420
0.417825
0.414246
0.410683
0.407136
0.403605
0.400088
0.396587
0.393101
0.389628
0.386173
0.382735
0.379316
0.375919
0.372545
0.369199
0.365881
0.362591
0.359329
0.356094
0.352886
0.349703
0.346547
0.343415
0.340309
0.337227
0.334169
0.331135
0.328124
0.325136
0.322170
0.319226
0.316304
0.313403
0.310523
0.307666
0.304833
0.302024
0.299238
0.296475
0.293735
0.291017
0.288322
0.285647
0.282994
0.280362
0.277750
0.275158
0.272586
0.270033
0.267499
0.264988
0.262498
0.260031
0.257585
0.255161
0.252758
0.250381
0.248025
0.245689
0.243373
0.241076
0.238797
0.236537
0.234295
0.232071
0.229865
0.227676
0.225504
0.223348
0.221209
0.219086
0.216985
0.214900
0.212830
0.210775
0.208735
0.206709
0.204697
0.202699
0.200715
0.198744
0.196787
0.194842
0.192910
0.190991
0.189084
0.187189
0.185306
0.183435
0.181575
0.179739
0.177915
0.176103
0.174305
0.172521
0.170751
0.168996
0.167254
0.165525
0.163809
0.162107
0.160417
0.158740
0.157075
0.155422
0.153781
0.152151
0.150533
0.148927
0.147331
0.145746
0.144172
0.142609
0.141056
0.139513
0.137980
0.136456
0.134943
0.133439
0.131944
0.130458
0.128982
0.127514
0.126055
0.124604
0.123162
0.121728
0.120302
0.118885
0.117475
0.116072
0.114678
0.113290
0.111910
0.110538
0.109172
0.107813
0.106462
0.105123
0.103793
0.102475
0.101166
0.099868
0.098579
0.097301
0.096031
0.094772
0.093521
0.092280
0.091047
0.089824
0.088609
0.087402
0.086204
0.085014
0.083832
0.082660
0.081501
0.080353
0.079217
0.078092
0.076978
0.075875
0.074783
0.073701
0.072630
0.071575
0.070530
0.069497
0.068477
0.067470
0.066477
0.065496
0.064528
0.063574
0.062637
0.061713
0.060808
0.059913
0.059030
0.058158
0.057297
0.056446
0.055606
0.054776
0.053957
0.053147
0.052347
0.051557
0.050776
0.050004
0.049242
0.048488
0.047743
0.047007
0.046280
0.045561
0.044854
0.044165
0.043489
0.042824
0.042170
0.041528
0.040904
0.040290
0.039686
0.039093
0.038511
0.037938
0.037375
0.036822
0.036278
0.035743
0.035219
0.034709
0.034209
0.033718
0.033242
0.032781
0.032334
0.031894
0.031462
0.031038
0.030621
0.030211
0.029808
0.029412
0.029022
0.028640
0.028264
0.027894
0.027531
0.027174
0.026823
0.026479
0.026140
0.025807
0.025479
0.025159
0.024849
0.024545
0.024246
0.023953
0.023664
0.023380
0.023102
0.022828
0.022558
0.022294
0.022033
0.021778
0.021526
0.021279
0.021037
0.020799
0.020572
0.020348
0.020128
0.019912
0.019700
0.019491
0.019286
0.019084
0.018886
0.018691
0.018499
0.018311
0.018126
0.017945
0.017766
0.017590
0.017418
0.017248
0.017082
0.016918
0.016757
0.016598
0.016443
0.016290
0.016140
0.015992
0.015847
0.015704
0.015564
0.015427
0.015291
0.015158
0.015027
0.014899
0.014772
0.014648
0.014526
0.014406
0.014288
0.014172
0.014059
0.013947
0.013838
0.013737
0.013638
0.013540
0.013443
0.013349
0.013256
0.013165
0.013075
0.012987
0.012900
0.012815
0.012731
0.012649
0.012568
0.012488
0.012410
0.012333
0.012258
0.012184
0.012111
0.012039
0.011968
0.011899
0.011831
0.011764
0.011699
0.011634
0.011571
0.011508
0.011447
0.011387
0.011327
0.011269
0.011212
0.011156
0.011100
0.011046
0.010993
0.010940
0.010889
0.010838
0.010788
0.010739
0.010691
0.010646
0.010606
0.010567
0.010529
0.010491
0.010454
0.010418
0.010382
0.010347
0.010312
0.010278
0.010245
0.010212
0.010179
0.010148
0.010117
0.010086
0.010056
0.010029
0.010006
0.009984
0.009963
0.009942
0.009921
0.009901
0.009881
0.009861
0.009841
0.009822
0.009804
0.009785
0.009770
0.009759
0.009748
0.009737
0.009727
0.009716
0.009706
0.009696
0.009687
0.009677
0.009667
0.009658
0.009649
0.009640
0.009631
0.009623
0.009614
0.009606
0.009597
0.009589
0.009581
0.009574
0.009566
0.009558
0.009551
0.009544
0.009537
0.009529
0.009526
0.009526
0.009526
0.009526
0.009526
0.009526
0.009526
0.009526
0.009526
0.009526
0.009526
0.009526
0.009526
0.009526
0.009526
0.009526
0.009526
0.009526
0.009526
0.009526
0.009526
0.009526
0.009526
0.009526
0.009526
0.009526
0.009526
0.009526
0.009526
0.009526
0.009526
0.009526
0.009526
0.009526
0.009526
0.009526
0.009526
0.009526
0.009526
0.009526
0.009526
0.009526
0.009526
0.009526
0.009526
0.009526
0.009526
0.009526
0.009526
0.009526
0.009526
0.009526
0.009526
0.009526
0.009526
0.009526
0.009526
0.009526
0.009526
0.009526
0.009526
0.009526
0.009526
0.009526
0.009526
0.009526
0.009526
0.009526
0.009526
0.009526
0.009526
0.009526
0.009526
0.009526
0.009526
0.009526
0.009526
0.009526
0.009526
0.009526
0.009526
0.009526
0.009526
0.009526
0.009526
0.009526
0.009526
0.009526
0.009526
0.009526
0.009526
0.009526
0.009526
0.009526
0.009526
0.009526
0.009526
0.009526
0.009526
0.009526
0.009526
0.009526
0.009526
0.009526
0.009526
0.009526
0.009526
0.009526
0.009526
0.009526
0.009526
0.009526
0.009526
0.009526
0.009526
0.009526
0.009526
0.009526
0.009526
0.009526
0.009526
0.009526
0.009526
0.009526
0.009526
0.009526
0.009526
0.009526
0.009526
0.009526
0.009526
0.009526
0.009526
0.009526
0.009526
0.009526
0.009526
0.009526
0.009526
0.009526
0.009526
0.009526
0.009526
0.009526
0.009526
0.009526
0.009526
0.009526
0.009526
0.009526
0.009526
0.009526
0.009526
0.009526
0.009526
0.009526
0.009526
0.009526
0.009526
0.009526
0.009526
0.009526
0.009526
0.009526
0.009526
0.009526
0.009526
0.009526
0.009526
0.009526
0.009526
0.009526
0.009526
0.009526
0.009526
0.009526
0.009526
0.009526
0.009526
0.009526
0.009526
0.009526
0.009526
0.009526
0.009526
0.009526
0.009526
0.009526
0.009526
0.009526
0.009526
0.009526
0.009526
0.009526
0.009526
0.009526
0.009526
0.009526
0.009526
0.009526
0.009526
0.009526
0.009526
0.009526
0.009526
0.009526
0.009526
0.009526
0.009526
0.009526
0.009526
0.009526
0.009526
0.009526
0.009526
0.009526
0.009526
0.009526
0.009526
0.009526
0.009526
0.009526
0.009526
0.009526
0.009526
0.009526
0.009526
0.009526
0.009526
0.009526
0.009526
0.009526
0.009526
0.009526
0.009526
0.009526
0.009526
0.009526
0.009526
0.009526
0.009526
0.009526
0.009526
0.009526
0.009526
0.009526
0.009526
0.009526
0.009526
0.009526
0.009526
0.009526
0.009526
0.009526
0.009526
0.009526
0.009526
0.009526
0.009526
0.009526
0.009526
0.009526
0.009526
0.009526
0.009526
0.009526
0.009526
0.009526
0.009526
0.009526
0.009526
0.009526
0.009526
0.009526
0.009526
0.009526
0.009526
0.009526
0.009526
0.009526
0.009526
0.009526
0.009526
0.009526
0.009526
0.009526
0.009526
0.009526
0.009526
0.009526
0.009526
0.009526
0.009526
0.009526
0.009526
0.009526
0.009526
0.009526
0.009526
0.009526
0.009526
0.009526
0.009526
0.009526
0.009526
0.009526
0.009526
0.009526
0.009526
0.009526
0.009526
0.009526
0.009526
0.009526
0.009526
0.009526
0.009526
0.009526
0.009526
0.009526
0.009526
0.009526
0.009526
0.009526
0.009526
0.009526
0.009526
0.009526
0.009526
0.009526
0.009526
0.009526
0.009526
0.009526
0.009526
0.009526
0.009526
0.009526
