0.547507
0.547507
0.547507
0.547507
0.547507
0.547507
0.547507
0.547471
0.546795
0.545613
0.543462
0.540320
0.536532
0.532594
0.528569
0.525291
0.521943
0.518841
0.515876
0.512953
0.509996
0.506440
0.503092
0.499713
0.496282
0.492918
0.489794
0.486520
0.483171
0.480058
0.477070
0.473835
0.470808
0.467512
0.464450
0.461043
0.458120
0.454915
0.451996
0.448911
0.445841
0.442686
0.439827
0.436811
0.433895
0.430779
0.427598
0.424819
0.421932
0.418928
0.416116
0.413210
0.410259
0.407265
0.404476
0.401624
0.398775
0.396052
0.393010
0.390370
0.387465
0.384653
0.381987
0.379154
0.376493
0.373546
0.370889
0.368449
0.365600
0.362979
0.360109
0.357422
0.354969
0.352206
0.349582
0.346817
0.344153
0.341659
0.338953
0.336417
0.333707
0.331102
0.328542
0.325967
0.323473
0.320984
0.318418
0.315714
0.313158
0.310717
0.308176
0.305677
0.303294
0.300674
0.298199
0.295699
0.293147
0.290876
0.288158
0.285684
0.283297
0.280803
0.278414
0.276114
0.273672
0.271157
0.268838
0.266486
0.263971
0.261613
0.258946
0.256720
0.254418
0.251940
0.249738
0.247271
0.245056
0.242652
0.240214
0.238177
0.235718
0.233410
0.231183
0.228917
0.226752
0.224524
0.222370
0.219992
0.217856
0.215558
0.213489
0.211361
0.209131
0.206900
0.204812
0.202835
0.200622
0.198624
0.196693
0.194474
0.192286
0.190396
0.188422
0.186423
0.184366
0.182591
0.180329
0.178591
0.176648
0.174669
0.172714
0.170720
0.168857
0.167171
0.165355
0.163461
0.161738
0.159528
0.157917
0.156246
0.154281
0.152499
0.150691
0.149286
0.147496
0.145873
0.144100
0.142309
0.140881
0.139139
0.137614
0.135988
0.134277
0.132818
0.130957
0.129504
0.128134
0.126381
0.125046
0.123395
0.121935
0.120575
0.119249
0.117569
0.116249
0.114963
0.113336
0.111904
0.110590
0.109408
0.107793
0.106616
0.105220
0.103927
0.102585
0.101275
0.100025
0.098662
0.097485
0.096169
0.095027
0.093736
0.092489
0.091209
0.090028
0.089044
0.087752
0.086547
0.085440
0.084440
0.083380
0.082027
0.080975
0.080005
0.078985
0.077872
0.076874
0.075812
0.074998
0.074025
0.073033
0.071919
0.071105
0.070251
0.069235
0.068457
0.067461
0.066521
0.065569
0.064762
0.064085
0.063120
0.062275
0.061477
0.060717
0.059873
0.059256
0.058275
0.057581
0.056843
0.056010
0.055402
0.054620
0.053856
0.053366
0.052484
0.051984
0.051412
0.050615
0.050037
0.049286
0.048714
0.047938
0.047333
0.046761
0.046148
0.045601
0.045176
0.044604
0.044032
0.043431
0.042866
0.042210
0.041792
0.041285
0.040932
0.040213
0.039626
0.039207
0.038710
0.038262
0.037883
0.037575
0.036982
0.036488
0.036174
0.035603
0.035132
0.034739
0.034233
0.033874
0.033530
0.033167
0.032824
0.032353
0.032095
0.031680
0.031211
0.030811
0.030452
0.030170
0.029710
0.029457
0.029138
0.028784
0.028431
0.028177
0.027859
0.027607
0.027223
0.026971
0.026546
0.026297
0.025980
0.025690
0.025372
0.025120
0.024799
0.024547
0.024410
0.024064
0.023809
0.023592
0.023446
0.023132
0.022778
0.022631
0.022207
0.022060
0.021853
0.021641
0.021348
0.021246
0.020959
0.020752
0.020543
0.020282
0.020145
0.019938
0.019573
0.019467
0.019366
0.019108
0.018795
0.018759
0.018396
0.018294
0.018188
0.017952
0.017693
0.017589
0.017452
0.017086
0.016980
0.016879
0.016879
0.016516
0.016307
0.016307
0.016056
0.015909
0.015807
0.015702
0.015449
0.015337
0.015131
0.015030
0.015001
0.014641
0.014494
0.014393
0.014393
0.014140
0.014140
0.014029
0.013715
0.013715
0.013568
0.013568
0.013251
0.013215
0.013114
0.012962
0.012856
0.012643
0.012643
0.012542
0.012392
0.012392
0.012184
0.012073
0.011972
0.011867
0.011786
0.011684
0.011684
0.011467
0.011366
0.011366
0.011366
0.011219
0.011219
0.011114
0.010902
0.010902
0.010902
0.010755
0.010651
0.010614
0.010513
0.010513
0.010513
0.010513
0.010306
0.010260
0.010260
0.010159
0.010159
0.010159
0.010054
0.009953
0.009953
0.009953
0.009907
0.009805
0.009805
0.009702
0.009665
0.009564
0.009564
0.009564
0.009564
0.009519
0.009417
0.009311
0.009311
0.009311
0.009210
0.009210
0.009210
0.009210
0.009210
0.009210
0.009063
0.009063
0.009063
0.009063
0.009063
0.008961
0.008961
0.008961
0.008961
0.008961
0.008961
0.008861
0.008861
0.008815
0.008815
0.008815
0.008815
0.008713
0.008713
0.008713
0.008713
0.008713
0.008713
0.008713
0.008613
0.008613
0.008613
0.008613
0.008567
0.008567
0.008567
0.008567
0.008465
0.008465
0.008465
0.008465
0.008465
0.008465
0.008465
0.008465
0.008465
0.008465
0.008465
0.008465
0.008465
0.008465
0.008465
0.008465
0.008465
0.008465
0.008465
0.008465
0.008465
0.008465
0.008465
0.008465
0.008465
0.008465
0.008465
0.008465
0.008465
0.008465
0.008465
0.008465
0.008465
0.008465
0.008465
0.008465
0.008465
0.008465
0.008465
0.008465
0.008465
0.008465
0.008465
0.008465
0.008465
0.008465
0.008465
0.008465
0.008465
0.008465
0.008465
0.008465
0.008465
0.008465
0.008465
0.008465
0.008465
0.008465
0.008465
0.008465
0.008465
0.008465
0.008465
0.008465
0.008465
0.008465
0.008465
0.008465
0.008465
0.008465
0.008465
0.008465
0.008465
0.008465
0.008465
0.008465
0.008465
0.008465
0.008465
0.008465
0.008465
0.008465
0.008465
0.008465
0.008465
0.008465
0.008465
0.008465
0.008465
0.008465
0.008465
0.008465
0.008465
0.008465
0.008465
0.008465
0.008465
0.008465
0.008465
0.008465
0.008465
0.008465
0.008465
0.008465
0.008465
0.008465
0.008465
0.008465
0.008465
0.008465
0.008465
0.008465
0.008465
0.008465
0.008465
0.008465
0.008465
0.008465
0.008465
0.008465
0.008465
0.008465
0.008465
0.008465
0.008465
0.008465
0.008465
0.008465
0.008465
0.008465
0.008465
0.008465
0.008465
0.008465
0.008465
0.008465
0.008465
0.008465
0.008465
0.008465
0.008465
0.008465
0.008465
0.008465
0.008465
0.008465
0.008465
0.008465
0.008465
0.008465
0.008465
0.008465
0.008465
0.008465
0.008465
0.008465
0.008465
0.008465
0.008465
0.008465
0.008465
0.008465
0.008465
0.008465
0.008465
0.008465
0.008465
0.008465
0.008465
0.008465
0.008465
0.008465
0.008465
0.008465
0.008465
0.008465
0.008465
0.008465
0.008465
0.008465
0.008465
0.008465
0.008465
0.008465
0.008465
0.008465
0.008465
0.008465
0.008465
0.008465
0.008465
0.008465
0.008465
0.008465
0.008465
0.008465
0.008465
0.008465
0.008465
0.008465
0.008465
0.008465
0.008465
0.008465
0.008465
0.008465
0.008465
0.008465
0.008465
0.008465
0.008465
0.008465
0.008465
0.008465
0.008465
0.008465
0.008465
0.008465
0.008465
0.008465
0.008465
0.008465
0.008465
0.008465
0.008465
0.008465
0.008465
0.008465
0.008465
0.008465
0.008465
0.008465
0.008465
0.008465
0.008465
