2.052802
2.044006
2.035225
2.026461
2.017712
2.008979
2.000260
1.991556
1.982866
1.974190
1.965527
1.956877
1.948240
1.939615
1.931002
1.922400
1.913811
1.905232
1.896665
1.888107
1.879561
1.871024
1.862501
1.853992
1.845498
1.837017
1.828551
1.820100
1.811667
1.803253
1.794855
1.786475
1.778109
1.769761
1.761428
1.753110
1.744806
1.736517
1.728242
1.719980
1.711732
1.703496
1.695273
1.687062
1.678863
1.670676
1.662500
1.654334
1.646180
1.638036
1.629902
1.621778
1.613663
1.605558
1.597462
1.589375
1.581296
1.573226
1.565164
1.557111
1.549064
1.541026
1.532995
1.524976
1.516968
1.508974
1.500993
1.493030
1.485083
1.477151
1.469235
1.461333
1.453446
1.445573
1.437714
1.429868
1.422035
1.414214
1.406407
1.398610
1.390826
1.383053
1.375292
1.367540
1.359800
1.352070
1.344350
1.336639
1.328938
1.321247
1.313564
1.305890
1.298224
1.290567
1.282918
1.275277
1.267643
1.260017
1.252402
1.244805
1.237224
1.229661
1.222113
1.214582
1.207067
1.199572
1.192098
1.184645
1.177217
1.169812
1.162430
1.155070
1.147733
1.140414
1.133119
1.125841
1.118585
1.111346
1.104127
1.096926
1.089746
1.082590
1.075463
1.068359
1.061276
1.054213
1.047169
1.040146
1.033143
1.026160
1.019193
1.012246
1.005317
0.998406
0.991508
0.984627
0.977759
0.970905
0.964066
0.957245
0.950443
0.943657
0.936890
0.930140
0.923413
0.916706
0.910022
0.903360
0.896726
0.890113
0.883526
0.876965
0.870433
0.863927
0.857447
0.850993
0.844568
0.838171
0.831801
0.825461
0.819150
0.812878
0.806635
0.800424
0.794240
0.788086
0.781958
0.775858
0.769785
0.763744
0.757732
0.751749
0.745795
0.739868
0.733968
0.728094
0.722248
0.716430
0.710644
0.704884
0.699156
0.693456
0.687791
0.682155
0.676549
0.670972
0.665424
0.659906
0.654419
0.648964
0.643538
0.638144
0.632777
0.627440
0.622128
0.616846
0.611587
0.606362
0.601159
0.595982
0.590831
0.585705
0.580600
0.575517
0.570455
0.565412
0.560390
0.555387
0.550403
0.545436
0.540489
0.535557
0.530643
0.525745
0.520864
0.515997
0.511146
0.506310
0.501494
0.496697
0.491919
0.487159
0.482416
0.477691
0.472982
0.468290
0.463613
0.458954
0.454307
0.449677
0.445060
0.440458
0.435874
0.431310
0.426762
0.422237
0.417734
0.413253
0.408794
0.404359
0.399946
0.395554
0.391184
0.386831
0.382498
0.378180
0.373880
0.369597
0.365336
0.361095
0.356878
0.352686
0.348523
0.344391
0.340290
0.336217
0.332170
0.328150
0.324153
0.320183
0.316234
0.312310
0.308410
0.304539
0.300693
0.296877
0.293091
0.289334
0.285606
0.281907
0.278235
0.274588
0.270971
0.267381
0.263818
0.260276
0.256760
0.253268
0.249803
0.246363
0.242953
0.239570
0.236212
0.232878
0.229569
0.226288
0.223033
0.219805
0.216602
0.213431
0.210287
0.207180
0.204098
0.201049
0.198027
0.195033
0.192062
0.189118
0.186202
0.183315
0.180455
0.177624
0.174829
0.172065
0.169331
0.166625
0.163948
0.161297
0.158677
0.156084
0.153530
0.151013
0.148536
0.146096
0.143697
0.141336
0.139010
0.136718
0.134460
0.132234
0.130039
0.127877
0.125748
0.123650
0.121577
0.119535
0.117516
0.115526
0.113560
0.111620
0.109702
0.107809
0.105938
0.104090
0.102263
0.100457
0.098672
0.096906
0.095164
0.093444
0.091750
0.090077
0.088428
0.086799
0.085193
0.083607
0.082045
0.080508
0.078995
0.077505
0.076038
0.074595
0.073178
0.071783
0.070407
0.069052
0.067715
0.066400
0.065107
0.063840
0.062593
0.061369
0.060165
0.058983
0.057821
0.056679
0.055560
0.054464
0.053399
0.052360
0.051345
0.050349
0.049376
0.048420
0.047487
0.046570
0.045674
0.044795
0.043934
0.043090
0.042263
0.041453
0.040663
0.039889
0.039133
0.038395
0.037675
0.036970
0.036276
0.035597
0.034928
0.034273
0.033629
0.032997
0.032376
0.031766
0.031171
0.030587
0.030013
0.029452
0.028903
0.028363
0.027832
0.027309
0.026795
0.026288
0.025790
0.025299
0.024818
0.024347
0.023890
0.023444
0.023013
0.022596
0.022190
0.021795
0.021410
0.021035
0.020669
0.020316
0.019975
0.019643
0.019320
0.019011
0.018710
0.018417
0.018131
0.017854
0.017583
0.017319
0.017063
0.016816
0.016578
0.016346
0.016121
0.015904
0.015696
0.015493
0.015296
0.015104
0.014916
0.014734
0.014559
0.014391
0.014231
0.014079
0.013935
0.013796
0.013660
0.013528
0.013399
0.013273
0.013151
0.013032
0.012916
0.012803
0.012693
0.012586
0.012481
0.012380
0.012281
0.012184
0.012090
0.011999
0.011910
0.011823
0.011739
0.011657
0.011577
0.011499
0.011423
0.011349
0.011283
0.011218
0.011155
0.011094
0.011035
0.010977
0.010920
0.010866
0.010818
0.010772
0.010726
0.010682
0.010639
0.010597
0.010556
0.010517
0.010478
0.010440
0.010404
0.010370
0.010341
0.010313
0.010285
0.010258
0.010232
0.010207
0.010182
0.010157
0.010139
0.010122
0.010105
0.010089
0.010073
0.010057
0.010042
0.010027
0.010013
0.009999
0.009985
0.009972
0.009959
0.009946
0.009934
0.009922
0.009910
0.009899
0.009888
0.009877
0.009866
0.009856
0.009846
0.009837
0.009827
0.009818
0.009809
0.009800
0.009792
0.009784
0.009775
0.009768
0.009760
0.009753
0.009745
0.009738
0.009731
0.009725
0.009718
0.009712
0.009706
0.009700
0.009697
0.009697
0.009697
0.009697
0.009697
0.009697
0.009697
0.009697
0.009697
0.009697
0.009697
0.009697
0.009697
0.009697
0.009697
0.009697
0.009697
0.009697
0.009697
0.009697
0.009697
0.009697
0.009697
0.009697
0.009697
0.009697
0.009697
0.009697
0.009697
0.009697
0.009697
0.009697
0.009697
0.009697
0.009697
0.009697
0.009697
0.009697
0.009697
0.009697
0.009697
0.009697
0.009697
0.009697
0.009697
0.009697
0.009697
0.009697
0.009697
0.009697
0.009697
0.009697
0.009697
0.009697
0.009697
0.009697
0.009697
0.009697
0.009697
0.009697
0.009697
0.009697
0.009697
0.009697
0.009697
0.009697
0.009697
0.009697
0.009697
0.009697
0.009697
0.009697
0.009697
0.009697
0.009697
0.009697
0.009697
0.009697
0.009697
0.009697
0.009697
0.009697
0.009697
0.009697
0.009697
0.009697
0.009697
0.009697
0.009697
0.009697
0.009697
0.009697
0.009697
0.009697
0.009697
0.009697
0.009697
0.009697
0.009697
0.009697
0.009697
0.009697
0.009697
0.009697
0.009697
0.009697
0.009697
0.009697
0.009697
0.009697
0.009697
0.009697
0.009697
0.009697
0.009697
0.009697
0.009697
0.009697
0.009697
0.009697
0.009697
0.009697
0.009697
0.009697
0.009697
0.009697
0.009697
0.009697
0.009697
0.009697
0.009697
0.009697
0.009697
0.009697
0.009697
0.009697
0.009697
0.009697
0.009697
0.009697
0.009697
0.009697
0.009697
0.009697
0.009697
0.009697
0.009697
0.009697
0.009697
0.009697
0.009697
0.009697
0.009697
0.009697
0.009697
0.009697
0.009697
0.009697
0.009697
0.009697
0.009697
0.009697
0.009697
0.009697
0.009697
0.009697
0.009697
0.009697
0.009697
0.009697
0.009697
0.009697
0.009697
0.009697
0.009697
0.009697
0.009697
0.009697
0.009697
0.009697
0.009697
0.009697
0.009697
0.009697
0.009697
0.009697
0.009697
0.009697
0.009697
0.009697
0.009697
0.009697
0.009697
0.009697
0.009697
0.009697
0.009697
0.009697
0.009697
0.009697
0.009697
0.009697
0.009697
0.009697
0.009697
0.009697
0.009697
0.009697
0.009697
0.009697
0.009697
0.009697
0.009697
0.009697
0.009697
0.009697
0.009697
0.009697
0.009697
0.009697
0.009697
0.009697
0.009697
0.009697
0.009697
0.009697
0.009697
0.009697
0.009697
0.009697
0.009697
0.009697
0.009697
0.009697
0.009697
0.009697
0.009697
0.009697
0.009697
0.009697
0.009697
0.009697
0.009697
0.009697
0.009697
0.009697
0.009697
0.009697
0.009697
0.009697
0.009697
0.009697
0.009697
0.009697
0.009697
0.009697
0.009697
0.009697
0.009697
0.009697
0.009697
0.009697
0.009697
0.009697
0.009697
0.009697
0.009697
0.009697
0.009697
0.009697
0.009697
0.009697
0.009697
0.009697
0.009697
0.009697
0.009697
0.009697
0.009697
0.009697
0.009697
0.009697
0.009697
0.009697
0.009697
0.009697
0.009697
0.009697
0.009697
0.009697
0.009697
0.009697
0.009697
0.009697
0.009697
0.009697
0.009697
0.009697
0.009697
0.009697
0.009697
0.009697
0.009697
0.009697
0.009697
0.009697
0.009697
0.009697
0.009697
0.009697
0.009697
0.009697
0.009697
0.009697
0.009697
0.009697
0.009697
0.009697
0.009697
0.009697
0.009697
0.009697
0.009697
0.009697
0.009697
0.009697
0.009697
0.009697
0.009697
0.009697
0.009697
0.009697
0.009697
0.009697
0.009697
0.009697
0.009697
0.009697
0.009697
0.009697
0.009697
0.009697
0.009697
0.009697
0.009697
0.009697
0.009697
0.009697
0.009697
0.009697
0.009697
0.009697
0.009697
0.009697
0.009697
0.009697
0.009697
0.009697
0.009697
0.009697
0.009697
0.009697
0.009697
0.009697
0.009697
0.009697
0.009697
0.009697
0.009697
0.009697
0.009697
0.009697
0.009697
0.009697
0.009697
0.009697
0.009697
0.009697
0.009697
0.009697
0.009697
0.009697
0.009697
0.009697
0.009697
0.009697
0.009697
0.009697
0.009697
0.009697
0.009697
0.009697
0.009697
0.009697
0.009697
0.009697
0.009697
0.009697
0.009697
0.009697
0.009697
0.009697
0.009697
0.009697
0.009697
0.009697
0.009697
0.009697
0.009697
0.009697
0.009697
0.009697
0.009697
0.009697
0.009697
0.009697
0.009697
0.009697
0.009697
0.009697
0.009697
0.009697
0.009697
0.009697
0.009697
0.009697
0.009697
0.009697
0.009697
0.009697
0.009697
0.009697
0.009697
0.009697
0.009697
0.009697
0.009697
0.009697
0.009697
0.009697
0.009697
0.009697
0.009697
0.009697
0.009697
0.009697
0.009697
0.009697
0.009697
0.009697
0.009697
0.009697
0.009697
0.009697
0.009697
0.009697
0.009697
0.009697
0.009697
0.009697
0.009697
0.009697
0.009697
0.009697
0.009697
0.009697
0.009697
0.009697
0.009697
0.009697
0.009697
0.009697
0.009697
0.009697
0.009697
0.009697
0.009697
0.009697
0.009697
0.009697
0.009697
0.009697
0.009697
0.009697
0.009697
0.009697
0.009697
0.009697
0.009697
0.009697
0.009697
0.009697
0.009697
0.009697
0.009697
0.009697
0.009697
0.009697
0.009697
0.009697
0.009697
0.009697
0.009697
0.009697
0.009697
0.009697
0.009697
0.009697
0.009697
0.009697
0.009697
0.009697
0.009697
0.009697
0.009697
0.009697
0.009697
0.009697
0.009697
0.009697
0.009697
0.009697
0.009697
0.009697
0.009697
0.009697
0.009697
0.009697
0.009697
0.009697
0.009697
0.009697
0.009697
0.009697
0.009697
0.009697
0.009697
0.009697
0.009697
0.009697
0.009697
0.009697
0.009697
0.009697
0.009697
0.009697
0.009697
0.009697
0.009697
0.009697
0.009697
0.009697
0.009697
0.009697
0.009697
0.009697
0.009697
0.009697
0.009697
0.009697
0.009697
0.009697
0.009697
0.009697
0.009697
0.009697
0.009697
0.009697
0.009697
0.009697
0.009697
0.009697
0.009697
0.009697
0.009697
0.009697
0.009697
0.009697
0.009697
0.009697
0.009697
0.009697
0.009697
0.009697
0.009697
0.009697
0.009697
0.009697
0.009697
0.009697
0.009697
0.009697
0.009697
0.009697
0.009697
0.009697
0.009697
0.009697
0.009697
0.009697
0.009697
0.009697
0.009697
0.009697
0.009697
0.009697
0.009697
0.009697
0.009697
0.009697
0.009697
0.009697
0.009697
0.009697
0.009697
0.009697
0.009697
0.009697
0.009697
0.009697
0.009697
0.009697
0.009697
0.009697
0.009697
0.009697
0.009697
0.009697
0.009697
0.009697
0.009697
0.009697
0.009697
0.009697
0.009697
0.009697
0.009697
0.009697
0.009697
0.009697
0.009697
0.009697
0.009697
0.009697
0.009697
0.009697
0.009697
0.009697
0.009697
0.009697
0.009697
0.009697
0.009697
0.009697
0.009697
0.009697
0.009697
0.009697
5.230419
5.220299
5.210179
5.200059
5.189939
5.179824
5.169716
5.159614
5.149519
5.139430
5.129346
5.119268
5.109196
5.099129
5.089067
5.079010
5.068958
5.058911
5.048869
5.038831
5.028797
5.018768
5.008742
4.998721
4.988704
4.978690
4.968680
4.958673
4.948670
4.938670
4.928674
4.918680
4.908690
4.898702
4.888718
4.878736
4.868757
4.858780
4.848806
4.838835
4.828865
4.818899
4.808934
4.798972
4.789012
4.779054
4.769104
4.759163
4.749230
4.739305
4.729387
4.719477
4.709575
4.699680
4.689791
4.679910
4.670035
4.660166
4.650303
4.640446
4.630596
4.620750
4.610910
4.601076
4.591246
4.581422
4.571602
4.561787
4.551977
4.542170
4.532369
4.522577
4.512795
4.503023
4.493262
4.483510
4.473770
4.464045
4.454336
4.444645
4.434975
4.425327
4.415698
4.406088
4.396497
4.386925
4.377370
4.367832
4.358311
4.348806
4.339317
4.329843
4.320384
4.310940
4.301509
4.292091
4.282688
4.273296
4.263917
4.254550
4.245195
4.235851
4.226518
4.217196
4.207886
4.198592
4.189317
4.180065
4.170834
4.161624
4.152436
4.143267
4.134117
4.124986
4.115874
4.106780
4.097702
4.088641
4.079596
4.070567
4.061553
4.052554
4.043573
4.034611
4.025676
4.016761
4.007864
3.998984
3.990123
3.981279
3.972451
3.963639
3.954843
3.946063
3.937296
3.928544
3.919807
3.911082
3.902370
3.893672
3.884989
3.876325
3.867678
3.859050
3.850439
3.841843
3.833264
3.824701
3.816153
3.807619
3.799099
3.790594
3.782101
3.773622
3.765155
3.756701
3.748258
3.739827
3.731407
3.722998
3.714599
3.706212
3.697833
3.689465
3.681105
3.672761
3.664426
3.656099
3.647781
3.639470
3.631167
3.622871
3.614583
3.606302
3.598027
3.589759
3.581498
3.573242
3.564993
3.556750
3.548512
3.540279
3.532052
3.523831
3.515614
3.507402
3.499195
3.490993
3.482795
3.474602
3.466419
3.458240
3.450065
3.441893
3.433725
3.425566
3.417411
3.409261
3.401125
3.392998
3.384881
3.376773
3.368673
3.360581
3.352497
3.344421
3.336353
3.328291
3.320237
3.312190
3.304150
3.296116
3.288088
3.280066
3.272051
3.264041
3.256036
3.248037
3.240043
3.232055
3.224071
3.216092
3.208118
3.200151
3.192192
3.184242
3.176297
3.168357
3.160425
3.152503
3.144591
3.136688
3.128794
3.120909
3.113034
3.105166
3.097307
3.089455
3.081611
3.073775
3.065951
3.058144
3.050353
3.042575
3.034809
3.027055
3.019313
3.011582
3.003862
2.996152
2.988453
2.980763
2.973084
2.965414
2.957753
2.950100
2.942457
2.934823
2.927204
2.919606
2.912022
2.904450
2.896892
2.889347
2.881813
2.874292
2.866782
2.859283
2.851795
2.844319
2.836862
2.829420
2.821994
2.814583
2.807188
2.799807
2.792440
2.785087
2.777747
2.770420
2.763106
2.755804
2.748514
2.741235
2.733967
2.726710
2.719464
2.712227
2.705001
2.697785
2.690577
2.683378
2.676189
2.669008
2.661835
2.654670
2.647513
2.640364
2.633221
2.626086
2.618958
2.611837
2.604722
2.597613
2.590511
2.583414
2.576323
2.569238
2.562159
2.555084
2.548015
2.540951
2.533891
2.526836
2.519786
2.512740
2.505699
2.498668
2.491641
2.484617
2.477597
2.470581
2.463569
2.456559
2.449553
2.442549
2.435549
2.428552
2.421558
2.414566
2.407577
2.400591
2.393607
2.386626
2.379647
2.372671
2.365696
2.358724
2.351754
2.344786
2.337820
2.330856
2.323894
2.316934
2.309975
2.303018
2.296063
2.289116
2.282170
2.275225
2.268282
2.261341
2.254400
2.247461
2.240523
2.233585
2.226649
2.219715
2.212783
2.205856
2.198931
2.192006
2.185082
2.178158
2.171235
2.164313
2.157392
2.150471
2.143551
2.136631
2.129712
2.122793
2.115876
2.108958
2.102041
2.095125
2.088211
2.081302
2.074393
2.067485
2.060576
2.053668
2.046760
2.039853
2.032945
2.026038
2.019131
2.012225
2.005323
1.998423
1.991523
1.984623
1.977723
1.970823
1.963923
1.957023
1.950123
1.943223
1.936323
1.929423
1.922523
1.915623
1.908723
1.901823
1.894923
1.888023
1.881123
1.874223
1.867323
1.860423
1.853523
1.846623
1.839723
1.832823
1.825923
1.819023
1.812123
1.805223
1.798323
1.791423
1.784523
1.777623
1.770723
1.763823
1.756923
1.750023
1.743123
1.736223
1.729323
1.722423
1.715523
1.708623
1.701723
1.694823
1.687923
1.681023
1.674123
1.667223
1.660323
1.653423
1.646523
1.639623
1.632723
1.625823
1.618923
1.612023
1.605123
1.598223
1.591323
1.584423
1.577523
1.570623
1.563723
1.556823
1.549923
1.543023
1.536123
1.529223
1.522323
1.515423
1.508523
1.501623
1.494723
1.487823
1.480923
1.474023
1.467123
1.460223
1.453323
1.446423
1.439523
1.432623
1.425723
1.418823
1.411923
1.405023
1.398123
1.391223
1.384323
1.377423
1.370523
1.363623
1.356723
1.349823
1.342923
1.336023
1.329123
1.322223
1.315323
1.308423
1.301523
1.294623
1.287723
1.280823
1.273923
1.267023
1.260123
1.253223
1.246323
1.239423
1.232523
1.225623
1.218723
1.211823
1.204923
1.198023
1.191123
1.184223
1.177323
1.170423
1.163523
1.156623
1.149723
1.142823
1.135923
1.129023
1.122123
1.115223
1.108323
1.101423
1.094523
1.087623
1.080723
1.073823
1.066923
1.060023
1.053123
1.046223
1.039323
1.032423
1.025529
1.018653
1.011805
1.004981
0.998181
0.991405
0.984654
0.977925
0.971217
0.964531
0.957867
0.951221
0.944596
0.937990
0.931402
0.924831
0.918278
0.911744
0.905230
0.898739
0.892277
0.885843
0.879437
0.873065
0.866725
0.860416
0.854136
0.847886
0.841666
0.835479
0.829324
0.823204
0.817114
0.811053
0.805023
0.799023
0.793057
0.787124
0.781224
0.775356
0.769517
0.763708
0.757929
0.752177
0.746451
0.740753
0.735080
0.729432
0.723807
0.718207
0.712629
0.707072
0.701537
0.696023
0.690529
0.685054
0.679599
0.674162
0.668742
0.663340
0.657955
0.652586
0.647233
0.641895
0.636573
0.631264
0.625970
0.620689
0.615422
0.610167
0.604925
0.599695
0.594477
0.589271
0.584081
0.578909
0.573754
0.568614
0.563491
0.558384
0.553291
0.548212
0.543148
0.538097
0.533060
0.528035
0.523023
0.518023
0.513034
0.508058
0.503092
0.498137
0.493192
0.488258
0.483333
0.478418
0.473512
0.468615
0.463727
0.458847
0.453976
0.449113
0.444257
0.439408
0.434568
0.429734
0.424907
0.420086
0.415273
0.410465
0.405663
0.400868
0.396078
0.391294
0.386515
0.381742
0.376973
0.372210
0.367451
0.362707
0.357978
0.353264
0.348560
0.343866
0.339181
0.334507
0.329849
0.325206
0.320577
0.315963
0.311362
0.306776
0.302202
0.297642
0.293104
0.288597
0.284125
0.279687
0.275278
0.270908
0.266573
0.262282
0.258035
0.253832
0.249674
0.245555
0.241475
0.237439
0.233444
0.229485
0.225568
0.221694
0.217861
0.214075
0.210343
0.206667
0.203043
0.199470
0.195950
0.192480
0.189058
0.185690
0.182383
0.179132
0.175934
0.172790
0.169700
0.166659
0.163665
0.160721
0.157822
0.154967
0.152155
0.149387
0.146659
0.143970
0.141320
0.138708
0.136131
0.133588
0.131084
0.128618
0.126191
0.123800
0.121448
0.119131
0.116850
0.114611
0.112411
0.110247
0.108120
0.106030
0.103975
0.101957
0.099972
0.098020
0.096097
0.094202
0.092338
0.090501
0.088691
0.086906
0.085148
0.083414
0.081704
0.080017
0.078353
0.076710
0.075089
0.073488
0.071908
0.070347
0.068804
0.067280
0.065774
0.064285
0.062814
0.061372
0.059957
0.058570
0.057212
0.055880
0.054573
0.053291
0.052033
0.050799
0.049587
0.048398
0.047230
0.046082
0.044955
0.043848
0.042760
0.041689
0.040637
0.039604
0.038595
0.037615
0.036666
0.035746
0.034857
0.033994
0.033157
0.032345
0.031560
0.030801
0.030064
0.029349
0.028654
0.027981
0.027327
0.026692
0.026076
0.025494
0.024932
0.024387
0.023858
0.023347
0.022855
0.022377
0.021924
0.021487
0.021062
0.020650
0.020251
0.019863
0.019486
0.019121
0.018769
0.018431
0.018102
0.017787
0.017490
0.017202
0.016927
0.016662
0.016406
0.016156
0.015915
0.015682
0.015465
0.015257
0.015055
0.014858
0.014667
0.014482
0.014303
0.014128
0.013959
0.013795
0.013635
0.013481
0.013330
0.013185
0.013043
0.012906
0.012772
0.012643
0.012518
0.012399
0.012288
0.012179
0.012073
0.011971
0.011872
0.011780
0.011693
0.011608
0.011526
0.011446
0.011369
0.011294
0.011221
0.011150
0.011081
0.011014
0.010950
0.010887
0.010826
0.010766
0.010709
0.010653
0.010599
0.010546
0.010495
0.010446
0.010398
0.010351
0.010306
0.010262
0.010219
0.010178
0.010138
0.010099
0.010061
0.010029
0.010006
0.009984
0.009962
0.009941
0.009921
0.009901
0.009882
0.009864
0.009846
0.009828
0.009811
0.009795
0.009779
0.009763
0.009748
0.009734
0.009720
0.009706
0.009693
0.009692
0.009692
0.009692
0.009692
0.009692
0.009692
0.009692
0.009692
0.009692
0.009692
0.009692
0.009692
0.009692
0.009692
0.009692
0.009692
0.009692
0.009692
0.009692
0.009692
0.009692
0.009692
0.009692
0.009692
0.009692
0.009692
0.009692
0.009692
0.009692
0.009692
0.009692
0.009692
0.009692
0.009692
0.009692
0.009692
0.009692
0.009692
0.009692
0.009692
0.009692
0.009692
0.009692
0.009692
0.009692
0.009692
0.009692
0.009692
0.009692
0.009692
0.009692
0.009692
0.009692
0.009692
0.009692
0.009692
0.009692
0.009692
0.009692
0.009692
0.009692
0.009692
0.009692
0.009692
0.009692
0.009692
0.009692
0.009692
0.009692
0.009692
0.009692
0.009692
0.009692
0.009692
0.009692
0.009692
0.009692
0.009692
0.009692
0.009692
0.009692
0.009692
0.009692
0.009692
0.009692
0.009692
0.009692
0.009692
0.009692
0.009692
0.009692
0.009692
0.009692
0.009692
0.009692
0.009692
0.009692
0.009692
0.009692
0.009692
0.009692
0.009692
0.009692
0.009692
0.009692
0.009692
0.009692
0.009692
0.009692
0.009692
0.009692
0.009692
0.009692
0.009692
0.009692
0.009692
0.009692
0.009692
0.009692
0.009692
0.009692
0.009692
0.009692
0.009692
0.009692
0.009692
0.009692
0.009692
0.009692
0.009692
0.009692
0.009692
0.009692
0.009692
0.009692
0.009692
0.009692
0.009692
0.009692
0.009692
0.009692
0.009692
0.009692
0.009692
0.009692
0.009692
0.009692
0.009692
0.009692
0.009692
0.009692
0.009692
0.009692
0.009692
0.009692
0.009692
0.009692
0.009692
0.009692
0.009692
0.009692
0.009692
0.009692
0.009692
0.009692
0.009692
0.009692
0.009692
0.009692
0.009692
0.009692
0.009692
0.009692
0.009692
0.009692
0.009692
0.009692
0.009692
0.009692
0.009692
0.009692
0.009692
0.009692
0.009692
0.009692
0.009692
0.009692
0.009692
0.009692
0.009692
0.009692
0.009692
0.009692
0.009692
0.009692
0.009692
0.009692
0.009692
0.009692
0.009692
0.009692
0.009692
0.009692
0.009692
0.009692
0.009692
0.009692
0.009692
0.009692
0.009692
0.009692
0.009692
0.009692
0.009692
0.009692
0.009692
0.009692
0.009692
0.009692
0.009692
0.009692
0.009692
0.009692
0.009692
0.009692
0.009692
0.009692
0.009692
0.009692
0.009692
0.009692
0.009692
0.009692
0.009692
0.009692
0.009692
0.009692
0.009692
0.009692
0.009692
0.009692
0.009692
0.009692
0.009692
0.009692
0.009692
0.009692
0.009692
0.009692
0.009692
0.009692
0.009692
0.009692
0.009692
0.009692
0.009692
0.009692
0.009692
0.009692
0.009692
0.009692
0.009692
0.009692
0.009692
0.009692
0.009692
0.009692
0.009692
0.009692
0.009692
0.009692
0.009692
0.009692
0.009692
0.009692
0.009692
0.009692
0.009692
0.009692
0.009692
0.009692
0.009692
0.009692
0.009692
0.009692
0.009692
0.009692
0.009692
0.009692
0.009692
0.009692
0.009692
0.009692
0.009692
0.009692
0.009692
0.009692
0.009692
0.009692
0.009692
0.009692
0.009692
0.009692
0.009692
0.009692
0.009692
0.009692
0.009692
0.009692
0.009692
0.009692
0.009692
0.009692
0.009692
0.009692
0.009692
0.009692
0.009692
0.009692
0.009692
0.009692
0.009692
0.009692
0.009692
0.009692
0.009692
0.009692
0.009692
0.009692
0.009692
0.009692
0.009692
0.009692
0.009692
0.009692
0.009692
0.009692
0.009692
0.009692
0.009692
0.009692
0.009692
0.009692
0.009692
0.009692
0.009692
0.009692
0.009692
0.009692
0.009692
0.009692
0.009692
0.009692
0.009692
0.009692
0.009692
0.009692
0.009692
0.009692
0.009692
0.009692
0.009692
0.009692
0.009692
0.009692
0.009692
0.009692
0.009692
0.009692
0.009692
0.009692
0.009692
0.009692
0.009692
0.009692
0.009692
0.009692
0.009692
0.009692
0.009692
0.009692
0.009692
0.009692
0.009692
0.009692
0.009692
0.009692
0.009692
0.009692
0.009692
0.009692
0.009692
0.009692
0.009692
0.009692
0.009692
0.009692
0.009692
0.009692
0.009692
0.009692
0.009692
0.009692
0.009692
0.009692
0.009692
0.009692
0.009692
0.009692
0.009692
0.009692
0.009692
0.009692
0.009692
0.009692
0.009692
0.009692
0.009692
0.009692
0.009692
0.009692
0.009692
0.009692
0.009692
0.009692
0.009692
0.009692
0.009692
0.009692
0.009692
0.009692
0.009692
0.009692
0.009692
0.009692
0.009692
0.009692
0.009692
0.009692
0.009692
0.009692
0.009692
0.009692
0.009692
0.009692
0.009692
0.009692
0.009692
0.009692
0.009692
0.009692
0.009692
0.009692
0.009692
0.009692
0.009692
0.009692
0.009692
0.009692
0.009692
0.009692
0.009692
0.009692
0.009692
0.009692
0.009692
0.009692
0.009692
0.009692
0.009692
0.009692
0.009692
0.009692
0.009692
0.009692
0.009692
0.009692
0.009692
0.009692
0.009692
0.009692
0.009692
0.009692
0.009692
0.009692
0.009692
0.009692
0.009692
0.009692
0.009692
0.009692
0.009692
0.009692
0.009692
0.009692
0.009692
0.009692
0.009692
0.009692
0.009692
0.009692
0.009692
0.009692
0.009692
0.009692
0.009692
0.009692
0.009692
0.009692
0.009692
0.009692
0.009692
0.009692
0.009692
0.009692
0.009692
0.009692
0.009692
0.009692
0.009692
0.009692
0.009692
0.009692
0.009692
0.009692
0.009692
0.009692
0.009692
0.009692
0.009692
0.009692
0.009692
0.009692
0.009692
0.009692
0.009692
0.009692
0.009692
0.009692
0.009692
0.009692
0.009692
0.009692
0.009692
0.009692
0.009692
0.009692
0.009692
0.009692
0.009692
0.009692
0.009692
0.009692
0.009692
0.009692
0.009692
0.009692
0.009692
0.009692
0.009692
0.009692
0.009692
0.009692
0.009692
0.009692
0.009692
0.009692
0.009692
0.009692
0.009692
0.009692
0.009692
0.009692
0.009692
0.009692
0.009692
0.009692
0.009692
0.009692
0.009692
0.009692
0.009692
0.009692
0.009692
0.009692
0.009692
0.009692
0.009692
0.009692
0.009692
0.009692
0.009692
0.009692
0.009692
0.009692
0.009692
0.009692
0.009692
0.009692
0.009692
0.009692
0.009692
0.009692
0.009692
0.009692
0.009692
0.009692
0.009692
0.009692
0.009692
0.009692
0.009692
0.009692
0.009692
0.009692
0.009692
0.009692
0.009692
0.009692
0.009692
0.009692
0.009692
0.009692
0.009692
0.009692
0.009692
0.009692
0.009692
0.009692
0.009692
0.009692
0.009692
0.009692
0.009692
0.009692
0.009692
0.009692
0.009692
0.009692
0.009692
0.009692
0.009692
0.009692
0.009692
0.009692
0.009692
0.009692
0.009692
0.009692
0.009692
0.009692
0.009692
0.009692
0.009692
0.009692
0.009692
0.009692
0.009692
0.009692
0.009692
0.009692
0.009692
0.009692
0.009692
0.009692
0.009692
0.009692
0.009692
0.009692
0.009692
0.009692
0.009692
0.009692
0.009692
0.009692
0.009692
0.009692
0.009692
0.009692
0.009692
0.009692
0.009692
0.009692
0.009692
0.009692
0.009692
0.009692
0.009692
0.009692
0.009692
0.009692
0.009692
0.009692
0.009692
0.009692
0.009692
0.009692
0.009692
0.009692
0.009692
0.009692
0.009692
0.009692
0.009692
0.009692
0.009692
0.009692
0.009692
0.009692
0.009692
0.009692
0.009692
0.009692
0.009692
0.009692
0.009692
0.009692
0.009692
0.009692
0.009692
0.009692
0.009692
0.009692
0.009692
0.009692
0.009692
0.009692
0.009692
0.009692
0.009692
0.009692
0.009692
0.009692
0.009692
0.009692
0.009692
0.009692
0.009692
0.009692
0.009692
0.009692
0.009692
0.009692
0.009692
0.009692
0.009692
0.009692
0.009692
0.009692
0.009692
0.009692
0.009692
0.009692
0.009692
0.009692
0.009692
0.009692
0.009692
0.009692
0.009692
0.009692
0.009692
0.009692
0.009692
0.009692
0.009692
0.009692
0.009692
0.009692
0.009692
0.009692
0.009692
0.009692
0.009692
0.009692
0.009692
0.009692
0.009692
0.009692
0.009692
0.009692
0.009692
0.009692
0.009692
0.009692
0.009692
0.009692
0.009692
0.009692
0.009692
0.009692
0.009692
0.009692
0.009692
0.009692
0.009692
0.009692
0.009692
0.009692
0.009692
0.009692
0.009692
0.009692
0.009692
0.009692
0.009692
0.009692
0.009692
0.009692
0.009692
0.009692
0.009692
0.009692
0.009692
0.009692
0.009692
0.009692
0.009692
0.009692
0.009692
0.009692
0.009692
0.009692
0.009692
0.009692
0.009692
0.009692
0.009692
0.009692
0.009692
0.009692
0.009692
0.009692
0.009692
0.009692
0.009692
0.009692
0.009692
0.009692
0.009692
0.009692
0.009692
0.009692
0.009692
0.009692
0.009692
0.009692
0.009692
0.009692
0.009692
0.009692
0.009692
0.009692
0.009692
0.009692
0.009692
0.009692
0.009692
0.009692
0.009692
0.009692
0.009692
0.009692
0.009692
0.009692
0.009692
0.009692
0.009692
0.009692
0.009692
0.009692
0.009692
0.009692
0.009692
0.009692
0.009692
0.009692
0.009692
0.009692
0.009692
0.009692
0.009692
0.009692
0.009692
0.009692
0.009692
0.009692
0.009692
0.009692
0.009692
0.009692
0.009692
0.009692
0.009692
0.009692
0.009692
0.009692
0.009692
0.009692
0.009692
0.009692
0.009692
0.009692
0.009692
0.009692
0.009692
0.009692
0.009692
0.009692
0.009692
0.009692
0.009692
0.009692
0.009692
0.009692
0.009692
0.009692
0.009692
0.009692
0.009692
0.009692
0.009692
0.009692
0.009692
0.009692
0.009692
0.009692
0.009692
0.009692
0.009692
0.009692
0.009692
0.009692
0.009692
0.009692
0.009692
0.009692
0.009692
0.009692
0.009692
0.009692
0.009692
0.009692
0.009692
0.009692
0.009692
0.009692
0.009692
0.009692
0.009692
0.009692
0.009692
0.009692
0.009692
0.009692
0.009692
0.009692
0.009692
0.009692
0.009692
0.009692
0.009692
0.009692
0.009692
0.009692
0.009692
0.009692
0.009692
0.009692
0.009692
0.009692
0.009692
0.009692
0.009692
0.009692
0.009692
0.009692
0.009692
0.009692
0.009692
0.009692
0.009692
0.009692
0.009692
0.009692
0.009692
0.009692
0.009692
0.009692
0.009692
0.009692
0.009692
0.009692
0.009692
0.009692
0.009692
0.009692
0.009692
0.009692
0.009692
0.009692
0.009692
0.009692
0.009692
0.009692
0.009692
0.009692
0.009692
0.009692
0.009692
0.009692
0.009692
0.009692
0.009692
0.009692
0.009692
0.009692
0.009692
0.009692
0.009692
0.009692
0.009692
0.009692
0.009692
0.009692
0.009692
0.009692
0.009692
0.009692
0.009692
0.009692
0.009692
0.009692
0.009692
0.009692
0.009692
0.009692
0.009692
0.009692
0.009692
0.009692
0.009692
0.009692
0.009692
0.009692
0.009692
0.009692
0.009692
0.009692
0.009692
0.009692
0.009692
0.009692
0.009692
0.009692
0.009692
0.009692
0.009692
0.009692
0.009692
0.009692
0.009692
0.009692
0.009692
0.009692
0.009692
0.009692
0.009692
0.009692
0.009692
0.009692
0.009692
0.009692
0.009692
0.009692
0.009692
0.009692
0.009692
0.009692
0.009692
0.009692
0.009692
0.009692
0.009692
0.009692
0.009692
0.009692
0.009692
0.009692
0.009692
0.009692
0.009692
0.009692
0.009692
0.009692
0.009692
0.009692
0.009692
0.009692
0.009692
0.009692
0.009692
0.009692
0.009692
0.009692
0.009692
0.009692
0.009692
0.009692
0.009692
0.009692
0.009692
0.009692
0.009692
0.009692
0.009692
0.009692
0.009692
0.009692
0.009692
0.009692
0.009692
0.009692
0.009692
0.009692
0.009692
0.009692
0.009692
0.009692
0.009692
0.009692
0.009692
0.009692
0.009692
0.009692
0.009692
0.009692
0.009692
0.009692
0.009692
0.009692
0.009692
0.009692
0.009692
0.009692
0.009692
0.009692
0.009692
0.009692
0.009692
0.009692
0.009692
0.009692
0.009692
0.009692
0.009692
0.009692
0.009692
0.009692
0.009692
0.009692
0.009692
0.009692
0.009692
0.009692
0.009692
0.009692
0.009692
0.009692
0.009692
0.009692
0.009692
0.009692
0.009692
0.009692
0.009692
0.009692
0.009692
0.009692
0.009692
0.009692
0.009692
0.009692
0.009692
0.009692
0.009692
0.009692
0.009692
0.009692
0.009692
0.009692
0.009692
0.009692
0.009692
0.009692
0.009692
0.009692
0.009692
0.009692
0.009692
0.009692
0.009692
0.009692
0.009692
0.009692
0.009692
0.009692
0.009692
0.009692
0.009692
0.009692
0.009692
0.009692
0.009692
0.009692
0.009692
0.009692
0.009692
0.009692
0.009692
0.009692
0.009692
0.009692
0.009692
0.009692
0.009692
0.009692
0.009692
0.009692
0.009692
0.009692
0.009692
0.009692
0.009692
0.009692
0.009692
0.009692
0.009692
0.009692
0.009692
0.009692
0.009692
0.009692
0.009692
0.009692
0.009692
0.009692
0.009692
0.009692
0.009692
0.009692
0.009692
0.009692
0.009692
0.009692
0.009692
0.009692
0.009692
0.009692
0.009692
0.009692
0.009692
0.009692
0.009692
0.009692
0.009692
0.009692
0.009692
0.009692
0.009692
0.009692
0.009692
0.009692
0.009692
0.009692
0.009692
0.009692
0.009692
0.009692
0.009692
0.009692
0.009692
0.009692
0.009692
0.009692
0.009692
0.009692
0.009692
0.009692
0.009692
0.009692
0.009692
0.009692
0.009692
0.009692
0.009692
0.009692
0.009692
0.009692
0.009692
0.009692
0.009692
0.009692
0.009692
0.009692
0.009692
0.009692
0.009692
0.009692
0.009692
0.009692
0.009692
0.009692
0.009692
0.009692
0.009692
0.009692
0.009692
0.009692
0.009692
0.009692
0.009692
0.009692
0.009692
0.009692
0.009692
0.009692
0.009692
0.009692
0.009692
0.009692
0.009692
0.009692
0.009692
0.009692
0.009692
0.009692
0.009692
0.009692
0.009692
0.009692
0.009692
0.009692
0.009692
0.009692
0.009692
0.009692
0.009692
0.009692
0.009692
0.009692
0.009692
0.009692
0.009692
0.009692
0.009692
0.009692
0.009692
0.009692
0.009692
0.009692
0.009692
0.009692
0.009692
0.009692
0.009692
0.009692
0.009692
0.009692
0.009692
0.009692
0.009692
0.009692
0.009692
0.009692
0.009692
0.009692
0.009692
0.009692
0.009692
0.009692
0.009692
0.009692
0.009692
0.009692
0.009692
0.009692
0.009692
0.009692
0.009692
0.009692
0.009692
0.009692
0.009692
0.009692
0.009692
0.009692
0.009692
0.009692
0.009692
0.009692
0.009692
0.009692
0.009692
0.009692
0.009692
0.009692
0.009692
0.009692
0.009692
0.009692
0.009692
0.009692
0.009692
0.009692
0.009692
0.009692
0.009692
0.009692
0.009692
0.009692
0.009692
0.009692
0.009692
0.009692
0.009692
0.009692
0.009692
0.009692
0.009692
0.009692
0.009692
0.009692
0.009692
0.009692
0.009692
0.009692
0.009692
0.009692
0.009692
0.009692
0.009692
0.009692
0.009692
0.009692
0.009692
0.009692
0.009692
0.009692
0.009692
0.009692
0.009692
0.009692
0.009692
0.009692
0.009692
0.009692
0.009692
0.009692
0.009692
0.009692
0.009692
0.009692
0.009692
0.009692
0.009692
0.009692
0.009692
0.009692
0.009692
0.009692
0.009692
0.009692
0.009692
0.009692
0.009692
0.009692
0.009692
0.009692
0.009692
0.009692
0.009692
0.009692
0.009692
0.009692
0.009692
0.009692
0.009692
0.009692
0.009692
0.009692
0.009692
0.009692
0.009692
0.009692
0.009692
0.009692
0.009692
0.009692
0.009692
0.009692
0.009692
0.009692
0.009692
0.009692
0.009692
0.009692
0.009692
0.009692
0.009692
0.009692
0.009692
0.009692
0.009692
0.009692
0.009692
0.009692
0.009692
0.009692
0.009692
0.009692
0.009692
0.009692
0.009692
0.009692
0.009692
0.009692
0.009692
0.009692
0.009692
0.009692
0.009692
0.009692
0.009692
0.009692
0.009692
0.009692
0.009692
0.009692
0.009692
0.009692
0.009692
0.009692
0.009692
0.009692
0.009692
0.009692
0.009692
0.009692
0.009692
0.009692
0.009692
0.009692
0.009692
0.009692
0.009692
0.009692
0.009692
0.009692
0.009692
0.009692
0.009692
0.009692
0.009692
0.009692
0.009692
0.009692
0.009692
0.009692
0.009692
0.009692
0.009692
0.009692
0.009692
0.009692
0.009692
0.009692
0.009692
0.009692
0.009692
0.009692
0.009692
0.009692
0.009692
0.009692
0.009692
0.009692
0.009692
0.009692
0.009692
0.009692
0.009692
0.009692
0.009692
0.009692
0.009692
0.009692
0.009692
0.009692
0.009692
0.009692
0.009692
0.009692
0.009692
0.009692
0.009692
0.009692
0.009692
0.009692
0.009692
0.009692
0.009692
0.009692
0.009692
0.009692
0.009692
0.009692
0.009692
0.009692
0.009692
0.009692
0.009692
0.009692
0.009692
0.009692
0.009692
0.009692
0.009692
0.009692
0.009692
0.009692
0.009692
0.009692
0.009692
0.009692
0.009692
0.009692
0.009692
0.009692
0.009692
0.009692
0.009692
0.009692
0.009692
0.009692
0.009692
0.009692
0.009692
0.009692
0.009692
0.009692
0.009692
0.009692
0.009692
0.009692
0.009692
0.009692
0.009692
0.009692
0.009692
0.009692
0.009692
0.009692
0.009692
0.009692
0.009692
0.009692
0.009692
0.009692
0.009692
0.009692
0.009692
0.009692
0.009692
0.009692
0.009692
0.009692
0.009692
0.009692
0.009692
0.009692
0.009692
0.009692
0.009692
0.009692
0.009692
0.009692
0.009692
0.009692
0.009692
0.009692
0.009692
0.009692
0.009692
0.009692
0.009692
0.009692
0.009692
0.009692
0.009692
0.009692
0.009692
0.009692
0.009692
0.009692
0.009692
0.009692
0.009692
0.009692
0.009692
0.009692
0.009692
0.009692
0.009692
0.009692
0.009692
0.009692
0.009692
0.009692
0.009692
0.009692
0.009692
0.009692
0.009692
0.009692
0.009692
0.009692
0.009692
0.009692
0.009692
0.009692
0.009692
0.009692
0.009692
0.009692
0.009692
0.009692
0.009692
0.009692
0.009692
0.009692
0.009692
0.009692
0.009692
0.009692
0.009692
0.009692
0.009692
0.009692
0.009692
0.009692
0.009692
0.009692
0.009692
0.009692
0.009692
0.009692
0.009692
0.009692
0.009692
0.009692
0.009692
0.009692
0.009692
0.009692
0.009692
0.009692
0.009692
0.009692
0.009692
0.009692
0.009692
0.009692
0.009692
0.009692
0.009692
0.009692
0.009692
0.009692
0.009692
0.009692
0.009692
0.009692
0.009692
0.009692
0.009692
0.009692
0.009692
0.009692
0.009692
0.009692
0.009692
0.009692
0.009692
0.009692
0.009692
0.009692
0.009692
0.009692
0.009692
0.009692
0.009692
0.009692
0.009692
0.009692
0.009692
0.009692
0.009692
0.009692
0.009692
0.009692
0.009692
0.009692
0.009692
0.009692
0.009692
0.009692
0.009692
0.009692
0.009692
0.009692
0.009692
0.009692
0.009692
0.009692
0.009692
0.009692
0.009692
0.009692
0.009692
0.009692
0.009692
0.009692
0.009692
0.009692
0.009692
0.009692
0.009692
0.009692
0.009692
0.009692
0.009692
0.009692
0.009692
0.009692
0.009692
0.009692
0.009692
0.009692
0.009692
0.009692
0.009692
0.009692
0.009692
0.009692
0.009692
0.009692
0.009692
0.009692
0.009692
0.009692
0.009692
0.009692
0.009692
0.009692
0.009692
0.009692
0.009692
0.009692
0.009692
0.009692
0.009692
0.009692
0.009692
0.009692
0.009692
0.009692
0.009692
0.009692
0.009692
0.009692
0.009692
0.009692
0.009692
0.009692
0.009692
0.009692
0.009692
0.009692
0.009692
0.009692
0.009692
0.009692
0.009692
0.009692
0.009692
0.009692
0.009692
0.009692
0.009692
0.009692
0.009692
0.009692
0.009692
0.009692
0.009692
0.009692
0.009692
0.009692
0.009692
0.009692
0.009692
0.009692
0.009692
0.009692
5.420151
5.401901
5.383651
5.365400
5.347150
5.328900
5.310650
5.292400
5.274149
5.255899
5.237649
5.219399
5.201148
5.182898
5.164648
5.146398
5.128148
5.109897
5.091647
5.073397
5.055147
5.036896
5.018646
5.000396
4.982146
4.963896
4.945645
4.927395
4.909145
4.890895
4.872644
4.854394
4.836144
4.817894
4.799644
4.781393
4.763151
4.744930
4.726729
4.708548
4.690384
4.672238
4.654108
4.635993
4.617893
4.599807
4.581734
4.563673
4.545624
4.527587
4.509560
4.491543
4.473535
4.455537
4.437547
4.419565
4.401591
4.383624
4.365664
4.347710
4.329763
4.311821
4.293885
4.275955
4.258029
4.240108
4.222192
4.204279
4.186371
4.168467
4.150566
4.132669
4.114775
4.096884
4.078995
4.061110
4.043227
4.025347
4.007469
3.989593
3.971720
3.953848
3.935978
3.918110
3.900244
3.882380
3.864517
3.846655
3.828795
3.810936
3.793078
3.775221
3.757366
3.739512
3.721658
3.703806
3.685954
3.668103
3.650253
3.632404
3.614556
3.596708
3.578876
3.561068
3.543281
3.525512
3.507762
3.490029
3.472312
3.454611
3.436925
3.419252
3.401593
3.383946
3.366311
3.348687
3.331074
3.313471
3.295877
3.278293
3.260717
3.243149
3.225589
3.208037
3.190491
3.172952
3.155436
3.137946
3.120482
3.103042
3.085625
3.068229
3.050853
3.033497
3.016159
2.998838
2.981535
2.964246
2.946973
2.929713
2.912467
2.895233
2.878012
2.860812
2.843644
2.826507
2.809398
2.792316
2.775260
2.758229
2.741220
2.724233
2.707267
2.690320
2.673393
2.656483
2.639589
2.622711
2.605849
2.589000
2.572165
2.555343
2.538533
2.521742
2.504983
2.488254
2.471554
2.454882
2.438241
2.421630
2.405042
2.388476
2.371930
2.355403
2.338895
2.322408
2.305957
2.289542
2.273162
2.256813
2.240496
2.224207
2.207947
2.191712
2.175502
2.159316
2.143164
2.127054
2.110984
2.094954
2.078980
2.063061
2.047204
2.031396
2.015634
1.999916
1.984254
1.968652
1.953112
1.937649
1.922277
1.906994
1.891794
1.876694
1.861730
1.846897
1.832189
1.817600
1.803123
1.788765
1.774508
1.760347
1.746295
1.732348
1.718502
1.704751
1.691090
1.677524
1.664061
1.650695
1.637421
1.624233
1.611128
1.598101
1.585147
1.572264
1.559448
1.546694
1.534001
1.521372
1.508801
1.496308
1.483905
1.471586
1.459348
1.447186
1.435097
1.423075
1.411119
1.399224
1.387387
1.375611
1.363892
1.352226
1.340627
1.329091
1.317617
1.306201
1.294839
1.283530
1.272269
1.261055
1.249897
1.238780
1.227702
1.216667
1.205673
1.194712
1.183781
1.172880
1.162019
1.151206
1.140449
1.129746
1.119108
1.108540
1.098032
1.087574
1.077165
1.066825
1.056537
1.046289
1.036078
1.025902
1.015760
1.005649
0.995568
0.985517
0.975503
0.965513
0.955547
0.945603
0.935680
0.925786
0.915914
0.906060
0.896240
0.886456
0.876711
0.867018
0.857377
0.847784
0.838238
0.828735
0.819274
0.809853
0.800474
0.791170
0.781919
0.772719
0.763572
0.754492
0.745474
0.736515
0.727613
0.718769
0.709996
0.701292
0.692659
0.684113
0.675652
0.667265
0.658948
0.650696
0.642508
0.634379
0.626307
0.618288
0.610320
0.602400
0.594543
0.586770
0.579079
0.571465
0.563923
0.556451
0.549056
0.541722
0.534447
0.527236
0.520079
0.512970
0.505909
0.498891
0.491915
0.484978
0.478080
0.471216
0.464386
0.457588
0.450820
0.444081
0.437369
0.430682
0.424020
0.417381
0.410770
0.404201
0.397672
0.391180
0.384724
0.378306
0.371927
0.365584
0.359320
0.353151
0.347067
0.341063
0.335152
0.329333
0.323601
0.317958
0.312420
0.306984
0.301637
0.296374
0.291201
0.286106
0.281104
0.276210
0.271420
0.266738
0.262152
0.257654
0.253249
0.248925
0.244675
0.240496
0.236383
0.232334
0.228349
0.224441
0.220608
0.216844
0.213147
0.209514
0.205959
0.202485
0.199085
0.195754
0.192489
0.189287
0.186143
0.183056
0.180021
0.177037
0.174100
0.171209
0.168361
0.165553
0.162783
0.160050
0.157352
0.154686
0.152051
0.149445
0.146868
0.144317
0.141790
0.139288
0.136808
0.134349
0.131917
0.129508
0.127117
0.124743
0.122384
0.120041
0.117711
0.115402
0.113131
0.110872
0.108622
0.106386
0.104166
0.101953
0.099748
0.097559
0.095378
0.093203
0.091034
0.088869
0.086709
0.084561
0.082449
0.080369
0.078310
0.076272
0.074254
0.072255
0.070273
0.068309
0.066360
0.064427
0.062508
0.060603
0.058715
0.056846
0.054990
0.053171
0.051402
0.049683
0.048015
0.046399
0.044823
0.043287
0.041787
0.040323
0.038891
0.037492
0.036122
0.034780
0.033466
0.032180
0.030945
0.029774
0.028664
0.027612
0.026615
0.025671
0.024776
0.023928
0.023124
0.022363
0.021641
0.020957
0.020309
0.019695
0.019113
0.018561
0.018039
0.017544
0.017074
0.016630
0.016208
0.015809
0.015430
0.015071
0.014732
0.014410
0.014104
0.013815
0.013541
0.013281
0.013035
0.012802
0.012581
0.012372
0.012173
0.011990
0.011823
0.011665
0.011515
0.011373
0.011238
0.011110
0.010989
0.010875
0.010766
0.010663
0.010566
0.010473
0.010386
0.010303
0.010228
0.010172
0.010124
0.010077
0.010034
0.009992
0.009953
0.009915
0.009880
0.009847
0.009815
0.009785
0.009756
0.009729
0.009704
0.009686
0.009680
0.009680
0.009680
0.009680
0.009680
0.009680
0.009680
0.009680
0.009680
0.009680
0.009680
0.009680
0.009680
0.009680
0.009680
0.009680
0.009680
0.009680
0.009680
0.009680
0.009680
0.009680
0.009680
0.009680
0.009680
0.009680
0.009680
0.009680
0.009680
0.009680
0.009680
0.009680
0.009680
0.009680
0.009680
0.009680
0.009680
0.009680
0.009680
0.009680
0.009680
0.009680
0.009680
0.009680
0.009680
0.009680
0.009680
0.009680
0.009680
0.009680
0.009680
0.009680
0.009680
0.009680
0.009680
0.009680
0.009680
0.009680
0.009680
0.009680
0.009680
0.009680
0.009680
0.009680
0.009680
0.009680
0.009680
0.009680
0.009680
0.009680
0.009680
0.009680
0.009680
0.009680
0.009680
0.009680
0.009680
0.009680
0.009680
0.009680
0.009680
0.009680
0.009680
0.009680
0.009680
0.009680
0.009680
0.009680
0.009680
0.009680
0.009680
0.009680
0.009680
0.009680
0.009680
0.009680
0.009680
0.009680
0.009680
0.009680
0.009680
0.009680
0.009680
0.009680
0.009680
0.009680
0.009680
0.009680
0.009680
0.009680
0.009680
0.009680
0.009680
0.009680
0.009680
0.009680
0.009680
0.009680
0.009680
0.009680
0.009680
0.009680
0.009680
0.009680
0.009680
0.009680
0.009680
0.009680
0.009680
0.009680
0.009680
0.009680
0.009680
0.009680
0.009680
0.009680
0.009680
0.009680
0.009680
0.009680
0.009680
0.009680
0.009680
0.009680
0.009680
0.009680
0.009680
0.009680
0.009680
0.009680
0.009680
0.009680
0.009680
0.009680
0.009680
0.009680
0.009680
0.009680
0.009680
0.009680
0.009680
0.009680
0.009680
0.009680
0.009680
0.009680
0.009680
0.009680
0.009680
0.009680
0.009680
0.009680
0.009680
0.009680
0.009680
0.009680
0.009680
0.009680
0.009680
0.009680
0.009680
0.009680
0.009680
0.009680
0.009680
0.009680
0.009680
0.009680
0.009680
0.009680
0.009680
0.009680
0.009680
0.009680
0.009680
0.009680
0.009680
0.009680
0.009680
0.009680
0.009680
0.009680
0.009680
0.009680
0.009680
0.009680
0.009680
0.009680
0.009680
0.009680
0.009680
0.009680
0.009680
0.009680
0.009680
0.009680
0.009680
0.009680
0.009680
0.009680
0.009680
0.009680
0.009680
0.009680
0.009680
0.009680
0.009680
0.009680
0.009680
0.009680
0.009680
0.009680
0.009680
0.009680
0.009680
0.009680
0.009680
0.009680
0.009680
0.009680
0.009680
0.009680
0.009680
0.009680
0.009680
0.009680
0.009680
0.009680
0.009680
0.009680
0.009680
0.009680
0.009680
0.009680
0.009680
0.009680
0.009680
0.009680
0.009680
0.009680
0.009680
0.009680
0.009680
0.009680
0.009680
0.009680
0.009680
0.009680
0.009680
0.009680
0.009680
0.009680
0.009680
0.009680
0.009680
0.009680
0.009680
0.009680
0.009680
0.009680
0.009680
0.009680
0.009680
0.009680
0.009680
0.009680
0.009680
0.009680
0.009680
0.009680
0.009680
0.009680
0.009680
0.009680
0.009680
0.009680
0.009680
0.009680
0.009680
0.009680
0.009680
0.009680
0.009680
0.009680
0.009680
0.009680
0.009680
0.009680
0.009680
0.009680
0.009680
0.009680
0.009680
0.009680
0.009680
0.009680
0.009680
0.009680
0.009680
0.009680
0.009680
0.009680
0.009680
0.009680
0.009680
0.009680
0.009680
0.009680
0.009680
0.009680
0.009680
0.009680
0.009680
0.009680
0.009680
0.009680
0.009680
0.009680
0.009680
0.009680
0.009680
0.009680
0.009680
0.009680
0.009680
0.009680
0.009680
0.009680
0.009680
0.009680
0.009680
0.009680
0.009680
0.009680
0.009680
0.009680
0.009680
0.009680
0.009680
0.009680
0.009680
0.009680
0.009680
0.009680
0.009680
0.009680
0.009680
0.009680
0.009680
0.009680
0.009680
0.009680
0.009680
0.009680
0.009680
0.009680
0.009680
0.009680
0.009680
0.009680
0.009680
0.009680
0.009680
0.009680
0.009680
0.009680
0.009680
0.009680
0.009680
0.009680
0.009680
0.009680
0.009680
0.009680
0.009680
0.009680
0.009680
0.009680
0.009680
0.009680
0.009680
0.009680
0.009680
0.009680
0.009680
0.009680
0.009680
0.009680
0.009680
0.009680
0.009680
0.009680
0.009680
0.009680
0.009680
0.009680
0.009680
0.009680
0.009680
0.009680
0.009680
0.009680
0.009680
0.009680
0.009680
0.009680
0.009680
0.009680
0.009680
0.009680
0.009680
0.009680
0.009680
0.009680
0.009680
0.009680
0.009680
0.009680
0.009680
0.009680
0.009680
0.009680
0.009680
0.009680
0.009680
0.009680
0.009680
0.009680
0.009680
0.009680
0.009680
0.009680
0.009680
0.009680
0.009680
0.009680
0.009680
0.009680
0.009680
0.009680
0.009680
0.009680
0.009680
0.009680
0.009680
0.009680
0.009680
0.009680
0.009680
0.009680
0.009680
0.009680
0.009680
0.009680
0.009680
0.009680
0.009680
0.009680
0.009680
0.009680
0.009680
0.009680
0.009680
0.009680
0.009680
0.009680
0.009680
0.009680
0.009680
0.009680
0.009680
0.009680
0.009680
0.009680
0.009680
0.009680
0.009680
0.009680
0.009680
0.009680
0.009680
0.009680
0.009680
0.009680
0.009680
0.009680
0.009680
0.009680
0.009680
0.009680
0.009680
0.009680
0.009680
0.009680
0.009680
0.009680
0.009680
0.009680
0.009680
0.009680
0.009680
0.009680
0.009680
0.009680
0.009680
0.009680
0.009680
0.009680
0.009680
0.009680
0.009680
0.009680
0.009680
0.009680
0.009680
0.009680
0.009680
0.009680
0.009680
0.009680
0.009680
0.009680
0.009680
0.009680
0.009680
0.009680
0.009680
0.009680
0.009680
0.009680
0.009680
0.009680
0.009680
0.009680
0.009680
0.009680
0.009680
0.009680
0.009680
0.009680
0.009680
0.009680
0.009680
0.009680
0.009680
0.009680
0.009680
0.009680
0.009680
0.009680
0.009680
0.009680
0.009680
0.009680
0.009680
0.009680
0.009680
0.009680
0.009680
0.009680
0.009680
0.009680
0.009680
0.009680
0.009680
0.009680
0.009680
0.009680
0.009680
0.009680
0.009680
0.009680
0.009680
0.009680
0.009680
0.009680
0.009680
0.009680
0.009680
0.009680
0.009680
0.009680
0.009680
0.009680
0.009680
0.009680
0.009680
0.009680
0.009680
0.009680
0.009680
0.009680
0.009680
0.009680
0.009680
0.009680
0.009680
0.009680
0.009680
0.009680
0.009680
0.009680
0.009680
0.009680
0.009680
0.009680
0.009680
0.009680
0.009680
0.009680
0.009680
0.009680
0.009680
0.009680
0.009680
0.009680
0.009680
0.009680
0.009680
0.009680
0.009680
0.009680
0.009680
0.009680
0.009680
0.009680
0.009680
0.009680
0.009680
0.009680
0.009680
0.009680
0.009680
0.009680
0.009680
0.009680
0.009680
0.009680
0.009680
0.009680
0.009680
0.009680
0.009680
0.009680
0.009680
0.009680
0.009680
0.009680
0.009680
0.009680
