1.394519
1.309514
1.143035
0.991371
0.890234
0.837059
0.813625
0.804538
0.806162
0.807298
0.807004
0.806479
0.806041
0.805653
0.805245
0.805222
0.805372
0.804959
0.804974
0.804584
0.804182
0.803712
0.803013
0.802136
0.801209
0.800163
0.798911
0.797654
0.795574
0.793867
0.792260
0.790501
0.788862
0.787366
0.785717
0.784188
0.782497
0.780528
0.778636
0.776686
0.774649
0.772708
0.770726
0.768894
0.766852
0.764862
0.762896
0.761059
0.759019
0.757004
0.755310
0.753376
0.751357
0.749715
0.747815
0.745785
0.744018
0.742061
0.740250
0.738362
0.736596
0.734716
0.732871
0.731030
0.729107
0.727270
0.725429
0.723474
0.721625
0.720070
0.718258
0.716412
0.714571
0.712624
0.711047
0.709276
0.707464
0.705589
0.703800
0.701809
0.700049
0.698044
0.695955
0.694098
0.692392
0.690304
0.688539
0.686807
0.684687
0.682947
0.681049
0.679059
0.677231
0.675490
0.673707
0.671945
0.670374
0.668825
0.667203
0.665636
0.664142
0.662515
0.661115
0.659597
0.658283
0.656905
0.655608
0.654301
0.652884
0.651452
0.650025
0.648476
0.646986
0.645404
0.643805
0.642352
0.640825
0.639302
0.637712
0.636360
0.634814
0.633263
0.631804
0.630277
0.628790
0.627358
0.625698
0.624262
0.622714
0.621048
0.619530
0.618040
0.616572
0.615214
0.613745
0.612394
0.611023
0.609768
0.608451
0.607095
0.605869
0.604777
0.603478
0.602122
0.601015
0.599799
0.598556
0.597279
0.596015
0.594715
0.593405
0.592186
0.590947
0.589684
0.588461
0.587227
0.585921
0.584683
0.583409
0.582015
0.580709
0.579446
0.578186
0.576760
0.575444
0.574029
0.572621
0.571192
0.569745
0.568226
0.566866
0.565387
0.564006
0.562489
0.561102
0.559781
0.558561
0.557334
0.556116
0.554888
0.553763
0.552536
0.551404
0.550328
0.549230
0.548182
0.547248
0.546239
0.545220
0.544258
0.543186
0.542043
0.540887
0.539581
0.538338
0.537132
0.536106
0.535057
0.533892
0.532650
0.531721
0.530532
0.529506
0.528463
0.527223
0.526121
0.524889
0.523610
0.522531
0.521033
0.519989
0.518561
0.517322
0.516178
0.514506
0.513498
0.512204
0.510893
0.509966
0.508656
0.507209
0.506301
0.505014
0.503759
0.502801
0.501536
0.500489
0.499487
0.498301
0.497054
0.495989
0.494860
0.493921
0.492636
0.491497
0.490436
0.489087
0.487789
0.486693
0.485693
0.484435
0.483267
0.482345
0.481278
0.480081
0.479042
0.478004
0.477071
0.476169
0.475020
0.474136
0.473062
0.472192
0.471283
0.470253
0.469218
0.468265
0.467195
0.466287
0.465347
0.464236
0.463432
0.462490
0.461567
0.460541
0.459722
0.458792
0.457776
0.456798
0.455939
0.454852
0.453814
0.452958
0.452032
0.451176
0.450377
0.449448
0.448703
0.447866
0.447046
0.446181
0.445306
0.444249
0.443333
0.442229
0.441056
0.440059
0.438900
0.437730
0.436893
0.436074
0.435088
0.434205
0.433232
0.432428
0.431633
0.430840
0.430058
0.429310
0.428701
0.427852
0.427168
0.426351
0.425593
0.425012
0.423996
0.423222
0.422540
0.421565
0.420699
0.419725
0.418966
0.418107
0.417491
0.416663
0.415931
0.415134
0.414215
0.413690
0.412836
0.412100
0.411314
0.410457
0.409672
0.409030
0.408346
0.407570
0.407050
0.406391
0.405814
0.405199
0.404557
0.403860
0.403203
0.402510
0.401798
0.401268
0.400701
0.400136
0.399677
0.399022
0.398320
0.397689
0.396949
0.395822
0.395061
0.394280
0.393380
0.392659
0.391868
0.391290
0.390676
0.390209
0.389629
0.389051
0.388637
0.387951
0.387431
0.386763
0.386269
0.385713
0.385071
0.384549
0.383915
0.383251
0.382640
0.382040
0.381390
0.380749
0.380210
0.379639
0.378976
0.378381
0.377838
0.377299
0.376740
0.376136
0.375526
0.374898
0.374214
0.373687
0.373146
0.372686
0.372084
0.371541
0.370794
0.370196
0.369561
0.369054
0.368211
0.367565
0.366978
0.366219
0.365461
0.364545
0.363680
0.362859
0.362236
0.361383
0.360740
0.360060
0.359347
0.358745
0.358162
0.357464
0.356899
0.356191
0.355489
0.354927
0.354132
0.353423
0.352651
0.351759
0.351127
0.350233
0.349665
0.349009
0.348370
0.347728
0.346908
0.346253
0.345693
0.345021
0.344489
0.343910
0.343293
0.342542
0.341913
0.341399
0.340732
0.340152
0.339420
0.338795
0.338039
0.337349
0.336561
0.335878
0.335278
0.334679
0.333907
0.333283
0.332740
0.332103
0.331552
0.330974
0.330462
0.329776
0.329227
0.328410
0.327689
0.326880
0.326341
0.325908
0.325285
0.324761
0.324155
0.323712
0.323089
0.322644
0.321993
0.321460
0.320896
0.320422
0.319746
0.319046
0.318373
0.317903
0.317301
0.316778
0.316255
0.315686
0.315198
0.314583
0.314023
0.313378
0.312912
0.312358
0.311857
0.311409
0.310767
0.310268
0.309750
0.309314
0.308708
0.308208
0.307632
0.307193
0.306621
0.306097
0.305551
0.304911
0.304356
0.303788
0.303301
0.302804
0.302175
0.301730
0.301216
0.300611
0.300155
0.299525
0.298885
0.298322
0.297668
0.297245
0.296679
0.296166
0.295512
0.294898
0.294355
0.293706
0.293168
0.292450
0.291679
0.290982
0.290280
0.289506
0.288715
0.287995
0.287436
0.286848
0.286196
0.285672
0.285284
0.284747
0.284253
0.283758
0.283269
0.282887
0.282279
0.281839
0.281292
0.280785
0.280130
0.279695
0.279045
0.278445
0.277823
0.277176
0.276581
0.276103
0.275618
0.275127
0.274568
0.274092
0.273508
0.273271
0.272666
0.272117
0.271651
0.271325
0.270802
0.270270
0.269812
0.269278
0.268900
0.268445
0.267795
0.267223
0.266794
0.266275
0.265852
0.265382
0.264983
0.264384
0.263975
0.263677
0.263245
0.262922
0.262497
0.262068
0.261761
0.261225
0.260766
0.260512
0.259994
0.259523
0.259021
0.258521
0.258057
0.257350
0.256893
0.256342
0.255771
0.255387
0.254806
0.254337
0.253806
0.253378
0.252945
0.252485
0.252077
0.251680
0.251292
0.250981
0.250449
0.250087
0.249555
0.249258
0.248937
0.248538
0.248106
0.247709
0.247384
0.246973
0.246421
0.245982
0.245477
0.245061
0.244584
0.244095
0.243794
0.243502
0.243224
0.242780
0.242442
0.242041
0.241753
0.241239
0.240788
0.240462
0.239954
0.239439
0.239188
0.238695
0.238404
0.238081
0.237776
0.237477
0.237068
0.236698
0.236293
0.235948
0.235627
0.235274
0.234936
0.234694
0.234398
0.234177
0.233889
0.233626
0.233440
0.233026
0.232682
0.232351
0.232197
0.232048
0.231756
0.231357
0.231025
0.230714
0.229991
0.229580
0.229185
0.228854
0.228565
0.228339
0.228017
0.227844
0.227630
0.227281
0.226986
0.226600
0.226301
0.225927
0.225693
0.225530
0.225362
0.225136
0.224817
0.224668
0.224483
0.224151
0.223956
0.223726
0.223442
0.223251
0.223156
0.222917
0.222724
0.222610
0.222456
0.222306
0.222188
0.222072
0.221993
0.221762
0.221778
0.221704
0.221467
0.221449
0.221353
0.221385
0.221345
0.221343
0.221344
0.221166
0.221221
0.221147
0.221001
0.220833
0.220784
0.220743
0.220713
0.220646
0.220654
0.220626
0.220512
0.220484
0.220477
0.220405
0.220390
0.220315
0.220268
0.220179
0.220155
0.220185
0.220129
0.220059
0.220047
0.219944
0.219946
0.219861
0.219816
0.219805
0.219805
0.219799
0.219748
0.219730
0.219783
0.219742
0.219786
0.219661
0.219636
0.219592
0.219590
0.219634
0.219568
0.219527
0.219463
0.219406
0.219452
0.219457
0.219466
0.219425
0.219157
0.218955
0.218899
0.218822
0.218786
0.218776
0.218646
0.218592
0.218535
0.218555
0.218424
0.218479
0.218406
0.218415
0.218339
0.218318
0.218272
0.218322
0.218223
0.218178
0.218111
0.218022
0.217940
0.217800
0.217760
0.217720
0.217825
0.217837
0.217775
0.217640
0.217595
0.217547
0.217537
0.217502
0.217480
0.217437
0.217355
0.217389
0.217365
0.217249
0.217197
0.217260
0.217353
0.217437
0.217455
0.217511
0.217567
0.217614
0.217679
0.217658
0.217684
0.217787
0.217735
0.217790
0.217818
0.158954
0.158911
0.158933
0.158845
0.158795
0.158814
0.158816
0.158710
0.158526
0.158316
0.158112
0.158044
0.157768
0.157605
0.157328
0.157080
0.156823
0.156638
0.156340
0.156153
0.156034
0.155887
0.155575
0.155270
0.155088
0.154794
0.154575
0.154449
0.154146
0.153875
0.153722
0.153464
0.153334
0.153166
0.152839
0.152652
0.152406
0.152112
0.151692
0.151267
0.150905
0.150575
0.150202
0.149948
0.149719
0.149454
0.149127
0.148976
0.148639
0.148402
0.148222
0.147910
0.147790
0.147529
0.147259
0.147086
0.146849
0.146605
0.146325
0.146152
0.145895
0.145547
0.145241
0.145112
0.144797
0.144598
0.144337
0.144117
0.143836
0.143596
0.143316
0.143021
0.142778
0.142583
0.142380
0.142120
0.141892
0.141744
0.141326
0.141173
0.140720
0.140417
0.139990
0.139390
0.138841
0.138344
0.137788
0.137317
0.136821
0.136504
0.136197
0.135837
0.135598
0.135309
0.134896
0.134600
0.134162
0.133861
0.133525
0.133284
0.132964
0.132586
0.132247
0.131884
0.131631
0.131246
0.130888
0.130547
0.130195
0.129876
0.129526
0.129024
0.128605
0.128115
0.127859
0.127337
0.126948
0.126549
0.126190
0.125844
0.125248
0.124827
0.124456
0.124099
0.123505
0.123140
0.122673
0.122406
0.121706
0.121265
0.120770
0.120352
0.119799
0.119206
0.118772
0.118137
0.117527
0.117055
0.116580
0.116089
0.115700
0.115241
0.114959
0.114502
0.113887
0.113420
0.112954
0.112523
0.112070
0.111647
0.111184
0.110938
0.110553
0.110056
0.109378
0.108795
0.108170
0.107589
0.107075
0.106557
0.106009
0.105702
0.105252
0.104919
0.104362
0.103918
0.103415
0.103066
0.102775
0.102458
0.102066
0.101822
0.101497
0.101309
0.101206
0.100976
0.100592
0.100244
0.099802
0.099356
0.098927
0.098433
0.098124
0.097811
0.097389
0.097216
0.096939
0.096577
0.096282
0.096135
0.095805
0.095467
0.095197
0.094893
0.094657
0.094392
0.093988
0.093768
0.093388
0.093183
0.092879
0.092562
0.092151
0.091881
0.091588
0.091230
0.090943
0.090682
0.090382
0.089996
0.089723
0.089365
0.088971
0.088628
0.088133
0.087731
0.087394
0.087034
0.086385
0.086095
0.085597
0.085195
0.084751
0.084253
0.083937
0.083473
0.083214
0.082769
0.082248
0.081933
0.081581
0.081134
0.080598
0.080030
0.079529
0.079167
0.078925
0.078436
0.077889
0.077393
0.076927
0.076646
0.076213
0.075677
0.075322
0.075035
0.074706
0.074238
0.073764
0.073326
0.072777
0.072118
0.071642
0.071102
0.070575
0.070070
0.069598
0.069235
0.068778
0.068252
0.067852
0.067397
0.066909
0.066467
0.065983
0.065477
0.065037
0.064530
0.063982
0.063513
0.062867
0.062486
0.061985
0.061679
0.061254
0.061053
0.060656
0.060382
0.060024
0.059748
0.059262
0.058858
0.058551
0.058237
0.057885
0.057506
0.057146
0.056752
0.056285
0.056036
0.055598
0.055121
0.054825
0.054488
0.054159
0.053842
0.053568
0.053309
0.053090
0.052797
0.052544
0.052319
0.052007
0.051688
0.051426
0.051048
0.050900
0.050628
0.050186
0.050033
0.049645
0.049318
0.049110
0.048768
0.048403
0.048217
0.047949
0.047850
0.047674
0.047653
0.047325
0.047067
0.046861
0.046751
0.046541
0.046308
0.046231
0.045907
0.045828
0.045644
0.045419
0.045075
0.044731
0.044507
0.044341
0.044107
0.043879
0.043643
0.043458
0.043256
0.042955
0.042755
0.042407
0.042164
0.041865
0.041577
0.041221
0.040702
0.040401
0.039899
0.039448
0.039112
0.038768
0.038346
0.038217
0.038000
0.037933
0.037879
0.037568
0.037499
0.037338
0.037065
0.036801
0.036624
0.036504
0.036287
0.036172
0.036031
0.035785
0.035517
0.035259
0.035009
0.034747
0.034493
0.034376
0.034114
0.033983
0.033801
0.033734
0.033529
0.033353
0.033179
0.032918
0.032763
0.032602
0.032415
0.032209
0.031970
0.031842
0.031674
0.031434
0.031287
0.031062
0.030870
0.030704
0.030489
0.030434
0.030177
0.030028
0.029668
0.029278
0.029073
0.028867
0.028637
0.028450
0.028354
0.028106
0.027955
0.027775
0.027604
0.027291
0.027202
0.027059
0.026930
0.026822
0.026628
0.026353
0.026209
0.026069
0.025837
0.025564
0.025459
0.025286
0.025159
0.025126
0.025022
0.024827
0.024450
0.024202
0.023890
0.023617
0.023242
0.023104
0.022753
0.022524
0.022455
0.022270
0.022108
0.022125
0.021955
0.021787
0.021725
0.021491
0.021408
0.021259
0.021228
0.021156
0.021074
0.021083
0.020992
0.020913
0.020756
0.020712
0.020642
0.020528
0.020505
0.020457
0.020485
0.020432
0.020541
0.020440
0.020366
0.020373
0.020164
0.020172
0.020138
0.020200
0.020166
0.020278
0.020241
0.020358
0.020473
0.020451
0.020488
0.020431
0.020542
0.020597
0.020692
0.020748
0.020911
0.020900
0.020883
0.021096
0.021202
0.021266
0.021267
0.021198
0.021357
0.021355
0.021060
0.020979
0.020869
0.020851
0.020950
0.020958
0.020921
0.020761
0.020756
0.020625
0.020644
0.020631
0.020544
0.020465
0.020376
0.020445
0.020433
0.020402
0.020410
0.020282
0.020128
0.020002
0.019923
0.019880
0.019803
0.019683
0.019713
0.019791
0.019724
0.019673
0.019572
0.019463
0.019473
0.019460
0.019452
0.019317
0.019381
0.019436
0.019264
0.019325
0.019302
0.019165
0.019256
0.019235
0.019266
0.019123
0.019077
0.019139
0.019052
0.019109
0.019203
0.019027
0.019002
0.018957
0.018933
0.018988
0.018871
0.018779
0.018642
0.018623
0.018652
0.018604
0.018686
0.018626
0.018615
0.018678
0.018770
0.018543
0.018455
0.018309
0.018333
0.018427
0.018311
0.018306
0.018215
0.018059
0.018053
0.017957
0.017798
0.017825
0.017735
0.017755
0.017807
0.017718
0.017648
0.017678
0.017673
0.017576
0.017481
0.017463
0.017461
0.017618
0.017566
0.017507
0.017474
0.017488
0.017205
0.017065
0.017071
0.016885
0.016764
0.016670
0.016721
0.016659
0.016580
0.016644
0.016536
0.016477
0.016377
0.016300
0.016205
0.016226
0.016199
0.016056
0.016081
0.015990
0.016010
0.015906
0.015878
0.015833
0.015756
0.015689
0.015666
0.015550
0.015573
0.015466
0.015461
0.015460
0.015380
0.015397
0.015311
0.015206
0.015108
0.015010
0.015038
0.014957
0.014957
0.014816
0.014903
0.014852
0.014867
0.014732
0.014537
0.014467
0.014493
0.014457
0.014513
0.014377
0.014329
0.014185
0.014203
0.014183
0.014222
0.014153
0.014196
0.014203
0.014256
0.014116
0.014135
0.014069
0.014025
0.014132
0.014003
0.013931
0.013953
0.013843
0.013736
0.013802
0.013794
0.013620
0.013594
0.013635
0.013680
0.013720
0.013789
0.013750
0.013702
0.013552
0.013520
0.013518
0.013533
0.013579
0.013617
0.013499
0.013521
0.013456
0.013441
0.013424
0.013417
0.013391
0.013139
0.013019
0.013062
0.012919
0.012987
0.012907
0.012938
0.012806
0.012647
0.012638
0.012532
0.012594
0.012423
0.012434
0.012275
0.012108
0.012193
0.012185
0.012107
0.012070
0.012142
0.011994
0.011786
0.011920
0.011839
0.011754
0.011727
0.011702
0.011722
0.011687
0.011560
0.011631
0.011575
0.011617
0.011604
0.011657
0.011641
0.011632
0.011578
0.011643
0.011629
0.011644
0.011690
0.011674
0.011636
0.011628
0.011607
0.011645
0.011636
0.011635
0.011546
0.011562
0.011615
0.011543
0.011670
0.011749
0.011803
0.011709
0.011789
0.011836
0.011789
0.011798
0.011791
0.011879
0.011766
0.011785
0.011838
0.011790
0.011763
0.011783
0.011760
0.011721
0.011715
0.011650
0.011599
0.011609
0.011611
0.011658
0.011597
0.011583
0.011572
0.011570
0.011562
0.011484
0.011478
0.011484
0.011444
0.011447
0.011432
0.011435
0.011400
0.011367
0.011328
0.011335
0.011241
0.010876
0.010761
0.010726
0.010662
0.010617
0.010608
0.010599
0.010431
0.010453
0.010339
0.010228
0.010121
0.010169
0.010042
0.010038
0.009982
0.009929
0.009898
0.009778
0.009722
0.009694
0.009676
0.009638
0.009612
0.009609
0.009636
0.009642
0.009598
0.009596
0.009529
0.009485
0.009450
0.009456
0.009462
0.009432
0.009483
0.009513
0.009536
0.009511
0.009559
0.009531
0.009482
0.009455
0.009449
0.009467
0.009565
0.009589
0.009599
0.009599
0.009633
0.009598
0.009569
0.009788
0.009897
0.009965
0.010013
0.010167
0.010087
0.010135
0.010251
0.010302
0.010302
0.010321
0.010420
0.010460
0.010417
0.010458
0.010505
0.010497
0.010532
0.010579
0.010569
0.010489
0.010515
0.010508
0.010579
0.010532
0.010555
0.010646
0.010646
0.010677
0.010712
0.010680
0.010759
0.010685
0.010732
0.010734
0.010756
0.010819
0.010777
0.010777
0.010862
0.010821
0.010828
0.010567
0.010545
0.010420
0.010379
0.010426
0.010376
0.010238
0.010232
0.010228
0.010180
0.010141
0.010148
0.010093
0.010200
0.010177
0.010068
0.010074
0.010110
0.010076
0.010011
0.009971
0.009962
0.009923
0.009983
0.009885
0.009902
0.009893
0.009861
0.009873
0.009848
0.009852
0.009872
