0.394613
0.394613
0.394613
0.394613
0.394613
0.394613
0.394613
0.394613
0.394613
0.394613
0.394613
0.394613
0.394613
0.394613
0.394613
0.394613
0.394613
0.394613
0.394613
0.394613
0.394613
0.394613
0.394613
0.393880
0.392409
0.389703
0.386310
0.382491
0.378565
0.374612
0.370963
0.367751
0.364638
0.361501
0.358462
0.355184
0.351695
0.348065
0.344429
0.341029
0.337649
0.334084
0.330829
0.327355
0.324138
0.320820
0.317631
0.314255
0.310965
0.307765
0.304406
0.301266
0.298034
0.294773
0.291739
0.288564
0.285387
0.282301
0.279392
0.276267
0.273245
0.270280
0.267223
0.264394
0.261425
0.258480
0.255581
0.252627
0.249940
0.246947
0.244291
0.241520
0.238530
0.236013
0.233198
0.230515
0.227913
0.225054
0.222574
0.219999
0.217231
0.214628
0.212131
0.209683
0.207081
0.204621
0.202071
0.199839
0.197506
0.194956
0.192745
0.190491
0.188114
0.185918
0.183586
0.181193
0.179064
0.177013
0.174664
0.172707
0.170573
0.168286
0.166347
0.164218
0.162258
0.160252
0.158246
0.156216
0.154487
0.152371
0.150566
0.148633
0.146842
0.144884
0.143117
0.141237
0.139451
0.137855
0.136084
0.134427
0.132598
0.131006
0.129324
0.127709
0.126043
0.124302
0.122822
0.121177
0.119901
0.118205
0.116587
0.115087
0.113688
0.112262
0.110756
0.109342
0.107961
0.106490
0.105206
0.103792
0.102210
0.101076
0.099600
0.098317
0.097066
0.095769
0.094558
0.093496
0.092062
0.090830
0.089725
0.088427
0.087294
0.086304
0.085097
0.083969
0.082794
0.081915
0.080736
0.079627
0.078699
0.077623
0.076604
0.075541
0.074597
0.073628
0.072535
0.071658
0.070859
0.069885
0.068919
0.068034
0.067164
0.066290
0.065337
0.064668
0.063700
0.062836
0.061968
0.061254
0.060340
0.059606
0.058968
0.058018
0.057209
0.056496
0.055879
0.055045
0.054398
0.053560
0.052982
0.052321
0.051634
0.051017
0.050283
0.049483
0.048948
0.048415
0.047746
0.047036
0.046448
0.045845
0.045110
0.044697
0.044070
0.043357
0.042905
0.042344
0.041801
0.041362
0.040525
0.040201
0.039672
0.039043
0.038713
0.038084
0.037597
0.037105
0.036655
0.036267
0.035609
0.035199
0.034779
0.034261
0.033783
0.033510
0.032950
0.032560
0.032102
0.031700
0.031222
0.030781
0.030440
0.030124
0.029663
0.029275
0.028838
0.028529
0.028124
0.027712
0.027323
0.027127
0.026651
0.026391
0.026077
0.025764
0.025434
0.025162
0.024758
0.024502
0.024122
0.023878
0.023436
0.023187
0.022929
0.022666
0.022353
0.022026
0.021817
0.021533
0.021262
0.021052
0.020764
0.020477
0.020261
0.019961
0.019649
0.019496
0.019285
0.019124
0.018898
0.018569
0.018376
0.018140
0.018015
0.017809
0.017536
0.017386
0.017176
0.017042
0.016758
0.016594
0.016483
0.016421
0.016158
0.015837
0.015670
0.015608
0.015492
0.015305
0.015086
0.014985
0.014811
0.014636
0.014467
0.014366
0.014141
0.014141
0.013884
0.013819
0.013622
0.013463
0.013300
0.013211
0.013009
0.012960
0.012775
0.012720
0.012609
0.012524
0.012425
0.012252
0.012140
0.012140
0.012140
0.012079
0.011980
0.011724
0.011675
0.011618
0.011556
0.011556
0.011383
0.011346
0.011236
0.011134
0.011134
0.011022
0.010961
0.010953
0.010854
0.010793
0.010745
0.010694
0.010571
0.010519
0.010519
0.010458
0.010458
0.010359
0.010198
0.010136
0.010198
0.010198
0.010137
0.010137
0.010035
0.009924
0.009887
0.009887
0.009838
0.009777
0.009777
0.009777
0.009715
0.009653
0.009653
0.009591
0.009591
0.009493
0.009493
0.009493
0.009493
0.009442
0.009380
0.009380
0.009380
0.009380
0.009380
0.009319
0.009319
0.009319
0.009319
0.009319
0.009258
0.009258
0.009258
0.009258
0.009258
0.009185
0.009185
0.009185
0.009185
0.009185
0.009185
0.009123
0.009123
0.009123
0.009123
0.009123
0.009123
0.009062
0.009062
0.009062
0.009062
0.009062
0.009062
0.009062
0.009000
0.009000
0.009000
0.009000
0.009000
0.009000
0.009000
0.009000
0.008939
0.008939
0.008939
0.008939
0.008939
0.008939
0.008939
0.008939
0.008939
0.008939
0.008939
0.008939
0.008939
0.008939
0.008939
0.008939
0.008939
0.008939
0.008939
0.008939
0.008939
0.008939
0.008939
0.008939
0.008939
0.008939
0.008939
0.008939
0.008939
0.008939
0.008939
0.008939
0.008939
0.008939
0.008939
0.008939
0.008939
0.008939
0.008939
0.008939
0.008939
0.008939
0.008939
0.008939
0.008939
0.008939
0.008939
0.008939
0.008939
0.008939
0.008939
0.008939
0.008939
0.008939
0.008939
0.008939
0.008939
0.008939
0.008939
0.008939
0.008939
0.008939
0.008939
0.008939
0.008939
0.008939
0.008939
0.008939
0.008939
0.008939
0.008939
0.008939
0.008939
0.008939
0.008939
0.008939
0.008939
0.008939
0.008939
0.008939
0.008939
0.008939
0.008939
0.008939
0.008939
0.008939
0.008939
0.008939
0.008939
0.008939
0.008939
0.008939
0.008939
0.008939
0.008939
0.008939
0.008939
0.008939
0.008939
0.008939
0.008939
0.008939
0.008939
0.008939
0.008939
0.008939
0.008939
0.008939
0.008939
0.008939
0.008939
0.008939
0.008939
0.008939
0.008939
0.008939
0.008939
0.008939
0.008939
0.008939
0.008939
0.008939
0.008939
0.008939
0.008939
0.008939
0.008939
0.008939
0.008939
0.008939
0.008939
0.008939
0.008939
0.008939
0.008939
0.008939
0.008939
0.008939
0.008939
0.008939
0.008939
0.008939
0.008939
0.008939
0.008939
0.008939
0.008939
0.008939
0.008939
0.008939
0.008939
0.008939
0.008939
0.008939
0.008939
0.008939
0.008939
0.008939
0.008939
0.008939
0.008939
0.008939
0.008939
0.008939
0.008939
0.008939
0.008939
0.008939
0.008939
0.008939
0.008939
0.008939
0.008939
0.008939
0.008939
0.008939
0.008939
0.008939
0.008939
0.008939
0.008939
0.008939
0.008939
0.008939
0.008939
0.008939
0.008939
0.008939
0.008939
0.008939
0.008939
0.008939
0.008939
0.008939
0.008939
0.008939
0.008939
0.008939
0.008939
0.008939
0.008939
0.008939
0.008939
0.008939
0.008939
0.008939
0.008939
0.008939
0.008939
0.008939
0.008939
0.008939
0.008939
0.008939
0.008939
0.008939
0.008939
0.008939
0.008939
0.008939
0.008939
0.008939
0.008939
0.008939
0.008939
0.008939
0.008939
0.008939
0.008939
0.008939
0.008939
0.008939
0.008939
0.008939
0.008939
0.008939
0.008939
0.008939
0.008939
0.008939
0.008939
0.008939
0.008939
0.008939
0.008939
0.008939
0.008939
0.008939
0.008939
0.008939
0.008939
0.008939
0.008939
0.008939
0.008939
0.008939
0.008939
0.008939
0.008939
0.008939
0.008939
0.008939
0.008939
0.008939
0.008939
0.008939
0.008939
0.008939
0.008939
0.008939
0.008939
0.008939
0.008939
0.008939
0.008939
0.008939
0.008939
0.008939
0.008939
0.008939
0.008939
0.008939
0.008939
0.008939
0.008939
0.008939
0.008939
0.008939
0.008939
0.008939
0.008939
0.008939
0.008939
0.008939
