0.530854
0.530854
0.530854
0.530854
0.530854
0.530854
0.530854
0.530854
0.530854
0.530809
0.530766
0.530724
0.530596
0.530467
0.530339
0.530189
0.530125
0.530017
0.529979
0.529853
0.529800
0.529637
0.529333
0.529096
0.528835
0.528588
0.528378
0.528246
0.528056
0.527756
0.527506
0.527218
0.526817
0.526460
0.526129
0.525867
0.525610
0.525373
0.525049
0.524839
0.524539
0.524067
0.523713
0.523228
0.522891
0.522555
0.522228
0.522016
0.521586
0.521304
0.520784
0.520388
0.520099
0.519729
0.519574
0.519135
0.518981
0.518443
0.518127
0.517809
0.517181
0.516874
0.516399
0.516207
0.515797
0.515410
0.514986
0.514562
0.514015
0.513663
0.513184
0.512706
0.512316
0.511842
0.511527
0.511019
0.510548
0.509941
0.509294
0.508860
0.508339
0.507889
0.507360
0.506935
0.506425
0.505821
0.505141
0.504559
0.503949
0.503330
0.502763
0.502185
0.501621
0.500948
0.500316
0.499578
0.498885
0.498186
0.497530
0.496971
0.496281
0.495576
0.494798
0.494205
0.493267
0.492467
0.491622
0.490938
0.490137
0.489338
0.488650
0.487804
0.486895
0.486006
0.485080
0.484076
0.483087
0.482420
0.481490
0.480615
0.479638
0.478683
0.477558
0.476490
0.475461
0.474301
0.473201
0.472183
0.471140
0.469973
0.468971
0.467788
0.466542
0.465366
0.464232
0.462892
0.461805
0.460554
0.459455
0.458428
0.457239
0.456134
0.455112
0.453940
0.452876
0.451835
0.450834
0.449673
0.448748
0.447596
0.446644
0.445712
0.444614
0.443696
0.442709
0.441747
0.440815
0.439898
0.439014
0.438017
0.437143
0.436292
0.435425
0.434473
0.433583
0.432765
0.431986
0.430972
0.430198
0.429363
0.428528
0.427778
0.426871
0.426194
0.425385
0.424620
0.423782
0.423073
0.422270
0.421523
0.420824
0.420087
0.419376
0.418617
0.417937
0.417250
0.416516
0.415662
0.415198
0.414467
0.413712
0.413112
0.412431
0.411904
0.411223
0.410584
0.409788
0.409311
0.408633
0.407878
0.407467
0.406865
0.406169
0.405565
0.404971
0.404495
0.403878
0.403285
0.402708
0.402172
0.401624
0.400941
0.400487
0.399971
0.399417
0.398837
0.398387
0.397837
0.397257
0.396846
0.396233
0.395735
0.395272
0.394842
0.394255
0.393748
0.393255
0.392814
0.392336
0.391891
0.391424
0.390855
0.390498
0.390007
0.389586
0.389214
0.388782
0.388295
0.387892
0.387463
0.387090
0.386807
0.386321
0.385985
0.385430
0.385212
0.384872
0.384390
0.384115
0.383705
0.383331
0.383037
0.382607
0.382378
0.382003
0.381690
0.381398
0.380986
0.380676
0.380426
0.380170
0.379850
0.379535
0.379205
0.378958
0.378768
0.378456
0.378188
0.377850
0.377626
0.377448
0.377149
0.376857
0.376626
0.376393
0.376142
0.375968
0.375679
0.375497
0.375290
0.375076
0.374900
0.374642
0.374357
0.374258
0.374074
0.373893
0.373619
0.373439
0.373304
0.373065
0.372967
0.372748
0.372529
0.372342
0.372232
0.372129
0.371852
0.371708
0.371528
0.371390
0.371294
0.371083
0.371002
0.370791
0.370651
0.370590
0.370414
0.370213
0.370142
0.370005
0.369906
0.369778
0.369657
0.369515
0.369384
0.369256
0.369212
0.369101
0.368907
0.368837
0.368738
0.368677
0.368574
0.368472
0.368314
0.368243
0.368150
0.368051
0.368013
0.272348
0.272281
0.272192
0.272116
0.272047
0.271980
0.271996
0.272094
0.272267
0.272433
0.272620
0.272813
0.273034
0.273268
0.273531
0.273754
0.273982
0.274228
0.274457
0.274789
0.275087
0.275424
0.275785
0.276148
0.276478
0.276834
0.277206
0.277612
0.277977
0.278392
0.278804
0.279203
0.279622
0.280004
0.280387
0.280725
0.281122
0.281491
0.281857
0.282213
0.282570
0.282924
0.283241
0.283555
0.283885
0.284196
0.284546
0.284853
0.285219
0.285548
0.285872
0.286267
0.286573
0.286919
0.287262
0.287560
0.287956
0.288273
0.288595
0.288830
0.289020
0.289110
0.289083
0.289040
0.288996
0.288941
0.288908
0.288927
0.288950
0.288933
0.224824
0.224723
0.224605
0.224491
0.224368
0.224263
0.224155
0.224083
0.223990
0.223873
0.223708
0.223475
0.223214
0.222947
0.222640
0.222325
0.222017
0.221748
0.221501
0.221386
0.221277
0.221194
0.221040
0.220898
0.220679
0.220269
0.219812
0.219124
0.218303
0.217327
0.216307
0.215203
0.214234
0.213275
0.212389
0.211411
0.210507
0.209612
0.208636
0.207697
0.206612
0.205663
0.204761
0.203742
0.202853
0.201894
0.201004
0.200094
0.199119
0.198275
0.197375
0.196473
0.195576
0.194668
0.193767
0.192969
0.192082
0.191213
0.190276
0.189276
0.188255
0.187225
0.186092
0.184999
0.183932
0.182807
0.181671
0.180507
0.179322
0.178180
0.176933
0.175779
0.174572
0.173495
0.172316
0.171244
0.170108
0.169001
0.167807
0.166664
0.165515
0.164379
0.163300
0.162233
0.161146
0.159949
0.158871
0.157774
0.156713
0.155691
0.154554
0.153501
0.152428
0.151349
0.150331
0.149266
0.148196
0.147218
0.146147
0.145101
0.144046
0.143009
0.142000
0.141030
0.140002
0.138934
0.137973
0.136934
0.135933
0.134949
0.133950
0.132997
0.131963
0.131013
0.130002
0.129051
0.128091
0.127154
0.126102
0.125171
0.124186
0.123249
0.122291
0.121311
0.120420
0.119441
0.118497
0.117579
0.116584
0.115639
0.114718
0.113770
0.112852
0.111868
0.110993
0.110042
0.109094
0.108202
0.107243
0.106368
0.105425
0.104498
0.103551
0.102670
0.101787
0.100857
0.099979
0.099028
0.098133
0.097199
0.096346
0.095447
0.094497
0.093616
0.092737
0.091825
0.090977
0.090006
0.089149
0.088324
0.087372
0.086513
0.085595
0.084727
0.083854
0.082956
0.082127
0.081227
0.080322
0.079475
0.078616
0.077724
0.076842
0.075999
0.075185
0.074328
0.073513
0.072646
0.071812
0.071009
0.070229
0.069412
0.068643
0.067867
0.067109
0.066373
0.065626
0.064834
0.064155
0.063424
0.062688
0.061973
0.061315
0.060614
0.059888
0.059258
0.058589
0.057949
0.057291
0.056709
0.056055
0.055442
0.054827
0.054226
0.053633
0.053006
0.052418
0.051880
0.051325
0.050749
0.050167
0.049634
0.049090
0.048583
0.048016
0.047553
0.047012
0.046535
0.046051
0.045517
0.045040
0.044561
0.044099
0.043667
0.043164
0.042704
0.042262
0.041839
0.041389
0.040994
0.040556
0.040129
0.039751
0.039329
0.038924
0.038552
0.038135
0.037756
0.037400
0.037040
0.036684
0.036326
0.035934
0.035586
0.035231
0.034881
0.034610
0.034210
0.033872
0.033565
0.033242
0.032951
0.032582
0.032325
0.032028
0.031761
0.031421
0.031144
0.030822
0.030545
0.030295
0.029991
0.029723
0.029496
0.029246
0.028953
0.028707
0.028464
0.028179
0.027964
0.027719
0.027490
0.027265
0.027004
0.026780
0.026540
0.026317
0.026109
0.025915
0.025690
0.025487
0.025280
0.025088
0.024886
0.024701
0.024528
0.024304
0.024098
0.023909
0.023709
0.023528
0.023344
0.023163
0.022962
0.022765
0.022592
0.022452
0.022272
0.022094
0.021924
0.021795
0.021626
0.021452
0.021271
0.021142
0.020973
0.020853
0.020703
0.020544
0.020392
0.020293
0.020162
0.019998
0.019892
0.019766
0.019621
0.019503
0.019395
0.019233
0.019146
0.019026
0.018863
0.018784
0.018657
0.018539
0.018432
0.018311
0.018226
0.018117
0.018008
0.017880
0.017824
0.017697
0.017630
0.017509
0.017447
0.017326
0.017263
0.017155
0.017080
0.016954
0.016910
0.016771
0.016727
0.016600
0.016544
0.016443
0.016383
0.016315
0.016234
0.016176
0.016079
0.016023
0.015940
0.015848
0.015811
0.015751
0.015671
0.015646
0.015544
0.015500
0.015414
0.015352
0.015308
0.015225
0.015162
0.015123
0.015057
0.014996
0.014946
0.014890
0.014829
0.014792
0.014715
0.014655
0.014616
0.014550
0.014491
0.014442
0.014432
0.014350
0.014328
0.014291
0.014259
0.014177
0.014140
0.014118
0.014037
0.013984
0.013947
0.013910
0.013844
0.013823
0.013792
0.013667
0.013634
0.013571
0.013542
0.013482
0.013448
0.013375
0.013348
0.013304
0.013268
0.013242
0.013186
0.013143
0.013122
0.013087
0.013062
0.013000
0.012979
0.012945
0.012910
0.012889
0.012826
0.012805
0.012784
0.012763
0.012729
0.012699
0.012654
0.012634
0.012614
0.012593
0.012560
0.012542
0.012498
0.012466
0.012446
0.012425
0.012385
0.012374
0.012374
0.012330
0.012311
0.012292
0.012289
0.012247
0.012268
0.012280
0.012293
0.012293
0.012307
0.012322
0.012309
0.012324
0.012341
0.012341
0.012350
0.012350
0.012350
0.012357
0.012357
0.012357
0.012357
0.012376
0.012376
0.012376
0.012376
0.012376
0.012380
0.012380
0.012380
0.012380
0.012380
0.012380
0.012380
0.012380
0.012380
0.012380
0.012400
0.012400
0.012400
0.012400
0.012400
0.012400
0.012400
0.012400
0.012400
0.012400
0.012400
0.012400
0.012400
0.012400
0.012400
0.012285
0.012267
0.012234
0.012218
0.012203
0.012203
0.012189
0.012177
0.012165
0.012165
0.012156
0.012156
0.012148
0.012148
0.012148
0.012142
0.012142
0.012142
0.012139
0.012139
0.012139
0.012139
0.012139
0.012138
0.012138
0.012138
0.012138
0.012138
0.012138
0.012138
0.012138
0.012138
0.012139
0.012139
0.012139
0.012139
0.012139
0.012139
0.012139
0.012139
0.012139
0.012139
0.012139
0.012165
0.012177
0.012203
0.012218
0.012234
0.012234
0.012250
0.012267
0.012267
0.012285
0.012303
0.012303
0.012322
0.012322
0.012322
0.012341
0.012341
0.012341
0.012341
0.012360
0.012360
0.012360
0.012360
0.012360
0.012380
0.012380
0.012380
0.012380
0.012380
0.012380
0.012380
0.012380
0.012380
0.012400
0.012400
0.012400
0.012400
0.012400
0.012400
0.012400
0.012400
0.012400
0.012400
0.012400
0.012400
0.012400
0.012400
0.012400
0.012285
0.012267
0.012234
0.012218
0.012203
0.012203
0.012189
0.012177
0.012165
0.012165
0.012156
0.012156
0.012148
0.012148
0.012148
0.012142
0.012142
0.012142
0.012139
0.012139
0.012139
0.012139
0.012139
