0.808687
0.808687
0.808687
0.808687
0.808687
0.808687
0.808687
0.808687
0.808694
0.808690
0.808676
0.808543
0.808166
0.807658
0.806835
0.805897
0.804818
0.804032
0.803153
0.802658
0.802184
0.801563
0.801144
0.800815
0.799888
0.798984
0.798080
0.796923
0.795421
0.793794
0.791964
0.789739
0.787721
0.785892
0.783750
0.782010
0.780330
0.778659
0.776781
0.774966
0.773086
0.771126
0.769367
0.767218
0.765398
0.763309
0.761522
0.759708
0.757698
0.756006
0.754066
0.752107
0.750229
0.748388
0.746293
0.744615
0.742654
0.740690
0.738962
0.737010
0.735209
0.733125
0.731460
0.729403
0.727563
0.725722
0.723706
0.721961
0.720114
0.718198
0.716249
0.714475
0.712577
0.710619
0.708725
0.707025
0.705213
0.703196
0.701404
0.699243
0.697150
0.694895
0.692461
0.690245
0.687956
0.685878
0.683656
0.681825
0.679965
0.678165
0.676615
0.674815
0.673084
0.671439
0.669560
0.667613
0.665522
0.663337
0.660973
0.658995
0.656969
0.654793
0.652866
0.650835
0.648874
0.647187
0.645217
0.643337
0.641377
0.639503
0.637736
0.635815
0.633974
0.632279
0.630520
0.628798
0.627194
0.625443
0.623655
0.622105
0.620464
0.618991
0.617150
0.615694
0.614072
0.612665
0.611169
0.609818
0.608450
0.607439
0.606278
0.605245
0.604075
0.602862
0.601740
0.600701
0.599648
0.598333
0.597112
0.595667
0.594248
0.593139
0.591913
0.590836
0.589701
0.588631
0.587456
0.585862
0.584323
0.582193
0.580263
0.578110
0.576397
0.574538
0.572753
0.570847
0.568708
0.566231
0.563716
0.561126
0.558830
0.556518
0.554546
0.552445
0.550452
0.548253
0.546041
0.543909
0.541725
0.539459
0.537516
0.535187
0.532999
0.530934
0.528759
0.526712
0.524452
0.522389
0.520188
0.518094
0.515972
0.513781
0.511639
0.509588
0.507347
0.505253
0.503252
0.501291
0.498970
0.496978
0.494880
0.492890
0.490790
0.488642
0.486512
0.484560
0.482577
0.480437
0.478273
0.476423
0.474311
0.472377
0.470381
0.468275
0.466222
0.464355
0.462200
0.460242
0.458300
0.456334
0.454470
0.452583
0.450520
0.448625
0.446811
0.444963
0.442994
0.441041
0.439457
0.437321
0.435545
0.433842
0.432053
0.430182
0.428495
0.426776
0.424838
0.423125
0.421408
0.419625
0.418152
0.416350
0.414774
0.413035
0.411324
0.409862
0.408022
0.406518
0.404795
0.403365
0.401866
0.400237
0.398697
0.397140
0.395573
0.394178
0.392699
0.391189
0.389827
0.388118
0.386865
0.385423
0.384016
0.382721
0.381183
0.379814
0.378562
0.377129
0.375972
0.374630
0.373241
0.372004
0.370810
0.369563
0.368242
0.366998
0.365688
0.364702
0.363441
0.362176
0.361197
0.359324
0.358099
0.356944
0.355977
0.354644
0.353557
0.352513
0.351309
0.350252
0.349295
0.348254
0.347093
0.346065
0.345113
0.344164
0.343228
0.342086
0.341312
0.340269
0.339517
0.338597
0.337648
0.336709
0.335927
0.335093
0.334259
0.333285
0.332602
0.331697
0.330945
0.330246
0.329465
0.328709
0.327894
0.327117
0.326308
0.325835
0.325054
0.324343
0.323587
0.322874
0.322353
0.321540
0.321126
0.320489
0.319977
0.319360
0.318779
0.318293
0.317831
0.317105
0.316621
0.316163
0.315663
0.315063
0.314649
0.314027
0.313777
0.313169
0.312611
0.311968
0.311597
0.311185
0.310720
0.310200
0.309788
0.309292
0.308924
0.308423
0.307931
0.307488
0.307088
0.306629
0.306229
0.305839
0.305426
0.305014
0.304646
0.304083
0.303792
0.303417
0.303156
0.302665
0.302260
0.301956
0.301567
0.301256
0.300844
0.300555
0.300223
0.300042
0.298935
0.298535
0.298020
0.297589
0.297155
0.297005
0.296419
0.296169
0.295849
0.295418
0.295162
0.294856
0.294577
0.294325
0.294028
0.293804
0.293566
0.293164
0.292809
0.292634
0.292404
0.292274
0.291998
0.291861
0.291483
0.291343
0.291149
0.290864
0.290706
0.290444
0.290183
0.289835
0.289896
0.289668
0.289457
0.289239
0.289073
0.288952
0.501016
0.500801
0.500691
0.500478
0.500224
0.500262
0.500219
0.500180
0.500150
0.499977
0.499860
0.499723
0.499599
0.499520
0.499453
0.499290
0.499234
0.499138
0.498997
0.498819
0.202860
0.202745
0.202722
0.202431
0.202462
0.202356
0.202168
0.201777
0.201314
0.200771
0.200142
0.199320
0.198647
0.197808
0.197188
0.196650
0.196009
0.195364
0.194843
0.194351
0.193737
0.193142
0.192466
0.191429
0.190590
0.189689
0.188843
0.188018
0.187163
0.186387
0.185652
0.184866
0.184017
0.182399
0.181274
0.179899
0.178838
0.177715
0.176803
0.175776
0.174908
0.173890
0.172882
0.171813
0.170907
0.169894
0.168912
0.167972
0.167025
0.165947
0.164994
0.164056
0.163111
0.162262
0.161261
0.160365
0.159359
0.158485
0.157495
0.156629
0.155603
0.154691
0.153788
0.152878
0.152062
0.151052
0.150141
0.149286
0.148549
0.147489
0.146669
0.145721
0.144825
0.144018
0.143034
0.142184
0.141436
0.140516
0.139902
0.139040
0.138226
0.137387
0.136540
0.135734
0.134886
0.133975
0.133283
0.132472
0.131643
0.130753
0.129802
0.128993
0.128154
0.127282
0.126285
0.125599
0.124735
0.123774
0.122943
0.122086
0.121206
0.120445
0.119535
0.118779
0.117814
0.116866
0.116149
0.115201
0.114344
0.113654
0.112762
0.111840
0.111040
0.110136
0.109369
0.108520
0.107692
0.106855
0.106039
0.105265
0.104073
0.103153
0.102251
0.101447
0.099906
0.098933
0.097947
0.097043
0.096073
0.095351
0.094441
0.093605
0.092720
0.091853
0.091091
0.090302
0.089440
0.088735
0.087909
0.087158
0.086397
0.085597
0.084796
0.084095
0.083368
0.082592
0.081865
0.081056
0.080429
0.079624
0.078944
0.078200
0.077569
0.076851
0.076182
0.075459
0.074703
0.074127
0.073464
0.072740
0.072203
0.071516
0.070936
0.070350
0.069686
0.069158
0.068445
0.067959
0.067503
0.066995
0.066538
0.066106
0.065520
0.064957
0.064535
0.064026
0.063400
0.062991
0.062471
0.061973
0.061550
0.060940
0.060411
0.059862
0.059383
0.058830
0.058413
0.057799
0.057323
0.056791
0.056218
0.055873
0.055300
0.054820
0.054213
0.053736
0.053262
0.052741
0.052168
0.051694
0.051175
0.050812
0.050294
0.049813
0.049240
0.048803
0.048282
0.047815
0.047377
0.046868
0.046386
0.045950
0.045481
0.045055
0.043935
0.043403
0.042380
0.041764
0.041201
0.040770
0.040218
0.039717
0.039279
0.038763
0.038292
0.037916
0.037473
0.037114
0.036716
0.036300
0.035980
0.035581
0.035227
0.034934
0.034499
0.034222
0.033781
0.033497
0.033166
0.032868
0.032542
0.032248
0.031916
0.031636
0.031360
0.031066
0.030797
0.030463
0.030175
0.029936
0.029604
0.029367
0.029035
0.028887
0.028562
0.028280
0.028085
0.027885
0.027726
0.027670
0.027542
0.027368
0.027372
0.027271
0.027033
0.026987
0.026956
0.026717
0.026603
0.026515
0.026344
0.026256
0.026077
0.025889
0.025766
0.025624
0.025401
0.025373
0.025193
0.024989
0.024854
0.024681
0.024688
0.024507
0.024321
0.024123
0.023943
0.023851
0.023523
0.023468
0.023326
0.023255
0.023138
0.023009
0.022849
0.022757
0.022529
0.022393
0.022289
0.022160
0.021969
0.021834
0.021743
0.021601
0.020776
0.020531
0.020195
0.019961
0.019480
0.019200
0.018930
0.018754
0.018493
0.018372
0.018134
0.018013
0.017846
0.017754
0.017582
0.017407
0.017296
0.017212
0.017099
0.016982
0.016814
0.016710
0.016663
0.016555
0.016430
0.016376
0.016293
0.016144
0.016019
0.015974
0.015920
0.015828
0.015828
0.015619
0.015522
0.015489
0.015391
0.015391
0.015268
0.015214
0.015086
0.015032
0.015032
0.014868
0.014772
0.014735
0.014912
0.015010
0.015105
0.015165
0.015205
0.015214
0.015266
0.015378
0.015394
0.015446
0.015525
0.015441
0.015515
0.015515
0.015424
0.015594
0.015540
0.015399
0.015514
0.015517
0.015517
0.015428
0.015428
0.015509
0.015451
0.015451
0.015398
0.015398
0.015362
0.015274
0.015274
0.015222
0.015304
0.015279
0.015285
0.015253
0.015217
0.015164
0.015164
0.015164
0.015112
0.015077
0.015023
0.014971
0.014971
0.014253
0.014147
0.013895
0.013801
0.013375
0.013208
0.013027
0.012907
0.012843
0.012726
0.012629
0.012558
0.012430
0.012430
0.012376
0.012343
0.012271
0.012236
0.012216
0.012199
0.012199
0.012150
0.012140
0.012099
0.012099
0.012050
0.012050
0.012046
0.012046
0.012046
0.011965
0.011965
0.011965
0.011972
0.011972
0.011924
0.011927
0.011927
0.011895
0.011895
0.011848
0.011848
0.011848
0.011848
0.011848
0.011848
0.011927
0.012068
0.012257
0.012422
0.012558
0.012604
0.012703
0.012809
0.012965
0.012935
0.013095
0.013149
0.013260
0.013271
0.013271
0.013385
0.013441
0.013441
0.013556
0.013556
0.013585
0.013543
0.013543
0.013660
0.013660
0.013718
0.013718
0.013718
0.013718
0.013678
0.013678
0.013678
0.013797
0.013770
0.013829
0.013829
0.013829
0.013829
0.013829
0.013829
0.013829
0.013829
0.013829
0.013829
0.013146
0.013040
0.012839
0.012746
0.012657
0.012319
0.012185
0.012012
0.011966
0.011857
0.011801
0.011761
0.011679
0.011647
0.011647
0.011586
0.011586
0.011564
0.011543
0.011543
0.011527
0.011527
0.011527
0.011517
0.011510
0.011510
0.011510
0.011510
0.011507
0.011507
0.011507
0.011507
0.011507
0.011514
0.011514
0.011514
0.011514
0.011517
0.011517
0.011517
0.011517
0.011517
0.011517
0.011517
0.011517
0.011517
0.011517
0.011673
0.011815
0.012003
0.012168
0.012305
0.012351
0.012449
0.012600
0.012756
0.012756
0.012916
0.012970
0.013081
0.013136
0.013136
0.013249
0.013305
0.013305
0.013420
0.013420
0.013477
0.013477
0.013477
0.013594
0.013594
0.013652
0.013652
0.013652
0.013652
0.013652
0.013652
0.013652
0.013770
0.013770
0.013829
0.013829
0.013829
0.013829
0.013829
0.013829
0.013829
0.013829
0.013829
0.013829
0.013146
0.013040
0.012839
0.012746
0.012657
0.012319
0.012185
0.012012
0.011966
0.011857
0.011801
0.011761
0.011679
0.011647
0.011647
0.011586
0.011586
0.011564
0.011543
0.011543
0.011527
0.011527
0.011527
0.011510
0.011510
0.011510
0.011510
0.011510
0.011507
0.011507
0.011507
0.011507
0.011507
0.011514
0.011514
0.011514
0.011514
0.011517
0.011517
0.011517
0.011517
0.011517
0.011517
0.011517
0.011517
0.011517
0.011517
0.011673
0.011739
0.011971
0.012092
0.012262
0.012305
0.012449
0.012551
0.012705
0.012756
0.012864
0.012916
0.013081
0.013081
0.013136
0.013249
0.013249
0.013305
0.013420
0.013420
0.013477
0.013477
0.013477
0.013594
0.013594
0.013652
0.013652
0.013652
0.013652
0.013652
0.013652
0.013652
0.013770
0.013770
0.013770
0.013829
0.013829
0.013829
0.013829
0.013829
0.013829
0.013829
0.013829
0.013829
0.013146
0.013040
0.012839
0.012746
0.012319
0.012267
0.012087
0.011966
0.011923
0.011857
0.011761
0.011724
0.011647
0.011647
0.011619
0.011586
0.011564
0.011564
0.011543
0.011527
0.011527
0.011527
0.011517
0.011510
0.011510
0.011510
0.011510
0.011507
0.011507
0.011507
0.011507
0.011507
0.011507
0.011514
0.011514
0.011514
0.011517
0.011517
0.011517
0.011517
0.011517
0.011517
0.011517
0.011517
0.011517
0.011517
0.011517
0.011673
0.011739
0.011971
0.012092
0.012262
0.012305
0.012449
0.012551
0.012705
0.012756
0.012864
0.012916
0.013081
0.013081
0.013136
0.013249
0.013249
0.013305
0.013420
0.013420
0.013477
0.013477
0.013477
0.013594
0.013594
0.013652
0.013652
0.013652
0.013652
0.013652
0.013652
0.013652
0.013770
0.013770
0.013770
0.013829
0.013829
0.013829
0.013829
0.013829
0.013829
0.013829
0.013829
0.013829
0.013146
0.013040
0.012839
0.012746
0.012319
0.012267
0.012087
0.011966
0.011923
0.011857
0.011761
0.011724
0.011647
0.011647
0.011619
0.011586
0.011564
0.011564
0.011543
0.011527
0.011527
0.011527
