0.942006
0.942006
0.942006
0.942006
0.942006
0.942006
0.942006
0.942006
0.941950
0.941886
0.941797
0.941682
0.941573
0.941462
0.941341
0.941174
0.941011
0.940836
0.940559
0.940273
0.939992
0.939582
0.939067
0.938383
0.937597
0.936710
0.935637
0.934575
0.933469
0.932386
0.931227
0.930082
0.928978
0.927800
0.926562
0.925269
0.923991
0.922593
0.921286
0.919868
0.918531
0.917078
0.915588
0.914127
0.912464
0.910999
0.909333
0.907827
0.906204
0.904552
0.903005
0.901487
0.899886
0.898411
0.896803
0.895221
0.893742
0.892246
0.890645
0.889138
0.887499
0.885901
0.884292
0.882697
0.880852
0.879179
0.877446
0.875793
0.874181
0.872472
0.870874
0.869006
0.867242
0.865283
0.863150
0.861154
0.859116
0.857062
0.854953
0.852959
0.850831
0.848598
0.846348
0.844100
0.841722
0.839510
0.837273
0.834981
0.832744
0.830544
0.828287
0.825949
0.823633
0.821261
0.818863
0.816447
0.814104
0.811813
0.809417
0.807093
0.804851
0.802441
0.800003
0.797652
0.795255
0.792877
0.790394
0.787927
0.785592
0.783121
0.780851
0.778229
0.775911
0.773360
0.770875
0.768307
0.765719
0.763223
0.760813
0.758304
0.755861
0.753278
0.750667
0.748159
0.745502
0.742992
0.740358
0.737655
0.735112
0.732523
0.730041
0.727360
0.724741
0.721981
0.719288
0.716729
0.714079
0.711511
0.708793
0.706113
0.703349
0.700579
0.697883
0.695147
0.692440
0.689707
0.687013
0.684276
0.681531
0.678658
0.675913
0.673140
0.670308
0.667577
0.664761
0.662077
0.659300
0.656496
0.653657
0.650650
0.647912
0.645056
0.642260
0.639502
0.636721
0.634001
0.631201
0.628555
0.625931
0.623281
0.620685
0.618115
0.615535
0.612866
0.609856
0.606871
0.603743
0.600692
0.597754
0.594821
0.592083
0.589152
0.586358
0.583632
0.580719
0.577827
0.574743
0.571764
0.568697
0.565741
0.562848
0.560119
0.557426
0.554781
0.552290
0.549801
0.547174
0.544568
0.541849
0.539163
0.536598
0.534013
0.531584
0.529152
0.526835
0.524538
0.522049
0.519530
0.516870
0.514282
0.511863
0.509412
0.507020
0.504724
0.502554
0.500262
0.498051
0.495655
0.493220
0.490736
0.488288
0.485952
0.483651
0.481606
0.479514
0.477431
0.475375
0.473157
0.470975
0.468596
0.466285
0.463974
0.461865
0.459696
0.457628
0.455671
0.453655
0.451461
0.449313
0.447104
0.445001
0.442819
0.440761
0.438785
0.436818
0.434827
0.432777
0.430648
0.428464
0.426360
0.424313
0.422286
0.420397
0.418604
0.416795
0.414949
0.413039
0.411036
0.408904
0.406886
0.404957
0.403065
0.401141
0.399313
0.397442
0.395559
0.393703
0.391780
0.389750
0.387681
0.385889
0.384012
0.382249
0.380535
0.378728
0.376864
0.375091
0.373120
0.371223
0.369232
0.367469
0.365604
0.363872
0.362196
0.360430
0.358609
0.356745
0.354821
0.352923
0.351153
0.349426
0.347629
0.345931
0.344228
0.342568
0.340919
0.339230
0.337569
0.335891
0.334262
0.332626
0.331041
0.329382
0.327809
0.326281
0.324734
0.323216
0.321698
0.320167
0.318539
0.317145
0.315590
0.314055
0.312639
0.311190
0.309720
0.308294
0.306868
0.305538
0.304098
0.302825
0.301299
0.299935
0.298666
0.297240
0.296008
0.294685
0.293386
0.292118
0.290818
0.289593
0.288310
0.287133
0.285912
0.284648
0.283402
0.282247
0.280984
0.279841
0.278708
0.277599
0.276462
0.275391
0.274222
0.273050
0.271982
0.270994
0.269798
0.268842
0.267680
0.266642
0.265684
0.264658
0.263538
0.262685
0.261634
0.260750
0.259838
0.258814
0.257786
0.257012
0.255960
0.255209
0.254201
0.253297
0.252494
0.251652
0.250775
0.249922
0.249178
0.248290
0.247507
0.246664
0.245928
0.245200
0.244396
0.243607
0.242854
0.242122
0.241413
0.240647
0.239987
0.239192
0.238508
0.237857
0.237128
0.236461
0.235814
0.235147
0.234471
0.233859
0.233219
0.232549
0.231978
0.231300
0.230770
0.230101
0.229489
0.228900
0.228318
0.227827
0.227150
0.226607
0.226007
0.225429
0.224823
0.224278
0.223787
0.223188
0.222661
0.222179
0.221619
0.221092
0.220658
0.220136
0.219675
0.219133
0.218674
0.218205
0.217825
0.217357
0.216800
0.216331
0.215935
0.215507
0.215030
0.214633
0.214188
0.213813
0.213353
0.212957
0.212591
0.212225
0.211846
0.211392
0.211050
0.210668
0.210320
0.209885
0.209586
0.209303
0.208927
0.208593
0.208247
0.207855
0.207599
0.207322
0.207015
0.206700
0.206429
0.243092
0.242750
0.242497
0.242273
0.242008
0.241722
0.241530
0.241229
0.241055
0.240816
0.240584
0.240348
0.240118
0.239902
0.239693
0.239491
0.239275
0.239034
0.238855
0.238693
0.238434
0.238209
0.238047
0.237871
0.237617
0.237445
0.237284
0.237110
0.236948
0.236719
0.236564
0.236419
0.236232
0.236048
0.235889
0.235769
0.235590
0.235441
0.235260
0.235169
0.234935
0.234824
0.234701
0.234557
0.234260
0.234111
0.233897
0.233824
0.233654
0.233508
0.233394
0.233235
0.233087
0.232924
0.232839
0.232728
0.232549
0.232466
0.232352
0.232204
0.232119
0.232004
0.231891
0.231763
0.231713
0.231587
0.231428
0.231355
0.231297
0.231156
0.118763
0.118692
0.118581
0.118498
0.118417
0.118338
0.118215
0.118183
0.118146
0.118075
0.118179
0.118350
0.118481
0.118633
0.118698
0.118681
0.118638
0.118536
0.118405
0.118255
0.118194
0.118133
0.118077
0.117975
0.117882
0.117747
0.117608
0.117457
0.117332
0.117182
0.116917
0.116648
0.116318
0.115926
0.115514
0.115180
0.114707
0.114188
0.113685
0.113128
0.112545
0.111940
0.111391
0.110815
0.110105
0.109544
0.108911
0.108313
0.107680
0.107024
0.106437
0.105788
0.105217
0.104590
0.103964
0.103382
0.102699
0.102115
0.101511
0.100845
0.100239
0.099636
0.099020
0.098440
0.097856
0.097139
0.096498
0.095858
0.095293
0.094614
0.094104
0.093510
0.092860
0.092304
0.091688
0.091132
0.090554
0.089959
0.089385
0.088773
0.088210
0.087655
0.087105
0.086492
0.085974
0.085403
0.084820
0.084274
0.083702
0.083120
0.082576
0.081986
0.081430
0.080896
0.080357
0.079844
0.079273
0.078740
0.078147
0.077637
0.077098
0.076581
0.076040
0.075511
0.075020
0.074469
0.073912
0.073403
0.072924
0.072407
0.071929
0.071410
0.070944
0.070434
0.069942
0.069427
0.068941
0.068491
0.068022
0.067537
0.067023
0.066489
0.066055
0.065555
0.065106
0.064659
0.064076
0.063651
0.063185
0.062715
0.062241
0.061726
0.061278
0.060826
0.060306
0.059861
0.059370
0.058910
0.058443
0.057955
0.057527
0.057036
0.056599
0.056144
0.055660
0.055205
0.054733
0.054286
0.053856
0.053374
0.052937
0.052456
0.052014
0.051567
0.051106
0.050657
0.050090
0.049645
0.049136
0.048703
0.048233
0.047781
0.047323
0.046862
0.046434
0.046005
0.045521
0.045058
0.044653
0.044190
0.043782
0.043379
0.042955
0.042520
0.042141
0.041728
0.041322
0.040927
0.040526
0.040120
0.039768
0.039404
0.039023
0.038670
0.038292
0.037919
0.037578
0.037239
0.036852
0.036510
0.036202
0.035868
0.035560
0.035219
0.034870
0.034574
0.034265
0.033969
0.033669
0.033342
0.033039
0.032747
0.032514
0.032280
0.031987
0.031727
0.031463
0.031225
0.030951
0.030707
0.030450
0.030205
0.029953
0.029752
0.029530
0.029278
0.029016
0.028797
0.028587
0.028386
0.028112
0.027913
0.027714
0.027485
0.027326
0.027085
0.026877
0.026678
0.026480
0.026250
0.026073
0.025898
0.025713
0.025555
0.025358
0.025170
0.024995
0.024840
0.024643
0.024458
0.024281
0.024106
0.023962
0.023788
0.023610
0.023458
0.023200
0.023030
0.022841
0.022672
0.022492
0.022339
0.022215
0.022050
0.021885
0.021784
0.021578
0.021467
0.021341
0.021164
0.021034
0.020939
0.020806
0.020644
0.020530
0.020422
0.020289
0.020200
0.020038
0.019926
0.019837
0.019707
0.019597
0.019498
0.019368
0.019280
0.019172
0.019083
0.018973
0.018856
0.018767
0.018679
0.018568
0.018461
0.018372
0.018274
0.018166
0.018078
0.017989
0.017904
0.017838
0.017749
0.017677
0.017581
0.017519
0.017468
0.017417
0.017332
0.017282
0.017224
0.017175
0.017068
0.017020
0.016954
0.016906
0.016800
0.016756
0.016677
0.016633
0.016570
0.016501
0.016435
0.016391
0.016347
0.016241
0.016216
0.016141
0.016075
0.016031
0.015947
0.015903
0.015859
0.015793
0.015749
0.015725
0.015641
0.015576
0.015544
0.015479
0.015413
0.015391
0.015308
0.015264
0.015220
0.015177
0.015133
0.015089
0.014914
0.014875
0.014788
0.014729
0.014670
0.014627
0.014569
0.014496
0.014475
0.014420
0.014367
0.014345
0.014272
0.014272
0.014191
0.014164
0.014112
0.014068
0.014044
0.014001
0.013979
0.013957
0.013914
0.013854
0.013854
0.013790
0.013768
0.013768
0.013704
0.013682
0.013661
0.013618
0.013596
0.013576
0.013533
0.013511
0.013491
0.013491
0.013448
0.013406
0.013406
0.013364
0.013343
0.013321
0.013321
0.013306
0.013274
0.013300
0.013295
0.013290
0.013269
0.013243
0.013260
0.013240
0.013236
0.013213
0.013213
0.013212
0.013170
0.013149
0.013168
0.013168
0.013129
0.013126
0.013105
0.013105
0.013066
0.013066
0.013064
0.013043
0.013043
0.013024
0.013005
0.013005
0.012984
0.012944
0.012944
0.012925
0.012945
0.012945
0.012905
0.012884
0.012884
0.012866
0.012866
0.012848
0.012848
0.012806
0.012806
0.012806
0.012789
0.012657
0.012639
0.012606
0.012569
0.012534
0.012534
0.012486
0.012474
0.012463
0.012463
0.012453
0.012453
0.012429
0.012429
0.012429
0.012423
0.012423
0.012423
0.012420
0.012404
0.012404
0.012404
0.012404
0.012403
0.012403
0.012403
0.012403
0.012403
0.012403
0.012403
0.012403
0.012403
0.012404
0.012404
0.012404
0.012404
0.012404
0.012404
0.012404
0.012404
0.012404
0.012404
0.012404
0.012404
0.012404
0.012430
0.012441
0.012468
0.012483
0.012498
0.012498
0.012515
0.012532
0.012532
0.012550
0.012568
0.012568
0.012586
0.012586
0.012586
0.012605
0.012605
0.012605
0.012625
0.012625
0.012625
0.012625
0.012625
0.012644
0.012644
0.012644
0.012644
0.012644
0.012644
0.012644
0.012644
0.012644
0.012644
0.012664
0.012664
0.012664
0.012664
0.012664
0.012664
0.012664
0.012664
0.012664
0.012664
0.012664
0.012664
0.012550
0.012532
0.012498
0.012483
0.012468
0.012468
0.012454
0.012441
0.012441
0.012430
0.012421
0.012421
0.012413
0.012413
0.012413
0.012407
0.012407
0.012407
0.012404
0.012404
0.012404
0.012404
0.012404
0.012403
0.012403
0.012403
0.012403
0.012403
0.012403
0.012403
0.012403
0.012403
0.012403
0.012404
0.012404
0.012404
0.012404
0.012404
0.012404
0.012404
0.012404
0.012404
0.012404
0.012404
0.012404
0.012404
0.012430
0.012441
0.012468
0.012483
0.012498
0.012498
0.012515
0.012532
0.012550
0.012550
0.012568
0.012568
0.012586
0.012586
0.012586
0.012605
0.012605
0.012605
0.012625
0.012625
0.012625
0.012625
0.012625
0.012644
0.012644
0.012644
0.012644
0.012644
0.012644
0.012644
0.012644
0.012644
0.012664
0.012664
0.012664
0.012664
0.012664
0.012664
0.012664
0.012664
0.012664
0.012664
0.012664
0.012664
0.012664
0.012550
0.012532
0.012498
0.012483
0.012468
0.012468
0.012454
0.012441
0.012441
0.012430
0.012421
0.012421
0.012413
0.012413
0.012413
0.012407
0.012407
0.012407
0.012404
0.012404
0.012404
0.012404
0.012404
0.012403
0.012403
0.012403
0.012403
0.012403
0.012403
0.012403
0.012403
0.012403
0.012403
0.012404
0.012404
0.012404
0.012404
0.012404
0.012404
0.012404
0.012404
0.012404
0.012404
0.012404
0.012404
0.012430
0.012441
0.012468
0.012483
0.012498
0.012498
0.012515
0.012532
0.012532
0.012550
0.012568
0.012568
0.012586
0.012586
0.012586
0.012605
0.012605
0.012605
0.012625
0.012625
0.012625
0.012625
0.012625
0.012644
0.012644
0.012644
0.012644
0.012644
0.012644
0.012644
0.012644
0.012644
0.012644
0.012664
0.012664
0.012664
0.012664
0.012664
0.012664
0.012664
0.012664
0.012664
0.012664
0.012664
0.012664
0.012664
0.012550
0.012532
0.012498
0.012483
0.012468
0.012468
0.012454
0.012441
0.012430
0.012430
0.012421
0.012421
0.012413
0.012413
0.012413
0.012407
0.012407
0.012407
0.012404
0.012404
0.012404
0.012404
0.012404
0.012403
0.012403
0.012403
0.012403
0.012403
0.012403
0.012403
0.012403
0.012403
0.012404
0.012404
0.012404
0.012404
0.012404
0.012404
0.012404
0.012404
0.012404
0.012404
0.012404
0.012404
0.012404
0.012430
0.012441
0.012468
0.012483
0.012498
0.012498
0.012515
0.012532
0.012532
0.012550
0.012568
0.012568
0.012586
0.012586
0.012586
0.012605
0.012605
0.012605
0.012625
0.012625
0.012625
0.012625
0.012625
0.012644
0.012644
0.012644
0.012644
0.012644
0.012644
0.012644
0.012644
0.012644
0.012644
0.012664
0.012664
0.012664
0.012664
0.012664
0.012664
0.012664
0.012664
0.012664
0.012664
0.012664
0.012664
0.012550
0.012532
0.012498
0.012483
0.012468
0.012468
0.012454
0.012441
0.012441
0.012430
0.012421
0.012421
0.012413
0.012413
0.012413
0.012407
0.012407
0.012407
0.012404
0.012404
0.012404
0.012404
0.012404
0.012403
0.012403
0.012403
0.012403
0.012403
0.012403
0.012403
0.012403
0.012403
0.012403
0.012404
0.012404
0.012404
0.012404
0.012404
0.012404
0.012404
0.012404
0.012404
0.012404
0.012404
0.012404
0.012404
0.012430
0.012441
0.012468
0.012483
0.012498
0.012498
0.012515
0.012532
0.012550
0.012550
0.012568
0.012568
0.012586
0.012586
0.012586
0.012605
0.012605
0.012605
0.012625
0.012625
0.012625
0.012625
0.012625
0.012644
0.012644
0.012644
0.012644
0.012644
0.012644
0.012644
0.012644
0.012644
0.012664
0.012664
0.012664
0.012664
0.012664
0.012664
0.012664
0.012664
0.012664
0.012664
0.012664
0.012664
0.012664
0.012550
0.012532
0.012498
0.012483
0.012468
0.012468
0.012454
0.012441
0.012441
0.012430
0.012421
0.012421
0.012413
0.012413
0.012413
0.012407
0.012407
0.012407
0.012404
0.012404
0.012404
0.012404
0.012404
0.012403
0.012403
0.012403
0.012403
0.012403
0.012403
0.012403
0.012403
0.012403
0.012403
0.012404
0.012404
0.012404
0.012404
0.012404
0.012404
0.012404
0.012404
0.012404
0.012404
0.012404
0.012404
0.012430
0.012441
0.012468
0.012483
0.012498
0.012498
0.012515
0.012532
0.012532
0.012550
0.012568
0.012568
0.012586
0.012586
0.012586
0.012605
0.012605
0.012605
0.012625
0.012625
0.012625
0.012625
0.012625
0.012644
0.012644
0.012644
0.012644
0.012644
0.012644
0.012644
0.012644
0.012644
0.012644
0.012664
0.012664
0.012664
0.012664
0.012664
0.012664
0.012664
0.012664
0.012664
0.012664
0.012664
0.012664
0.012664
0.012550
0.012532
0.012498
0.012483
0.012468
0.012468
0.012454
0.012441
