0.305053
0.305053
0.305053
0.305053
0.305053
0.305053
0.305053
0.305053
0.305053
0.305008
0.304965
0.304923
0.304796
0.304666
0.304538
0.304388
0.304325
0.304217
0.304179
0.304052
0.303999
0.303837
0.303532
0.303295
0.303078
0.302832
0.302616
0.302491
0.302524
0.302268
0.302107
0.301902
0.301554
0.301154
0.300839
0.300578
0.300417
0.300176
0.299897
0.299536
0.299319
0.298826
0.298388
0.298084
0.297711
0.297381
0.297077
0.296921
0.296501
0.296027
0.295478
0.294953
0.294553
0.294179
0.293878
0.293398
0.293076
0.292489
0.291998
0.291590
0.290867
0.290396
0.289851
0.289505
0.288977
0.288456
0.287845
0.287312
0.286631
0.286140
0.285562
0.284923
0.284372
0.283754
0.283238
0.282630
0.282041
0.281252
0.280439
0.279876
0.279172
0.278550
0.277854
0.277246
0.276596
0.275807
0.274922
0.274151
0.273350
0.272542
0.271778
0.271006
0.270278
0.269409
0.268569
0.267639
0.266670
0.265693
0.264749
0.263983
0.263107
0.262265
0.261367
0.260647
0.259628
0.258808
0.257929
0.257172
0.256254
0.255381
0.254569
0.253798
0.252969
0.252140
0.251422
0.250582
0.249709
0.249086
0.248235
0.247527
0.246770
0.246063
0.245275
0.244575
0.243909
0.243089
0.242301
0.241579
0.240826
0.240014
0.239378
0.238563
0.237788
0.237063
0.236377
0.235537
0.234819
0.233983
0.233298
0.232556
0.231736
0.230941
0.230336
0.229612
0.228899
0.228228
0.227600
0.226836
0.226221
0.225451
0.224841
0.224324
0.223519
0.222953
0.222342
0.221690
0.221138
0.220600
0.219985
0.219404
0.218859
0.218269
0.217776
0.217132
0.216611
0.216040
0.215599
0.214902
0.214461
0.213945
0.213401
0.212932
0.212367
0.211953
0.211497
0.210981
0.210485
0.210031
0.209511
0.209063
0.208649
0.208184
0.207764
0.207306
0.206871
0.206427
0.205972
0.205418
0.205213
0.204714
0.204298
0.203911
0.203536
0.203257
0.202879
0.202565
0.202051
0.201826
0.201408
0.200933
0.200762
0.200374
0.199980
0.199622
0.199292
0.199032
0.198629
0.198306
0.197969
0.197667
0.197342
0.196954
0.196673
0.196372
0.196054
0.195739
0.195458
0.195144
0.194780
0.194596
0.194194
0.193907
0.193635
0.193489
0.193117
0.192837
0.192544
0.192283
0.191999
0.191794
0.191561
0.191163
0.190991
0.190702
0.190305
0.190115
0.189849
0.189490
0.189277
0.189037
0.188804
0.188664
0.188342
0.188154
0.187788
0.187700
0.187572
0.187235
0.187076
0.186866
0.186668
0.186468
0.186197
0.186126
0.185918
0.185748
0.185591
0.185356
0.185119
0.185049
0.184970
0.184736
0.184571
0.184415
0.184270
0.184224
0.184042
0.183918
0.183745
0.183628
0.183595
0.183342
0.183270
0.183143
0.183056
0.182909
0.182823
0.182670
0.182558
0.182500
0.182345
0.182315
0.182161
0.182012
0.181976
0.181949
0.181920
0.181801
0.181755
0.181701
0.181625
0.181597
0.181504
0.181407
0.181362
0.181322
0.181311
0.181170
0.181078
0.181048
0.180980
0.180932
0.180866
0.180824
0.180780
0.180710
0.180680
0.180609
0.180518
0.180498
0.180431
0.180398
0.180379
0.180341
0.180229
0.180202
0.180183
0.180196
0.180121
0.180029
0.180032
0.179964
0.179935
0.179944
0.179872
0.179818
0.179821
0.179665
0.179576
0.179530
0.268248
0.268253
0.268154
0.268095
0.268077
0.268056
0.268020
0.267969
0.267973
0.267916
0.267892
0.267882
0.267857
0.267823
0.267820
0.267792
0.267778
0.267767
0.267765
0.267736
0.267724
0.267673
0.267681
0.267653
0.267663
0.267661
0.267632
0.267641
0.267623
0.267618
0.267592
0.267601
0.267621
0.267605
0.267603
0.267612
0.267586
0.267584
0.267558
0.267566
0.267566
0.267535
0.267545
0.267545
0.267517
0.267517
0.267526
0.267501
0.267499
0.267499
0.267560
0.267605
0.267625
0.267648
0.267654
0.267654
0.267675
0.267671
0.267692
0.267692
0.267714
0.267687
0.267709
0.267708
0.267682
0.267703
0.267703
0.267703
0.267698
0.267698
0.124640
0.124640
0.124640
0.124635
0.124635
0.124635
0.124646
0.124659
0.124759
0.124905
0.125132
0.125373
0.125575
0.125643
0.125649
0.125624
0.125568
0.125490
0.125487
0.125572
0.125623
0.125597
0.125576
0.125473
0.125259
0.125038
0.124795
0.124415
0.124128
0.123749
0.123290
0.122817
0.122290
0.121836
0.121336
0.120827
0.120392
0.120021
0.119615
0.119298
0.118879
0.118582
0.118232
0.117885
0.117618
0.117281
0.116969
0.116636
0.116340
0.116049
0.115709
0.115403
0.115094
0.114696
0.114417
0.114081
0.113745
0.113395
0.113062
0.112723
0.112373
0.112055
0.111681
0.111332
0.111031
0.110640
0.110311
0.109988
0.109607
0.109298
0.108918
0.108575
0.108243
0.107907
0.107650
0.107349
0.107017
0.106682
0.106325
0.106039
0.105672
0.105347
0.105007
0.104594
0.104326
0.103932
0.103600
0.103191
0.102846
0.102517
0.102095
0.101735
0.101412
0.100967
0.100626
0.100191
0.099842
0.099462
0.099064
0.098651
0.098230
0.097887
0.097424
0.097039
0.096614
0.096225
0.095848
0.095369
0.094968
0.094533
0.094109
0.093722
0.093211
0.092818
0.092393
0.091774
0.091308
0.090810
0.090369
0.089904
0.089432
0.088971
0.088456
0.087985
0.087530
0.087071
0.086654
0.086167
0.085745
0.085360
0.084903
0.084524
0.084104
0.083759
0.083334
0.082952
0.082567
0.082160
0.081796
0.081395
0.081014
0.080630
0.080229
0.079839
0.079490
0.079066
0.078682
0.078266
0.077916
0.077561
0.077159
0.076804
0.076406
0.076042
0.075646
0.075290
0.074905
0.074538
0.074192
0.073799
0.073441
0.073061
0.072713
0.072409
0.072016
0.071650
0.071305
0.071062
0.070784
0.070471
0.070190
0.069893
0.069557
0.069313
0.069036
0.068760
0.068441
0.068178
0.067896
0.067604
0.067304
0.067010
0.066740
0.066479
0.066209
0.065956
0.065680
0.065419
0.065165
0.064918
0.064668
0.064434
0.064182
0.063932
0.063676
0.063427
0.063191
0.062909
0.062740
0.062492
0.062244
0.062019
0.061754
0.061560
0.061318
0.061107
0.060908
0.060659
0.060456
0.060105
0.059835
0.059583
0.059391
0.059153
0.058945
0.058725
0.058482
0.058280
0.058060
0.057841
0.057623
0.057424
0.057241
0.057030
0.056795
0.056636
0.056481
0.056272
0.056054
0.055876
0.055669
0.055497
0.055343
0.055136
0.054943
0.054773
0.054590
0.054405
0.054266
0.054090
0.053924
0.053741
0.053568
0.053426
0.053252
0.053086
0.052908
0.052760
0.052602
0.052438
0.052317
0.052138
0.051986
0.051850
0.051691
0.051555
0.051437
0.051304
0.051201
0.051090
0.051019
0.050918
0.050775
0.050653
0.050535
0.050438
0.050358
0.050248
0.050172
0.050018
0.049917
0.049779
0.049634
0.049492
0.049307
0.049125
0.048934
0.048717
0.048493
0.048235
0.048072
0.047905
0.047765
0.047615
0.047472
0.047277
0.047096
0.046874
0.046684
0.046503
0.046341
0.046195
0.046031
0.045963
0.045784
0.045656
0.045492
0.045361
0.045221
0.045075
0.044956
0.044672
0.044533
0.044347
0.044231
0.044076
0.043923
0.043804
0.043652
0.043519
0.043432
0.043268
0.043122
0.043041
0.042910
0.042824
0.042702
0.042590
0.042455
0.042367
0.042276
0.042171
0.042101
0.042013
0.041935
0.041822
0.041780
0.041640
0.041599
0.041489
0.041451
0.041353
0.041287
0.041181
0.041153
0.041106
0.041055
0.040991
0.040918
0.040872
0.040797
0.040787
0.040698
0.040675
0.040634
0.040547
0.040484
0.040456
0.040412
0.040473
0.040438
0.040456
0.040427
0.040407
0.040356
0.040376
0.040369
0.040376
0.040335
0.040299
0.040271
0.040275
0.040230
0.040200
0.040198
0.040156
0.040127
0.040126
0.040098
0.040081
0.040046
0.040070
0.040028
0.040007
0.039989
0.039963
0.039946
0.039887
0.039864
0.039880
0.039842
0.039803
0.039815
0.039776
0.039754
0.039755
0.039726
0.039688
0.039655
0.039614
0.039586
0.039592
0.039419
0.039383
0.039285
0.039247
0.039194
0.039151
0.039099
0.039035
0.039019
0.038945
0.038893
0.038855
0.038775
0.038747
0.038714
0.038630
0.038586
0.038514
0.038478
0.038421
0.038379
0.038299
0.038257
0.038191
0.038104
0.038030
0.037958
0.037926
0.037827
0.037771
0.037694
0.037622
0.037541
0.037477
0.037410
0.037322
0.037243
0.037160
0.037045
0.036956
0.036853
0.036766
0.036668
0.036563
0.036459
0.036339
0.036262
0.036140
0.036105
0.036013
0.035954
0.035847
0.035742
0.035635
0.035512
0.035423
0.035292
0.035189
0.035051
0.034914
0.034795
0.034639
0.034503
0.034389
0.034257
0.034107
0.033945
0.033818
0.033645
0.033501
0.033339
0.033215
0.033049
0.032885
0.032732
0.032558
0.032403
0.032244
0.032047
0.031891
0.031737
0.031572
0.031396
0.031251
0.031060
0.030891
0.030732
0.030565
0.030369
0.030195
0.030022
0.029849
0.029544
0.029371
0.029141
0.028946
0.028744
0.028599
0.028397
0.028212
0.028019
0.027842
0.027624
0.027468
0.027273
0.027119
0.026955
0.026779
0.026604
0.026438
0.026263
0.026101
0.025948
0.025755
0.025607
0.025419
0.025310
0.025148
0.024986
0.024847
0.024695
0.024538
0.024398
0.024251
0.024111
0.023989
0.023850
0.023705
0.023583
0.023440
0.023301
0.023178
0.023037
0.022915
0.022792
0.022631
0.022512
0.022389
0.022348
0.022251
0.022151
0.022051
0.021951
0.021810
0.021710
0.021609
0.021505
0.021382
0.021282
0.021138
0.021055
0.020933
0.020788
0.020692
0.020600
0.020456
0.020359
0.020237
0.020106
0.019984
0.019865
0.019774
0.019652
0.019533
0.019403
0.019297
0.019153
0.019048
0.018926
0.018834
0.018738
0.018615
0.018507
0.018405
0.018297
0.018178
0.018087
0.017965
0.017846
0.017776
0.017658
0.017566
0.017466
0.017228
0.017122
0.016995
0.016868
0.016763
0.016679
0.016552
0.016444
0.016364
0.016256
0.016154
0.016067
0.015965
0.015878
0.015812
0.015690
0.015624
0.015524
0.015458
0.015358
0.015292
0.015228
0.015148
0.015060
0.014995
