0.528081
0.528081
0.528081
0.528081
0.528081
0.528081
0.528081
0.528081
0.528081
0.528037
0.527993
0.527952
0.527824
0.527695
0.527567
0.527416
0.527352
0.527243
0.527204
0.527077
0.527022
0.526860
0.526555
0.526317
0.526099
0.525850
0.525633
0.525464
0.525455
0.525199
0.525034
0.524783
0.524387
0.523941
0.523573
0.523261
0.522996
0.522654
0.522362
0.521811
0.521500
0.520919
0.520301
0.519823
0.519228
0.518675
0.518193
0.517853
0.517379
0.516812
0.516287
0.515804
0.515296
0.514886
0.514376
0.513905
0.513462
0.512963
0.512493
0.512129
0.511607
0.511184
0.510708
0.510421
0.509901
0.509486
0.509007
0.508633
0.508279
0.508011
0.507635
0.507199
0.506834
0.506460
0.506097
0.505775
0.505458
0.505134
0.504750
0.504472
0.504103
0.503768
0.503448
0.503172
0.502899
0.502577
0.502254
0.502005
0.501723
0.501391
0.501130
0.500798
0.500557
0.500297
0.500111
0.499829
0.499553
0.499326
0.499049
0.498939
0.498711
0.498482
0.498283
0.498169
0.497815
0.497643
0.497464
0.497273
0.497070
0.496850
0.496653
0.496454
0.496237
0.496077
0.495878
0.495657
0.495391
0.495267
0.495073
0.494851
0.494656
0.494537
0.494319
0.494085
0.494032
0.493833
0.493621
0.493399
0.493151
0.492862
0.492610
0.492262
0.491900
0.491514
0.491171
0.490811
0.490415
0.490040
0.489648
0.489236
0.488865
0.488373
0.488084
0.487702
0.487327
0.486950
0.486582
0.486225
0.485856
0.485436
0.485094
0.484825
0.484410
0.484109
0.483742
0.483391
0.483046
0.482705
0.482364
0.482071
0.481774
0.481412
0.481161
0.480760
0.480443
0.480142
0.479848
0.479447
0.479198
0.478899
0.478595
0.478286
0.477911
0.477710
0.477412
0.477089
0.476788
0.476559
0.476185
0.475923
0.475577
0.475322
0.475043
0.474739
0.474443
0.474173
0.473911
0.473539
0.473340
0.473047
0.472737
0.472490
0.472250
0.472057
0.471776
0.471596
0.471224
0.471077
0.470795
0.470505
0.470289
0.470103
0.469759
0.469491
0.469290
0.469057
0.468749
0.468509
0.468255
0.468028
0.467788
0.467480
0.467231
0.467056
0.466774
0.466506
0.466286
0.466006
0.465778
0.465586
0.465245
0.464998
0.464800
0.464596
0.464370
0.464039
0.463826
0.463591
0.463373
0.463149
0.462942
0.462644
0.462420
0.462187
0.461814
0.461634
0.461382
0.461088
0.460842
0.460657
0.460475
0.460298
0.460028
0.459803
0.459574
0.459441
0.459279
0.459033
0.458879
0.458624
0.458473
0.458265
0.458086
0.457925
0.457768
0.457626
0.457427
0.457268
0.457078
0.456959
0.456829
0.456715
0.456534
0.456377
0.456259
0.456153
0.456010
0.455869
0.455772
0.455636
0.455542
0.455405
0.455280
0.455137
0.455037
0.454918
0.454815
0.454729
0.454632
0.454555
0.454387
0.454294
0.454204
0.454120
0.454022
0.453965
0.453959
0.453905
0.453828
0.453756
0.453695
0.453638
0.453567
0.453497
0.453461
0.453357
0.453319
0.453240
0.453204
0.453109
0.453053
0.453019
0.452931
0.452893
0.452827
0.452771
0.452710
0.452617
0.452575
0.452565
0.452510
0.452411
0.452361
0.452326
0.452269
0.452176
0.452126
0.452107
0.452043
0.452004
0.451973
0.451915
0.451854
0.451828
0.451769
0.451685
0.451653
0.451465
0.451385
0.451303
0.414275
0.414244
0.414170
0.414079
0.414025
0.413972
0.413923
0.413840
0.413809
0.413755
0.413695
0.413688
0.413628
0.413584
0.413546
0.413485
0.413472
0.413428
0.413390
0.413329
0.413339
0.413255
0.413228
0.413167
0.413177
0.413139
0.413078
0.413087
0.413036
0.412996
0.412973
0.412946
0.412930
0.412917
0.412879
0.412852
0.412829
0.412792
0.412768
0.412741
0.412741
0.412677
0.412651
0.412651
0.412590
0.412590
0.412563
0.412540
0.412503
0.412503
0.412531
0.412575
0.412560
0.412583
0.412556
0.412556
0.412541
0.412540
0.412524
0.412524
0.412547
0.412486
0.412508
0.412471
0.412448
0.412433
0.412433
0.412433
0.412395
0.412395
0.269042
0.269042
0.269042
0.269004
0.269004
0.269004
0.268945
0.268898
0.268857
0.268771
0.268761
0.268834
0.268916
0.269169
0.269535
0.269888
0.270438
0.270963
0.271448
0.272002
0.272494
0.272897
0.273317
0.273749
0.274226
0.274668
0.275041
0.275356
0.275715
0.276026
0.276292
0.276677
0.276958
0.277247
0.277485
0.277725
0.278017
0.278110
0.278345
0.278484
0.278514
0.278627
0.278621
0.278659
0.278663
0.278628
0.278621
0.278548
0.278566
0.278363
0.278190
0.278041
0.277802
0.277627
0.277298
0.277105
0.276801
0.276519
0.276178
0.275790
0.275373
0.274938
0.274468
0.274046
0.273566
0.273051
0.272649
0.272071
0.271412
0.270804
0.270148
0.269455
0.268741
0.268006
0.267315
0.266627
0.265877
0.265062
0.264204
0.263347
0.262420
0.261424
0.260487
0.259590
0.258595
0.257628
0.256525
0.255391
0.254245
0.253042
0.251915
0.250756
0.249656
0.248410
0.247220
0.245980
0.244731
0.243502
0.242262
0.241054
0.239888
0.238637
0.237387
0.235991
0.234645
0.233276
0.231837
0.230421
0.229086
0.227702
0.226354
0.224964
0.223663
0.222319
0.220928
0.219576
0.218233
0.216732
0.215368
0.214001
0.212620
0.211238
0.209965
0.208611
0.207243
0.205946
0.204593
0.203274
0.201955
0.200660
0.199315
0.198014
0.196697
0.195419
0.194163
0.192829
0.191500
0.190272
0.188970
0.187674
0.186397
0.185136
0.183869
0.182585
0.181328
0.180038
0.178796
0.177581
0.176296
0.175051
0.173757
0.172545
0.171363
0.170023
0.168819
0.167600
0.166382
0.165145
0.163870
0.162677
0.161455
0.160297
0.159015
0.157800
0.156587
0.155361
0.154167
0.152961
0.151809
0.150618
0.149433
0.148281
0.147057
0.145839
0.144679
0.143526
0.142402
0.141213
0.140077
0.138900
0.137747
0.136604
0.135443
0.134278
0.133194
0.132076
0.130914
0.129822
0.128668
0.127562
0.126458
0.125360
0.124259
0.123183
0.122066
0.120958
0.119865
0.118834
0.117754
0.116741
0.115662
0.114576
0.113552
0.112504
0.111496
0.110453
0.109417
0.108397
0.107385
0.106411
0.105234
0.104238
0.103223
0.102172
0.101235
0.100256
0.099263
0.098281
0.097342
0.096335
0.095438
0.094522
0.093562
0.092684
0.091790
0.090868
0.089995
0.089070
0.088201
0.087365
0.086477
0.085622
0.084781
0.083948
0.083123
0.082311
0.081456
0.080721
0.079890
0.079096
0.078307
0.077506
0.076753
0.076002
0.075282
0.074504
0.073810
0.073046
0.072322
0.071630
0.070917
0.070182
0.069518
0.068869
0.068130
0.067545
0.066793
0.066156
0.065593
0.064875
0.064299
0.063682
0.063103
0.062464
0.061895
0.061259
0.060685
0.060152
0.059541
0.058933
0.058348
0.057836
0.057218
0.056697
0.056077
0.055564
0.055083
0.054469
0.054013
0.053419
0.052901
0.052325
0.051835
0.051294
0.050773
0.050277
0.049788
0.049310
0.048763
0.048342
0.047782
0.047342
0.046865
0.046354
0.045890
0.045465
0.044985
0.044470
0.044080
0.043619
0.043158
0.042700
0.042138
0.041746
0.041266
0.040833
0.040341
0.039998
0.039550
0.039106
0.038693
0.038243
0.037755
0.037378
0.036977
0.036574
0.036216
0.035785
0.035473
0.035054
0.034677
0.034314
0.033926
0.033606
0.033262
0.032935
0.032616
0.032260
0.031945
0.031640
0.031281
0.030960
0.030645
0.030352
0.030061
0.029769
0.029469
0.029201
0.028930
0.028628
0.028336
0.028059
0.027776
0.027528
0.027258
0.026990
0.026727
0.026502
0.026257
0.025987
0.025739
0.025559
0.025360
0.025175
0.024985
0.024761
0.024611
0.024403
0.024193
0.024011
0.023866
0.023649
0.023509
0.023260
0.023139
0.022916
0.022794
0.022569
0.022390
0.022199
0.022077
0.021899
0.021718
0.021556
0.021357
0.021258
0.021069
0.020929
0.020751
0.020548
0.020444
0.020286
0.020147
0.019990
0.019882
0.019682
0.019565
0.019428
0.019261
0.019143
0.018988
0.018884
0.018725
0.018629
0.018333
0.018197
0.018018
0.017856
0.017761
0.017638
0.017481
0.017306
0.017245
0.017052
0.016993
0.016721
0.016586
0.016462
0.016321
0.016222
0.016080
0.016013
0.015871
0.015724
0.015665
0.015524
0.015484
0.015361
0.015261
0.015149
0.015100
0.014965
0.014888
0.014831
0.014717
0.014643
0.014543
0.014466
0.014397
0.014373
0.014226
0.014144
0.014086
0.013977
0.013955
0.013864
0.013813
0.013717
0.013683
0.013606
0.013530
0.013461
0.013421
0.013360
0.013293
0.013287
0.013296
0.013296
0.013305
0.013247
0.013194
0.013190
0.013191
0.013180
0.013129
0.013112
0.013109
0.013083
0.012998
0.012994
0.012997
0.012967
0.012915
0.012894
0.012880
0.012846
0.012796
0.012768
0.012750
0.012737
0.012721
0.012666
0.012666
0.012619
0.012578
0.012565
0.012551
0.012520
0.012483
0.012470
0.012450
0.012450
0.012414
0.012384
0.012350
0.012328
0.012315
0.012146
0.012100
0.012058
0.011997
0.011997
0.011955
0.011912
0.011853
0.011841
0.011801
0.011782
0.011627
0.011565
0.011549
0.011511
0.011455
0.011433
0.011419
0.011406
0.011353
0.011335
0.011303
0.011303
0.011295
0.011271
0.011253
0.011234
0.011213
0.011213
0.011209
0.011169
0.011169
0.011169
0.011147
0.011136
0.011118
0.011094
0.011094
0.011094
0.011072
0.011072
0.011054
0.011055
0.011021
0.011021
0.011021
0.010999
0.010980
0.010980
0.011031
0.011027
0.011066
0.011100
0.011132
0.011118
0.011154
0.011175
0.011212
0.011207
0.011246
0.011246
0.011285
0.011285
0.011263
0.011272
0.011291
0.011291
0.011332
0.011310
0.011310
0.011292
0.011311
0.011333
0.011312
0.011309
0.011309
0.011329
0.011329
0.011308
0.011308
0.011308
0.011329
0.011329
0.011329
0.011308
0.011308
0.011308
0.011328
0.011328
0.011328
0.011307
0.011307
0.011178
0.011157
0.011115
0.011095
0.011075
0.011054
0.011034
0.011015
0.011015
0.010997
0.010981
0.010981
0.010966
0.010852
0.010817
0.010788
0.010773
0.010758
0.010758
0.010736
0.010723
