0.735987
0.735987
0.735987
0.735987
0.735987
0.735987
0.735987
0.735987
0.735995
0.735990
0.735976
0.735843
0.735551
0.735214
0.734632
0.733929
0.732964
0.732053
0.730910
0.729852
0.728667
0.727295
0.726098
0.725076
0.723509
0.721947
0.720405
0.718661
0.716703
0.714837
0.713029
0.710903
0.708828
0.706849
0.704346
0.702021
0.699552
0.697130
0.694506
0.692070
0.689628
0.687164
0.684841
0.682239
0.679854
0.677223
0.674797
0.672293
0.669666
0.667277
0.664851
0.662309
0.659891
0.657434
0.654832
0.652576
0.650211
0.647612
0.645273
0.642905
0.640488
0.637846
0.635711
0.633140
0.630738
0.628391
0.625911
0.623645
0.621222
0.618901
0.616473
0.614139
0.611861
0.609309
0.606880
0.604699
0.602514
0.599957
0.597677
0.595082
0.592531
0.589764
0.586943
0.584258
0.581561
0.578953
0.576364
0.574053
0.571848
0.569793
0.567814
0.565726
0.563641
0.561533
0.559337
0.557064
0.554584
0.552031
0.549255
0.546909
0.544543
0.541991
0.539733
0.537358
0.534999
0.532895
0.530527
0.528334
0.525963
0.523607
0.521574
0.519238
0.516975
0.514905
0.512653
0.510639
0.508607
0.506389
0.504301
0.502243
0.500204
0.498353
0.496059
0.494280
0.492415
0.490635
0.489081
0.487641
0.486200
0.485076
0.483845
0.482741
0.481466
0.480089
0.478841
0.477710
0.476586
0.475246
0.474009
0.472710
0.471315
0.469925
0.468390
0.466847
0.465222
0.463524
0.461948
0.459997
0.458117
0.455889
0.453693
0.451437
0.449541
0.447348
0.445305
0.443219
0.440978
0.438510
0.436057
0.433483
0.431086
0.428634
0.426448
0.424112
0.421855
0.419550
0.417144
0.414807
0.412560
0.410151
0.408037
0.405606
0.403278
0.401036
0.398758
0.396574
0.394214
0.391962
0.389702
0.387376
0.385204
0.382937
0.380693
0.378599
0.376188
0.374048
0.371906
0.369809
0.367398
0.365377
0.363242
0.361025
0.358944
0.356763
0.354535
0.352504
0.350393
0.348166
0.345989
0.344065
0.341902
0.339895
0.337865
0.335682
0.333546
0.331665
0.329417
0.327445
0.325419
0.323385
0.321467
0.319513
0.317422
0.315438
0.313564
0.311688
0.309632
0.307670
0.305944
0.303873
0.302073
0.300242
0.298420
0.296518
0.294807
0.293067
0.291087
0.289299
0.287503
0.285812
0.284259
0.282365
0.280717
0.279012
0.277310
0.275764
0.273958
0.272384
0.270624
0.269211
0.267597
0.265883
0.264410
0.262824
0.261196
0.259860
0.258248
0.256783
0.255369
0.253698
0.252418
0.250822
0.249461
0.248111
0.246614
0.245212
0.243972
0.242432
0.241329
0.239854
0.238568
0.237224
0.236084
0.234714
0.233500
0.232152
0.230896
0.229787
0.228573
0.227243
0.226271
0.224472
0.223155
0.221985
0.220984
0.219738
0.218498
0.217510
0.216293
0.215194
0.214271
0.213231
0.212032
0.210968
0.209965
0.209004
0.208076
0.206963
0.206163
0.205176
0.204349
0.203425
0.202493
0.201483
0.200711
0.199933
0.198990
0.198056
0.197391
0.196458
0.195616
0.194965
0.194167
0.193377
0.192601
0.191868
0.191064
0.190454
0.189722
0.189000
0.188204
0.187532
0.186972
0.186182
0.185679
0.185109
0.184612
0.183970
0.183424
0.182847
0.182429
0.181708
0.181285
0.180664
0.180231
0.179660
0.179208
0.178630
0.178290
0.177666
0.177175
0.176523
0.176167
0.175650
0.175231
0.174715
0.174311
0.173860
0.173405
0.172887
0.172403
0.172011
0.171573
0.171160
0.170682
0.170313
0.169855
0.169509
0.169133
0.168617
0.168270
0.167850
0.167606
0.167166
0.166752
0.166468
0.166105
0.165646
0.165302
0.164959
0.164686
0.164514
0.163399
0.163082
0.162486
0.162013
0.161579
0.161438
0.160903
0.160608
0.160298
0.159899
0.159643
0.159296
0.159034
0.158730
0.158484
0.158277
0.158033
0.157714
0.157310
0.157107
0.156871
0.156708
0.156427
0.156306
0.155979
0.155795
0.155596
0.155364
0.155201
0.154944
0.154679
0.154386
0.154415
0.154186
0.153972
0.153809
0.153643
0.153536
0.379479
0.379318
0.379102
0.378886
0.378716
0.378810
0.378764
0.378725
0.378695
0.378587
0.378525
0.378386
0.378290
0.378230
0.378162
0.378173
0.378117
0.378020
0.377879
0.377702
0.128706
0.128657
0.128634
0.128345
0.128377
0.128320
0.128168
0.127831
0.127422
0.127176
0.126633
0.125929
0.125237
0.124374
0.123751
0.123191
0.122459
0.121786
0.121221
0.120613
0.119956
0.119221
0.118603
0.117643
0.116918
0.116213
0.115511
0.114896
0.114078
0.113314
0.112664
0.111954
0.111354
0.110036
0.109246
0.108237
0.107457
0.106768
0.106109
0.105345
0.104645
0.103907
0.103120
0.102443
0.101759
0.101109
0.100354
0.099753
0.099214
0.098454
0.097759
0.097009
0.096402
0.095809
0.095180
0.094481
0.093901
0.093245
0.092517
0.091953
0.091322
0.090634
0.090022
0.089442
0.088926
0.088243
0.087646
0.087082
0.086488
0.085861
0.085289
0.084658
0.084132
0.083549
0.082911
0.082347
0.081879
0.081305
0.080883
0.080351
0.079903
0.079272
0.078822
0.078293
0.077729
0.077214
0.076750
0.076242
0.075686
0.075147
0.074525
0.074066
0.073502
0.072929
0.072397
0.072006
0.071434
0.070814
0.070295
0.069790
0.069401
0.068860
0.068351
0.067779
0.067248
0.066743
0.066202
0.065696
0.065155
0.064827
0.064317
0.063688
0.063214
0.062700
0.062226
0.061712
0.061238
0.060823
0.060251
0.059835
0.058900
0.058382
0.057887
0.057301
0.056158
0.055570
0.054824
0.054279
0.053677
0.053261
0.052670
0.052180
0.051640
0.051127
0.050655
0.050157
0.049696
0.049280
0.048789
0.048340
0.047858
0.047443
0.047062
0.046580
0.046165
0.045683
0.045358
0.044936
0.044454
0.044097
0.043615
0.043203
0.042847
0.042365
0.042040
0.041558
0.041208
0.040793
0.040370
0.039986
0.039705
0.039314
0.038975
0.038693
0.038337
0.037968
0.037691
0.037385
0.037126
0.036888
0.036839
0.036571
0.036250
0.036047
0.035788
0.035688
0.035332
0.035148
0.034873
0.034641
0.034494
0.034137
0.033848
0.033703
0.033471
0.033213
0.033038
0.032780
0.032491
0.032233
0.031943
0.031802
0.031513
0.031255
0.031032
0.030832
0.030601
0.030343
0.030121
0.029863
0.029640
0.029500
0.029336
0.029078
0.028887
0.028664
0.028406
0.028242
0.028050
0.027793
0.027570
0.027437
0.027215
0.027024
0.026141
0.025813
0.025083
0.024723
0.024396
0.024159
0.023870
0.023602
0.023305
0.023171
0.022892
0.022701
0.022464
0.022274
0.022185
0.021961
0.021797
0.021590
0.021446
0.021282
0.021148
0.021015
0.020794
0.020720
0.020530
0.020460
0.020240
0.020173
0.019983
0.019916
0.019696
0.019629
0.019513
0.019383
0.019286
0.019163
0.019030
0.018907
0.018810
0.018621
0.018554
0.018488
0.018365
0.018277
0.018187
0.018353
0.018396
0.018430
0.018468
0.018543
0.018471
0.018436
0.018469
0.018426
0.018466
0.018453
0.018441
0.018485
0.018391
0.018324
0.018371
0.018305
0.018241
0.018356
0.018261
0.018140
0.018073
0.018065
0.018062
0.017995
0.017928
0.017900
0.017780
0.017714
0.017647
0.017581
0.017528
0.017520
0.017544
0.017478
0.017425
0.017359
0.017292
0.017226
0.017175
0.017108
0.017014
0.017014
0.016897
0.016831
0.016147
0.015975
0.015708
0.015565
0.015072
0.014943
0.014747
0.014560
0.014468
0.014335
0.014239
0.014136
0.014058
0.013992
0.013917
0.013792
0.013703
0.013703
0.013616
0.013600
0.013488
0.013488
0.013411
0.013405
0.013405
0.013338
0.013269
0.013200
0.013200
0.013134
0.013134
0.013067
0.013067
0.013031
0.012965
0.012968
0.012902
0.012902
0.012902
0.012814
0.012773
0.012707
0.012707
0.012707
0.012641
0.012641
0.012872
0.012905
0.013138
0.013230
0.013258
0.013304
0.013450
0.013537
0.013643
0.013695
0.013791
0.013791
0.013957
0.013892
0.013892
0.014061
0.014061
0.013995
0.014111
0.014168
0.014102
0.014102
0.014102
0.014219
0.014212
0.014212
0.014212
0.014212
0.014146
0.014146
0.014146
0.014146
0.014200
0.014200
0.014258
0.014258
0.014258
0.014194
0.014194
0.014194
0.014194
0.014129
0.014129
0.014129
0.014129
0.013446
0.013276
0.013075
0.012982
0.012555
0.012503
0.012323
0.012138
0.012095
0.012029
0.011933
0.011896
0.011819
0.011755
0.011728
0.011694
0.011672
0.011672
0.011652
0.011573
0.011573
0.011573
0.011563
0.011556
0.011556
0.011556
0.011494
0.011490
0.011490
0.011490
0.011490
0.011490
0.011490
0.011497
0.011497
0.011497
0.011501
0.011501
0.011501
0.011501
0.011501
0.011501
0.011501
0.011501
0.011501
0.011501
0.011657
0.011798
0.011987
0.012151
0.012288
0.012334
0.012432
0.012583
0.012739
0.012739
0.012900
0.012953
0.013064
0.013119
0.013119
0.013232
0.013288
0.013288
0.013404
0.013404
0.013461
0.013461
0.013461
0.013577
0.013577
0.013635
0.013635
0.013635
0.013635
0.013635
0.013635
0.013635
0.013754
0.013754
0.013812
0.013812
0.013812
0.013812
0.013812
0.013812
0.013812
0.013812
0.013812
0.013812
0.013129
0.013023
0.012823
0.012729
0.012641
0.012303
0.012169
0.011996
0.011950
0.011840
0.011784
0.011744
0.011662
0.011630
0.011630
0.011569
0.011569
0.011547
0.011527
0.011527
0.011510
0.011510
0.011510
0.011501
0.011494
0.011494
0.011494
0.011494
0.011490
0.011490
0.011490
0.011490
0.011490
0.011497
0.011497
0.011497
0.011497
0.011501
0.011501
0.011501
0.011501
0.011501
0.011501
0.011501
0.011501
0.011501
0.011501
0.011657
0.011798
0.011987
0.012151
0.012288
0.012334
0.012432
0.012583
0.012739
0.012739
0.012900
0.012953
0.013064
0.013119
0.013119
0.013232
0.013288
0.013288
0.013404
0.013404
0.013461
0.013461
0.013461
0.013577
0.013577
0.013635
0.013635
0.013635
0.013635
0.013635
0.013635
0.013635
0.013754
0.013754
0.013812
0.013812
0.013812
0.013812
0.013812
0.013812
0.013812
0.013812
0.013812
0.013812
0.013129
0.013023
0.012823
0.012729
0.012641
0.012303
0.012169
0.011996
0.011950
0.011840
0.011784
0.011744
0.011662
0.011630
0.011630
0.011569
0.011569
0.011547
0.011527
0.011527
0.011510
0.011510
0.011510
0.011494
0.011494
0.011494
0.011494
0.011494
0.011490
0.011490
0.011490
0.011490
0.011490
0.011497
0.011497
0.011497
0.011497
0.011501
0.011501
0.011501
0.011501
0.011501
0.011501
0.011501
0.011501
0.011501
0.011501
0.011657
0.011723
0.011955
0.012075
0.012245
0.012288
0.012432
0.012535
0.012689
0.012739
0.012848
0.012900
0.013064
0.013064
0.013119
0.013232
0.013232
0.013288
0.013404
0.013404
0.013461
0.013461
0.013461
0.013577
0.013577
0.013635
0.013635
0.013635
0.013635
0.013635
0.013635
0.013635
0.013754
0.013754
0.013754
0.013812
0.013812
0.013812
0.013812
0.013812
0.013812
0.013812
0.013812
0.013812
0.013129
0.013023
0.012823
0.012729
0.012303
0.012251
0.012070
0.011950
0.011907
0.011840
0.011744
0.011708
0.011630
0.011630
0.011603
0.011569
0.011547
0.011547
0.011527
0.011510
0.011510
0.011510
0.011501
0.011494
0.011494
0.011494
0.011494
0.011490
0.011490
0.011490
0.011490
0.011490
0.011490
0.011497
0.011497
0.011497
0.011501
0.011501
0.011501
0.011501
0.011501
0.011501
0.011501
0.011501
0.011501
0.011501
0.011501
0.011657
0.011723
0.011955
0.012075
0.012245
0.012288
0.012432
0.012535
0.012689
0.012739
0.012848
0.012900
0.013064
0.013064
0.013119
0.013232
0.013232
0.013288
0.013404
0.013404
0.013461
0.013461
0.013461
0.013577
0.013577
0.013635
0.013635
0.013635
0.013635
0.013635
0.013635
0.013635
0.013754
0.013754
0.013754
0.013812
0.013812
0.013812
0.013812
0.013812
0.013812
0.013812
0.013812
0.013812
0.013129
0.013023
0.012823
0.012729
0.012303
0.012251
0.012070
0.011950
0.011907
0.011840
0.011744
0.011708
0.011630
0.011630
0.011603
0.011569
0.011547
0.011547
0.011527
0.011510
0.011510
0.011510
