1.258735
1.156587
0.951325
0.755506
0.617492
0.542367
0.512731
0.506577
0.506178
0.505271
0.503486
0.501433
0.499740
0.497933
0.496528
0.494975
0.493127
0.491876
0.490331
0.489049
0.487434
0.485878
0.484716
0.483213
0.482053
0.481026
0.479550
0.478548
0.477519
0.476304
0.475420
0.474630
0.473679
0.472708
0.471962
0.471514
0.470675
0.470039
0.469408
0.468851
0.468327
0.467757
0.467206
0.466765
0.466647
0.466327
0.465493
0.465418
0.465147
0.464706
0.464327
0.464281
0.463892
0.463660
0.463455
0.463060
0.462994
0.462707
0.462439
0.462335
0.461912
0.462039
0.461796
0.461388
0.461546
0.461318
0.461106
0.460875
0.461060
0.460804
0.460781
0.460408
0.460387
0.460197
0.460234
0.460172
0.460171
0.459821
0.460169
0.460005
0.459840
0.459684
0.459705
0.459503
0.459403
0.458867
0.458901
0.458770
0.458415
0.458278
0.457946
0.457469
0.457358
0.457073
0.456439
0.456277
0.455973
0.455512
0.455083
0.454964
0.454544
0.454288
0.453804
0.453359
0.452904
0.452776
0.452400
0.452071
0.451494
0.451418
0.450962
0.450684
0.450442
0.450030
0.449937
0.449527
0.449124
0.448837
0.448646
0.448505
0.448112
0.448043
0.447769
0.447732
0.447463
0.447226
0.446963
0.446793
0.446668
0.446309
0.446258
0.445933
0.445919
0.445874
0.445885
0.445773
0.445531
0.445448
0.445415
0.445179
0.444966
0.444856
0.444772
0.444758
0.444534
0.444574
0.444245
0.444347
0.444245
0.444036
0.443971
0.443874
0.443778
0.443575
0.443482
0.443615
0.443525
0.443327
0.443239
0.443153
0.443067
0.443103
0.443122
0.443040
0.442960
0.443003
0.443023
0.442745
0.442997
0.442668
0.442595
0.442849
0.442577
0.442601
0.442510
0.442535
0.442591
0.442527
0.442405
0.442463
0.442295
0.442409
0.442235
0.442498
0.442293
0.442356
0.442385
0.442301
0.442331
0.442450
0.442279
0.442547
0.442229
0.442498
0.442418
0.442451
0.442371
0.442405
0.442327
0.442362
0.442285
0.442558
0.442244
0.442317
0.442444
0.442205
0.442481
0.442408
0.442244
0.442373
0.442373
0.442412
0.442341
0.442489
0.442380
0.442310
0.442390
0.442591
0.442282
0.442431
0.442564
0.442256
0.442405
0.442539
0.442539
0.442381
0.442315
0.442516
0.442600
0.442600
0.442495
0.442495
0.442581
0.442581
0.442477
0.442477
0.442563
0.442563
0.442703
0.442460
0.442609
0.442548
0.442548
0.442689
0.442689
0.442595
0.442536
0.442536
0.442677
0.442677
0.442827
0.442525
0.442525
0.442525
0.442668
0.442817
0.442817
0.442761
0.442761
0.442517
0.442718
0.442661
0.442811
0.442811
0.442755
0.442755
0.442755
0.442712
0.442657
0.442806
0.442806
0.442806
0.442752
0.442752
0.442752
0.442752
0.442752
0.442454
0.442454
0.442454
0.442454
0.442401
0.442401
0.442401
0.442401
0.442401
0.442401
0.442349
0.442349
0.442349
0.442105
0.442105
0.442105
0.442105
0.442105
0.442105
0.442105
0.442105
0.442105
0.442105
0.442105
0.442105
0.442105
0.442105
0.442105
0.442105
0.442105
0.442105
0.442105
0.442105
0.442105
0.442105
0.442105
0.442105
0.442105
0.442105
0.442105
0.442053
0.442053
0.442053
0.442053
0.442053
0.442053
0.442002
0.442002
0.442002
0.442002
0.442002
0.441707
0.441707
0.441707
0.441707
0.441707
0.441707
0.441707
0.441707
0.441707
0.441707
0.441707
0.441707
0.441707
0.441707
0.441707
0.441707
0.441707
0.441707
0.441707
0.441707
0.441601
0.441601
0.441601
0.441601
0.441601
0.441601
0.441601
0.441601
0.441601
0.441601
0.441601
0.441601
0.441601
0.441601
0.441601
0.441601
0.441601
0.441601
0.441601
0.441601
0.441601
0.441601
0.441601
0.441601
0.441601
0.441601
0.441601
0.441601
0.441601
0.441601
0.441601
0.441601
0.441601
0.441601
0.441601
0.441601
0.441601
0.441601
0.441601
0.441601
0.441601
0.441601
0.441601
0.441601
0.441601
0.441601
0.441601
0.441601
0.441601
0.441601
0.441601
0.441601
0.441601
0.441601
0.441601
0.441601
0.441827
0.441827
0.441827
0.441827
0.441827
0.441827
0.441827
0.441827
0.441827
0.441827
0.441827
0.441827
0.441827
0.441827
0.441827
0.441827
0.441827
0.441827
0.441827
0.441827
0.441827
0.441827
0.441827
0.441827
0.441827
0.441827
0.441827
0.441827
0.441827
0.441827
0.441827
0.441827
0.441827
0.441827
0.441827
0.441827
0.441827
0.441827
0.441827
0.441827
0.441827
0.441827
0.441827
0.441827
0.441827
0.441827
0.441827
0.441827
0.441827
0.441827
0.441827
0.442637
0.443791
0.444173
0.444369
0.444040
0.443363
0.443183
0.442755
0.442851
0.443405
0.443790
0.443792
0.444175
0.443924
0.444101
0.443880
0.443459
0.443901
0.442974
0.441954
0.441901
0.441772
0.442320
0.443835
0.445587
0.446742
0.446609
0.446356
0.445594
0.444769
0.444635
0.444468
0.445143
0.445445
0.446513
0.446459
0.446904
0.447042
0.446909
0.446773
0.446922
0.447278
0.447101
0.447250
0.447970
0.447805
0.447585
0.448022
0.447904
0.447488
0.445919
0.445607
0.445771
0.446207
0.447883
0.449795
0.450545
0.450548
0.449825
0.449263
0.448683
0.448398
0.448821
0.449060
0.450034
0.450297
0.450990
0.451196
0.451772
0.451646
0.451961
0.451716
0.451796
0.451987
0.452716
0.452774
0.453250
0.453501
0.453348
0.452867
0.451337
0.450764
0.450862
0.451407
0.452753
0.454694
0.455451
0.455591
0.455307
0.454509
0.453922
0.453830
0.453853
0.453940
0.454692
0.455400
0.455488
0.455854
0.456003
0.456073
0.456175
0.455866
0.455831
0.456298
0.456344
0.456186
0.456665
0.456688
0.457133
0.455874
0.454879
0.454149
0.453961
0.454128
0.455478
0.457427
0.458535
0.458185
0.457515
0.456714
0.456063
0.455787
0.455810
0.456342
0.456425
0.457074
0.457225
0.457694
0.457447
0.457766
0.457346
0.457264
0.457676
0.457545
0.457427
0.457703
0.457738
0.458054
0.457990
0.456877
0.455788
0.454995
0.454864
0.455127
0.456389
0.458348
0.459268
0.459366
0.458475
0.457671
0.457079
0.456511
0.456381
0.457068
0.457319
0.458031
0.458246
0.458270
0.458560
0.458432
0.458149
0.457839
0.458188
0.458211
0.458550
0.458316
0.458109
0.458580
0.458426
0.457807
0.456156
0.455606
0.455687
0.456179
0.457445
0.459181
0.459947
0.459924
0.459188
0.458155
0.457563
0.457070
0.457537
0.457551
0.458248
0.458361
0.458959
0.458983
0.458803
0.458520
0.458392
0.458758
0.458430
0.458298
0.458793
0.458787
0.459041
0.458909
0.458909
0.459270
0.458863
0.457989
0.456845
0.455894
0.456156
0.456049
0.457940
0.459665
0.460432
0.460134
0.459319
0.458526
0.457922
0.457260
0.457678
0.457922
0.458527
0.458578
0.459102
0.459125
0.459325
0.458968
0.458775
0.459130
0.458952
0.458682
0.459177
0.459235
0.459335
0.459293
0.459293
0.459323
0.459005
0.458131
0.457047
0.456276
0.456598
0.456278
0.458144
0.459600
0.460661
0.460519
0.459768
0.458973
0.458150
0.457643
0.457882
0.457909
0.458440
0.458720
0.459309
0.459113
0.459239
0.459111
0.458982
0.459118
0.458865
0.458889
0.459164
0.459223
0.459478
0.459502
0.459281
0.458625
0.457070
0.456274
0.456343
0.456682
0.457879
0.459785
0.460397
0.460496
0.459527
0.458720
0.457908
0.458075
0.457869
0.457896
0.458657
0.458696
0.459297
0.459550
0.459456
0.459098
0.459419
0.459117
0.459082
0.459325
0.459152
0.459211
0.459695
0.459489
0.459719
0.458841
0.457502
0.456703
0.456343
0.456682
0.458108
0.459785
0.460397
0.460496
0.460207
0.459169
0.458354
0.458075
0.457869
0.457896
0.458657
0.459374
0.459297
0.459550
0.459456
0.459328
0.459419
0.459117
0.459082
0.459555
0.459152
0.459660
0.459695
0.459719
0.459719
0.458600
0.457731
0.456703
0.456572
0.456682
0.458108
0.460014
0.460849
0.460496
0.460207
0.459398
0.458354
0.458075
0.458098
0.458406
0.458657
0.459374
0.459527
0.459845
0.459456
0.459777
0.459648
0.459117
0.459531
0.459555
0.459446
0.459419
0.459454
0.459928
0.458917
0.457512
0.456928
0.456583
0.457126
0.458096
0.460068
0.460838
0.460781
0.460436
0.459409
0.458802
0.458367
0.458110
0.458790
0.458950
0.459669
0.459527
0.460000
0.459751
0.460072
0.459648
0.459566
0.459376
0.459555
0.459360
0.459714
0.459553
0.459282
0.459732
0.458698
0.457522
0.456708
0.456361
0.456929
0.458140
0.459884
0.461107
0.460742
0.459999
0.459190
0.458364
0.457866
0.457889
0.458352
0.458448
0.459166
0.459769
0.459497
0.459248
0.459569
0.459440
0.459064
0.459323
0.459347
0.459328
0.459452
0.459487
0.459896
0.458811
0.457545
0.456899
0.456372
0.456855
0.458042
0.459795
0.461016
0.460433
0.460155
0.459136
0.458300
0.458021
0.457901
0.458288
0.458603
0.459322
0.459253
0.459497
0.459404
0.459569
0.459146
0.459064
0.459479
0.459052
0.459099
0.459608
0.459487
0.459666
0.459425
0.459402
0.459378
0.459355
0.458488
0.457108
0.456393
0.456681
0.456649
0.457785
0.459589
0.460799
0.460657
0.459607
0.458654
0.458047
0.457538
0.457355
0.458047
0.458594
0.458798
0.459233
0.459256
0.459384
0.459189
0.458905
0.459032
0.458943
0.458811
0.459308
0.459137
0.459107
0.459425
0.459196
0.459558
0.458523
0.457194
0.456547
0.456044
0.456538
0.457823
0.459492
0.460261
0.460360
0.459685
0.458875
0.458214
0.457767
0.457573
0.458202
0.458517
0.458851
0.459004
0.459412
0.459318
0.459255
0.459126
0.458966
0.458558
0.459032
0.459013
0.459281
0.458932
0.458889
0.459340
0.458932
0.458502
0.456889
0.455922
0.456185
0.456599
0.457978
0.459943
0.460329
0.460187
0.459378
0.458568
0.457588
0.457296
0.457715
0.457731
0.458341
0.458545
0.459147
0.458786
0.459143
0.458948
0.458590
0.458791
0.458767
0.458725
0.458993
0.458896
0.459316
0.459111
0.458955
0.458526
0.456901
0.455933
0.456185
0.456357
0.457725
0.459473
0.460088
0.460187
0.459829
0.458789
0.458036
0.457756
0.457486
0.457576
0.458341
0.458995
0.458918
0.459237
0.459143
0.458948
0.459040
0.458802
0.458767
0.458946
0.458993
0.458896
0.459316
0.459111
0.458549
0.456987
0.456111
0.456258
0.456512
0.457777
0.459691
0.460233
0.460332
0.459444
0.458645
0.457743
0.457308
0.457791
0.457731
0.458496
0.458610
0.459214
0.459393
0.459299
0.459014
0.459336
0.458958
0.458767
0.459242
0.459222
0.459052
0.459383
0.459406
0.459562
0.458526
0.457347
0.456533
0.456185
0.456512
0.457725
0.459702
0.460244
0.460344
0.459829
0.459018
0.458192
0.457756
0.457715
0.457960
0.458496
0.458995
0.459147
0.459622
0.459299
0.458948
0.459269
0.459187
0.458857
0.459175
0.459222
0.459437
0.459075
0.459099
0.458727
0.456937
0.456279
0.456351
0.456741
0.458097
0.459691
0.460462
0.460493
0.459763
0.459045
0.458215
0.457835
0.457640
0.457719
0.458419
0.459139
0.459062
0.459381
0.459221
0.459092
0.459028
0.458880
0.458845
0.459090
0.458916
0.459074
0.459331
0.459355
0.459584
0.458704
0.457361
0.456558
0.456197
0.456537
0.457739
0.459651
0.460265
0.460135
0.459845
0.458967
0.457986
0.457706
0.457666
0.458203
0.458290
0.459009
0.459096
0.459186
0.459092
0.459414
0.459218
0.458751
0.458716
0.459124
0.458942
0.459296
0.459331
0.459060
0.459355
0.458475
0.457069
0.456329
0.455908
0.456463
0.457675
0.459422
0.460646
0.460589
0.459549
0.458738
0.457986
0.457706
0.457437
0.458130
0.458290
0.458715
0.459318
0.459342
0.459092
0.459118
0.458989
0.458907
0.458938
0.458895
0.458942
0.459067
0.459036
0.459511
0.459355
0.459036
0.458366
0.456816
0.455786
0.456110
0.456283
0.457664
0.459248
0.460020
0.460051
0.459760
0.458719
0.457900
0.457608
0.457414
0.457440
0.458204
0.458924
0.458848
0.459101
0.459007
0.458877
0.458970
0.458654
0.458631
0.458876
0.458701
0.458760
0.459246
0.459041
0.459270
0.459246
0.458137
0.456421
0.455316
0.454739
0.455078
0.456291
0.458036
0.459260
0.459359
0.458386
0.456895
0.455842
0.455093
0.454608
0.454688
0.454997
0.454810
0.455016
0.454302
0.454203
0.453618
0.453039
0.452940
0.452461
0.451860
0.451746
0.451454
0.451035
0.450987
0.450377
0.449164
0.447153
0.445901
0.445986
0.446217
0.447749
0.449950
0.450494
0.450593
0.449399
0.448138
0.446644
0.445913
0.445823
0.445395
0.445930
0.445853
0.446002
0.445351
0.445255
0.444568
0.443681
0.443440
0.442955
0.442528
0.442615
0.441958
0.441992
0.441723
0.440893
0.440869
0.439658
0.438053
0.436871
0.436466
0.436862
0.438226
0.440130
0.441345
0.441109
0.440078
0.438602
0.437519
0.436495
0.436083
0.436055
0.436078
0.436231
0.436382
0.435848
0.435310
0.435182
0.434543
0.433735
0.433712
0.433513
0.433007
0.433066
0.432657
0.432615
0.432131
0.430823
0.429168
0.428036
0.428006
0.427678
0.429526
0.430965
0.432130
0.432228
0.431169
0.430084
0.428782
0.427845
0.427686
0.427486
0.427641
0.427399
0.427551
0.427134
0.426822
0.426375
0.425810
0.425577
0.425159
0.424744
0.424238
0.423637
0.423113
0.423141
0.422705
0.422342
0.421142
0.419972
0.418873
0.418664
0.418988
0.420177
0.421971
0.423037
0.422350
0.421849
0.420215
0.419383
0.418541
0.418203
0.418289
0.418073
0.418558
0.418208
0.418081
0.417559
0.417441
0.416819
0.416269
0.416469
0.415997
0.415743
0.415652
0.415259
0.414788
0.414798
0.414192
0.413285
0.411789
0.411069
0.411320
0.411489
0.412475
0.414164
0.414671
0.414686
0.413475
0.412270
0.410904
0.410348
0.410525
0.410184
0.410222
0.410060
0.410219
0.409665
0.409522
0.409116
0.408575
0.408414
0.407975
0.407720
0.407780
0.407338
0.407388
0.407138
0.406800
0.406639
0.405535
0.404694
0.403920
0.404154
0.404221
0.405937
0.407539
0.408067
0.407895
0.406924
0.405894
0.404848
0.404316
0.403946
0.404124
0.404167
0.404591
0.404841
0.404457
0.404320
0.404376
0.403943
0.403457
0.403615
0.403397
0.403293
0.403374
0.403174
0.403315
0.403085
0.402838
0.402217
0.400888
0.400547
0.400944
0.401461
0.403300
0.404822
0.405505
0.405920
0.405789
0.405469
0.405095
0.405347
0.405645
0.406553
0.407425
0.408533
0.409004
0.409956
0.410048
0.410031
0.410659
0.410753
0.411239
0.411939
0.412491
0.412899
0.413783
0.414319
0.415242
0.415756
0.415246
0.414971
0.414823
0.415578
0.415874
0.417622
0.419725
0.421012
0.421804
0.421601
0.421409
0.421429
0.421812
0.422550
0.424050
0.425218
0.426169
0.427599
0.428333
0.429151
0.429759
0.430199
0.431029
0.431573
0.431811
0.432839
0.433083
0.433348
0.434211
0.434231
0.434874
0.434316
0.433558
0.433564
0.433717
0.434592
0.436359
0.438751
0.439908
0.440437
0.440759
0.440328
0.440166
0.440331
0.440696
0.441745
0.442284
0.443294
0.443839
0.444530
0.444843
0.445483
0.445405
0.445720
0.446035
0.446876
0.446966
0.447546
0.447986
0.448258
0.448890
0.449207
0.449050
0.447782
0.447416
0.447928
0.448598
0.450224
0.452510
0.453241
0.453450
0.453012
0.452303
0.451644
0.451432
0.452170
0.452115
0.452919
0.453322
0.453909
0.453713
0.454132
0.453949
0.453889
0.454178
0.454022
0.453769
0.454331
0.454338
0.454893
0.454645
0.454729
0.454887
0.453893
0.453037
0.452682
0.452347
0.452974
0.454461
0.456124
0.456978
0.456884
0.455714
0.454672
0.453807
0.453209
0.453119
0.453553
0.453518
0.453980
0.454452
0.454416
0.454016
0.454212
0.453966
0.453597
0.453713
0.453838
0.453610
0.453927
0.453845
0.454223
0.453882
0.452897
0.452018
0.451338
0.451868
0.451760
0.453394
0.454739
0.455653
0.455859
0.454895
0.453821
0.452714
0.452323
0.452077
0.452653
0.453235
0.453503
0.453610
0.453522
0.453699
0.453460
0.453174
0.453588
0.453443
0.453310
0.453629
0.453578
0.453613
0.453821
0.453753
0.454072
0.453036
0.451872
0.451622
0.451509
0.452172
0.453390
0.455243
0.456023
0.455858
0.455393
0.454476
0.453772
0.453153
0.452961
0.453549
0.453537
0.454257
0.454304
0.454779
0.454357
0.454679
0.454322
0.453900
0.453877
0.454351
0.454294
0.454580
0.454616
0.454639
0.454867
0.453882
0.452870
0.452065
0.451933
0.452428
0.453704
0.455619
0.456845
0.456684
0.455938
0.455125
0.454304
0.454023
0.454046
0.454435
0.454367
0.455088
0.455626
0.455650
0.455399
0.455824
0.455627
0.455388
0.455804
0.455761
0.455808
0.456162
0.455969
0.456378
0.456378
0.456197
0.455699
0.454146
0.453176
0.453439
0.453841
0.455225
0.456814
0.457588
0.457618
0.457326
0.456511
0.455857
0.455499
0.455306
0.455395
0.456097
0.456818
0.456971
0.457291
0.456901
0.456771
0.457094
0.456842
0.456752
0.457330
0.456992
0.456984
0.457471
0.457495
0.457791
0.457699
0.456589
0.455327
0.454677
0.455002
0.454668
0.456114
0.457863
0.459090
0.458961
0.458215
0.457243
0.456578
0.456285
0.456386
0.456566
0.457334
0.457605
0.458054
0.457782
0.458140
0.458010
0.457656
0.458014
0.457762
0.457786
0.458061
0.458120
0.457928
0.458247
0.458179
0.458609
0.457724
0.456167
0.455579
0.455239
0.455570
0.457020
0.458772
0.459319
0.459418
0.459126
0.458085
0.457256
0.456963
0.456776
0.457473
0.457562
0.458286
0.458214
0.458691
0.458596
0.458535
0.458337
0.458242
0.458515
0.458242
0.458289
0.458802
0.458612
0.458407
0.458861
0.458612
0.458180
0.456394
0.455588
0.455686
0.456026
0.457476
0.459001
0.459775
0.459875
0.459128
0.457861
0.457262
0.456969
0.457232
0.457250
0.458018
0.458132
0.458671
0.458466
0.458825
0.458470
0.458341
0.458470
0.458290
0.458247
0.458746
0.458420
0.458840
0.458864
0.458707
0.458840
0.457957
0.456851
0.455816
0.455695
0.456035
0.457254
0.458902
0.460131
0.460002
0.459255
0.458282
0.457616
0.457095
0.456974
0.457605
0.457693
0.458361
0.458899
0.458923
0.458828
0.458766
0.458569
0.458475
0.458518
0.458475
0.458522
0.458932
0.458582
0.458991
0.458991
0.457950
0.456540
0.455953
0.455821
0.455932
0.457148
0.458902
0.460131
0.460073
0.459029
0.458216
0.457616
0.456886
0.457358
0.457605
0.458216
0.458192
0.458798
0.458821
0.458794
0.458597
0.458467
0.458680
0.458350
0.458373
0.458873
0.458546
0.458274
0.458750
0.458593
0.458727
0.458703
0.457662
0.456275
0.455699
0.455133
0.455702
0.456983
0.458674
0.459903
0.459990
0.458845
0.457975
0.457363
0.456697
0.456668
0.457363
0.458132
0.458030
0.458557
0.458580
0.458554
0.458424
0.458227
0.458585
0.458176
0.458132
0.458632
0.458306
0.458341
0.458750
0.458750
0.458795
0.457842
0.456735
0.455762
0.455579
0.455754
0.457139
0.458887
0.459505
0.459535
0.459243
0.458199
0.457441
0.457082
0.456889
0.457429
0.457747
0.458403
0.458328
0.458648
0.458486
0.458809
0.458451
0.458199
0.458109
0.458356
0.458247
0.458759
0.458727
0.458522
0.458818
0.457866
0.456519
0.455774
0.455350
0.455754
0.457127
0.458887
0.459961
0.460061
0.459243
0.458199
0.457441
0.457094
0.456889
0.457429
0.457747
0.458175
0.458782
0.458648
0.458554
0.458581
0.458451
0.458211
0.458561
0.458356
0.458404
0.458691
0.458498
0.458976
0.458818
0.458625
0.457964
0.456405
0.455597
0.455695
0.456036
0.457260
0.459014
0.459790
0.459661
0.459368
0.458326
0.457725
0.457202
0.457172
0.457262
0.457802
0.458459
0.458456
0.458933
0.458542
0.458412
0.458578
0.458484
0.458164
0.458484
0.458531
0.458294
0.458625
0.458649
0.459035
0.458783
0.457741
0.456569
0.455597
0.455861
0.455588
0.457037
0.458946
0.459790
0.459890
0.459142
0.458259
0.457274
0.456980
0.456951
0.457262
0.458031
0.458235
0.458684
0.458479
0.458838
0.458641
0.458354
0.458484
0.458393
0.458259
0.458531
0.458590
0.458401
0.458878
0.458649
0.458854
0.457969
0.456862
0.455825
0.455705
0.455817
0.457266
0.458946
0.459563
0.459662
0.459370
0.458259
0.457502
0.457209
0.457015
0.457490
0.457808
0.458302
0.458231
0.458708
0.458385
0.458708
0.458354
0.458031
0.458007
0.458259
0.458307
0.458590
0.458625
0.458424
0.458649
0.458625
0.457969
0.456185
0.455597
0.455476
0.456036
0.457266
0.459014
0.459790
0.459732
0.458687
0.457873
0.457274
0.456531
0.457015
0.457262
0.457808
0.457850
0.458456
0.458479
0.458385
0.458255
0.458125
0.458327
0.458007
0.458031
0.458531
0.458137
0.458625
0.458649
0.458263
0.457764
0.456196
0.455163
0.455476
0.455652
0.457026
0.459014
0.459404
0.459434
0.459142
0.458326
0.457339
0.456992
0.457015
0.456877
0.457579
0.458302
0.458456
0.458547
0.458385
0.458255
0.458349
0.458110
0.458007
0.458484
0.458145
0.458137
0.458625
0.458420
0.458717
0.457764
0.456645
0.455672
0.455476
0.455652
0.457026
0.458786
0.459860
0.459434
0.459142
0.458097
0.457339
0.456992
0.456787
0.457328
0.457645
0.458302
0.458227
0.458547
0.458452
0.458708
0.458349
0.458110
0.458460
0.458255
0.458145
0.458658
0.458625
0.458420
0.458717
0.458524
0.458726
0.457840
0.456520
0.455714
0.455375
0.455717
0.457002
0.458925
0.459472
0.459560
0.459029
0.458225
0.457383
0.457035
0.456914
0.457383
0.457701
0.458213
0.458355
0.458603
0.458441
0.458607
0.458477
0.458087
0.458063
0.458383
0.458201
0.458646
0.458284
0.458307
0.458465
0.458284
0.457851
0.455997
0.455253
0.455517
0.455692
0.457080
0.458831
0.459449
0.459549
0.458732
0.457531
0.456931
0.456573
0.456673
0.456919
0.457689
0.457893
0.458114
0.458138
0.458429
0.458142
0.457783
0.458142
0.458051
0.457689
0.458189
0.458181
0.458513
0.458307
0.458240
0.458513
0.457627
0.456290
0.455482
0.455133
0.455473
0.456923
0.458448
0.459678
0.459778
0.458800
0.457760
0.457160
0.456866
0.456451
0.457148
0.457465
0.457893
0.458343
0.458366
0.458272
0.458142
0.458012
0.457918
0.458118
0.457918
0.457965
0.458248
0.458059
0.458536
0.458307
0.457356
0.456081
0.455265
0.455361
0.455245
0.456462
0.458448
0.459449
0.459549
0.458575
0.457531
0.456931
0.456428
0.456673
0.456919
0.457532
0.457736
0.458114
0.458138
0.458272
0.457913
0.457783
0.458154
0.457894
0.457689
0.458189
0.458024
0.457830
0.458307
0.458307
0.457422
0.455853
0.455109
0.455133
0.455536
0.456683
0.458673
0.459449
0.459093
0.458346
0.457531
0.456775
0.456199
0.456673
0.456919
0.457237
0.457508
0.458114
0.457981
0.458043
0.457913
0.458237
0.457768
0.457665
0.457689
0.457803
0.457795
0.458284
0.458307
0.457060
0.455876
0.455288
0.455144
0.455245
0.456671
0.458207
0.459437
0.459308
0.458414
0.457543
0.456931
0.456264
0.456684
0.456919
0.457303
0.457565
0.458105
0.458128
0.458102
0.457971
0.457774
0.457915
0.457723
0.457679
0.458180
0.458010
0.458343
0.458298
0.458069
0.457479
0.455842
0.455026
0.455122
0.455454
0.456740
0.458665
0.459212
0.459312
0.458406
0.457522
0.456693
0.456705
0.456663
0.456681
0.457451
0.457565
0.458105
0.458354
0.458259
0.457971
0.458227
0.457915
0.457723
0.458132
0.457951
0.458010
0.458274
0.458298
0.458524
0.458500
0.457389
0.456051
0.455243
0.455122
0.455391
0.456686
0.458436
0.459599
0.459541
0.458792
0.457746
0.457078
0.456628
0.456434
0.457066
0.457227
0.457951
0.458262
0.458285
0.458488
0.458357
0.457931
0.457679
0.458109
0.457836
0.458180
0.458239
0.458207
0.458455
0.458298
0.458729
0.457774
0.456280
0.455627
0.455122
0.455619
0.456914
0.458665
0.459372
0.459471
0.458792
0.457975
0.457307
0.456856
0.456663
0.456844
0.457456
0.457951
0.458105
0.458514
0.458262
0.457904
0.458159
0.457908
0.457884
0.458132
0.457955
0.458468
0.458274
0.458230
0.458527
0.458503
0.457322
0.456059
0.455243
0.455351
0.455463
0.456914
0.458894
0.459441
0.459541
0.458566
0.457751
0.456921
0.456406
0.456891
0.456910
0.457456
0.457727
0.458105
0.458128
0.458262
0.458132
0.457774
0.458065
0.457884
0.457679
0.458180
0.458014
0.458274
0.458298
0.458073
0.457412
0.455842
0.455036
0.455122
0.455463
0.456674
0.458665
0.459214
0.458984
0.458236
0.457874
0.456598
0.456538
0.456562
0.456652
0.457126
0.457397
0.458004
0.458028
0.457933
0.457803
0.458126
0.457590
0.457555
0.458032
0.457693
0.457685
0.458174
0.458197
0.458197
0.457311
0.456190
0.455153
0.455021
0.455133
0.456573
0.458178
0.458885
0.458984
0.458691
0.457488
0.456820
0.456538
0.456333
0.456358
0.457126
0.457850
0.457618
0.458028
0.457933
0.458257
0.457740
0.457590
0.457555
0.457803
0.457693
0.458138
0.458174
0.457811
0.458197
0.458174
0.457511
0.455794
0.455141
0.455084
0.455581
0.456650
0.458564
0.459341
0.459211
0.458305
0.457421
0.456820
0.456298
0.456627
0.456808
0.457350
0.457464
0.458072
0.458028
0.458158
0.457871
0.457673
0.457803
0.457779
0.457646
0.458079
0.457909
0.458242
0.458266
0.457968
0.458399
0.457355
0.456178
0.455361
0.455021
0.455352
0.456585
0.458335
0.459569
0.459211
0.458691
0.457645
0.457043
0.456526
0.456562
0.457031
0.457283
0.457850
0.458004
0.458253
0.457933
0.458257
0.457897
0.457735
0.458008
0.458032
0.457783
0.458295
0.458174
0.458355
0.458355
0.458174
0.457740
0.455886
0.455141
0.455177
0.455581
0.456970
0.458564
0.459341
0.459440
0.458623
0.457874
0.456820
0.456912
0.456562
0.456808
0.457512
0.457626
0.458004
0.458482
0.458319
0.457803
0.458126
0.457964
0.457784
0.458032
0.458012
0.457914
0.458403
0.458197
0.458584
0.458403
0.457288
0.455000
0.453392
0.451876
0.451965
0.452970
0.452528
0.451630
0.449830
0.447470
0.444629
0.441892
0.439586
0.437835
0.435918
0.434138
0.432317
0.430004
0.427200
0.424975
0.421825
0.418679
0.415331
0.412614
0.409400
0.406548
0.402910
0.399378
0.396391
0.392564
0.389193
0.384443
0.380712
0.376730
0.373231
0.370376
0.368277
0.365723
0.362315
0.358302
0.354055
0.349273
0.344746
0.340326
0.336759
0.333193
0.329825
0.326938
0.322969
0.319649
0.315746
0.312320
0.308524
0.304635
0.300962
0.297678
0.294179
0.290889
0.287144
0.283744
0.280758
0.276978
0.273154
0.269003
0.265122
0.262537
0.259496
0.257795
0.255721
0.252913
0.249520
0.245033
0.240755
0.236692
0.233227
0.230089
0.226985
0.224189
0.221230
0.218325
0.215232
0.212145
0.208925
0.205488
0.202468
0.199352
0.196485
0.193597
0.190561
0.188150
0.185283
0.182046
0.179782
0.175873
0.173265
0.170665
0.168327
0.166658
0.165773
0.164558
0.163234
0.160663
0.158085
0.155140
0.152296
0.150118
0.148030
0.146721
0.144641
0.143426
0.141667
0.140232
0.138290
0.136845
0.134878
0.133101
0.131821
0.130363
0.128558
0.127306
0.125905
0.124623
0.123132
0.121657
0.119660
0.117536
0.116389
0.115584
0.115154
0.115677
0.115771
0.115174
0.113714
0.111328
0.109133
0.107360
0.106013
0.104902
0.103848
0.103144
0.102240
0.101486
0.100762
0.099420
0.098171
0.097374
0.096159
0.095015
0.094157
0.093462
0.092166
0.091455
0.090403
0.089863
0.088227
0.087131
0.085857
0.085552
0.085756
0.086128
0.086787
0.086898
0.085874
0.084897
0.083474
0.082251
0.080760
0.080230
0.079523
0.079598
0.079477
0.079054
0.078542
0.078111
0.077901
0.077092
0.076500
0.075924
0.075796
0.075107
0.075011
0.074843
0.074566
0.074423
0.074067
0.073365
0.072492
0.071616
0.071909
0.072013
0.073297
0.074095
0.074104
0.073797
0.072754
0.071538
0.070490
0.069630
0.069697
0.069380
0.069491
0.069434
0.069867
0.069297
0.069350
0.069240
0.068621
0.068649
0.068466
0.068209
0.068610
0.068377
0.068790
0.068724
0.068648
0.068637
0.067655
0.067386
0.066668
0.066735
0.067426
0.069318
0.070982
0.072277
0.071832
0.071332
0.070237
0.069501
0.068888
0.068928
0.069649
0.069718
0.070325
0.070370
0.070801
0.070072
0.070126
0.069735
0.069270
0.069107
0.069005
0.068555
0.068949
0.068049
0.068253
0.067796
0.066063
0.064752
0.064211
0.064158
0.064920
0.066725
0.068819
0.069747
0.068735
0.066984
0.064518
0.062434
0.060627
0.059920
0.059771
0.058966
0.058997
0.058979
0.057880
0.057608
0.056644
0.054815
0.055105
0.053841
0.052640
0.052533
0.051913
0.050870
0.050799
0.050199
0.050171
0.048070
0.046257
0.045698
0.045747
0.046636
0.048038
0.050546
0.050994
0.050548
0.049510
0.047670
0.046002
0.044961
0.044361
0.044149
0.044922
0.045246
0.045111
0.045323
0.044752
0.044932
0.044457
0.044068
0.043759
0.044063
0.044129
0.044972
0.044583
0.044696
0.045427
0.045231
0.044628
0.043507
0.042916
0.043400
0.044000
0.045984
0.048018
0.049298
0.049520
0.048944
0.047512
0.046924
0.046563
0.047100
0.047468
0.048958
0.049365
0.050176
0.050448
0.051016
0.050617
0.050433
0.050980
0.050742
0.051040
0.051552
0.051437
0.052447
0.052346
0.051891
0.052510
0.052475
0.051176
0.050183
0.049349
0.049345
0.049263
0.051753
0.053639
0.054823
0.054905
0.053788
0.052517
0.051347
0.050867
0.051605
0.051535
0.052656
0.053083
0.053950
0.053781
0.054294
0.053848
0.053408
0.053961
0.053890
0.053678
0.054245
0.054055
0.054563
0.054333
0.054333
0.054999
0.053171
0.052471
0.051357
0.050669
0.051109
0.053056
0.054851
0.056543
0.055997
0.055527
0.054279
0.053163
0.052717
0.052770
0.053344
0.053628
0.054739
0.054698
0.055436
0.054838
0.055340
0.055141
0.054816
0.055231
0.055267
0.054888
0.055678
0.055757
0.056247
0.055905
0.054550
0.053779
0.052386
0.051991
0.052612
0.054446
0.056150
0.058049
0.058208
0.057062
0.055814
0.054481
0.054053
0.054089
0.055158
0.055193
0.056031
0.056967
0.057003
0.057137
0.056939
0.056740
0.056410
0.057055
0.057091
0.057616
0.057501
0.057555
0.058160
0.057951
0.056800
0.055374
0.054432
0.054659
0.055068
0.057009
0.058872
0.059819
0.060227
0.059081
0.057833
0.056716
0.056288
0.056769
0.057145
0.058126
0.058540
0.059228
0.059016
0.059367
0.059168
0.058970
0.059309
0.059255
0.059154
0.059910
0.059544
0.060304
0.060340
0.060132
0.059227
0.057798
0.056699
0.057083
0.057245
0.059438
0.061304
0.062253
0.062661
0.061513
0.060964
0.060042
0.059409
0.059196
0.059431
0.060416
0.061537
0.061525
0.062269
0.061913
0.061713
0.062218
0.062091
0.061580
0.062321
0.062394
0.062276
0.063037
0.063055
0.063763
0.062189
0.061454
0.060348
0.059641
0.060454
0.062153
0.064256
0.065457
0.065276
0.065079
0.064010
0.063080
0.062191
0.062227
0.063062
0.063554
0.064471
0.064708
0.065453
0.065306
0.065602
0.065429
0.065301
0.065246
0.065780
0.065853
0.066653
0.066497
0.066534
0.067242
0.067205
0.067539
0.066161
0.065383
0.064489
0.063852
0.064481
0.066597
0.068348
0.069557
0.069697
0.069726
0.068462
0.067303
0.066866
0.066921
0.067053
0.068043
0.069189
0.069409
0.070184
0.069825
0.070582
0.070380
0.070233
0.069986
0.070731
0.070804
0.071382
0.071437
0.071347
0.072060
0.071808
0.072484
0.071101
0.070173
0.069415
0.069023
0.069408
0.071436
0.073293
0.074505
0.074429
0.074209
0.072958
0.071756
0.070863
0.070909
0.071291
0.071899
0.072802
0.073023
0.073772
0.073439
0.072988
0.073247
0.072887
0.072850
0.073349
0.072960
0.073763
0.073571
0.073387
0.073849
0.072093
0.071262
0.070095
0.069408
0.069775
0.071695
0.073417
0.075097
0.074540
0.073872
0.072600
0.071417
0.070728
0.070310
0.071149
0.071395
0.072315
0.072305
0.072804
0.072657
0.072702
0.072252
0.072123
0.072316
0.072105
0.071803
0.072145
0.072173
0.072675
0.072205
0.070822
0.069569
0.068444
0.067881
0.068022
0.070252
0.071651
0.073328
0.073487
0.072320
0.070800
0.069656
0.068833
0.068621
0.069006
0.069501
0.070386
0.071091
0.070913
0.070980
0.070777
0.070335
0.070420
0.070365
0.070153
0.070476
0.070568
0.070125
0.070661
0.070412
0.069491
0.067818
0.066651
0.066439
0.067059
0.068961
0.070450
0.071420
0.071579
0.070191
0.068918
0.067732
0.067042
0.067577
0.067464
0.068670
0.068845
0.069334
0.069371
0.069689
0.069020
0.068818
0.069152
0.069097
0.068670
0.069208
0.069297
0.069232
0.069249
0.067898
0.066563
0.065643
0.065413
0.065314
0.067786
0.068945
0.070630
0.070790
0.069637
0.067915
0.066959
0.066520
0.066575
0.066941
0.067649
0.068073
0.068812
0.068849
0.068917
0.068713
0.068295
0.068879
0.068325
0.068148
0.068814
0.068408
0.068445
0.068981
0.068981
0.067808
0.066122
0.065198
0.065126
0.065748
0.067536
0.069411
0.070381
0.070541
0.069153
0.067878
0.066812
0.066371
0.066656
0.066794
0.068006
0.068182
0.068922
0.069427
0.069277
0.069073
0.069118
0.068988
0.068932
0.069219
0.069293
0.069136
0.069910
0.069728
0.070197
0.068805
0.067827
0.066650
0.065982
0.066606
0.068533
0.070289
0.071513
0.071674
0.071217
0.069715
0.068771
0.068328
0.068152
0.068289
0.069252
0.070394
0.070636
0.071172
0.071023
0.070820
0.071115
0.070736
0.070430
0.071185
0.071041
0.071851
0.071907
0.071725
0.072443
0.072044
0.070646
0.069805
0.068878
0.068932
0.068853
0.071380
0.073506
0.074483
0.074893
0.073494
0.072211
0.071267
0.070808
0.071363
0.071501
0.072467
0.072911
0.073651
0.073688
0.074258
0.074053
0.073630
0.074199
0.074161
0.073980
0.074527
0.074258
0.074812
0.074850
0.074850
0.075311
0.073665
0.072659
0.071514
0.070747
0.071622
0.073401
0.075307
0.076753
0.076191
0.075984
0.074232
0.073167
0.072703
0.072293
0.073148
0.073400
0.074297
0.074319
0.074833
0.074684
0.074728
0.074523
0.074125
0.074337
0.074374
0.074199
0.074763
0.074598
0.075106
0.074857
0.074487
0.073309
0.071741
0.070564
0.070618
0.070998
0.072820
0.074701
0.075679
0.075839
0.074410
0.072904
0.071709
0.071962
0.071303
0.071691
0.072409
0.072836
0.073062
0.073819
0.073553
0.072848
0.073141
0.072992
0.072455
0.072992
0.072817
0.072661
0.073216
0.072754
0.073477
0.071605
0.070578
0.069166
0.068702
0.068873
0.071016
0.072557
0.073789
0.073474
0.073016
0.071724
0.070524
0.069609
0.069397
0.069537
0.070289
0.071188
0.071176
0.071936
0.071313
0.070845
0.071362
0.070981
0.070453
0.071212
0.070787
0.071380
0.071187
0.070974
0.071474
0.071187
0.069427
0.068565
0.067382
0.067186
0.067107
0.069648
0.071291
0.072523
0.072673
0.071239
0.069726
0.068527
0.068063
0.068368
0.068509
0.069481
0.069661
0.070403
0.070190
0.070763
0.070308
0.069880
0.070202
0.069809
0.069622
0.070171
0.070015
0.070797
0.070608
0.070109
0.070797
0.069166
0.068402
0.066747
0.066051
0.066846
0.068638
0.070780
0.072142
0.071346
0.071136
0.069581
0.068627
0.067689
0.067745
0.068608
0.068863
0.069793
0.069788
0.070550
0.070150
0.070443
0.070237
0.069837
0.070299
0.070086
0.070161
0.070505
0.070561
0.071075
0.071075
0.069444
0.068411
0.067255
0.066790
0.066962
0.068994
0.070917
0.072882
0.072814
0.071627
0.070330
0.069376
0.068706
0.068743
0.069357
0.069862
0.070792
0.071761
0.071808
0.071884
0.071451
0.071244
0.071113
0.071556
0.071594
0.072394
0.071989
0.071819
0.072582
0.072484
0.072946
0.072908
0.071496
0.070268
0.069459
0.068796
0.069452
0.071270
0.073447
0.075163
0.075555
0.074347
0.072841
0.071868
0.071420
0.071119
0.071763
0.072270
0.073448
0.074403
0.074211
0.074789
0.074581
0.074145
0.073745
0.074434
0.074005
0.074808
0.074909
0.074966
0.075253
0.075003
0.074966
0.074053
0.072556
0.070895
0.071414
0.071588
0.073654
0.075345
0.076585
0.076747
0.076285
0.074732
0.073546
0.072828
0.072635
0.072554
0.073535
0.074695
0.074462
0.075227
0.074827
0.074619
0.074662
0.074261
0.074224
0.074511
0.074337
0.074909
0.074642
0.074430
0.074911
0.074642
0.072979
0.071951
0.070533
0.070915
0.070370
0.073155
0.074118
0.075836
0.075998
0.074465
0.072931
0.071722
0.071253
0.071536
0.071703
0.072439
0.072873
0.073118
0.073156
0.073724
0.073016
0.072579
0.073157
0.072620
0.072428
0.072983
0.072828
0.073365
0.072922
0.072922
0.071979
0.069981
0.068786
0.068569
0.069214
0.071043
0.072738
0.073981
0.073894
0.072459
0.070907
0.069948
0.069747
0.069535
0.069679
0.070665
0.070869
0.071344
0.072111
0.071960
0.071023
0.071544
0.071412
0.070627
0.071393
0.070969
0.070834
0.071526
0.071064
0.071797
0.069895
0.069085
0.067766
0.067049
0.067472
0.069524
0.071218
0.072229
0.072392
0.071679
0.070375
0.069186
0.068388
0.068176
0.068322
0.069081
0.070246
0.070243
0.071013
0.070379
0.070902
0.070444
0.069830
0.069773
0.070293
0.070119
0.070713
0.070770
0.070308
0.070807
0.069389
0.068336
0.066911
0.066443
0.066866
0.068677
0.070648
0.072378
0.072541
0.071343
0.070034
0.068591
0.068139
0.067927
0.068802
0.068832
0.069997
0.070243
0.070763
0.070379
0.070652
0.070444
0.070080
0.070504
0.070293
0.070368
0.070962
0.070770
0.071540
0.071057
0.071019
0.070331
0.068341
0.067392
0.067442
0.067840
0.069944
0.071630
0.072877
0.073041
0.071842
0.071033
0.069340
0.069597
0.069654
0.069321
0.070560
0.070996
0.071974
0.072511
0.072365
0.071906
0.072197
0.071796
0.071758
0.072528
0.072371
0.072466
0.073174
0.072727
0.073212
0.073174
0.071749
0.070733
0.069779
0.068952
0.069850
0.071455
0.073640
0.075622
0.075786
0.074271
0.073208
0.071991
0.071518
0.071343
0.072472
0.072984
0.073904
0.074651
0.074439
0.075022
0.074577
0.074368
0.074957
0.074669
0.074473
0.075041
0.075137
0.074959
0.075481
0.075232
0.074306
0.072764
0.071333
0.071591
0.071766
0.073840
0.075572
0.076823
0.076736
0.075535
0.074223
0.073023
0.072320
0.072839
0.072755
0.073748
0.074185
0.074916
0.074470
0.075051
0.074842
0.073900
0.074500
0.074194
0.073748
0.074557
0.074403
0.074709
0.074747
0.074498
0.074944
0.072955
0.072246
0.070815
0.070116
0.070540
0.072378
0.074089
0.075824
0.075987
0.074786
0.073224
0.072025
0.071303
0.071110
0.071756
0.072017
0.072858
0.072856
0.073143
0.072991
0.073267
0.072572
0.072420
0.072867
0.072656
0.072487
0.072818
0.072876
0.072914
0.072914
0.072876
0.071442
0.069915
0.068710
0.068758
0.069164
0.070780
0.072942
0.073699
0.073623
0.072416
0.071833
0.069875
0.069642
0.069699
0.069599
0.070613
0.071288
0.071537
0.072312
0.071672
0.071212
0.071738
0.071335
0.070811
0.071585
0.071412
0.071016
0.071560
0.071598
0.071848
0.071560
0.070053
0.069078
0.067637
0.066957
0.067614
0.069470
0.071194
0.072937
0.073095
0.071887
0.070331
0.069358
0.068633
0.068440
0.069089
0.069354
0.070529
0.071027
0.071065
0.071399
0.071118
0.070668
0.071004
0.070715
0.070754
0.071080
0.070926
0.070984
0.071522
0.071272
0.070324
0.068526
0.067315
0.067345
0.067757
0.069867
0.071606
0.072865
0.073029
0.072068
0.070256
0.069031
0.068573
0.069111
0.069012
0.070265
0.070706
0.071455
0.071243
0.071579
0.071368
0.070918
0.071522
0.071465
0.070765
0.071580
0.071676
0.072472
0.072271
0.071772
0.072472
0.070802
0.069996
0.069034
0.068099
0.069011
0.070640
0.072861
0.074611
0.075024
0.073572
0.072248
0.071272
0.070308
0.070365
0.071253
0.071769
0.072710
0.073448
0.073486
0.073337
0.073626
0.073415
0.073012
0.073712
0.073512
0.073588
0.074173
0.073992
0.074769
0.074769
0.074481
0.074942
0.073505
0.072716
0.071286
0.070602
0.071283
0.073381
0.075134
0.076884
0.076537
0.076053
0.074508
0.073263
0.072554
0.072375
0.073263
0.073530
0.074423
0.074653
0.074933
0.074779
0.075067
0.074606
0.074202
0.074663
0.074452
0.074279
0.074875
0.074683
0.075212
0.074971
0.074683
0.073733
0.071696
0.070731
0.070529
0.070945
0.072829
0.074808
0.075819
0.075983
0.074528
0.072953
0.071975
0.071985
0.071554
0.071706
0.072713
0.072665
0.073404
0.074183
0.073780
0.073078
0.073607
0.072953
0.072675
0.073453
0.073030
0.072886
0.073184
0.073222
0.073956
0.073177
0.071676
0.070677
0.069226
0.068289
0.068953
0.071073
0.072561
0.074564
0.074477
0.073264
0.071447
0.070470
0.069741
0.069244
0.070132
0.070401
0.071335
0.071835
0.071873
0.072211
0.071749
0.071296
0.070892
0.071345
0.071137
0.071706
0.071552
0.071118
0.071898
0.071648
0.070697
0.068882
0.067665
0.067693
0.068111
0.069730
0.071985
0.072750
0.072914
0.071455
0.070127
0.069147
0.068196
0.068725
0.068878
0.069888
0.070088
0.070830
0.070619
0.071207
0.070753
0.070291
0.070648
0.070349
0.070137
0.070706
0.070802
0.071110
0.070899
0.070896
0.069953
0.068130
0.066675
0.066691
0.067608
0.069228
0.071233
0.072247
0.072417
0.071202
0.070615
0.069385
0.068433
0.068472
0.068625
0.069393
0.070577
0.070827
0.071361
0.070715
0.070503
0.071033
0.070898
0.070099
0.070879
0.070956
0.070810
0.071360
0.071149
0.071891
0.071610
0.070167
0.069102
0.067646
0.067193
0.067623
0.069750
0.071493
0.073499
0.073663
0.072447
0.071118
0.069896
0.069417
0.069474
0.069877
0.070396
0.071579
0.072572
0.072368
0.072706
0.072244
0.072032
0.072378
0.072340
0.072378
0.073197
0.072801
0.072609
0.073339
0.073095
0.073800
0.072354
0.071291
0.070321
0.069441
0.070359
0.072239
0.074234
0.075499
0.075614
0.075140
0.073564
0.072581
0.072099
0.072162
0.072074
0.073336
0.074523
0.074280
0.075062
0.074908
0.075439
0.074738
0.074584
0.074295
0.074834
0.074911
0.075501
0.075315
0.075104
0.075847
0.073908
0.072819
0.071848
0.070886
0.071557
0.073430
0.075193
0.077204
0.077123
0.075905
0.074573
0.073097
0.072386
0.072424
0.073071
0.073348
0.074034
0.075029
0.074823
0.074169
0.074707
0.074495
0.073617
0.074302
0.074341
0.073675
0.074514
0.074322
0.074611
0.074611
0.074316
0.073120
0.071310
0.070090
0.070137
0.070558
0.072450
0.074443
0.075210
0.075129
0.073912
0.073324
0.072091
0.071118
0.070925
0.071080
0.071849
0.072785
0.073036
0.073568
0.072920
0.072708
0.072989
0.072342
0.072303
0.072585
0.072419
0.072266
0.072817
0.072855
0.072855
0.072767
0.071319
0.069753
0.068836
0.067894
0.068314
0.069955
0.072195
0.073701
0.073865
0.072358
0.071024
0.069791
0.069059
0.068873
0.069521
0.070042
0.070736
0.071481
0.071270
0.071860
0.071153
0.070941
0.071281
0.070748
0.070536
0.071358
0.071205
0.070768
0.071301
0.071301
0.071512
0.069815
0.068989
0.067524
0.067071
0.067251
0.069389
0.071387
0.072160
0.072322
0.071847
0.070513
0.069035
0.068303
0.068361
0.069016
0.069287
0.070475
0.070476
0.070764
0.070610
0.071142
0.070680
0.070031
0.069992
0.070775
0.070358
0.070949
0.071007
0.070795
0.071295
0.071007
0.070303
0.068493
0.067021
0.067317
0.067740
0.069880
0.071634
0.072903
0.073067
0.071847
0.070269
0.069285
0.068803
0.068861
0.069265
0.070530
0.070725
0.071226
0.071264
0.071854
0.071642
0.071184
0.071524
0.071236
0.071030
0.071852
0.071948
0.072751
0.072045
0.072045
0.072751
0.071058
0.070235
0.069012
0.068316
0.068739
0.070885
0.072884
0.074648
0.075065
0.073849
0.072515
0.071531
0.070805
0.070363
0.071514
0.072035
0.072979
0.073230
0.074014
0.073859
0.073896
0.073434
0.073279
0.073985
0.073779
0.073856
0.074698
0.074511
0.075294
0.074794
0.074472
0.073767
0.072195
0.071024
0.071063
0.071244
0.073634
0.075139
0.076407
0.076572
0.075564
0.074728
0.072747
0.073008
0.072571
0.072727
0.073994
0.074189
0.074691
0.075475
0.075320
0.074362
0.074894
0.074740
0.073955
0.074740
0.074817
0.074414
0.074972
0.075011
0.075257
0.074972
0.073272
0.072195
0.070977
0.070273
0.070455
0.072598
0.074355
0.075871
0.076036
0.074814
0.073233
0.071997
0.071264
0.071078
0.071728
0.072250
0.072940
0.073691
0.073480
0.073821
0.073362
0.072650
0.073240
0.072952
0.072495
0.073318
0.072915
0.072727
0.073262
0.073012
0.072061
0.069972
0.068998
0.068775
0.069200
0.071079
0.073102
0.073872
0.073790
0.072569
0.071234
0.070248
0.069041
0.069823
0.069729
0.070751
0.070696
0.071692
0.071731
0.071576
