0.820643
0.820643
0.820643
0.820643
0.820643
0.820643
0.820643
0.820643
0.820643
0.820643
0.820643
0.820643
0.820643
0.820643
0.820643
0.820643
0.820643
0.820643
0.820643
0.820643
0.820643
0.820643
0.820677
0.820490
0.820433
0.820307
0.819926
0.819349
0.818593
0.817522
0.816333
0.814827
0.813341
0.812083
0.810507
0.809283
0.807800
0.806009
0.803874
0.801292
0.798518
0.795624
0.792719
0.789688
0.786637
0.783766
0.780911
0.777936
0.774857
0.771466
0.767928
0.764215
0.760214
0.756272
0.752392
0.748546
0.744714
0.740948
0.737070
0.733306
0.729650
0.725697
0.721900
0.718075
0.714070
0.710237
0.706563
0.702703
0.698965
0.695073
0.691323
0.687854
0.684054
0.680263
0.676478
0.672711
0.669125
0.665452
0.661677
0.658170
0.654372
0.650618
0.647125
0.643348
0.639663
0.636081
0.632576
0.628944
0.625221
0.621625
0.618120
0.614465
0.611025
0.607298
0.603812
0.600355
0.596728
0.593312
0.589785
0.586214
0.582902
0.579389
0.575896
0.572438
0.568959
0.565562
0.562187
0.558703
0.555264
0.551872
0.548413
0.545046
0.541598
0.538152
0.534854
0.531491
0.527977
0.524655
0.521310
0.517908
0.514609
0.511256
0.507942
0.504572
0.501270
0.498017
0.494748
0.491458
0.488113
0.484893
0.481606
0.478374
0.475123
0.471814
0.468574
0.465238
0.461885
0.458826
0.455570
0.452256
0.448925
0.445849
0.442506
0.439407
0.436222
0.432985
0.429726
0.426585
0.423355
0.420223
0.417106
0.413826
0.410907
0.407666
0.404565
0.401455
0.398438
0.395215
0.392255
0.389327
0.386262
0.383102
0.380150
0.377149
0.374247
0.371172
0.368216
0.365140
0.362183
0.359303
0.356293
0.353350
0.350559
0.347782
0.344788
0.341951
0.339060
0.336271
0.333449
0.330781
0.327882
0.325172
0.322450
0.319793
0.317188
0.314511
0.311827
0.309360
0.306749
0.304113
0.301355
0.298889
0.296257
0.293827
0.291146
0.288621
0.286127
0.283471
0.281047
0.278483
0.275839
0.273332
0.270871
0.268318
0.265963
0.263469
0.260971
0.258461
0.255948
0.253562
0.251180
0.248511
0.246331
0.243982
0.241542
0.239141
0.236834
0.234541
0.232226
0.229813
0.227582
0.225310
0.222909
0.220690
0.218505
0.216344
0.214113
0.211760
0.209649
0.207460
0.205303
0.203169
0.201049
0.198974
0.196840
0.194779
0.192848
0.190871
0.188767
0.186871
0.184758
0.182991
0.180900
0.179021
0.177105
0.175268
0.173322
0.171481
0.169625
0.167761
0.166042
0.164385
0.162525
0.160785
0.158961
0.157176
0.155528
0.153900
0.152224
0.150612
0.148886
0.147375
0.145712
0.144026
0.142579
0.140960
0.139661
0.137886
0.136416
0.134901
0.133634
0.131946
0.130574
0.129034
0.127793
0.126235
0.124945
0.123538
0.122169
0.120743
0.119292
0.118158
0.116824
0.115504
0.114147
0.112936
0.111749
0.110384
0.109239
0.107965
0.106733
0.105502
0.104312
0.103137
0.102004
0.100810
0.099614
0.098520
0.097337
0.096188
0.095122
0.093999
0.092969
0.091909
0.090701
0.089830
0.088653
0.087609
0.086621
0.085723
0.084742
0.083728
0.082768
0.081748
0.080716
0.079921
0.078941
0.078006
0.077145
0.076180
0.075266
0.074409
0.073530
0.072650
0.071920
0.071006
0.070217
0.069317
0.068550
0.067688
0.066971
0.066136
0.065305
0.064569
0.063857
0.063087
0.062375
0.061628
0.060911
0.060207
0.059366
0.058830
0.058095
0.057360
0.056695
0.056139
0.055381
0.054708
0.054100
0.053342
0.052726
0.052128
0.051499
0.050870
0.050211
0.049708
0.048977
0.048360
0.047786
0.047230
0.046602
0.046083
0.045437
0.044945
0.044369
0.043879
0.043364
0.042824
0.042217
0.041694
0.041187
0.040741
0.040183
0.039709
0.039232
0.038871
0.038299
0.037816
0.037449
0.036909
0.036506
0.036096
0.035624
0.035244
0.034720
0.034384
0.033865
0.033627
0.033029
0.032726
0.032272
0.031953
0.031547
0.031187
0.030855
0.030447
0.030127
0.029786
0.029425
0.029012
0.028747
0.028352
0.028070
0.027704
0.027389
0.027076
0.026814
0.026459
0.026168
0.025812
0.025546
0.025289
0.024955
0.024686
0.024426
0.024085
0.023875
0.023569
0.023268
0.023039
0.022796
0.022532
0.022307
0.022029
0.021826
0.021633
0.021292
0.021103
0.020851
0.020525
0.020435
0.020254
0.020058
0.019762
0.019556
0.019435
0.019164
0.018971
0.018859
0.018548
0.018389
0.018247
0.018118
0.017899
0.017624
0.017561
0.017326
0.017127
0.017009
0.016869
0.016741
0.016527
0.016385
0.016268
0.016160
0.015966
0.015850
0.015630
0.015547
0.015374
0.015293
0.015128
0.014931
0.014826
0.014683
0.014591
0.014475
0.014357
0.014280
0.014114
0.014027
0.013873
0.013760
0.013642
0.013535
0.013428
0.013377
0.013301
0.013149
0.013097
0.012915
0.012885
0.012833
0.012718
0.012672
0.012541
0.012492
0.012359
0.012282
0.012230
0.012151
0.012109
0.012057
0.011978
0.011884
0.011847
0.011793
0.011755
0.011679
0.011639
0.011587
0.011482
0.011442
0.011377
0.011363
0.011326
0.011249
0.011249
0.011212
0.011158
0.011091
0.011091
0.011026
0.010935
0.010935
0.010898
0.010898
0.010816
0.010801
0.010735
0.010735
0.010658
0.010658
0.010620
0.010579
0.010539
0.010502
0.010502
0.010464
0.010425
0.010373
0.010373
0.010336
0.010336
0.010296
0.010259
0.010244
0.010207
0.010207
0.010167
0.010130
0.010130
0.010130
0.010078
0.010039
0.010039
0.010001
0.010001
0.009964
0.009964
0.009925
0.009910
0.009873
0.009873
0.009873
0.009831
0.009831
0.009791
0.009754
0.009739
0.009739
0.009702
0.009702
0.009702
0.009662
0.009625
0.009625
0.009625
0.009611
0.009573
0.009573
0.009573
0.009533
0.009496
0.009496
0.009535
0.009535
0.009498
0.009498
0.009444
0.009444
0.009444
0.009407
0.009407
0.009407
0.009407
0.009369
0.009369
0.009369
0.009369
0.009369
0.009332
0.009318
0.009318
0.009318
0.009318
0.009318
0.009280
0.009280
0.009280
0.009280
0.009280
0.009280
0.009243
0.009243
0.009243
0.009243
0.009229
0.009229
0.009191
0.009191
0.009191
0.009191
0.009191
0.009191
0.009191
0.009154
0.009154
0.009154
0.009154
0.009154
0.009154
0.009154
0.009117
0.009117
0.009117
0.009103
0.009103
0.009103
0.009103
0.009103
0.009103
0.009103
0.009103
0.009103
0.009103
0.009103
0.009103
0.009103
0.009103
0.009103
0.009103
0.009103
0.009103
0.009103
0.009103
0.009103
0.009103
0.009103
0.009103
0.009103
0.009103
0.009103
0.009103
0.009103
0.009103
0.009103
0.009103
0.009103
0.009103
0.009103
0.009103
0.009103
0.009103
0.009103
0.009103
0.009103
0.009103
0.009103
0.009103
0.009103
0.009103
0.009103
0.009103
0.009103
0.009103
0.009103
0.009103
0.009103
0.009103
0.009103
0.009103
0.009103
0.009103
0.009103
0.009103
0.009103
0.009103
0.009103
0.009103
0.009103
0.009103
0.009103
0.009103
0.009103
0.009103
0.009103
0.009103
0.009103
0.009103
