0.535577
0.535577
0.535577
0.535577
0.535577
0.535577
0.535577
0.535577
0.535577
0.535577
0.535577
0.535577
0.535577
0.535577
0.535577
0.535577
0.535577
0.535577
0.535577
0.535577
0.535577
0.535577
0.535608
0.535518
0.535367
0.535014
0.534279
0.533167
0.531322
0.529287
0.526434
0.523194
0.519712
0.516303
0.512826
0.509441
0.506342
0.503080
0.499617
0.496141
0.492821
0.489108
0.485506
0.481880
0.478288
0.474700
0.471315
0.467648
0.464193
0.460720
0.457093
0.453549
0.450014
0.446541
0.442981
0.439544
0.436036
0.432468
0.429001
0.425594
0.422073
0.418586
0.415107
0.411670
0.408109
0.404761
0.401309
0.397652
0.394365
0.390937
0.387524
0.384182
0.380756
0.377315
0.373941
0.370610
0.367181
0.363906
0.360511
0.357275
0.354055
0.350547
0.347321
0.344013
0.340627
0.337427
0.334087
0.331029
0.327709
0.324571
0.321291
0.318088
0.314954
0.311700
0.308507
0.305523
0.302247
0.299116
0.296205
0.293113
0.290023
0.286869
0.283734
0.280864
0.277702
0.274676
0.271685
0.268849
0.265783
0.262824
0.259904
0.256962
0.254117
0.251110
0.248300
0.245390
0.242718
0.240060
0.237203
0.234382
0.231618
0.228861
0.226286
0.223495
0.220904
0.218201
0.215714
0.213018
0.210339
0.207759
0.205275
0.202879
0.200309
0.197957
0.195516
0.193184
0.190744
0.188271
0.186037
0.183713
0.181272
0.179088
0.177014
0.174676
0.172565
0.170330
0.168275
0.166027
0.163949
0.161929
0.159861
0.157792
0.155595
0.153804
0.151690
0.149659
0.147839
0.145830
0.143957
0.141995
0.140258
0.138483
0.136641
0.134812
0.133143
0.131299
0.129714
0.127981
0.126225
0.124676
0.123026
0.121329
0.119793
0.118336
0.116669
0.115110
0.113682
0.112227
0.110799
0.109249
0.107938
0.106623
0.104959
0.103792
0.102414
0.101038
0.099730
0.098550
0.097153
0.096075
0.094544
0.093441
0.092262
0.091041
0.089814
0.088612
0.087525
0.086377
0.085276
0.084157
0.082966
0.081948
0.080959
0.079791
0.078684
0.077783
0.076869
0.075776
0.074812
0.073733
0.072985
0.071889
0.070996
0.070199
0.069190
0.068324
0.067340
0.066559
0.065719
0.064736
0.063992
0.063068
0.062332
0.061472
0.060851
0.059835
0.059046
0.058302
0.057450
0.056834
0.056197
0.055376
0.054636
0.054040
0.053237
0.052579
0.051944
0.051275
0.050579
0.049900
0.049201
0.048620
0.048012
0.047396
0.046855
0.046181
0.045594
0.045036
0.044379
0.043833
0.043337
0.042790
0.042165
0.041418
0.041202
0.040585
0.040000
0.039555
0.039094
0.038658
0.038097
0.037689
0.037055
0.036742
0.036240
0.035678
0.035312
0.034808
0.034483
0.034034
0.033439
0.033135
0.032712
0.032333
0.031897
0.031577
0.031125
0.030744
0.030322
0.030062
0.029539
0.029189
0.028901
0.028587
0.028183
0.027795
0.027626
0.027138
0.026825
0.026478
0.026258
0.025762
0.025481
0.025270
0.025023
0.024616
0.024229
0.024053
0.023713
0.023470
0.023150
0.022861
0.022615
0.022291
0.022040
0.021683
0.021683
0.021193
0.020997
0.020918
0.020554
0.020240
0.020049
0.019754
0.019577
0.019313
0.018997
0.018907
0.018755
0.018414
0.018316
0.018031
0.017888
0.017653
0.017484
0.017232
0.017007
0.016832
0.016715
0.016437
0.016245
0.016184
0.015984
0.015712
0.015546
0.015453
0.015399
0.015187
0.014931
0.014761
0.014672
0.014527
0.014330
0.014150
0.014044
0.013839
0.013802
0.013676
0.013530
0.013255
0.013158
0.013000
0.012943
0.012898
0.012674
0.012477
0.012382
0.012382
0.012364
0.012158
0.012068
0.011870
0.011808
0.011644
0.011588
0.011531
0.011485
0.011395
0.011226
0.011183
0.011095
0.010951
0.010848
0.010782
0.010798
0.010798
0.010690
0.010439
0.010361
0.010361
0.010324
0.010271
0.010225
0.010175
0.010119
0.010063
0.010005
0.009872
0.009844
0.009793
0.009793
0.009736
0.009690
0.009637
0.009637
0.009555
0.009517
0.009517
0.009517
0.009464
0.009464
0.009464
0.009414
0.009414
0.009414
0.009376
0.009290
0.009290
0.009290
0.009290
0.009240
0.009240
0.009240
0.009187
0.009187
0.009187
0.009151
0.009151
0.009100
0.009067
0.009067
0.009067
0.009013
0.009013
0.009013
0.009013
0.009013
0.009013
0.009013
0.009013
0.009013
0.009013
0.009013
0.009013
0.009013
0.009013
0.009013
0.009013
0.009013
0.009013
0.009013
0.009013
0.009013
0.009013
0.009013
0.009013
0.009013
0.009013
0.009013
0.009013
0.009013
0.009013
0.009013
0.009013
0.009013
0.009013
0.009013
0.009013
0.009013
0.009013
0.009013
0.009013
0.009013
0.009013
0.009013
0.009013
0.009013
0.009013
0.009013
0.009013
0.009013
0.009013
0.009013
0.009013
0.009013
0.009013
0.009013
0.009013
0.009013
0.009013
0.009013
0.009013
0.009013
0.009013
0.009013
0.009013
0.009013
0.009013
0.009013
0.009013
0.009013
0.009013
0.009013
0.009013
0.009013
0.009013
0.009013
0.009013
0.009013
0.009013
0.009013
0.009013
0.009013
0.009013
0.009013
0.009013
0.009013
0.009013
0.009013
0.009013
0.009013
0.009013
0.009013
0.009013
0.009013
0.009013
0.009013
0.009013
0.009013
0.009013
0.009013
0.009013
0.009013
0.009013
0.009013
0.009013
0.009013
0.009013
0.009013
0.009013
0.009013
0.009013
0.009013
0.009013
0.009013
0.009013
0.009013
0.009013
0.009013
0.009013
0.009013
0.009013
0.009013
0.009013
0.009013
0.009013
0.009013
0.009013
0.009013
0.009013
0.009013
0.009013
0.009013
0.009013
0.009013
0.009013
0.009013
0.009013
0.009013
0.009013
0.009013
0.009013
0.009013
0.009013
0.009013
0.009013
0.009013
0.009013
0.009013
0.009013
0.009013
0.009013
0.009013
0.009013
0.009013
0.009013
0.009013
0.009013
0.009013
0.009013
0.009013
0.009013
0.009013
0.009013
0.009013
0.009013
0.009013
0.009013
0.009013
0.009013
0.009013
0.009013
0.009013
0.009013
0.009013
0.009013
0.009013
0.009013
0.009013
0.009013
0.009013
0.009013
0.009013
0.009013
0.009013
0.009013
0.009013
0.009013
0.009013
0.009013
0.009013
0.009013
0.009013
0.009013
0.009013
0.009013
0.009013
0.009013
0.009013
0.009013
0.009013
0.009013
0.009013
0.009013
0.009013
0.009013
0.009013
0.009013
0.009013
0.009013
0.009013
0.009013
0.009013
0.009013
0.009013
0.009013
0.009013
0.009013
0.009013
0.009013
0.009013
0.009013
0.009013
0.009013
0.009013
0.009013
0.009013
0.009013
0.009013
0.009013
0.009013
0.009013
0.009013
0.009013
0.009013
0.009013
0.009013
0.009013
0.009013
0.009013
0.009013
0.009013
0.009013
0.009013
0.009013
0.009013
0.009013
0.009013
0.009013
0.009013
0.009013
0.009013
0.009013
0.009013
0.009013
0.009013
0.009013
0.009013
0.009013
0.009013
0.009013
0.009013
0.009013
0.009013
0.009013
0.009013
0.009013
0.009013
0.009013
0.009013
0.009013
0.009013
0.009013
0.009013
0.009013
0.009013
0.009013
0.009013
0.009013
0.009013
