1.394706
1.295415
1.096396
0.908725
0.781662
0.718651
0.696714
0.692011
0.691733
0.692054
0.692469
0.692456
0.693710
0.695232
0.696726
0.698387
0.699106
0.699938
0.700586
0.700963
0.701287
0.701088
0.700812
0.700800
0.701154
0.701613
0.702454
0.702968
0.703385
0.703756
0.703672
0.703087
0.702140
0.701214
0.700610
0.699746
0.699444
0.699176
0.698900
0.698651
0.698368
0.698055
0.697466
0.696359
0.695797
0.694751
0.693665
0.693197
0.692601
0.692029
0.691605
0.691301
0.691045
0.690581
0.689902
0.689438
0.688500
0.687768
0.687231
0.686596
0.686396
0.685881
0.685527
0.685416
0.685008
0.684482
0.684139
0.683632
0.683410
0.682827
0.682406
0.682143
0.681687
0.681214
0.681613
0.681145
0.681031
0.680905
0.680797
0.680609
0.680283
0.679904
0.679844
0.679266
0.678901
0.678321
0.678216
0.678138
0.678549
0.678694
0.678626
0.678184
0.677622
0.676847
0.676328
0.675565
0.674793
0.674955
0.674519
0.674968
0.675650
0.676267
0.676333
0.675905
0.674961
0.674090
0.673351
0.672834
0.672363
0.672219
0.672736
0.673540
0.674534
0.675435
0.675239
0.674402
0.673559
0.672927
0.672350
0.672683
0.672504
0.672598
0.673407
0.674483
0.675037
0.675397
0.674361
0.673631
0.672777
0.672278
0.671595
0.671123
0.671700
0.672872
0.674569
0.676267
0.677389
0.677831
0.677135
0.676405
0.675260
0.674875
0.674634
0.674578
0.675012
0.676411
0.677786
0.678967
0.679556
0.678934
0.678573
0.678070
0.677699
0.677730
0.677910
0.678544
0.679647
0.681275
0.683321
0.684482
0.684790
0.684349
0.684055
0.683848
0.683882
0.684522
0.685054
0.685593
0.686785
0.688699
0.690398
0.691591
0.692119
0.692202
0.692019
0.691832
0.692161
0.692674
0.693336
0.693750
0.695588
0.697312
0.699315
0.700543
0.700576
0.700821
0.700913
0.701096
0.701732
0.702331
0.703755
0.704809
0.706267
0.707071
0.708158
0.708836
0.709409
0.710174
0.710605
0.711426
0.712680
0.713409
0.714271
0.715381
0.716379
0.717624
0.718221
0.718878
0.720160
0.720914
0.721445
0.722698
0.723293
0.723972
0.723852
0.724317
0.725692
0.727727
0.730020
0.731553
0.732777
0.733630
0.733774
0.734241
0.734398
0.734922
0.735449
0.736434
0.737015
0.737964
0.738949
0.738750
0.738787
0.738622
0.739221
0.740179
0.741428
0.742400
0.744093
0.745967
0.746861
0.747636
0.747812
0.747519
0.747951
0.748701
0.748919
0.749122
0.749473
0.750524
0.751477
0.753246
0.755320
0.756129
0.756743
0.757166
0.756788
0.756853
0.757155
0.757981
0.758272
0.758544
0.759498
0.760187
0.761218
0.763100
0.765016
0.766472
0.767075
0.766877
0.766730
0.766610
0.766345
0.766424
0.766453
0.766770
0.767898
0.769236
0.770485
0.771198
0.771127
0.770680
0.770301
0.770029
0.771204
0.771415
0.771270
0.771569
0.772527
0.774107
0.776107
0.777492
0.778225
0.778774
0.778723
0.779127
0.779794
0.779711
0.779669
0.780014
0.780716
0.781374
0.783450
0.785533
0.786456
0.786925
0.786790
0.786729
0.786709
0.787179
0.788249
0.788456
0.787906
0.788324
0.788986
0.790569
0.792620
0.794098
0.794517
0.794366
0.794534
0.795010
0.795661
0.795817
0.796366
0.797224
0.798226
0.798663
0.799786
0.800738
0.801560
0.800823
0.800175
0.799317
0.798818
0.798926
0.799169
0.799646
0.800187
0.801166
0.802573
0.804480
0.806352
0.807677
0.807159
0.806614
0.805669
0.805324
0.805445
0.805181
0.805489
0.805220
0.805956
0.806632
0.807795
0.809216
0.809105
0.808811
0.808569
0.807605
0.806878
0.807062
0.806645
0.806584
0.806591
0.807377
0.808605
0.810226
0.811799
0.812394
0.812788
0.812344
0.812524
0.812010
0.811830
0.811161
0.810990
0.811394
0.812204
0.814386
0.816398
0.817233
0.817122
0.815961
0.814980
0.814233
0.813169
0.812431
0.811814
0.812180
0.813037
0.814511
0.816246
0.817798
0.817928
0.818011
0.817749
0.816946
0.816018
0.814803
0.814198
0.814453
0.815121
0.816550
0.818422
0.819650
0.820435
0.820138
0.819720
0.819372
0.818666
0.818083
0.817420
0.817829
0.818378
0.819080
0.820102
0.820217
0.820979
0.820791
0.821393
0.821541
0.821217
0.820010
0.819442
0.819222
0.819794
0.820018
0.821251
0.822082
0.822232
0.822209
0.822000
0.821888
0.821513
0.821582
0.820788
0.820165
0.819943
0.819371
0.820333
0.821514
0.822578
0.822977
0.822451
0.821989
0.821442
0.821344
0.821582
0.822278
0.822368
0.822821
0.823148
0.823024
0.822906
0.822608
0.822255
0.822836
0.823025
0.823321
0.823413
0.822984
0.822644
0.822747
0.822845
0.822306
0.821259
0.820451
0.820528
0.821147
0.822266
0.823411
0.823760
0.823305
0.822025
0.820582
0.819926
0.819657
0.819729
0.819200
0.819358
0.819561
0.820742
0.821655
0.821678
0.821134
0.820062
0.819792
0.818847
0.819279
0.818857
0.818293
0.818584
0.818650
0.819556
0.820896
0.820906
0.820707
0.820154
0.819802
0.818742
0.818103
0.817714
0.817559
0.817982
0.818164
0.818652
0.819475
0.820046
0.819459
0.818316
0.817544
0.817062
0.816653
0.817222
0.816467
0.816159
0.816289
0.817012
0.817830
0.818244
0.818251
0.817842
0.816967
0.816469
0.816290
0.815897
0.815997
0.816566
0.816901
0.816867
0.817421
0.817274
0.816747
0.817188
0.816954
0.817065
0.817365
0.817459
0.817035
0.816047
0.815419
0.815874
0.816853
0.818006
0.819316
0.819728
0.819330
0.819361
0.819073
0.819062
0.819194
0.818913
0.818571
0.818547
0.819266
0.820561
0.822440
0.823761
0.824279
0.824473
0.823934
0.823787
0.823878
0.824327
0.825172
0.825708
0.826534
0.826975
0.827634
0.827866
0.828503
0.828756
0.829064
0.829132
0.829177
0.828216
0.828506
0.828452
0.829046
0.830268
0.831948
0.832918
0.833443
0.833667
0.833261
0.833375
0.833162
0.833293
0.833953
0.834316
0.835124
0.835168
0.835577
0.835650
0.836209
0.835890
0.835225
0.834645
0.833957
0.833798
0.834000
0.835121
0.836446
0.837718
0.837907
0.837149
0.836479
0.836124
0.836114
0.835911
0.835784
0.835334
0.835108
0.835329
0.836452
0.837895
0.838542
0.838918
0.838335
0.837747
0.837135
0.837088
0.837591
0.837792
0.838362
0.838661
0.839204
0.839312
0.839609
0.839470
0.839477
0.839846
0.839803
0.839776
0.840364
0.839556
0.838998
0.838314
0.837924
0.838348
0.839207
0.840684
0.841794
0.841995
0.841474
0.840741
0.840346
0.840017
0.840162
0.840862
0.841156
0.841868
0.842454
0.842373
0.842672
0.842746
0.842566
0.842435
0.842196
0.841351
0.840692
0.840957
0.841223
0.842369
0.843636
0.844304
0.844483
0.844303
0.843682
0.843249
0.843127
0.843319
0.843495
0.844307
0.845041
0.845102
0.845630
0.845536
0.845951
0.846027
0.845955
0.845847
0.845663
0.844686
0.844683
0.844403
0.844915
0.845882
0.847394
0.848119
0.848171
0.847908
0.847382
0.847010
0.846674
0.846756
0.847460
0.847707
0.848357
0.848478
0.848981
0.848869
0.849215
0.849182
0.848977
0.849073
0.849541
0.848867
0.848038
0.847693
0.847145
0.847627
0.848426
0.849745
0.850849
0.851067
0.850370
0.849612
0.849249
0.849085
0.848846
0.849602
0.849957
0.850694
0.850938
0.851172
0.851576
0.851841
0.851954
0.852973
0.853519
0.853463
0.853178
0.852048
0.851432
0.851508
0.851704
0.852742
0.854037
0.854585
0.854732
0.854114
0.853459
0.852829
0.852951
0.852999
0.853069
0.853663
0.853687
0.854165
0.854403
0.854338
0.854150
0.854166
0.853844
0.853910
0.854391
0.853448
0.852451
0.851574
0.851160
0.851376
0.852412
0.853731
0.854618
0.854259
0.854111
0.853398
0.852841
0.852603
0.852787
0.853198
0.853389
0.854028
0.854001
0.854634
0.854376
0.854852
0.854795
0.854759
0.855025
0.854421
0.854092
0.853574
0.853379
0.853797
0.854730
0.856028
0.856966
0.856590
0.856198
0.855576
0.855116
0.854774
0.854663
0.855445
0.855416
0.855837
0.856009
0.856283
0.855886
0.855940
0.855790
0.855714
0.855905
0.855798
0.855171
0.854565
0.854073
0.854295
0.854544
0.855461
0.856791
0.857229
0.857397
0.856719
0.856004
0.855492
0.855183
0.855472
0.855521
0.856085
0.856090
0.856618
0.856356
0.856860
0.856510
0.856523
0.856818
0.856889
0.856813
0.857332
0.856889
0.856181
0.855785
0.855685
0.856074
0.857210
0.858600
0.859566
0.859648
0.859054
0.858559
0.858041
0.857645
0.857540
0.858299
0.858491
0.858867
0.859356
0.859382
0.859268
0.859545
0.859301
0.859233
0.859513
0.859292
0.859059
0.858164
0.857666
0.857791
0.858212
0.859362
0.860280
0.860898
0.860874
0.860167
0.859668
0.859130
0.858829
0.859349
0.859512
0.860118
0.860204
0.860709
0.860895
0.861481
0.861469
0.861710
0.862344
0.862455
0.862812
0.863582
0.863329
0.862929
0.862399
0.862795
0.862598
0.863521
0.864750
0.865664
0.865719
0.865356
0.864958
0.864421
0.864634
0.864874
0.865443
0.866285
0.866760
0.867434
0.867510
0.867870
0.868053
0.868104
0.868582
0.868713
0.868946
0.869715
0.869072
0.868696
0.868442
0.868387
0.868729
0.869784
0.871050
0.872147
0.871927
0.872003
0.871363
0.871117
0.871038
0.871248
0.871798
0.872036
0.872865
0.872950
0.873378
0.873202
0.873307
0.872974
0.872547
0.872708
0.872401
0.871754
0.871840
0.871572
0.871047
0.869791
0.868983
0.868886
0.869226
0.869808
0.870873
0.871001
0.870859
0.870129
0.869624
0.869008
0.868753
0.869281
0.869498
0.870046
0.870454
0.871060
0.870945
0.871452
0.871272
0.871211
0.871638
0.871534
0.871775
0.872332
0.872190
0.872861
0.872771
0.872912
0.872590
0.871625
0.871104
0.871238
0.871647
0.872659
0.874070
0.874688
0.874811
0.874691
0.874056
0.873809
0.873105
0.872271
0.871853
0.872317
0.872803
0.873685
0.874506
0.875615
0.876182
0.876151
0.875490
0.875085
0.874922
0.874889
0.874408
0.873924
0.874120
0.873903
0.874871
0.876349
0.877491
0.877489
0.876903
0.876533
0.876161
0.875798
0.875899
0.876619
0.876793
0.877460
0.878145
0.878201
0.878641
0.878660
0.878500
0.879058
0.878956
0.879139
0.879626
0.879535
0.879698
0.880242
0.880310
0.880814
0.880265
0.879227
0.878807
0.878340
0.878523
0.879519
0.880867
0.881600
0.881848
0.882033
0.881654
0.881351
0.881393
0.881485
0.882343
0.882488
0.882807
0.882959
0.883173
0.882918
0.883133
0.882840
0.882595
0.882481
0.882617
0.882493
0.882660
0.882483
0.882280
0.882330
0.882389
0.882685
0.882585
0.882511
0.882891
0.882727
0.882178
0.881795
0.881439
0.881260
0.881641
0.882300
0.883134
0.883059
0.882938
0.882735
0.882923
0.883163
0.883154
0.883553
0.883732
0.884272
0.885137
0.886173
0.887291
0.887657
0.887471
0.887257
0.887303
0.887010
0.886856
0.887085
0.887325
0.887516
0.888293
0.889107
0.889843
0.890246
0.889949
0.889511
0.889398
0.889308
0.889223
0.889136
0.890110
0.890639
0.891327
0.892196
0.892614
0.892433
0.892608
0.892567
0.892392
0.892768
0.892389
0.893083
0.893354
0.893655
0.893880
0.894055
0.894468
0.894786
0.894508
0.895102
0.895574
0.896042
0.896354
0.896491
0.897131
0.897483
0.897766
0.898103
0.898561
0.898794
0.899179
0.899538
0.900226
0.900590
0.900893
0.901442
0.901200
0.901097
0.901483
0.901909
0.902515
0.903331
0.904048
0.904310
0.904498
0.904841
0.905104
0.905317
0.905561
0.905919
0.906828
0.907226
0.907347
0.907580
0.907620
0.907455
0.907402
0.906970
0.906616
0.906933
0.907353
0.908033
0.908319
0.907999
0.907894
0.907590
0.907421
0.906911
0.906404
0.906344
0.906773
0.907529
0.908488
0.909092
0.909055
0.908866
0.908448
0.908198
0.907899
0.908085
0.908144
0.909044
0.910103
0.910632
0.910665
0.910387
0.909624
0.908935
0.908963
0.908481
0.908537
0.909256
0.909868
0.910685
0.911119
0.911698
0.911399
0.910284
0.909019
0.907985
0.907555
0.907365
0.907216
0.907419
0.908446
0.908984
0.908790
0.908191
0.907290
0.906407
0.905857
0.905742
0.906130
0.905730
0.906633
0.907174
0.907566
0.907774
0.907369
0.906527
0.905874
0.905526
0.905324
0.905594
0.906443
0.906968
0.907984
0.909108
0.909617
0.909159
0.908432
0.907736
0.907054
0.906954
0.907108
0.907470
0.907797
0.908616
0.909257
0.910273
0.910374
0.909965
0.909043
0.908601
0.907892
0.907839
0.907829
0.908645
0.909221
0.910028
0.910400
0.910727
0.910359
0.909576
0.909206
0.908616
0.908182
0.908408
0.908794
0.909201
0.910058
0.910463
0.911167
0.910981
0.910786
0.910616
0.910141
0.909621
0.909869
0.909988
0.910357
0.910062
0.910326
0.911152
0.911751
0.912755
0.912836
0.912307
0.911951
0.911302
0.910879
0.910698
0.910681
0.910855
0.911662
0.913100
0.914251
0.914411
0.913775
0.913281
0.912351
0.911880
0.911790
0.911719
0.911922
0.912544
0.914057
0.915108
0.915433
0.915251
0.914494
0.913659
0.912965
0.912724
0.913175
0.913762
0.914709
0.915499
0.916331
0.916549
0.916363
0.916229
0.915719
0.915134
0.915255
0.915404
0.915724
0.916653
0.917487
0.918307
0.918525
0.918740
0.918543
0.918094
0.918237
0.918127
0.917525
0.917310
0.917297
0.917566
0.918331
0.919324
0.920413
0.921188
0.921051
0.920151
0.919247
0.918990
0.918681
0.918422
0.918811
0.919008
0.920652
0.922150
0.922565
0.922503
0.921941
0.921079
0.920680
0.920154
0.919712
0.920043
0.921323
0.923211
0.924550
0.925068
0.924392
0.923807
0.923009
0.922670
0.922365
0.922047
0.922194
0.923617
0.925355
0.926934
0.927008
0.926201
0.925765
0.924933
0.924698
0.924940
0.925076
0.925932
0.927060
0.928321
0.928987
0.928677
0.928479
0.927769
0.927378
0.927034
0.927832
0.928125
0.928533
0.929839
0.930972
0.931041
0.931259
0.930763
0.930416
0.929753
0.929731
0.929472
0.929362
0.929584
0.930743
0.932072
0.933503
0.933426
0.933044
0.932223
0.931614
0.931253
0.931338
0.931604
0.931829
0.932508
0.934399
0.935620
0.936125
0.936048
0.935328
0.934475
0.933957
0.934340
0.934217
0.934484
0.935468
0.936693
0.938004
0.938803
0.938374
0.937943
0.937201
0.936750
0.936792
0.937023
0.938520
0.939298
0.940217
0.940858
0.941364
0.941142
0.940480
0.940520
0.940298
0.939745
0.939356
0.939525
0.939647
0.941161
0.942590
0.943903
0.943775
0.942974
0.941819
0.941045
0.940749
0.940873
0.940456
0.940848
0.941955
0.943811
0.945026
0.945455
0.944422
0.943660
0.942437
0.942196
0.941877
0.941599
0.941906
0.943181
0.945085
0.946537
0.946479
0.945770
0.944747
0.944007
0.943385
0.944060
0.944288
0.944418
0.945223
0.946623
0.948074
0.948395
0.947883
0.947499
0.946947
0.946557
0.946631
0.946604
0.946971
0.947591
0.949308
0.950441
0.950879
0.950735
0.950124
0.949303
0.949011
0.949132
0.949462
0.949303
0.950638
0.951878
0.953085
0.953402
0.953306
0.952487
0.952176
0.951665
0.951587
0.951968
0.952812
0.953979
0.955021
0.955335
0.955269
0.955350
0.954726
0.954742
0.954328
0.954273
0.954405
0.954157
0.954702
0.955906
0.957573
0.957974
0.957534
0.957164
0.956402
0.955805
0.955502
0.955665
0.955124
0.955272
0.956781
0.958377
0.959220
0.959543
0.959147
0.958206
0.957275
0.956901
0.957101
0.957436
0.957289
0.958593
0.959987
0.961021
0.961563
0.961302
0.960660
0.960361
0.959729
0.959787
0.959765
0.959896
0.960092
0.961384
0.962535
0.963845
0.963927
0.963659
0.962400
0.961826
0.961707
0.961525
0.961529
0.961686
0.962538
0.964330
0.965672
0.965831
0.965273
0.964168
0.963468
0.963149
0.963247
0.963470
0.964394
0.965348
0.966645
0.967324
0.967272
0.966719
0.966012
0.965606
0.965607
0.965909
0.966100
0.966668
0.967793
0.968859
0.969570
0.969387
0.969273
0.968560
0.968214
0.968010
0.968839
0.968909
0.968962
0.969631
0.970844
0.971887
0.972414
0.972180
0.971587
0.971316
0.970719
0.970935
0.970804
0.970834
0.971700
0.973091
0.974683
0.975299
0.974806
0.974366
0.973490
0.972981
0.972890
0.972440
0.972714
0.973554
0.975341
0.976644
0.977347
0.977215
0.976228
0.975498
0.974722
0.974266
0.975012
0.975671
0.976848
0.977527
0.978592
0.978780
0.978694
0.978256
0.977849
0.977177
0.977345
0.977470
0.977605
0.977060
0.977503
0.978967
0.980035
0.980334
0.979642
0.979273
0.978353
0.978000
0.977631
0.977930
0.977464
0.977733
0.978731
0.980344
0.981049
0.981130
0.980637
0.979922
0.979240
0.979012
0.978895
0.978890
0.979395
0.980599
0.982092
0.983116
0.983234
0.982952
0.981908
0.981448
0.981156
0.981194
0.981457
0.981975
0.983279
0.985002
0.985769
0.986003
0.985675
0.985033
0.984172
0.984104
0.984379
0.984955
0.985065
0.985877
0.987099
0.988106
0.988484
0.988412
0.987739
0.987634
0.987419
0.987635
0.987828
0.988349
0.988825
0.989869
0.990935
0.991380
0.990764
0.990579
0.990033
0.989692
0.989799
0.990587
0.991657
0.992330
0.993462
0.993955
0.994293
0.994062
0.993555
0.993470
0.993369
0.993515
0.994192
0.994085
0.994923
0.996348
0.997092
0.997676
0.997583
0.996983
0.996309
0.995958
0.996043
0.996515
0.996734
0.997482
0.998117
0.999387
0.999932
1.000253
0.999815
0.999290
0.998692
0.998515
0.999120
0.999393
1.000039
1.000663
1.001646
1.002851
1.003071
1.002837
1.002517
1.002134
1.002038
1.002180
1.002724
1.004084
1.004907
1.006020
1.006471
1.007107
1.006668
1.006470
1.006224
1.006018
1.006103
1.006603
1.006520
1.007034
1.007649
1.008562
1.008860
1.008816
1.008468
1.007547
1.006880
1.006459
1.006387
1.006523
1.006907
1.008023
1.009167
1.009758
1.009830
1.009479
1.008640
1.008055
1.007772
1.007672
1.007798
1.008050
1.009275
1.010505
1.011593
1.011576
1.011482
1.010647
1.010009
1.009644
1.009922
1.010219
1.010530
1.011324
1.012714
1.013600
1.013946
1.013870
1.013094
1.012349
1.012357
1.012419
1.012872
1.013629
1.014822
1.015445
1.015801
1.015875
1.015778
1.015252
1.014722
1.014870
1.014962
1.014926
1.015000
1.015809
1.016834
1.017866
1.018259
1.017690
1.017297
1.016615
1.016032
1.015997
1.015847
1.015985
1.016365
1.017563
1.018542
1.019225
1.019127
1.018691
1.017792
1.017084
1.016741
1.016914
1.017629
1.017836
1.019028
1.020182
1.020752
1.020885
1.020315
1.019902
1.019246
1.019047
1.019159
1.020147
1.020816
1.021548
1.022552
1.022655
1.022942
1.022649
1.022099
1.022046
1.021890
1.022400
1.022387
1.022288
1.023061
1.024126
1.025184
1.025569
1.025563
1.024829
1.024074
1.023571
1.023822
1.023727
1.023703
1.024085
1.025104
1.026536
1.027716
1.027792
1.027046
1.026227
1.025555
1.025197
1.025389
1.025107
1.025186
1.025920
1.027161
1.028583
1.029410
1.029164
1.028302
1.027310
1.026892
1.026737
1.026966
1.027010
1.027813
1.029650
1.030642
1.031095
1.031066
1.030357
1.029908
1.029480
1.029605
1.029407
1.029759
1.030436
1.031787
1.033089
1.033654
1.033178
1.032964
1.032193
1.031692
1.031582
1.031749
1.031892
1.032535
1.034361
1.035394
1.035926
1.035944
1.035320
1.034428
1.033975
1.033891
1.034214
1.034072
1.034363
1.035504
1.037046
1.037816
1.038328
1.037760
1.036728
1.036175
1.035953
1.036085
1.035848
1.036072
1.037507
1.039027
1.039948
1.040050
1.039904
1.038834
1.038160
1.038073
1.038146
1.038781
1.038806
1.039763
1.041120
1.042457
1.042798
1.042182
1.041920
1.041292
1.040999
1.041011
1.041187
1.041341
1.042068
1.043421
1.044791
1.045150
1.044887
1.044316
1.043624
1.043160
1.043192
1.043648
1.043637
1.044058
1.045935
1.047075
1.047440
1.047420
1.046786
1.046045
1.045562
1.045346
1.044857
1.045063
1.045790
1.047202
1.048522
1.049243
1.049708
1.048712
1.047917
1.047098
1.046801
1.046880
1.046992
1.047337
1.048737
1.050109
1.050962
1.051129
1.050826
1.049833
1.049059
1.048801
1.048533
1.048571
1.048929
1.050239
1.051883
1.052910
1.053061
1.052674
1.051845
1.051168
1.050826
1.051006
1.051744
1.051991
1.053255
1.054650
1.055398
1.055556
1.055062
1.054780
1.054301
1.054075
1.054287
1.055422
1.056170
1.057449
1.058021
1.058266
1.058528
1.058202
1.058218
1.057949
1.057612
1.058278
1.058457
1.058646
1.059216
1.060441
1.061348
1.061803
1.061586
1.060936
1.060383
1.059986
1.060322
1.060211
1.060443
1.060558
1.061526
1.062882
1.064114
1.064253
1.063657
1.062592
1.061890
1.062112
1.062239
1.062352
1.062602
1.063336
1.064478
1.065963
1.066277
1.066078
1.065298
1.064579
1.064140
1.064356
1.064930
1.066125
1.066948
1.068041
1.068354
1.068671
1.068299
1.068177
1.067773
1.067551
1.068119
1.068532
1.069332
1.070495
1.071120
1.071374
1.071853
1.071546
1.071526
1.071067
1.070941
1.070767
1.070226
1.070221
1.070940
1.072182
1.073691
1.074389
1.074458
1.073886
1.073097
1.072408
1.072064
1.071965
1.071971
1.072375
1.073148
1.074320
1.075598
1.076050
1.075756
1.075122
1.074235
1.073815
1.073125
1.072689
1.072888
1.073725
1.075093
1.076728
1.077613
1.077533
1.076383
1.075570
1.074862
1.074866
1.074834
1.074975
1.075874
1.077808
1.078893
1.079417
1.079479
1.078622
1.078197
1.077726
1.077670
1.078136
1.079046
1.080387
1.081167
1.081999
1.081981
1.082100
1.081761
1.081267
1.081245
1.081361
1.081878
1.082581
1.083294
1.084180
1.084485
1.084310
1.084510
1.084049
1.084155
1.083701
1.083762
1.083835
1.083226
1.083037
1.084082
1.085150
1.086293
1.086650
1.086451
1.085454
1.084840
1.084552
1.083900
1.083796
1.083937
1.084615
1.086318
1.087796
1.087999
1.087770
1.086901
1.085789
1.085308
1.085384
1.085336
1.085188
1.085987
1.087606
1.088757
1.089098
1.089203
1.088323
1.087552
1.086992
1.086843
1.087517
1.088150
1.089317
1.090023
1.090806
1.090759
1.090812
1.090240
1.089786
1.089907
1.089647
1.089430
1.089233
1.089181
1.089986
1.091361
1.092547
1.093070
1.092441
1.091432
1.090680
1.090871
1.090352
1.089771
1.090003
1.090552
1.091776
1.093068
1.093915
1.093961
1.093040
1.092145
1.091471
1.090861
1.090559
1.090678
1.091151
1.092679
1.094260
1.094969
1.094844
1.094348
1.093354
1.092640
1.092408
1.092291
1.092211
1.093052
1.094406
1.095772
1.096472
1.096472
1.095785
1.094858
1.094344
1.094215
1.094902
1.095562
1.096431
1.097257
1.098074
1.098201
1.098050
1.097811
1.097332
1.097188
1.097502
1.097558
1.098223
1.099175
1.099781
1.100254
1.100391
1.100263
1.100187
1.099641
1.099526
1.099866
1.099483
1.099233
1.099378
1.099997
1.101558
1.102316
1.102780
1.102543
1.101702
1.100948
1.100432
1.100251
1.099716
1.099901
1.100566
1.101727
1.103274
1.104254
1.104210
1.103499
1.102445
1.101596
1.101368
1.101710
1.102319
1.102908
1.104257
1.105257
1.105676
1.105374
1.105273
1.104466
1.104102
1.103807
1.104138
1.104884
1.105657
1.106814
1.107055
1.107596
1.107462
1.106949
1.106844
1.105549
1.103856
1.102386
1.100393
1.099127
1.098115
1.097693
1.097779
1.096828
1.095509
1.093727
1.091564
1.089652
1.088281
1.087156
1.086524
1.086066
1.085596
1.084487
1.083295
1.081427
1.079638
1.077581
1.075648
1.073970
1.072928
1.071694
1.070783
1.069414
1.067958
1.066271
1.064124
1.061818
1.059964
1.057885
1.056059
1.054380
1.052741
1.051466
1.049874
1.048159
1.046708
1.044475
1.042651
1.040540
1.038078
1.036421
1.034389
1.032584
1.031210
1.029430
1.027788
1.026333
1.024527
1.022782
1.020706
1.018455
1.016794
1.014814
1.012882
1.011254
1.009539
1.008114
1.006458
1.004688
1.003119
1.001278
0.999050
0.997284
0.995338
0.993341
0.991761
0.989865
0.988378
0.986532
0.984740
0.983478
0.981556
0.979757
0.978351
0.976299
0.974784
0.972959
0.970918
0.969283
0.967485
0.965567
0.964189
0.962430
0.960728
0.959348
0.957644
0.956252
0.954495
0.952496
0.951166
0.949168
0.947319
0.946010
0.944062
0.942809
0.941110
0.939169
0.938067
0.936282
0.934583
0.933331
0.931565
0.930024
0.928408
0.926447
0.925076
0.923460
0.921613
0.920335
0.918697
0.916951
0.915615
0.913830
0.912585
0.910880
0.909151
0.907668
0.906119
0.904330
0.903017
0.901188
0.900027
0.898214
0.896666
0.895153
0.893385
0.891747
0.890354
0.888775
0.887047
0.885654
0.883926
0.882513
0.880899
0.879148
0.877748
0.876076
0.874383
0.872960
0.871225
0.869976
0.868193
0.866477
0.865195
0.863501
0.861692
0.860401
0.858543
0.856931
0.855477
0.853783
0.852502
0.850691
0.848968
0.847711
0.845995
0.844135
0.842764
0.841069
0.839698
0.838039
0.836290
0.835051
0.833375
0.831477
0.830171
0.828513
0.826684
0.825421
0.823549
0.822326
0.820551
0.818791
0.817490
0.815616
0.814008
0.812611
0.811013
0.809385
0.808007
0.806158
0.804621
0.803066
0.801178
0.800014
0.798175
0.796808
0.795049
0.793588
0.791820
0.790433
0.788642
0.787432
0.785418
0.783991
0.782417
0.780877
0.779339
0.777736
0.775971
0.774777
0.772936
0.771328
0.769894
0.768250
0.766988
0.765054
0.763488
0.762141
0.760404
0.758614
0.757329
0.755616
0.754045
0.752609
0.750971
0.749671
0.747880
0.746141
0.744971
0.743167
0.741403
0.740221
0.738368
0.737259
0.735406
0.733692
0.732451
0.730668
0.729001
0.727789
0.725934
0.724344
0.722906
0.721217
0.720064
0.718322
0.716532
0.715309
0.713471
0.711878
0.710582
0.708776
0.707568
0.705885
0.704128
0.702765
0.701128
0.699365
0.698224
0.696495
0.694703
0.693645
0.691859
0.690780
0.689084
0.687406
0.686301
0.684633
0.683018
0.681955
0.680228
0.679261
0.677640
0.676778
0.676561
0.676108
0.675187
0.673798
0.672676
0.671230
0.670367
0.669714
0.669229
0.668934
0.667989
0.667568
0.667101
0.666509
0.666242
0.665266
0.664568
0.664385
0.663997
0.662993
0.662721
0.662637
0.662053
0.661649
0.661314
0.660964
0.660722
0.660098
0.659844
0.659680
0.658989
0.658956
0.658855
0.658683
0.658388
0.658307
0.658321
0.658062
0.657709
0.657442
0.657281
0.657213
0.656956
0.657167
0.657294
0.657305
0.657080
0.657547
0.657517
0.657571
0.657241
0.657212
0.657350
0.656927
0.657071
0.657133
0.657616
0.657693
0.657797
0.658157
0.658383
0.658612
0.658877
0.659018
0.659077
0.659026
0.659295
0.659567
0.659740
0.659838
0.660464
0.660800
0.660937
0.661165
0.661510
0.661817
0.661922
0.662370
0.662248
0.661637
0.661267
0.661419
0.661599
0.661991
0.662301
0.662223
0.661985
0.661888
0.661490
0.661381
0.661038
0.660715
0.660994
0.661080
0.661218
0.661123
0.661109
0.661191
0.661061
0.660586
0.660736
0.660453
0.660353
0.660545
0.660361
0.660639
0.660498
0.660294
0.660637
0.660554
0.660521
0.660709
0.660670
0.660680
0.660590
0.660516
0.660627
0.660537
0.660286
0.660483
0.660458
0.660159
0.660434
0.660182
0.660504
0.660271
0.660043
0.660229
0.660055
0.660023
0.660290
0.660115
0.660315
0.660351
0.660417
0.660646
0.660672
0.660734
0.661334
0.661307
0.661384
0.661669
0.661783
0.662148
0.661569
0.661548
0.661720
0.661641
0.661441
0.661791
0.661556
0.661881
0.661629
0.661491
0.661571
0.661276
0.661072
0.661072
0.660769
0.660531
0.660621
0.660443
0.660271
0.660126
0.659839
0.659903
0.659775
0.659162
0.659380
0.658971
0.659212
0.658887
0.658655
0.658602
0.658548
0.658078
0.658381
0.658067
0.657751
0.657971
0.657550
0.657897
0.657396
0.657453
0.657345
0.657293
0.656973
0.657056
0.657201
0.657176
0.657126
0.656629
0.657064
0.656839
0.656732
0.656893
0.656698
0.657059
0.656793
0.656697
0.656851
0.656852
0.656907
0.656799
0.656853
0.656826
0.656981
0.656964
0.657044
0.657120
0.657021
0.657241
0.657317
0.657020
0.657392
0.657335
0.657708
0.657678
0.657500
0.657843
0.657722
0.657797
0.658135
0.658052
0.658021
0.658398
0.658281
0.658730
0.658623
0.658665
0.659065
0.658952
0.659118
0.659202
0.659299
0.659932
0.659730
0.659834
0.660281
0.660242
0.660378
0.660593
0.660760
0.660923
0.661136
0.661226
0.661686
0.661556
0.661755
0.662133
0.662122
0.662271
0.662647
0.662761
0.663235
0.663229
0.663402
0.663818
0.663871
0.663925
0.664288
0.664489
0.664666
0.664980
0.665095
0.665467
0.665739
0.665833
0.666160
0.666415
0.666523
0.667004
0.667142
0.667597
0.667649
0.667930
0.668251
0.668446
0.668627
0.669027
0.669267
0.669753
0.669728
0.670073
0.670349
0.670589
0.670840
0.671128
0.671429
0.671521
0.671973
0.672244
0.672756
0.672791
0.673194
0.673624
0.673748
0.673889
0.674316
0.674573
0.675134
0.675135
0.675131
0.675788
0.675820
0.675934
0.676395
0.676562
0.676790
0.677314
0.677397
0.677967
0.678177
0.678319
0.678801
0.679011
0.678976
0.679618
0.679853
0.680246
0.680371
0.680716
0.681110
0.681302
0.681441
0.681909
0.682166
0.682216
0.682770
0.682940
0.683409
0.683619
0.683787
0.684360
0.684483
0.684622
0.685089
0.685256
0.685908
0.685941
0.686109
0.686772
0.686716
0.686944
0.687501
0.687579
0.687809
0.688356
0.688435
0.689099
0.689132
0.689299
0.689874
0.689907
0.690136
0.690693
0.690860
0.691435
0.691379
0.691725
0.692205
0.692238
0.692556
0.693113
0.693103
0.693332
0.693711
0.693968
0.694632
0.694576
0.694922
0.695408
0.695442
0.695759
0.696050
0.696307
0.697060
0.696915
0.697173
0.697837
0.697781
0.698006
0.698564
0.698643
0.699308
0.699341
0.699509
0.700174
0.700207
0.700375
0.700905
0.701073
0.701213
0.701682
0.701939
0.702515
0.702548
0.702628
0.703335
0.703415
0.703424
0.704113
0.704150
0.704722
0.704801
0.705017
0.705589
0.705668
0.705855
0.706366
0.706404
0.706722
0.707144
0.707271
0.707843
0.707833
0.708138
0.708621
0.708658
0.708976
0.709399
0.709525
0.710275
0.710177
0.710393
0.711052
0.710912
0.711231
0.711831
0.711780
0.712009
0.712610
0.712647
0.713219
0.713477
0.713426
0.714087
0.714214
0.714176
0.714955
0.714993
0.715476
0.715823
0.715772
0.716344
0.716649
0.716523
0.717212
0.717428
0.717391
0.718080
0.718207
0.718601
0.718907
0.718809
0.719470
0.719686
0.719649
0.720339
0.720466
0.720860
0.721207
0.721335
0.721729
0.721945
0.721997
0.722597
0.722725
0.723208
0.723466
0.723505
0.724077
0.724204
0.724196
0.724857
0.724984
0.725037
0.725726
0.725765
0.726337
0.726507
0.726456
0.727206
0.727245
0.727297
0.728076
0.727936
0.728598
0.728946
0.728717
0.729467
0.729595
0.729558
0.730337
0.730287
0.730428
0.731207
0.731068
0.731729
0.731988
0.731849
0.732599
0.731249
0.730017
0.729085
0.728762
0.729122
0.730899
0.733036
0.734359
0.734197
0.734151
0.733034
0.732613
0.732263
0.732343
0.733343
0.733570
0.734522
0.734980
0.735509
0.735633
0.736047
0.735864
0.736107
0.736641
0.736629
0.736818
0.737656
0.737625
0.738422
0.738593
0.738496
0.739241
0.739266
0.739300
0.738766
0.736986
0.736079
0.736226
0.736592
0.738448
0.740498
0.741529
0.741745
0.741450
0.740611
0.740169
0.739883
0.740113
0.740439
0.741369
0.742292
0.742711
0.743296
0.743214
0.743327
0.743858
0.743804
0.743919
0.744535
0.744699
0.744937
0.745625
0.745704
0.746293
0.746556
0.746611
0.747085
0.747361
0.747532
0.746615
0.744965
0.744253
0.744388
0.744646
0.746442
0.748754
0.749694
0.749817
0.749694
0.748913
0.748234
0.748105
0.748284
0.748618
0.749623
0.750546
0.750760
0.751434
0.751558
0.751671
0.752020
0.752030
0.752352
0.752786
0.752956
0.753784
0.753793
0.753962
0.754723
0.754725
0.754870
0.755516
0.754392
0.753006
0.752233
0.751970
0.752382
0.754103
0.756310
0.757754
0.757840
0.757251
0.756571
0.755966
0.755798
0.755920
0.756845
0.757159
0.758202
0.758999
0.759179
0.759303
0.759645
0.759730
0.759776
0.760329
0.760497
0.760703
0.761348
0.761510
0.762116
0.762347
0.762561
0.763114
0.761803
0.760681
0.759656
0.759554
0.759782
0.761767
0.763994
0.765162
0.765516
0.764907
0.764136
0.763441
0.763387
0.763489
0.764238
0.764899
0.765793
0.766571
0.766770
0.766806
0.767306
0.767302
0.767368
0.767902
0.768158
0.768281
0.768922
0.769192
0.769779
0.769921
0.770155
0.770689
0.769485
0.768187
0.767408
0.767052
0.767552
0.769274
0.771494
0.772932
0.772623
0.772404
0.771740
0.771202
0.770883
0.771080
0.772020
0.772328
0.773296
0.773777
0.774539
0.774221
0.774824
0.774983
0.774695
0.775420
0.775752
0.775889
0.776427
0.776787
0.777476
0.777338
0.777662
0.776965
0.775129
0.774392
0.774441
0.774888
0.776799
0.778829
0.779874
0.780261
0.779548
0.779100
0.778194
0.778441
0.778550
0.778968
0.779974
0.780328
0.781246
0.781802
0.781956
0.781952
0.782277
0.782401
0.782548
0.783134
0.783449
0.783739
0.784258
0.784517
0.785077
0.783993
0.782633
0.781805
0.781574
0.781888
0.783698
0.785832
0.786877
0.787344
0.786945
0.786160
0.785655
0.785513
0.785609
0.786139
0.787145
0.787812
0.788211
0.788982
0.789010
0.789342
0.789457
0.789684
0.789543
0.790227
0.790503
0.791050
0.791321
0.791602
0.792170
0.792189
0.791502
0.789791
0.789016
0.789153
0.789511
0.791376
0.793630
0.794617
0.794799
0.794085
0.793416
0.792823
0.792579
0.793268
0.793677
0.794507
0.795046
0.795956
0.796216
0.796499
0.796576
0.796779
0.797064
0.797172
0.797549
0.798083
0.798196
0.798982
0.799232
0.799228
0.799859
0.798823
0.797334
0.796649
0.796301
0.796704
0.798525
0.800640
0.802159
0.802429
0.801744
0.800871
0.800454
0.800211
0.800327
0.801262
0.801754
0.802620
0.802936
0.803613
0.803738
0.804248
0.804148
0.804215
0.804846
0.804918
0.805146
0.805950
0.806222
0.806640
0.806864
0.807100
0.806316
0.804577
0.803841
0.803802
0.804335
0.806068
0.808361
0.809317
0.809613
0.808812
0.808640
0.807648
0.807882
0.808006
0.808504
0.809245
0.809782
0.810694
0.811340
0.811377
0.811404
0.811826
0.811855
0.812091
0.812686
0.812963
0.813115
0.813716
0.813975
0.814544
0.813454
0.812184
0.811276
0.811048
0.811364
0.813345
0.815472
0.816340
0.816723
0.816560
0.815773
0.815088
0.815122
0.815136
0.815983
0.816597
0.817523
0.817845
0.818429
0.818645
0.819064
0.818905
0.819134
0.819357
0.819942
0.820053
0.820767
0.820953
0.821066
0.821713
0.820504
0.819259
0.818393
0.818130
0.818533
0.820440
0.822484
0.823915
0.824186
0.823587
0.822713
0.822117
0.822061
0.822165
0.823000
0.823592
0.824461
0.825078
0.825456
0.825584
0.826082
0.825904
0.826073
0.826680
0.826764
0.826993
0.827707
0.827893
0.828390
0.828714
0.828886
0.829332
0.828129
0.827008
0.826068
0.825902
0.826227
0.828035
0.830339
0.831681
0.831938
0.831241
0.830472
0.829867
0.829726
0.829931
0.830769
0.831268
0.832151
0.832543
0.833220
0.833347
0.833671
0.833757
0.833826
0.834271
0.834531
0.834844
0.835475
0.835571
0.836335
0.836480
0.836539
0.835844
0.834194
0.833374
0.833511
0.833868
0.835778
0.837803
0.838848
0.839144
0.838610
0.838158
0.837173
0.837415
0.837621
0.837863
0.838959
0.839496
0.840232
0.840790
0.840916
0.841033
0.841358
0.841396
0.841633
0.842221
0.842330
0.842657
0.843438
0.843432
0.844082
0.844288
0.843025
0.841802
0.841030
0.840776
0.841176
0.842909
0.845112
0.846538
0.846803
0.846005
0.845346
0.844667
0.844592
0.844719
0.845645
0.846144
0.846922
0.847806
0.847979
0.848520
0.848607
0.848458
0.849090
0.849239
0.849321
0.850024
0.850355
0.850448
0.851038
0.851361
0.850578
0.848775
0.848003
0.848128
0.848575
0.850335
0.852508
0.853583
0.853848
0.852962
0.852385
0.851854
0.851624
0.852209
0.852810
0.853641
0.854094
0.854918
0.855179
0.855543
0.855720
0.855748
0.856213
0.856320
0.856519
0.857224
0.857349
0.858126
0.858299
0.858383
0.857683
0.856015
0.855017
0.855406
0.855593
0.857497
0.859716
0.860676
0.860971
0.860824
0.860069
0.859476
0.859246
0.859407
0.859772
0.860782
0.861797
0.862144
0.862616
0.862745
0.862950
0.863096
0.863326
0.863550
0.864136
0.864248
0.864577
0.865179
0.865264
0.864676
0.862920
0.862010
0.862298
0.862472
0.864450
0.866670
0.867452
0.867747
0.867227
0.866570
0.865785
0.865732
0.866331
0.866742
0.867573
0.868203
0.869027
0.869111
0.869564
0.869742
0.870242
0.870058
0.870342
0.870719
0.871069
0.871369
0.872149
0.872323
0.872319
0.871707
0.869952
0.869132
0.869343
0.869531
0.871523
0.873744
0.874702
0.874996
0.874585
0.873978
0.873207
0.873153
0.873346
0.873799
0.874541
0.875559
0.876057
0.876645
0.876685
0.876711
0.877302
0.877179
0.877311
0.878078
0.878367
0.878728
0.879121
0.879470
0.879855
0.879976
0.880299
0.879512
0.877695
0.877061
0.877113
0.877576
0.879394
0.881526
0.882575
0.882855
0.882430
0.881775
0.881139
0.881087
0.881116
0.881657
0.882577
0.883432
0.883827
0.884504
0.884722
0.884570
0.884985
0.885202
0.885260
0.885850
0.886139
0.886380
0.887071
0.887154
0.887894
0.888015
0.886745
0.885425
0.884743
0.884792
0.884993
0.886560
0.888935
0.890361
0.890451
0.889829
0.889071
0.888564
0.888232
0.889010
0.889287
0.890177
0.890836
0.891633
0.891806
0.892171
0.892349
0.892378
0.892653
0.892951
0.893151
0.893679
0.893982
0.894285
0.894874
0.894930
0.894231
0.892475
0.891830
0.891867
0.892318
0.893959
0.896265
0.897314
0.897520
0.896899
0.896053
0.895635
0.895317
0.895993
0.896326
0.897249
0.897791
0.898701
0.898789
0.899242
0.899332
0.899921
0.899738
0.899935
0.900312
0.900751
0.900963
0.901743
0.902095
0.902003
0.901304
0.899638
0.898818
0.899030
0.899305
0.901121
0.903426
0.904297
0.904593
0.904448
0.903666
0.902984
0.902843
0.903126
0.903313
0.904409
0.905427
0.905749
0.906337
0.906467
0.906581
0.906908
0.906962
0.907184
0.907774
0.907976
0.908602
0.908996
0.909080
0.909643
0.908523
0.907194
0.906420
0.906069
0.906559
0.908550
0.910593
0.911934
0.911821
0.911702
0.910831
0.910329
0.910268
0.910205
0.911131
0.911635
0.912503
0.912915
0.913592
0.913808
0.913956
0.914135
0.914307
0.914827
0.914913
0.915318
0.915859
0.915956
0.916723
0.915484
0.914386
0.913438
0.913160
0.913550
0.915439
0.917482
0.918528
0.918915
0.918695
0.917661
0.917321
0.917092
0.917120
0.917378
0.918476
0.919406
0.919635
0.920227
0.920715
0.920950
0.920802
0.920944
0.921166
0.921760
0.921866
0.922678
0.922774
0.922885
0.922572
0.920819
0.919909
0.920197
0.920371
0.922260
0.924567
0.925614
0.925733
0.925425
0.924861
0.924050
0.924029
0.923937
0.924551
0.925389
0.926407
0.926934
0.927672
0.927536
0.927563
0.928155
0.928121
0.928167
0.928934
0.929224
0.929200
0.929980
0.930330
0.930716
0.929508
