0.284653
0.284653
0.284653
0.284653
0.284653
0.284653
0.284653
0.284653
0.284653
0.284653
0.284653
0.284653
0.284653
0.284653
0.284653
0.284653
0.284653
0.284653
0.284653
0.284653
0.284653
0.284653
0.284546
0.284803
0.284526
0.284459
0.283276
0.281459
0.278856
0.275587
0.272291
0.268639
0.265204
0.262222
0.259099
0.256451
0.253384
0.250511
0.247648
0.244594
0.241375
0.238315
0.235242
0.232065
0.229209
0.226214
0.223373
0.220470
0.217844
0.214834
0.212180
0.209227
0.206562
0.203672
0.201195
0.198505
0.195982
0.193308
0.190919
0.188290
0.185815
0.183524
0.181088
0.178803
0.176405
0.174034
0.171976
0.169521
0.167453
0.165191
0.162833
0.160888
0.158799
0.156579
0.154669
0.152361
0.150603
0.148775
0.146637
0.144774
0.142970
0.140929
0.139133
0.137381
0.135610
0.133560
0.131966
0.130301
0.128549
0.127014
0.125214
0.123598
0.121870
0.120266
0.118713
0.117292
0.115644
0.114183
0.112662
0.111327
0.109776
0.108134
0.106912
0.105534
0.104087
0.102595
0.101273
0.100086
0.098683
0.097546
0.096223
0.095031
0.093572
0.092451
0.091062
0.090158
0.088730
0.087754
0.086608
0.085471
0.084433
0.083177
0.082125
0.080846
0.080157
0.078985
0.078013
0.077001
0.075789
0.074850
0.074143
0.073081
0.071912
0.070998
0.070067
0.069184
0.068236
0.067380
0.066651
0.065800
0.064818
0.064034
0.063112
0.062444
0.061493
0.060760
0.059935
0.058997
0.058472
0.057548
0.056964
0.056055
0.055396
0.054576
0.053847
0.053018
0.052425
0.051751
0.051009
0.050358
0.049734
0.049262
0.048393
0.047809
0.047021
0.046695
0.045943
0.045359
0.044799
0.044212
0.043696
0.042980
0.042501
0.042069
0.041482
0.040701
0.040303
0.039946
0.039276
0.038856
0.038178
0.037793
0.037257
0.036735
0.036315
0.035894
0.035288
0.034904
0.034594
0.034066
0.033333
0.033227
0.032454
0.032350
0.031748
0.031486
0.030896
0.030697
0.030122
0.029811
0.029456
0.029239
0.028656
0.028318
0.027783
0.027509
0.027163
0.026791
0.026441
0.026062
0.025746
0.025380
0.025163
0.024655
0.024616
0.024165
0.023795
0.023627
0.023212
0.023174
0.022601
0.022290
0.022186
0.021967
0.021645
0.021273
0.021082
0.020761
0.020540
0.020415
0.020036
0.019737
0.019536
0.019280
0.019063
0.018806
0.018590
0.018323
0.018124
0.018088
0.017617
0.017454
0.017359
0.017097
0.016771
0.016677
0.016572
0.016304
0.016083
0.015936
0.015608
0.015391
0.015173
0.015020
0.014916
0.014805
0.014700
0.014234
0.014195
0.014088
0.013815
0.013599
0.013468
0.013468
0.013358
0.013148
0.012774
0.012621
0.012621
0.012368
0.012263
0.012263
0.012058
0.012058
0.011843
0.011582
0.011524
0.011429
0.011178
0.011068
0.011068
0.010962
0.010924
0.010725
0.010614
0.010445
0.010445
0.010327
0.010327
0.010128
0.010128
0.009906
0.009906
0.009906
0.009802
0.009699
0.009546
0.009470
0.009360
0.009360
0.009360
0.009255
0.009149
0.009149
0.009055
0.009055
0.009055
0.008944
0.008841
0.008672
0.008672
0.008672
0.008576
0.008687
0.008687
0.008687
0.008544
0.008433
0.008433
0.008433
0.008433
0.008433
0.008433
0.008433
0.008433
0.008433
0.008433
0.008433
0.008433
0.008433
0.008433
0.008433
0.008433
0.008433
0.008433
0.008433
0.008433
0.008433
0.008433
0.008433
0.008433
0.008433
0.008433
0.008433
0.008433
0.008433
0.008433
0.008433
0.008433
0.008433
0.008433
0.008433
0.008433
0.008433
0.008433
0.008433
0.008433
0.008433
0.008433
0.008433
0.008433
0.008433
0.008433
0.008433
0.008433
0.008433
0.008433
0.008433
0.008433
0.008433
0.008433
0.008433
0.008433
0.008433
0.008433
0.008433
0.008433
0.008433
0.008433
0.008433
0.008433
0.008433
0.008433
0.008433
0.008433
0.008433
0.008433
0.008433
0.008433
0.008433
0.008433
0.008433
0.008433
0.008433
0.008433
0.008433
0.008433
0.008433
0.008433
0.008433
0.008433
0.008433
0.008433
0.008433
0.008433
0.008433
0.008433
0.008433
0.008433
0.008433
0.008433
0.008433
0.008433
0.008433
0.008433
0.008433
0.008433
0.008433
0.008433
0.008433
0.008433
0.008433
0.008433
0.008433
0.008433
0.008433
0.008433
0.008433
0.008433
0.008433
0.008433
0.008433
0.008433
0.008433
0.008433
0.008433
0.008433
0.008433
0.008433
0.008433
0.008433
0.008433
0.008433
0.008433
0.008433
0.008433
0.008433
0.008433
0.008433
0.008433
0.008433
0.008433
0.008433
0.008433
0.008433
0.008433
0.008433
0.008433
0.008433
0.008433
0.008433
0.008433
0.008433
0.008433
0.008433
0.008433
0.008433
0.008433
0.008433
0.008433
0.008433
0.008433
0.008433
0.008433
0.008433
0.008433
0.008433
0.008433
0.008433
0.008433
0.008433
0.008433
0.008433
0.008433
0.008433
0.008433
0.008433
0.008433
0.008433
0.008433
0.008433
0.008433
0.008433
0.008433
0.008433
0.008433
0.008433
0.008433
0.008433
0.008433
0.008433
0.008433
0.008433
0.008433
0.008433
0.008433
0.008433
0.008433
0.008433
0.008433
0.008433
0.008433
0.008433
0.008433
0.008433
0.008433
0.008433
0.008433
0.008433
0.008433
0.008433
0.008433
0.008433
0.008433
0.008433
0.008433
0.008433
0.008433
0.008433
0.008433
0.008433
0.008433
0.008433
0.008433
0.008433
0.008433
0.008433
0.008433
0.008433
0.008433
0.008433
0.008433
0.008433
0.008433
0.008433
0.008433
0.008433
0.008433
0.008433
0.008433
0.008433
0.008433
0.008433
0.008433
0.008433
0.008433
0.008433
0.008433
0.008433
0.008433
0.008433
0.008433
0.008433
0.008433
0.008433
0.008433
0.008433
0.008433
0.008433
0.008433
0.008433
0.008433
0.008433
0.008433
0.008433
0.008433
0.008433
0.008433
0.008433
0.008433
0.008433
0.008433
0.008433
0.008433
0.008433
0.008433
0.008433
0.008433
0.008433
0.008433
0.008433
0.008433
0.008433
0.008433
0.008433
0.008433
0.008433
0.008433
0.008433
0.008433
0.008433
0.008433
0.008433
0.008433
0.008433
0.008433
0.008433
0.008433
0.008433
0.008433
0.008433
0.008433
0.008433
0.008433
0.008433
0.008433
0.008433
0.008433
0.008433
0.008433
0.008433
0.008433
0.008433
0.008433
0.008433
0.008433
0.008433
0.008433
0.008433
0.008433
0.008433
0.008433
0.008433
0.008433
0.008433
0.008433
0.008433
0.008433
0.008433
0.008433
0.008433
0.008433
0.008433
0.008433
0.008433
0.008433
0.008433
0.008433
0.008433
0.008433
0.008433
0.008433
0.008433
0.008433
0.008433
0.008433
0.008433
0.008433
0.008433
0.008433
0.008433
0.008433
0.008433
0.008433
0.008433
0.008433
0.008433
0.008433
0.008433
0.008433
0.008433
0.008433
0.008433
0.008433
0.008433
0.008433
0.008433
0.008433
0.008433
0.008433
0.008433
0.008433
0.008433
0.008433
0.008433
0.008433
0.008433
0.008433
0.008433
0.008433
0.008433
0.008433
0.008433
0.008433
0.008433
0.008433
0.008433
0.008433
0.008433
0.008433
