0.212847
0.212847
0.212847
0.212847
0.212847
0.212847
0.212847
0.212847
0.212847
0.212802
0.212759
0.212717
0.212590
0.212460
0.212332
0.212182
0.212119
0.212011
0.211973
0.211846
0.211793
0.211631
0.211326
0.211089
0.210873
0.210626
0.210410
0.210286
0.210318
0.210062
0.209901
0.209696
0.209348
0.208948
0.208633
0.208372
0.208211
0.207970
0.207691
0.207284
0.207068
0.206531
0.206137
0.205833
0.205459
0.205174
0.204870
0.204825
0.204405
0.204020
0.203498
0.203061
0.202666
0.202367
0.202129
0.201658
0.201443
0.200864
0.200489
0.200126
0.199475
0.199101
0.198584
0.198347
0.197827
0.197424
0.196910
0.196406
0.195835
0.195465
0.194917
0.194349
0.193942
0.193398
0.193001
0.192466
0.191932
0.191305
0.190567
0.190068
0.189480
0.188961
0.188334
0.187839
0.187258
0.186586
0.185820
0.185132
0.184413
0.183643
0.182901
0.182212
0.181580
0.180883
0.180299
0.179628
0.179049
0.178518
0.177987
0.177573
0.177005
0.176391
0.175762
0.175264
0.174420
0.173811
0.173106
0.172569
0.171933
0.171276
0.170694
0.169921
0.169137
0.168366
0.167587
0.166708
0.165816
0.165253
0.164441
0.163691
0.162843
0.161979
0.160964
0.159974
0.159075
0.157984
0.157009
0.156073
0.155156
0.154064
0.153144
0.152087
0.150924
0.149829
0.148777
0.147560
0.146534
0.145357
0.144339
0.143260
0.142134
0.141063
0.140101
0.139011
0.138007
0.137001
0.136060
0.134981
0.134121
0.133032
0.132114
0.131260
0.130226
0.129386
0.128395
0.127511
0.126669
0.125790
0.124963
0.124047
0.123211
0.122447
0.121614
0.120726
0.119870
0.119118
0.118378
0.117445
0.116705
0.115917
0.115160
0.114448
0.113631
0.112989
0.112236
0.111558
0.110762
0.110087
0.109306
0.108641
0.107989
0.107286
0.106609
0.105897
0.105252
0.104655
0.103955
0.103139
0.102718
0.102021
0.101309
0.100750
0.100113
0.099688
0.099095
0.098511
0.097784
0.097367
0.096732
0.096033
0.095687
0.095145
0.094491
0.093955
0.093395
0.092941
0.092362
0.091812
0.091291
0.090797
0.090295
0.089628
0.089197
0.088715
0.088203
0.087666
0.087228
0.086725
0.086184
0.085814
0.085200
0.084736
0.084315
0.083889
0.083358
0.082894
0.082404
0.081995
0.081560
0.081114
0.080686
0.080165
0.079808
0.079350
0.078798
0.078445
0.078016
0.077497
0.077121
0.076667
0.076307
0.076000
0.075557
0.075197
0.074655
0.074435
0.074146
0.073639
0.073400
0.072968
0.072633
0.072340
0.071943
0.071691
0.071358
0.071043
0.070797
0.070376
0.070086
0.069839
0.069581
0.069296
0.068981
0.068690
0.068443
0.068253
0.067978
0.067709
0.067436
0.067208
0.067031
0.066766
0.066471
0.066240
0.066052
0.065798
0.065603
0.065350
0.065164
0.064961
0.064787
0.064612
0.064350
0.064100
0.064001
0.063817
0.063761
0.063531
0.063374
0.063301
0.063074
0.062976
0.062779
0.062625
0.062459
0.062349
0.062269
0.062026
0.061899
0.061719
0.061581
0.061547
0.061336
0.061249
0.061060
0.060960
0.060899
0.060723
0.060516
0.060505
0.060368
0.060269
0.060141
0.060017
0.059914
0.059782
0.059654
0.059633
0.059522
0.059361
0.059291
0.059192
0.059131
0.059028
0.058964
0.058798
0.058727
0.058502
0.058382
0.058299
0.135380
0.135313
0.135216
0.135101
0.135010
0.134920
0.134830
0.134747
0.134678
0.134601
0.134542
0.134463
0.134403
0.134321
0.134283
0.134222
0.134173
0.134058
0.134020
0.133959
0.133969
0.133885
0.133779
0.133718
0.133694
0.133656
0.133595
0.133568
0.133483
0.133440
0.133417
0.133356
0.133341
0.133292
0.133254
0.133194
0.133171
0.133133
0.133110
0.133049
0.133049
0.132981
0.132922
0.132922
0.132861
0.132861
0.132801
0.132778
0.132741
0.132741
0.132769
0.132813
0.132798
0.132788
0.132761
0.132761
0.132746
0.132745
0.132730
0.132730
0.132752
0.132691
0.132714
0.132676
0.132653
0.132638
0.132638
0.132638
0.132600
0.132600
0.055873
0.055873
0.055873
0.055835
0.055835
0.055835
0.055783
0.055749
0.055731
0.055732
0.055796
0.056001
0.056131
0.056417
0.056603
0.056785
0.056917
0.056990
0.057028
0.057088
0.057184
0.057170
0.057263
0.057390
0.057550
0.057708
0.057781
0.057729
0.057689
0.057719
0.057694
0.057643
0.057669
0.057713
0.057654
0.057576
0.057515
0.057468
0.057458
0.057318
0.057258
0.057259
0.057205
0.057143
0.057093
0.057018
0.056972
0.056846
0.056686
0.056449
0.056194
0.055945
0.055676
0.055431
0.055154
0.054893
0.054624
0.054289
0.054004
0.053708
0.053321
0.053043
0.052743
0.052394
0.052095
0.051750
0.051501
0.051195
0.050867
0.050537
0.050258
0.049978
0.049639
0.049359
0.049189
0.048919
0.048618
0.048323
0.048080
0.047804
0.047496
0.047286
0.047000
0.046672
0.046446
0.046172
0.045926
0.045632
0.045344
0.045119
0.044767
0.044521
0.044287
0.044005
0.043733
0.043492
0.043232
0.042999
0.042727
0.042485
0.042198
0.041963
0.041684
0.041411
0.041192
0.040956
0.040717
0.040419
0.040159
0.039921
0.039677
0.039424
0.039180
0.038920
0.038673
0.038296
0.038022
0.037733
0.037479
0.037269
0.036972
0.036713
0.036446
0.036169
0.035938
0.035659
0.035427
0.035192
0.034953
0.034716
0.034468
0.034216
0.033976
0.033736
0.033471
0.033256
0.033016
0.032792
0.032542
0.032329
0.032089
0.031863
0.031611
0.031394
0.031153
0.030931
0.030731
0.030501
0.030258
0.030072
0.029847
0.029615
0.029396
0.029174
0.028926
0.028744
0.028490
0.028299
0.028077
0.027825
0.027624
0.027404
0.027195
0.026973
0.026742
0.026534
0.026335
0.026215
0.026078
0.025830
0.025684
0.025481
0.025318
0.025118
0.024931
0.024747
0.024547
0.024401
0.024185
0.024008
0.023848
0.023642
0.023487
0.023314
0.023130
0.022997
0.022793
0.022647
0.022485
0.022317
0.022179
0.021987
0.021819
0.021672
0.021526
0.021383
0.021237
0.021067
0.020949
0.020788
0.020642
0.020526
0.020380
0.020238
0.020091
0.019955
0.019840
0.019693
0.019573
0.019290
0.019157
0.019006
0.018847
0.018720
0.018590
0.018474
0.018302
0.018187
0.018046
0.017931
0.017802
0.017687
0.017605
0.017486
0.017349
0.017243
0.017150
0.017057
0.016925
0.016820
0.016727
0.016634
0.016546
0.016424
0.016332
0.016245
0.016175
0.016065
0.015972
0.015901
0.015826
0.015733
0.015648
0.015574
0.015521
0.015440
0.015369
0.015272
0.015202
0.015127
0.015064
0.014993
0.014919
0.014844
0.014791
0.014698
0.014646
0.014593
0.014598
0.014541
0.014528
0.014497
0.014445
0.014392
0.014361
0.014331
0.014292
0.014239
0.014209
0.014134
0.014099
0.014047
0.013994
0.013960
0.013920
0.013868
0.013837
0.013798
0.013745
0.013693
0.013654
0.013623
0.013571
0.013532
0.013519
0.013467
0.013427
0.013375
0.013336
0.013283
0.013284
0.013254
0.013201
0.013162
0.013128
0.013089
0.013058
0.013019
0.012985
0.012946
0.012916
0.012761
0.012687
0.012603
0.012568
0.012507
0.012456
0.012434
0.012360
0.012321
0.012286
0.012225
0.012204
0.012152
0.012131
0.012101
0.012040
0.012006
0.011989
0.011968
0.011916
0.011895
0.011878
0.011844
0.011827
0.011772
0.011754
0.011734
0.011704
0.011683
0.011666
0.011633
0.011616
0.011596
0.011605
0.011568
0.011568
0.011518
0.011518
0.011481
0.011481
0.011469
0.011432
0.011432
0.011383
0.011383
0.011363
0.011346
0.011334
0.011403
0.011409
0.011441
0.011444
0.011450
0.011430
0.011441
0.011446
0.011449
0.011449
0.011455
0.011424
0.011447
0.011431
0.011412
0.011422
0.011406
0.011387
0.011410
0.011410
0.011382
0.011364
0.011364
0.011371
0.011352
0.011341
0.011341
0.011326
0.011308
0.011308
0.011297
0.011281
0.011286
0.011286
0.011286
0.011286
0.011243
0.011243
0.011243
0.011243
0.011212
0.011212
0.011212
0.011068
0.011045
0.010970
0.010948
0.010926
0.010926
0.010893
0.010841
0.010841
0.010819
0.010797
0.010797
0.010759
0.010746
0.010736
0.010713
0.010713
0.010699
0.010699
0.010664
0.010664
0.010664
0.010654
0.010640
0.010618
0.010605
0.010605
0.010605
0.010605
0.010605
0.010592
0.010592
0.010571
0.010593
0.010593
0.010593
0.010593
0.010581
0.010581
0.010581
0.010570
0.010570
0.010570
0.010562
0.010562
0.010562
0.010562
0.010562
0.010650
0.010662
0.010707
0.010729
0.010751
0.010751
0.010773
0.010795
0.010818
0.010818
0.010840
0.010840
0.010862
0.010862
0.010862
0.010884
0.010884
0.010884
0.010907
0.010907
0.010907
0.010907
0.010907
0.010929
0.010929
0.010929
0.010929
0.010929
0.010929
0.010929
0.010929
0.010929
0.010951
0.010951
0.010951
0.010951
0.010951
0.010951
0.010951
0.010951
0.010951
0.010951
0.010951
0.010951
0.010818
0.010795
0.010751
0.010729
0.010707
0.010707
0.010684
0.010662
0.010662
0.010640
0.010618
0.010618
0.010595
0.010595
0.010595
0.010573
0.010573
0.010573
0.010551
0.010551
0.010551
0.010551
0.010551
0.010529
0.010529
0.010529
0.010529
0.010529
0.010529
0.010529
0.010529
0.010529
0.010529
0.010551
0.010551
0.010551
0.010551
0.010551
0.010551
0.010551
0.010551
0.010551
0.010551
0.010551
0.010551
0.010551
0.010640
0.010662
0.010707
0.010729
0.010751
0.010751
0.010773
0.010795
0.010818
0.010818
0.010840
0.010840
0.010862
0.010862
0.010862
0.010884
0.010884
0.010884
0.010907
0.010907
0.010907
0.010907
0.010907
0.010929
0.010929
0.010929
0.010929
0.010929
0.010929
0.010929
0.010929
0.010929
0.010951
0.010951
0.010951
0.010951
0.010951
0.010951
0.010951
0.010951
0.010951
0.010951
0.010951
0.010951
0.010951
0.010818
0.010795
0.010751
0.010729
0.010707
0.010707
0.010684
0.010662
0.010662
0.010640
0.010618
0.010618
0.010595
0.010595
0.010595
0.010573
0.010573
0.010573
0.010551
0.010551
0.010551
0.010551
0.010551
0.010529
0.010529
