0.303958
0.303958
0.303958
0.303958
0.303958
0.303958
0.303958
0.303958
0.303958
0.303958
0.303958
0.303958
0.303958
0.303958
0.303958
0.303958
0.303958
0.303958
0.303958
0.303958
0.303958
0.303958
0.303897
0.303525
0.302042
0.299862
0.296974
0.293594
0.290242
0.286924
0.284053
0.281194
0.278561
0.275946
0.273400
0.270603
0.267702
0.264888
0.261845
0.258928
0.256092
0.253190
0.250403
0.247570
0.245084
0.242180
0.239429
0.236909
0.234221
0.231463
0.228746
0.226230
0.223492
0.221019
0.218362
0.215914
0.213386
0.210886
0.208492
0.206064
0.203666
0.201213
0.198869
0.196697
0.194378
0.192089
0.189834
0.187595
0.185350
0.183164
0.180976
0.178841
0.176661
0.174556
0.172440
0.170465
0.168275
0.166237
0.164324
0.162339
0.160262
0.158322
0.156507
0.154553
0.152582
0.150720
0.148943
0.146980
0.145091
0.143449
0.141549
0.139785
0.138027
0.136262
0.134669
0.132864
0.131289
0.129551
0.127856
0.126158
0.124658
0.123093
0.121379
0.119846
0.118210
0.116736
0.115436
0.113691
0.112327
0.110805
0.109339
0.107934
0.106488
0.105089
0.103761
0.102379
0.100993
0.099741
0.098595
0.097122
0.096018
0.094512
0.093439
0.092177
0.090996
0.089775
0.088557
0.087382
0.086371
0.085150
0.084081
0.082915
0.081883
0.080880
0.079731
0.078790
0.077591
0.076566
0.075829
0.074573
0.073616
0.072785
0.071788
0.070642
0.070065
0.068967
0.068181
0.067357
0.066321
0.065546
0.064701
0.063813
0.062995
0.062259
0.061337
0.060563
0.059856
0.058927
0.058276
0.057538
0.056728
0.056098
0.055279
0.054510
0.053847
0.053317
0.052470
0.051745
0.051120
0.050536
0.049906
0.049233
0.048562
0.047860
0.047284
0.046656
0.046069
0.045568
0.044857
0.044342
0.043604
0.043261
0.042705
0.042026
0.041484
0.041060
0.040483
0.039873
0.039463
0.038948
0.038330
0.038009
0.037360
0.036869
0.036518
0.035969
0.035631
0.035090
0.034638
0.034218
0.033784
0.033363
0.032841
0.032434
0.032019
0.031679
0.031341
0.030951
0.030413
0.029899
0.029601
0.029287
0.028900
0.028564
0.028125
0.027714
0.027448
0.027184
0.026739
0.026462
0.026121
0.025755
0.025390
0.025070
0.024825
0.024429
0.024201
0.023675
0.023498
0.023254
0.023057
0.022697
0.022304
0.022149
0.021798
0.021505
0.021147
0.020909
0.020848
0.020533
0.020327
0.019925
0.019741
0.019533
0.019293
0.019111
0.018937
0.018615
0.018353
0.018210
0.018013
0.017817
0.017696
0.017318
0.017212
0.017090
0.016862
0.016626
0.016443
0.016169
0.016045
0.015910
0.015760
0.015590
0.015352
0.015230
0.015046
0.014890
0.014768
0.014670
0.014430
0.014292
0.014055
0.013995
0.013934
0.013757
0.013633
0.013511
0.013397
0.013397
0.013125
0.013032
0.012871
0.012810
0.012810
0.012626
0.012450
0.012389
0.012389
0.012267
0.012089
0.012075
0.011893
0.011893
0.011820
0.011679
0.011619
0.011557
0.011468
0.011407
0.011346
0.011283
0.011223
0.011088
0.011026
0.011013
0.010891
0.010891
0.010772
0.010649
0.010574
0.010512
0.010451
0.010451
0.010384
0.010384
0.010267
0.010206
0.010206
0.010010
0.010010
0.010010
0.010010
0.009948
0.009888
0.009888
0.009888
0.009827
0.009827
0.009751
0.009751
0.009751
0.009690
0.009690
0.009629
0.009629
0.009569
0.009569
0.009555
0.009555
0.009495
0.009433
0.009433
0.009433
0.009433
0.009433
0.009312
0.009312
0.009312
0.009312
0.009312
0.009251
0.009251
0.009190
0.009175
0.009175
0.009175
0.009115
0.009115
0.009115
0.009115
0.009053
0.009053
0.008979
0.008979
0.008979
0.008979
0.008979
0.008979
0.008979
0.008918
0.008918
0.008918
0.008918
0.008918
0.008918
0.008918
0.008918
0.008856
0.008856
0.008856
0.008856
0.008856
0.008856
0.008856
0.008856
0.008856
0.008856
0.008856
0.008856
0.008856
0.008856
0.008856
0.008856
0.008856
0.008856
0.008856
0.008856
0.008856
0.008856
0.008856
0.008856
0.008856
0.008856
0.008856
0.008856
0.008856
0.008856
0.008856
0.008856
0.008856
0.008856
0.008856
0.008856
0.008856
0.008856
0.008856
0.008856
0.008856
0.008856
0.008856
0.008856
0.008856
0.008856
0.008856
0.008856
0.008856
0.008856
0.008856
0.008856
0.008856
0.008856
0.008856
0.008856
0.008856
0.008856
0.008856
0.008856
0.008856
0.008856
0.008856
0.008856
0.008856
0.008856
0.008856
0.008856
0.008856
0.008856
0.008856
0.008856
0.008856
0.008856
0.008856
0.008856
0.008856
0.008856
0.008856
0.008856
0.008856
0.008856
0.008856
0.008856
0.008856
0.008856
0.008856
0.008856
0.008856
0.008856
0.008856
0.008856
0.008856
0.008856
0.008856
0.008856
0.008856
0.008856
0.008856
0.008856
0.008856
0.008856
0.008856
0.008856
0.008856
0.008856
0.008856
0.008856
0.008856
0.008856
0.008856
0.008856
0.008856
0.008856
0.008856
0.008856
0.008856
0.008856
0.008856
0.008856
0.008856
0.008856
0.008856
0.008856
0.008856
0.008856
0.008856
0.008856
0.008856
0.008856
0.008856
0.008856
0.008856
0.008856
0.008856
0.008856
0.008856
0.008856
0.008856
0.008856
0.008856
0.008856
0.008856
0.008856
0.008856
0.008856
0.008856
0.008856
0.008856
0.008856
0.008856
0.008856
0.008856
0.008856
0.008856
0.008856
0.008856
0.008856
0.008856
0.008856
0.008856
0.008856
0.008856
0.008856
0.008856
0.008856
0.008856
0.008856
0.008856
0.008856
0.008856
0.008856
0.008856
0.008856
0.008856
0.008856
0.008856
0.008856
0.008856
0.008856
0.008856
0.008856
0.008856
0.008856
0.008856
0.008856
0.008856
0.008856
0.008856
0.008856
0.008856
0.008856
0.008856
0.008856
0.008856
0.008856
0.008856
0.008856
0.008856
0.008856
0.008856
0.008856
0.008856
0.008856
0.008856
0.008856
0.008856
0.008856
0.008856
0.008856
0.008856
0.008856
0.008856
0.008856
0.008856
0.008856
0.008856
0.008856
0.008856
0.008856
0.008856
0.008856
0.008856
0.008856
0.008856
0.008856
0.008856
0.008856
0.008856
0.008856
0.008856
0.008856
0.008856
0.008856
0.008856
0.008856
0.008856
0.008856
0.008856
0.008856
0.008856
0.008856
0.008856
0.008856
0.008856
0.008856
0.008856
0.008856
0.008856
0.008856
0.008856
0.008856
0.008856
0.008856
0.008856
0.008856
0.008856
0.008856
0.008856
0.008856
0.008856
0.008856
0.008856
0.008856
0.008856
0.008856
0.008856
0.008856
0.008856
0.008856
0.008856
0.008856
0.008856
0.008856
0.008856
0.008856
0.008856
0.008856
0.008856
0.008856
0.008856
0.008856
0.008856
0.008856
0.008856
0.008856
0.008856
0.008856
0.008856
0.008856
0.008856
0.008856
0.008856
0.008856
0.008856
0.008856
0.008856
0.008856
0.008856
0.008856
0.008856
0.008856
0.008856
0.008856
0.008856
0.008856
0.008856
0.008856
0.008856
0.008856
0.008856
0.008856
0.008856
0.008856
0.008856
0.008856
0.008856
0.008856
0.008856
0.008856
0.008856
0.008856
