0.767397
0.767397
0.767397
0.767397
0.767397
0.767397
0.767397
0.767397
0.767404
0.767400
0.767378
0.767150
0.766827
0.766314
0.765382
0.764160
0.762947
0.761606
0.760400
0.759228
0.758428
0.757950
0.757560
0.757222
0.756451
0.755245
0.753470
0.751590
0.749284
0.746932
0.744518
0.742232
0.739974
0.737410
0.734832
0.732115
0.728979
0.725801
0.722593
0.719329
0.716212
0.713261
0.710471
0.708125
0.705809
0.703626
0.700989
0.698651
0.696063
0.693227
0.690159
0.686657
0.683452
0.680248
0.677154
0.673927
0.670943
0.668213
0.665333
0.662334
0.659497
0.656753
0.653796
0.650815
0.648114
0.645117
0.642245
0.639647
0.636724
0.634003
0.631134
0.628523
0.625903
0.623148
0.620399
0.617742
0.615012
0.612294
0.609655
0.607097
0.604385
0.601907
0.599325
0.596716
0.594205
0.591697
0.589134
0.586719
0.584155
0.581647
0.578989
0.576626
0.574376
0.571848
0.569390
0.566994
0.564537
0.562270
0.559696
0.557387
0.554951
0.552443
0.549859
0.547691
0.545895
0.544487
0.543280
0.542133
0.541109
0.540155
0.538981
0.537597
0.535996
0.534123
0.532107
0.530141
0.528256
0.526586
0.525238
0.523866
0.522359
0.520613
0.518740
0.516956
0.515081
0.512984
0.511092
0.509234
0.507000
0.505096
0.502995
0.501011
0.498681
0.496142
0.493530
0.490636
0.487719
0.484694
0.481530
0.478801
0.476198
0.473392
0.470830
0.467888
0.465299
0.462531
0.459684
0.457010
0.454169
0.451630
0.448725
0.446306
0.443638
0.440986
0.438357
0.435781
0.433170
0.430534
0.427969
0.425449
0.422987
0.420308
0.417954
0.415236
0.412812
0.410277
0.407913
0.405420
0.402907
0.400646
0.398004
0.395772
0.393398
0.390834
0.388686
0.386244
0.383845
0.381576
0.379197
0.376891
0.374700
0.372529
0.370355
0.368016
0.365789
0.363564
0.361506
0.359334
0.357203
0.355117
0.352858
0.350793
0.348711
0.346589
0.344627
0.342614
0.340481
0.338387
0.336513
0.334417
0.332480
0.330437
0.328410
0.326476
0.324546
0.322670
0.320779
0.318853
0.316936
0.315209
0.313252
0.311495
0.309745
0.308091
0.306222
0.304542
0.302700
0.301069
0.299589
0.297747
0.296129
0.294587
0.293105
0.291558
0.289830
0.288376
0.286681
0.285407
0.283846
0.282364
0.280947
0.279466
0.278048
0.276524
0.275296
0.273899
0.272499
0.271171
0.270040
0.268509
0.267366
0.265897
0.264861
0.263557
0.262284
0.260968
0.260009
0.258739
0.257430
0.256490
0.255284
0.254152
0.252885
0.251922
0.250707
0.249627
0.248557
0.247493
0.246353
0.245373
0.244322
0.243299
0.242279
0.241233
0.240274
0.239262
0.238160
0.237225
0.236377
0.235308
0.234240
0.233611
0.232433
0.231527
0.230812
0.229697
0.228987
0.227986
0.227150
0.226300
0.225386
0.224513
0.223757
0.222769
0.222095
0.221154
0.220343
0.219509
0.218768
0.217913
0.217282
0.216285
0.215688
0.214887
0.214154
0.213343
0.212408
0.211502
0.210860
0.210094
0.209247
0.208329
0.207691
0.206839
0.205894
0.205320
0.204584
0.203841
0.203257
0.202504
0.201867
0.201167
0.200595
0.199832
0.199302
0.198636
0.198030
0.197632
0.196946
0.196359
0.195806
0.195138
0.194620
0.194084
0.193471
0.193058
0.192449
0.191962
0.191576
0.191001
0.190603
0.189895
0.189565
0.189060
0.188542
0.188096
0.187728
0.187317
0.186948
0.186485
0.186087
0.185691
0.185467
0.185153
0.184824
0.184346
0.184059
0.183779
0.183434
0.183102
0.182910
0.182498
0.182196
0.181791
0.181503
0.181257
0.181083
0.180630
0.180242
0.179852
0.179825
0.179375
0.179221
0.178892
0.178551
0.178381
0.177991
0.177709
0.177474
0.177288
0.176994
0.176890
0.176518
0.176305
0.175915
0.175871
0.175520
0.175371
0.175096
0.174900
0.174634
0.174386
0.174375
0.174043
0.173911
0.173601
0.173536
0.173246
0.173046
0.172874
0.172217
0.172023
0.171853
0.171568
0.171044
0.170736
0.170470
0.170244
0.169986
0.169844
0.443921
0.443654
0.443457
0.443391
0.443139
0.442985
0.442830
0.442771
0.442797
0.442899
0.443264
0.443669
0.444262
0.444834
0.445281
0.445709
0.446225
0.446637
0.447013
0.447526
0.164680
0.165052
0.165584
0.166223
0.166822
0.167354
0.167779
0.168081
0.168289
0.168406
0.168257
0.168294
0.168144
0.168259
0.168226
0.168353
0.168561
0.168775
0.168907
0.168839
0.168977
0.168942
0.168968
0.168951
0.168925
0.169021
0.169119
0.169119
0.169119
0.169134
0.169177
0.169214
0.169259
0.169262
0.169299
0.169309
0.169319
0.169287
0.169333
0.169376
0.169384
0.169365
0.169322
0.169311
0.169366
0.169473
0.169490
0.169437
0.169374
0.169388
0.169431
0.169468
0.169518
0.169503
0.169554
0.169587
0.169524
0.169574
0.169638
0.169625
0.169678
0.169672
0.169291
0.169183
0.168934
0.168585
0.167934
0.167397
0.166419
0.165656
0.165092
0.164547
0.163929
0.163565
0.163054
0.162412
0.161900
0.161359
0.160789
0.160252
0.159742
0.159173
0.158698
0.158264
0.157676
0.157198
0.156745
0.156235
0.155792
0.155320
0.154784
0.154319
0.153907
0.153409
0.152907
0.152437
0.152117
0.151564
0.151127
0.150752
0.150223
0.149786
0.149380
0.148942
0.148530
0.148189
0.147830
0.147442
0.147070
0.146788
0.146413
0.146111
0.145724
0.145408
0.145140
0.144761
0.144446
0.144137
0.143734
0.143420
0.143058
0.142696
0.142389
0.142057
0.141785
0.141604
0.141275
0.141007
0.140674
0.140348
0.139811
0.139277
0.138658
0.138123
0.137466
0.136775
0.136174
0.135548
0.134775
0.133944
0.133050
0.132004
0.130958
0.129943
0.128959
0.127856
0.126962
0.126068
0.125057
0.124133
0.123150
0.122107
0.121123
0.120048
0.118666
0.117580
0.116519
0.115489
0.114461
0.113509
0.112513
0.111154
0.110035
0.109035
0.107977
0.106949
0.105884
0.104921
0.103960
0.102868
0.101915
0.100992
0.100058
0.099113
0.098129
0.097236
0.096235
0.095338
0.094444
0.093391
0.092528
0.091604
0.090709
0.089845
0.088947
0.088117
0.087222
0.086329
0.085434
0.084541
0.083647
0.082813
0.081982
0.081144
0.080308
0.079564
0.078805
0.078004
0.077276
0.076634
0.075740
0.075042
0.074255
0.073638
0.072925
0.072279
0.071662
0.070856
0.070129
0.069516
0.068912
0.068224
0.067531
0.066900
0.066155
0.065582
0.064868
0.064211
0.063583
0.062869
0.062360
0.061646
0.061019
0.060362
0.059827
0.059172
0.058456
0.057979
0.057383
0.056758
0.056311
0.055716
0.055091
0.054524
0.053930
0.053423
0.052857
0.052440
0.051905
0.051368
0.050833
0.050357
0.049851
0.049404
0.048839
0.048453
0.047550
0.046999
0.046475
0.046071
0.045522
0.045075
0.044309
0.043775
0.043138
0.042737
0.042218
0.041890
0.041323
0.040990
0.040454
0.040109
0.039635
0.039309
0.038891
0.038535
0.038177
0.037834
0.037448
0.037028
0.036722
0.036395
0.036069
0.035742
0.035357
0.035057
0.034761
0.034344
0.034139
0.033872
0.033575
0.033221
0.032924
0.032658
0.032333
0.032067
0.031801
0.031504
0.031239
0.031076
0.030812
0.030623
0.030370
0.030238
0.029943
0.029860
0.029707
0.029488
0.029406
0.029241
0.029003
0.028930
0.028713
0.028508
0.028351
0.028287
0.027991
0.027897
0.027748
0.027454
0.027362
0.027156
0.026979
0.026832
0.026685
0.026536
0.026301
0.026122
0.025946
0.025797
0.025564
0.025475
0.025359
0.025180
0.025037
0.024831
0.024626
0.024505
0.024422
0.024332
0.024183
0.024009
0.023804
0.023630
0.023541
0.023338
0.022939
0.022771
0.022499
0.022245
0.022028
0.021968
0.021813
0.021294
0.021090
0.020902
0.020658
0.020496
0.020275
0.020235
0.020109
0.019859
0.019799
0.019658
0.019536
0.019306
0.019276
0.019187
0.019060
0.018997
0.018793
0.018733
0.018673
0.018525
0.018475
0.018326
0.018322
0.018209
0.018104
0.018044
0.018044
0.017866
0.017818
0.017758
0.017615
0.017589
0.017482
0.017392
0.017392
0.017304
0.017274
0.017247
0.017324
0.017166
0.017167
0.017107
0.017231
0.017195
0.017243
0.017295
0.017246
0.017246
0.017268
0.017290
0.017188
0.017236
0.017290
0.017201
0.017253
0.017224
0.017123
0.017180
0.017120
0.017041
0.017070
0.017088
0.016998
0.016938
0.016938
0.016879
0.016937
0.016849
0.016752
0.016811
0.016811
0.016721
0.016643
0.016643
0.016615
0.016578
0.016578
0.016578
0.016460
0.016460
0.016460
0.016431
0.016309
0.015970
0.015858
0.015759
0.015653
0.015594
0.015594
0.015554
0.015031
0.014947
0.014848
0.014774
0.014731
0.014619
0.014579
0.014483
0.014434
0.014406
0.014319
0.014309
0.014287
0.014287
0.014287
0.014152
0.014149
0.014149
0.014139
0.014139
0.014022
0.014022
0.014022
0.014019
0.014019
0.014022
0.013964
0.013964
0.013964
0.013964
0.013964
0.013964
0.013909
0.013880
0.013880
0.013880
0.013880
0.013956
0.013989
0.014007
0.014051
0.014097
0.014097
0.014145
0.014272
0.014304
0.014433
0.014474
0.014491
0.014546
0.014595
0.014645
0.014702
0.014754
0.014808
0.014865
0.014920
0.014920
0.014920
0.014976
0.015034
0.015034
0.015091
0.015091
0.015091
0.015091
0.015091
0.015149
0.015149
0.015149
0.015208
0.015177
0.015177
0.015177
0.015177
0.015177
0.015177
0.015236
0.015236
0.015236
0.015236
0.015236
0.015236
0.015236
0.014897
0.014845
0.014746
0.014700
0.014656
0.014656
0.014277
0.014188
0.014057
0.014011
0.013940
0.013940
0.013877
0.013841
0.013809
0.013792
0.013765
0.013765
0.013733
0.013733
0.013733
0.013716
0.013716
0.013713
0.013703
0.013703
0.013703
0.013703
0.013703
0.013700
0.013700
0.013700
0.013703
0.013703
0.013703
0.013703
0.013703
0.013703
0.013706
0.013706
0.013706
0.013706
0.013706
0.013706
0.013782
0.013815
0.013891
0.013935
0.013981
0.013981
0.014029
0.014156
0.014188
0.014317
0.014415
0.014461
0.014516
0.014564
0.014615
0.014671
0.014723
0.014777
0.014834
0.014889
0.014889
0.014889
0.014945
0.015003
0.015003
0.015061
0.015061
0.015061
0.015061
0.015061
0.015119
0.015119
0.015119
0.015177
0.015177
0.015177
0.015177
0.015177
0.015177
0.015177
0.015236
0.015236
0.015236
0.015236
0.015236
0.015236
0.014897
0.014845
0.014746
0.014700
0.014656
0.014656
0.014616
0.014241
0.014156
0.014057
0.013983
0.013940
0.013918
0.013877
0.013841
0.013792
0.013792
0.013765
0.013755
0.013733
0.013733
0.013733
0.013716
0.013713
0.013713
0.013703
0.013703
0.013703
0.013703
0.013703
0.013700
0.013700
0.013703
0.013703
0.013703
0.013703
0.013703
0.013703
0.013703
0.013706
0.013706
0.013706
0.013706
0.013706
0.013706
0.013782
0.013815
0.013891
0.013935
0.013981
0.013981
0.014106
0.014188
0.014265
0.014361
0.014461
0.014461
0.014564
0.014615
0.014615
0.014723
0.014777
0.014777
0.014889
0.014889
0.014889
0.014945
0.014945
0.015003
0.015061
0.015061
0.015061
0.015061
0.015061
0.015061
0.015119
0.015119
0.015119
0.015177
0.015177
0.015177
0.015177
0.015177
0.015177
0.015236
0.015236
0.015236
0.015236
0.015236
0.015236
0.015236
0.014897
0.014845
0.014746
0.014700
0.014656
0.014656
0.014616
0.014241
0.014156
0.014057
0.013983
0.013940
0.013918
0.013877
0.013841
0.013792
0.013792
0.013765
0.013755
0.013733
0.013733
0.013733
0.013716
0.013713
0.013713
0.013703
0.013703
0.013703
0.013703
0.013703
0.013700
0.013700
0.013703
0.013703
0.013703
0.013703
0.013703
0.013703
0.013703
0.013706
0.013706
0.013706
0.013706
0.013706
0.013706
0.013782
0.013815
0.013891
0.013935
0.013981
0.013981
0.014106
0.014188
0.014265
0.014361
0.014461
0.014461
0.014564
0.014615
0.014615
0.014723
0.014777
0.014777
0.014889
0.014889
0.014889
0.014945
0.014945
0.015003
0.015061
0.015061
0.015061
0.015061
0.015061
0.015061
0.015119
0.015119
0.015177
0.015177
0.015177
0.015177
