0.605298
0.605298
0.605298
0.605298
0.605298
0.605298
0.605298
0.605298
0.604572
0.603391
0.601592
0.599953
0.598185
0.595710
0.592795
0.589525
0.586163
0.582515
0.578879
0.575532
0.572201
0.568663
0.565508
0.562154
0.558953
0.555462
0.551874
0.548276
0.545046
0.541554
0.537851
0.534461
0.531168
0.527820
0.524442
0.521028
0.517418
0.514094
0.510699
0.507335
0.504009
0.500497
0.497025
0.493780
0.490487
0.487123
0.483699
0.480424
0.477052
0.473678
0.470460
0.467034
0.463632
0.460458
0.457155
0.453866
0.450569
0.447077
0.443886
0.440689
0.437327
0.433970
0.430788
0.427419
0.424222
0.420882
0.417765
0.414419
0.411227
0.408084
0.404593
0.401647
0.398325
0.394986
0.391914
0.388632
0.385438
0.382112
0.378995
0.375909
0.372817
0.369747
0.366375
0.363232
0.360348
0.356970
0.354111
0.350771
0.347711
0.344743
0.341622
0.338583
0.335603
0.332376
0.329320
0.326454
0.323418
0.320218
0.317278
0.314223
0.311346
0.308455
0.305348
0.302499
0.299386
0.296500
0.293859
0.290641
0.287753
0.284823
0.281917
0.279151
0.276294
0.273346
0.270519
0.267827
0.264879
0.262185
0.259364
0.256574
0.254107
0.251361
0.248590
0.245895
0.243318
0.240599
0.238062
0.235412
0.232808
0.230140
0.227674
0.225103
0.222501
0.220039
0.217302
0.214958
0.212597
0.209999
0.207516
0.204914
0.202664
0.200264
0.197846
0.195642
0.192960
0.190613
0.188353
0.185996
0.183892
0.181544
0.179289
0.176797
0.174863
0.172480
0.170196
0.168173
0.165820
0.163912
0.161681
0.159686
0.157660
0.155527
0.153373
0.151503
0.149369
0.147413
0.145565
0.143754
0.141759
0.139841
0.138140
0.136379
0.134562
0.132643
0.131099
0.129418
0.127505
0.125985
0.124172
0.122682
0.121067
0.119497
0.117906
0.116489
0.114870
0.113400
0.111769
0.110332
0.108971
0.107573
0.106121
0.104607
0.103337
0.101920
0.100642
0.099456
0.098111
0.096782
0.095543
0.094464
0.093034
0.091883
0.090579
0.089298
0.088225
0.087080
0.085931
0.084725
0.083645
0.082593
0.081528
0.080382
0.079522
0.078477
0.077566
0.076287
0.075319
0.074261
0.073280
0.072450
0.071411
0.070648
0.069596
0.068793
0.067894
0.066885
0.065972
0.065260
0.064557
0.063661
0.062815
0.061940
0.061278
0.060451
0.059658
0.058783
0.058131
0.057384
0.056756
0.055750
0.055268
0.054367
0.053725
0.052988
0.052452
0.051554
0.050962
0.050493
0.049797
0.049273
0.048431
0.047891
0.047374
0.046741
0.046116
0.045420
0.044988
0.044196
0.043695
0.043143
0.042746
0.042091
0.041700
0.041198
0.040430
0.039893
0.039480
0.038924
0.038513
0.038065
0.037621
0.037083
0.036719
0.036181
0.035679
0.035267
0.034908
0.034407
0.033834
0.033507
0.033097
0.032632
0.032306
0.031824
0.031394
0.031233
0.030787
0.030390
0.030065
0.029548
0.029189
0.028975
0.028437
0.028325
0.027789
0.027488
0.027234
0.026806
0.026430
0.026194
0.025978
0.025652
0.025358
0.024993
0.024633
0.024441
0.024221
0.023723
0.023559
0.023147
0.023036
0.022645
0.022430
0.022235
0.021984
0.021624
0.021518
0.021120
0.020872
0.020546
0.020546
0.020220
0.020064
0.019598
0.019494
0.019273
0.019082
0.018722
0.018630
0.018304
0.018304
0.017840
0.017649
0.017537
0.017252
0.017141
0.017032
0.016698
0.016587
0.016372
0.016121
0.015922
0.015776
0.015583
0.015368
0.015257
0.015257
0.015042
0.014825
0.014668
0.014448
0.014309
0.014309
0.014089
0.014089
0.013878
0.013552
0.013480
0.013480
0.013154
0.013154
0.013121
0.012903
0.012688
0.012569
0.012569
0.012349
0.012171
0.012171
0.011954
0.011846
0.011846
0.011654
0.011543
0.011434
0.011413
0.011302
0.011127
0.011018
0.010984
0.010872
0.010872
0.010786
0.010570
0.010570
0.010459
0.010459
0.010459
0.010244
0.010133
0.010133
0.010133
0.010133
0.010024
0.009913
0.009808
0.009808
0.009808
0.009666
0.009555
0.009555
0.009534
0.009427
0.009427
0.009206
0.009206
0.009206
0.009206
0.009206
0.009100
0.008880
0.008880
0.008880
0.008880
0.008880
0.008880
0.008768
0.008659
0.008659
0.008659
0.008659
0.008659
0.008659
0.008548
0.008548
0.008439
0.008439
0.008439
0.008439
0.008439
0.008439
0.008439
0.008439
0.008439
0.008439
0.008439
0.008439
0.008439
0.008439
0.008439
0.008439
0.008439
0.008439
0.008439
0.008439
0.008439
0.008439
0.008439
0.008439
0.008439
0.008439
0.008439
0.008439
0.008439
0.008439
0.008439
0.008439
0.008439
0.008439
0.008439
0.008439
0.008439
0.008439
0.008439
0.008439
0.008439
0.008439
0.008439
0.008439
0.008439
0.008439
0.008439
0.008439
0.008439
0.008439
0.008439
0.008439
0.008439
0.008439
0.008439
0.008439
0.008439
0.008439
0.008439
0.008439
0.008439
0.008439
0.008439
0.008439
0.008439
0.008439
0.008439
0.008439
0.008439
0.008439
0.008439
0.008439
0.008439
0.008439
0.008439
0.008439
0.008439
0.008439
0.008439
0.008439
0.008439
0.008439
0.008439
0.008439
0.008439
0.008439
0.008439
0.008439
0.008439
0.008439
0.008439
0.008439
0.008439
0.008439
0.008439
0.008439
0.008439
0.008439
0.008439
0.008439
0.008439
0.008439
0.008439
0.008439
0.008439
0.008439
0.008439
0.008439
0.008439
0.008439
0.008439
0.008439
0.008439
0.008439
0.008439
0.008439
0.008439
0.008439
0.008439
0.008439
0.008439
0.008439
0.008439
0.008439
0.008439
0.008439
0.008439
0.008439
0.008439
0.008439
0.008439
0.008439
0.008439
0.008439
0.008439
0.008439
0.008439
0.008439
0.008439
0.008439
0.008439
0.008439
0.008439
0.008439
0.008439
0.008439
0.008439
0.008439
0.008439
0.008439
0.008439
0.008439
0.008439
0.008439
0.008439
0.008439
0.008439
0.008439
0.008439
0.008439
0.008439
0.008439
0.008439
0.008439
0.008439
0.008439
0.008439
0.008439
0.008439
0.008439
0.008439
0.008439
0.008439
0.008439
0.008439
0.008439
0.008439
0.008439
0.008439
0.008439
0.008439
0.008439
0.008439
0.008439
0.008439
0.008439
0.008439
0.008439
0.008439
0.008439
0.008439
0.008439
0.008439
0.008439
0.008439
0.008439
0.008439
0.008439
0.008439
0.008439
0.008439
0.008439
0.008439
0.008439
0.008439
0.008439
0.008439
0.008439
0.008439
0.008439
0.008439
0.008439
0.008439
0.008439
0.008439
0.008439
0.008439
0.008439
0.008439
0.008439
0.008439
0.008439
0.008439
0.008439
0.008439
0.008439
0.008439
0.008439
0.008439
0.008439
0.008439
0.008439
0.008439
0.008439
0.008439
0.008439
0.008439
0.008439
0.008439
0.008439
0.008439
0.008439
0.008439
0.008439
0.008439
0.008439
0.008439
0.008439
0.008439
0.008439
0.008439
0.008439
0.008439
0.008439
0.008439
0.008439
0.008439
0.008439
0.008439
0.008439
0.008439
0.008439
0.008439
0.008439
0.008439
0.008439
0.008439
0.008439
0.008439
0.008439
0.008439
0.008439
0.008439
0.008439
0.008439
