0.293333
0.293333
0.293333
0.293333
0.293333
0.293333
0.293333
0.293333
0.293333
0.293333
0.293333
0.293333
0.293333
0.293333
0.293333
0.293333
0.293333
0.293333
0.293333
0.293333
0.293333
0.293333
0.293333
0.293267
0.292956
0.292023
0.290447
0.288094
0.285076
0.281729
0.278516
0.275459
0.272625
0.269817
0.267277
0.264672
0.262090
0.259486
0.256687
0.253778
0.250826
0.247715
0.244978
0.242465
0.240038
0.237972
0.235823
0.233796
0.231795
0.229585
0.227448
0.225266
0.223222
0.221455
0.219931
0.218543
0.217322
0.215791
0.214089
0.212445
0.210682
0.208754
0.206660
0.204649
0.202305
0.200268
0.198153
0.196132
0.194184
0.192312
0.190243
0.188182
0.186291
0.184478
0.182451
0.180550
0.178442
0.176449
0.174293
0.172322
0.170319
0.168408
0.166589
0.164867
0.163097
0.161600
0.160044
0.158353
0.156690
0.155062
0.153450
0.151808
0.150143
0.148259
0.146501
0.144669
0.142756
0.141025
0.139325
0.137662
0.136170
0.134548
0.132904
0.131197
0.129560
0.127885
0.126223
0.124687
0.122954
0.121416
0.119877
0.118357
0.116729
0.115306
0.113717
0.112338
0.110708
0.109272
0.107885
0.106540
0.105147
0.103820
0.102404
0.101099
0.099789
0.098353
0.097170
0.095843
0.094548
0.093398
0.092142
0.090917
0.089747
0.088582
0.087485
0.086350
0.085133
0.084074
0.082965
0.081850
0.080754
0.079666
0.078740
0.077705
0.076560
0.075636
0.074585
0.073604
0.072779
0.071824
0.070823
0.069931
0.069030
0.068074
0.067198
0.066368
0.065396
0.064618
0.063759
0.062867
0.062028
0.061223
0.060533
0.059645
0.058932
0.058092
0.057324
0.056587
0.055909
0.055075
0.054396
0.053715
0.052983
0.052222
0.051671
0.050903
0.050292
0.049624
0.048968
0.048365
0.047637
0.047099
0.046481
0.045818
0.045278
0.044684
0.044102
0.043509
0.042967
0.042407
0.041819
0.041303
0.040733
0.040188
0.039680
0.039180
0.038608
0.038139
0.037595
0.037214
0.384541
0.384011
0.383564
0.383122
0.382779
0.382279
0.381919
0.381563
0.381157
0.380832
0.380482
0.380086
0.379690
0.379326
0.379058
0.378740
0.378607
0.378516
0.378430
0.378342
0.378264
0.378022
0.377657
0.377445
0.377123
0.376802
0.376424
0.376312
0.376071
0.375864
0.375608
0.375501
0.375188
0.374997
0.374753
0.374583
0.374275
0.374028
0.373942
0.373831
0.373455
0.373339
0.373228
0.372973
0.372882
0.372548
0.372464
0.372305
0.372154
0.371976
0.032359
0.032249
0.032092
0.031952
0.031824
0.031590
0.031573
0.031468
0.031347
0.031100
0.031015
0.030956
0.030806
0.030715
0.030475
0.030264
0.030173
0.030158
0.030159
0.029901
0.029653
0.029435
0.029190
0.028979
0.028689
0.028269
0.027943
0.027586
0.027324
0.026878
0.026551
0.026220
0.025950
0.025579
0.025328
0.025012
0.024681
0.024410
0.024132
0.023882
0.023628
0.023295
0.023112
0.022902
0.022605
0.022407
0.022205
0.021954
0.021673
0.021468
0.021266
0.021071
0.020885
0.020661
0.020496
0.020226
0.020013
0.019812
0.019685
0.019479
0.019327
0.019183
0.019024
0.018794
0.018648
0.018510
0.018343
0.018217
0.018049
0.017867
0.017723
0.017608
0.017453
0.017328
0.017202
0.017089
0.016927
0.016818
0.016686
0.016595
0.016498
0.016387
0.016270
0.016165
0.016059
0.015930
0.015841
0.015757
0.015657
0.015548
0.015456
0.015356
0.015303
0.015185
0.015076
0.015014
0.014921
0.014824
0.014740
0.014669
0.014602
0.014502
0.014429
0.014349
0.014275
0.014204
0.014131
0.014044
0.013971
0.013900
0.013847
0.013766
0.013663
0.013593
0.013539
0.013506
0.013419
0.013327
0.013274
0.013221
0.013150
0.013067
0.013036
0.012977
0.012906
0.012830
0.012776
0.012722
0.012683
0.012609
0.012578
0.012477
0.012438
0.012385
0.012353
0.012300
0.012225
0.012193
0.012140
0.012098
0.012040
0.011986
0.011949
0.011913
0.011830
0.011813
0.011759
0.011728
0.011686
0.011654
0.011615
0.011562
0.011548
0.011508
0.011475
0.011433
0.011401
0.011362
0.011348
0.011299
0.011268
0.011246
0.011215
0.011155
0.011141
0.011102
0.011070
0.011070
0.011017
0.011017
0.010964
0.010964
0.010911
0.010891
0.010891
0.010837
0.010837
0.010784
0.010784
0.010753
0.010731
0.010713
0.010699
0.010660
0.010646
0.010607
0.010607
0.010575
0.010553
0.010553
0.010522
0.010500
0.010483
0.010469
0.010429
0.010429
0.010416
0.010398
0.010374
0.010342
0.010342
0.010320
0.010289
0.010289
0.010289
0.010250
0.010236
0.010236
0.010218
0.010182
0.010165
0.010165
0.010165
0.010112
0.010112
0.010112
0.010112
0.010058
0.010058
0.010058
0.010041
0.010005
0.010005
0.009988
0.009988
0.009988
0.009952
0.009934
0.009934
0.009934
0.009934
0.009881
0.009881
0.009881
0.009881
0.009864
0.009850
0.009825
0.009825
0.009808
0.009808
0.009794
0.009772
0.009755
0.009755
0.009755
0.009755
0.009741
0.009723
0.009701
0.009701
0.009701
0.009701
0.009670
0.009670
0.009670
0.009648
0.009648
0.009648
0.009631
0.009617
0.009617
0.009617
0.009617
0.009617
0.009599
0.009599
0.009599
0.009586
0.009586
0.009586
0.009568
0.009546
0.009546
0.009546
0.009546
0.009532
0.009532
0.009515
0.009515
0.009515
0.009515
0.009515
0.009515
0.009515
0.009498
0.009484
0.009484
0.009484
0.009484
0.009484
0.009484
0.009484
0.009484
0.009466
0.009466
0.009466
0.009452
0.009452
0.009452
0.009452
0.009452
0.009452
0.009452
0.009452
0.009452
0.009452
0.009452
0.009452
0.009452
0.009452
0.009452
0.009435
0.009435
0.009435
0.009435
0.009435
0.009435
0.009435
0.009435
0.009435
0.009435
0.009435
0.009435
0.009435
0.009435
0.009435
0.009435
0.009435
0.009435
0.009435
0.009435
0.009435
0.009435
0.009435
0.009435
0.009435
0.009435
0.009435
0.009435
0.009435
0.009435
0.009435
0.009435
0.009435
0.009435
0.009435
0.009435
0.009435
0.009435
0.009435
0.009435
0.009435
0.009435
0.009435
0.009435
0.009435
0.009435
0.009435
0.009435
0.009435
0.009435
0.009435
0.009435
0.009435
0.009435
0.009435
0.009435
0.009435
0.009435
0.009435
0.009435
0.009435
0.009435
0.009435
0.009435
0.009435
0.009435
0.009435
0.009435
0.009435
0.009435
0.009435
0.009435
0.009435
0.009435
0.009435
0.009435
0.009435
0.009435
0.009435
0.009435
0.009435
0.009435
0.009435
0.009435
0.009435
0.009435
0.009435
0.009435
0.009435
0.009435
0.009435
0.009435
0.009435
0.009435
0.009435
0.009435
0.009435
0.009435
0.009435
0.009435
0.009435
0.009435
0.009435
0.009435
0.009435
0.009435
0.009435
0.009435
0.009435
0.009435
0.009435
0.009435
0.009435
0.009435
0.009435
0.009435
0.009435
0.009435
0.009435
0.009435
0.009435
0.009435
0.009435
0.009435
0.009435
0.009435
0.009435
0.009435
0.009435
0.009435
0.009435
0.009435
0.009435
0.009435
0.009435
0.009435
0.009435
0.009435
0.009435
0.009435
0.009435
0.009435
0.009435
0.009435
0.009435
0.009435
0.009435
0.009435
0.009435
0.009435
0.009435
0.009435
0.009435
0.009435
0.009435
0.009435
0.009435
0.009435
0.009435
0.009435
0.009435
0.009435
0.009435
0.009435
0.009435
0.009435
0.009435
0.009435
0.009435
0.009435
0.009435
0.009435
0.009435
0.009435
0.009435
0.009435
0.009435
0.009435
0.009435
0.009435
0.009435
0.009435
0.009435
0.009435
0.009435
0.009435
0.009435
0.009435
0.009435
0.009435
0.009435
0.009435
0.009435
0.009435
0.009435
0.009435
0.009435
0.009435
0.009435
0.009435
0.009435
0.009435
0.009435
0.009435
0.009435
0.009435
0.009435
0.009435
0.009435
0.009435
0.009435
0.009435
0.009435
0.009435
0.009435
0.009435
0.009435
0.009435
0.009435
0.009435
0.009435
0.009435
0.009435
0.009435
0.009435
0.009435
0.009435
0.009435
0.009435
0.009435
0.009435
0.009435
0.009435
0.009435
0.009435
0.009435
0.009435
0.009435
0.009435
0.009435
0.009435
0.009435
0.009435
0.009435
0.009435
0.009435
0.009435
0.009435
0.009435
0.009435
0.009435
0.009435
0.009435
0.009435
0.009435
0.009435
0.009435
0.009435
0.009435
0.009435
0.009435
0.009435
0.009435
0.009435
0.009435
0.009435
0.009435
0.009435
0.009435
0.009435
0.009435
0.009435
0.009435
0.009435
0.009435
0.009435
0.009435
0.009435
0.009435
0.009435
0.009435
0.009435
0.009435
0.009435
0.009435
0.009435
0.009435
0.009435
0.009435
0.009435
0.009435
0.009435
0.009435
0.009435
0.009435
0.009435
0.009435
0.009435
0.009435
0.009435
0.009435
0.009435
0.009435
0.009435
0.009435
0.009435
0.009435
0.009435
0.009435
0.009435
0.009435
0.009435
0.009435
0.009435
0.009435
0.009435
0.009435
0.009435
0.009435
0.009435
0.009435
0.009435
0.009435
0.009435
0.009435
0.009435
0.009435
0.009435
0.009435
0.009435
0.009435
0.009435
0.009435
0.009435
0.009435
0.009435
0.009435
0.009435
0.009435
0.009435
0.009435
0.009435
0.009435
0.009435
0.009435
0.009435
0.009435
0.009435
0.009435
0.009435
0.009435
0.009435
0.009435
0.009435
0.009435
0.009435
0.009435
0.009435
0.009435
0.009435
0.009435
0.009435
0.009435
0.009435
0.009435
0.009435
0.009435
0.009435
0.009435
0.009435
0.009435
0.009435
0.009435
0.009435
0.009435
0.009435
0.009435
0.009435
0.009435
0.009435
0.009435
0.009435
0.009435
0.009435
0.009435
0.009435
0.009435
0.009435
0.009435
0.009435
0.009435
0.009435
0.009435
0.009435
0.009435
0.009435
0.009435
0.009435
0.009435
0.009435
0.009435
0.009435
0.009435
0.009435
0.009435
0.009435
0.009435
0.009435
0.009435
0.009435
0.009435
0.009435
0.009435
0.009435
0.009435
0.009435
0.009435
0.009435
0.009435
0.009435
0.009435
0.009435
0.009435
0.009435
0.009435
0.009435
0.009435
0.009435
0.009435
0.009435
0.009435
0.009435
0.009435
0.009435
0.009435
0.009435
0.009435
0.009435
