0.836685
0.836685
0.836685
0.836685
0.836685
0.836685
0.836685
0.836685
0.836623
0.836545
0.836429
0.836245
0.836065
0.835863
0.835642
0.835408
0.835233
0.835090
0.834937
0.834822
0.834713
0.834481
0.834192
0.833697
0.833079
0.832375
0.831564
0.830692
0.829810
0.828857
0.827908
0.826928
0.825983
0.825039
0.824005
0.822941
0.821867
0.820688
0.819527
0.818359
0.817101
0.815896
0.814644
0.813311
0.811894
0.810649
0.809173
0.807860
0.806527
0.805036
0.803707
0.802426
0.801031
0.799769
0.798433
0.797045
0.795789
0.794536
0.793129
0.791843
0.790521
0.789187
0.787997
0.786792
0.785467
0.784262
0.782968
0.781759
0.780546
0.779237
0.777955
0.776510
0.775146
0.773650
0.772000
0.770451
0.768902
0.767263
0.765622
0.764044
0.762335
0.760575
0.758835
0.756991
0.755122
0.753384
0.751595
0.749783
0.748043
0.746252
0.744492
0.742629
0.740779
0.738859
0.736943
0.734990
0.733111
0.731269
0.729310
0.727434
0.725642
0.723687
0.721708
0.719825
0.717897
0.715944
0.713933
0.711919
0.709934
0.707950
0.706106
0.703954
0.702038
0.699970
0.697873
0.695773
0.693583
0.691438
0.689494
0.687386
0.685411
0.683202
0.681045
0.678966
0.676737
0.674587
0.672413
0.670095
0.667960
0.665823
0.663744
0.661486
0.659251
0.656932
0.654612
0.652432
0.650220
0.648038
0.645766
0.643494
0.641086
0.638779
0.636443
0.634060
0.631782
0.629477
0.627126
0.624797
0.622476
0.620018
0.617586
0.615223
0.612776
0.610484
0.608063
0.605797
0.603403
0.600933
0.598507
0.595875
0.593474
0.591039
0.588653
0.586216
0.583818
0.581470
0.579075
0.576769
0.574527
0.572223
0.570018
0.567833
0.565574
0.563217
0.560575
0.557984
0.555202
0.552489
0.549895
0.547255
0.544858
0.542228
0.539778
0.537264
0.534605
0.531954
0.529076
0.526274
0.523436
0.520670
0.518041
0.515529
0.513101
0.510698
0.508347
0.506043
0.503538
0.500980
0.498294
0.495596
0.493085
0.490668
0.488311
0.485971
0.483772
0.481579
0.479252
0.476793
0.474239
0.471747
0.469357
0.467001
0.464721
0.462450
0.460403
0.458146
0.456051
0.453710
0.451404
0.448900
0.446621
0.444271
0.442062
0.440088
0.438015
0.436023
0.434048
0.431851
0.429702
0.427426
0.425109
0.422872
0.420770
0.418673
0.416658
0.414728
0.412727
0.410587
0.408456
0.406268
0.404223
0.402061
0.400043
0.398104
0.396144
0.394153
0.392117
0.389972
0.387878
0.385723
0.383732
0.381738
0.379758
0.377990
0.376220
0.374365
0.372465
0.370453
0.368358
0.366335
0.364389
0.362507
0.360572
0.358735
0.356869
0.354960
0.353118
0.351191
0.349137
0.347081
0.345287
0.343386
0.341623
0.339920
0.338109
0.336222
0.334442
0.332499
0.330600
0.328606
0.326757
0.324941
0.323200
0.321508
0.319753
0.317913
0.315994
0.314108
0.312249
0.310475
0.308648
0.306855
0.305132
0.303475
0.301821
0.300134
0.298420
0.296779
0.295078
0.293504
0.291790
0.290183
0.288534
0.286904
0.285432
0.283835
0.282297
0.280813
0.279244
0.277623
0.276193
0.274636
0.273138
0.271683
0.270203
0.268734
0.267275
0.265817
0.264574
0.263087
0.261754
0.260291
0.258841
0.257532
0.256182
0.254920
0.253607
0.252248
0.250972
0.249634
0.248413
0.247164
0.245910
0.244709
0.243426
0.242225
0.241037
0.239719
0.238556
0.237485
0.236284
0.235137
0.234088
0.232879
0.231690
0.230599
0.229673
0.228465
0.227492
0.226320
0.225280
0.224323
0.223245
0.222104
0.221229
0.220176
0.219261
0.218308
0.217346
0.216301
0.215514
0.214435
0.213646
0.212646
0.211726
0.210907
0.210049
0.209145
0.208274
0.207494
0.206587
0.205818
0.204983
0.204209
0.203430
0.202618
0.201797
0.201075
0.200335
0.199595
0.198803
0.198113
0.197298
0.196591
0.195970
0.195227
0.194550
0.193864
0.193182
0.192486
0.191850
0.191220
0.190587
0.189979
0.189262
0.188719
0.188020
0.187386
0.186810
0.186233
0.185740
0.185044
0.184464
0.183846
0.183247
0.182664
0.182096
0.181575
0.180975
0.180441
0.179978
0.179387
0.178834
0.178406
0.177866
0.177391
0.176834
0.176355
0.175873
0.175506
0.175025
0.174469
0.174009
0.173612
0.173130
0.172653
0.172234
0.171807
0.171393
0.170933
0.170536
0.170122
0.169784
0.169341
0.168892
0.168549
0.168147
0.167799
0.167359
0.167054
0.166772
0.166361
0.166027
0.165663
0.165255
0.164999
0.164703
0.164376
0.164061
0.163776
0.283603
0.283259
0.282988
0.282764
0.282479
0.282175
0.281982
0.281682
0.281492
0.281272
0.281165
0.281058
0.280998
0.280985
0.280880
0.280722
0.280494
0.280318
0.280339
0.280383
0.280463
0.280653
0.280704
0.280634
0.280441
0.280431
0.280282
0.280357
0.280215
0.280183
0.279943
0.279696
0.279410
0.279100
0.278820
0.278534
0.278289
0.278021
0.277741
0.277534
0.277239
0.276927
0.276747
0.276453
0.276151
0.275945
0.275639
0.275430
0.275188
0.274963
0.274712
0.274553
0.274375
0.274163
0.273975
0.273715
0.273634
0.273520
0.273303
0.273161
0.273007
0.272868
0.272718
0.272545
0.272432
0.272181
0.271999
0.271738
0.271421
0.271123
0.139989
0.139633
0.139360
0.139107
0.138913
0.138646
0.138374
0.138181
0.137821
0.137571
0.137231
0.136952
0.136659
0.136315
0.135952
0.135533
0.135085
0.134610
0.134212
0.133755
0.133262
0.132947
0.132584
0.132256
0.131790
0.131355
0.130959
0.130436
0.129982
0.129553
0.129106
0.128665
0.128331
0.127916
0.127590
0.127258
0.126921
0.126571
0.126181
0.125839
0.125513
0.125226
0.124892
0.124538
0.124226
0.123847
0.123553
0.123234
0.122930
0.122635
0.122354
0.122079
0.121703
0.121370
0.121092
0.120807
0.120510
0.120235
0.119915
0.119631
0.119339
0.119070
0.118780
0.118510
0.118251
0.117976
0.117714
0.117422
0.117145
0.116887
0.116615
0.116340
0.116094
0.115818
0.115573
0.115231
0.114834
0.114431
0.114048
0.113687
0.113258
0.112875
0.112416
0.111999
0.111638
0.111217
0.110840
0.110434
0.110071
0.109589
0.109127
0.108659
0.108133
0.107744
0.107277
0.106811
0.106437
0.106007
0.105622
0.105304
0.104914
0.104625
0.104262
0.104022
0.103793
0.103569
0.103437
0.103340
0.103307
0.103282
0.103384
0.103505
0.103693
0.103875
0.104113
0.104416
0.104723
0.105223
0.105616
0.106031
0.106570
0.107083
0.107657
0.108274
0.108909
0.109564
0.110348
0.111014
0.111700
0.112356
0.112820
0.113291
0.113395
0.113438
0.113253
0.113038
0.112693
0.112130
0.111500
0.110770
0.110020
0.109236
0.108444
0.107732
0.107114
0.106751
0.106581
0.106431
0.106430
0.106526
0.106752
0.107137
0.107593
0.108157
0.108680
0.109221
0.109837
0.110367
0.110959
0.111477
0.112033
0.112552
0.113036
0.113572
0.114054
0.114592
0.115129
0.115604
0.116050
0.116521
0.117020
0.117529
0.117933
0.118348
0.118746
0.119187
0.119640
0.120052
0.120583
0.120984
0.121465
0.121978
0.122408
0.122913
0.123363
0.123745
0.124032
0.124272
0.124398
0.124342
0.124185
0.123914
0.123385
0.122763
0.121974
0.121083
0.119975
0.118915
0.117723
0.116509
0.115300
0.114131
0.112968
0.111859
0.110741
0.109594
0.108452
0.107379
0.106227
0.105078
0.103910
0.102717
0.101632
0.100505
0.099413
0.098335
0.097252
0.096178
0.095251
0.094170
0.093109
0.092046
0.091046
0.090080
0.088991
0.088064
0.087093
0.086151
0.085197
0.084209
0.083295
0.082423
0.081444
0.080522
0.079627
0.078744
0.077860
0.076990
0.076182
0.075334
0.074459
0.073630
0.072784
0.071995
0.071141
0.070426
0.069624
0.068852
0.068067
0.067295
0.066488
0.065811
0.065047
0.064227
0.063594
0.062887
0.062211
0.061479
0.060784
0.060134
0.059425
0.058802
0.058133
0.057513
0.056824
0.056245
0.055554
0.054921
0.054319
0.053691
0.053093
0.052480
0.051967
0.051371
0.050794
0.050263
0.049666
0.049132
0.048536
0.048037
0.047545
0.046982
0.046494
0.045920
0.045427
0.044941
0.044444
0.043957
0.043451
0.042960
0.042517
0.042015
0.041558
0.041052
0.040622
0.040187
0.039755
0.039314
0.038868
0.038452
0.038022
0.037579
0.037174
0.036792
0.036406
0.035968
0.035569
0.035180
0.034735
0.034391
0.034041
0.033650
0.033313
0.032902
0.032554
0.032191
0.031858
0.031469
0.031130
0.030763
0.030450
0.030076
0.029760
0.029416
0.029136
0.028823
0.028521
0.028234
0.027921
0.027607
0.027360
0.027010
0.026755
0.026483
0.026234
0.025954
0.025646
0.025367
0.025148
0.024896
0.024626
0.024380
0.024113
0.023932
0.023663
0.023458
0.023254
0.022950
0.022740
0.022533
0.022310
0.022170
0.021933
0.021727
0.021503
0.021283
0.021119
0.020938
0.020731
0.020570
0.020356
0.020153
0.020010
0.019837
0.019650
0.019511
0.019366
0.019209
0.019079
0.018927
0.018785
0.018708
0.018612
0.018496
0.018417
0.018345
0.018240
0.018146
0.018050
0.017937
0.017866
0.017752
0.017680
0.017607
0.017537
0.017443
0.017373
0.017289
0.017237
0.017145
0.017064
0.017015
0.016939
0.016869
0.016795
0.016737
0.016676
0.016625
0.016539
0.016479
0.016420
0.016368
0.016298
0.016255
0.016182
0.016111
0.016071
0.016000
0.015959
0.015929
0.015835
0.015808
0.015746
0.015705
0.015634
0.015583
0.015521
0.015483
0.015421
0.015391
0.015362
0.015289
0.015259
0.015208
0.015149
0.015109
0.015098
0.015047
0.015007
0.014955
0.014915
0.014856
0.014837
0.014765
0.014765
0.014735
0.014694
0.014643
0.014624
0.014596
0.014566
0.014526
0.014475
0.014475
0.014434
0.014384
0.014364
0.014354
0.014306
0.014266
0.014256
0.014236
0.014196
0.014165
0.014145
0.014126
0.014095
0.014055
0.014055
0.013997
0.013978
0.013978
0.013928
0.013907
0.013887
0.013877
0.013858
0.013838
0.013798
0.013768
0.013768
0.013742
0.013710
0.013671
0.013671
0.013652
0.013642
0.013621
0.013602
0.013582
0.013553
0.013553
0.013513
0.013513
0.013483
0.013457
0.013457
0.013417
0.013417
0.013388
0.013388
0.013388
0.013369
0.013330
0.013300
0.013300
0.013300
0.013281
0.013281
0.013251
0.013232
0.013232
0.013232
0.013205
0.013195
0.013195
0.013155
0.013155
0.013155
0.013137
0.013127
0.013127
0.013108
0.013108
0.013087
0.013087
0.013058
0.013058
0.013058
0.013040
0.013040
0.013040
0.013040
0.013012
0.013012
0.013012
0.013012
0.012993
0.012993
0.012993
0.012993
0.012965
0.012965
0.012965
0.012965
0.012965
0.012947
0.012947
0.012947
0.012938
0.012920
0.012920
0.012920
0.012920
0.012920
0.012920
0.012902
0.012902
0.012902
0.012893
0.012893
0.012876
0.012876
0.012876
0.012876
0.012876
0.012876
0.012859
0.012859
0.012859
0.012850
0.012850
0.012850
0.012833
0.012833
0.012833
0.012833
0.012833
0.012833
0.012833
0.012817
0.012817
0.012808
0.012808
0.012808
0.012808
0.012808
0.012808
0.012792
0.012792
0.012792
0.012792
0.012792
0.012792
0.012792
0.012792
0.012792
0.012777
0.012777
0.012777
0.012792
0.012792
0.012792
0.012777
0.012777
0.012777
0.012777
0.012777
0.012777
0.012777
0.012777
0.012777
0.012777
0.012777
0.012777
0.012777
0.012777
0.012777
0.012777
0.012777
0.012777
0.012777
0.012777
0.012777
0.012777
0.012777
0.012777
0.012777
0.012777
0.012777
0.012777
0.012777
0.012777
0.012777
0.012777
0.012777
0.012777
0.012777
0.012777
0.012777
0.012777
0.012777
0.012777
0.012777
0.012777
0.012777
0.012777
0.012777
0.012777
0.012777
0.012777
0.012777
0.012777
0.012777
0.012777
0.012777
0.012777
0.012777
0.012777
0.012777
0.012777
0.012777
0.012777
0.012777
0.012777
0.012777
0.012777
0.012777
0.012777
0.012777
0.012777
0.012777
0.012777
0.012777
0.012777
0.012777
0.012777
0.012777
0.012777
0.012777
0.012777
0.012777
0.012777
0.012777
0.012777
0.012777
0.012777
0.012777
0.012777
0.012777
0.012777
0.012777
0.012777
0.012777
0.012777
0.012777
0.012777
0.012777
0.012777
0.012777
0.012777
0.012777
0.012777
0.012777
0.012777
0.012777
0.012777
0.012777
0.012777
0.012777
0.012777
0.012777
0.012777
0.012777
0.012777
0.012777
0.012777
0.012777
0.012777
0.012777
0.012777
0.012777
0.012777
0.012777
0.012777
0.012777
0.012777
0.012777
0.012777
0.012777
0.012777
0.012777
0.012777
0.012777
0.012777
0.012777
0.012777
0.012777
0.012777
0.012777
0.012777
0.012777
0.012777
0.012777
0.012777
0.012777
0.012777
0.012777
0.012777
0.012777
0.012777
0.012777
0.012777
0.012777
0.012777
0.012777
0.012777
0.012777
0.012777
0.012777
0.012777
0.012777
0.012777
0.012777
0.012777
0.012777
0.012777
0.012777
0.012777
0.012777
0.012777
0.012777
0.012777
0.012777
0.012777
0.012777
0.012777
0.012777
0.012777
0.012777
0.012777
0.012777
0.012777
0.012777
0.012777
0.012777
0.012777
0.012777
0.012777
0.012777
0.012777
0.012777
0.012777
0.012777
0.012777
0.012777
0.012777
0.012777
0.012777
0.012777
0.012777
0.012777
0.012777
0.012777
0.012777
0.012777
0.012777
0.012777
0.012777
0.012777
0.012777
0.012777
0.012777
0.012777
0.012777
0.012777
0.012777
0.012777
0.012777
0.012777
0.012777
0.012777
0.012777
0.012777
0.012777
0.012777
0.012777
0.012777
0.012777
0.012777
0.012777
0.012777
0.012777
0.012777
0.012777
0.012777
0.012777
0.012777
0.012777
0.012777
0.012777
0.012777
0.012777
0.012777
0.012777
0.012777
0.012777
0.012777
0.012777
0.012777
0.012777
0.012777
0.012777
0.012777
0.012777
0.012777
0.012777
0.012777
0.012777
0.012777
0.012777
0.012777
0.012777
0.012777
0.012777
0.012777
0.012777
0.012777
0.012777
0.012777
0.012777
0.012777
0.012777
0.012777
0.012777
0.012777
0.012777
0.012777
0.012777
0.012777
0.012777
0.012777
0.012777
0.012777
0.012777
0.012777
0.012777
0.012777
0.012777
0.012777
0.012777
0.012777
0.012777
0.012777
0.012777
0.012777
0.012777
0.012777
0.012777
0.012777
0.012777
0.012777
0.012777
0.012777
0.012777
0.012777
0.012777
0.012777
0.012777
0.012777
0.012777
0.012777
0.012777
0.012777
0.012777
0.012777
0.012777
0.012777
0.012777
0.012777
0.012777
0.012777
0.012777
0.012777
0.012777
0.012777
0.012777
0.012777
0.012777
0.012777
0.012777
0.012777
0.012777
0.012777
0.012777
0.012777
0.012777
0.012777
0.012777
0.012777
0.012777
0.012777
0.012777
0.012777
0.012777
0.012777
0.012777
0.012777
0.012777
0.012777
0.012777
0.012777
0.012777
0.012777
0.012777
0.012777
0.012777
0.012777
0.012777
0.012777
0.012777
0.012777
0.012777
0.012777
0.012777
0.012777
0.012777
0.012777
0.012777
0.012777
0.012777
0.012777
0.012777
0.012777
0.012777
0.012777
0.012777
0.012777
0.012777
0.012777
0.012777
0.012777
0.012777
0.012777
0.012777
0.012777
0.012777
0.012777
0.012777
0.012777
