0.811192
0.811192
0.811192
0.811192
0.811192
0.811192
0.811192
0.811192
0.811130
0.811044
0.810942
0.810799
0.810645
0.810513
0.810378
0.810202
0.810046
0.809884
0.809629
0.809361
0.809122
0.808740
0.808237
0.807533
0.806673
0.805745
0.804603
0.803483
0.802324
0.801182
0.800001
0.798814
0.797666
0.796476
0.795191
0.793861
0.792557
0.791120
0.789769
0.788338
0.786970
0.785488
0.783965
0.782484
0.780797
0.779299
0.777566
0.776006
0.774374
0.772629
0.771066
0.769540
0.767859
0.766354
0.764744
0.763114
0.761557
0.760032
0.758376
0.756820
0.755188
0.753536
0.751925
0.750282
0.748465
0.746790
0.745019
0.743327
0.741695
0.739912
0.738293
0.736400
0.734577
0.732586
0.730459
0.728448
0.726398
0.724404
0.722315
0.720325
0.718194
0.715977
0.713735
0.711515
0.709147
0.706961
0.704727
0.702488
0.700289
0.698107
0.695893
0.693590
0.691299
0.688951
0.686638
0.684269
0.681943
0.679655
0.677332
0.675031
0.672818
0.670463
0.668104
0.665801
0.663430
0.661129
0.658709
0.656304
0.653952
0.651571
0.649318
0.646807
0.644528
0.642064
0.639628
0.637123
0.634660
0.632222
0.629872
0.627407
0.625071
0.622598
0.620059
0.617629
0.615065
0.612597
0.610061
0.607468
0.605015
0.602513
0.600147
0.597555
0.594936
0.592270
0.589598
0.587023
0.584303
0.581681
0.578953
0.576317
0.573622
0.571084
0.568568
0.566009
0.563501
0.560953
0.558528
0.556046
0.553580
0.551094
0.548729
0.546293
0.543845
0.541486
0.539011
0.536690
0.534263
0.531858
0.529403
0.526829
0.524455
0.522065
0.519632
0.517316
0.514906
0.512610
0.510252
0.507956
0.505794
0.503586
0.501428
0.499264
0.497126
0.494892
0.492334
0.489766
0.487061
0.484438
0.481963
0.479444
0.477152
0.474604
0.472257
0.469964
0.467416
0.464887
0.462119
0.459489
0.456717
0.454059
0.451559
0.449184
0.446880
0.444585
0.442403
0.440194
0.437781
0.435352
0.432790
0.430277
0.427824
0.425465
0.423233
0.421062
0.419018
0.416948
0.414743
0.412422
0.410012
0.407671
0.405450
0.403225
0.401059
0.398981
0.397000
0.394998
0.393010
0.390859
0.388609
0.386384
0.384177
0.382014
0.379988
0.378127
0.376274
0.374376
0.372547
0.370490
0.368531
0.366340
0.364254
0.362142
0.360189
0.358205
0.356371
0.354569
0.352689
0.350697
0.348700
0.346637
0.344716
0.342703
0.340821
0.338970
0.337175
0.335300
0.333362
0.331425
0.329365
0.327371
0.325488
0.323585
0.321763
0.320088
0.318435
0.316721
0.314933
0.313087
0.311118
0.309253
0.307485
0.305707
0.303865
0.302185
0.300440
0.298820
0.297262
0.295729
0.294121
0.292393
0.290957
0.289371
0.287837
0.286345
0.284755
0.283136
0.281589
0.279883
0.278284
0.276589
0.275151
0.273517
0.272090
0.270632
0.269118
0.267560
0.265978
0.264279
0.262688
0.261175
0.259673
0.258141
0.256700
0.255257
0.253864
0.252461
0.251020
0.249626
0.248183
0.246788
0.245422
0.244128
0.242701
0.241371
0.240086
0.238755
0.237494
0.236196
0.234929
0.233571
0.232422
0.231092
0.229818
0.228609
0.227419
0.226208
0.225033
0.223821
0.222690
0.221501
0.220432
0.219228
0.218045
0.217018
0.215831
0.214822
0.213758
0.212585
0.211599
0.210583
0.209561
0.208540
0.207547
0.206591
0.205519
0.204537
0.203549
0.202545
0.201647
0.200753
0.199813
0.198902
0.198075
0.197065
0.196171
0.195302
0.194495
0.193540
0.192777
0.191834
0.190969
0.190220
0.189373
0.188441
0.187752
0.186880
0.186173
0.185411
0.184595
0.183817
0.183166
0.182296
0.181664
0.180876
0.180166
0.179483
0.178825
0.178064
0.177401
0.176755
0.176062
0.175413
0.174714
0.174151
0.173505
0.172867
0.172197
0.171630
0.171014
0.170437
0.169800
0.169225
0.168620
0.168025
0.167469
0.166884
0.166417
0.165869
0.165305
0.164751
0.164238
0.163706
0.163170
0.162713
0.162111
0.161702
0.161161
0.160602
0.160160
0.159702
0.159302
0.158651
0.158272
0.157753
0.157266
0.156773
0.156322
0.155934
0.155407
0.154972
0.154592
0.154103
0.153694
0.153326
0.152880
0.152450
0.152044
0.151649
0.151290
0.150928
0.150603
0.150103
0.149713
0.149416
0.149010
0.148618
0.148293
0.147926
0.147563
0.147268
0.146935
0.146614
0.146300
0.145943
0.145622
0.145350
0.144986
0.144698
0.144348
0.144125
0.143894
0.143522
0.143248
0.142988
0.142711
0.142493
0.142258
0.141982
0.141721
0.141457
0.244146
0.243872
0.243673
0.243521
0.243281
0.243027
0.242887
0.242641
0.242487
0.242263
0.242135
0.241918
0.241709
0.241566
0.241358
0.241204
0.241029
0.240827
0.240688
0.240542
0.240331
0.240158
0.240051
0.239876
0.239675
0.239543
0.239402
0.239248
0.239107
0.238944
0.238843
0.238697
0.238522
0.238398
0.238254
0.238173
0.237994
0.237869
0.237740
0.237649
0.237454
0.237374
0.237295
0.237133
0.236874
0.236740
0.236586
0.236497
0.236348
0.236202
0.236126
0.236008
0.235898
0.235720
0.235673
0.235546
0.235426
0.235343
0.235268
0.235119
0.235074
0.234958
0.234849
0.234760
0.234710
0.234624
0.234449
0.234376
0.234378
0.234237
0.107661
0.107590
0.107479
0.107435
0.107361
0.107297
0.107180
0.107058
0.106850
0.106554
0.106243
0.105917
0.105523
0.105193
0.104819
0.104464
0.104106
0.103807
0.103462
0.103143
0.102807
0.102455
0.102172
0.101839
0.101441
0.101127
0.100772
0.100457
0.100115
0.099743
0.099461
0.099095
0.098773
0.098464
0.098112
0.097789
0.097464
0.097147
0.096840
0.096541
0.096284
0.095943
0.095600
0.095329
0.095018
0.094664
0.094256
0.093867
0.093552
0.093216
0.092941
0.092635
0.092283
0.091872
0.091451
0.090946
0.090511
0.090106
0.089643
0.089221
0.088842
0.088400
0.088003
0.087578
0.087173
0.086633
0.086205
0.085712
0.085275
0.084831
0.084421
0.084027
0.083571
0.083180
0.082742
0.082313
0.081881
0.081463
0.081009
0.080638
0.080210
0.079782
0.079379
0.078957
0.078549
0.078138
0.077748
0.077325
0.076924
0.076525
0.076088
0.075676
0.075258
0.074856
0.074449
0.074058
0.073616
0.073199
0.072798
0.072421
0.071998
0.071601
0.071198
0.070788
0.070357
0.069967
0.069537
0.069146
0.068739
0.068359
0.067950
0.067567
0.067148
0.066766
0.066431
0.066019
0.065629
0.065284
0.064844
0.064481
0.064102
0.063731
0.063345
0.062950
0.062549
0.062132
0.061771
0.061395
0.060989
0.060617
0.060172
0.059822
0.059447
0.059023
0.058670
0.058245
0.057849
0.057488
0.057060
0.056671
0.056277
0.055890
0.055502
0.055092
0.054724
0.054353
0.053966
0.053575
0.053149
0.052781
0.052372
0.052045
0.051664
0.051253
0.050871
0.050359
0.049982
0.049592
0.049186
0.048799
0.048400
0.048027
0.047662
0.047301
0.046915
0.046547
0.046165
0.045791
0.045445
0.045112
0.044770
0.044437
0.044044
0.043696
0.043371
0.043026
0.042684
0.042379
0.042016
0.041668
0.041351
0.041021
0.040698
0.040396
0.040053
0.039687
0.039404
0.039091
0.038762
0.038468
0.038138
0.037803
0.037514
0.037222
0.036917
0.036609
0.036296
0.035986
0.035695
0.035387
0.035114
0.034783
0.034497
0.034227
0.033987
0.033711
0.033460
0.033159
0.032909
0.032645
0.032367
0.032103
0.031862
0.031595
0.031331
0.031094
0.030826
0.030585
0.030347
0.030099
0.029878
0.029640
0.029391
0.029167
0.028926
0.028729
0.028510
0.028298
0.028060
0.027840
0.027636
0.027416
0.027217
0.027013
0.026834
0.026648
0.026432
0.026256
0.026041
0.025877
0.025660
0.025504
0.025284
0.025120
0.024943
0.024779
0.024478
0.024304
0.024107
0.023926
0.023713
0.023570
0.023396
0.023241
0.023078
0.022889
0.022736
0.022591
0.022448
0.022306
0.022161
0.022000
0.021865
0.021741
0.021593
0.021469
0.021334
0.021188
0.021046
0.020951
0.020807
0.020684
0.020549
0.020425
0.020304
0.020188
0.020085
0.019962
0.019882
0.019760
0.019646
0.019522
0.019427
0.019325
0.019221
0.019100
0.019020
0.018902
0.018821
0.018716
0.018635
0.018500
0.018420
0.018364
0.018273
0.018205
0.018152
0.018073
0.017978
0.017927
0.017871
0.017786
0.017726
0.017642
0.017569
0.017520
0.017422
0.017361
0.017300
0.017226
0.017158
0.017104
0.017022
0.016942
0.016900
0.016805
0.016766
0.016684
0.016624
0.016560
0.016507
0.016439
0.016367
0.016324
0.016244
0.016203
0.016170
0.016081
0.016042
0.015966
0.015948
0.015868
0.015826
0.015753
0.015707
0.015632
0.015613
0.015477
0.015359
0.015285
0.015215
0.015154
0.015133
0.015046
0.014993
0.014946
0.014883
0.014832
0.014793
0.014745
0.014705
0.014632
0.014607
0.014565
0.014521
0.014484
0.014424
0.014424
0.014365
0.014304
0.014303
0.014252
0.014233
0.014166
0.014154
0.014114
0.014055
0.014055
0.014003
0.013996
0.013937
0.013920
0.013886
0.013848
0.013820
0.013820
0.013751
0.013731
0.013710
0.013692
0.013650
0.013613
0.013595
0.013574
0.013601
0.013542
0.013552
0.013539
0.013537
0.013524
0.013501
0.013500
0.013481
0.013481
0.013469
0.013422
0.013441
0.013441
0.013387
0.013406
0.013354
0.013354
0.013355
0.013328
0.013328
0.013313
0.013244
0.013263
0.013263
0.013263
0.013225
0.013225
0.013188
0.013167
0.013167
0.013149
0.013148
0.013148
0.013131
0.013101
0.013080
0.013080
0.013074
0.013074
0.013035
0.013019
0.013006
0.013006
0.012871
0.012853
0.012801
0.012785
0.012750
0.012750
0.012729
0.012705
0.012666
0.012655
0.012645
0.012645
0.012637
0.012617
0.012600
0.012594
0.012582
0.012582
0.012559
0.012559
0.012552
0.012534
0.012534
0.012533
0.012513
0.012513
0.012513
0.012501
0.012483
0.012464
0.012464
0.012464
0.012464
0.012465
0.012465
0.012465
0.012447
0.012429
0.012423
0.012423
0.012411
0.012411
0.012411
0.012392
0.012392
0.012392
0.012419
0.012431
0.012457
0.012472
0.012470
0.012470
0.012487
0.012504
0.012522
0.012522
0.012541
0.012541
0.012559
0.012559
0.012559
0.012578
0.012578
0.012578
0.012598
0.012598
0.012598
0.012598
0.012598
0.012618
0.012618
0.012618
0.012618
0.012618
0.012618
0.012618
0.012618
0.012618
0.012637
0.012637
0.012637
0.012637
0.012637
0.012637
0.012637
0.012637
0.012637
0.012637
0.012637
0.012637
0.012637
0.012522
0.012504
0.012470
0.012454
0.012439
0.012439
0.012425
0.012413
0.012413
0.012401
0.012391
0.012391
0.012384
0.012384
0.012384
0.012378
0.012378
0.012378
0.012374
0.012374
0.012374
0.012374
0.012374
0.012373
0.012373
0.012373
0.012373
0.012373
0.012373
0.012373
0.012373
0.012373
0.012373
0.012374
0.012374
0.012374
0.012374
0.012374
0.012374
0.012374
0.012374
0.012374
0.012374
0.012374
0.012374
0.012374
0.012401
0.012413
0.012439
0.012454
0.012470
0.012470
0.012487
0.012504
0.012522
0.012522
0.012541
0.012541
0.012559
0.012559
0.012559
0.012578
0.012578
0.012578
0.012598
0.012598
0.012598
0.012598
0.012598
0.012618
0.012618
0.012618
0.012618
0.012618
0.012618
0.012618
0.012618
0.012618
0.012637
0.012637
0.012637
0.012637
0.012637
0.012637
0.012637
0.012637
0.012637
0.012637
0.012637
0.012637
0.012637
0.012522
0.012504
0.012470
0.012454
0.012439
0.012439
0.012425
0.012413
0.012413
0.012401
0.012391
0.012391
0.012384
0.012384
0.012384
0.012378
0.012378
0.012378
0.012374
0.012374
0.012374
0.012374
0.012374
0.012373
0.012373
0.012373
0.012373
0.012373
0.012373
0.012373
0.012373
0.012373
0.012374
0.012374
0.012374
0.012374
0.012374
0.012374
0.012374
0.012374
0.012374
0.012374
0.012374
0.012374
0.012374
0.012401
0.012413
0.012439
0.012454
0.012470
0.012470
0.012487
0.012504
0.012504
0.012522
0.012541
0.012541
0.012559
0.012559
0.012559
0.012578
0.012578
0.012578
0.012598
0.012598
0.012598
0.012598
0.012598
0.012618
0.012618
0.012618
0.012618
0.012618
0.012618
0.012618
0.012618
0.012618
0.012618
0.012637
0.012637
0.012637
0.012637
0.012637
0.012637
0.012637
0.012637
0.012637
0.012637
0.012637
0.012637
0.012637
0.012522
0.012504
0.012470
0.012454
0.012439
0.012439
0.012425
0.012413
0.012401
0.012401
0.012391
0.012391
0.012384
0.012384
0.012384
0.012378
0.012378
0.012378
0.012374
0.012374
0.012374
0.012374
0.012374
0.012373
0.012373
0.012373
0.012373
0.012373
0.012373
0.012373
0.012373
0.012373
0.012374
0.012374
0.012374
0.012374
0.012374
0.012374
0.012374
0.012374
0.012374
0.012374
0.012374
0.012374
0.012374
0.012401
0.012413
0.012439
0.012454
0.012470
0.012470
0.012487
0.012504
0.012504
0.012522
0.012541
0.012541
0.012559
0.012559
0.012559
0.012578
0.012578
0.012578
0.012598
0.012598
0.012598
0.012598
0.012598
0.012618
0.012618
0.012618
0.012618
0.012618
0.012618
0.012618
0.012618
0.012618
0.012618
0.012637
0.012637
0.012637
0.012637
0.012637
0.012637
0.012637
0.012637
0.012637
0.012637
0.012637
0.012637
0.012522
0.012504
0.012470
0.012454
0.012439
0.012439
0.012425
0.012413
0.012413
0.012401
0.012391
0.012391
0.012384
0.012384
0.012384
0.012378
0.012378
0.012378
0.012374
0.012374
0.012374
0.012374
0.012374
0.012373
0.012373
0.012373
0.012373
0.012373
0.012373
0.012373
0.012373
0.012373
0.012373
0.012374
0.012374
0.012374
0.012374
0.012374
0.012374
0.012374
0.012374
0.012374
0.012374
0.012374
0.012374
0.012374
0.012401
0.012413
0.012439
0.012454
0.012470
0.012470
0.012487
0.012504
0.012522
0.012522
0.012541
0.012541
0.012559
0.012559
0.012559
0.012578
0.012578
0.012578
0.012598
0.012598
0.012598
0.012598
0.012598
0.012618
0.012618
0.012618
0.012618
0.012618
0.012618
0.012618
0.012618
0.012618
0.012637
0.012637
0.012637
0.012637
0.012637
0.012637
0.012637
0.012637
0.012637
0.012637
0.012637
0.012637
0.012637
0.012522
0.012504
0.012470
0.012454
0.012439
0.012439
0.012425
0.012413
0.012413
0.012401
0.012391
0.012391
0.012384
0.012384
0.012384
0.012378
0.012378
0.012378
0.012374
0.012374
0.012374
0.012374
0.012374
0.012373
0.012373
0.012373
0.012373
0.012373
0.012373
0.012373
0.012373
0.012373
0.012373
0.012374
0.012374
0.012374
0.012374
0.012374
0.012374
0.012374
0.012374
0.012374
0.012374
0.012374
0.012374
0.012401
0.012413
0.012439
0.012454
0.012470
0.012470
0.012487
0.012504
0.012504
0.012522
0.012541
0.012541
0.012559
0.012559
0.012559
0.012578
0.012578
0.012578
0.012598
0.012598
0.012598
0.012598
0.012598
0.012618
0.012618
0.012618
0.012618
0.012618
0.012618
0.012618
0.012618
0.012618
0.012618
0.012637
0.012637
0.012637
0.012637
0.012637
0.012637
0.012637
0.012637
0.012637
0.012637
0.012637
0.012637
0.012637
0.012522
0.012504
0.012470
0.012454
0.012439
0.012439
0.012425
