0.648146
0.648146
0.648146
0.648146
0.648146
0.648146
0.648146
0.648146
0.648146
0.648146
0.648146
0.648146
0.648146
0.648146
0.648146
0.648146
0.648146
0.648146
0.648146
0.648146
0.648146
0.648146
0.648118
0.647856
0.647605
0.647228
0.646774
0.646176
0.645205
0.644009
0.642516
0.640319
0.637920
0.635151
0.632260
0.629284
0.626368
0.623349
0.620291
0.617125
0.613916
0.610383
0.606982
0.603374
0.599930
0.596330
0.592914
0.589465
0.585999
0.582565
0.579148
0.575758
0.572321
0.568962
0.565458
0.562036
0.558533
0.555173
0.551903
0.548471
0.545202
0.541817
0.538554
0.535215
0.531981
0.528662
0.525367
0.522205
0.518981
0.515652
0.512454
0.509391
0.506238
0.503092
0.499952
0.496685
0.493799
0.490605
0.487566
0.484455
0.481615
0.478450
0.475341
0.472518
0.469641
0.466554
0.463839
0.460973
0.458073
0.455296
0.452442
0.449695
0.446824
0.444085
0.441433
0.438643
0.435862
0.433129
0.430485
0.427722
0.425143
0.422614
0.419982
0.417496
0.414987
0.412593
0.410159
0.408148
0.406329
0.404908
0.403909
0.403484
0.403446
0.403183
0.403167
0.402776
0.402311
0.401386
0.399717
0.397769
0.395170
0.392715
0.390156
0.387713
0.385349
0.383164
0.380966
0.378775
0.376616
0.374274
0.372013
0.369556
0.367238
0.364763
0.362564
0.360152
0.357972
0.355859
0.353853
0.352160
0.350859
0.349846
0.349213
0.348689
0.348664
0.348358
0.347617
0.346381
0.344452
0.342231
0.339754
0.337390
0.334954
0.333059
0.331222
0.329358
0.327853
0.326061
0.324330
0.322389
0.320580
0.318731
0.316803
0.315061
0.313402
0.311623
0.309814
0.308199
0.306594
0.304827
0.303174
0.301494
0.300071
0.298467
0.296923
0.295364
0.293865
0.292305
0.290629
0.288976
0.287349
0.285662
0.284154
0.282308
0.280726
0.278998
0.277367
0.275592
0.273783
0.272218
0.270540
0.268979
0.267356
0.265669
0.264219
0.262367
0.260826
0.259078
0.257375
0.255706
0.254134
0.252453
0.250833
0.249393
0.247774
0.246288
0.244813
0.243252
0.241746
0.240281
0.238465
0.237070
0.235589
0.234035
0.232467
0.230877
0.229453
0.227769
0.226354
0.224860
0.223326
0.221862
0.220341
0.218843
0.217311
0.215703
0.214319
0.212819
0.211449
0.210037
0.208606
0.207005
0.205688
0.204180
0.202876
0.201400
0.200070
0.198500
0.197243
0.195805
0.194563
0.193142
0.191768
0.190433
0.189090
0.187771
0.186463
0.185171
0.183851
0.182429
0.181392
0.180072
0.178689
0.177526
0.176302
0.175021
0.173765
0.172513
0.171338
0.170132
0.168923
0.167721
0.166515
0.165385
0.164122
0.162995
0.161894
0.160620
0.159534
0.158472
0.157230
0.156155
0.155055
0.153883
0.152789
0.151635
0.150703
0.149450
0.148306
0.147298
0.146223
0.145122
0.144040
0.143034
0.142038
0.140992
0.139956
0.138915
0.137890
0.136861
0.135978
0.134887
0.134010
0.132871
0.131925
0.130973
0.129982
0.129069
0.128123
0.127119
0.126239
0.125374
0.124355
0.123443
0.122511
0.121659
0.120732
0.119788
0.118971
0.118017
0.117161
0.116328
0.115416
0.114524
0.113586
0.112801
0.111934
0.111025
0.110150
0.109415
0.108580
0.107756
0.106914
0.106126
0.105365
0.104450
0.103636
0.102821
0.102069
0.101393
0.100618
0.099769
0.098965
0.098156
0.097516
0.096772
0.096034
0.095321
0.094504
0.093891
0.093213
0.092493
0.091770
0.090994
0.090339
0.089657
0.088995
0.088328
0.087579
0.086917
0.086253
0.085630
0.084915
0.084269
0.083552
0.082966
0.082317
0.081696
0.081052
0.080435
0.079874
0.079231
0.078640
0.078055
0.077345
0.076828
0.076216
0.075611
0.075007
0.074427
0.073845
0.073335
0.072722
0.072205
0.071639
0.071076
0.070499
0.069908
0.069385
0.068841
0.068283
0.067787
0.067166
0.066702
0.066139
0.065569
0.065081
0.064558
0.064008
0.063453
0.062929
0.062471
0.062024
0.061441
0.060940
0.060427
0.059929
0.059406
0.058850
0.058395
0.057898
0.057445
0.056980
0.056450
0.055933
0.055464
0.055063
0.054616
0.054126
0.053617
0.053195
0.052697
0.052296
0.051863
0.051437
0.050975
0.050493
0.050162
0.049741
0.049269
0.048881
0.048471
0.048032
0.047605
0.047191
0.046835
0.046408
0.045992
0.045621
0.045247
0.044844
0.044474
0.044075
0.043726
0.043368
0.042954
0.042597
0.042233
0.041835
0.041529
0.041094
0.040849
0.040421
0.040075
0.039771
0.039420
0.039023
0.038703
0.038370
0.038023
0.037746
0.037366
0.037035
0.036689
0.036378
0.036119
0.035712
0.035437
0.035068
0.034754
0.034472
0.034156
0.033815
0.033565
0.033250
0.032890
0.032593
0.032279
0.032003
0.031710
0.031407
0.031117
0.030868
0.030533
0.030186
0.029937
0.029657
0.029338
0.029122
0.028781
0.028544
0.028234
0.027947
0.027668
0.027418
0.027173
0.026885
0.026648
0.026397
0.026148
0.025868
0.025593
0.025346
0.025126
0.024868
0.024658
0.024404
0.024198
0.023943
0.023729
0.023549
0.023348
0.023094
0.022879
0.022730
0.022495
0.022318
0.022063
0.021877
0.021701
0.021533
0.021380
0.021170
0.020946
0.020866
0.020631
0.020455
0.020336
0.020117
0.019947
0.019828
0.019670
0.019484
0.019337
0.019162
0.019013
0.018869
0.018738
0.018592
0.018483
0.018304
0.018151
0.018015
0.017935
0.017778
0.017620
0.017484
0.017366
0.017230
0.017137
0.016967
0.016887
0.016730
0.016650
0.016510
0.016357
0.016249
0.016182
0.016073
0.015966
0.015798
0.015691
0.015651
0.015542
0.015435
0.015366
0.015222
0.015113
0.015073
0.014966
0.014876
0.014796
0.014726
0.014582
0.014542
0.014406
0.014366
0.014287
0.014191
0.014074
0.014034
0.013916
0.013836
0.013796
0.013700
0.013660
0.013581
0.013474
0.013407
0.013367
0.013258
0.013191
0.013151
0.013091
0.013022
0.012916
0.012836
0.012797
0.012727
0.012661
0.012621
0.012552
0.012512
0.012445
0.012401
0.012332
0.012292
0.012252
0.012185
0.012146
0.012076
0.012076
0.012036
0.011970
0.011900
0.011857
0.011817
0.011777
0.011710
0.011681
0.011641
0.011601
0.011561
0.011495
0.011465
0.011425
0.011385
0.011346
0.011342
0.011245
0.011205
0.011205
0.011166
0.011126
0.011126
0.011029
0.010990
0.010990
0.010950
0.010910
0.010910
0.010841
0.010814
0.010770
0.010730
0.010730
0.010690
0.010690
0.010622
0.010622
0.010554
0.010514
0.010514
0.010475
0.010475
0.010435
0.010406
0.010366
0.010339
0.010299
0.010299
0.010259
0.010255
0.010255
0.010186
0.010186
0.010146
0.010146
0.010079
0.010079
0.010039
0.010039
0.010039
0.009999
0.009970
0.009930
0.009930
0.009930
0.009891
0.009891
0.009891
0.009851
0.009851
0.009851
0.009811
0.009811
0.009811
0.009771
0.009767
0.009767
0.009728
0.009728
0.009728
0.009688
0.009688
0.009688
0.009648
0.009648
0.009648
0.009608
0.009608
0.009608
0.009608
0.009568
0.009568
0.009568
0.009568
0.009528
0.009528
0.009528
