0.819382
0.819382
0.819382
0.819382
0.819382
0.819382
0.819382
0.819382
0.819388
0.819384
0.819357
0.819282
0.818989
0.818846
0.818336
0.817949
0.817239
0.816613
0.815890
0.815060
0.814275
0.813266
0.812519
0.811830
0.810791
0.809736
0.808481
0.806960
0.805252
0.803522
0.801917
0.800266
0.798792
0.797496
0.795610
0.793684
0.791501
0.789276
0.786822
0.784413
0.782261
0.779939
0.777905
0.775692
0.773530
0.771194
0.769065
0.766728
0.764422
0.762186
0.759924
0.757672
0.755532
0.753207
0.750972
0.748944
0.746767
0.744483
0.742344
0.740165
0.738061
0.735694
0.733700
0.731343
0.729318
0.727071
0.724968
0.722944
0.720694
0.718604
0.716491
0.714317
0.712355
0.710033
0.707871
0.705899
0.703933
0.701589
0.699511
0.697204
0.694887
0.692274
0.689596
0.687154
0.684697
0.682179
0.679824
0.677625
0.675643
0.673861
0.672338
0.670664
0.669092
0.667367
0.665414
0.663507
0.661267
0.658909
0.656484
0.654459
0.652320
0.650189
0.648195
0.646318
0.644290
0.642424
0.640389
0.638407
0.636500
0.634482
0.632724
0.630643
0.628923
0.627042
0.625150
0.623440
0.621749
0.619869
0.618203
0.616384
0.614777
0.613279
0.611463
0.609960
0.608367
0.607040
0.605590
0.604411
0.603314
0.602377
0.601289
0.600328
0.599308
0.598235
0.597184
0.596317
0.595342
0.594191
0.593198
0.592201
0.590962
0.589712
0.588490
0.587017
0.585554
0.584209
0.582787
0.581374
0.580171
0.578560
0.577133
0.575302
0.573400
0.571184
0.568871
0.566367
0.564059
0.561907
0.560014
0.557938
0.555891
0.553462
0.550989
0.548277
0.545491
0.542673
0.539796
0.537133
0.534621
0.532009
0.529627
0.526865
0.524201
0.521607
0.518917
0.516237
0.513461
0.511047
0.508294
0.505607
0.503057
0.500332
0.497766
0.495291
0.492520
0.490103
0.487469
0.484931
0.482169
0.479743
0.477315
0.474792
0.472334
0.469757
0.467275
0.464844
0.462325
0.459744
0.457334
0.454945
0.452550
0.450188
0.447815
0.445275
0.442944
0.440620
0.438236
0.435872
0.433600
0.431199
0.429014
0.426688
0.424379
0.422091
0.419926
0.417823
0.415471
0.413162
0.411181
0.408872
0.406837
0.404732
0.402569
0.400501
0.398441
0.396434
0.394200
0.392240
0.390085
0.388249
0.386290
0.384213
0.382307
0.380313
0.378385
0.376654
0.374610
0.372752
0.370917
0.369152
0.367225
0.365391
0.363692
0.361990
0.360068
0.358451
0.356834
0.355012
0.353337
0.351586
0.350044
0.348320
0.346721
0.345178
0.343568
0.341895
0.340437
0.338854
0.337487
0.335848
0.334374
0.332932
0.331526
0.330046
0.328692
0.327032
0.325667
0.324492
0.323098
0.321583
0.320392
0.318819
0.317404
0.316075
0.314796
0.313465
0.312159
0.310991
0.309625
0.308436
0.307378
0.306140
0.304963
0.303907
0.302724
0.301595
0.300463
0.299254
0.298388
0.297225
0.296186
0.295303
0.294269
0.293098
0.292114
0.291258
0.290200
0.289320
0.288441
0.287403
0.286402
0.285693
0.284827
0.283966
0.283132
0.282211
0.281270
0.280504
0.279714
0.278932
0.278058
0.277383
0.276636
0.275776
0.275035
0.274329
0.273796
0.273039
0.272396
0.271758
0.271083
0.270347
0.269792
0.269144
0.268517
0.267881
0.267272
0.266636
0.266121
0.265537
0.265022
0.264370
0.263745
0.263228
0.262672
0.262065
0.261519
0.261008
0.260512
0.259947
0.259341
0.258890
0.258398
0.257927
0.257448
0.256943
0.256507
0.255921
0.255545
0.254971
0.254512
0.254034
0.253667
0.253168
0.252755
0.252256
0.251893
0.251479
0.250954
0.250577
0.250246
0.249951
0.249173
0.248851
0.248242
0.247757
0.247367
0.247103
0.246552
0.246259
0.245859
0.245449
0.245220
0.244816
0.244455
0.244117
0.243813
0.243500
0.243256
0.242881
0.242533
0.242173
0.241937
0.241717
0.241436
0.241197
0.240813
0.240595
0.240396
0.240033
0.239869
0.239612
0.239347
0.238999
0.238868
0.238640
0.238425
0.238208
0.238041
0.237812
0.522593
0.522375
0.522166
0.521951
0.521658
0.521620
0.521541
0.521425
0.521351
0.521076
0.520959
0.520738
0.520591
0.520512
0.520392
0.520122
0.520065
0.519914
0.519773
0.519596
0.223983
0.223780
0.223757
0.223468
0.223443
0.223336
0.223149
0.222750
0.222231
0.221711
0.220995
0.220254
0.219496
0.218615
0.218034
0.217483
0.216748
0.216049
0.215418
0.214821
0.214114
0.213433
0.212819
0.211847
0.211087
0.210321
0.209603
0.208957
0.208243
0.207468
0.206861
0.206112
0.205498
0.204485
0.203803
0.202847
0.202225
0.201529
0.200861
0.200155
0.199482
0.198798
0.198085
0.197389
0.196819
0.196147
0.195450
0.194847
0.194265
0.193564
0.192881
0.192201
0.191499
0.191031
0.190425
0.189775
0.189300
0.188873
0.188254
0.187732
0.187000
0.186464
0.185687
0.185091
0.184429
0.184076
0.184122
0.184361
0.184577
0.184923
0.185115
0.185432
0.185556
0.185721
0.185826
0.185935
0.186277
0.186691
0.187098
0.187471
0.187787
0.188085
0.188638
0.188989
0.189190
0.189684
0.190217
0.190728
0.191197
0.191693
0.192209
0.192672
0.193413
0.193997
0.194646
0.195251
0.195969
0.196600
0.197316
0.198119
0.198924
0.199846
0.200514
0.201412
0.202246
0.203076
0.204017
0.204993
0.205707
0.206709
0.207813
0.208448
0.209085
0.209003
0.208494
0.207585
0.206493
0.205123
0.203608
0.201832
0.200222
0.198411
0.196753
0.195072
0.193227
0.191452
0.189632
0.187955
0.186291
0.184499
0.182701
0.181146
0.179257
0.177694
0.176078
0.174333
0.172814
0.171345
0.169570
0.167983
0.166436
0.164831
0.163380
0.161786
0.160293
0.158717
0.157137
0.155730
0.154227
0.152761
0.151547
0.149906
0.148597
0.147222
0.145656
0.144268
0.142990
0.141600
0.140286
0.138875
0.137431
0.136270
0.134848
0.133465
0.132337
0.130957
0.129677
0.128437
0.127222
0.126100
0.124811
0.123682
0.122345
0.121150
0.120077
0.118910
0.117606
0.116522
0.115442
0.114315
0.113092
0.111906
0.110697
0.109703
0.108530
0.107390
0.106351
0.105255
0.104027
0.103012
0.101960
0.100859
0.099782
0.098714
0.097643
0.096732
0.095616
0.094483
0.093538
0.092584
0.091504
0.090649
0.089550
0.088650
0.087448
0.086256
0.085199
0.084303
0.083277
0.082134
0.081194
0.080312
0.079233
0.078270
0.077110
0.076019
0.075036
0.074162
0.073189
0.072361
0.071337
0.070443
0.069619
0.068664
0.067899
0.067094
0.066298
0.065503
0.064648
0.063634
0.063037
0.062217
0.061524
0.060812
0.059984
0.059345
0.058572
0.057847
0.057085
0.056481
0.055836
0.055217
0.054392
0.053885
0.053242
0.052614
0.052059
0.051421
0.050862
0.050253
0.049525
0.049080
0.048533
0.048071
0.047586
0.047136
0.046586
0.046069
0.045580
0.045228
0.044731
0.044383
0.043915
0.043437
0.043149
0.042625
0.042149
0.041857
0.041338
0.040942
0.040688
0.040148
0.039839
0.039407
0.039078
0.038701
0.038270
0.037955
0.037548
0.037156
0.036714
0.036422
0.036090
0.035692
0.035406
0.035171
0.034644
0.034326
0.034091
0.033792
0.033313
0.033015
0.032799
0.032446
0.032069
0.031750
0.031207
0.030820
0.030369
0.030018
0.029715
0.029423
0.029037
0.028702
0.028136
0.027714
0.027408
0.027043
0.026726
0.026560
0.026211
0.025870
0.025711
0.025392
0.025124
0.024909
0.024528
0.024318
0.024139
0.023941
0.023684
0.023422
0.023187
0.023051
0.022893
0.022533
0.022292
0.022157
0.021999
0.021794
0.021592
0.021406
0.021218
0.021031
0.020824
0.020637
0.020478
0.020328
0.020196
0.019987
0.019844
0.019564
0.019470
0.019429
0.019189
0.019203
0.019055
0.018994
0.018822
0.018769
0.018792
0.018764
0.018671
0.018627
0.018504
0.018438
0.018339
0.018298
0.018331
0.018210
0.018192
0.018250
0.018059
0.017956
0.017835
0.017892
0.017808
0.017694
0.017631
0.017581
0.017434
0.017313
0.017313
0.017251
0.017147
0.017207
0.017075
0.017025
0.016866
0.016800
0.016757
0.016636
0.016658
0.016592
0.016537
0.016471
0.016307
0.015908
0.015789
0.015688
0.015483
0.015395
0.015330
0.015233
0.015130
0.014751
0.014544
0.014415
0.014291
0.014224
0.014066
0.014025
0.013971
0.013850
0.013817
0.013675
0.013675
0.013531
0.013531
0.013531
0.013445
0.013353
0.013276
0.013266
0.013266
0.013145
0.013145
0.013145
0.013038
0.013038
0.012921
0.012921
0.012921
0.012855
0.012763
0.012763
0.012697
0.012697
0.012700
0.012635
0.012569
0.012569
0.012532
0.012466
0.012545
0.012523
0.012536
0.012580
0.012627
0.012627
0.012611
0.012648
0.012734
0.012813
0.012846
0.012892
0.012948
0.012943
0.012928
0.013038
0.013001
0.013055
0.013047
0.013092
0.013036
0.013036
0.013027
0.013086
0.013086
0.013143
0.013143
0.013041
0.012985
0.012985
0.013043
0.013043
0.013037
0.013037
0.013037
0.013037
0.012983
0.012983
0.012917
0.012976
0.012939
0.012939
0.012939
0.012873
0.012530
0.012477
0.012376
0.012329
0.012285
0.012285
0.012178
0.011799
0.011735
0.011601
0.011526
0.011482
0.011459
0.011352
0.011314
0.011297
0.011264
0.011236
0.011226
0.011203
0.011203
0.011203
0.011186
0.011183
0.011183
0.011172
0.011172
0.011172
0.011172
0.011106
0.011106
0.011103
0.011103
0.011106
0.011106
0.011106
0.011106
0.011106
0.011106
0.011106
0.011110
0.011110
0.011110
0.011110
0.011110
0.011110
0.011189
0.011222
0.011301
0.011346
0.011393
0.011393
0.011442
0.011494
0.011625
0.011658
0.011791
0.011835
0.011937
0.011937
0.011987
0.012095
0.012147
0.012147
0.012259
0.012259
0.012315
0.012315
0.012315
0.012430
0.012430
0.012430
0.012488
0.012488
0.012488
0.012488
0.012488
0.012546
0.012606
0.012606
0.012606
0.012606
0.012606
0.012606
0.012606
0.012606
0.012665
0.012665
0.012665
0.012665
0.012665
0.012322
0.012269
0.012168
0.012121
0.012076
0.012076
0.012035
0.011656
0.011603
0.011469
0.011394
0.011350
0.011327
0.011286
0.011248
0.011231
0.011198
0.011170
0.011160
0.011137
0.011137
0.011137
0.011120
0.011117
0.011117
0.011106
0.011106
0.011106
0.011106
0.011106
0.011103
0.011103
0.011103
0.011106
0.011106
0.011106
0.011106
0.011106
0.011106
0.011106
0.011110
0.011110
0.011110
0.011110
0.011110
0.011110
0.011189
0.011222
0.011301
0.011346
0.011393
0.011393
0.011442
0.011494
0.011625
0.011658
0.011791
0.011835
0.011937
0.011937
0.011987
0.012095
0.012147
0.012147
0.012259
0.012259
0.012315
0.012315
0.012315
0.012430
0.012430
0.012430
0.012488
0.012488
0.012488
0.012488
0.012488
0.012546
0.012606
0.012606
0.012606
0.012606
0.012606
0.012606
0.012606
0.012606
0.012665
0.012665
0.012665
0.012665
0.012322
0.012269
0.012168
0.012121
0.012076
0.012076
0.012035
0.011997
0.011656
0.011569
0.011441
0.011394
0.011327
0.011327
0.011286
0.011231
0.011231
0.011198
0.011160
0.011160
0.011137
0.011137
0.011137
0.011120
0.011117
0.011117
0.011106
0.011106
0.011106
0.011106
0.011106
0.011103
0.011103
0.011106
0.011106
0.011106
0.011106
0.011106
0.011106
0.011106
0.011106
0.011110
0.011110
0.011110
0.011110
0.011110
0.011110
0.011189
0.011222
0.011301
0.011346
0.011393
0.011393
0.011442
0.011494
0.011625
0.011658
0.011791
0.011835
0.011937
0.011937
0.011987
0.012095
0.012147
0.012147
0.012259
0.012259
0.012315
0.012315
0.012315
0.012430
0.012430
0.012430
0.012488
0.012488
0.012488
0.012488
0.012488
0.012546
0.012606
0.012606
0.012606
0.012606
0.012606
0.012606
0.012606
0.012606
0.012665
0.012665
0.012665
0.012665
0.012322
0.012269
0.012168
0.012121
0.012076
0.012076
0.012035
0.011997
0.011656
0.011569
0.011441
0.011394
0.011327
0.011327
0.011286
0.011231
0.011231
0.011198
0.011160
0.011160
0.011137
0.011137
0.011137
0.011120
0.011117
0.011117
0.011106
0.011106
0.011106
0.011106
