0.459116
0.459116
0.459116
0.459116
0.459116
0.459116
0.459116
0.459017
0.458298
0.457091
0.455333
0.453581
0.451450
0.449365
0.446531
0.443594
0.440299
0.437059
0.433754
0.430771
0.427740
0.424647
0.421516
0.418669
0.415734
0.412689
0.409567
0.406309
0.403327
0.400264
0.397310
0.394360
0.391346
0.388368
0.385367
0.382441
0.379355
0.376533
0.373548
0.370691
0.367901
0.364685
0.361982
0.359122
0.356163
0.353312
0.350524
0.347650
0.344888
0.342163
0.339195
0.336617
0.333736
0.330929
0.328351
0.325328
0.322868
0.320116
0.317272
0.314775
0.311959
0.309286
0.306691
0.304071
0.301268
0.298705
0.296189
0.293666
0.290911
0.288288
0.285697
0.283227
0.280419
0.277959
0.275333
0.272847
0.270367
0.267740
0.265205
0.262704
0.260064
0.257650
0.255064
0.252569
0.250171
0.247768
0.245145
0.242768
0.240315
0.237963
0.235380
0.233024
0.230767
0.228347
0.226005
0.223442
0.221229
0.218892
0.216567
0.214163
0.211756
0.209616
0.207430
0.205029
0.202979
0.200786
0.198365
0.196054
0.193899
0.191722
0.189497
0.187352
0.185099
0.182938
0.180985
0.178691
0.176702
0.174675
0.172394
0.170359
0.168378
0.166317
0.164230
0.162317
0.160262
0.158340
0.156350
0.154337
0.152591
0.150571
0.148544
0.146615
0.144768
0.142906
0.141071
0.139106
0.137499
0.135771
0.133904
0.132258
0.130438
0.128901
0.126965
0.125482
0.123846
0.122070
0.120566
0.118998
0.117285
0.116128
0.114334
0.112809
0.111430
0.109840
0.108473
0.107174
0.105666
0.104371
0.102916
0.101591
0.100250
0.099035
0.097610
0.096442
0.094995
0.093835
0.092669
0.091513
0.090119
0.089149
0.087829
0.086804
0.085634
0.084490
0.083337
0.082268
0.081272
0.080036
0.079195
0.078208
0.077055
0.075941
0.075109
0.074074
0.073030
0.072220
0.071211
0.070269
0.069378
0.068457
0.067672
0.066775
0.066094
0.065127
0.064185
0.063396
0.062596
0.061892
0.061083
0.060115
0.059312
0.058585
0.057852
0.057191
0.056313
0.055739
0.054903
0.054366
0.053624
0.052827
0.052249
0.051606
0.050879
0.050184
0.049543
0.048939
0.048245
0.047629
0.047135
0.046641
0.045842
0.045290
0.044812
0.044243
0.043561
0.043071
0.042477
0.041908
0.041372
0.040797
0.040429
0.039851
0.039268
0.038794
0.038237
0.037917
0.037364
0.036886
0.036313
0.036087
0.035585
0.035217
0.034624
0.034342
0.033682
0.033313
0.032830
0.032619
0.032090
0.031722
0.031148
0.030890
0.030563
0.030114
0.029650
0.029314
0.028951
0.028530
0.028272
0.027928
0.027450
0.027183
0.026872
0.026539
0.026166
0.025897
0.025750
0.025219
0.024899
0.024741
0.024325
0.024066
0.023799
0.023598
0.023278
0.023028
0.022670
0.022412
0.022302
0.021943
0.021622
0.021622
0.021154
0.021154
0.020896
0.020576
0.020427
0.020107
0.020092
0.019672
0.019625
0.019398
0.019240
0.018929
0.018771
0.018560
0.018560
0.018140
0.018093
0.017882
0.017724
0.017413
0.017256
0.017030
0.017030
0.016820
0.016610
0.016563
0.016242
0.016242
0.016078
0.015867
0.015609
0.015499
0.015499
0.015288
0.015078
0.015078
0.014710
0.014710
0.014563
0.014351
0.014227
0.014079
0.013968
0.013968
0.013758
0.013548
0.013548
0.013448
0.013180
0.013180
0.013079
0.012931
0.012712
0.012596
0.012596
0.012438
0.012327
0.012227
0.012126
0.012016
0.012016
0.011806
0.011759
0.011649
0.011548
0.011548
0.011276
0.011165
0.011065
0.011065
0.011065
0.010907
0.010797
0.010696
0.010696
0.010586
0.010586
0.010376
0.010376
0.010376
0.010219
0.010219
0.010118
0.010118
0.010008
0.009898
0.009898
0.009798
0.009798
0.009798
0.009688
0.009532
0.009414
0.009414
0.009414
0.009414
0.009305
0.009305
0.009205
0.009205
0.009205
0.009205
0.009205
0.009095
0.008932
0.008932
0.008932
0.008821
0.008821
0.008821
0.008711
0.008610
0.008610
0.008610
0.008610
0.008610
0.008610
0.008610
0.008500
0.008352
0.008352
0.008463
0.008463
0.008463
0.008463
0.008352
0.008352
0.008352
0.008352
0.008352
0.008352
0.008352
0.008352
0.008352
0.008352
0.008352
0.008352
0.008352
0.008352
0.008352
0.008352
0.008352
0.008352
0.008352
0.008352
0.008352
0.008352
0.008352
0.008352
0.008352
0.008352
0.008352
0.008352
0.008352
0.008352
0.008352
0.008352
0.008352
0.008352
0.008352
0.008352
0.008352
0.008352
0.008352
0.008352
0.008352
0.008352
0.008352
0.008352
0.008352
0.008352
0.008352
0.008352
0.008352
0.008352
0.008352
0.008352
0.008352
0.008352
0.008352
0.008352
0.008352
0.008352
0.008352
0.008352
0.008352
0.008352
0.008352
0.008352
0.008352
0.008352
0.008352
0.008352
0.008352
0.008352
0.008352
0.008352
0.008352
0.008352
0.008352
0.008352
0.008352
0.008352
0.008352
0.008352
0.008352
0.008352
0.008352
0.008352
0.008352
0.008352
0.008352
0.008352
0.008352
0.008352
0.008352
0.008352
0.008352
0.008352
0.008352
0.008352
0.008352
0.008352
0.008352
0.008352
0.008352
0.008352
0.008352
0.008352
0.008352
0.008352
0.008352
0.008352
0.008352
0.008352
0.008352
0.008352
0.008352
0.008352
0.008352
0.008352
0.008352
0.008352
0.008352
0.008352
0.008352
0.008352
0.008352
0.008352
0.008352
0.008352
0.008352
0.008352
0.008352
0.008352
0.008352
0.008352
0.008352
0.008352
0.008352
0.008352
0.008352
0.008352
0.008352
0.008352
0.008352
0.008352
0.008352
0.008352
0.008352
0.008352
0.008352
0.008352
0.008352
0.008352
0.008352
0.008352
0.008352
0.008352
0.008352
0.008352
0.008352
0.008352
0.008352
0.008352
0.008352
0.008352
0.008352
0.008352
0.008352
0.008352
0.008352
0.008352
0.008352
0.008352
0.008352
0.008352
0.008352
0.008352
0.008352
0.008352
0.008352
0.008352
0.008352
0.008352
0.008352
0.008352
0.008352
0.008352
0.008352
0.008352
0.008352
0.008352
0.008352
0.008352
0.008352
0.008352
0.008352
0.008352
0.008352
0.008352
0.008352
0.008352
0.008352
0.008352
0.008352
0.008352
0.008352
0.008352
0.008352
0.008352
0.008352
0.008352
0.008352
0.008352
0.008352
0.008352
0.008352
0.008352
0.008352
0.008352
0.008352
0.008352
0.008352
0.008352
0.008352
0.008352
0.008352
0.008352
0.008352
0.008352
0.008352
0.008352
0.008352
0.008352
0.008352
0.008352
0.008352
0.008352
0.008352
0.008352
0.008352
0.008352
0.008352
0.008352
0.008352
0.008352
0.008352
0.008352
0.008352
0.008352
0.008352
0.008352
0.008352
0.008352
0.008352
0.008352
0.008352
0.008352
0.008352
0.008352
0.008352
0.008352
0.008352
0.008352
0.008352
0.008352
0.008352
0.008352
0.008352
0.008352
0.008352
0.008352
0.008352
0.008352
0.008352
0.008352
0.008352
0.008352
0.008352
0.008352
0.008352
0.008352
0.008352
0.008352
0.008352
0.008352
0.008352
0.008352
0.008352
0.008352
0.008352
0.008352
0.008352
0.008352
0.008352
0.008352
0.008352
