1.446362
1.344985
1.140249
0.943833
0.807020
0.737309
0.713231
0.709530
0.710805
0.712313
0.712484
0.712377
0.712132
0.712181
0.712077
0.712606
0.712890
0.713088
0.713463
0.714141
0.714334
0.714623
0.714884
0.714611
0.714101
0.713312
0.712753
0.713371
0.714701
0.715735
0.716435
0.715950
0.714981
0.713482
0.712448
0.711365
0.711021
0.711326
0.711326
0.711607
0.712101
0.712344
0.712542
0.712604
0.712331
0.712284
0.712291
0.712389
0.712495
0.712794
0.713069
0.713227
0.713507
0.713602
0.713801
0.713934
0.714194
0.714624
0.714781
0.715342
0.715801
0.716308
0.716180
0.715840
0.715318
0.714643
0.714731
0.714591
0.714390
0.714140
0.714334
0.713901
0.713894
0.713479
0.713348
0.712926
0.712748
0.712500
0.712317
0.712220
0.712160
0.711952
0.711825
0.711540
0.711178
0.710856
0.710824
0.710476
0.710132
0.710045
0.709771
0.709439
0.709108
0.708719
0.708397
0.708197
0.707527
0.707394
0.706989
0.706636
0.706375
0.706043
0.705467
0.704995
0.703887
0.702973
0.702050
0.700936
0.700116
0.699080
0.697843
0.696798
0.696012
0.695222
0.694265
0.693357
0.692688
0.691976
0.691028
0.690588
0.689690
0.689211
0.688434
0.687905
0.687510
0.687100
0.686699
0.686174
0.685740
0.685630
0.685445
0.685223
0.685063
0.685010
0.684901
0.684694
0.684802
0.684750
0.684801
0.684838
0.684858
0.684849
0.684923
0.685074
0.685195
0.685448
0.685756
0.685978
0.686097
0.686466
0.686527
0.686582
0.686913
0.686988
0.687274
0.687479
0.687725
0.688018
0.688319
0.688590
0.689008
0.689348
0.689514
0.689928
0.690129
0.690390
0.690431
0.690751
0.691165
0.691347
0.691776
0.692052
0.692255
0.692696
0.693152
0.693409
0.693741
0.692970
0.692063
0.691261
0.691303
0.691224
0.690380
0.689360
0.687962
0.687806
0.687191
0.686438
0.685721
0.685282
0.685417
0.685721
0.686207
0.685775
0.686575
0.686316
0.685034
0.683048
0.680598
0.678692
0.677184
0.675763
0.674919
0.674607
0.674204
0.673493
0.672859
0.671727
0.670943
0.669702
0.668409
0.668008
0.666819
0.665847
0.665213
0.664358
0.663225
0.662579
0.661385
0.660832
0.659666
0.658459
0.657780
0.656753
0.655901
0.655288
0.654355
0.653996
0.653058
0.652302
0.651994
0.651581
0.650933
0.650575
0.649888
0.649942
0.649121
0.648684
0.648738
0.648021
0.647555
0.647535
0.647266
0.647222
0.646754
0.646243
0.646414
0.645964
0.645635
0.645755
0.645434
0.645352
0.645504
0.645394
0.645731
0.645707
0.645548
0.646026
0.645892
0.645901
0.646371
0.646453
0.647015
0.646998
0.647026
0.647688
0.647647
0.647804
0.648385
0.648528
0.648906
0.649966
0.650570
0.651773
0.651906
0.651931
0.652735
0.652964
0.653032
0.653969
0.653992
0.654755
0.655107
0.655254
0.655903
0.656252
0.656355
0.657310
0.657436
0.657538
0.658332
0.658688
0.659454
0.659661
0.660019
0.660812
0.660812
0.661112
0.661910
0.662234
0.662966
0.663106
0.663318
0.664143
0.664474
0.664518
0.665362
0.665562
0.665720
0.666526
0.667061
0.669011
0.670400
0.671692
0.673140
0.673305
0.673396
0.674338
0.674608
0.675447
0.675643
0.676196
0.677386
0.677860
0.678509
0.679780
0.680665
0.681649
0.682430
0.683185
0.684559
0.685276
0.685888
0.687328
0.687913
0.688545
0.689848
0.690464
0.691894
0.692566
0.693209
0.694578
0.695457
0.696364
0.697695
0.698466
0.700057
0.700841
0.701703
0.703454
0.704337
0.705485
0.707353
0.708188
0.709267
0.711149
0.712332
0.714096
0.715413
0.716546
0.718498
0.719646
0.720986
0.722771
0.724089
0.725833
0.727115
0.728317
0.730349
0.731377
0.732580
0.734570
0.735592
0.736755
0.738747
0.739987
0.741786
0.743170
0.744387
0.745910
0.747245
0.748234
0.749941
0.751045
0.752764
0.754029
0.755029
0.756822
0.757941
0.758932
0.760512
0.761530
0.762664
0.764512
0.765831
0.767681
0.768801
0.770123
0.771953
0.773057
0.774525
0.776383
0.777570
0.779540
0.780868
0.782052
0.784044
0.785326
0.785742
0.787066
0.787697
0.788055
0.790229
0.791356
0.793180
0.794440
0.795906
0.797567
0.798889
0.800139
0.801968
0.803308
0.805296
0.806275
0.807831
0.809616
0.810804
0.812010
0.813993
0.815104
0.816932
0.818161
0.819326
0.821295
0.822818
0.823917
0.825890
0.827097
0.828380
0.830380
0.831589
0.833580
0.834861
0.836022
0.838028
0.839366
0.840562
0.842165
0.843506
0.845360
0.846564
0.848018
0.849810
0.851044
0.852433
0.853629
0.854162
0.854777
0.856002
0.856899
0.858739
0.859943
0.860946
0.862627
0.863786
0.864592
0.865218
0.864507
0.864814
0.866375
0.867818
0.869344
0.870861
0.871817
0.872780
0.873576
0.874158
0.874802
0.875746
0.875983
0.876895
0.878104
0.878996
0.880608
0.881743
0.882406
0.883288
0.884094
0.884256
0.885194
0.886123
0.886977
0.887818
0.888686
0.889508
0.890299
0.891286
0.892190
0.892633
0.893410
0.894475
0.895233
0.896056
0.896914
0.897558
0.898515
0.899361
0.900143
0.900886
0.901619
0.902394
0.903171
0.904057
0.904998
0.905711
0.906239
0.907067
0.907647
0.908243
0.908857
0.909599
0.910351
0.911071
0.911677
0.912332
0.912920
0.913652
0.914412
0.914804
0.915608
0.916157
0.916726
0.917343
0.917915
0.918658
0.919318
0.919961
0.920661
0.921133
0.921878
0.922555
0.923075
0.923636
0.924261
0.924868
0.925483
0.926061
0.926622
0.927253
0.927832
0.928417
0.928915
0.929541
0.930124
0.930696
0.931170
0.931789
0.932438
0.932890
0.933604
0.933937
0.934569
0.935305
0.935985
0.936322
0.936877
0.937179
0.937467
0.937975
0.938413
0.938993
0.939353
0.939838
0.940325
0.940672
0.941258
0.941684
0.942072
0.942531
0.942727
0.942954
0.943387
0.943750
0.944061
0.944607
0.944930
0.945382
0.945656
0.946117
0.946470
0.946883
0.947104
0.947393
0.947672
0.947905
0.948435
0.948729
0.949182
0.949545
0.949778
0.950264
0.950548
0.950784
0.951051
0.951116
0.951369
0.951594
0.951631
0.951879
0.952311
0.952709
0.952848
0.953060
0.953517
0.953606
0.953791
0.954086
0.954471
0.954484
0.954655
0.954794
0.954997
0.955119
0.955369
0.955662
0.955957
0.956044
0.956304
0.956554
0.956757
0.956949
0.957162
0.957345
0.957408
0.957456
0.957639
0.957656
0.957842
0.957930
0.958206
0.958498
0.958630
0.958816
0.959076
0.959339
0.959394
0.959577
0.959782
0.959954
0.959890
0.960026
0.960167
0.960320
0.960357
0.960523
0.960644
0.960810
0.961021
0.961011
0.961282
0.961404
0.961658
0.961864
0.961918
0.961881
0.961965
0.962196
0.962381
0.962463
0.962584
0.962500
0.962666
0.962755
0.962900
0.962971
0.963086
0.963208
0.963360
0.963310
0.963424
0.963546
0.963570
0.963675
0.963639
0.963794
0.963794
0.963909
0.964031
0.964007
0.964193
0.964366
0.964328
0.964504
0.964555
0.964677
0.964868
0.964881
0.964868
0.965067
0.965253
0.965144
0.965419
0.965524
0.965523
0.965543
0.965662
0.965652
0.965629
0.965758
0.965820
0.965840
0.966109
0.966129
0.966177
0.966200
0.966227
0.966351
0.966558
0.966558
0.966558
0.966606
0.966821
0.967031
0.967031
0.967092
0.967092
0.967001
0.967082
0.967157
0.967221
0.967393
0.967511
0.967633
0.967633
0.967646
0.967907
0.968012
0.968096
0.968157
0.968157
0.968120
0.968081
0.968012
0.968083
0.968117
0.968081
0.968079
0.968126
0.968278
0.968346
0.968331
0.968345
0.968426
0.968402
0.968311
0.968479
0.968539
0.968693
0.968693
0.968779
0.968759
0.968785
0.968762
0.968774
0.968812
0.968941
0.968939
0.968939
0.969130
0.968957
0.968976
0.968888
0.968989
0.968860
0.968951
0.969080
0.969060
0.969075
0.968952
0.969037
0.968948
0.968972
0.969034
0.969227
0.969054
0.969074
0.968985
0.969164
0.969246
0.969315
0.969226
0.969246
0.969286
0.969197
0.969367
0.969348
0.969259
0.969259
0.969259
0.969279
0.969279
0.969381
0.969381
0.969381
0.969381
0.969381
0.969381
0.969401
0.969571
0.969571
0.969659
0.969659
0.969680
0.969680
0.969680
0.969680
0.969673
0.969673
0.969673
0.969673
0.969673
0.969693
0.969781
0.969781
0.969910
0.969991
0.969991
0.969991
0.969991
0.969831
0.969743
0.969743
0.969743
0.969743
0.969783
0.969783
0.969783
0.969783
0.969783
0.970602
0.970818
0.971478
0.971964
0.971984
0.972018
0.971271
0.970652
0.970663
0.970320
0.970721
0.970790
0.971297
0.971181
0.971349
0.971270
0.971018
0.971434
0.971204
0.970937
0.971632
0.971645
0.971520
0.972214
0.972441
0.973148
0.973226
0.973240
0.973930
0.973861
0.973810
0.974586
0.974753
0.975277
0.975195
0.975270
0.975918
0.975761
0.975687
0.976529
0.976552
0.977217
0.977368
0.977290
0.977826
0.978006
0.977826
0.978506
0.978575
0.978981
0.979025
0.979095
0.979608
0.978551
0.977576
0.976805
0.976652
0.976958
0.978778
0.980686
0.981960
0.981422
0.980918
0.979906
0.979130
0.978723
0.978747
0.978108
0.976788
0.976996
0.976847
0.978406
0.980266
0.981879
0.981956
0.980920
0.979663
0.978892
0.978444
0.978157
0.978732
0.978977
0.979685
0.980277
0.980134
0.980366
0.980094
0.979855
0.980253
0.978992
0.977272
0.977215
0.976994
0.977539
0.979295
0.981234
0.982480
0.981814
0.981367
0.980453
0.979637
0.978993
0.978867
0.978489
0.977405
0.977514
0.977431
0.979065
0.981054
0.982459
0.982662
0.981812
0.980678
0.979744
0.979259
0.979126
0.979887
0.979884
0.980708
0.981345
0.981187
0.981527
0.981213
0.981003
0.981350
0.980032
0.978168
0.977428
0.977690
0.978236
0.979763
0.981760
0.982432
0.982508
0.982089
0.981126
0.980424
0.979863
0.979759
0.980564
0.980846
0.981362
0.981532
0.981992
0.981647
0.981916
0.981560
0.980319
0.979203
0.978325
0.978060
0.978416
0.978983
0.981156
0.982099
0.983188
0.982430
0.982048
0.981049
0.980217
0.979891
0.979773
0.980537
0.980721
0.981467
0.982096
0.981789
0.981405
0.981841
0.981535
0.981275
0.980620
0.978951
0.978049
0.978458
0.979022
0.980331
0.982344
0.983016
0.983107
0.982578
0.981666
0.980817
0.980331
0.980200
0.980261
0.981116
0.981948
0.981974
0.982236
0.981947
0.981708
0.982092
0.980791
0.979489
0.978813
0.978288
0.978880
0.980594
0.982284
0.984713
0.985646
0.985861
0.984936
0.982471
0.980532
0.979242
0.978540
0.978452
0.978714
0.979845
0.981080
0.981525
0.982742
0.984695
0.985472
0.985833
0.984881
0.984002
0.981881
0.980141
0.978371
0.977402
0.978217
0.979544
0.980562
0.981947
0.983174
0.985250
0.985978
0.985905
0.984876
0.983686
0.981470
0.978849
0.976419
0.976485
0.977888
0.979455
0.981150
0.981389
0.983344
0.985693
0.985911
0.984841
0.983336
0.980768
0.978657
0.976728
0.975846
0.975932
0.977353
0.979283
0.980491
0.981704
0.983657
0.984209
0.984149
0.982782
0.980833
0.979048
0.975673
0.973879
0.973981
0.975379
0.976954
0.978587
0.980150
0.982183
0.983543
0.983233
0.981930
0.979613
0.977073
0.974482
0.972021
0.972054
0.973526
0.975127
0.976885
0.978874
0.981258
0.981932
0.981470
0.980018
0.977747
0.976225
0.973974
0.971406
0.970335
0.971575
0.973101
0.974939
0.976791
0.977962
0.979616
0.979676
0.978723
0.977236
0.975646
0.972838
0.969997
0.968767
0.969376
0.970786
0.972726
0.975008
0.976688
0.977702
0.977776
0.977127
0.975149
0.973932
0.971506
0.969261
0.966971
0.966967
0.968441
0.970249
0.972236
0.973894
0.974745
0.975298
0.974770
0.973760
0.972928
0.972338
0.970496
0.968199
0.966784
0.966837
0.967922
0.969337
0.971105
0.973564
0.973885
0.974541
0.973836
0.973710
0.972230
0.970761
0.968237
0.965752
0.965616
0.966709
0.968245
0.970909
0.972762
0.973142
0.973659
0.973605
0.972491
0.971815
0.970554
0.968306
0.965677
0.964443
0.965345
0.966838
0.968017
0.970421
0.971740
0.971814
0.972042
0.971537
0.971368
0.969759
0.969102
0.967349
0.965725
0.963563
0.963439
0.964569
0.965936
0.968083
0.970174
0.970385
0.969774
0.969647
0.969772
0.969167
0.969066
0.967117
0.965457
0.963136
0.962788
0.963997
0.965395
0.966210
0.968377
0.969748
0.969616
0.969597
0.969624
0.969094
0.968445
0.968158
0.967010
0.964817
0.962724
0.962521
0.963797
0.964966
0.966458
0.967840
0.968975
0.968985
0.969425
0.968862
0.968833
0.967527
0.967183
0.965914
0.963820
0.962374
0.961560
0.962611
0.963772
0.965379
0.966694
0.967779
0.967711
0.968148
0.968393
0.967687
0.967077
0.966002
0.964893
0.962829
0.961315
0.961002
0.961413
0.963546
0.964027
0.965667
0.966659
0.966655
0.967202
0.967269
0.966612
0.966100
0.965011
0.963968
0.961748
0.960348
0.960315
0.960685
0.962549
0.964497
0.966007
0.967162
0.965921
0.966267
0.965835
0.965362
0.965091
0.964088
0.961702
0.959991
0.959325
0.960276
0.961542
0.963102
0.964493
0.965682
0.965580
0.966192
0.966286
0.965772
0.965267
0.964229
0.963174
0.961012
0.959770
0.959516
0.960107
0.961806
0.962910
0.964647
0.965149
0.965753
0.965562
0.965590
0.965205
0.964577
0.963417
0.962507
0.960206
0.958838
0.958798
0.960087
0.961184
0.961854
0.963901
0.964865
0.964842
0.964787
0.965024
0.964264
0.963866
0.963425
0.961748
0.959615
0.958305
0.958393
0.959292
0.960440
0.962316
0.964666
0.964932
0.965679
0.965753
0.964966
0.963520
0.963078
0.960537
0.958748
0.957786
0.958056
0.959445
0.961347
0.962831
0.964772
0.964832
0.964666
0.964572
0.963997
0.963345
0.962857
0.960498
0.958735
0.957635
0.957964
0.959002
0.961125
0.962557
0.963817
0.964572
0.964304
0.964292
0.963898
0.963027
0.961961
0.960360
0.957915
0.957509
0.957768
0.959171
0.960890
0.962320
0.963729
0.963644
0.964177
0.964072
0.963629
0.963073
0.962110
0.961076
0.959263
0.958073
0.958302
0.958883
0.960627
0.962310
0.963759
0.964865
0.963869
0.963462
0.963782
0.963698
0.963586
0.962792
0.960690
0.959404
0.958596
0.959473
0.960838
0.962241
0.963606
0.964596
0.964628
0.965422
0.965702
0.965547
0.965248
0.964407
0.962674
0.960550
0.959730
0.960563
0.961840
0.963237
0.965280
0.966424
0.966693
0.967285
0.967485
0.966940
0.965959
0.965786
0.964936
0.963211
0.961677
0.961909
0.963006
0.964344
0.966729
0.968139
0.968644
0.968462
0.968152
0.968712
0.968706
0.968869
0.968051
0.966088
0.964424
0.964318
0.965570
0.966780
0.967517
0.969824
0.970963
0.970944
0.971669
0.971578
0.971905
0.971064
0.971144
0.970369
0.968492
0.967043
0.966930
0.968249
0.969424
0.971712
0.973349
0.973592
0.974535
0.974802
0.974458
0.974180
0.973097
0.971470
0.969445
0.968421
0.969556
0.971011
0.972014
0.974193
0.975388
0.975485
0.975909
0.975545
0.975778
0.974759
0.974513
0.972745
0.970530
0.969646
0.969853
0.971228
0.972831
0.974969
0.976073
0.976184
0.976319
0.976497
0.975929
0.975469
0.975258
0.973042
0.971353
0.970308
0.970781
0.971979
0.973484
0.975245
0.976289
0.976874
0.976941
0.976923
0.976372
0.975856
0.974984
0.974083
0.972195
0.971365
0.971166
0.972411
0.973503
0.975155
0.976709
0.977381
0.977061
0.976835
0.976363
0.976187
0.975983
0.974966
0.973000
0.971640
0.971570
0.971833
0.972895
0.974448
0.975769
0.976977
0.977498
0.977473
0.977510
0.976940
0.976418
0.974241
0.972085
0.970691
0.970592
0.971091
0.972941
0.974766
0.976753
0.976980
0.977371
0.977321
0.976416
0.975090
0.974552
0.972522
0.970509
0.969976
0.970347
0.971448
0.973183
0.974948
0.975874
0.975884
0.975918
0.975054
0.974408
0.973786
0.973378
0.971305
0.970155
0.969610
0.969981
0.971110
0.972722
0.973731
0.974764
0.975059
0.974794
0.974859
0.974197
0.973722
0.973023
0.972083
0.970871
0.970277
0.970695
0.971752
0.972967
0.974678
0.975787
0.976714
0.976488
0.976213
0.976256
0.976050
0.976170
0.975493
0.973877
0.973176
0.972950
0.973314
0.974292
0.975445
0.976829
0.977728
0.978432
0.978622
0.979059
0.978992
0.978871
0.978447
0.978041
0.977078
0.976505
0.976487
0.977367
0.978361
0.978937
0.980511
0.981207
0.981349
0.980389
0.979415
0.978669
0.978289
0.978305
0.979074
0.979440
0.980236
0.980502
0.981149
0.981763
0.981816
0.981672
0.981766
0.982315
0.982405
0.982095
0.982132
0.981779
0.982505
0.982931
0.984404
0.985315
0.985624
0.985712
0.984893
0.984151
0.983313
0.982914
0.983301
0.983714
0.983997
0.984108
0.984560
0.984598
0.984698
0.984657
0.984520
0.985164
0.985269
0.985653
0.986335
0.986521
0.987116
0.987403
0.986858
0.986788
0.986858
0.987097
0.986812
0.989143
0.989562
0.990264
0.990120
0.989934
0.989892
0.989537
0.988216
0.986283
0.985363
0.984948
0.985751
0.986611
0.987718
0.988771
0.989418
0.989601
0.989399
0.988946
0.988016
0.987057
0.985765
0.983222
0.982358
0.982578
0.983586
0.984470
0.985055
0.986376
0.987099
0.986751
0.985866
0.984621
0.982975
0.982191
0.981875
0.982404
0.982719
0.983217
0.984219
0.984014
0.984847
0.984829
0.985060
0.985504
0.985679
0.984833
0.984876
0.985017
0.985748
0.986383
0.987509
0.988655
0.988711
0.989505
0.989089
0.988564
0.987614
0.986998
0.984924
0.983869
0.983479
0.983950
0.985023
0.986667
0.987628
0.988432
0.989143
0.988686
0.987621
0.986585
0.985334
0.984439
0.982768
0.982144
0.982415
0.983516
0.984771
0.986556
0.987679
0.987932
0.987605
0.987494
0.986859
0.986326
0.984845
0.983693
0.983068
0.982708
0.983530
0.984995
0.985652
0.986893
0.987709
0.987599
0.987504
0.987792
0.987724
0.987506
0.987648
0.986671
0.985632
0.985406
0.985875
0.986948
0.987626
0.988506
0.990166
0.990797
0.990811
0.990805
0.991124
0.990964
0.990921
0.991323
0.990638
0.990375
0.989662
0.990022
0.991227
0.992162
0.993574
0.994479
0.995394
0.995529
0.996261
0.996251
0.996875
0.996729
0.997407
0.997573
0.996853
0.996853
0.997304
0.998867
1.000184
1.001709
1.002836
1.003636
1.003835
1.004432
1.004264
1.004788
1.004354
1.004519
1.004371
1.003441
1.003191
1.003682
1.004210
1.005481
1.006558
1.007568
1.008266
1.008344
1.008831
1.009136
1.009210
1.009212
1.009067
1.008738
1.007773
1.007575
1.007971
1.008493
1.010245
1.011550
1.012614
1.013137
1.013349
1.013569
1.013225
1.013264
1.013068
1.011733
1.010655
1.010923
1.011446
1.012771
1.013955
1.015189
1.016026
1.016498
1.016429
1.016389
1.016176
1.015988
1.014816
1.013737
1.013193
1.013590
1.014436
1.016032
1.017513
1.018500
1.019002
1.019414
1.019634
1.019360
1.018624
1.018683
1.017232
1.016394
1.015407
1.015358
1.016500
1.017835
1.019236
1.020221
1.021377
1.021833
1.022151
1.020933
1.019905
1.019657
1.019056
1.017871
1.016660
1.016799
1.017550
1.018383
1.019007
1.019933
1.020346
1.019719
1.020439
1.021355
1.022434
1.021699
1.020578
1.019131
1.018207
1.018066
1.017983
1.018398
1.019157
1.019530
1.020111
1.020008
1.019668
1.019499
1.019083
1.020182
1.020061
1.019389
1.019118
1.018532
1.018291
1.019638
1.020931
1.022721
1.022573
1.022646
1.022482
1.021570
1.020521
1.019799
1.017990
1.016614
1.016195
1.017334
1.019295
1.019675
1.020853
1.022589
1.022177
1.022157
1.021176
1.020431
1.019556
1.019147
1.017313
1.017226
1.017296
1.018236
1.019521
1.021482
1.022194
1.022828
1.022469
1.021781
1.021165
1.020288
1.019985
1.018254
1.016546
1.015705
1.016251
1.017343
1.019549
1.021671
1.022226
1.022587
1.021702
1.021036
1.020707
1.019940
1.019263
1.017681
1.015776
1.014075
1.014826
1.015738
1.017891
1.018608
1.019181
1.019344
1.018620
1.018101
1.017643
1.017646
1.017301
1.016296
1.014699
1.013815
1.013312
1.013546
1.014139
1.015204
1.015490
1.015802
1.015916
1.015619
1.015454
1.014808
1.013814
1.012610
1.011671
1.009670
1.008095
1.007543
1.007429
1.007902
1.008372
1.008987
1.009377
1.008670
1.007943
1.007478
1.006900
1.006350
1.005542
1.003688
1.002423
1.001850
1.001639
1.002209
1.003294
1.004231
1.004748
1.003827
1.004136
1.003495
1.003180
1.003036
1.002102
1.000663
0.999595
0.998736
0.998943
0.999549
1.000568
1.000896
1.001286
1.001230
1.001464
1.001415
1.001018
1.000625
0.999956
0.998936
0.997613
0.996930
0.996822
0.996813
0.997960
0.998917
0.999661
1.000147
0.999822
0.999740
0.999062
0.998696
0.997355
0.995220
0.994172
0.994084
0.994469
0.995808
0.997047
0.998099
0.998334
0.998553
0.998489
0.998042
0.996969
0.996643
0.994889
0.993730
0.993093
0.993203
0.994138
0.995335
0.996839
0.997277
0.997089
0.996841
0.996751
0.996339
0.995966
0.995157
0.993807
0.992145
0.992412
0.992963
0.993868
0.995357
0.996235
0.996208
0.996573
0.996559
0.996077
0.995690
0.995127
0.994120
0.992942
0.991786
0.991842
0.992419
0.992942
0.994847
0.995687
0.996081
0.995284
0.995092
0.995307
0.995009
0.994157
0.992600
0.991632
0.990907
0.991256
0.992215
0.993888
0.994659
0.995020
0.995656
0.995563
0.994947
0.994559
0.993759
0.992523
0.991105
0.990087
0.990946
0.991876
0.992387
0.994016
0.994545
0.994408
0.994881
0.995039
0.994586
0.994410
0.993336
0.992221
0.990762
0.990068
0.990700
0.991430
0.992152
0.993866
0.995243
0.995419
0.995965
0.995639
0.995454
0.994548
0.994165
0.992651
0.991603
0.990097
0.990332
0.991158
0.992160
0.994620
0.996341
0.996854
0.996279
0.996084
0.996234
0.995827
0.995784
0.994134
0.991951
0.990523
0.990255
0.991526
0.992715
0.993935
0.995988
0.997481
0.997438
0.997331
0.997473
0.996989
0.996315
0.995106
0.992544
0.990405
0.990246
0.991586
0.992906
0.995605
0.997393
0.998467
0.998622
0.998459
0.998032
0.997352
0.996281
0.994176
0.991914
0.990603
0.991535
0.993101
0.994215
0.996626
0.997990
0.997924
0.998545
0.998783
0.998205
0.997084
0.996659
0.995558
0.993668
0.992436
0.991581
0.992786
0.993979
0.996577
0.998402
0.999160
0.998212
0.997820
0.998047
0.998004
0.997940
0.996833
0.994635
0.992240
0.992088
0.993294
0.994454
0.996058
0.997540
0.998781
0.998766
0.999324
0.999053
0.999235
0.998049
0.997704
0.996675
0.994716
0.993294
0.992627
0.993725
0.994906
0.997395
0.999102
0.999419
0.999108
0.998756
0.998959
0.998738
0.998646
0.997632
0.995289
0.993012
0.992802
0.993869
0.994991
0.996716
0.998017
0.999240
0.999266
0.999821
0.999331
0.999517
0.998378
0.998176
0.997272
0.994914
0.993675
0.993056
0.993894
0.995162
0.997780
0.999290
0.999770
1.000309
1.000604
1.000115
0.999240
0.997164
0.994650
0.993176
0.992375
0.993416
0.994774
0.997567
0.999195
1.000143
1.001059
1.000551
1.000493
0.998976
0.998630
0.995939
0.993288
0.992899
0.993303
0.994545
0.996526
0.998108
0.999226
1.000040
0.999979
1.000031
0.999291
0.998792
0.996834
0.994193
0.992711
0.992723
0.993107
0.995107
0.996980
0.999162
0.999688
1.000332
1.000402
0.999858
0.998264
0.998141
0.995198
0.993569
0.992284
0.992808
0.994048
0.995866
0.998224
0.999535
0.999507
0.999561
0.999649
0.999009
0.998232
0.997021
0.993922
0.992495
0.992334
0.993464
0.994916
0.997336
0.999012
0.999448
1.000087
1.000055
0.999601
0.999025
0.997852
0.996714
0.994841
0.992682
0.992743
0.993938
0.995041
0.997555
0.999224
1.000130
0.999131
0.998880
0.999149
0.999015
0.998951
0.997756
0.995542
0.993129
0.992967
0.993969
0.995398
0.997108
0.998432
0.999708
0.999795
1.000220
0.999755
0.999688
0.998474
0.998293
0.996927
0.994436
0.992760
0.991977
0.992820
0.993835
0.995612
0.996581
0.997980
0.997953
0.998512
0.998666
0.998227
0.997757
0.996580
0.995365
0.993053
0.991303
0.990949
0.991109
0.992962
0.993507
0.994980
0.996157
0.996365
0.996831
0.997230
0.996622
0.995758
0.994646
0.992315
0.989567
0.988444
0.988390
0.989436
0.990106
0.992334
0.993822
0.993860
0.994729
0.994575
0.994008
0.993099
0.991931
0.990333
0.988294
0.986750
0.985817
0.986439
0.987927
0.989310
0.990553
0.991265
0.989968
0.989331
0.989594
0.989324
0.988792
0.987543
0.985028
0.983223
0.982374
0.983079
0.984032
0.985535
0.986741
0.987968
0.987410
0.986685
0.986096
0.985239
0.985180
0.984771
0.982844
0.980940
0.978220
0.977731
0.978286
0.978857
0.980176
0.982104
0.982081
0.981477
0.979409
0.977718
0.976273
0.975275
0.974626
0.974494
0.974608
0.975209
0.974717
0.974804
0.974218
0.973563
0.973517
0.971911
0.971078
0.970688
0.970453
0.971145
0.972428
0.973840
0.974497
0.973892
0.972547
0.971182
0.970006
0.969296
0.968813
0.969217
0.968782
0.968997
0.968383
0.968394
0.967589
0.967471
0.966548
0.965059
0.964177
0.963656
0.963920
0.964507
0.965871
0.966947
0.967407
0.966899
0.965403
0.963363
0.961372
0.959305
0.957630
0.956608
0.955487
0.953610
0.951996
0.950767
0.949359
0.947715
0.944707
0.941370
0.937036
0.932181
0.929109
0.926734
0.924486
0.922656
0.920466
0.917340
0.914673
0.911152
0.907463
0.903937
0.900235
0.897391
0.893890
0.891315
0.888092
0.884457
0.881497
0.878333
0.875444
0.871934
0.868310
0.865527
0.862107
0.859017
0.856301
0.853103
0.849539
0.846849
0.843319
0.840552
0.837317
0.833854
0.831049
0.827853
0.824581
0.821940
0.818694
0.815963
0.812857
0.809519
0.806779
0.803365
0.800577
0.797184
0.793903
0.791172
0.788102
0.785380
0.782262
0.778930
0.776335
0.773240
0.769852
0.767609
0.764487
0.761408
0.758992
0.755729
0.753403
0.750395
0.747151
0.744857
0.741804
0.738588
0.736155
0.732787
0.730531
0.727419
0.724451
0.722020
0.718879
0.715725
0.713230
0.710266
0.707780
0.704711
0.701362
0.698902
0.695539
0.692491
0.689965
0.686984
0.684520
0.681103
0.678053
0.675425
0.672003
0.668887
0.666356
0.663041
0.660486
0.657479
0.654583
0.652205
0.649086
0.646038
0.643595
0.640780
0.637944
0.635521
0.632402
0.630240
0.627199
0.624298
0.622070
0.619228
0.616087
0.613947
0.610893
0.608419
0.605470
0.602335
0.599646
0.596705
0.593480
0.590800
0.587695
0.585150
0.581837
0.578623
0.576208
0.572896
0.569697
0.567000
0.563910
0.560670
0.558183
0.555137
0.552255
0.549084
0.545947
0.543261
0.540322
0.537258
0.534397
0.531385
0.528993
0.525791
0.522783
0.520238
0.517028
0.513742
0.511321
0.508386
0.505194
0.502727
0.499621
0.497034
0.493800
0.490922
0.488580
0.485445
0.482308
0.479759
0.476676
0.474349
0.471252
0.468064
0.465593
0.462591
0.459541
0.457145
0.453994
0.450941
0.448328
0.445431
0.442873
0.439881
0.436820
0.434568
0.431273
0.428352
0.425894
0.423165
0.420910
0.418286
0.415662
0.413638
0.411308
0.408548
0.406356
0.403918
0.402031
0.399410
0.396930
0.394870
0.391887
0.389336
0.387389
0.384634
0.382205
0.380036
0.377359
0.375106
0.372658
0.370039
0.367926
0.365057
0.362279
0.360038
0.357226
0.355217
0.352556
0.349722
0.347835
0.345284
0.342588
0.340763
0.338050
0.335350
0.333317
0.330682
0.328447
0.325845
0.323296
0.321019
0.318306
0.315385
0.313160
0.310450
0.308440
0.305653
0.303119
0.300903
0.298084
0.295489
0.293442
0.290984
0.288327
0.286282
0.283738
0.281894
0.279610
0.277136
0.275133
0.272525
0.270457
0.268922
0.266389
0.264410
0.261822
0.259749
0.257899
0.255562
0.253246
0.251406
0.249112
0.247018
0.245410
0.243178
0.242241
0.240026
0.237892
0.236305
0.233983
0.231651
0.229887
0.227508
0.225451
0.223044
0.220824
0.218738
0.216662
0.214160
0.212431
0.210044
0.208425
0.205902
0.203519
0.201710
0.199348
0.196718
0.195006
0.192488
0.190573
0.188004
0.185194
0.183506
0.181015
0.178388
0.176784
0.174043
0.171847
0.170334
0.167840
0.166302
0.164044
0.161858
0.160239
0.158170
0.155954
0.154377
0.152320
0.150800
0.148794
0.146858
0.145355
0.143379
0.141358
0.139843
0.137833
0.136403
0.134357
0.132576
0.131157
0.129036
0.127177
0.125753
0.123996
0.121934
0.120785
0.118805
0.117650
0.115539
0.113878
0.112573
0.110748
0.109125
0.107622
0.105997
0.104771
0.102981
0.101163
0.099825
0.098176
0.096489
0.095162
0.093309
0.092366
0.090632
0.088909
0.087932
0.086153
0.084474
0.083236
0.081691
0.080728
0.078870
0.077466
0.076590
0.074850
0.074058
0.072404
0.071044
0.070291
0.069012
0.067577
0.066691
0.065359
0.064790
0.063466
0.062350
0.061820
0.060671
0.059939
0.059017
0.057862
0.057424
0.056474
0.055396
0.055087
0.053878
0.053633
0.052652
0.051610
0.051366
0.050679
0.049781
0.049341
0.048458
0.048229
0.047334
0.046550
0.046258
0.045612
0.044701
0.044573
0.043976
0.043544
0.043005
0.042465
0.042069
0.041437
0.040751
0.040700
0.040172
0.039260
0.039403
0.038620
0.038633
0.038360
0.037470
0.037593
0.037047
0.036369
0.036540
0.035926
0.036099
0.035641
0.034972
0.035198
0.034875
0.034333
0.034418
0.034098
0.034392
0.033761
0.033239
0.033859
0.033224
0.032659
0.033118
0.032419
0.032033
0.032408
0.031827
0.032295
0.031979
0.031412
0.031787
0.031400
0.030961
0.031393
0.031009
0.031267
0.030871
0.030597
0.030941
0.030722
0.030215
0.030592
0.030175
0.029829
0.030366
0.029901
0.030360
0.029969
0.029531
0.030186
0.029703
0.029209
0.029740
0.029347
0.029832
0.029624
0.029025
0.029672
0.029191
0.028822
0.029291
0.029024
0.028631
0.029217
0.028655
0.029319
0.028847
0.028510
0.029112
0.028750
0.028378
0.028794
0.028454
0.029062
0.028676
0.028226
0.028698
0.028438
0.028099
0.028683
0.028345
0.027904
0.028609
0.028235
0.028766
0.028326
0.028153
0.028383
0.028228
0.027947
0.028369
0.028018
0.028732
0.028200
0.027958
0.028715
0.028202
0.027933
0.028554
0.028019
0.028689
0.028366
0.027914
0.028716
0.028276
0.027946
0.028627
0.028275
0.027933
0.028514
0.028253
0.028605
0.028343
0.028104
0.028605
0.028342
0.028013
0.028507
0.028246
0.028864
0.028511
0.028182
0.028766
0.028414
0.028085
0.028585
0.028414
0.028175
0.028414
0.028323
0.028857
0.028414
0.028265
0.028762
0.028402
0.028072
0.028761
0.028319
0.028942
0.028680
0.028259
0.028940
0.028583
0.028252
0.028844
0.028583
0.028252
0.028764
0.028492
0.029114
0.028672
0.028335
0.029107
0.028574
0.028335
0.029017
0.028575
0.029193
0.028931
0.028511
0.029193
0.028750
0.028511
0.029193
0.028750
0.028420
0.029022
0.028692
0.029283
0.028750
0.028601
0.029279
0.028746
0.028597
0.029252
0.028719
0.029433
0.029172
0.028653
0.029428
0.028985
0.028563
0.029428
0.028804
0.029428
0.029347
0.028744
0.029426
0.029164
0.028742
0.029426
0.028983
0.028652
0.029426
0.028982
0.029515
0.029253
0.028832
0.029515
0.029163
0.028741
0.029424
0.029072
0.029515
0.029345
0.028923
0.029427
0.029256
0.028834
0.029428
0.029257
0.028744
0.029347
0.029257
0.029519
0.029257
0.029106
0.029519
0.029257
0.028925
0.029337
0.029258
0.029520
0.029258
0.029108
0.029429
0.029258
0.029108
0.029429
0.029258
0.028836
0.029349
0.029168
0.029701
0.029349
0.029108
0.029520
0.029349
0.028927
0.029429
0.029195
0.029728
0.029376
0.029046
0.029728
0.029376
0.028955
0.029639
0.029196
0.028956
0.029558
0.029047
0.029820
0.029468
0.029047
0.029728
0.029104
0.028952
0.029634
0.029100
0.029815
0.029463
0.029042
0.029815
0.029372
0.028951
0.029724
0.029281
0.029815
0.029553
0.029133
0.029815
0.029372
0.029042
0.029724
0.029372
0.028951
0.029724
0.029281
0.029815
0.029644
0.029132
0.029724
0.029463
0.029132
0.029724
0.029281
0.029724
0.029644
0.029223
0.029724
0.029553
0.029104
0.029697
0.029345
0.029013
0.029697
0.029345
0.029788
0.029526
0.029104
0.029788
0.029525
0.029012
0.029604
0.029343
0.029876
0.029524
0.029102
0.029876
0.029524
0.029102
0.029695
0.029433
0.029011
0.029614
0.029161
0.029876
0.029614
0.029102
0.029786
0.029524
0.029011
0.029786
0.029343
0.029876
0.029614
0.029102
0.029786
0.029524
0.029011
0.029786
0.029524
0.029011
0.029705
0.029343
0.029786
0.029524
0.029283
0.029786
0.029524
0.029011
0.029786
0.029524
0.029786
0.029614
0.029283
0.029786
0.029614
0.029102
0.029786
0.029524
0.029102
0.029614
0.029464
0.029876
0.029614
0.029192
0.029876
0.029614
0.029102
0.029695
0.029433
0.029876
0.029614
0.029373
0.029876
0.029614
0.029192
0.029876
0.029433
0.029967
0.029705
0.029373
0.029876
0.029705
0.029283
0.029876
0.029433
0.029192
0.029876
0.029433
0.030057
0.029705
0.029283
0.029876
0.029524
0.029283
0.029876
0.029524
0.030057
0.029796
0.029373
0.030059
0.029616
0.029284
0.030059
0.029525
0.029284
0.029797
0.029435
0.030060
0.029707
0.029376
0.030060
0.029526
0.029376
0.030060
0.029526
0.030241
0.029798
0.029376
0.030060
0.029707
0.029376
0.030059
0.029616
0.029374
0.029886
0.029524
0.030239
0.029886
0.029373
0.030148
0.029796
0.029373
0.030057
0.029705
0.030239
0.029977
0.029555
0.030239
0.029886
0.029373
0.030148
0.029886
0.029373
0.029977
0.029736
0.030239
0.029977
0.029373
0.030239
0.029977
0.029373
0.030148
0.029886
0.030239
0.029977
0.029554
0.030239
0.029977
0.029464
0.030239
0.029796
0.030239
0.030068
0.029645
0.030239
0.029977
0.029464
0.030239
0.029705
0.029464
0.030239
0.029705
0.030329
0.030068
0.029464
0.030329
0.029796
0.029464
0.030329
0.029705
0.030329
0.030158
0.029464
0.030329
0.029977
0.029464
0.030329
0.029796
0.029464
0.030158
0.029614
0.030329
0.030067
0.029464
0.030329
0.029977
0.029464
0.030329
0.029796
0.030329
0.030067
0.029554
0.030329
0.029977
0.029554
0.030329
0.029886
0.029464
0.030158
0.029705
0.030329
0.030067
0.029554
0.030329
0.029977
0.029554
0.030329
0.029795
0.030420
0.030067
0.029645
0.030420
0.030067
0.029554
0.030420
0.029795
0.029554
0.030249
0.029736
0.030420
0.030158
0.029554
0.030420
0.029977
0.029554
0.030420
0.029795
0.030420
0.030249
0.029645
0.030420
0.030067
0.029554
0.030420
0.030067
0.030420
0.030339
0.029736
0.030420
0.030158
0.029645
0.030420
0.029977
0.029554
0.030420
0.029977
0.030420
0.030249
0.029736
0.030420
0.030067
0.029645
0.030420
0.029977
0.030510
0.030249
0.029826
0.030420
0.030249
0.029645
0.030329
0.030158
0.029645
0.030329
0.029977
0.030420
0.030249
0.029645
0.030420
0.030158
0.029645
0.030329
0.029977
0.030420
0.030249
0.029736
0.030420
0.030158
0.029645
0.030420
0.030067
0.029554
0.030249
0.029795
0.030420
0.030249
0.029645
0.030420
0.030158
0.029554
0.030420
0.029795
0.030420
0.030339
0.029645
0.030420
0.030158
0.029554
0.030420
0.029886
0.029554
0.030339
0.029795
0.030420
0.030249
0.029554
0.030420
0.029977
0.029554
0.030420
0.029795
0.030420
0.030339
0.029645
0.030420
0.030067
0.029554
0.030420
0.029886
0.029554
0.030339
0.029554
0.030420
0.030249
0.029554
0.030420
0.030067
0.029554
0.030420
0.029886
0.030420
0.030339
0.029554
0.030420
0.030158
0.029554
0.030420
0.029977
0.030420
0.030339
0.029917
0.030420
0.030249
0.029554
0.030420
0.030067
0.029554
0.030420
0.029977
0.030420
0.030339
0.029917
0.030420
0.030249
0.029645
0.030420
0.030067
0.030420
0.030339
0.030007
0.030420
0.030339
0.029735
0.030420
0.030158
0.029735
0.030339
0.029977
0.030510
0.030339
0.029735
0.030420
0.030339
0.029735
0.030420
0.030249
0.030601
0.030339
0.029826
0.030510
0.030339
0.029735
0.030510
0.030339
0.029735
0.030339
0.029977
0.030601
0.030339
0.029735
0.030601
0.030339
0.029735
0.030510
0.030158
0.030601
0.030339
0.029735
0.030601
0.030339
0.029735
0.030601
0.030249
0.029735
0.030520
0.029917
0.030601
0.030520
0.029735
0.030601
0.030249
0.029735
0.030601
0.030067
0.030601
0.030520
0.029735
0.030601
0.030520
0.029735
0.030601
0.030158
0.030601
0.030520
0.029917
0.030601
0.030520
0.029735
0.030601
0.030430
0.029735
0.030601
0.030158
0.030601
0.030520
0.029826
0.030601
0.030520
0.029735
0.030601
0.030248
0.030601
0.030520
0.029917
0.030601
0.030520
0.029826
0.030601
0.030339
0.029826
0.030520
0.030158
0.030601
0.030520
0.029826
0.030601
0.030430
0.029826
0.030601
0.030248
0.030691
0.030520
0.029917
0.030691
0.030430
0.029826
0.030601
0.030430
0.029826
0.030520
0.030158
0.030691
0.030430
0.029826
0.030691
0.030430
0.029826
0.030691
0.030430
0.030691
0.030430
0.029917
0.030691
0.030430
0.029826
0.030691
0.030430
0.029826
0.030520
0.030098
0.030691
0.030520
0.029826
0.030691
0.030430
0.029826
0.030601
0.030248
0.030691
0.030520
0.030098
0.030691
0.030520
0.029826
0.030691
0.030339
0.030691
0.030520
0.030098
0.030691
0.030520
0.029826
0.030691
0.030520
0.029826
0.030691
0.030248
0.030691
0.030520
0.030007
0.030691
0.030520
0.029826
0.030691
0.030430
0.030691
0.030611
0.030007
0.030691
0.030520
0.029917
0.030691
0.030520
0.029917
0.030691
0.030339
0.030782
0.030611
0.029917
0.030691
0.030520
0.029917
0.030691
0.030430
0.030782
0.030611
0.030188
0.030782
0.030611
0.029917
0.030782
0.030520
0.029917
0.030611
0.030248
0.030782
0.030611
0.030007
0.030782
0.030611
0.029917
0.030782
0.030611
0.030782
0.030701
0.030007
0.030782
0.030701
0.029917
0.030782
0.030611
0.029917
0.030701
0.030460
0.030782
0.030701
0.030007
0.030782
0.030701
0.029917
0.030782
0.030611
0.030782
0.030701
0.030188
0.030782
0.030701
0.029917
0.030782
0.030701
0.030782
0.030701
0.030279
0.030782
0.030701
0.030007
0.030782
0.030611
0.030007
0.030782
0.030430
0.030782
0.030701
0.030007
0.030782
0.030611
0.030007
0.030782
0.030611
0.030873
0.030701
0.030098
0.030873
0.030701
0.030007
0.030873
0.030611
0.030007
0.030782
0.030430
0.030873
0.030701
0.030098
0.030873
0.030611
0.030007
0.030873
0.030611
0.030873
0.030792
0.030279
0.030873
0.030701
0.030007
0.030873
0.030611
0.030007
0.030792
0.030520
0.030873
0.030792
0.030007
0.030873
0.030701
0.030007
0.030873
0.030701
0.030873
0.030792
0.030279
0.030873
0.030792
0.030007
0.030873
0.030701
0.030007
0.030792
0.030520
0.030873
0.030792
0.030098
0.030873
0.030792
0.030098
0.030873
0.030701
0.030963
0.030792
0.030279
0.030963
0.030792
0.030098
0.030873
0.030792
0.030098
0.030792
0.030370
0.030963
0.030792
0.030098
0.030963
0.030792
0.030098
0.030963
0.030701
0.030963
0.030883
0.030279
0.030963
0.030883
0.030098
0.030963
0.030792
0.030963
0.030883
0.030460
0.030963
0.030883
0.030098
0.030963
0.030883
0.030098
0.030963
0.030701
0.030963
0.030883
0.030370
0.030963
0.030883
0.030098
0.030963
0.030792
0.030963
0.030883
0.030551
0.030963
0.030883
0.030188
0.030963
0.030792
0.030188
0.030883
0.030701
0.031054
0.030883
0.030370
0.031054
0.030883
0.030188
0.030963
0.030792
0.031054
0.030883
0.030460
0.031054
0.030883
0.030188
0.031054
0.030792
0.030188
0.030973
0.030611
0.031054
0.030973
0.030188
0.031054
0.030973
0.030188
0.031054
0.030883
0.031054
0.030973
0.030370
0.031054
0.030973
0.030188
0.031054
0.030883
0.030188
0.029314
0.027648
0.026452
0.025559
0.026227
0.028169
0.030903
0.031897
0.031561
0.031169
0.029831
0.028271
0.027778
0.027565
0.027464
0.028577
0.029596
0.029317
0.030141
0.029661
0.029009
0.029536
0.029121
0.028632
0.029392
0.029192
0.029694
0.029608
0.029372
0.029644
0.029608
0.029300
0.029536
0.027868
0.026261
0.024925
0.024246
0.024731
0.027211
0.029485
0.031416
0.031470
0.029733
0.028393
0.027283
0.026410
0.026372
0.027283
0.027338
0.028374
0.029289
0.028901
0.028483
0.028876
0.028318
0.027994
0.028593
0.028266
0.028065
0.028788
0.028480
0.028968
0.028878
0.028480
0.028897
0.027225
0.025538
0.024278
0.023572
0.024044
0.026591
0.028787
0.030908
0.030849
0.029228
0.027715
0.026705
0.025837
0.025708
0.026705
0.026825
0.027697
0.028700
0.028584
0.027986
0.028333
0.028046
0.027451
0.027959
0.027904
0.027612
0.028245
0.028208
0.028606
0.028334
0.026483
0.024982
0.023575
0.023898
0.023395
0.026647
0.028132
0.030175
0.030141
0.028793
0.027081
0.026089
0.025493
0.025799
0.026072
0.027148
0.027045
0.027975
0.027859
0.028258
0.027608
0.027412
0.027915
0.027234
0.027270
0.027884
0.027701
0.027483
0.028243
