0.771844
0.771844
0.771844
0.771844
0.771844
0.771844
0.771844
0.771844
0.771851
0.771847
0.771825
0.771597
0.771512
0.771428
0.771326
0.771553
0.772105
0.772540
0.773022
0.773206
0.773380
0.773852
0.774180
0.774518
0.774847
0.774941
0.774903
0.774286
0.773576
0.772760
0.771677
0.770884
0.769833
0.768583
0.767341
0.765782
0.763944
0.761916
0.760140
0.758184
0.756468
0.754901
0.753362
0.752057
0.750629
0.749177
0.747557
0.745778
0.744217
0.742513
0.740758
0.739036
0.737636
0.736085
0.734610
0.732933
0.731216
0.729814
0.728135
0.726308
0.724689
0.723096
0.721551
0.719984
0.718401
0.716770
0.715289
0.713767
0.712037
0.710712
0.709024
0.707602
0.706186
0.704784
0.703234
0.701840
0.700461
0.698973
0.697457
0.696144
0.694653
0.693409
0.692162
0.690853
0.689524
0.688232
0.686962
0.685726
0.684489
0.683190
0.681834
0.680696
0.679679
0.678451
0.677173
0.676120
0.675055
0.674094
0.673339
0.672777
0.672340
0.672065
0.672007
0.672055
0.671978
0.671909
0.671566
0.671417
0.671122
0.671149
0.670943
0.671124
0.671409
0.671714
0.671925
0.671900
0.671941
0.672099
0.672401
0.672968
0.673091
0.672994
0.672778
0.672387
0.671816
0.671157
0.670219
0.669413
0.668362
0.667542
0.666683
0.665554
0.664604
0.662959
0.661192
0.659298
0.657152
0.655034
0.652904
0.651013
0.649175
0.647272
0.645347
0.643544
0.641580
0.639618
0.637512
0.635658
0.633433
0.631474
0.629463
0.627504
0.625383
0.623667
0.621696
0.619743
0.617698
0.615759
0.613580
0.611661
0.609787
0.607685
0.605876
0.603820
0.601760
0.599844
0.597950
0.596073
0.593955
0.592132
0.590030
0.588163
0.586296
0.584241
0.582340
0.580414
0.578451
0.576565
0.574673
0.572680
0.570814
0.569086
0.567075
0.565189
0.563414
0.561450
0.559569
0.557677
0.555878
0.553967
0.552180
0.550427
0.548497
0.546647
0.544933
0.543117
0.541187
0.539443
0.537548
0.535652
0.533948
0.532218
0.530370
0.528677
0.526945
0.525243
0.523593
0.521923
0.520152
0.518601
0.516914
0.515187
0.513709
0.512066
0.510373
0.508951
0.507243
0.505715
0.504280
0.502687
0.501181
0.499994
0.498248
0.496981
0.495478
0.494073
0.492711
0.491274
0.490041
0.488587
0.487331
0.486019
0.484702
0.483497
0.482181
0.480937
0.479671
0.478458
0.477164
0.476118
0.474823
0.473666
0.472511
0.471328
0.470193
0.469145
0.468022
0.466919
0.465749
0.464777
0.463703
0.462499
0.461608
0.460443
0.459438
0.458356
0.457451
0.456438
0.455416
0.454436
0.453466
0.452499
0.451546
0.450637
0.449673
0.448818
0.447705
0.446854
0.446113
0.444825
0.444151
0.443283
0.442165
0.441422
0.440637
0.439693
0.438878
0.438158
0.437226
0.436310
0.435529
0.434770
0.433929
0.433207
0.432450
0.431491
0.430801
0.430031
0.429299
0.428464
0.427839
0.426971
0.426192
0.425607
0.425019
0.424126
0.423041
0.422383
0.421678
0.420940
0.420366
0.419632
0.418872
0.418316
0.417437
0.416817
0.416182
0.415652
0.414976
0.414157
0.413537
0.412895
0.412454
0.411872
0.411129
0.410551
0.410013
0.409531
0.408960
0.408462
0.407736
0.407278
0.406776
0.406201
0.405750
0.405309
0.404787
0.404208
0.403674
0.403289
0.402970
0.402481
0.401951
0.401382
0.401041
0.400599
0.400151
0.399952
0.399492
0.399132
0.398814
0.398205
0.397868
0.397584
0.397257
0.396961
0.396660
0.396238
0.395915
0.395492
0.395130
0.394881
0.394579
0.394260
0.393905
0.393676
0.393268
0.392894
0.392678
0.392289
0.391867
0.391490
0.391087
0.390858
0.390502
0.390190
0.389944
0.389641
0.389217
0.389035
0.388635
0.388512
0.388204
0.387925
0.387739
0.387496
0.387187
0.386951
0.386670
0.386493
0.386218
0.385970
0.385771
0.385437
0.385360
0.384964
0.384898
0.384799
0.384513
0.384341
0.383741
0.383376
0.383207
0.382924
0.382647
0.382457
0.382239
0.381953
0.381738
0.381597
0.510061
0.509849
0.509755
0.509689
0.509424
0.509223
0.509069
0.508983
0.508803
0.508521
0.508346
0.508025
0.507875
0.507751
0.507839
0.507734
0.507701
0.507625
0.507468
0.507355
0.353961
0.353872
0.353503
0.353198
0.352780
0.352129
0.351377
0.350378
0.349171
0.347871
0.346728
0.345543
0.344443
0.343330
0.342290
0.341255
0.340087
0.339058
0.337949
0.336793
0.335551
0.334600
0.333435
0.332285
0.331143
0.330025
0.328892
0.327742
0.326548
0.325505
0.324443
0.323278
0.322242
0.321000
0.319972
0.319053
0.317772
0.316828
0.315270
0.314166
0.312958
0.311759
0.310873
0.309567
0.308516
0.307569
0.306356
0.305311
0.304229
0.303205
0.302155
0.301077
0.300076
0.298982
0.297950
0.296933
0.295937
0.294840
0.293760
0.292810
0.291740
0.290775
0.289392
0.288226
0.287184
0.286122
0.285153
0.284104
0.283148
0.282071
0.281040
0.280062
0.278988
0.278010
0.277012
0.276021
0.275051
0.274066
0.273038
0.272137
0.271115
0.270254
0.269612
0.268862
0.268415
0.267870
0.267084
0.266180
0.265007
0.263824
0.262500
0.261136
0.259874
0.258680
0.257622
0.256590
0.255466
0.254235
0.253066
0.251870
0.250708
0.249472
0.248177
0.246991
0.246101
0.245057
0.243974
0.242991
0.241991
0.240738
0.239545
0.238355
0.237286
0.236379
0.235483
0.234599
0.233285
0.232005
0.230543
0.229037
0.227479
0.225939
0.224530
0.223161
0.221662
0.220272
0.218823
0.217403
0.215926
0.214504
0.212948
0.211445
0.209924
0.208552
0.207068
0.205707
0.204235
0.202884
0.201556
0.200003
0.198664
0.197194
0.195838
0.194392
0.192891
0.191461
0.190030
0.188673
0.187315
0.185519
0.183995
0.182202
0.180720
0.179221
0.177786
0.176373
0.174962
0.173565
0.172173
0.170612
0.169291
0.168009
0.166629
0.165314
0.163974
0.162683
0.161311
0.159986
0.158652
0.157386
0.156095
0.154781
0.153518
0.152223
0.151055
0.149781
0.148556
0.147342
0.146092
0.144980
0.143748
0.142540
0.141375
0.140123
0.139016
0.137868
0.136660
0.135590
0.134473
0.133342
0.132368
0.131185
0.130198
0.129049
0.128029
0.127067
0.126110
0.125075
0.124197
0.123003
0.122015
0.121125
0.120077
0.119033
0.118157
0.117113
0.116119
0.115245
0.114252
0.113200
0.112263
0.111319
0.110389
0.109470
0.108448
0.107445
0.106518
0.105542
0.104658
0.103789
0.102861
0.101934
0.100989
0.100062
0.099240
0.098363
0.097436
0.096538
0.095715
0.094838
0.093911
0.093077
0.092216
0.091394
0.090499
0.089684
0.088757
0.088145
0.087247
0.086555
0.085673
0.084907
0.083751
0.082962
0.082156
0.081307
0.080509
0.079494
0.078512
0.077660
0.076874
0.076091
0.075357
0.074544
0.073859
0.073052
0.072344
0.071628
0.070970
0.070283
0.069707
0.068875
0.068152
0.067569
0.066909
0.066315
0.065609
0.064888
0.064325
0.063661
0.063050
0.062438
0.061810
0.061149
0.060589
0.059929
0.059366
0.058709
0.058146
0.057552
0.057107
0.056401
0.055884
0.055273
0.054662
0.054116
0.053674
0.053185
0.052716
0.052322
0.051818
0.051301
0.050785
0.050382
0.049888
0.049462
0.049053
0.048621
0.048203
0.047687
0.047286
0.046885
0.046391
0.045921
0.045522
0.045030
0.044667
0.044211
0.043749
0.043399
0.042943
0.042601
0.042145
0.041891
0.041386
0.040960
0.040658
0.040108
0.039806
0.039439
0.039153
0.038675
0.038422
0.038086
0.037725
0.037369
0.036978
0.036720
0.036310
0.036004
0.035643
0.035449
0.035006
0.034366
0.033949
0.033702
0.033292
0.032835
0.032687
0.032283
0.032050
0.031608
0.031022
0.030634
0.030329
0.030063
0.029671
0.029367
0.029054
0.028761
0.028591
0.028234
0.027940
0.027776
0.027497
0.027302
0.026933
0.026674
0.026585
0.026253
0.026095
0.025913
0.025552
0.025369
0.025251
0.024999
0.024803
0.024714
0.024408
0.024202
0.023961
0.023901
0.023707
0.023459
0.023400
0.023125
0.022918
0.022830
0.022726
0.022744
0.022488
0.022373
0.022266
0.022166
0.022073
0.021961
0.021924
0.021919
0.021772
0.021773
0.021682
0.021546
0.021464
0.021460
0.021324
0.021269
0.021193
0.021028
0.020998
0.020894
0.020816
0.020677
0.020590
0.020486
0.020351
0.020293
0.020185
0.020063
0.020006
0.019919
0.019920
0.019769
0.019654
0.019490
0.019461
0.019311
0.019253
0.019226
0.019226
0.019048
0.018887
0.018830
0.018802
0.018406
0.018176
0.018050
0.017946
0.017789
0.017714
0.017572
0.017479
0.017418
0.017361
0.017277
0.016787
0.016576
0.016526
0.016422
0.016277
0.016231
0.016061
0.016013
0.015896
0.015896
0.015811
0.015738
0.015655
0.015611
0.015556
0.015512
0.015456
0.015410
0.015344
0.015344
0.015219
0.015222
0.015167
0.015164
0.015037
0.015037
0.015037
0.014940
0.014940
0.014859
0.014859
0.014809
0.014764
0.014764
0.014760
0.014792
0.014826
0.014817
0.014862
0.014784
0.014788
0.014838
0.014866
0.014951
0.015084
0.015011
0.015066
0.015113
0.015112
0.015219
0.015176
0.015179
0.015266
0.015266
0.015272
0.015272
0.015272
0.015387
0.015314
0.015314
0.015314
0.015372
0.015324
0.015324
0.015324
0.015277
0.015312
0.015371
0.015371
0.015325
0.015325
0.015325
0.015325
0.015325
0.015258
0.015258
0.015317
0.015317
0.015273
0.015273
0.014935
0.014883
0.014785
0.014696
0.014632
0.014632
0.014592
0.014556
0.014483
0.014483
0.014455
0.014112
0.013985
0.013896
0.013849
0.013769
0.013769
0.013727
0.013680
0.013608
0.013608
0.013579
0.013579
0.013553
0.013553
0.013517
0.013500
0.013500
0.013482
0.013472
0.013472
0.013472
0.013441
0.013441
0.013438
0.013438
0.013438
0.013438
0.013438
0.013438
0.013406
0.013406
0.013406
0.013395
0.013395
0.013470
0.013502
0.013578
0.013622
0.013667
0.013667
0.013716
0.013766
0.013766
0.013897
0.013985
0.014064
0.014163
0.014211
0.014211
0.014316
0.014368
0.014368
0.014478
0.014533
0.014533
0.014588
0.014588
0.014646
0.014703
0.014703
0.014703
0.014703
0.014761
0.014761
0.014761
0.014761
0.014761
0.014878
0.014878
0.014878
0.014878
0.014878
0.014878
0.014878
0.014878
0.014878
0.014938
0.014938
0.014938
0.014600
0.014548
0.014449
0.014403
0.014360
0.014360
0.014320
0.014284
0.014284
0.014252
0.014224
0.014224
0.013859
0.013806
0.013705
0.013641
0.013597
0.013597
0.013545
0.013508
0.013474
0.013474
0.013445
0.013442
0.013419
0.013419
0.013419
0.013402
0.013402
0.013402
0.013391
0.013391
0.013391
0.013395
0.013395
0.013391
0.013391
0.013391
0.013391
0.013391
0.013391
0.013391
0.013391
0.013391
0.013395
0.013395
0.013470
0.013502
0.013578
0.013622
0.013667
0.013667
0.013716
0.013766
0.013818
0.013897
0.013985
0.014064
0.014163
0.014211
0.014211
0.014316
0.014368
0.014368
0.014478
0.014533
0.014533
0.014588
0.014588
0.014646
0.014703
0.014703
0.014703
0.014703
0.014761
0.014761
0.014761
0.014761
0.014820
0.014878
0.014878
0.014878
0.014878
0.014878
0.014878
0.014878
0.014878
0.014878
0.014878
0.014938
0.014938
0.014600
0.014548
0.014449
0.014403
0.014360
0.014360
0.014320
0.014284
0.014284
0.014252
0.014224
0.014224
0.014202
0.013859
0.013806
0.013689
0.013641
0.013597
0.013587
0.013545
0.013508
0.013474
0.013474
0.013442
0.013442
0.013419
0.013419
0.013419
0.013402
0.013402
0.013402
0.013391
0.013391
0.013395
0.013395
0.013395
0.013391
0.013391
0.013391
0.013391
0.013391
0.013391
0.013391
0.013391
0.013391
0.013470
0.013502
0.013578
0.013622
0.013667
0.013667
0.013716
0.013766
0.013766
0.013818
0.013872
0.013951
0.014039
0.014119
0.014163
0.014267
0.014267
0.014316
0.014425
0.014425
0.014478
0.014533
0.014533
0.014646
0.014646
0.014646
0.014703
0.014703
0.014703
0.014703
0.014761
0.014761
0.014761
0.014820
0.014820
0.014878
0.014878
0.014878
0.014878
0.014878
