0.526012
0.526012
0.526012
0.526012
0.526012
0.526012
0.526012
0.526012
0.526012
0.525967
0.525923
0.525882
0.525754
0.525625
0.525497
0.525280
0.525149
0.525018
0.524935
0.524808
0.524709
0.524547
0.524242
0.523982
0.523742
0.523473
0.523210
0.523041
0.523164
0.522930
0.522767
0.522492
0.522098
0.521606
0.521130
0.520727
0.520332
0.519883
0.519509
0.518876
0.518571
0.518038
0.517493
0.517107
0.516605
0.516100
0.515687
0.515397
0.514951
0.514433
0.513982
0.513573
0.513117
0.512779
0.512344
0.511967
0.511598
0.511150
0.510777
0.510483
0.510036
0.509664
0.509265
0.509028
0.508603
0.508240
0.507837
0.507534
0.507232
0.506993
0.506693
0.506309
0.506015
0.505693
0.505407
0.505137
0.504892
0.504620
0.504288
0.504063
0.503746
0.503483
0.503215
0.502992
0.502772
0.502503
0.502225
0.502029
0.501800
0.501521
0.501286
0.501027
0.500840
0.500632
0.500473
0.500245
0.500022
0.499842
0.499618
0.499535
0.499361
0.499159
0.499014
0.498926
0.498646
0.498501
0.498376
0.498212
0.498037
0.497871
0.497701
0.497549
0.497386
0.497253
0.497082
0.496887
0.496677
0.496580
0.496433
0.496238
0.496097
0.496006
0.495815
0.495609
0.495583
0.495412
0.495228
0.495053
0.494833
0.494571
0.494346
0.494054
0.493719
0.493361
0.493018
0.492686
0.492337
0.491990
0.491626
0.491242
0.490898
0.490434
0.490172
0.489819
0.489471
0.489094
0.488755
0.488445
0.488103
0.487711
0.487398
0.487129
0.486741
0.486468
0.486130
0.485779
0.485462
0.485149
0.484836
0.484543
0.484293
0.483959
0.483709
0.483335
0.483047
0.482745
0.482480
0.482107
0.481859
0.481588
0.481283
0.481003
0.480657
0.480455
0.480185
0.479882
0.479609
0.479380
0.479034
0.478800
0.478454
0.478227
0.477949
0.477673
0.477378
0.477136
0.476874
0.476530
0.476331
0.476067
0.475756
0.475510
0.475298
0.475105
0.474872
0.474692
0.474348
0.474202
0.473948
0.473658
0.473442
0.473284
0.472940
0.472701
0.472500
0.472267
0.471988
0.471747
0.471494
0.471295
0.471055
0.470776
0.470526
0.470352
0.470098
0.469830
0.469610
0.469359
0.469131
0.468958
0.468645
0.468398
0.468200
0.467997
0.467799
0.467469
0.467255
0.467049
0.466831
0.466607
0.466400
0.466131
0.465906
0.465673
0.465330
0.465150
0.464898
0.464603
0.464386
0.464202
0.464020
0.463843
0.463601
0.463376
0.463147
0.463014
0.462852
0.462635
0.462481
0.462226
0.462075
0.461896
0.461717
0.461556
0.461399
0.461257
0.461087
0.460927
0.460757
0.460637
0.460508
0.460394
0.460241
0.460084
0.459966
0.459860
0.459718
0.459605
0.459508
0.459372
0.459278
0.459142
0.459017
0.458903
0.458803
0.458683
0.458580
0.458494
0.458398
0.458321
0.458181
0.458088
0.457999
0.457915
0.457816
0.457760
0.457753
0.457699
0.457651
0.457579
0.457518
0.457461
0.457390
0.457320
0.457285
0.457180
0.457142
0.457063
0.457027
0.456932
0.456877
0.456842
0.456754
0.456717
0.456650
0.456594
0.456533
0.456440
0.456398
0.456388
0.456333
0.456234
0.456184
0.456149
0.456092
0.455999
0.455949
0.455930
0.455866
0.455827
0.455796
0.455738
0.455677
0.455651
0.455592
0.455508
0.455476
0.455288
0.455209
0.455126
0.415349
0.415318
0.415244
0.415153
0.415099
0.415046
0.414997
0.414914
0.414865
0.414785
0.414683
0.414685
0.414712
0.414766
0.414882
0.415016
0.415120
0.415284
0.415451
0.415687
0.416002
0.416200
0.416469
0.416625
0.416834
0.416970
0.417105
0.417266
0.417440
0.417644
0.417833
0.418048
0.418236
0.418457
0.418574
0.418774
0.419005
0.419140
0.419331
0.419522
0.419745
0.419909
0.420070
0.420285
0.420500
0.420696
0.420864
0.421010
0.421055
0.421059
0.420934
0.420840
0.420673
0.420581
0.420499
0.420383
0.420330
0.420303
0.420280
0.420142
0.420086
0.419996
0.419912
0.419843
0.419724
0.419679
0.419644
0.419599
0.419467
0.419299
0.271233
0.271149
0.271133
0.271096
0.271058
0.271006
0.270898
0.270740
0.270539
0.270149
0.269751
0.269336
0.268713
0.268035
0.267173
0.266392
0.265459
0.264417
0.263331
0.262317
0.261140
0.260159
0.259081
0.258033
0.257050
0.255898
0.254607
0.253350
0.251946
0.250486
0.249153
0.247814
0.246507
0.245194
0.243904
0.242623
0.241286
0.239996
0.238612
0.237313
0.236036
0.234625
0.233360
0.232069
0.230673
0.229500
0.228102
0.226838
0.225515
0.224207
0.222943
0.221607
0.220286
0.218998
0.217762
0.216514
0.215174
0.213867
0.212585
0.211329
0.210096
0.208785
0.207532
0.206195
0.204988
0.203788
0.202414
0.201203
0.199907
0.198694
0.197447
0.196145
0.194929
0.193664
0.192419
0.191244
0.189978
0.188744
0.187457
0.186248
0.185038
0.183802
0.182622
0.181343
0.180129
0.178991
0.177741
0.176562
0.175256
0.174051
0.172893
0.171693
0.170537
0.169273
0.168052
0.166880
0.165654
0.164530
0.163348
0.162116
0.160919
0.159705
0.158600
0.157348
0.156203
0.155005
0.153757
0.152682
0.151434
0.150322
0.149131
0.147958
0.146860
0.145625
0.144468
0.143273
0.142183
0.141041
0.139837
0.138717
0.137533
0.136417
0.135359
0.134112
0.133000
0.131856
0.130734
0.129672
0.128469
0.127369
0.126197
0.125096
0.124052
0.122878
0.121799
0.120643
0.119501
0.118454
0.117297
0.116256
0.115110
0.113987
0.112897
0.111820
0.110720
0.109598
0.108535
0.107417
0.106323
0.105254
0.104153
0.103118
0.102003
0.100886
0.099854
0.098730
0.097688
0.096602
0.095511
0.094480
0.093329
0.092287
0.091244
0.090214
0.089172
0.088108
0.087100
0.086140
0.085126
0.084058
0.083127
0.082173
0.081193
0.080269
0.079320
0.078370
0.077410
0.076538
0.075645
0.074764
0.073942
0.073045
0.072154
0.071350
0.070537
0.069685
0.068883
0.068078
0.067241
0.066486
0.065745
0.064977
0.064244
0.063505
0.062785
0.062067
0.061285
0.060690
0.059981
0.059251
0.058665
0.057905
0.057298
0.056659
0.055986
0.055398
0.054744
0.054115
0.053558
0.052943
0.052364
0.051768
0.051184
0.050662
0.050085
0.049541
0.049014
0.048430
0.047884
0.047393
0.046882
0.046406
0.045843
0.045384
0.044876
0.044408
0.043941
0.043500
0.043009
0.042550
0.042087
0.041699
0.041276
0.040808
0.040398
0.039922
0.039548
0.039190
0.038699
0.038340
0.037961
0.037559
0.037179
0.036822
0.036419
0.036084
0.035675
0.035361
0.035033
0.034632
0.034325
0.034027
0.033625
0.033333
0.033021
0.032647
0.032350
0.032045
0.031731
0.031460
0.031125
0.030835
0.030543
0.030281
0.030012
0.029707
0.029431
0.029169
0.028871
0.028630
0.028340
0.028079
0.027832
0.027606
0.027367
0.027078
0.026859
0.026633
0.026418
0.026158
0.025934
0.025695
0.025499
0.025296
0.025059
0.024826
0.024631
0.024413
0.024180
0.024031
0.023835
0.023611
0.023438
0.023213
0.022992
0.022884
0.022688
0.022487
0.022270
0.022164
0.021942
0.021753
0.021644
0.021451
0.021271
0.021143
0.020928
0.020771
0.020684
0.020490
0.020319
0.020198
0.020049
0.019898
0.019770
0.019571
0.019476
0.019306
0.019179
0.019065
0.018916
0.018782
0.018674
0.018539
0.018390
0.018306
0.018159
0.018032
0.017919
0.017792
0.017707
0.017581
0.017537
0.017342
0.017270
0.017125
0.017060
0.016956
0.016844
0.016779
0.016657
0.016613
0.016467
0.016384
0.016271
0.016213
0.016126
0.016045
0.015921
0.015830
0.015783
0.015678
0.015596
0.015517
0.015432
0.015371
0.015271
0.015199
0.015160
0.015058
0.014976
0.014937
0.014832
0.014774
0.014728
0.014668
0.014567
0.014507
0.014459
0.014377
0.014301
0.014260
0.014231
0.014116
0.014097
0.014036
0.013934
0.013882
0.013882
0.013798
0.013740
0.013688
0.013659
0.013598
0.013556
0.013490
0.013469
0.013407
0.013366
0.013350
0.013280
0.013258
0.013192
0.013149
0.013117
0.013065
0.013026
0.012985
0.012964
0.012933
0.012882
0.012840
0.012800
0.012779
0.012755
0.012719
0.012648
0.012613
0.012613
0.012593
0.012577
0.012521
0.012453
0.012438
0.012438
0.012418
0.012382
0.012348
0.012275
0.012275
0.012260
0.012219
0.012205
0.012183
0.012161
0.012108
0.012108
0.012074
0.012054
0.012040
0.012040
0.011997
0.011979
0.011979
0.011959
0.011959
0.011952
0.011952
0.011952
0.011952
0.011931
0.011931
0.011931
0.011931
0.011931
0.011931
0.011931
0.011931
0.011910
0.011910
0.011910
0.011910
0.011910
0.011910
0.011910
0.011910
0.011910
0.011910
0.011910
0.011910
0.011910
0.011910
0.011910
0.011910
0.011910
0.011910
0.011910
0.011910
0.011910
0.011910
0.011910
0.011910
0.011910
0.011910
0.011910
0.011910
0.011910
0.011910
0.011910
0.011910
0.011910
0.011910
0.011910
0.011910
0.011910
0.011910
0.011910
0.011910
0.011910
0.011910
0.011910
0.011910
0.011910
0.011910
0.011910
0.011910
0.011910
0.011910
0.011910
0.011910
0.011910
0.011910
0.011910
0.011910
0.011910
0.011910
0.011910
0.011910
0.011910
0.011910
0.011910
0.011910
0.011910
0.011910
0.011910
0.011910
0.011910
0.011910
0.011910
0.011910
0.011910
0.011910
0.011910
0.011910
0.011910
0.011910
0.011910
0.011910
0.011910
0.011910
0.011910
0.011910
0.011910
0.011910
0.011910
0.011910
0.011910
0.011910
0.011910
0.011910
0.011910
0.011910
0.011910
0.011910
0.011910
0.011910
0.011910
0.011910
0.011910
0.011910
0.011910
0.011910
0.011910
0.011910
0.011910
0.011910
0.011910
0.011910
0.011910
0.011910
0.011910
0.011910
0.011910
0.011910
0.011910
0.011910
0.011910
0.011910
0.011910
0.011910
0.011910
0.011910
0.011910
0.011910
0.011910
0.011910
0.011910
0.011910
0.011910
0.011910
0.011910
0.011910
0.011910
0.011910
0.011910
0.011910
0.011910
0.011910
0.011910
0.011910
0.011910
0.011910
0.011910
0.011910
0.011910
0.011910
0.011910
0.011910
0.011910
0.011910
