1.663576
1.663576
1.663576
1.663718
1.663782
1.664146
1.664581
1.665023
1.665473
1.665911
1.665974
1.666333
1.666311
1.666042
1.665254
1.664439
1.664028
1.663486
1.662372
1.661300
1.660105
1.658852
1.657630
1.656282
1.654961
1.653688
1.652507
1.651669
1.650701
1.649649
1.648447
1.647110
1.645491
1.643851
1.641977
1.640287
1.638514
1.636459
1.634425
1.632475
1.630369
1.628115
1.625946
1.623575
1.621116
1.618747
1.616130
1.613743
1.611094
1.608434
1.605300
1.602259
1.599139
1.596041
1.593052
1.589725
1.586517
1.583324
1.580002
1.576688
1.573385
1.569945
1.566846
1.563321
1.559931
1.556540
1.553264
1.549711
1.546167
1.542591
1.539069
1.535370
1.531619
1.528003
1.524475
1.520913
1.517210
1.513657
1.510075
1.506522
1.503062
1.499596
1.496086
1.492575
1.489523
1.487130
1.484499
1.482132
1.479907
1.477268
1.474735
1.472296
1.469895
1.467635
1.464500
1.461574
1.459129
1.457083
1.454843
1.452202
1.449725
1.447156
1.444687
1.442104
1.439836
1.437409
1.435363
1.433045
1.430807
1.428569
1.426221
1.424041
1.421981
1.419814
1.417656
1.415486
1.413321
1.411170
1.408923
1.406893
1.404805
1.402742
1.400598
1.398683
1.396474
1.394295
1.392243
1.390199
1.387943
1.385945
1.383689
1.381697
1.379569
1.377587
1.375386
1.373334
1.371130
1.368982
1.366921
1.364711
1.362650
1.360465
1.358385
1.355977
1.353795
1.351611
1.349374
1.347077
1.345067
1.342815
1.340704
1.338584
1.336380
1.334266
1.332062
1.329795
1.327576
1.325383
1.323185
1.321065
1.318905
1.316708
1.314616
1.312368
1.310116
1.307954
1.305596
1.303333
1.301197
1.298851
1.296738
1.294455
1.292318
1.289990
1.287625
1.285151
1.282814
1.280273
1.277867
1.275376
1.273041
1.270662
1.268291
1.265932
1.263534
1.261052
1.258668
1.256234
1.253536
1.251087
1.248619
1.246003
1.243447
1.240814
1.238335
1.235799
1.233076
1.230491
1.228090
1.225351
1.222715
1.220159
1.217560
1.214904
1.212187
1.209748
1.207273
1.204451
1.201677
1.198951
1.196253
1.193417
1.190662
1.187652
1.184835
1.181962
1.179065
1.176242
1.173364
1.170451
1.167527
1.164533
1.161479
1.158514
1.155619
1.152565
1.149531
1.146439
1.143364
1.140355
1.137102
1.134109
1.130989
1.127800
1.124702
1.121623
1.118408
1.115223
1.112048
1.108809
1.105417
1.102095
1.098715
1.095479
1.092147
1.088820
1.085642
1.082345
1.078953
1.075620
1.072213
1.068829
1.065490
1.061954
1.058559
1.055116
1.051719
1.048248
1.044849
1.041395
1.037969
1.034519
1.031054
1.027545
1.024044
1.020564
1.017040
1.013561
1.010067
1.006687
1.003209
0.999886
0.996264
0.992765
0.989250
0.985483
0.981777
0.978258
0.974621
0.971063
0.967508
0.963716
0.960224
0.956557
0.953071
0.949536
0.945933
0.942295
0.938802
0.935350
0.931897
0.928081
0.924602
0.921204
0.917816
0.914479
0.910659
0.906840
0.903283
0.899513
0.895745
0.892124
0.888600
0.884810
0.881211
0.877548
0.873792
0.870084
0.866363
0.862607
0.858884
0.855141
0.851561
0.847846
0.843959
0.840406
0.836709
0.833039
0.829310
0.825603
0.821984
0.818290
0.814497
0.810812
0.807101
0.803462
0.799908
0.796309
0.792663
0.789016
0.785418
0.781812
0.778323
0.774611
0.771046
0.767519
0.763918
0.760409
0.756787
0.753335
0.749833
0.746294
0.742862
0.739246
0.735849
0.732425
0.729024
0.725597
0.722165
0.718914
0.715566
0.712214
0.708836
0.705444
0.702099
0.698827
0.695774
0.692698
0.689619
0.686696
0.683642
0.680647
0.677717
0.674611
0.671525
0.668557
0.665558
0.662483
0.659527
0.656532
0.653700
0.650844
0.648000
0.645304
0.642629
0.639540
0.636669
0.633703
0.630633
0.627857
0.625100
0.622186
0.619519
0.616626
0.613796
0.610994
0.608461
0.605321
0.602551
0.600042
0.597233
0.594545
0.591959
0.589101
0.586184
0.583562
0.580787
0.578278
0.575457
0.573000
0.570444
0.567901
0.565241
0.562758
0.560183
0.557658
0.555261
0.552710
0.550201
0.547799
0.545714
0.543443
0.541460
0.539123
0.536840
0.534547
0.532561
0.530488
0.528380
0.526422
0.524442
0.522393
0.520076
0.518059
0.516255
0.514361
0.512537
0.510623
0.508675
0.506806
0.504988
0.503089
0.501245
0.499435
0.497702
0.496097
0.494298
0.492598
0.490911
0.489347
0.487494
0.485841
0.484150
0.482582
0.480727
0.479364
0.477742
0.476226
0.474528
0.472988
0.471298
0.469613
0.468012
0.466552
0.464933
0.463416
0.461896
0.460397
0.458694
0.457051
0.455353
0.453806
0.452217
0.450415
0.448813
0.447348
0.445651
0.443942
0.442478
0.440991
0.439108
0.437868
0.436329
0.435067
0.433386
0.431958
0.430644
0.429280
0.427738
0.426591
0.425410
0.424057
0.422624
0.421390
0.419966
0.418598
0.417264
0.415900
0.414583
0.413306
0.411820
0.410720
0.409628
0.408124
0.407066
0.405901
0.404718
0.403328
0.402215
0.401226
0.399997
0.398817
0.397794
0.396810
0.395901
0.394673
0.393654
0.392730
0.391870
0.390807
0.389892
0.389041
0.387978
0.387404
0.386659
0.385957
0.385035
0.384397
0.383618
0.382876
0.381857
0.381009
0.380269
0.379575
0.378542
0.377944
0.376891
0.375820
0.374527
0.373487
0.372337
0.371398
0.370004
0.368852
0.367577
0.366176
0.364979
0.363882
0.362866
0.361557
0.360775
0.359546
0.358443
0.357076
0.355876
0.354647
0.353397
0.351720
0.350195
0.349011
0.347637
0.346137
0.344850
0.343510
0.341972
0.340618
0.339507
0.338210
0.336605
0.335388
0.334145
0.332950
0.331512
0.330305
0.329233
0.328071
0.326678
0.325703
0.324584
0.323600
0.322243
0.321456
0.320314
0.319332
0.318028
0.317162
0.316315
0.315044
0.314018
0.313046
0.312153
0.310883
0.310054
0.309176
0.308288
0.306984
0.306214
0.305343
0.304522
0.303211
0.302485
0.301559
0.300807
0.299495
0.298629
0.297822
0.296521
0.295628
0.294792
0.293984
0.292638
0.291749
0.290834
0.289972
0.288663
0.287871
0.286952
0.286073
0.284573
0.283646
0.282763
0.281932
0.280364
0.279594
0.278619
0.277599
0.276231
0.275188
0.274255
0.272806
0.271872
0.271031
0.270029
0.268428
0.267527
0.266496
0.265547
0.263945
0.263054
0.262064
0.260989
0.259419
0.258355
0.257363
0.256278
0.254739
0.253716
0.252775
0.250985
0.249965
0.249016
0.247862
0.246229
0.245178
0.244159
0.243084
0.241353
0.240290
0.239183
0.238184
0.236393
0.235295
0.234282
0.233092
0.231405
0.230270
0.229238
0.228073
0.226319
0.225227
0.224249
0.222418
0.221314
0.220286
0.219106
0.217332
0.216266
0.215197
0.213998
0.212342
0.211109
0.209943
0.208964
0.207074
0.205979
0.204973
0.203864
0.202111
0.200966
0.199943
0.198140
0.197018
0.195899
0.194974
0.193064
0.192052
0.190919
0.189868
0.188106
0.186997
0.185954
0.184879
0.183208
0.182133
0.181127
0.180090
0.178291
0.177315
0.176331
0.175208
0.173537
0.172614
0.171557
0.169896
0.168817
0.168013
0.166939
0.165214
0.164305
0.163413
0.162441
0.160700
0.159926
0.158913
0.158046
0.156535
0.155616
0.154761
0.153925
0.152276
0.151443
0.150616
0.149189
0.148225
0.147450
0.146633
0.144970
0.144136
0.143429
0.142685
0.141070
0.140273
0.139548
0.138765
0.137195
0.136423
0.135647
0.134828
0.133353
0.132635
0.131956
0.130471
0.129663
0.128963
0.128247
0.126818
0.126005
0.125330
0.124592
0.123189
0.122578
0.121812
0.121157
0.119705
0.119111
0.118467
0.117727
0.116438
0.115774
0.115113
0.114532
0.113182
0.112457
0.111865
0.110686
0.110075
0.109308
0.108892
0.107628
0.107022
0.106401
0.105957
0.104565
0.104069
0.103668
0.103107
0.101879
0.101364
0.100945
0.100513
0.099279
0.098766
0.098343
0.097270
0.096821
0.096284
0.095934
0.094841
0.094439
0.094055
0.093693
0.092551
0.092241
0.091905
0.091475
0.090505
0.090083
0.089832
0.089437
0.088446
0.088170
0.087872
0.087630
0.086524
0.086364
0.086000
0.085139
0.084815
0.084564
0.084371
0.083410
0.083144
0.082975
0.082778
0.081816
0.081546
0.081421
0.081240
0.080403
0.080143
0.079971
0.079855
0.078888
0.078680
0.078640
0.077798
0.077584
0.077421
0.077490
0.076581
0.076392
0.076394
0.076309
0.075353
0.075343
0.075285
0.075220
0.074346
0.074266
0.074300
0.074348
0.073377
0.073283
0.073517
0.073278
0.072524
0.072522
0.072523
0.071717
0.071806
0.071806
0.071740
0.070934
0.070973
0.071047
0.071036
0.070281
0.070195
0.070422
0.070555
0.069671
0.069647
0.069783
0.069885
0.069074
0.069132
0.069271
0.068609
0.068623
0.068689
0.068784
0.067996
0.068140
0.068366
0.068279
0.067697
0.067767
0.067854
0.067996
0.067286
0.067425
0.067492
0.067516
0.066858
0.067029
0.067165
0.067298
0.066568
0.066771
0.066828
0.066090
0.066207
0.066513
0.066538
0.065807
0.066078
0.066166
0.066288
0.065681
0.065738
0.065832
0.066101
0.065364
0.065502
0.065661
0.065817
0.065155
0.065254
0.065436
0.064840
0.064964
0.065061
0.065316
0.064624
0.064696
0.064941
0.065073
0.064359
0.064663
0.064801
0.064899
0.064300
0.064406
0.064684
0.064760
0.064155
0.064294
0.064486
0.064596
0.064019
0.064187
0.064351
0.063662
0.063827
0.064055
0.064277
0.063648
0.063693
0.064035
0.064201
0.063542
0.063657
0.063849
0.064048
0.063330
0.063526
0.063669
0.063833
0.063263
0.063400
0.063627
0.062995
0.063080
0.063223
0.063560
0.062843
0.062900
0.063096
0.063410
0.062725
0.062807
0.063034
0.063262
0.062573
0.062715
0.062858
0.063083
0.062455
0.062540
0.062736
0.063021
0.062392
0.062506
0.062678
0.062104
0.062247
0.062447
0.062616
0.061930
0.062159
0.062359
0.062559
0.061872
0.062013
0.062299
0.062442
0.061756
0.062068
0.062268
0.062296
0.061782
0.062039
0.062153
0.061496
0.061724
0.061953
0.062210
0.061494
0.061608
0.061951
0.062094
0.061465
0.061549
0.061863
0.062063
0.061349
0.061548
0.061806
0.062062
0.061377
0.061577
0.061834
0.061977
0.061291
0.061577
0.061862
0.061177
0.061348
0.061548
0.061691
0.061148
0.061348
0.061548
0.061776
0.061177
0.061319
0.061462
0.061832
0.061175
0.061232
0.061461
0.061747
0.061232
0.061261
0.061517
0.060888
0.061088
0.061374
0.061546
0.060889
0.061003
0.061260
0.061660
0.060889
0.061032
0.061289
0.061517
0.060946
0.061032
0.061375
0.061518
0.060804
0.061061
0.061432
0.060689
0.060804
0.061089
0.061404
0.060661
0.060860
0.061174
0.061374
0.060687
0.060916
0.061116
0.061344
0.060687
0.060944
0.061116
0.061287
0.060801
0.060915
0.061001
0.061372
0.060801
0.060887
0.061086
0.060544
0.060715
0.060858
0.061201
0.060543
0.060686
0.060972
0.061172
0.060514
0.060657
0.060971
0.061171
0.060514
0.060743
0.060943
0.061171
0.060600
0.060743
0.060972
0.060429
0.060629
0.060743
0.061029
0.060515
0.060572
0.060829
0.061115
0.060486
0.060658
0.060858
0.061172
0.060515
0.060687
0.061001
0.061172
0.060630
0.060773
0.061001
0.061258
0.060658
0.060887
0.061058
0.060430
0.060773
0.060944
0.061144
0.060515
0.060801
0.060972
0.061172
0.060543
0.060772
0.061058
0.061343
0.060601
0.060858
0.061143
0.061286
0.060658
0.060972
0.061229
0.060543
0.060743
0.061029
0.061229
0.060543
0.060858
0.061058
0.061229
0.060715
0.060886
0.061058
0.061344
0.060715
0.060944
0.061087
0.061401
0.060715
0.060858
0.061230
0.061430
0.060744
0.060944
0.061287
0.060658
0.060801
0.061030
0.061258
0.060601
0.060773
0.061116
0.061316
0.060687
0.060830
0.061059
0.061344
0.060716
0.060859
0.061116
0.061316
0.060686
0.060886
0.061086
0.060601
0.060772
0.060886
0.061058
0.060572
0.060715
0.060886
0.061086
0.060544
0.060658
0.060972
0.061115
0.060515
0.060686
0.060972
0.061086
0.060400
0.060657
0.060943
0.061086
0.060457
0.060657
0.060857
0.060286
0.060514
0.060629
0.060886
0.060257
0.060457
0.060686
0.060886
0.060286
0.060371
0.060714
0.060943
0.060314
0.060429
0.060686
0.060857
0.060229
0.060514
0.060686
0.060114
0.060286
0.060572
0.060715
0.060086
0.060372
0.060544
0.060801
0.060144
0.060344
0.060601
0.060829
0.060258
0.060430
0.060687
0.060944
0.060315
0.060515
0.060772
0.060944
0.060344
0.060572
0.060801
0.060201
0.060343
0.060629
0.060858
0.060258
0.060400
0.060715
0.060886
0.060286
0.060457
0.060743
0.060943
0.060372
0.060486
0.060800
0.060972
0.060457
0.060543
0.060800
0.060258
0.060429
0.060629
0.060858
0.060286
0.060458
0.060658
0.060943
0.060343
0.060429
0.060772
0.060972
0.060372
0.060543
0.060829
0.061001
0.060372
0.060629
0.060772
0.061001
0.060458
0.060658
0.060858
0.060258
0.060572
0.060715
0.060886
0.060258
0.060572
0.060801
0.060915
0.060401
0.060572
0.060772
0.061001
0.060401
0.060658
0.060829
0.061001
0.060515
0.060658
0.060915
0.060229
0.060401
0.060801
0.060915
0.060286
0.060515
0.060800
0.061029
0.060258
0.060486
0.060743
0.061000
0.060258
0.060029
0.059829
0.059314
0.058143
0.057657
0.057172
0.056172
0.055400
0.054829
0.054343
0.054059
0.053830
0.054574
0.054517
0.053546
0.053546
0.053574
0.052689
0.052689
0.052803
0.052803
0.052775
0.052746
0.052719
0.052743
0.052743
0.052745
0.052744
0.052772
0.052893
0.053304
0.053856
0.053754
0.054658
0.054885
0.055361
0.056414
0.056814
0.057755
0.058304
0.059228
0.059897
0.061434
0.063455
0.064491
0.066534
0.067946
0.069681
0.071737
0.072489
0.073635
0.074159
0.074590
0.074600
0.075242
0.075834
0.076187
0.077208
0.077840
0.079269
0.079687
0.080223
0.080887
0.080870
0.081296
0.080956
0.080811
0.080853
0.080871
0.080980
0.080150
0.080455
0.080240
0.080776
0.080632
0.081060
0.081692
0.081051
0.080939
0.081150
0.081594
0.081411
0.081508
0.081229
0.081533
0.081060
0.082074
0.081845
0.081823
0.082290
0.082004
0.081570
0.082017
0.081874
0.082222
0.082096
0.082721
0.082949
0.082833
0.083138
0.083128
0.083763
0.083533
0.084189
0.084079
0.084749
0.084393
0.085035
0.085702
0.085749
0.085514
0.085583
0.085720
0.085194
0.084849
0.084476
0.084045
0.083894
0.084282
0.084188
0.084117
0.084897
0.085039
0.085166
0.085547
0.085931
0.086525
0.087593
0.088111
0.088833
0.089681
0.090547
0.091400
0.091746
0.092700
0.093365
0.094477
0.095211
0.096304
0.097133
0.098241
0.099317
0.100368
0.101797
0.103063
0.104596
0.105497
0.106897
0.107842
0.108844
0.110311
0.111519
0.112829
0.114032
0.115702
0.116934
0.118142
0.118480
0.118866
0.119422
0.119699
0.120399
0.120924
0.121284
0.122342
0.123495
0.124483
0.125191
0.126244
0.127220
0.127958
0.128962
0.129927
0.130989
0.132323
0.133666
0.134878
0.136376
0.137683
0.138971
0.140267
0.141521
0.142924
0.144257
0.145407
0.146763
0.148229
0.149577
0.151105
0.152465
0.153599
0.154400
0.155539
0.156495
0.157661
0.158597
0.159818
0.160932
0.162126
0.163469
0.164664
0.165804
0.166957
0.168221
0.169440
0.170559
0.171912
0.172964
0.174487
0.175768
0.177061
0.178143
0.179338
0.180450
0.181985
0.183422
0.184861
0.186354
0.187591
0.188947
0.190295
0.191913
0.193476
0.194982
0.196391
0.197719
0.199232
0.200500
0.202079
0.203272
0.204683
0.206126
0.207428
0.209027
0.210515
0.211836
0.212956
0.214105
0.214890
0.215958
0.216604
0.217290
0.218056
0.218892
0.219826
0.220802
0.221607
0.222358
0.223286
0.223965
0.224811
0.225764
0.226928
0.227907
0.229065
0.230351
0.231312
0.232571
0.233851
0.235009
0.235916
0.237052
0.238289
0.239325
0.240484
0.241753
0.242763
0.243939
0.244812
0.245728
0.246646
0.247691
0.248664
0.249551
0.250133
0.251094
0.252112
0.252636
0.253698
0.254270
0.254951
0.255835
0.256459
0.257059
0.258005
0.258474
0.259464
0.259927
0.261002
0.261444
0.261965
0.262884
0.263380
0.263796
0.264158
0.265261
0.265694
0.266228
0.266784
0.267284
0.267813
3.555690
3.556616
3.556649
3.557406
3.557107
3.557400
3.556797
3.556684
3.555674
3.554653
3.553500
3.552388
3.551680
3.551379
3.550596
3.550271
3.549309
3.548519
3.547989
3.547010
3.546407
3.545294
3.543981
3.543100
3.541591
3.540196
3.539173
3.537343
3.536246
3.534524
3.532383
3.531121
3.529056
3.527141
3.525864
3.524062
3.522037
3.521163
3.519108
3.517003
3.515542
3.513213
3.510869
3.508567
3.506433
3.503634
3.500665
3.498609
3.495772
3.493169
3.491141
3.488567
3.486019
3.484101
3.481112
3.477961
3.475594
3.472351
3.469352
3.467047
3.464310
3.461483
3.458850
3.456777
3.453494
3.450499
3.447764
3.443846
3.440733
3.437438
3.434127
3.430615
3.428024
3.424632
3.421309
3.418110
3.415296
3.412055
3.408498
3.404927
3.400970
3.397612
3.394070
3.390978
3.387975
3.385668
3.382559
3.379516
3.376282
3.373221
3.369923
3.366622
3.363296
3.359751
3.356272
3.352884
3.349411
3.346072
3.342522
3.339071
3.335607
3.332120
3.328642
3.325284
3.321925
3.318529
3.315107
3.311885
3.308574
3.305420
3.302117
3.298827
3.295625
3.292513
3.289370
3.286421
3.283486
3.280508
3.277387
3.274535
3.271684
3.268904
3.265926
3.263070
3.260363
3.257428
3.254594
3.251893
3.249194
3.246465
3.243682
3.240820
3.238020
3.235317
3.232707
3.230108
3.227486
3.224859
3.222154
3.219355
3.216564
3.213721
3.210782
3.207903
3.204990
3.202139
3.199207
3.196486
3.193895
3.191312
3.188882
3.186310
3.183626
3.181163
3.178805
3.176343
3.173741
3.171231
3.168715
3.166201
3.163695
3.161065
3.158464
3.155913
3.153113
3.150471
3.147650
3.144787
3.141895
3.139062
3.136086
3.133184
3.130387
3.127650
3.124836
3.122008
3.119229
3.116421
3.113577
3.110830
3.108016
3.105278
3.102555
3.099888
3.097148
3.094507
3.091801
3.089116
3.086260
3.083339
3.080428
3.077377
3.074504
3.071484
3.068561
3.065541
3.062630
3.059462
3.056429
3.053299
3.049829
3.046318
3.042923
3.039778
3.036599
3.033622
3.030462
3.027450
3.024430
3.021323
3.018237
3.015125
3.012088
3.009073
3.005989
3.002905
2.999969
2.996870
2.993839
2.990789
2.987838
2.984828
2.981944
2.978940
2.976039
2.973116
2.970086
2.967179
2.964307
2.961399
2.958468
2.955561
2.952990
2.950486
2.947937
2.945557
2.943007
2.940066
2.937264
2.934384
2.931646
2.928623
2.925929
2.923118
2.920200
2.917003
2.914077
2.911194
2.908181
2.905356
2.902469
2.899671
2.896760
2.893825
2.891009
2.888322
2.885528
2.882673
2.879878
2.877181
2.874943
2.872261
2.869631
2.866916
2.864115
2.861027
2.857762
2.854677
2.852014
2.849384
2.846970
2.844466
2.841817
2.839209
2.836347
2.833864
2.831239
2.828376
2.825794
2.822925
2.820227
2.817663
2.815263
2.812719
2.809883
2.807283
2.804794
2.802267
2.799592
2.797315
2.794934
2.792349
2.789835
2.787389
2.785230
2.783081
2.780769
2.778535
2.776118
2.773834
2.771442
2.769078
2.766654
2.764334
2.761995
2.759696
2.757324
2.754981
2.752638
2.750512
2.748008
2.745581
2.743186
2.740673
2.738435
2.736101
2.733711
2.731218
2.728846
2.726397
2.724187
2.721835
2.719537
2.717080
2.714694
2.712238
2.710117
2.707768
2.705286
2.702847
2.700603
2.698349
2.695975
2.693503
2.691340
2.689092
2.686881
2.684570
2.682198
2.679863
2.677762
2.675546
2.673307
2.671071
2.668808
2.666700
2.664462
2.662443
2.660232
2.658059
2.655788
2.653856
2.651506
2.649102
2.647184
2.644958
2.642811
2.640558
2.638252
2.636110
2.633860
2.631730
2.629568
2.627779
2.625878
2.624197
2.622186
2.620240
2.618275
2.616192
2.613900
2.611695
2.609691
2.607819
2.605749
2.603917
2.602161
2.600300
2.598591
2.596984
2.595200
2.593401
2.591674
2.589797
2.588257
2.586366
2.584712
2.582958
2.581253
2.579530
2.578132
2.576582
2.575067
2.573434
2.571844
2.570138
2.568519
2.567028
2.565483
2.564381
2.563180
2.561949
2.560790
2.559631
2.558490
2.557224
2.556168
2.554510
2.552634
2.550628
2.548394
2.546289
2.544096
2.542047
2.539925
2.537878
2.535654
2.533473
2.531313
2.529312
2.527147
2.525189
2.523146
2.521159
2.519150
2.517305
2.515269
2.513207
2.511154
2.508986
2.506933
2.504960
2.502864
2.500796
2.498490
2.496319
2.494088
2.491912
2.489571
2.487412
2.484910
2.482581
2.480112
2.477639
2.475285
2.472916
2.470570
2.468162
2.465631
2.463217
2.460770
2.458224
2.455930
2.453688
2.451240
2.448795
2.446392
2.443909
2.441587
2.439387
2.436839
2.434301
2.431757
2.429405
2.426917
2.424428
2.421853
2.419206
2.416553
2.414183
2.411586
2.408914
2.406228
2.403588
2.400839
2.398390
2.395837
2.393228
2.390567
2.387854
2.385193
2.382547
2.380065
2.377286
2.374680
2.371805
2.369267
2.366733
2.364045
2.361328
2.358653
2.355854
2.353257
2.350617
2.347936
2.345235
2.342509
2.339789
2.337113
2.334227
2.331769
2.328962
2.326228
2.323566
2.320832
2.318017
2.315374
2.312567
2.309854
2.307395
2.304933
2.302349
2.299708
2.296737
2.293966
2.291270
2.288753
2.286156
2.283592
2.281000
2.278367
2.275568
2.272951
2.270513
2.267899
2.265117
2.262582
2.259944
2.257645
2.255015
2.252580
2.249824
2.247143
2.244440
2.241877
2.239348
2.236944
2.234357
2.231935
2.229573
2.226876
2.224299
2.222071
2.219579
2.217213
2.214683
2.212155
2.209740
2.207139
2.204913
2.202528
2.200127
2.197676
2.195068
2.192718
2.190455
2.188199
2.185739
2.183372
2.180963
2.178612
2.176449
2.173956
2.171687
2.169322
2.167114
2.164919
2.162669
2.160406
2.158091
2.156005
2.153952
2.151669
2.149411
2.147289
2.145161
2.143093
2.140943
2.138785
2.136818
2.134609
2.132543
2.130308
2.128249
2.126340
2.124579
2.122543
2.120616
2.118600
2.116627
2.114730
2.112871
2.110962
2.108991
2.107128
2.105182
2.103257
2.101329
2.099408
2.097541
2.095766
2.093931
2.092015
2.090139
2.088284
2.086521
2.084871
2.083130
2.081439
2.079661
2.077681
2.075933
2.074087
2.072240
2.070426
2.068577
2.066529
2.064625
2.062710
2.060974
2.059289
2.057483
2.055553
2.053792
2.052027
2.050330
2.048553
2.046926
2.045317
2.043540
2.042031
2.040333
2.038588
2.036862
2.035230
2.033508
2.031787
2.030011
2.028434
2.026774
2.025257
2.023597
2.021959
2.020319
2.018657
2.017080
2.015505
2.013973
2.012391
2.010832
2.009337
2.007578
2.005917
2.004366
2.002792
2.001464
2.000102
1.998645
1.997053
1.995388
1.993819
1.992428
1.991035
1.989305
1.987772
1.986131
1.984728
1.983242
1.981661
1.980016
1.978551
1.977111
1.975684
1.974134
1.972654
1.971213
1.969547
1.967881
1.965938
1.964046
1.962293
1.960007
1.957661
1.955473
1.954131
1.952691
1.950570
1.949096
1.947780
1.946489
1.945290
1.943944
1.942701
1.941417
1.940158
1.938816
1.937557
1.936228
1.934782
1.933399
1.931979
1.930680
1.929185
1.927936
1.926693
1.925274
1.923910
1.922473
1.921009
1.919624
1.918269
1.916886
1.915462
1.914078
1.912536
1.911056
1.909527
1.908009
1.906480
1.905076
1.903511
1.901768
1.900380
1.898778
1.897177
1.895653
1.894007
1.892443
1.890753
1.889043
1.887429
1.885833
1.884069
1.882337
1.880752
1.879093
1.877526
1.876057
1.874411
1.872865
1.871350
1.869776
1.868234
1.866689
1.865196
1.863564
1.862009
1.860544
1.858953
1.857507
1.856014
1.854374
1.852904
1.851400
1.849858
1.848445
1.846936
1.845373
1.843899
1.842321
1.840874
1.839427
1.837852
1.836350
1.834836
1.833320
1.831842
1.830406
1.829000
1.827497
1.825975
1.824470
1.822865
1.821296
1.819735
1.818300
1.816745
1.815182
1.813631
1.812083
1.810576
1.808911
1.807392
1.805791
1.804271
1.802745
1.801178
1.799656
1.798003
1.796380
1.794807
1.793338
1.791722
1.790132
1.788690
1.787094
1.785538
1.783977
1.782444
1.780890
1.779473
1.777907
1.776278
1.774699
1.773170
1.771555
1.770060
1.768511
1.766965
1.765421
1.763780
1.762264
1.760725
1.759296
1.757717
1.756184
1.754631
1.753179
1.751642
1.750154
1.748586
1.747137
1.745569
1.744332
1.742887
1.741976
1.741073
1.740115
1.739261
1.738331
1.737452
1.736536
1.735548
1.734746
1.733867
1.732888
1.732073
1.731191
1.730291
1.729424
1.728550
1.727750
1.726765
1.725876
1.725008
1.724045
1.723216
1.722357
1.721500
1.720489
1.719719
1.718768
1.717974
1.717043
1.716181
1.715199
1.714399
1.713607
1.712642
1.711778
1.710866
1.709936
1.709202
1.708320
1.707470
1.706609
1.705836
1.705073
1.704199
1.703438
1.702620
1.701825
1.700996
1.700204
1.699415
1.698515
1.697604
1.696802
1.696153
1.695238
1.694562
1.693766
1.692712
1.691778
1.690919
1.690056
1.689007
1.688161
1.687218
1.686299
1.685495
1.684676
1.683928
1.683095
1.682392
1.681619
1.680815
1.680054
1.679207
1.678416
1.677613
1.676765
1.676012
1.675168
1.674504
1.673873
1.673121
1.672407
1.671769
1.670966
1.670247
1.669499
1.668638
1.667955
1.667185
1.666618
1.665920
1.665322
1.664691
1.664111
1.663499
1.662871
1.662169
1.661514
1.660852
1.660313
1.659672
1.659183
1.658634
1.658169
1.657724
1.657254
1.656753
1.656330
1.655826
1.655288
1.654888
1.654429
1.654022
1.653617
1.653162
1.652834
1.652378
1.651918
1.651586
1.651095
1.650745
1.650327
1.649854
1.649404
1.648952
1.648448
1.648025
1.647554
1.647150
1.646691
1.646175
1.645716
1.645301
1.644767
1.644315
1.643886
1.643374
1.642937
1.642559
1.642179
1.641853
1.641556
1.641226
1.640914
1.640653
1.640352
1.640026
1.639694
1.639379
1.639111
1.638717
1.638430
1.638076
1.637651
1.637259
1.636942
1.636526
1.636180
1.635839
1.635459
1.635136
1.634871
1.634629
1.634429
1.634278
1.634093
1.633988
1.633879
1.633740
1.633522
1.633439
1.633368
1.633262
1.633106
1.633099
1.633019
1.633168
1.633280
1.633315
1.633441
1.633439
1.633506
1.633452
1.633491
1.633592
1.633582
1.633686
1.633712
1.633890
1.634020
1.634135
1.634289
1.634445
1.634578
1.634784
1.634928
1.635051
1.635165
1.635282
1.635397
1.635552
1.635627
1.635711
1.635886
1.635957
1.636029
1.636143
1.636238
1.636365
1.636482
1.636569
1.636639
1.636626
1.636505
1.636644
1.636528
1.636545
1.636525
1.636557
1.636587
1.636599
1.636573
1.636689
1.636694
1.636654
1.636788
1.636778
1.636866
1.636931
1.636984
1.637097
1.637102
1.637203
1.637244
1.637379
1.637463
1.637493
1.637627
1.637733
1.637819
1.637962
1.638006
1.638114
1.638141
1.638135
1.638168
1.638102
1.638122
1.638023
1.638099
1.638089
1.638146
1.638201
1.638134
1.638219
1.638134
1.638034
1.637913
1.637756
1.637637
1.637506
1.637593
1.637525
1.637610
1.637733
1.637913
1.637940
1.638027
1.638049
1.637959
1.637805
1.637675
1.637637
1.637612
1.637554
1.637586
1.637617
1.637557
1.637445
1.637283
1.637076
1.636989
1.636937
1.636777
1.636812
1.636964
1.637035
1.637240
1.637333
1.637349
1.637296
1.637164
1.636956
1.636825
1.636780
1.636820
1.636981
1.637128
1.637273
1.637461
1.637477
1.637479
1.637431
1.637247
1.637009
1.636990
1.636939
1.637003
1.637142
1.637335
1.637517
1.637632
1.637715
1.637745
1.637802
1.637810
1.637977
1.638169
1.638353
1.638553
1.638682
1.638835
1.638825
1.638866
1.638746
1.638588
1.638577
1.638517
1.638711
1.638844
1.639096
1.639405
1.639651
1.639717
1.639765
1.639646
1.639560
1.639428
1.639364
1.639490
1.639614
1.639937
1.640185
1.640469
1.640628
1.640714
1.640722
1.640642
1.640510
1.640414
1.640507
1.640642
1.640812
1.641153
1.641445
1.641584
1.641666
1.641637
1.641532
1.641469
1.641345
1.641309
1.641385
1.641609
1.641757
1.642074
1.642291
1.642409
1.642394
1.642192
1.642016
1.641968
1.641796
1.641811
1.641807
1.642082
1.642277
1.642463
1.642654
1.642757
1.642725
1.642718
1.642516
1.642414
1.642280
1.642380
1.642445
1.642693
1.642928
1.643108
1.643270
1.643352
1.643236
1.643152
1.642884
1.642877
1.642990
1.643129
1.643317
1.643539
1.643699
1.643974
1.643964
1.643873
1.643783
1.643600
1.643411
1.643519
1.643463
1.643586
1.643701
1.643946
1.644071
1.644216
1.644172
1.644122
1.644005
1.643872
1.643724
1.643652
1.643556
1.643667
1.643682
1.643829
1.643862
1.643886
1.643933
1.643938
1.643881
1.643894
1.643793
1.643741
1.643741
1.643836
1.643797
1.643850
1.643863
1.643691
1.643687
1.643660
1.643639
1.643712
1.643822
1.643907
1.643958
1.644035
1.643987
1.643997
1.643983
1.644055
1.644066
1.644058
1.644176
1.644210
1.644159
1.644175
1.644062
1.643932
1.643767
1.643701
1.643547
1.643560
1.643531
1.643549
1.643450
1.643358
1.643211
1.643062
1.642799
1.642698
1.642502
1.642417
1.642409
1.642360
1.642373
1.642339
1.642236
1.642190
1.641973
1.641879
1.641719
1.641614
1.641529
1.641569
1.641454
1.641481
1.641423
1.641457
1.641329
1.641240
1.641223
1.641147
1.641147
1.641046
1.641053
1.640963
1.640916
1.640886
1.640798
1.640824
1.640683
1.640670
1.640612
1.639857
1.639824
1.639239
1.637618
1.636630
1.635968
1.634648
1.634160
1.633303
1.632946
1.633523
1.633342
1.633400
1.633475
1.633696
1.633244
1.633635
1.633991
1.633928
1.634332
1.634910
1.635346
1.635234
1.635870
1.636430
1.636913
1.636738
1.637469
1.637776
1.638174
1.637950
1.638242
1.638547
1.638789
1.638431
1.638647
1.638869
1.639084
1.638455
1.638379
1.638359
1.637652
1.637576
1.637400
1.637159
1.636421
1.636279
1.635941
1.635788
1.634827
1.634581
1.634198
1.633768
1.632665
1.632317
1.632057
1.631651
1.630735
1.630479
1.630292
1.629255
1.629018
1.628738
1.628443
1.627422
1.627048
1.626712
1.626222
1.625182
1.624671
1.624281
1.623986
1.623063
1.622856
1.622697
1.622551
1.621765
1.621498
1.621085
1.620796
1.619709
1.619281
1.618827
1.617715
1.617374
1.617115
1.616993
1.616130
1.615999
1.615740
1.615479
1.614468
1.614151
1.613627
1.613192
1.611953
1.611436
1.610878
1.610420
1.609351
1.608930
1.608634
1.607520
1.607171
1.606809
1.606295
1.605178
1.604776
1.604319
1.603930
1.602731
1.602262
1.601611
1.601063
1.599788
1.599216
1.598661
1.598088
1.597005
1.596583
1.596045
1.595628
1.594476
1.593871
1.593453
1.592175
1.591477
1.590762
1.590051
1.588618
1.588174
1.587562
1.587099
1.585938
1.585395
1.584823
1.584262
1.583016
1.582947
1.582770
1.583350
1.584618
1.585880
1.587205
1.589357
1.590867
1.591573
1.592821
1.594167
1.594671
1.595804
1.596705
1.597717
1.598836
1.599811
1.600820
1.601805
1.602824
1.603816
1.604750
1.605635
1.606574
1.607459
1.608274
1.608955
1.609807
1.610497
1.611282
1.612047
1.612945
1.613816
1.614674
1.615462
1.616185
1.616890
1.617422
1.618115
1.618725
1.619429
1.620232
1.621049
1.621897
1.622794
1.623737
1.624585
1.625462
1.626337
1.627305
1.628090
1.628817
1.629666
1.630452
1.631181
1.631871
1.632628
1.633164
1.633746
1.633984
1.634166
1.634381
1.634568
1.634214
1.633959
1.633032
1.631578
1.629465
1.627267
1.625692
1.623969
1.622497
1.620750
1.619088
1.617459
1.615825
1.614175
1.611779
1.610262
1.608608
1.606236
1.604796
1.603326
1.601910
1.601759
1.601701
1.602202
1.602895
1.603460
1.603969
1.604350
1.604667
1.604910
1.604608
1.605020
1.605402
1.605958
1.606473
1.607025
1.607540
1.608130
1.608420
1.608737
1.608956
1.609209
1.609351
1.609558
1.609762
1.610143
1.610545
1.610872
1.611366
1.611840
1.612163
1.612512
1.612778
1.613010
1.613270
1.613400
1.613614
1.613830
1.613833
1.614174
1.614495
1.614588
1.614877
1.615137
1.615342
1.615688
1.616108
1.616589
1.616968
1.617258
1.617736
1.618286
1.618646
1.619001
1.619318
1.619687
1.619964
1.620500
1.620861
1.621120
1.621595
1.622011
1.622323
1.622650
1.623013
1.623330
1.623710
1.624150
1.624510
1.624848
1.625084
1.625347
1.625501
1.625701
1.625760
1.625890
1.625843
1.626085
1.626222
1.626093
1.626170
1.626104
1.625997
1.625857
1.625766
1.625746
1.625705
1.625808
1.625682
1.625836
1.625892
1.625900
1.626006
1.625915
1.625772
1.625688
1.625621
1.625491
1.625358
1.625524
1.625395
1.625422
1.625551
1.625718
1.625755
1.625750
1.625766
1.625650
1.625609
1.625481
1.625514
1.625419
1.625386
1.625356
1.625268
1.625338
1.625198
1.625241
1.625217
1.625134
1.625143
1.625162
1.625090
1.625040
1.625111
1.625117
1.625065
1.625084
1.624977
1.624944
1.624923
1.624848
1.624872
1.624877
1.624787
1.624701
1.624729
1.624747
1.624685
1.624655
1.624561
1.624513
1.624515
1.624698
1.624746
1.624896
1.624922
1.625173
1.624988
1.624991
1.624911
1.624947
1.624790
1.624827
1.624741
1.624716
1.624746
1.624727
1.624683
1.624545
1.624510
1.624433
1.624407
1.624276
1.624243
1.624177
1.624251
1.624233
1.624418
1.624487
1.624486
1.624551
1.624718
1.624749
1.624909
1.624824
1.624959
1.624925
1.625099
1.624397
1.623744
1.622324
1.620819
1.618673
1.616572
1.614413
1.612265
1.610306
1.608269
1.606190
1.604322
1.602413
1.599686
1.597619
1.595540
1.593595
1.591616
1.589114
1.587393
1.585634
1.584232
1.582000
1.580403
1.578662
1.576824
1.574160
1.572238
1.570374
1.567787
1.566057
1.564273
1.562595
1.560212
1.558774
1.557066
1.555272
1.552757
1.550979
1.549099
1.547326
1.544820
1.543174
1.541644
1.540067
1.537771
1.536133
1.534503
1.532815
1.530585
1.528833
1.527249
1.524773
1.523051
1.521374
1.519871
1.517707
1.516062
1.514647
1.513139
1.511115
1.509787
1.508530
1.507348
1.505458
1.504151
1.502600
1.501215
1.499205
1.497884
1.496575
1.494438
1.493252
1.491965
1.490619
1.488602
1.487300
1.485865
1.484443
1.482292
1.480831
1.479459
1.478242
1.476325
1.475197
1.474177
1.473253
1.471630
1.470689
1.469714
1.468495
1.466802
1.465350
1.464016
1.462120
1.461307
1.460200
1.459465
1.458077
1.457185
1.456451
1.455600
1.454070
1.453298
1.452386
1.451553
1.449997
1.449261
1.448575
1.447900
1.446313
1.445328
1.444184
1.442221
1.441004
1.439767
1.438623
1.437012
1.436070
1.435195
1.434251
1.432810
1.432034
1.431193
1.430171
1.428421
1.427390
1.426278
1.425201
1.423322
1.422319
1.421194
1.420154
1.418587
1.417655
1.416774
1.415258
1.414141
1.413067
1.412005
1.410223
1.409015
1.408007
1.407006
1.405466
1.404589
1.403732
1.403001
1.401306
1.400317
1.399204
1.398046
1.396111
1.395153
1.393952
1.392258
1.391413
1.390594
1.389785
1.388366
1.387640
1.386923
1.386016
1.384501
1.383294
1.382356
1.381306
1.379632
1.378585
1.377672
1.376967
1.375383
1.374588
1.373625
1.371716
1.370456
1.369159
1.367560
1.365430
1.363818
1.362586
1.361191
1.359161
1.357897
1.356532
1.355101
1.353058
1.351607
1.350096
1.348484
1.346278
1.345010
1.343441
1.341935
1.339947
1.338466
1.337115
1.334937
1.333595
1.332172
1.330587
1.328572
1.327052
1.325606
1.324138
1.321913
1.320634
1.319185
1.317713
1.315587
1.314055
1.312739
1.311322
1.309205
1.307682
1.306186
1.304167
1.302658
1.301145
1.299552
1.297684
1.296176
1.294715
1.293244
1.291078
1.289725
1.288403
1.286976
1.284862
1.283540
1.282049
1.280592
1.278480
1.277120
1.275639
1.274181
1.272095
1.270701
1.269254
1.267171
1.265716
1.264420
1.263056
1.261041
1.259611
1.258297
1.256999
1.255021
1.253614
1.252384
1.250875
1.248795
1.247314
1.245968
1.244635
1.242527
1.241157
1.239651
1.237701
1.236253
1.234762
1.233301
1.231166
1.229720
1.228173
1.226722
1.224621
1.223049
1.221638
1.220291
1.218193
1.216611
1.215326
1.213787
1.211667
1.210189
1.208726
1.207209
1.205056
1.203492
1.201969
1.199726
1.198149
1.196551
1.194990
1.192626
1.191081
1.189514
1.187806
1.185406
1.183903
1.182079
1.180348
1.177960
1.176507
1.174825
1.173167
1.170739
1.169236
1.167662
1.165267
1.163718
1.162059
1.160466
1.158355
1.156666
1.155042
1.153593
1.151257
1.149627
1.148231
1.146769
1.144559
1.142958
1.140604
1.137703
1.134115
1.132015
1.129924
1.127843
1.125427
1.123146
1.120719
1.118081
1.116384
1.114543
1.112571
1.110244
1.108691
1.107220
1.105627
1.103363
1.101926
1.100364
1.098862
1.096573
1.094907
1.093276
1.091638
1.089334
1.087721
1.086028
1.083795
1.082096
1.080507
1.078874
1.076535
1.074854
1.073281
1.071688
1.069365
1.067753
1.066189
1.064658
1.062362
1.060674
1.059301
1.057667
1.055530
1.053951
1.052373
1.050739
1.048575
1.047192
1.045689
1.043488
1.041910
1.040554
1.038972
1.036794
1.035392
1.033933
1.032469
1.030302
1.028872
1.027370
1.026004
1.023800
1.022187
1.020574
1.018776
1.016561
1.014932
1.013506
1.011203
1.009729
1.008308
1.006752
1.004300
1.002714
1.001062
0.999286
0.996948
0.995277
0.993667
0.991957
0.989709
0.987987
0.986262
0.984475
0.982081
0.980366
0.978645
0.977050
0.974633
0.972881
0.971077
0.968667
0.966924
0.965101
0.963331
0.960646
0.958891
0.957145
0.955440
0.952971
0.951047
0.949298
0.947464
0.945009
0.943276
0.941546
0.939737
0.937219
0.935485
0.933637
0.931187
0.929446
0.927625
0.925945
0.923535
0.921798
0.920012
0.918288
0.915963
0.914191
0.912467
0.910769
0.908428
0.906711
0.904885
0.903108
0.900647
0.898913
0.897184
0.894800
0.892971
0.891013
0.889328
0.886835
0.884931
0.883230
0.881515
0.879195
0.877619
0.875971
0.874262
0.872030
0.870054
0.868200
0.866480
0.864304
0.862727
0.861029
0.859414
0.857133
0.855462
0.853861
0.851767
0.850177
0.848620
0.847222
0.845028
0.843195
0.841481
0.840141
0.838136
0.836777
0.834950
0.833571
0.831543
0.830601
0.829604
0.828388
0.826167
0.824680
0.823007
0.820891
0.819200
0.817730
0.816277
0.814164
0.812604
0.811229
0.809688
0.807551
0.806072
0.804620
0.803202
0.801169
0.799767
0.798281
0.796881
0.794861
0.793379
0.791941
0.790551
0.788494
0.787024
0.785600
0.783520
0.782014
0.780629
0.779080
0.777076
0.775646
0.774326
0.772783
0.770821
0.769471
0.768001
0.766685
0.764674
0.763256
0.761720
0.760327
0.758298
0.756963
0.755609
0.753727
0.752208
0.750736
0.749531
0.747558
0.746306
0.744972
0.743662
0.741871
0.740405
0.739300
0.738017
0.736334
0.735079
0.733915
0.732686
0.731042
0.729883
0.728644
0.727534
0.726128
0.724727
0.723624
0.722068
0.721083
0.719842
0.718878
0.717353
0.716115
0.715051
0.714134
0.712738
0.711635
0.710590
0.709589
0.708272
0.707299
0.706460
0.705536
0.704232
0.703280
0.702476
0.701202
0.700501
0.699688
0.698884
0.697775
0.696972
0.696231
0.695612
0.694502
0.693969
0.693252
0.692588
0.691609
0.690967
0.690498
0.689856
0.688940
0.688391
0.687871
0.687299
0.686382
0.685927
0.685384
0.684644
0.684062
0.683725
0.683187
0.682431
0.682099
0.681830
0.681648
0.681127
0.680972
0.680802
0.680643
0.680140
0.679965
0.679750
0.679561
0.679152
0.678941
0.678808
0.678407
0.678214
0.678097
0.677906
0.677520
0.677405
0.677288
0.677224
0.676892
0.676707
0.676735
0.676661
0.676337
0.676348
0.676307
0.676209
0.676038
0.676103
0.676024
0.676118
0.676080
0.676047
0.676156
0.676104
0.676190
0.676298
0.676368
0.676561
0.676595
0.676921
0.676997
0.677018
0.677341
0.677656
0.677834
0.678083
0.678282
0.678659
0.678987
0.679106
0.679472
0.679867
0.680179
0.680505
0.680911
0.681377
0.681660
0.682163
0.682470
0.682866
0.683281
0.683841
0.684302
0.684803
0.685409
0.685974
0.686449
0.686980
0.687484
0.687809
0.688245
0.688724
0.689205
0.689672
0.690327
0.690924
0.691572
0.692184
0.692943
0.693495
0.694133
0.694654
0.694965
0.695349
0.695513
0.695760
0.695882
0.696178
0.696849
0.697375
0.698328
0.699136
0.699961
0.700819
0.701548
0.702112
0.702688
0.703290
0.703791
0.704276
0.704922
0.705427
0.706108
0.706717
0.707477
0.708033
0.708724
0.709509
0.710125
0.710819
0.711848
0.712636
0.713459
0.714307
0.715178
0.715853
0.716688
0.717394
0.717941
0.718631
0.719239
0.719984
0.720851
0.721661
0.722510
0.723461
0.724287
0.725060
0.725771
0.726343
0.726803
0.727038
0.727106
0.727452
0.727874
0.728295
0.729046
0.729817
0.730605
0.731466
0.732248
0.732801
0.733230
0.733836
0.734302
0.734704
0.735333
0.735778
0.736506
0.737246
0.737906
0.738738
0.739634
0.740387
0.741088
0.741962
0.742336
0.743070
0.743589
0.744378
0.744937
0.745546
0.746376
0.747657
0.748881
0.749986
0.750922
0.752046
0.752877
0.753568
0.754395
0.755208
0.756012
0.756995
0.757827
0.758971
0.759741
0.760478
0.760943
0.761364
0.761807
0.762378
0.762989
0.763532
0.763991
0.764646
0.765793
0.766941
0.767987
0.769123
0.770550
0.771463
0.772289
0.773126
0.774250
0.774916
0.775587
0.776768
0.777498
0.778246
0.779030
0.779925
0.780287
0.780676
0.780884
0.781425
0.781489
0.781541
0.781770
0.782311
0.782624
0.783069
0.783267
0.784040
0.784224
0.784430
0.784657
0.785355
0.785474
0.785440
0.786059
0.786131
0.786384
0.786418
0.786899
0.787039
0.787473
0.787842
0.788443
0.788549
0.788397
0.788408
0.788659
0.788284
0.787788
0.787526
0.787633
0.787506
0.787596
0.788132
0.788057
0.787674
0.787240
0.787196
0.786746
0.786229
0.785709
0.785570
0.785015
0.784517
0.783991
0.783947
0.783453
0.782908
0.782355
0.782138
0.781681
0.781209
0.780907
0.780934
0.780631
0.780264
0.780439
0.780066
0.779617
0.779303
0.779298
0.778897
0.778427
0.778060
0.778005
0.777698
0.777401
0.777059
0.777016
0.776615
0.776220
0.775859
0.775807
0.775423
0.774972
0.774783
0.774344
0.774060
0.773726
0.773840
0.773397
0.773154
0.772905
0.772810
0.772262
0.771750
0.771293
0.771175
0.770660
0.770325
0.769765
0.769804
0.769399
0.769097
0.768696
0.768685
0.768405
0.768060
0.767946
0.767547
0.767156
0.766704
0.766673
0.766334
0.766001
0.765798
0.765917
0.765688
0.765425
0.765034
0.765062
0.764685
0.764280
0.763932
0.763940
0.763703
0.763649
0.763925
0.763930
0.763848
0.763894
0.764116
0.763970
0.763658
0.763479
0.763674
0.763559
0.763484
0.763448
0.763997
0.764115
0.764235
0.764312
0.764752
0.764788
0.764761
0.764667
0.765103
0.764931
0.764969
0.765485
0.765727
0.766018
0.766227
0.766881
0.767094
0.767253
0.767282
0.767685
0.767703
0.767752
0.767828
0.768364
0.768762
0.769143
0.769634
0.770384
0.770751
0.771132
0.771653
0.771699
0.771700
0.771822
0.772366
0.772495
0.772780
0.773026
0.773779
0.774330
0.774744
0.775369
0.776268
0.776816
0.777307
0.777517
0.778079
0.778196
0.778482
0.778616
0.779438
0.779919
0.780251
0.781310
0.782014
0.782595
0.783147
0.784091
0.784474
0.784607
0.784885
0.785622
0.785875
0.786186
0.786593
0.787748
0.788477
0.789378
0.789945
0.791021
0.791580
0.791928
0.792601
0.792939
0.793213
0.793588
0.794557
0.795370
0.796336
0.797225
0.798163
0.798524
0.798071
0.797168
0.796163
0.794698
0.793656
0.792699
0.792172
0.792036
0.791705
0.791879
0.791410
0.790761
0.790104
0.788974
0.788007
0.786560
0.785670
0.785285
0.784644
0.784020
0.783531
0.782965
0.782349
0.781689
0.781226
0.780464
0.779817
0.779022
0.778394
0.777842
0.777356
0.777091
0.776900
0.776792
0.776603
0.776168
0.775723
0.775100
0.774250
0.773463
0.772678
0.771975
0.771421
0.770925
0.770523
0.770042
0.769794
0.769230
0.768817
0.768334
0.767814
0.767303
0.766660
0.766147
0.765711
0.765289
0.764996
0.764925
0.764845
0.765044
0.765073
0.765013
0.764785
0.764255
0.763661
0.762808
0.762090
0.761568
0.760959
0.760620
0.760294
0.760062
0.759800
0.759508
0.759170
0.758944
0.758664
0.758414
0.758272
0.758367
0.758581
0.758593
0.758428
0.758198
0.757708
0.757125
0.756498
0.755788
0.755298
0.754904
0.754610
0.754226
0.754074
0.753751
0.753525
0.753140
0.752742
0.752377
0.751934
0.751506
0.751204
0.750792
0.750705
0.750484
0.750400
0.750116
0.749859
0.749581
0.749276
0.748900
0.748625
0.748248
0.748209
0.747967
0.747844
0.747777
0.747601
0.747728
0.747991
0.748086
0.748155
0.748147
0.747833
0.747524
0.747166
0.746773
0.746361
0.746221
0.746250
0.746455
0.746753
0.747139
0.747541
0.747803
0.747743
0.747204
0.746682
0.745929
0.746067
0.746306
0.747129
0.748285
0.749325
0.750723
0.751768
0.752504
0.753114
0.752979
0.752792
0.752695
0.752086
0.752254
0.752471
0.753175
0.753663
0.753914
0.754551
0.754792
0.754920
0.754970
0.754838
0.754739
0.754287
0.753699
0.753284
0.752770
0.752322
0.751685
0.751458
0.751080
0.750841
0.750688
0.750376
0.750218
0.749942
0.749621
0.749409
0.749271
0.749045
0.748839
0.748798
0.748604
0.748639
0.748507
0.748423
0.748248
0.748278
0.748172
0.747998
0.747991
0.748004
0.747947
0.747879
0.747721
0.747715
0.747585
0.747625
0.747578
0.747505
0.747388
0.747286
0.747290
0.747269
0.747252
0.747195
0.747130
0.747060
0.747112
0.747002
0.747121
0.747014
0.747050
0.747001
0.747024
0.747093
0.746935
0.746947
0.746799
0.746845
0.746795
0.746670
0.746646
0.746626
0.746583
0.746444
0.746291
0.746287
0.746207
0.746148
0.745984
0.745819
0.745583
0.745404
0.745317
0.745134
0.744966
0.744824
0.744613
0.744399
0.744307
0.744173
0.743966
0.743776
0.743705
0.743503
0.743351
0.743185
0.743016
0.742794
0.742671
0.742498
0.742485
0.742358
0.742146
0.742005
0.741852
0.741583
0.741463
0.741136
0.741055
0.740775
0.740564
0.740395
0.740213
0.740021
0.739658
0.739543
0.739305
0.739018
0.738706
0.738464
0.738238
0.738052
0.737783
0.737536
0.737263
0.737035
0.736905
0.736774
0.736565
0.736344
0.736092
0.735941
0.735838
0.735647
0.735392
0.735213
0.734962
0.734806
0.734531
0.734259
0.733927
0.733441
0.733106
0.732601
0.732395
0.731712
0.731199
0.730672
0.729977
0.729179
0.728213
0.727209
0.726213
0.725987
0.725780
0.725876
0.726410
0.726480
0.726997
0.727101
0.727189
0.727157
0.727257
0.727160
0.726649
0.726001
0.725427
0.725452
0.725032
0.724431
0.724197
0.723618
0.722983
0.722475
0.721747
0.721652
0.720909
0.720212
0.720002
0.719341
0.718603
0.717804
0.717323
0.716555
0.715756
0.714865
0.714449
0.713593
0.712784
0.712021
0.711730
0.710891
0.710171
0.709458
0.708951
0.708186
0.707541
0.707083
0.706265
0.705591
0.704908
0.704497
0.703765
0.703016
0.702407
0.702109
0.701460
0.700922
0.700170
0.699815
0.699209
0.698672
0.698099
0.697814
0.697098
0.696517
0.695905
0.695734
0.695056
0.694528
0.694366
0.693768
0.693272
0.692760
0.692473
0.692069
0.691469
0.690892
0.690977
0.690527
0.690026
0.689608
0.689566
0.689068
0.688614
0.688182
0.687932
0.687616
0.687052
0.687126
0.686621
0.686296
0.685796
0.685888
0.685653
0.685208
0.684919
0.684907
0.684642
0.684283
0.683959
0.684063
0.683786
0.683624
0.683286
0.683527
0.683352
0.682999
0.682653
0.682976
0.682738
0.682477
0.682584
0.682471
0.682295
0.682031
0.682222
0.682043
0.681850
0.681595
0.681895
0.681599
0.681543
0.681248
0.681496
0.681252
0.681149
0.680923
0.681152
0.680949
0.680817
0.681114
0.680928
0.680898
0.680720
0.680949
0.680882
0.680683
0.680511
0.680669
0.680528
0.680307
0.680118
0.680353
0.680238
0.680056
0.680066
0.680296
0.680235
0.680094
0.679986
0.680144
0.679990
0.679595
0.679852
0.679677
0.679598
0.679460
0.679662
0.679488
0.679320
0.679174
0.679308
0.679032
0.678850
0.678549
0.678738
0.678550
0.678447
0.678218
0.678457
0.678289
0.678276
0.678437
0.678161
0.677901
0.677773
0.677847
0.677783
0.677653
0.677697
0.677927
0.677897
0.677948
0.678104
0.678347
0.678461
0.678534
0.678668
0.678921
0.678935
0.678929
0.679041
0.679303
0.679397
0.679645
0.679994
0.680311
0.680484
0.680669
0.680896
0.681028
0.681137
0.681170
0.681358
0.681490
0.681660
0.681975
0.682242
0.682506
0.682847
0.683264
0.683668
0.683904
0.684191
0.684407
0.684512
0.684709
0.684964
0.685277
0.685637
0.685960
0.686372
0.686955
0.687493
0.687746
0.687996
0.688567
0.688887
0.689228
0.689514
0.690157
0.690497
0.690988
0.691388
0.691962
0.692348
0.692872
0.693293
0.693575
0.693823
0.694137
0.694490
0.694904
0.695224
0.695778
0.696566
0.697028
0.697583
0.697930
0.698433
0.698717
0.698821
0.699156
0.699734
0.700023
0.700438
0.701257
0.701800
0.702379
0.702843
0.703449
0.703752
0.704037
0.704185
0.704746
0.704837
0.705422
0.705954
0.706838
0.707381
0.707856
0.708330
0.708966
0.709101
0.709144
0.709491
0.709926
0.710360
0.710783
0.711364
0.711611
0.712095
0.712543
0.713536
0.714103
0.714708
0.715270
0.716169
0.716665
0.717107
0.717514
0.718300
0.718902
0.719371
0.719889
0.720482
0.720849
0.721217
0.721702
0.722194
0.722723
0.723300
0.724143
0.724556
0.725238
0.725732
0.726437
0.726786
0.727118
0.727432
0.727788
0.728213
0.728335
0.728702
0.729260
0.729493
0.729665
0.730072
0.729925
0.729832
0.729775
0.729903
0.729885
0.729622
0.729502
0.729625
0.729514
0.729272
0.729099
0.729073
0.728950
0.728813
0.728805
0.729200
0.729378
0.729523
0.729827
0.730462
0.730724
0.731050
0.731829
0.732204
0.732240
0.732418
0.733093
0.733183
0.733425
0.733724
0.734601
0.734876
0.735381
0.735658
0.736608
0.736709
0.737073
0.737237
0.737956
0.738111
0.738245
0.738953
0.739173
0.739592
0.739728
0.740430
0.740604
0.741070
0.741285
0.741993
0.742366
0.742618
0.742927
0.743725
0.744029
0.744247
0.744427
0.745244
0.745499
0.745746
0.745915
0.746677
0.746854
0.747315
0.747855
0.748127
0.748249
0.748417
0.749007
0.749180
0.749149
0.749141
0.749538
0.749347
0.749095
0.748840
0.749170
0.749048
0.748886
0.748778
0.749539
0.750838
0.751589
0.750776
0.748940
0.746540
0.745943
0.746421
0.746026
0.745013
0.743549
0.742445
0.741007
0.739339
0.737613
0.735875
0.734930
0.733977
0.733637
0.733830
0.733567
0.733633
0.733290
0.732901
0.732372
0.731874
0.731342
0.730882
0.730293
0.729718
0.729907
0.729565
0.728699
0.728292
0.727665
0.726754
0.725894
0.724960
0.724593
0.723648
0.722728
0.722181
0.721236
0.720338
0.719250
0.718911
0.717888
0.716950
0.715998
0.715328
0.714333
0.713393
0.712361
0.711719
0.710756
0.709671
0.708656
0.708106
0.706940
0.706006
0.705451
0.704558
0.703549
0.702527
0.702135
0.701085
0.700009
0.699071
0.698456
0.697539
0.696427
0.695439
0.694804
0.693800
0.692933
0.691809
0.691426
0.690332
0.689303
0.688239
0.687653
0.686510
0.685379
0.684800
0.683652
0.682641
0.681642
0.681036
0.680073
0.678900
0.677976
0.677261
0.676152
0.674980
0.673785
0.673064
0.671801
0.670932
0.669711
0.669176
0.668134
0.667045
0.666411
0.665119
0.664052
0.662746
0.661929
0.660745
0.659524
0.658501
0.657975
0.656831
0.655816
0.654721
0.654002
0.653086
0.651935
0.650989
0.650440
0.649346
0.648374
0.647606
0.647210
0.646198
0.645395
0.644927
0.643994
0.642896
0.641889
0.641388
0.640442
0.639491
0.638705
0.638460
0.637699
0.636838
0.635950
0.635618
0.634648
0.633599
0.632580
0.632097
0.631237
0.630205
0.629865
0.628915
0.628118
0.627150
0.626866
0.626217
0.625563
0.624878
0.624682
0.623892
0.622892
0.622029
0.621564
0.620576
0.619832
0.618973
0.618790
0.617944
0.617212
0.616981
0.616264
0.615421
0.614497
0.614115
0.613182
0.612378
0.611457
0.611206
0.610538
0.609932
0.609279
0.609313
0.608876
0.608233
0.607572
0.607399
0.606722
0.606178
0.605692
0.605843
0.605490
0.605207
0.605456
0.605128
0.604410
0.603701
0.603623
0.603021
0.602567
0.602072
0.602232
0.602039
0.601632
0.601436
0.601663
0.601395
0.601344
0.601122
0.601540
0.601373
0.601356
0.601917
0.601972
0.602000
0.602039
0.602369
0.602296
0.602478
0.602412
0.602810
0.603015
0.603043
0.603319
0.603817
0.604011
0.604266
0.604648
0.605539
0.605922
0.606306
0.606696
0.607438
0.607941
0.608418
0.609377
0.609785
0.610237
0.610736
0.611518
0.611894
0.612328
0.612714
0.613338
0.613732
0.614261
0.614545
0.615318
0.615742
0.616215
0.616561
0.617498
0.618065
0.618748
0.619755
0.620374
0.621136
0.621925
0.622997
0.623679
0.624422
0.625124
0.626126
0.626881
0.627478
0.628001
0.629008
0.629606
0.630116
0.630951
0.632190
0.632974
0.633983
0.634760
0.636127
0.636751
0.637451
0.638353
0.638916
0.639648
0.640277
0.641371
0.642146
0.642939
0.643814
0.645154
0.646034
0.646950
0.647813
0.649063
0.649699
0.650309
0.650988
0.652098
0.652841
0.653622
0.654805
0.655669
0.656494
0.657568
0.659126
0.660072
0.661080
0.661967
0.663122
0.664005
0.664803
0.665588
0.666793
0.667657
0.668392
0.669217
0.670483
0.671212
0.671980
0.672757
0.673905
0.674615
0.675524
0.676695
0.677489
0.678305
0.679007
0.680186
0.681017
0.681668
0.682354
0.683393
0.684131
0.684704
0.685388
0.686322
0.686976
0.687414
0.687851
0.688767
0.689156
0.689788
0.691555
0.693649
0.695318
0.696281
0.696803
0.698324
0.699770
0.700164
0.700709
0.700878
0.700963
0.700965
0.701382
0.701492
0.701650
0.701831
0.702693
0.702928
0.703081
0.703073
0.703764
0.703666
0.703657
0.704287
0.704141
0.704028
0.703984
0.704427
0.704407
0.704168
0.703796
0.704012
0.703655
0.703239
0.702783
0.702889
0.702607
0.702032
0.701502
0.701600
0.701112
0.700469
0.700630
0.700043
0.699560
0.698964
0.698954
0.698381
0.697630
0.696997
0.696872
0.696196
0.695525
0.694626
0.694668
0.693858
0.693024
0.692086
0.691953
0.691159
0.690252
0.689348
0.689166
0.688220
0.687450
0.687165
0.686321
0.685381
0.684415
0.684068
0.683085
0.682059
0.681059
0.680624
0.679670
0.678501
0.677460
0.677057
0.675827
0.674824
0.673744
0.673123
0.672158
0.670900
0.670341
0.669303
0.667910
0.666858
0.666270
0.665182
0.663942
0.662756
0.662304
0.661081
0.660069
0.659004
0.658452
0.657455
0.656257
0.655138
0.654739
0.653576
0.652575
0.651352
0.650909
0.649847
0.648590
0.648078
0.646973
0.645675
0.644540
0.643958
0.642865
0.641549
0.640451
0.640000
0.638820
0.637629
0.636544
0.635956
0.634870
0.633724
0.632476
0.631885
0.630650
0.629610
0.629058
0.628056
0.626988
0.626015
0.625551
0.624541
0.623478
0.622372
0.621904
0.620974
0.619972
0.618943
0.618631
0.617720
0.616937
0.615994
0.615824
0.615032
0.614246
0.613802
0.612887
0.612103
0.611284
0.610846
0.610059
0.609174
0.608273
0.607849
0.607016
0.606382
0.605795
0.605313
0.604322
0.603386
0.602508
0.602015
0.601055
0.600116
0.599299
0.598694
0.597759
0.596960
0.596586
0.595812
0.594988
0.594247
0.593972
0.593367
0.592716
0.591938
0.591837
0.591206
0.590559
0.590047
0.589977
0.589286
0.588642
0.588104
0.588030
0.587281
0.586398
0.585997
0.585194
0.584325
0.583972
0.583580
0.582595
0.581842
0.581161
0.581050
0.580449
0.579972
0.579311
0.579079
0.578367
0.577627
0.576488
0.576227
0.575196
0.574568
0.573764
0.573468
0.572863
0.572166
0.572036
0.571125
0.570347
0.569546
0.569477
0.568978
0.568655
0.568376
0.568300
0.567861
0.567569
0.567446
0.567549
0.567236
0.566837
0.566633
0.566835
0.566740
0.566669
0.566948
0.566952
0.566828
0.566749
0.567151
0.567050
0.566996
0.567003
0.567442
0.567690
0.567639
0.567728
0.568456
0.568618
0.569014
0.569138
0.569981
0.570336
0.570572
0.570829
0.571468
0.571725
0.572078
0.572815
0.573123
0.573601
0.574183
0.575064
0.575805
0.576579
0.577263
0.578133
0.578934
0.579695
0.580557
0.581550
0.582134
0.582752
0.583435
0.584713
0.585486
0.586370
0.587540
0.588508
0.589391
0.590343
0.591523
0.592269
0.592911
0.593801
0.594787
0.595717
0.596753
0.597651
0.598693
0.599734
0.600699
0.601972
0.603379
0.604247
0.605095
0.605832
0.606960
0.607890
0.608991
0.610086
0.610897
0.611633
0.612602
0.614153
0.615399
0.616425
0.617191
0.618221
0.619260
0.620250
0.621291
0.622188
0.622800
0.623365
0.624566
0.625792
0.626848
0.627369
0.628169
0.628788
0.629675
0.630690
0.631986
0.632573
0.633231
0.633940
0.635448
0.636587
0.637598
0.638423
0.639325
0.640072
0.640952
0.642108
0.643374
0.644223
0.644840
0.645534
0.646838
0.647885
0.648794
0.649602
0.650222
0.650637
0.651409
0.652493
0.653468
0.654099
0.654535
0.655255
0.656193
0.657221
0.658061
0.658883
0.659385
0.661295
0.662614
0.663598
0.664276
0.664783
0.665433
0.665874
0.666045
0.666338
0.666916
0.667159
0.667432
0.667756
0.668416
0.668660
0.668989
0.669718
0.670647
0.671266
0.671926
0.672548
0.673658
0.674333
0.674895
0.675552
0.676615
0.677429
0.678638
0.680458
0.681599
0.682445
0.683449
0.684949
0.685809
0.686849
0.687843
0.689591
0.690793
0.691834
0.692723
0.694107
0.694871
0.696054
0.697071
0.698459
0.699378
0.700318
0.701515
0.702316
0.703059
0.703850
0.705109
0.705998
0.706755
0.707586
0.708917
0.709743
0.710390
0.711118
0.712275
0.712738
0.713285
0.713784
0.714639
0.714895
0.715121
0.715871
0.716157
0.716402
0.716785
0.717763
0.718036
0.718220
0.718344
0.718804
0.718568
0.718172
0.717801
0.717852
0.717442
0.717058
0.716488
0.716486
0.715812
0.715124
0.714294
0.713942
0.713060
0.712045
0.711726
0.710669
0.709667
0.708561
0.707830
0.706717
0.705370
0.704047
0.703314
0.701932
0.700443
0.699047
0.698000
0.696410
0.694941
0.693369
0.692252
0.690597
0.688827
0.687612
0.686043
0.684311
0.682502
0.681243
0.679515
0.677618
0.675755
0.674388
0.672617
0.670672
0.668804
0.667348
0.665441
0.663520
0.661465
0.660063
0.658057
0.656067
0.654066
0.652517
0.650455
0.648455
0.646925
0.644795
0.642913
0.640722
0.639110
0.637008
0.634985
4.370857
4.369342
4.367080
4.364784
4.362097
4.358899
4.355472
4.352576
4.349782
4.348136
4.346415
4.344803
4.344003
4.342102
4.340374
4.339473
4.337547
4.335501
4.333413
4.330576
4.328346
4.326251
4.324134
4.322096
4.320881
4.318970
4.317227
4.315201
4.313344
4.311312
4.309566
4.307902
4.306090
4.304152
4.302046
4.299650
4.297548
4.295447
4.293520
4.291807
4.290319
4.288643
4.287061
4.285430
4.283762
4.282030
4.280295
4.278529
4.276594
4.274598
4.272402
4.270321
4.268208
4.265990
4.263665
4.261229
4.258793
4.256168
4.253682
4.251087
4.248744
4.246410
4.243952
4.241609
4.239302
4.237196
4.234903
4.232525
4.230048
4.227516
4.224741
4.221937
4.219078
4.216260
4.213308
4.210716
4.208144
4.205808
4.203615
4.201294
4.199119
4.196810
4.194365
4.191515
4.188940
4.186158
4.183512
4.180573
4.177844
4.175170
4.172634
4.170201
4.167629
4.165136
4.162432
4.159792
4.157331
4.155235
4.153326
4.151299
4.149029
4.146941
4.144672
4.142580
4.140279
4.137910
4.135594
4.133112
4.130892
4.128606
4.126127
4.123859
4.121621
4.119257
4.116732
4.114196
4.111720
4.109086
4.106503
4.103935
4.101576
4.099353
4.096977
4.094710
4.092214
4.089661
4.087161
4.084664
4.081981
4.079425
4.076681
4.074037
4.071451
4.069061
4.066707
4.064207
4.061767
4.059402
4.057222
4.054759
4.052232
4.049705
4.047233
4.044704
4.042110
4.039601
4.037137
4.034518
4.031985
4.029416
4.026809
4.024260
4.022126
4.019968
4.017730
4.015353
4.013112
4.010741
4.008312
4.005981
4.003603
4.001124
3.998580
3.996040
3.993715
3.991151
3.988747
3.986472
3.983903
3.981627
3.979206
3.976887
3.974673
3.972348
3.970207
3.967944
3.965696
3.963519
3.961123
3.958778
3.956418
3.954197
3.951957
3.949705
3.947447
3.945133
3.942901
3.940627
3.938269
3.935889
3.933647
3.931306
3.928865
3.926449
3.924061
3.921710
3.919141
3.916791
3.914351
3.911953
3.909675
3.907339
3.904739
3.902255
3.899585
3.896986
3.894274
3.891758
3.889184
3.886681
3.884222
3.881586
3.879067
3.876511
3.873710
3.871027
3.868282
3.865584
3.862748
3.860079
3.857354
3.854785
3.852217
3.849754
3.847237
3.844928
3.842183
3.839032
3.836219
3.834281
3.832172
3.830091
3.828072
3.826027
3.823970
3.822015
3.819895
3.817843
3.815709
3.813579
3.811340
3.809201
3.806597
3.804180
3.801725
3.799120
3.796624
3.793988
3.791304
3.788724
3.786040
3.783416
3.780765
3.777822
3.775177
3.772722
3.770188
3.767685
3.765098
3.762588
3.759926
3.757208
3.754549
3.751851
3.749125
3.746369
3.743614
3.740905
3.738289
3.735536
3.732794
3.729977
3.727156
3.724281
3.721393
3.718576
3.715493
3.712595
3.709627
3.706540
3.703504
3.700505
3.697388
3.694223
3.691367
3.688496
3.685613
3.682762
3.679870
3.677016
3.674165
3.671319
3.668473
3.665535
3.662437
3.659332
3.656278
3.653059
3.650002
3.646808
3.643705
3.640559
3.637333
3.634233
3.631303
3.628302
3.625213
3.622270
3.619281
3.616261
3.613384
3.610431
3.607448
3.604421
3.601252
3.598238
3.595130
3.592357
3.589647
3.586425
3.583386
3.580628
3.577834
3.575166
3.572439
3.569768
3.567298
3.564454
3.561959
3.559233
3.556278
3.553304
3.550396
3.547305
3.544193
3.541142
3.538036
3.534971
3.531876
3.528802
3.525705
3.522498
3.519283
3.515873
3.512604
3.509362
3.506165
3.502893
3.499932
3.497377
3.494382
3.491324
3.488343
3.485240
3.482148
3.479001
3.475855
3.472824
3.469761
3.466851
3.463954
3.461030
3.458101
3.455120
3.452266
3.449367
3.446359
3.443324
3.440346
3.437323
3.434393
3.431349
3.428961
3.426540
3.423996
3.421280
3.418545
3.415707
3.412917
3.409852
3.406733
3.403680
3.400743
3.397948
3.395207
3.392399
3.389297
3.386108
3.383092
3.379829
3.376636
3.373439
3.370318
3.367194
3.364100
3.361062
3.358018
3.355093
3.352023
3.349102
3.346003
3.342958
3.339842
3.336779
3.333606
3.330524
3.327665
3.324859
3.322027
3.319327
3.316561
3.313706
3.310695
3.307774
3.304848
3.301857
3.299062
3.296225
3.293333
3.290634
3.287767
3.284888
3.282115
3.279083
3.275969
3.272820
3.269778
3.266690
3.263530
3.260507
3.257467
3.254583
3.251615
3.248963
3.246070
3.243097
3.240037
3.236952
3.233959
3.230952
3.228091
3.225312
3.222454
3.219700
3.216860
3.213932
3.210931
3.207926
3.204780
3.201704
3.198732
3.195825
3.192724
3.189932
3.187080
3.184356
3.181657
3.179045
3.176184
3.173406
3.170475
3.167607
3.164677
3.161781
3.158889
3.156122
3.153279
3.150554
3.147641
3.144779
3.142025
3.139379
3.136753
3.134108
3.131321
3.128635
3.125803
3.123118
3.120557
3.117981
3.115482
3.112830
3.110081
3.107507
3.104873
3.102394
3.099717
3.097284
3.094471
3.091685
3.088820
3.086111
3.083379
3.080942
3.078642
3.076296
3.073808
3.071241
3.068694
3.066173
3.063709
3.060985
3.058343
3.055562
3.052893
3.050389
3.047979
3.045548
3.042949
3.040506
3.038047
3.035500
3.032953
3.030315
3.027695
3.025115
3.022665
3.020377
3.018162
3.015826
3.013465
3.011280
3.008811
3.006518
3.004340
3.002078
2.999809
2.997415
2.995201
2.992993
2.990811
2.988677
2.986772
2.984616
2.982658
2.980546
2.978376
2.976343
2.974294
2.972247
2.969903
2.967753
2.965693
2.963635
2.961663
2.959602
2.957389
2.955172
2.952715
2.950505
2.948181
2.945820
2.943574
2.941362
2.939133
2.937074
2.934778
2.932741
2.930451
2.928107
2.925781
2.923268
2.920908
2.918703
2.916596
2.914562
2.912720
2.910764
2.909072
2.907329
2.905779
2.904202
2.902732
2.900976
2.899219
2.897131
2.895132
2.893000
2.891006
2.889033
2.887062
2.885204
2.883309
2.881233
2.879083
2.876996
2.874733
2.872412
2.870286
2.868194
2.865994
2.864139
2.862115
2.860079
2.858129
2.855840
2.853875
2.851707
2.849622
2.847429
2.845443
2.843334
2.841287
2.839344
2.837354
2.835384
2.833436
2.831445
2.829293
2.827186
2.825134
2.823439
2.821669
2.819387
2.816687
2.814338
2.812311
2.810166
2.807971
2.805192
2.802942
2.800665
2.798703
2.796684
2.794643
2.792476
2.790238
2.787950
2.785766
2.783337
2.781056
2.778629
2.776275
2.773659
2.771276
2.768689
2.766199
2.763692
2.761303
2.758732
2.756475
2.754058
2.751608
2.749058
2.746455
2.743896
2.741133
2.738447
2.735673
2.732983
2.730268
2.727701
2.725000
2.722443
2.719488
2.716675
2.713398
2.710407
2.707370
2.704285
2.701270
2.698352
2.695308
2.692446
2.689503
2.686559
2.683412
2.680299
2.677120
2.673869
2.670665
2.667471
2.664498
2.661423
2.658265
2.655318
2.652179
2.649048
2.645908
2.642782
2.640487
2.638242
2.635666
2.633658
2.631499
2.629543
2.627493
2.625512
2.623350
2.621225
2.619019
2.616829
2.614502
2.612246
2.609838
2.607646
2.605413
2.603165
2.600859
2.598297
2.595819
2.593340
2.590822
2.588277
2.585818
2.583419
2.580978
2.578533
2.576059
2.573605
2.571118
2.568707
2.566066
2.563645
2.560937
2.558416
2.555712
2.553187
2.550329
2.547545
2.544851
2.542213
2.539617
2.536837
2.534070
2.531250
2.528490
2.525597
2.522707
2.519670
2.516831
2.514006
2.511127
2.508114
2.505207
2.502233
2.499399
2.496571
2.493714
2.490762
2.487915
2.485024
2.482129
2.479159
2.476210
2.473275
2.470138
2.467165
2.464027
2.460997
2.458044
2.455297
2.452514
2.449605
2.446749
2.444015
2.441007
2.438118
2.435253
2.432359
2.429431
2.426606
2.423579
2.420668
2.417695
2.414608
2.411461
2.408277
2.405084
2.401916
2.398720
2.395563
2.392404
2.389101
2.385872
2.382747
2.379619
2.376536
2.373613
2.370709
2.367824
2.365066
2.362090
2.359197
2.356146
2.353016
2.350024
2.346965
2.343900
2.341032
2.337961
2.334947
2.331957
2.328930
2.325733
2.322421
2.319188
2.315812
2.312374
2.308964
2.305510
2.302220
2.298842
2.295520
2.292178
2.288807
2.285384
2.282295
2.279270
2.276269
2.273037
2.269933
2.266599
2.263349
2.260412
2.257486
2.254672
2.251808
2.249264
2.246651
2.244171
2.241738
2.239272
2.236696
2.234130
2.231719
2.229258
2.226728
2.224148
2.221637
2.219069
2.216495
2.214036
2.211416
2.208932
2.206362
2.203926
2.201381
2.198880
2.196248
2.193683
2.190964
2.188205
2.185541
2.182956
2.180452
2.177692
2.175071
2.172569
2.169972
2.167410
2.165007
2.162594
2.160260
2.157621
2.155106
2.152165
2.149382
2.146399
2.143385
2.140382
2.137566
2.134758
2.131957
2.129201
2.126552
2.123954
2.121397
2.118590
2.116144
2.113682
2.111274
2.108724
2.106255
2.103837
2.101454
2.098948
2.096504
2.093934
2.091268
2.088565
2.085878
2.083321
2.080648
2.078058
2.075634
2.073066
2.070806
2.068554
2.065905
2.063172
2.060803
2.058082
2.055401
2.052770
2.050281
2.047921
2.045645
2.043224
2.041030
2.038780
2.036989
2.035217
2.033243
2.030687
2.028028
2.025808
2.023603
2.021660
2.019695
2.017806
2.015829
2.013801
2.011755
2.009979
2.007991
2.006091
2.003789
2.001690
1.999438
1.997266
1.995405
1.993627
1.991612
1.990042
1.988426
1.986704
1.985066
1.983065
1.981056
1.979361
1.977499
1.975696
1.973832
1.972155
1.970005
1.967854
1.966160
1.964658
1.963037
1.961755
1.960169
1.958802
1.957247
1.955766
1.954244
1.952586
1.951088
1.949210
1.947513
1.945709
1.943669
1.941754
1.939706
1.937845
1.936139
1.934146
1.931923
1.929934
1.927824
1.925673
1.923519
1.921111
1.918908
1.916626
1.914355
1.912094
1.910204
1.907791
1.905683
1.903089
1.900497
1.898373
1.896356
1.894072
1.891749
1.889414
1.887055
1.884820
1.882503
1.880142
1.877808
1.875427
1.873054
1.870550
1.868015
1.865544
1.862993
1.860479
1.857921
1.855464
1.853053
1.850735
1.848230
1.845750
1.843245
1.840624
1.838127
1.835690
1.833218
1.830721
1.828239
1.825691
1.823066
1.820604
1.818130
1.815468
1.812845
1.810106
1.807470
1.804744
1.801984
1.799292
1.796546
1.794006
1.791281
1.788651
1.786001
1.783443
1.780632
1.777939
1.775360
1.772730
1.770101
1.767448
1.764822
1.761921
1.759223
1.756449
1.753592
1.750926
1.748018
1.745221
1.742343
1.739430
1.736410
1.733320
1.730230
1.727172
1.724293
1.721314
1.718503
1.715567
1.712753
1.709773
1.706886
1.703956
1.700830
1.697770
1.694639
1.691487
1.688322
1.685170
1.682017
1.678992
1.675840
1.672884
1.669923
1.666888
1.664005
1.660827
1.657876
1.654686
1.651699
1.648708
1.645709
1.642571
1.639653
1.636586
1.633342
1.630393
1.627178
1.624144
1.621159
1.618056
1.615065
1.612035
1.608937
1.605697
1.602555
1.599344
1.596230
1.592978
1.589798
1.586521
1.583205
1.580013
1.576564
1.573220
1.569629
1.566217
1.562622
1.558997
1.555265
1.551713
1.548072
1.544353
1.540855
1.537301
1.533838
1.530500
1.527012
1.523712
1.520268
1.516830
1.513521
1.510550
1.507808
1.505261
1.502625
1.499854
1.496885
1.494069
1.491497
1.488548
1.485622
1.482686
1.479658
1.476796
1.473935
1.470968
1.468158
1.465320
1.462351
1.459164
1.455887
1.452628
1.449871
1.447144
1.443977
1.440744
1.437055
1.433435
1.429783
1.426034
1.422500
1.419004
1.415259
1.411648
1.407875
1.404058
1.400168
1.396053
1.392240
1.388126
1.384294
1.380346
1.376434
1.372520
1.368494
1.364354
1.360195
1.355853
1.351604
1.347201
1.342909
1.338608
1.334547
1.330545
1.326647
1.322620
1.318747
1.314666
1.310496
1.306210
1.302008
1.297733
1.293705
1.289460
1.285398
1.281308
1.277390
1.273475
1.269519
1.265465
1.261297
1.257252
1.252883
1.248634
1.244481
1.240411
1.236383
1.232371
1.228253
1.224411
1.220412
1.216508
1.212380
1.208459
1.204394
1.200502
1.196475
1.192506
1.188404
1.184416
1.180518
1.176624
1.172752
1.168713
1.164809
1.160827
1.156743
1.152874
1.148911
1.144905
1.140942
1.137028
1.133310
1.129376
1.125346
1.121547
1.117653
1.113856
1.110048
1.106144
1.102354
1.098561
1.094761
1.091098
1.087437
1.083819
1.080224
1.076513
1.072923
1.069168
1.065538
1.061613
1.057854
1.054142
1.050371
1.046770
1.043221
1.039646
1.036152
1.032598
1.028862
1.025311
1.021535
1.017702
1.014016
1.010263
1.006452
1.002944
0.999281
0.995872
0.992351
0.988773
0.985334
0.981639
0.978104
0.974321
0.970703
0.967054
0.963417
0.960090
0.956593
0.953054
0.949557
0.946185
0.942781
0.939066
0.935560
0.931974
0.928351
0.924586
0.921110
0.917638
0.914124
0.910748
0.907415
0.903986
0.900778
0.897235
0.893766
0.890267
0.886808
0.883418
0.880009
0.876539
0.873165
0.869831
0.866567
0.863171
0.859905
0.856566
0.853285
0.849879
0.846735
0.843573
0.840255
0.837003
0.833893
0.830717
0.827558
0.824402
0.821295
0.818173
0.814983
0.811881
0.808853
0.805838
0.802820
0.799610
0.796677
0.793750
0.790805
0.787608
0.784721
0.781810
0.778922
0.775777
0.772972
0.770117
0.767387
0.764676
0.761867
0.759057
0.756286
0.753603
0.750910
0.748194
0.745589
0.742861
0.740261
0.737610
0.734916
0.732238
0.729677
0.727000
0.724472
0.721852
0.719315
0.716624
0.714149
0.711581
0.708972
0.706402
0.703960
0.701493
0.698909
0.696360
0.693990
0.691519
0.688963
0.686476
0.684134
0.681679
0.679056
0.676730
0.674287
0.671899
0.669412
0.666935
0.664560
0.662106
0.659656
0.657334
0.654846
0.652617
0.650207
0.647741
0.645561
0.643108
0.640868
0.638590
0.636238
0.633987
0.632182
0.630351
0.629433
0.628741
0.628115
0.626072
0.624130
0.622550
0.621580
0.620572
0.619312
0.617719
0.616683
0.615613
0.614567
0.613406
0.612413
0.611268
0.610111
0.609061
0.608023
0.606834
0.605835
0.604705
0.603619
0.602637
0.601470
0.600450
0.599314
0.598287
0.597230
0.596186
0.595183
0.594059
0.593040
0.592066
0.590894
0.589867
0.588759
0.587637
0.586601
0.585501
0.584261
0.583280
0.582076
0.581003
0.579793
0.578651
0.577488
0.576310
0.575166
0.574016
0.572790
0.571586
0.570428
0.569174
0.567884
0.566694
0.565505
0.564290
0.563084
0.561735
0.560455
0.559281
0.557943
0.556826
0.555496
0.554411
0.553357
0.552105
0.551033
0.550040
0.548867
0.547711
0.546507
0.545378
0.544251
0.542941
0.541748
0.540487
0.539315
0.538013
0.536794
0.535546
0.534421
0.533184
0.532042
0.530769
0.529482
0.528212
0.526997
0.525638
0.524311
0.522847
0.521559
0.520247
0.518884
0.517539
0.516049
0.514632
0.513256
0.511789
0.510236
0.508695
0.507070
0.505650
0.504153
0.502612
0.501044
0.499564
0.498000
0.496454
0.494907
0.493289
0.491821
0.490290
0.488778
0.487294
0.485762
0.484137
0.482589
0.481145
0.479663
0.478218
0.476852
0.475181
0.473728
0.472102
0.470726
0.469278
0.467902
0.466605
0.465157
0.463666
0.462324
0.460985
0.459622
0.458285
0.456900
0.455631
0.454208
0.452902
0.451514
0.450388
0.449059
0.447869
0.446456
0.445206
0.443946
0.442666
0.441300
0.440130
0.438704
0.437490
0.436151
0.434853
0.433587
0.432294
0.430911
0.429508
0.428025
0.426881
0.425543
0.424228
0.422816
0.421376
0.420097
0.418688
0.417493
0.416010
0.414585
0.413319
0.412066
0.410767
0.409545
0.408041
0.406771
0.405451
0.404065
0.402718
0.401341
0.399972
0.398663
0.397349
0.396079
0.394760
0.393549
0.392345
0.391116
0.389687
0.388336
0.386924
0.385479
0.383938
0.382580
0.381168
0.379777
0.378339
0.377081
0.375690
0.374294
0.372940
0.371495
0.370023
0.368600
0.367176
0.365822
0.364442
0.363165
0.361730
0.360443
0.359120
0.357851
0.356477
0.355090
0.353737
0.352234
0.350847
0.349451
0.348114
0.346825
0.345446
0.344298
0.343089
0.341807
0.340640
0.339451
0.338100
0.336814
0.335490
0.334202
0.332961
0.331673
0.330459
0.329222
0.327930
0.326786
0.325541
0.324417
0.323183
0.321987
0.320807
0.319638
0.318430
0.317296
0.316193
0.315244
0.314247
0.313253
0.312297
0.311202
0.310053
0.309007
0.308001
0.306903
0.305980
0.304979
0.304155
0.303363
0.302650
0.301970
0.301249
0.300465
0.299739
0.298898
0.298132
0.297433
0.296707
0.295987
0.295116
0.294307
0.293380
0.292478
0.291549
0.290536
0.289675
0.288770
0.287950
0.287167
0.286371
0.285614
0.284759
0.284038
0.283206
0.282347
0.281571
0.280713
0.279953
0.279090
0.278233
0.277439
0.276614
0.275851
0.274985
0.274152
0.273397
0.272598
0.271936
0.271071
0.270366
0.269683
0.268958
0.268404
0.267826
0.267223
0.266649
0.266023
0.265449
0.264884
0.264239
0.263558
0.262830
0.262125
0.261464
0.260788
0.260001
0.259384
0.258658
0.257992
0.257368
0.256788
0.256072
0.255438
0.254801
0.254172
0.253547
0.252739
0.252090
0.251405
0.250724
0.250061
0.249464
0.248811
0.248346
0.247866
0.247524
0.247128
0.246710
0.246362
0.245684
0.245218
0.244568
0.243888
0.243178
0.242410
0.241670
0.240808
0.240062
0.239192
0.238207
0.237324
0.236298
0.235286
0.234240
0.233110
0.232045
0.230848
0.229775
0.228676
0.227409
0.226389
0.225301
0.224195
0.223187
0.222086
0.220936
0.219826
0.218679
0.217552
0.216451
0.215347
0.214293
0.213152
0.211996
0.210982
0.209890
0.208762
0.207707
0.206603
0.205425
0.204456
0.203398
0.202316
0.201182
0.200242
0.199180
0.198238
0.197289
0.196449
0.195603
0.194819
0.193977
0.193122
0.192239
0.191379
0.190595
0.189793
0.188948
0.188203
0.187404
0.186549
0.185741
0.184969
0.184164
0.183365
0.182704
0.181879
0.181088
0.180327
0.179636
0.179030
0.178286
0.177543
0.176790
0.176087
0.175250
0.174460
0.173790
0.172992
0.172193
0.171359
0.170606
0.169822
0.168953
0.168136
0.167308
0.166493
0.165620
0.164659
0.163875
0.162950
0.162099
0.161166
0.160259
0.159425
0.158540
0.157664
0.156769
0.155817
0.154984
0.154173
0.153365
0.152464
0.151640
0.150836
0.149982
0.149172
0.148329
0.147469
0.146612
0.145840
0.145021
0.144316
0.143449
0.142660
0.141868
0.141127
0.140341
0.139532
0.138875
0.138152
0.137315
0.136528
0.135749
0.134993
0.134186
0.133401
0.132623
0.131950
0.131113
0.130329
0.129589
0.128801
0.128066
0.127270
0.126602
0.125851
0.125085
0.124329
0.123483
0.122765
0.121946
0.121215
0.120435
0.119742
0.118881
0.118132
0.117355
0.116618
0.115770
0.115035
0.114290
0.113411
0.112741
0.111890
0.111162
0.110382
0.109611
0.108918
0.108087
0.107372
0.106600
0.105816
0.105077
0.104287
0.103516
0.102818
0.102034
0.101315
0.100618
0.099788
0.099020
0.098288
0.097544
0.096779
0.096082
0.095273
0.094490
0.093796
0.092983
0.092251
0.091470
0.090736
0.089903
0.089288
0.088611
0.087856
0.087110
0.086344
0.085684
0.084997
0.084364
0.083563
0.082918
0.082329
0.081715
0.081189
0.080779
0.080296
0.079742
0.079194
0.078666
0.078172
0.077641
0.077177
