0.483278
0.483278
0.483278
0.483278
0.483278
0.483278
0.483278
0.483278
0.483278
0.483278
0.483278
0.483278
0.483278
0.483278
0.483278
0.483278
0.483278
0.483278
0.483278
0.483278
0.483278
0.483278
0.483278
0.483131
0.482617
0.481920
0.480891
0.479000
0.476746
0.473844
0.470328
0.466502
0.462897
0.459293
0.455989
0.452661
0.449778
0.446440
0.443246
0.439800
0.436445
0.432795
0.429344
0.425975
0.422514
0.419073
0.415879
0.412639
0.409176
0.405851
0.402704
0.399200
0.395909
0.392552
0.389329
0.385976
0.382756
0.379481
0.376269
0.373099
0.369888
0.366608
0.363572
0.360132
0.357124
0.353935
0.350840
0.347905
0.344616
0.341702
0.338666
0.335500
0.332434
0.329358
0.326529
0.323641
0.320357
0.317547
0.314749
0.311866
0.308841
0.306115
0.303094
0.300318
0.297488
0.294766
0.291914
0.289225
0.286234
0.283610
0.280959
0.278126
0.275829
0.272833
0.270337
0.267729
0.265165
0.262446
0.259775
0.257224
0.254780
0.252239
0.249689
0.247050
0.244583
0.242158
0.239691
0.237191
0.234686
0.232122
0.229776
0.227548
0.225079
0.222562
0.220379
0.217858
0.215716
0.213270
0.211061
0.208858
0.206495
0.204232
0.202071
0.199671
0.197727
0.195529
0.193359
0.191230
0.189060
0.186869
0.184965
0.182729
0.180891
0.178533
0.176691
0.174625
0.172632
0.170738
0.168646
0.166870
0.164790
0.163036
0.161039
0.159237
0.157491
0.155487
0.153758
0.152234
0.150298
0.148656
0.146785
0.145057
0.143580
0.141732
0.140168
0.138265
0.136810
0.135189
0.133493
0.131966
0.130327
0.128805
0.127074
0.125687
0.124232
0.122602
0.121161
0.119909
0.118220
0.116838
0.115228
0.113945
0.112618
0.110984
0.109796
0.108264
0.106924
0.105776
0.104118
0.102961
0.101475
0.100225
0.098941
0.097482
0.096320
0.095196
0.093812
0.092623
0.091435
0.090392
0.089073
0.088017
0.086790
0.085574
0.084527
0.083288
0.082447
0.081218
0.080250
0.079121
0.077926
0.077058
0.076160
0.075011
0.074037
0.073189
0.072093
0.071138
0.070187
0.069502
0.068550
0.067613
0.066738
0.065779
0.064858
0.064050
0.063256
0.062417
0.061608
0.060664
0.060039
0.059230
0.058334
0.057701
0.056867
0.056171
0.055577
0.054537
0.053943
0.053206
0.052670
0.051941
0.051355
0.050714
0.049820
0.049196
0.048349
0.047915
0.047587
0.046747
0.046153
0.045390
0.044910
0.044236
0.043650
0.043145
0.042765
0.041926
0.041384
0.040996
0.040465
0.039872
0.039257
0.038977
0.038452
0.037751
0.037225
0.036712
0.036398
0.035874
0.035373
0.034956
0.034448
0.034116
0.033593
0.033267
0.032848
0.032366
0.032120
0.031423
0.031202
0.030834
0.030439
0.030027
0.029720
0.029139
0.028936
0.028552
0.028238
0.027911
0.027645
0.027181
0.026753
0.026579
0.026270
0.026015
0.025533
0.025311
0.025003
0.024685
0.024360
0.024051
0.023878
0.023568
0.023236
0.022932
0.022651
0.022483
0.022249
0.021858
0.021655
0.021440
0.021333
0.021068
0.020740
0.020629
0.020324
0.020011
0.019808
0.019587
0.019584
0.019212
0.019101
0.018846
0.018428
0.018428
0.018254
0.017945
0.017801
0.017801
0.017415
0.017104
0.016993
0.016993
0.016791
0.016511
0.016401
0.016188
0.015985
0.015879
0.015768
0.015562
0.015430
0.015103
0.015103
0.014975
0.014773
0.014603
0.014492
0.014492
0.014290
0.014179
0.013962
0.013900
0.013697
0.013586
0.013554
0.013335
0.013335
0.013134
0.013070
0.012959
0.012959
0.012852
0.012650
0.012650
0.012539
0.012539
0.012365
0.012260
0.012056
0.012056
0.012056
0.011945
0.011945
0.011605
0.011541
0.011541
0.011430
0.011430
0.011319
0.011319
0.011121
0.011010
0.011010
0.010947
0.010836
0.010836
0.010836
0.010527
0.010527
0.010527
0.010416
0.010416
0.010416
0.010305
0.010150
0.010150
0.010039
0.010039
0.010039
0.010039
0.009928
0.009926
0.009926
0.009724
0.009724
0.009724
0.009724
0.009550
0.009550
0.009550
0.009550
0.009439
0.009439
0.009439
0.009439
0.009328
0.009328
0.009328
0.009328
0.009328
0.009217
0.009217
0.009217
0.009217
0.009106
0.009106
0.009106
0.009106
0.009106
0.008994
0.008994
0.008994
0.008994
0.008994
0.008994
0.008883
0.008883
0.008883
0.008883
0.008883
0.008883
0.008772
0.008772
0.008772
0.008772
0.008772
0.008772
0.008661
0.008661
0.008661
0.008661
0.008661
0.008661
0.008661
0.008550
0.008550
0.008550
0.008550
0.008550
0.008550
0.008550
0.008550
0.008550
0.008550
0.008550
0.008550
0.008550
0.008550
0.008550
0.008550
0.008550
0.008550
0.008550
0.008550
0.008550
0.008550
0.008550
0.008550
0.008550
0.008550
0.008550
0.008550
0.008550
0.008550
0.008550
0.008550
0.008550
0.008550
0.008550
0.008550
0.008550
0.008550
0.008550
0.008550
0.008550
0.008550
0.008550
0.008550
0.008550
0.008550
0.008550
0.008550
0.008550
0.008550
0.008550
0.008550
0.008550
0.008550
0.008550
0.008550
0.008550
0.008550
0.008550
0.008550
0.008550
0.008550
0.008550
0.008550
0.008550
0.008550
0.008550
0.008550
0.008550
0.008550
0.008550
0.008550
0.008550
0.008550
0.008550
0.008550
0.008550
0.008550
0.008550
0.008550
0.008550
0.008550
0.008550
0.008550
0.008550
0.008550
0.008550
0.008550
0.008550
0.008550
0.008550
0.008550
0.008550
0.008550
0.008550
0.008550
0.008550
0.008550
0.008550
0.008550
0.008550
0.008550
0.008550
0.008550
0.008550
0.008550
0.008550
0.008550
0.008550
0.008550
0.008550
0.008550
0.008550
0.008550
0.008550
0.008550
0.008550
0.008550
0.008550
0.008550
0.008550
0.008550
0.008550
0.008550
0.008550
0.008550
0.008550
0.008550
0.008550
0.008550
0.008550
0.008550
0.008550
0.008550
0.008550
0.008550
0.008550
0.008550
0.008550
0.008550
0.008550
0.008550
0.008550
0.008550
0.008550
0.008550
0.008550
0.008550
0.008550
0.008550
0.008550
0.008550
0.008550
0.008550
0.008550
0.008550
0.008550
0.008550
0.008550
0.008550
0.008550
0.008550
0.008550
0.008550
0.008550
0.008550
0.008550
0.008550
0.008550
0.008550
0.008550
0.008550
0.008550
0.008550
0.008550
0.008550
0.008550
0.008550
0.008550
0.008550
0.008550
0.008550
0.008550
0.008550
0.008550
0.008550
0.008550
0.008550
0.008550
0.008550
0.008550
0.008550
0.008550
0.008550
0.008550
0.008550
0.008550
0.008550
0.008550
0.008550
0.008550
0.008550
0.008550
0.008550
0.008550
0.008550
0.008550
0.008550
0.008550
0.008550
0.008550
0.008550
0.008550
0.008550
0.008550
0.008550
0.008550
0.008550
0.008550
0.008550
0.008550
0.008550
0.008550
0.008550
0.008550
0.008550
0.008550
0.008550
0.008550
0.008550
0.008550
0.008550
0.008550
0.008550
0.008550
0.008550
0.008550
0.008550
0.008550
0.008550
0.008550
0.008550
0.008550
0.008550
0.008550
0.008550
0.008550
0.008550
0.008550
0.008550
0.008550
0.008550
0.008550
0.008550
