0.758704
0.758704
0.758704
0.758704
0.758704
0.758704
0.758704
0.758704
0.758704
0.758704
0.758704
0.758704
0.758704
0.758704
0.758704
0.758704
0.758704
0.758704
0.758704
0.758704
0.758704
0.758704
0.758704
0.758632
0.758536
0.758271
0.758080
0.757487
0.756163
0.754423
0.752571
0.750428
0.747989
0.745296
0.742414
0.739318
0.736117
0.732734
0.729363
0.726210
0.722841
0.719510
0.716203
0.712777
0.709159
0.705415
0.701643
0.697678
0.693932
0.690181
0.686534
0.682803
0.679136
0.675449
0.671789
0.668028
0.664302
0.660547
0.656836
0.653174
0.649392
0.645705
0.642143
0.638478
0.635036
0.631403
0.628007
0.624558
0.621022
0.617745
0.614305
0.610967
0.607596
0.604252
0.600876
0.597564
0.594201
0.590875
0.587578
0.584270
0.581034
0.577771
0.574509
0.571423
0.568180
0.564949
0.561657
0.558420
0.555271
0.551881
0.548614
0.545501
0.542213
0.539170
0.536137
0.533099
0.530079
0.527093
0.523969
0.521014
0.518033
0.514871
0.511809
0.508735
0.505717
0.502629
0.499551
0.496495
0.493340
0.490291
0.487237
0.484167
0.481352
0.478365
0.475364
0.472382
0.469444
0.466455
0.463354
0.460353
0.457350
0.454194
0.451396
0.448327
0.445243
0.442207
0.439172
0.436343
0.433257
0.430315
0.427245
0.424267
0.421435
0.418449
0.415402
0.412519
0.409633
0.406618
0.403780
0.400660
0.397956
0.394895
0.392016
0.389199
0.386141
0.383350
0.380616
0.377625
0.374823
0.372083
0.369286
0.366434
0.363663
0.360885
0.358200
0.355373
0.352782
0.349907
0.347240
0.344604
0.341855
0.339264
0.336548
0.334048
0.331418
0.328812
0.326411
0.323784
0.321396
0.318852
0.316245
0.313735
0.311294
0.308832
0.306400
0.304021
0.301569
0.299178
0.296819
0.294515
0.292016
0.289725
0.287454
0.285021
0.282742
0.280477
0.278185
0.275912
0.273601
0.271416
0.269090
0.266926
0.264856
0.262550
0.260504
0.258370
0.256260
0.254104
0.251984
0.249937
0.247875
0.245761
0.243928
0.241868
0.239895
0.237920
0.235908
0.233994
0.232219
0.230179
0.228341
0.226357
0.224610
0.222785
0.220927
0.219168
0.217263
0.215568
0.213837
0.212014
0.210314
0.208616
0.206927
0.205178
0.203481
0.201797
0.200315
0.198499
0.196882
0.195227
0.193622
0.192114
0.190487
0.188958
0.187229
0.185820
0.184245
0.182711
0.181115
0.179756
0.178020
0.176662
0.175183
0.173741
0.172284
0.170784
0.169496
0.167945
0.166575
0.165191
0.163645
0.162328
0.160931
0.159553
0.158303
0.156790
0.155477
0.154129
0.152760
0.151409
0.150172
0.148927
0.147756
0.146299
0.144946
0.143747
0.142483
0.141243
0.139974
0.138762
0.137500
0.136353
0.135099
0.133756
0.132561
0.131515
0.130217
0.129006
0.127874
0.126600
0.125490
0.124399
0.123224
0.122163
0.120919
0.119871
0.118716
0.117583
0.116508
0.115498
0.114372
0.113263
0.112194
0.111235
0.110120
0.109080
0.108083
0.107023
0.106017
0.104981
0.104086
0.102920
0.101993
0.100968
0.099998
0.098985
0.098054
0.097018
0.096145
0.095142
0.094293
0.093292
0.092398
0.091441
0.090449
0.089588
0.088697
0.087847
0.086898
0.085983
0.085054
0.084300
0.083509
0.082571
0.081683
0.080820
0.079958
0.079251
0.078378
0.077601
0.076678
0.075859
0.075049
0.074262
0.073657
0.072782
0.072028
0.071201
0.070529
0.069711
0.068925
0.068220
0.067571
0.066771
0.066171
0.065303
0.064546
0.063967
0.063160
0.062420
0.061818
0.061083
0.060477
0.059800
0.059214
0.058408
0.057775
0.057126
0.056551
0.055978
0.055310
0.054695
0.054105
0.053489
0.052825
0.052210
0.051698
0.051115
0.050459
0.049884
0.049367
0.048861
0.048250
0.047665
0.047216
0.046613
0.046074
0.045625
0.045043
0.044590
0.043995
0.043406
0.042963
0.042468
0.041952
0.041527
0.041036
0.040490
0.040002
0.039563
0.039061
0.038623
0.038225
0.037780
0.037265
0.036876
0.036406
0.035963
0.035592
0.035152
0.034710
0.034309
0.033886
0.033599
0.033208
0.032842
0.032451
0.032106
0.031755
0.031405
0.031060
0.030711
0.030307
0.030008
0.029722
0.029324
0.028910
0.028657
0.028290
0.028029
0.027749
0.027466
0.027204
0.026883
0.026659
0.026367
0.026047
0.025785
0.025541
0.025283
0.025045
0.024846
0.024455
0.024211
0.024091
0.023770
0.023575
0.023267
0.023080
0.022870
0.022611
0.022392
0.022228
0.022025
0.021798
0.021606
0.021381
0.021195
0.020938
0.020791
0.020586
0.020427
0.020275
0.020004
0.019881
0.019611
0.019475
0.019280
0.019097
0.018917
0.018786
0.018631
0.018511
0.018319
0.018199
0.018098
0.017928
0.017759
0.017636
0.017457
0.017377
0.017269
0.017066
0.016986
0.016874
0.016742
0.016562
0.016479
0.016376
0.016224
0.016152
0.016012
0.015909
0.015789
0.015688
0.015585
0.015474
0.015402
0.015282
0.015118
0.015038
0.014971
0.014859
0.014756
0.014716
0.014571
0.014531
0.014357
0.014245
0.014205
0.014126
0.014017
0.013921
0.013854
0.013814
0.013702
0.013638
0.013530
0.013490
0.013378
0.013307
0.013204
0.013125
0.013092
0.012980
0.012940
0.012900
0.012764
0.012737
0.012657
0.012617
0.012476
0.012437
0.012373
0.012333
0.012218
0.012190
0.012150
0.012071
0.012008
0.011906
0.011866
0.011826
0.011786
0.011747
0.011675
0.011584
0.011544
0.011504
0.011435
0.011431
0.011320
0.011280
0.011280
0.011173
0.011173
0.011101
0.011061
0.011021
0.011021
0.010941
0.010941
0.010878
0.010806
0.010766
0.010766
0.010726
0.010686
0.010646
0.010646
0.010535
0.010511
0.010471
0.010471
0.010391
0.010391
0.010391
0.010319
0.010279
0.010240
0.010236
0.010236
0.010133
0.010133
0.010093
0.010093
0.010061
0.009981
0.009981
0.009977
0.009937
0.009937
0.009898
0.009858
0.009858
0.009858
0.009818
0.009778
0.009778
0.009738
0.009738
0.009738
0.009658
0.009658
0.009658
0.009658
0.009618
0.009618
0.009579
0.009539
0.009539
0.009539
0.009539
0.009499
0.009459
0.009459
0.009459
0.009419
0.009419
0.009416
0.009416
0.009336
0.009336
0.009336
0.009336
0.009336
0.009296
0.009296
0.009296
0.009296
0.009296
0.009256
0.009256
0.009256
0.009256
0.009256
0.009217
0.009217
0.009217
0.009217
0.009217
0.009177
0.009177
0.009177
0.009177
0.009177
0.009177
0.009137
0.009137
0.009137
0.009137
0.009137
0.009137
0.009097
0.009097
0.009097
0.009097
0.009097
0.009097
0.009097
0.009057
0.009057
0.009057
0.009057
0.009057
0.009057
0.009057
0.009057
0.009057
0.009057
0.009057
0.009057
0.009057
0.009057
0.009057
0.009057
0.009057
0.009057
0.009057
0.009057
0.009057
0.009057
0.009057
0.009057
0.009057
0.009057
0.009057
0.009057
0.009057
0.009057
0.009057
0.009057
0.009057
0.009057
0.009057
0.009057
0.009057
0.009057
0.009057
0.009057
0.009057
0.009057
0.009057
0.009057
0.009057
0.009057
0.009057
0.009057
0.009057
0.009057
