0.643264
0.643264
0.643264
0.643264
0.643264
0.643264
0.643264
0.643264
0.643264
0.643220
0.643176
0.643135
0.643007
0.642878
0.642750
0.642533
0.642403
0.642273
0.642191
0.642064
0.641945
0.641783
0.641479
0.641195
0.640866
0.640586
0.640298
0.640084
0.639870
0.639492
0.639188
0.638872
0.638493
0.638157
0.637882
0.637660
0.637424
0.637237
0.636905
0.636693
0.636402
0.635975
0.635691
0.635275
0.635034
0.634811
0.634566
0.634380
0.634020
0.633742
0.633235
0.632772
0.632473
0.632006
0.631847
0.631400
0.631218
0.630709
0.630344
0.630016
0.629341
0.629004
0.628498
0.628251
0.627811
0.627389
0.626928
0.626481
0.625878
0.625434
0.624942
0.624408
0.623976
0.623489
0.623104
0.622539
0.622031
0.621374
0.620694
0.620211
0.619641
0.619133
0.618546
0.618072
0.617547
0.616892
0.616136
0.615496
0.614855
0.614177
0.613540
0.612909
0.612284
0.611551
0.610838
0.610060
0.609314
0.608554
0.607844
0.607206
0.606453
0.605696
0.604855
0.604177
0.603164
0.602304
0.601398
0.600658
0.599796
0.598935
0.598118
0.597231
0.596268
0.595273
0.594253
0.593134
0.591963
0.591137
0.590072
0.589123
0.588158
0.587237
0.586211
0.585283
0.584447
0.583419
0.582469
0.581547
0.580591
0.579534
0.578656
0.577602
0.576551
0.575513
0.574562
0.573416
0.572448
0.571328
0.570368
0.569473
0.568412
0.567447
0.566564
0.565566
0.564660
0.563737
0.562875
0.561844
0.561023
0.559999
0.559184
0.558382
0.557380
0.556600
0.555724
0.554846
0.554061
0.553273
0.552485
0.551608
0.550850
0.550101
0.549365
0.548498
0.547739
0.547002
0.546308
0.545382
0.544746
0.543997
0.543257
0.542595
0.541780
0.541189
0.540475
0.539796
0.539053
0.538421
0.537701
0.537061
0.536455
0.535806
0.535179
0.534473
0.533877
0.533286
0.532629
0.531870
0.531448
0.530811
0.530142
0.529592
0.528998
0.528494
0.527906
0.527354
0.526606
0.526217
0.525582
0.524920
0.524552
0.523984
0.523389
0.522828
0.522341
0.521913
0.521342
0.520834
0.520296
0.519813
0.519308
0.518706
0.518285
0.517803
0.517307
0.516813
0.516397
0.515904
0.515359
0.514990
0.514431
0.513970
0.513549
0.513215
0.512663
0.512202
0.511762
0.511355
0.510919
0.510520
0.510098
0.509572
0.509257
0.508814
0.508393
0.508063
0.507673
0.507234
0.506852
0.506465
0.506137
0.505896
0.505412
0.505138
0.504628
0.504453
0.504155
0.503674
0.503433
0.503076
0.502744
0.502450
0.502056
0.501878
0.501545
0.501233
0.500983
0.500605
0.500306
0.500098
0.499884
0.499557
0.499284
0.499006
0.498758
0.498609
0.498291
0.498064
0.497779
0.497554
0.497418
0.497111
0.496861
0.496671
0.496448
0.496238
0.496044
0.495790
0.495606
0.495440
0.495236
0.495101
0.494843
0.494593
0.494494
0.494351
0.494170
0.493947
0.493768
0.493632
0.493429
0.493331
0.493152
0.492933
0.492787
0.492687
0.492584
0.492342
0.492198
0.492059
0.491921
0.491825
0.491654
0.491582
0.491411
0.491272
0.491211
0.491075
0.490874
0.490803
0.490704
0.490606
0.490478
0.490405
0.490264
0.490132
0.490043
0.490000
0.489889
0.489733
0.489664
0.489564
0.489503
0.489439
0.489346
0.489188
0.489156
0.489062
0.488963
0.488925
0.367952
0.367902
0.367813
0.367737
0.367683
0.367594
0.367494
0.367433
0.367380
0.367287
0.367250
0.367171
0.367133
0.367030
0.367010
0.366949
0.366922
0.366821
0.366783
0.366722
0.366697
0.366636
0.366548
0.366487
0.366462
0.366425
0.366364
0.366350
0.366265
0.366222
0.366199
0.366138
0.366100
0.366064
0.366027
0.365967
0.365943
0.365906
0.365883
0.365833
0.365833
0.365769
0.365710
0.365710
0.365649
0.365649
0.365600
0.365577
0.365540
0.365540
0.365479
0.365480
0.365442
0.365421
0.365372
0.365372
0.365335
0.365312
0.365274
0.365274
0.365275
0.365214
0.365215
0.365177
0.365154
0.365117
0.365117
0.365117
0.365057
0.365057
0.273955
0.273955
0.273955
0.273895
0.273895
0.273895
0.273836
0.273748
0.273648
0.273490
0.273297
0.273127
0.272873
0.272675
0.272485
0.272227
0.272013
0.271797
0.271560
0.271500
0.271445
0.271408
0.271408
0.271405
0.271236
0.270893
0.270528
0.269982
0.269240
0.268508
0.267564
0.266583
0.265480
0.264451
0.263304
0.262176
0.261239
0.260359
0.259277
0.258231
0.257226
0.256057
0.255070
0.254001
0.252946
0.251933
0.250835
0.249783
0.248775
0.247711
0.246680
0.245648
0.244639
0.243556
0.242568
0.241471
0.240510
0.239471
0.238544
0.237499
0.236480
0.235491
0.234483
0.233479
0.232510
0.231509
0.230537
0.229460
0.228319
0.227205
0.226068
0.224817
0.223625
0.222209
0.220887
0.219543
0.218176
0.216869
0.215441
0.214088
0.212789
0.211472
0.210210
0.208813
0.207470
0.206128
0.204737
0.203472
0.202162
0.200867
0.199520
0.198231
0.196921
0.195626
0.194325
0.193052
0.191756
0.190537
0.189199
0.187905
0.186608
0.185328
0.184112
0.182844
0.181531
0.180328
0.179053
0.177833
0.176632
0.175349
0.174109
0.172843
0.171652
0.170494
0.169222
0.167972
0.166743
0.165586
0.164325
0.163141
0.161940
0.160715
0.159548
0.158317
0.157102
0.155906
0.154691
0.153515
0.152335
0.151153
0.149928
0.148726
0.147540
0.146395
0.145178
0.144013
0.142857
0.141654
0.140411
0.139268
0.138051
0.136894
0.135753
0.134531
0.133374
0.132215
0.131063
0.129895
0.128701
0.127541
0.126399
0.125257
0.124029
0.122873
0.121756
0.120602
0.119425
0.118241
0.117087
0.115998
0.114812
0.113630
0.112476
0.111329
0.110238
0.109100
0.107882
0.106752
0.105622
0.104507
0.103376
0.102151
0.101022
0.099908
0.098820
0.097722
0.096605
0.095476
0.094397
0.093329
0.092281
0.091253
0.090174
0.089132
0.088107
0.087136
0.086157
0.085156
0.084171
0.083165
0.082217
0.081265
0.080330
0.079441
0.078488
0.077618
0.076665
0.075809
0.074953
0.074088
0.073213
0.072429
0.071617
0.070779
0.069965
0.069146
0.068335
0.067617
0.066823
0.066037
0.065244
0.064541
0.063785
0.063096
0.062349
0.061691
0.060935
0.060298
0.059626
0.058909
0.058269
0.057630
0.056952
0.056339
0.055740
0.055103
0.054466
0.053892
0.053261
0.052688
0.052125
0.051523
0.050983
0.050452
0.049878
0.049341
0.048813
0.048280
0.047786
0.047262
0.046757
0.046247
0.045759
0.045271
0.044824
0.044307
0.043886
0.043401
0.042939
0.042489
0.042028
0.041622
0.041163
0.040730
0.040299
0.039934
0.039504
0.039117
0.038697
0.038295
0.037958
0.037543
0.037138
0.036785
0.036404
0.036069
0.035707
0.035373
0.035009
0.034656
0.034353
0.034015
0.033707
0.033312
0.033011
0.032703
0.032403
0.032113
0.031795
0.031467
0.031217
0.030926
0.030656
0.030398
0.030122
0.029828
0.029541
0.029291
0.028998
0.028763
0.028512
0.028233
0.027933
0.027675
0.027443
0.027192
0.026963
0.026738
0.026514
0.026261
0.026038
0.025810
0.025631
0.025387
0.025181
0.024944
0.024780
0.024574
0.024397
0.024169
0.023975
0.023805
0.023593
0.023426
0.023256
0.023030
0.022880
0.022717
0.022485
0.022324
0.022140
0.021965
0.021822
0.021623
0.021458
0.021347
0.021129
0.020992
0.020829
0.020718
0.020534
0.020399
0.020225
0.020137
0.019975
0.019870
0.019698
0.019613
0.019431
0.019332
0.019184
0.019058
0.018928
0.018810
0.018680
0.018562
0.018407
0.018307
0.018189
0.018082
0.017964
0.017856
0.017744
0.017627
0.017518
0.017434
0.017316
0.017209
0.017136
0.016999
0.016934
0.016831
0.016736
0.016656
0.016579
0.016455
0.016398
0.016293
0.016203
0.016165
0.016043
0.015984
0.015907
0.015807
0.015771
0.015655
0.015590
0.015520
0.015433
0.015379
0.015283
0.015239
0.015173
0.015103
0.015043
0.014977
0.014907
0.014837
0.014793
0.014704
0.014640
0.014580
0.014510
0.014445
0.014402
0.014377
0.014298
0.014243
0.014184
0.014164
0.014077
0.014019
0.013965
0.013922
0.013880
0.013808
0.013764
0.013732
0.013669
0.013633
0.013500
0.013445
0.013376
0.013297
0.013268
0.013212
0.013140
0.013094
0.013068
0.013013
0.012987
0.012910
0.012866
0.012844
0.012825
0.012779
0.012700
0.012644
0.012620
0.012598
0.012579
0.012540
0.012477
0.012455
0.012410
0.012387
0.012366
0.012308
0.012287
0.012267
0.012246
0.012246
0.012234
0.012216
0.012188
0.012188
0.012188
0.012188
0.012188
0.012170
0.012170
0.012149
0.012136
0.012156
0.012165
0.012186
0.012183
0.012196
0.012176
0.012190
0.012206
0.012206
0.012221
0.012218
0.012218
0.012236
0.012236
0.012236
0.012254
0.012254
0.012254
0.012254
0.012264
0.012264
0.012264
0.012257
0.012257
0.012277
0.012277
0.012277
0.012277
0.012277
0.012277
0.012277
0.012277
0.012277
0.012297
0.012297
0.012297
0.012297
0.012297
0.012297
0.012297
0.012297
0.012297
0.012297
0.012297
0.012297
0.012297
0.012297
0.012297
0.012182
0.012164
0.012131
0.012115
0.012100
0.012100
0.012086
0.012074
0.012062
0.012062
0.012053
0.012053
0.012045
0.012045
0.012045
0.012040
0.012040
0.012040
0.012036
0.012036
0.012036
0.012036
0.012036
0.012035
0.012035
0.012035
0.012035
0.012035
0.012035
0.012035
0.012035
0.012035
0.012036
0.012036
0.012036
0.012036
0.012036
0.012036
0.012036
0.012036
0.012036
0.012036
0.012036
0.012062
0.012074
0.012100
0.012115
0.012131
0.012131
0.012147
0.012164
0.012164
0.012182
0.012200
0.012200
0.012219
0.012219
0.012219
0.012238
0.012238
0.012238
0.012238
0.012257
0.012257
0.012257
0.012257
0.012257
0.012277
0.012277
0.012277
0.012277
0.012277
0.012277
0.012277
0.012277
0.012277
0.012297
0.012297
0.012297
0.012297
0.012297
0.012297
0.012297
0.012297
0.012297
0.012297
0.012297
0.012297
0.012297
0.012297
0.012297
0.012297
0.012182
0.012166
0.012132
0.012116
0.012101
0.012101
0.012088
