0.327457
0.327457
0.327457
0.327457
0.327457
0.327457
0.327457
0.327457
0.327457
0.327413
0.327369
0.327327
0.327200
0.327071
0.326942
0.326792
0.326729
0.326621
0.326583
0.326456
0.326403
0.326241
0.325936
0.325699
0.325483
0.325236
0.325020
0.324896
0.324928
0.324672
0.324512
0.324307
0.323958
0.323558
0.323243
0.322983
0.322799
0.322558
0.322257
0.321918
0.321679
0.321165
0.320746
0.320443
0.320067
0.319737
0.319411
0.319230
0.318788
0.318333
0.317788
0.317239
0.316846
0.316429
0.316151
0.315656
0.315328
0.314770
0.314258
0.313831
0.313112
0.312639
0.312082
0.311729
0.311190
0.310691
0.310082
0.309558
0.308850
0.308320
0.307750
0.307114
0.306565
0.305955
0.305440
0.304833
0.304207
0.303420
0.302615
0.302045
0.301344
0.300712
0.299998
0.299392
0.298751
0.297938
0.297056
0.296273
0.295478
0.294677
0.293905
0.293142
0.292413
0.291536
0.290699
0.289774
0.288803
0.287821
0.286867
0.286091
0.285183
0.284256
0.283270
0.282477
0.281408
0.280502
0.279616
0.278829
0.277873
0.276982
0.276111
0.275307
0.274425
0.273537
0.272758
0.271805
0.270864
0.270181
0.269229
0.268453
0.267628
0.266883
0.266080
0.265451
0.264866
0.264138
0.263460
0.262764
0.262064
0.261288
0.260612
0.259773
0.258953
0.258149
0.257435
0.256571
0.255813
0.254955
0.254232
0.253445
0.252584
0.251743
0.251101
0.250325
0.249572
0.248867
0.248172
0.247389
0.246709
0.245904
0.245237
0.244683
0.243818
0.243236
0.242560
0.241852
0.241239
0.240652
0.240007
0.239364
0.238747
0.238138
0.237605
0.236865
0.236310
0.235713
0.235196
0.234440
0.233953
0.233383
0.232769
0.232278
0.231614
0.231166
0.230670
0.230076
0.229501
0.229024
0.228425
0.227942
0.227457
0.226941
0.226462
0.225890
0.225408
0.224952
0.224423
0.223786
0.223490
0.222976
0.222467
0.222007
0.221567
0.221253
0.220787
0.220431
0.219809
0.219545
0.219031
0.218521
0.218252
0.217789
0.217335
0.216901
0.216498
0.216169
0.215693
0.215298
0.214860
0.214516
0.214088
0.213621
0.213297
0.212892
0.212493
0.212111
0.211767
0.211367
0.210904
0.210613
0.210177
0.209790
0.209426
0.209196
0.208743
0.208382
0.208002
0.207645
0.207287
0.206986
0.206641
0.206192
0.205913
0.205563
0.205053
0.204784
0.204454
0.204018
0.203713
0.203386
0.203106
0.202878
0.202461
0.202222
0.201791
0.201623
0.201402
0.200967
0.200734
0.200451
0.200200
0.199933
0.199588
0.199441
0.199158
0.198914
0.198677
0.198402
0.198100
0.197967
0.197803
0.197502
0.197284
0.197059
0.196853
0.196739
0.196488
0.196295
0.196100
0.195907
0.195820
0.195513
0.195338
0.195156
0.195019
0.194843
0.194694
0.194474
0.194333
0.194200
0.194014
0.193928
0.193695
0.193493
0.193394
0.193329
0.193262
0.193109
0.193018
0.192905
0.192770
0.192697
0.192547
0.192390
0.192301
0.192220
0.192180
0.191969
0.191847
0.191779
0.191665
0.191591
0.191466
0.191413
0.191294
0.191198
0.191137
0.191007
0.190869
0.190820
0.190727
0.190628
0.190563
0.190515
0.190398
0.190305
0.190244
0.190223
0.190116
0.190003
0.189956
0.189857
0.189796
0.189774
0.189700
0.189564
0.189536
0.189349
0.189228
0.189146
0.288391
0.288361
0.288250
0.288181
0.288130
0.288062
0.287999
0.287916
0.287932
0.287898
0.287975
0.288127
0.288308
0.288597
0.288867
0.289133
0.289356
0.289566
0.289812
0.290116
0.290385
0.290603
0.290874
0.291011
0.291115
0.291072
0.290985
0.290812
0.290688
0.290609
0.290534
0.290532
0.290527
0.290508
0.290423
0.290379
0.290315
0.290212
0.290121
0.290025
0.289961
0.289878
0.289824
0.289756
0.289734
0.289687
0.289627
0.289563
0.289457
0.289402
0.289428
0.289417
0.289376
0.289329
0.289288
0.289225
0.289173
0.289167
0.289105
0.289057
0.289017
0.288933
0.288913
0.288859
0.288698
0.288567
0.288366
0.288177
0.287975
0.287734
0.151847
0.151674
0.151484
0.151288
0.151140
0.150943
0.150717
0.150511
0.150019
0.149575
0.149075
0.148678
0.148170
0.147734
0.147259
0.146759
0.146210
0.145625
0.145023
0.144399
0.143777
0.143056
0.142387
0.141817
0.141215
0.140660
0.140012
0.139408
0.138874
0.138302
0.137759
0.137163
0.136639
0.136111
0.135512
0.134913
0.134274
0.133605
0.132965
0.132330
0.131672
0.131025
0.130417
0.129768
0.129095
0.128384
0.127704
0.127021
0.126398
0.125708
0.125004
0.124390
0.123708
0.123047
0.122381
0.121728
0.121073
0.120420
0.119755
0.119120
0.118438
0.117768
0.117152
0.116461
0.115813
0.115176
0.114501
0.113835
0.113219
0.112551
0.111925
0.111237
0.110612
0.109949
0.109397
0.108803
0.108203
0.107536
0.106916
0.106273
0.105671
0.105055
0.104460
0.103780
0.103186
0.102541
0.101922
0.101262
0.100633
0.100016
0.099406
0.098780
0.098150
0.097560
0.096897
0.096244
0.095634
0.095025
0.094396
0.093769
0.093148
0.092490
0.091882
0.091225
0.090623
0.090035
0.089363
0.088773
0.088150
0.087530
0.086917
0.086287
0.085662
0.085063
0.084422
0.083713
0.083111
0.082412
0.081770
0.081178
0.080562
0.079962
0.079306
0.078708
0.078089
0.077469
0.076896
0.076279
0.075658
0.075088
0.074471
0.073861
0.073257
0.072695
0.072086
0.071484
0.070945
0.070345
0.069781
0.069140
0.068621
0.068086
0.067473
0.066931
0.066337
0.065759
0.065218
0.064659
0.064100
0.063587
0.062997
0.062472
0.061922
0.061395
0.060836
0.060307
0.059761
0.059227
0.058703
0.058150
0.057605
0.057113
0.056567
0.056044
0.055579
0.055044
0.054535
0.054125
0.053685
0.053166
0.052765
0.052292
0.051765
0.051321
0.050873
0.050475
0.049961
0.049539
0.049087
0.048649
0.048144
0.047729
0.047329
0.046863
0.046411
0.046035
0.045607
0.045170
0.044739
0.044340
0.043947
0.043510
0.043123
0.042664
0.042275
0.041883
0.041445
0.041076
0.040703
0.040275
0.039896
0.039517
0.039120
0.038794
0.038341
0.037959
0.037644
0.037237
0.036889
0.036400
0.035957
0.035622
0.035248
0.034875
0.034544
0.034151
0.033797
0.033483
0.033151
0.032790
0.032488
0.032137
0.031839
0.031503
0.031212
0.030912
0.030633
0.030342
0.029992
0.029755
0.029465
0.029171
0.028911
0.028666
0.028396
0.028110
0.027872
0.027603
0.027396
0.027136
0.026877
0.026673
0.026412
0.026219
0.026001
0.025793
0.025543
0.025318
0.025142
0.024913
0.024694
0.024518
0.024312
0.024079
0.023908
0.023702
0.023513
0.023329
0.023235
0.023064
0.022913
0.022796
0.022634
0.022446
0.022278
0.022165
0.022000
0.021824
0.021682
0.021537
0.021391
0.021265
0.021082
0.020959
0.020804
0.020657
0.020515
0.020386
0.020222
0.020095
0.019966
0.019865
0.019742
0.019600
0.019479
0.019316
0.019194
0.019068
0.018967
0.018823
0.018713
0.018615
0.018471
0.018392
0.018247
0.018156
0.018025
0.017941
0.017820
0.017677
0.017613
0.017375
0.017232
0.017108
0.017004
0.016818
0.016749
0.016653
0.016511
0.016436
0.016322
0.016218
0.016122
0.015997
0.015906
0.015838
0.015713
0.015656
0.015574
0.015486
0.015368
0.015298
0.015227
0.015162
0.015070
0.014984
0.014908
0.014827
0.014751
0.014709
0.014630
0.014580
0.014515
0.014420
0.014392
0.014342
0.014253
0.014188
0.014158
0.014069
0.014018
0.013969
0.013878
0.013828
0.013799
0.013710
0.013679
0.013610
0.013575
0.013594
0.013567
0.013564
0.013550
0.013507
0.013439
0.013461
0.013417
0.013388
0.013352
0.013332
0.013266
0.013267
0.013201
0.013172
0.013159
0.013147
0.013049
0.013050
0.013032
0.012974
0.012917
0.012901
0.012911
0.012847
0.012820
0.012780
0.012740
0.012723
0.012672
0.012672
0.012630
0.012599
0.012583
0.012565
0.012525
0.012509
0.012476
0.012439
0.012416
0.012381
0.012366
0.012351
0.012184
0.012117
0.012058
0.012018
0.011965
0.011953
0.011902
0.011864
0.011830
0.011791
0.011736
0.011713
0.011691
0.011659
0.011631
0.011608
0.011586
0.011568
0.011553
0.011518
0.011505
0.011487
0.011451
0.011451
0.011428
0.011410
0.011363
0.011352
0.011342
0.011330
0.011318
0.011318
0.011318
0.011329
0.011298
0.011257
0.011245
0.011245
0.011245
0.011245
0.011213
0.011213
0.011213
0.011205
0.011193
0.011174
0.011162
0.011162
0.011251
0.011273
0.011317
0.011313
0.011311
0.011311
0.011333
0.011356
0.011378
0.011359
0.011370
0.011370
0.011393
0.011385
0.011373
0.011395
0.011377
0.011366
0.011388
0.011388
0.011388
0.011388
0.011388
0.011410
0.011376
0.011376
0.011363
0.011363
0.011363
0.011363
0.011363
0.011363
0.011367
0.011358
0.011358
0.011358
0.011352
0.011352
0.011352
0.011352
0.011352
0.011352
0.011352
0.011352
0.011219
0.011196
0.011152
0.011130
0.011108
0.011108
0.011085
0.011063
0.011063
0.011041
0.011019
0.011019
0.010996
0.010996
0.010996
0.010974
0.010974
0.010974
0.010952
0.010952
0.010952
0.010952
0.010952
0.010930
0.010930
0.010930
0.010930
0.010930
0.010930
0.010930
0.010930
0.010930
0.010930
0.010952
0.010952
0.010952
0.010952
0.010952
0.010952
0.010952
0.010952
0.010952
0.010952
0.010952
0.010952
0.010952
0.011041
0.011063
0.011108
0.011130
0.011152
0.011152
0.011174
0.011196
0.011219
0.011219
0.011241
0.011241
0.011263
0.011263
0.011263
0.011285
0.011285
0.011285
0.011308
0.011308
0.011308
0.011308
0.011308
0.011330
0.011330
0.011330
0.011330
0.011330
0.011330
0.011330
0.011330
0.011330
0.011352
0.011352
0.011352
0.011352
0.011352
0.011352
0.011352
0.011352
0.011352
0.011352
0.011352
0.011352
0.011352
0.011219
0.011196
0.011152
0.011130
0.011108
0.011108
0.011085
0.011063
0.011063
0.011041
0.011019
0.011019
0.010996
0.010996
0.010996
0.010974
0.010974
0.010974
0.010952
0.010952
0.010952
0.010952
0.010952
0.010930
0.010930
