1.918879
1.918879
1.918879
1.918879
1.918879
1.918879
1.918879
1.918879
1.918879
1.918879
1.918879
1.918879
1.918879
1.918879
1.918879
1.918879
1.918879
1.918879
1.918879
1.918879
1.918879
1.918879
1.918879
1.919414
1.920097
1.921608
1.923410
1.925787
1.927953
1.930148
1.932182
1.934119
1.935769
1.937570
1.939304
1.941260
1.943301
1.945370
1.947442
1.949412
1.951486
1.953616
1.955531
1.957592
1.959484
1.961494
1.963383
1.965474
1.967434
1.969450
1.414214
1.414214
1.414214
1.414214
1.414214
1.414214
1.414214
1.414214
1.414214
1.414214
1.414214
1.414214
1.414214
1.414214
1.414214
1.414214
1.414214
1.414214
1.414214
1.414214
1.414214
1.414214
1.414214
1.414214
1.414214
1.414214
1.414214
1.414214
1.414214
1.414214
1.414214
1.414214
1.414214
1.414214
1.414214
1.414214
1.414214
1.414214
1.414214
1.414214
1.414214
1.414214
1.414214
1.414214
1.414214
1.414214
1.414214
1.414214
1.414214
1.414214
1.414214
1.414214
1.414214
1.414214
1.414214
1.414214
1.414214
1.414214
1.414214
1.414214
1.414214
1.414214
1.414214
1.414214
1.414214
1.414214
1.414214
1.414214
1.414214
1.414214
1.414214
1.414214
1.414214
1.414214
1.414214
1.414214
1.414214
1.414214
1.414214
1.414214
1.414214
1.414214
1.414214
1.414214
1.414214
1.414214
1.414214
1.414214
1.414214
1.414214
1.414214
1.414214
1.414214
1.414214
1.414214
1.414214
1.414214
1.414214
1.414214
1.414214
1.414214
1.414214
1.414214
1.414214
1.414214
1.414214
1.414214
1.414214
1.414214
1.414214
1.414214
1.414214
1.414214
1.414214
1.414214
1.414214
1.414214
1.414214
1.414214
1.414214
1.414214
1.414214
1.414214
1.414214
1.414214
1.414214
1.414214
1.414214
1.414214
1.414214
1.414214
1.414214
1.414214
1.414214
1.414214
1.414214
1.414214
1.414214
1.414214
1.414214
1.414214
1.414214
1.414214
1.414214
1.414214
1.414214
1.414214
1.414214
1.414214
1.414214
1.414214
1.414214
1.414214
1.414214
1.414214
1.414214
1.414214
1.414214
1.414214
1.414214
1.414214
1.414214
1.414214
1.414214
1.414214
1.414214
1.414214
1.414214
1.414214
1.414214
1.414214
1.414214
1.414214
1.414214
1.414214
1.414214
1.414214
1.414214
1.414214
1.414214
1.414214
1.414214
1.414214
1.414214
1.414214
1.414214
1.414214
1.414214
1.414214
1.414214
1.414214
1.414214
1.414214
1.414214
1.414214
1.414214
1.414214
1.414214
1.414214
1.414214
1.414214
1.414214
1.414214
1.414214
1.414214
1.414214
1.414214
1.414214
1.414214
1.414214
1.414214
1.414214
1.414214
1.414214
1.414214
1.414214
1.414214
1.414214
1.414214
1.414214
1.414214
1.414214
1.414214
1.414214
1.414214
1.414214
1.414214
1.414214
1.414214
1.414214
1.414214
1.414214
1.414214
1.414214
1.414214
1.414214
1.414214
1.414214
1.414214
1.414214
1.414214
1.414214
1.414214
1.414214
1.414214
1.414214
1.414214
1.414214
1.414214
1.414214
1.414214
1.414214
1.414214
1.414214
1.414214
1.414214
1.414214
1.414214
1.414214
1.414214
1.414214
1.414214
1.414214
1.414214
1.414214
1.414214
1.414214
1.414214
1.414214
1.414214
1.414214
1.414214
1.414214
1.414214
1.414214
1.414214
1.414214
1.414214
1.414214
1.414214
1.414214
1.414214
1.414214
1.414214
1.414214
1.414214
1.414214
1.414214
1.414214
1.414214
1.414214
1.414214
1.414214
1.414214
1.414214
1.414214
1.414214
1.414214
1.414214
1.414214
1.414214
1.414214
1.414214
1.414214
1.414214
1.414214
1.414214
1.414214
1.414214
1.414214
1.414214
1.414214
1.414214
1.414214
1.414214
1.414214
1.414214
1.414214
1.414214
1.414214
1.414214
1.414214
1.414214
1.414214
1.414214
1.414214
1.414214
1.414214
1.414214
1.414214
1.414214
1.414214
1.414214
1.414214
1.414214
1.414214
1.414214
1.414214
1.414214
1.414214
1.414214
1.414214
1.414214
1.414214
1.414214
1.414214
1.414214
1.414214
1.414214
1.414214
1.414214
1.414214
1.414214
1.414214
1.414214
1.414214
1.414214
1.414214
1.414214
1.414214
1.414214
1.414214
1.414214
1.414214
1.414214
1.414214
1.414214
1.414214
1.414214
1.414214
1.414214
1.414214
1.414214
1.414214
1.414214
1.414214
1.414214
1.414214
1.414214
1.414214
1.414214
1.414214
1.414214
1.414214
1.414214
1.414214
1.414214
1.414214
1.414214
1.414214
1.414214
1.414214
1.414214
1.414214
1.414214
1.414214
1.414214
1.414214
1.414214
1.414214
1.414214
1.414214
1.414214
1.414214
1.414214
1.414214
1.414214
1.414214
1.414214
1.414214
1.414214
1.414214
1.414214
1.414214
1.414214
1.414214
1.414214
1.414214
1.414214
1.414214
1.414214
1.414214
1.414214
1.414214
1.414214
1.414214
1.414214
1.414214
1.414214
1.414214
1.414214
1.414214
1.414214
1.414214
1.414214
1.414214
1.414214
1.414214
1.414214
1.414214
1.414214
1.414214
1.414214
1.414214
1.414214
1.414214
1.414214
1.414214
1.414214
1.414214
1.414214
1.414214
1.414214
1.414214
1.414214
1.414214
1.414214
1.414214
1.414214
1.414214
1.414214
1.414214
1.414214
1.414214
1.414214
1.414214
1.414214
1.414214
1.414214
1.414214
1.414214
1.414214
1.414214
1.414214
1.414214
1.414214
1.414214
1.414214
1.414214
1.414214
1.414214
1.414214
1.414214
1.414214
1.414214
1.414214
1.414214
1.414214
1.414214
1.414214
1.414214
1.414214
1.414214
1.414214
1.414214
1.414214
1.414214
1.414214
1.414214
1.414214
1.414214
1.414214
1.414214
1.414214
1.414214
1.414214
1.414214
1.414214
1.414214
1.414214
1.414214
1.414214
1.414214
1.414214
1.414214
1.414214
1.414214
1.414214
1.414214
1.414214
1.414214
1.414214
1.414214
1.414214
1.414214
1.414214
1.414214
1.414214
1.414214
1.414214
1.414214
1.414214
1.414214
1.414214
1.414214
1.414214
1.414214
1.414214
1.414214
1.414214
1.414214
1.414214
1.414214
1.414214
1.414214
1.414214
1.414214
1.414214
1.414214
1.414214
1.414214
1.414214
1.414214
1.414214
1.414214
1.414214
1.414214
1.414214
1.414214
1.414214
1.414214
1.414214
1.414214
1.414214
1.414214
1.414214
1.414214
1.414214
1.414214
1.414214
1.414214
1.414214
1.414214
1.414214
1.414214
1.414214
1.414214
1.414214
1.414214
1.414214
1.414214
1.414214
1.414214
1.414214
1.414214
1.414214
1.414214
1.414214
1.414214
1.414214
1.414214
1.414214
1.414214
1.414214
1.414214
1.414214
1.414214
1.414214
1.414214
1.414214
1.414214
1.414214
1.414214
1.414214
1.414214
1.414214
1.414214
1.414214
1.414214
1.414214
1.414214
1.414214
1.414214
1.414214
1.414214
1.414214
1.414214
1.414214
1.414214
1.414214
1.414214
1.414214
1.414214
1.414214
1.414214
1.414214
1.414214
1.414214
1.414214
1.414214
1.414214
1.414214
1.414214
1.414214
1.414214
1.414214
1.414214
1.414214
1.414214
1.414214
1.414214
1.414214
1.414214
1.414214
1.414214
1.414214
1.414214
1.414214
1.414214
1.414214
