0.399752
0.399752
0.399752
0.399752
0.399752
0.399752
0.399752
0.399752
0.399752
0.399752
0.399752
0.399752
0.399752
0.399752
0.399752
0.399752
0.399752
0.399752
0.399752
0.399752
0.399752
0.399752
0.399752
0.399070
0.397587
0.395085
0.391435
0.387660
0.383792
0.380014
0.376576
0.373115
0.370084
0.367014
0.363787
0.360588
0.357334
0.353631
0.350170
0.346585
0.343193
0.339903
0.336534
0.332976
0.329956
0.326475
0.323243
0.319862
0.316606
0.313110
0.310030
0.306644
0.303180
0.299890
0.296656
0.293338
0.290433
0.287126
0.284090
0.280869
0.277927
0.274789
0.271880
0.268671
0.265770
0.262823
0.260033
0.256946
0.254144
0.251256
0.248378
0.245557
0.242823
0.239972
0.237234
0.234720
0.231953
0.229246
0.226652
0.224030
0.221424
0.218757
0.216128
0.213569
0.211113
0.208545
0.206024
0.203656
0.201231
0.198734
0.196305
0.193866
0.191760
0.189275
0.186814
0.184681
0.182387
0.179931
0.177730
0.175491
0.173358
0.171107
0.168907
0.166862
0.164630
0.162603
0.160493
0.158513
0.156387
0.154422
0.152225
0.150385
0.148260
0.146374
0.144499
0.142683
0.141056
0.138950
0.137101
0.135291
0.133680
0.131824
0.129993
0.128404
0.126571
0.124938
0.123340
0.121633
0.120209
0.118650
0.117172
0.115527
0.113930
0.112576
0.110987
0.109674
0.108111
0.106666
0.105202
0.103977
0.102794
0.101218
0.100028
0.098567
0.097405
0.095921
0.094875
0.093723
0.092358
0.091303
0.089988
0.088657
0.087668
0.086583
0.085468
0.084104
0.083119
0.082068
0.080936
0.079996
0.078927
0.077763
0.076798
0.075838
0.074835
0.073736
0.072996
0.071741
0.070871
0.069994
0.069246
0.068041
0.067321
0.066484
0.065512
0.064692
0.063802
0.063083
0.062146
0.061304
0.060527
0.059928
0.059083
0.058108
0.057419
0.056883
0.055792
0.055400
0.054435
0.053703
0.053012
0.052270
0.051737
0.051059
0.050312
0.049675
0.049040
0.048578
0.047895
0.047096
0.046630
0.045952
0.045485
0.044709
0.044192
0.043635
0.042999
0.042470
0.041838
0.041307
0.040631
0.040453
0.039562
0.039247
0.038637
0.038153
0.037545
0.037252
0.036781
0.036216
0.035804
0.035532
0.034854
0.034471
0.033959
0.033480
0.033276
0.032587
0.032238
0.031773
0.031334
0.030983
0.030418
0.030128
0.029850
0.029363
0.028963
0.028686
0.028179
0.028051
0.027441
0.027347
0.026955
0.026495
0.026168
0.025861
0.025492
0.025132
0.024762
0.024549
0.024243
0.023921
0.023690
0.023276
0.023080
0.022724
0.022455
0.022182
0.021984
0.021439
0.021229
0.021135
0.020967
0.020751
0.020133
0.020024
0.019871
0.019693
0.019321
0.019031
0.018800
0.018596
0.018497
0.018209
0.018056
0.017827
0.017412
0.017243
0.016986
0.016781
0.016781
0.016573
0.016298
0.015928
0.015842
0.015588
0.015427
0.015427
0.015165
0.014892
0.014695
0.014676
0.014373
0.014315
0.014315
0.013907
0.013907
0.013722
0.013541
0.013280
0.013170
0.013170
0.012983
0.012874
0.012776
0.012691
0.012348
0.012167
0.012117
0.012007
0.012024
0.011830
0.011720
0.011576
0.011576
0.011481
0.011372
0.011261
0.011002
0.010830
0.010677
0.010788
0.010788
0.010629
0.010542
0.010429
0.010319
0.010208
0.010208
0.010151
0.009945
0.009945
0.009945
0.009945
0.009945
0.009836
0.009742
0.009742
0.009684
0.009574
0.009574
0.009574
0.009574
0.009479
0.009370
0.009370
0.009370
0.009370
0.009370
0.009109
0.009109
0.009089
0.009089
0.009089
0.008979
0.008979
0.008979
0.008885
0.008885
0.008885
0.008775
0.008775
0.008718
0.008718
0.008718
0.008622
0.008512
0.008512
0.008512
0.008512
0.008512
0.008512
0.008512
0.008403
0.008403
0.008403
0.008403
0.008403
0.008403
0.008403
0.008403
0.008403
0.008294
0.008294
0.008294
0.008294
0.008403
0.008294
0.008294
0.008294
0.008294
0.008294
0.008294
0.008294
0.008294
0.008294
0.008294
0.008294
0.008294
0.008294
0.008294
0.008294
0.008294
0.008294
0.008294
0.008294
0.008294
0.008294
0.008294
0.008294
0.008294
0.008294
0.008294
0.008294
0.008294
0.008294
0.008294
0.008294
0.008294
0.008294
0.008294
0.008294
0.008294
0.008294
0.008294
0.008294
0.008294
0.008294
0.008294
0.008294
0.008294
0.008294
0.008294
0.008294
0.008294
0.008294
0.008294
0.008294
0.008294
0.008294
0.008294
0.008294
0.008294
0.008294
0.008294
0.008294
0.008294
0.008294
0.008294
0.008294
0.008294
0.008294
0.008294
0.008294
0.008294
0.008294
0.008294
0.008294
0.008294
0.008294
0.008294
0.008294
0.008294
0.008294
0.008294
0.008294
0.008294
0.008294
0.008294
0.008294
0.008294
0.008294
0.008294
0.008294
0.008294
0.008294
0.008294
0.008294
0.008294
0.008294
0.008294
0.008294
0.008294
0.008294
0.008294
0.008294
0.008294
0.008294
0.008294
0.008294
0.008294
0.008294
0.008294
0.008294
0.008294
0.008294
0.008294
0.008294
0.008294
0.008294
0.008294
0.008294
0.008294
0.008294
0.008294
0.008294
0.008294
0.008294
0.008294
0.008294
0.008294
0.008294
0.008294
0.008294
0.008294
0.008294
0.008294
0.008294
0.008294
0.008294
0.008294
0.008294
0.008294
0.008294
0.008294
0.008294
0.008294
0.008294
0.008294
0.008294
0.008294
0.008294
0.008294
0.008294
0.008294
0.008294
0.008294
0.008294
0.008294
0.008294
0.008294
0.008294
0.008294
0.008294
0.008294
0.008294
0.008294
0.008294
0.008294
0.008294
0.008294
0.008294
0.008294
0.008294
0.008294
0.008294
0.008294
0.008294
0.008294
0.008294
0.008294
0.008294
0.008294
0.008294
0.008294
0.008294
0.008294
0.008294
0.008294
0.008294
0.008294
0.008294
0.008294
0.008294
0.008294
0.008294
0.008294
0.008294
0.008294
0.008294
0.008294
0.008294
0.008294
0.008294
0.008294
0.008294
0.008294
0.008294
0.008294
0.008294
0.008294
0.008294
0.008294
0.008294
0.008294
0.008294
0.008294
0.008294
0.008294
0.008294
0.008294
0.008294
0.008294
0.008294
0.008294
0.008294
0.008294
0.008294
0.008294
0.008294
0.008294
0.008294
0.008294
0.008294
0.008294
0.008294
0.008294
0.008294
0.008294
0.008294
0.008294
0.008294
0.008294
0.008294
0.008294
0.008294
0.008294
0.008294
0.008294
0.008294
0.008294
0.008294
0.008294
0.008294
0.008294
0.008294
0.008294
0.008294
0.008294
0.008294
0.008294
0.008294
0.008294
0.008294
0.008294
0.008294
0.008294
0.008294
0.008294
0.008294
0.008294
0.008294
0.008294
0.008294
0.008294
0.008294
0.008294
0.008294
0.008294
0.008294
0.008294
0.008294
0.008294
0.008294
0.008294
0.008294
0.008294
0.008294
0.008294
0.008294
0.008294
0.008294
0.008294
0.008294
0.008294
0.008294
0.008294
0.008294
0.008294
0.008294
0.008294
0.008294
0.008294
0.008294
0.008294
0.008294
0.008294
0.008294
0.008294
0.008294
0.008294
0.008294
0.008294
0.008294
0.008294
0.008294
0.008294
0.008294
0.008294
0.008294
