1.306556
1.200373
0.982335
0.764711
0.601470
0.508508
0.471795
0.494306
0.493426
0.463057
0.463491
0.656499
0.657924
0.660056
0.659769
0.600344
0.505860
0.504065
0.502328
0.500734
0.498476
0.496467
0.660283
0.657596
0.655333
0.653142
0.651026
0.648740
0.646385
0.643918
0.641156
0.637982
0.634809
0.631243
0.627827
0.624209
0.621091
0.618283
0.615484
0.613132
0.610896
0.608385
0.605790
0.602790
0.599696
0.596115
0.592992
0.589782
0.586510
0.583811
0.581779
0.579986
0.578398
0.577482
0.575085
0.572815
0.570202
0.567764
0.564509
0.561643
0.620815
0.617478
0.614436
0.611435
0.608631
0.606232
0.603495
0.554156
0.551893
0.549606
0.547539
0.544950
0.542218
0.539971
0.538380
0.536997
0.535587
0.533871
0.532720
0.530856
0.529038
0.527687
0.526065
0.524680
0.523507
0.521534
0.519863
0.517980
0.516267
0.514548
0.513042
0.510945
0.509692
0.507819
0.506095
0.504623
0.503037
0.501497
0.500094
0.498614
0.497310
0.495596
0.494301
0.493257
0.491900
0.491212
0.490375
0.489132
0.487822
0.486881
0.485701
0.484281
0.483008
0.481880
0.480907
0.479563
0.478783
0.477751
0.476770
0.475753
0.474567
0.473481
0.471860
0.470983
0.469454
0.467991
0.466864
0.465684
0.464732
0.464007
0.463379
0.462601
0.461343
0.460553
0.459349
0.458669
0.457865
0.456616
0.455554
0.454565
0.453715
0.453154
0.452560
0.451980
0.451139
0.449966
0.449073
0.448074
0.447059
0.445619
0.444123
0.443048
0.441660
0.440645
0.440128
0.439182
0.438202
0.437360
0.436275
0.435699
0.434831
0.433499
0.432155
0.430818
0.429633
0.428657
0.427541
0.426855
0.426066
0.425279
0.424503
0.424170
0.423531
0.422437
0.421241
0.419975
0.419085
0.418046
0.417250
0.416210
0.415370
0.414824
0.414458
0.414665
0.414597
0.414009
0.413319
0.411963
0.411006
0.410184
0.409225
0.408202
0.407766
0.407182
0.406865
0.407208
0.407795
0.407843
0.407237
0.406402
0.405030
0.404207
0.403638
0.402664
0.401856
0.401347
0.401258
0.401848
0.402673
0.403336
0.403168
0.402422
0.401244
0.400434
0.399865
0.399423
0.398716
0.398003
0.397528
0.397583
0.398246
0.399652
0.400444
0.400463
0.399589
0.398705
0.397964
0.397458
0.397117
0.396892
0.396115
0.395629
0.395806
0.396690
0.397665
0.398389
0.398417
0.397481
0.396612
0.395987
0.395423
0.395696
0.395148
0.394553
0.393999
0.394313
0.394994
0.396531
0.397021
0.396918
0.396352
0.395410
0.394630
0.394168
0.393894
0.393886
0.394283
0.394626
0.394325
0.394383
0.394083
0.393646
0.393734
0.392870
0.391992
0.391715
0.391403
0.391933
0.392316
0.393175
0.394642
0.395413
0.394797
0.394407
0.393843
0.393252
0.393038
0.392444
0.391823
0.391679
0.392136
0.393034
0.394660
0.395013
0.394919
0.394838
0.394242
0.394015
0.393924
0.393890
0.393893
0.392908
0.393174
0.393163
0.393919
0.395620
0.396299
0.396253
0.395706
0.394998
0.394579
0.394347
0.394465
0.394768
0.395070
0.395468
0.395746
0.395627
0.395790
0.395522
0.395454
0.395609
0.394746
0.393886
0.393739
0.393723
0.393948
0.394802
0.396293
0.397350
0.397091
0.396832
0.396178
0.395930
0.395848
0.396006
0.395858
0.395304
0.395380
0.395271
0.396159
0.397713
0.399052
0.399343
0.398884
0.398299
0.397943
0.397885
0.397838
0.398628
0.399011
0.399693
0.400358
0.400438
0.400890
0.400825
0.400726
0.400702
0.400499
0.399599
0.398928
0.399082
0.399418
0.400643
0.402205
0.402907
0.402877
0.402579
0.401947
0.401462
0.401295
0.400639
0.400306
0.400160
0.400629
0.401969
0.403618
0.404401
0.404692
0.404397
0.403744
0.403181
0.403104
0.403172
0.403394
0.404080
0.405074
0.405150
0.405604
0.405772
0.406065
0.405829
0.405746
0.405153
0.404399
0.403856
0.404185
0.404396
0.405676
0.407179
0.407804
0.407786
0.407121
0.406468
0.406175
0.406041
0.406405
0.405987
0.405906
0.405577
0.406248
0.407652
0.409088
0.409859
0.410128
0.410005
0.409362
0.408777
0.408825
0.408803
0.409207
0.409914
0.410635
0.410898
0.411502
0.411569
0.411264
0.411774
0.411616
0.411726
0.411432
0.410513
0.409985
0.410156
0.410503
0.411532
0.412908
0.413572
0.413764
0.413611
0.412898
0.412414
0.412337
0.412692
0.412804
0.413366
0.414257
0.414654
0.415118
0.414913
0.414881
0.415198
0.415276
0.413939
0.413070
0.412379
0.412043
0.412318
0.413245
0.414234
0.414440
0.414665
0.414017
0.413216
0.412640
0.412647
0.413479
0.413748
0.414470
0.414662
0.415294
0.415363
0.415662
0.415732
0.415222
0.415393
0.414231
0.413510
0.413061
0.413041
0.413980
0.414722
0.416320
0.417463
0.417532
0.416971
0.416361
0.415916
0.415658
0.415906
0.416572
0.416757
0.417530
0.418132
0.418173
0.417850
0.418271
0.418280
0.418210
0.417685
0.416828
0.416310
0.416144
0.416126
0.416754
0.417684
0.417820
0.417615
0.416742
0.415579
0.414776
0.414180
0.413837
0.413671
0.414113
0.414428
0.414150
0.414171
0.413682
0.413205
0.413252
0.412624
0.412325
0.411867
0.410475
0.409675
0.409790
0.409923
0.411010
0.412313
0.412849
0.412806
0.412577
0.411855
0.411351
0.410989
0.411195
0.411565
0.412301
0.412653
0.412956
0.413274
0.413308
0.412959
0.413300
0.413253
0.413086
0.413366
0.412862
0.412343
0.411569
0.411517
0.411730
0.412954
0.414458
0.415874
0.416370
0.415706
0.415064
0.414473
0.414398
0.414754
0.415472
0.415680
0.416548
0.416965
0.417061
0.416823
0.417065
0.416537
0.415504
0.414431
0.413910
0.414250
0.414194
0.415663
0.417125
0.417814
0.417871
0.417041
0.416301
0.415906
0.415679
0.415778
0.415609
0.416153
0.415694
0.415815
0.415433
0.415340
0.414640
0.414089
0.414175
0.413773
0.413498
0.413489
0.413426
0.413607
0.413308
0.413292
0.412763
0.411348
0.410383
0.410267
0.410282
0.411506
0.412883
0.413546
0.413696
0.413244
0.413078
0.412184
0.412440
0.412265
0.412298
0.412709
0.413103
0.413047
0.413388
0.412845
0.412534
0.412838
0.412731
0.411951
0.411249
0.410576
0.410260
0.410580
0.412099
0.413321
0.414343
0.414413
0.413740
0.413136
0.412867
0.412468
0.412586
0.413340
0.413859
0.414197
0.414662
0.414664
0.414488
0.413985
0.413656
0.413606
0.413443
0.413227
0.413832
0.412933
0.411926
0.411605
0.411113
0.411524
0.412566
0.413767
0.415099
0.414608
0.414416
0.413779
0.413440
0.413182
0.413289
0.414013
0.414330
0.415149
0.415725
0.415665
0.415631
0.416059
0.415934
0.415864
0.416334
0.416452
0.415808
0.415233
0.414911
0.415144
0.415543
0.416722
0.418458
0.418863
0.418786
0.417783
0.416800
0.416040
0.415650
0.415596
0.415651
0.416381
0.416645
0.417009
0.417105
0.417374
0.417341
0.417131
0.417464
0.417096
0.416606
0.416755
0.416487
0.416976
0.416680
0.416738
0.416131
0.415171
0.414525
0.414643
0.414968
0.415834
0.417384
0.418008
0.417960
0.417350
0.417075
0.416659
0.416324
0.416591
0.416833
0.417497
0.418329
0.418447
0.418977
0.418788
0.418744
0.419196
0.418948
0.417647
0.416951
0.415940
0.415701
0.415990
0.417426
0.418470
0.419440
0.419519
0.418802
0.418303
0.417569
0.416811
0.416264
0.416748
0.417186
0.416718
0.416799
0.416725
0.416395
0.415740
0.415684
0.415321
0.415003
0.415251
0.415087
0.415283
0.415337
0.415504
0.414887
0.414355
0.413819
0.414126
0.414624
0.415921
0.417934
0.419491
0.420322
0.420213
0.419460
0.418860
0.418452
0.418252
0.418464
0.418587
0.418960
0.419182
0.418694
0.418679
0.418496
0.418313
0.418205
0.417847
0.416536
0.415667
0.415662
0.415573
0.416568
0.417521
0.417889
0.417768
0.417116
0.416118
0.415369
0.414850
0.414771
0.414778
0.415318
0.415624
0.415585
0.416233
0.416086
0.416693
0.416618
0.416879
0.416889
0.417292
0.417240
0.417850
0.417877
0.418081
0.418342
0.418276
0.418124
0.416995
0.416604
0.416959
0.417269
0.418424
0.419716
0.420126
0.420362
0.419752
0.419008
0.418724
0.418376
0.418965
0.419120
0.419956
0.420208
0.420424
0.420472
0.420859
0.420639
0.420470
0.420985
0.420431
0.419713
0.418988
0.418564
0.418818
0.419856
0.421235
0.422306
0.422050
0.421271
0.420393
0.420007
0.420040
0.420327
0.421160
0.421714
0.422562
0.422985
0.422901
0.422736
0.423097
0.422809
0.422630
0.422977
0.422856
0.422789
0.423302
0.423371
0.423453
0.423648
0.423714
0.423890
0.423613
0.423047
0.422257
0.421882
0.422193
0.422534
0.423635
0.425206
0.425862
0.425904
0.425194
0.424807
0.424286
0.424301
0.424770
0.424876
0.425813
0.425980
0.426659
0.426888
0.427267
0.427248
0.427049
0.427416
0.426614
0.426102
0.425467
0.425418
0.425623
0.426586
0.428272
0.429421
0.429416
0.428794
0.428361
0.428020
0.427628
0.427813
0.428638
0.428919
0.429491
0.430010
0.430186
0.429855
0.430155
0.429973
0.430086
0.430163
0.430201
0.430247
0.430429
0.430342
0.430758
0.430520
0.430336
0.430638
0.430740
0.430575
0.430141
0.428997
0.428518
0.428685
0.429234
0.430261
0.431609
0.432280
0.432358
0.432195
0.431301
0.431049
0.430458
0.430566
0.430825
0.431659
0.432227
0.432477
0.432894
0.432902
0.432868
0.433154
0.432969
0.432226
0.431485
0.430792
0.431071
0.431456
0.432392
0.433595
0.434301
0.434506
0.433944
0.433385
0.432829
0.432855
0.433448
0.433543
0.434262
0.434698
0.435284
0.434996
0.435649
0.435440
0.435314
0.435554
0.435659
0.435620
0.436055
0.436144
0.436583
0.436504
0.436488
0.436872
0.436660
0.435891
0.435344
0.434818
0.435220
0.435137
0.436783
0.438189
0.438802
0.439100
0.438493
0.438000
0.437659
0.437506
0.438122
0.438515
0.439130
0.439506
0.440379
0.440297
0.440675
0.440520
0.440427
0.440975
0.440161
0.439368
0.438926
0.438660
0.438735
0.439732
0.441133
0.442137
0.442200
0.441565
0.440885
0.440384
0.440321
0.440292
0.440859
0.441319
0.441955
0.442387
0.442343
0.442260
0.442662
0.442285
0.442078
0.442594
0.442425
0.442372
0.442814
0.442754
0.443026
0.442900
0.442860
0.443049
0.442901
0.442281
0.441460
0.441152
0.441287
0.441422
0.442889
0.444305
0.445140
0.445760
0.445011
0.444111
0.443231
0.442904
0.443092
0.442981
0.443368
0.443547
0.444283
0.444518
0.444988
0.445050
0.444970
0.445225
0.444585
0.443922
0.443293
0.443133
0.443542
0.444557
0.445809
0.447015
0.447271
0.446814
0.446231
0.445468
0.445347
0.445433
0.446115
0.446373
0.447247
0.447591
0.447663
0.447515
0.448074
0.447883
0.447828
0.448261
0.448250
0.448322
0.448769
0.448350
0.448965
0.448747
0.448543
0.449046
0.448817
0.448576
0.448445
0.447331
0.446775
0.447208
0.447566
0.448851
0.450067
0.450657
0.450781
0.450746
0.450302
0.449717
0.449903
0.450301
0.450596
0.451347
0.452115
0.452396
0.452874
0.453025
0.453100
0.453287
0.453331
0.453479
0.453239
0.452021
0.451353
0.451399
0.451864
0.452875
0.454213
0.454860
0.454910
0.454767
0.454093
0.453749
0.453892
0.453952
0.454256
0.454882
0.455638
0.455819
0.456266
0.456276
0.456214
0.456304
0.456263
0.456312
0.456837
0.456759
0.457248
0.457205
0.457141
0.457400
0.457486
0.457414
0.457688
0.457614
0.457779
0.457070
0.456468
0.456063
0.455913
0.456220
0.457409
0.458611
0.459315
0.459336
0.459544
0.458813
0.458613
0.458651
0.458750
0.459533
0.460043
0.460886
0.460957
0.461516
0.461562
0.461907
0.461990
0.461885
0.461743
0.460780
0.460072
0.460134
0.460255
0.461121
0.462540
0.463347
0.463392
0.462810
0.462480
0.462052
0.461824
0.462336
0.462644
0.463170
0.463607
0.464042
0.464167
0.464259
0.464168
0.464688
0.464385
0.464389
0.464429
0.464835
0.464621
0.465199
0.465401
0.465077
0.465606
0.465532
0.465624
0.465784
0.465541
0.465362
0.464406
0.463725
0.464157
0.464398
0.465665
0.467046
0.467814
0.468024
0.467595
0.467433
0.466852
0.467293
0.467547
0.467863
0.468747
0.469387
0.469976
0.470602
0.470705
0.470753
0.471248
0.471437
0.470928
0.470176
0.469605
0.469347
0.469528
0.470533
0.471838
0.472910
0.473126
0.472765
0.472166
0.471970
0.471840
0.472155
0.472809
0.473468
0.473691
0.474234
0.474270
0.474616
0.474505
0.474362
0.474786
0.474665
0.474659
0.475201
0.475185
0.475243
0.475265
0.475475
0.475909
0.475756
0.475917
0.476187
0.475737
0.476010
0.475730
0.474657
0.474386
0.474499
0.474940
0.475708
0.477126
0.478114
0.478312
0.478222
0.477830
0.477542
0.477594
0.477966
0.478186
0.479102
0.479900
0.480205
0.480944
0.480961
0.480954
0.481411
0.481606
0.480949
0.480405
0.479526
0.479629
0.479753
0.480690
0.481941
0.482727
0.482891
0.482291
0.481862
0.481326
0.481377
0.481151
0.480439
0.480267
0.480076
0.480228
0.481235
0.482544
0.483091
0.483116
0.482780
0.482390
0.481922
0.482047
0.482013
0.481052
0.480970
0.480862
0.481791
0.482917
0.484231
0.484548
0.484074
0.483584
0.483219
0.483314
0.483650
0.484158
0.484810
0.485123
0.485731
0.485715
0.486226
0.486210
0.486110
0.486429
0.486452
0.486569
0.486936
0.487030
0.486994
0.487622
0.487343
0.487664
0.487883
0.487541
0.487959
0.488071
0.488326
0.488637
0.488010
0.487474
0.487297
0.487221
0.487637
0.488767
0.490154
0.491339
0.491763
0.491505
0.491029
0.490736
0.491020
0.491070
0.492162
0.492630
0.493625
0.494368
0.494694
0.495308
0.495418
0.495560
0.495514
0.495634
0.494409
0.493941
0.493796
0.494006
0.494753
0.495928
0.496839
0.496933
0.497026
0.496394
0.496281
0.496093
0.496420
0.496631
0.497346
0.497953
0.498313
0.498712
0.498543
0.498867
0.498878
0.498844
0.498678
0.499064
0.499086
0.499461
0.499432
0.499421
0.499908
0.499662
0.499548
0.499945
0.499842
0.499528
0.499050
0.498649
0.499000
0.499462
0.500433
0.501712
0.502446
0.502631
0.502184
0.501999
0.501611
0.501766
0.502489
0.502939
0.503891
0.504260
0.505039
0.505751
0.505795
0.506005
0.506522
0.506526
0.506201
0.505709
0.504904
0.504570
0.504491
0.505467
0.506507
0.507751
0.507995
0.507647
0.507184
0.507083
0.506928
0.507172
0.507858
0.507984
0.508761
0.509282
0.509409
0.509757
0.509575
0.509648
0.509733
0.509847
0.509909
0.510335
0.510406
0.510447
0.510627
0.510716
0.510979
0.510876
0.510771
0.511208
0.511002
0.511097
0.511328
0.510768
0.510588
0.510184
0.510226
0.510639
0.511780
0.512904
0.514103
0.513948
0.513944
0.513559
0.513607
0.513831
0.514055
0.514898
0.515729
0.516648
0.517393
0.517648
0.517976
0.518406
0.518213
0.518399
0.518389
0.517281
0.516634
0.516510
0.516700
0.517525
0.518527
0.519247
0.519587
0.519635
0.519215
0.518910
0.519006
0.519162
0.519413
0.520110
0.520712
0.520849
0.521247
0.521348
0.521054
0.521378
0.521270
0.521573
0.521936
0.521871
0.522025
0.522261
0.522203
0.522578
0.522425
0.522453
0.522718
0.522637
0.522666
0.523084
0.522829
0.523296
0.523309
0.522744
0.522358
0.522168
0.522417
0.522439
0.523578
0.524949
0.526258
0.526333
0.525957
0.525734
0.525828
0.525753
0.526212
0.526580
0.526451
0.526120
0.527050
0.528670
0.529739
0.530452
0.530656
0.530206
0.529900
0.529916
0.529796
0.529910
0.530588
0.530605
0.531089
0.531453
0.531399
0.531261
0.531665
0.531544
0.531348
0.531795
0.531737
0.531677
0.531880
0.532027
0.532255
0.532160
0.532188
0.532440
0.532482
0.532424
0.532190
0.531477
0.531076
0.531308
0.531758
0.532915
0.534211
0.534963
0.535142
0.535176
0.534907
0.534621
0.534705
0.535115
0.535629
0.536621
0.537355
0.538026
0.538656
0.538744
0.538926
0.539471
0.539597
0.538794
0.538474
0.537597
0.537583
0.537623
0.538449
0.539757
0.540395
0.540730
0.540330
0.539972
0.539756
0.539649
0.540234
0.540502
0.541151
0.541408
0.542035
0.542054
0.542322
0.542310
0.542299
0.542585
0.542690
0.542586
0.543079
0.543126
0.543462
0.543471
0.543390
0.543764
0.543671
0.543606
0.543988
0.543839
0.544307
0.544110
0.544456
0.544099
0.543375
0.543221
0.543480
0.543871
0.544874
0.546217
0.547107
0.547509
0.547170
0.547181
0.547144
0.547230
0.547664
0.548387
0.549102
0.550164
0.550556
0.551375
0.551277
0.551494
0.552054
0.552040
0.551619
0.550932
0.550242
0.549964
0.549861
0.550991
0.551865
0.552891
0.553178
0.552794
0.552393
0.552052
0.552161
0.552359
0.552970
0.553597
0.553908
0.554580
0.554675
0.554796
0.554755
0.554578
0.555186
0.555230
0.555236
0.555642
0.555636
0.555662
0.556139
0.555910
0.556335
0.556469
0.556202
0.556622
0.556644
0.556487
0.556882
0.556967
0.557081
0.556745
0.556514
0.556312
0.556230
0.556673
0.557779
0.559002
0.559900
0.560258
0.560191
0.559923
0.559919
0.560193
0.560409
0.560780
0.560277
0.560343
0.561011
0.562480
0.563920
0.564716
0.564650
0.564209
0.563847
0.563835
0.564103
0.564262
0.564512
0.565291
0.565512
0.565610
0.566032
0.565950
0.565792
0.566024
0.565952
0.565838
0.566193
0.566149
0.566198
0.566489
0.566486
0.566813
0.566537
0.566691
0.567114
0.566995
0.566401
0.566076
0.565871
0.566127
0.566258
0.567612
0.568593
0.569690
0.570030
0.569810
0.569481
0.569305
0.569358
0.570360
0.570837
0.571831
0.572361
0.573198
0.573477
0.574066
0.574185
0.574279
0.574568
0.574157
0.573573
0.572940
0.572393
0.572570
0.573326
0.574330
0.575490
0.575916
0.575242
0.575091
0.574829
0.574789
0.575132
0.575601
0.576038
0.576601
0.576885
0.577104
0.577115
0.577624
0.577464
0.577569
0.577754
0.577823
0.577930
0.578352
0.578436
0.578705
0.578587
0.578676
0.578835
0.578832
0.578852
0.579069
0.579225
0.579455
0.579576
0.579619
0.580036
0.579962
0.579338
0.579151
0.578745
0.579147
0.579068
0.580656
0.581530
0.582756
0.583194
0.583040
0.582653
0.582560
0.582955
0.583620
0.583577
0.583550
0.583263
0.583644
0.584407
0.585923
0.586979
0.587641
0.587692
0.587288
0.586976
0.586834
0.586914
0.587021
0.587553
0.588100
0.588283
0.588557
0.588407
0.588226
0.588495
0.588230
0.588272
0.588539
0.588680
0.588487
0.588760
0.588857
0.589180
0.589179
0.589219
0.589284
0.589117
0.589075
0.589573
0.589444
0.589808
0.590013
0.589947
0.590190
0.590296
0.590269
0.590163
0.589487
0.589572
0.589352
0.589940
0.591067
0.592442
0.593322
0.593834
0.594027
0.593800
0.593842
0.594171
0.594013
0.593565
0.593534
0.593893
0.594990
0.596698
0.597703
0.598233
0.598307
0.598009
0.597619
0.597423
0.597622
0.597749
0.598371
0.598617
0.598623
0.599004
0.598812
0.598665
0.598922
0.598877
0.598918
0.599159
0.599153
0.599561
0.599473
0.599427
0.599832
0.599566
0.599650
0.599976
0.599955
0.600408
0.600447
0.600476
0.600807
0.600867
0.600894
0.601417
0.601480
0.601854
0.601217
0.601103
0.600601
0.600757
0.601123
0.602394
0.603843
0.604568
0.605078
0.605258
0.605235
0.605191
0.605573
0.605977
0.606355
0.605941
0.605872
0.605839
0.606766
0.608249
0.609692
0.610382
0.610014
0.609667
0.609202
0.609118
0.609118
0.609631
0.609658
0.610271
0.610661
0.610630
0.610751
0.610636
0.610434
0.610784
0.610639
0.610654
0.610915
0.610886
0.610884
0.611418
0.611398
0.611634
0.611626
0.611556
0.611867
0.611767
0.611924
0.612089
0.612355
0.612695
0.612780
0.612804
0.613218
0.612726
0.612506
0.612148
0.612303
0.612701
0.614026
0.615278
0.616574
0.616656
0.616894
0.616754
0.616890
0.617234
0.617665
0.618146
0.617480
0.617579
0.617355
0.618349
0.619863
0.621305
0.621846
0.621632
0.621203
0.620910
0.620860
0.621047
0.621318
0.621697
0.622026
0.622348
0.622262
0.622508
0.622195
0.622051
0.622330
0.622389
0.622350
0.622693
0.622672
0.622549
0.623018
0.622938
0.623188
0.623180
0.623269
0.623566
0.623720
0.623713
0.624051
0.624205
0.624462
0.624645
0.624758
0.625180
0.624593
0.624409
0.624011
0.624156
0.624626
0.625799
0.627145
0.628494
0.628660
0.628904
0.628768
0.628738
0.629148
0.629194
0.628733
0.628777
0.629138
0.630197
0.632013
0.633248
0.633891
0.633677
0.633145
0.632699
0.632581
0.632592
0.633016
0.633190
0.633906
0.633906
0.634159
0.634030
0.634195
0.633967
0.633825
0.634094
0.633942
0.633992
0.634250
0.634352
0.634800
0.634651
0.634721
0.634905
0.634911
0.635006
0.635334
0.635241
0.635841
0.635686
0.635939
0.636271
0.636497
0.635930
0.635702
0.635432
0.635830
0.635718
0.637549
0.638357
0.639637
0.640226
0.639961
0.639896
0.639933
0.640431
0.641151
0.641525
0.641133
0.640812
0.641029
0.642001
0.643475
0.644517
0.644896
0.644969
0.644550
0.644087
0.643790
0.643806
0.643927
0.644385
0.644932
0.645138
0.645506
0.645512
0.645276
0.645535
0.645594
0.645644
0.646044
0.646226
0.646213
0.646613
0.646627
0.646979
0.647135
0.647070
0.647644
0.647559
0.648037
0.648096
0.648171
0.648590
0.648634
0.648839
0.649136
0.649382
0.649429
0.649738
0.649179
0.648805
0.648195
0.647803
0.648153
0.649176
0.650533
0.651744
0.652363
0.652003
0.651399
0.651219
0.651170
0.651419
0.651500
0.651287
0.651085
0.651254
0.651936
0.653089
0.653810
0.654230
0.653876
0.653932
0.653721
0.654070
0.654572
0.654935
0.655278
0.655664
0.656168
0.656404
0.656852
0.657156
0.657468
0.657756
0.657924
0.658386
0.658618
0.658914
0.659347
0.659701
0.660276
0.660313
0.660681
0.661111
0.661364
0.661699
0.662118
0.662594
0.662638
0.663214
0.663608
0.663968
0.664363
0.664385
0.663922
0.664002
0.664028
0.664265
0.664870
0.665622
0.666517
0.666840
0.666902
0.667243
0.667376
0.668063
0.668459
0.668945
0.668849
0.668746
0.669033
0.669632
0.670557
0.671085
0.671243
0.671338
0.671607
0.671867
0.672321
0.672631
0.673068
0.673473
0.674023
0.674606
0.675033
0.675338
0.675670
0.676085
0.676240
0.676271
0.676842
0.677047
0.677260
0.677937
0.678031
0.678681
0.678830
0.678979
0.679591
0.679761
0.680134
0.680619
0.680948
0.681248
0.681783
0.682118
0.682447
0.682475
0.682455
0.682225
0.682257
0.682619
0.683159
0.683962
0.684861
0.684930
0.685194
0.685476
0.685815
0.686402
0.686548
0.686312
0.686426
0.686754
0.687319
0.688284
0.689207
0.689279
0.689378
0.689721
0.689722
0.690011
0.690426
0.691094
0.691551
0.692230
0.692508
0.693004
0.693245
0.693739
0.693866
0.694015
0.694450
0.694687
0.694839
0.813238
1.107083
1.105421
1.103055
1.101347
1.099747
1.098860
1.098013
1.097503
1.096202
1.094492
1.092807
1.091184
1.089475
1.087927
1.086322
1.084994
1.083667
1.082687
1.080955
1.079804
1.078098
1.076337
1.075092
1.073375
1.071654
1.070199
1.068450
1.066887
1.065185
1.063268
1.061621
1.059950
1.057932
1.056306
1.054389
1.052809
1.050984
1.048996
1.047434
1.045443
1.043224
1.041818
1.039919
1.038261
1.036313
1.034379
1.032745
1.030726
1.028927
1.027175
1.025372
1.023643
1.021717
1.019966
1.018280
1.016259
1.014573
1.013037
1.010872
1.009129
1.007591
1.005612
1.004116
1.002233
1.000172
0.998751
0.996818
0.994985
0.993344
0.991572
0.989967
0.988205
0.986185
0.984955
0.982990
0.981156
0.979612
0.977733
0.975683
0.974276
0.972306
0.970932
0.969038
0.967232
0.965630
0.963794
0.962032
0.960419
0.958768
0.957291
0.955358
0.953731
0.952114
0.950407
0.948648
0.947092
0.945326
0.943741
0.942116
0.940305
0.938942
0.937169
0.935417
0.934049
0.932231
0.930453
0.929036
0.927266
0.925896
0.924169
0.922411
0.921069
0.919151
0.917382
0.916138
0.914297
0.912570
0.911197
0.909431
0.908015
0.906208
0.904400
0.903087
0.901271
0.899428
0.898099
0.896291
0.894927
0.893159
0.891375
0.889923
0.888372
0.886609
0.885150
0.883545
0.881686
0.880323
0.878501
0.877180
0.875546
0.873646
0.872176
0.870603
0.868785
0.867361
0.865630
0.864365
0.862527
0.860881
0.859542
0.857795
0.856185
0.854511
0.852778
0.851638
0.849784
0.847973
0.846682
0.844926
0.843392
0.841919
0.840129
0.838418
0.837174
0.835280
0.834004
0.832196
0.830374
0.829116
0.827497
0.825648
0.824366
0.822502
0.821247
0.819545
0.817618
0.816377
0.814696
0.812967
0.811566
0.809932
0.808170
0.806890
0.804911
0.803873
0.802034
0.800219
0.798948
0.797234
0.795418
0.794269
0.792293
0.791123
0.789425
0.787615
0.786262
0.784660
0.782773
0.781571
0.779819
0.778043
0.776746
0.774875
0.773778
0.772012
0.770297
0.768878
0.767229
0.765423
0.764346
0.762323
0.761133
0.759370
0.757735
0.756317
0.754614
0.752923
0.751661
0.750022
0.748120
0.747025
0.745113
0.743816
0.742236
0.740410
0.739150
0.737350
0.735696
0.734427
0.732714
0.731312
0.729625
0.727998
0.726555
0.724826
0.723072
0.721872
0.720174
0.718772
0.717300
0.715305
0.714053
0.712493
0.710650
0.709504
0.707643
0.705889
0.704716
0.703019
0.701619
0.700011
0.698170
0.697052
0.695316
0.693716
0.692313
0.691507
0.691331
0.690669
0.689549
0.688263
0.686935
0.685279
0.684345
0.683425
0.682114
0.681559
0.680857
0.679969
0.678996
0.678247
0.677092
0.675811
0.675118
0.674263
0.672972
0.672280
0.671881
0.671015
0.669770
0.668934
0.668514
0.667831
0.666761
0.666239
0.665635
0.665134
0.664030
0.663571
0.663087
0.662688
0.661814
0.661371
0.660967
0.660559
0.660016
0.659470
0.659155
0.658760
0.658198
0.657773
0.657623
0.657358
0.656910
0.656627
0.656553
0.655677
0.655635
0.655299
0.655269
0.654651
0.654737
0.654535
0.654628
0.654101
0.653934
0.653912
0.654015
0.653407
0.653514
0.653625
0.653538
0.653344
0.653304
0.653522
0.653576
0.653152
0.653392
0.653570
0.653360
0.653406
0.653623
0.653809
0.653720
0.653806
0.654079
0.654250
0.654139
0.654354
0.654705
0.654986
0.654749
0.655202
0.655495
0.655777
0.655616
0.655952
0.656321
0.656655
0.655855
0.654936
0.654525
0.654631
0.654623
0.654738
0.655104
0.654755
0.655142
0.654579
0.653923
0.653529
0.653234
0.653348
0.652818
0.652477
0.652964
0.652612
0.652631
0.652491
0.652037
0.652125
0.651828
0.651582
0.651668
0.651316
0.651682
0.651249
0.650998
0.651178
0.651096
0.650695
0.650913
0.650581
0.650390
0.650600
0.650370
0.650516
0.650361
0.650158
0.650453
0.650271
0.649877
0.650382
0.650084
0.650322
0.650286
0.649961
0.650298
0.650077
0.649854
0.650274
0.650066
0.650498
0.650387
0.650318
0.650446
0.650251
0.650245
0.650543
0.650574
0.650344
0.650796
0.650586
0.651034
0.650813
0.650845
0.651146
0.651188
0.650911
0.651344
0.651338
0.651692
0.651664
0.651548
0.651992
0.651897
0.651840
0.652315
0.652158
0.652323
0.652599
0.652672
0.653117
0.653002
0.653031
0.653515
0.653378
0.653361
0.653805
0.653692
0.654227
0.654120
0.654283
0.654651
0.654817
0.654667
0.655148
0.654996
0.655159
0.655513
0.655513
0.655963
0.655948
0.656067
0.656572
0.656401
0.656470
0.657003
0.656987
0.657358
0.657524
0.657370
0.658041
0.657913
0.657898
0.658567
0.658399
0.658565
0.658934
0.659009
0.659636
0.659527
0.659649
0.660047
0.660100
0.660172
0.660617
0.660868
0.661131
0.661389
0.661165
0.661817
0.661848
0.661830
0.662592
0.662351
0.663041
0.662889
0.663056
0.663498
0.663571
0.663692
0.664178
0.664234
0.664216
0.664752
0.664912
0.665395
0.665514
0.665501
0.665946
0.666224
0.666079
0.666723
0.666668
0.667241
0.667459
0.667264
0.668018
0.667965
0.668038
0.668756
0.668647
0.668817
0.669256
0.669426
0.669962
0.670032
0.670043
0.670511
0.670684
0.670848
0.671290
0.671545
0.671808
0.672154
0.672055
0.672673
0.672847
0.672829
0.673456
0.673530
0.673523
0.674321
0.674204
0.674821
0.674905
0.674978
0.675606
0.675679
0.675673
0.676289
0.676374
0.676990
0.677075
0.677148
0.677673
0.677849
0.677923
0.678458
0.678623
0.678786
0.679232
0.679487
0.679921
0.680097
0.680171
0.680616
0.680963
0.680855
0.681482
0.681828
0.682171
0.682348
0.682513
0.682867
0.683214
0.683197
0.683733
0.684080
0.684467
0.684600
0.684855
0.685198
0.685533
0.685607
0.686053
0.686399
0.686382
0.686919
0.687084
0.687609
0.687786
0.687950
0.688306
0.688561
0.688726
0.689172
0.689337
0.689994
0.690039
0.690204
0.690559
0.690815
0.691071
0.691426
0.691682
0.691847
0.692202
0.692458
0.692986
0.693073
0.693330
0.693686
0.693942
0.694107
0.694462
0.694718
0.695375
0.695330
0.695495
0.695941
0.696197
0.696272
0.696718
0.696974
0.697140
0.697586
0.697842
0.698276
0.698454
0.698528
0.698974
0.699231
0.699305
0.699842
0.700008
0.700533
0.700620
0.700785
0.701232
0.701397
0.701563
0.702100
0.702266
0.702340
0.702875
0.703039
0.703564
0.703651
0.703816
0.704354
0.704519
0.704594
0.705041
0.705297
0.705823
0.705910
0.706166
0.706613
0.706688
0.706853
0.707300
0.707557
0.708214
0.708169
0.708426
0.708951
0.708947
0.709113
0.709560
0.709817
0.709892
0.710429
0.710595
0.711212
0.711299
0.711374
0.711820
0.712077
0.712153
0.712690
0.712856
0.713514
0.713560
0.713726
0.714264
0.714339
0.714414
0.714952
0.715118
0.715284
0.715822
0.715988
0.716605
0.716601
0.716767
0.717214
0.717380
0.717547
0.718084
0.718251
0.718908
0.718955
0.719121
0.719659
0.719643
0.719810
0.720348
0.720514
0.720680
0.721218
0.721385
0.722001
0.722089
0.722074
0.722793
0.722778
0.722945
0.723573
0.723649
0.724266
0.724353
0.724429
0.725058
0.725133
0.725209
0.725929
0.725914
0.726081
0.726709
0.726694
0.727402
0.727490
0.727566
0.728194
0.728270
0.728346
0.729066
0.729142
0.729668
0.729846
0.729832
0.730460
0.730718
0.730612
0.731332
0.731408
0.731484
0.732204
0.732189
0.732806
0.733076
0.732879
0.733599
0.733857
0.733751
0.734471
0.734729
0.735073
0.735343
0.735238
0.735867
0.736216
0.736019
0.736739
0.736997
0.737383
0.737611
0.737597
0.738214
0.738484
0.738288
0.739007
0.739356
0.739160
0.738817
0.737145
0.736920
0.736173
0.736605
0.737602
0.739686
0.740665
0.740675
0.740712
0.740358
0.739829
0.739700
0.739805
0.739960
0.741056
0.741732
0.741860
0.742679
0.742638
0.742478
0.743206
0.743165
0.743223
0.744002
0.744117
0.744613
0.744992
0.745049
0.745536
0.745865
0.745807
0.745294
0.743859
0.742922
0.743121
0.743102
0.744551
0.746322
0.747208
0.747587
0.747438
0.746877
0.746629
0.746479
0.746675
0.746968
0.747803
0.748653
0.748914
0.749498
0.749639
0.749711
0.750218
0.750217
0.750380
0.751053
0.751054
0.751361
0.752005
0.752025
0.752770
0.752880
0.752951
0.752488
0.751005
0.750024
0.750217
0.750247
0.751788
0.753649
0.754534
0.754732
0.754766
0.754114
0.753957
0.753808
0.753913
0.754296
0.755132
0.755982
0.756243
0.756919
0.756981
0.756950
0.757497
0.757638
0.757711
0.758384
0.758567
0.758874
0.759337
0.759539
0.760284
0.759080
0.758153
0.757407
0.756935
0.757229
0.758404
0.760361
0.761830
0.761417
0.761585
0.761014
0.760685
0.760627
0.760742
0.761773
0.761903
0.762796
0.763145
0.763651
0.763792
0.764430
0.764542
0.764384
0.765100
0.765263
0.765288
0.766082
0.766346
0.766534
0.766891
0.766167
0.765058
0.764251
0.763782
0.763979
0.765415
0.767085
0.768554
0.768993
0.768545
0.767737
0.767591
0.767643
0.767467
0.768424
0.768992
0.769521
0.770278
0.770611
0.771096
0.770948
0.771191
0.771474
0.771802
0.771990
0.772379
0.772785
0.772982
0.773761
0.773800
0.772828
0.771863
0.770980
0.771171
0.770751
0.772589
0.774046
0.775336
0.775635
0.775191
0.774570
0.774247
0.774373
0.774952
0.775114
0.776132
0.776576
0.777191
0.777341
0.778099
0.777952
0.777923
0.778691
0.778806
0.778813
0.779521
0.779880
0.780383
0.780455
0.780806
0.780313
0.778597
0.778078
0.777905
0.778239
0.779323
0.781370
0.782432
0.782732
0.782016
0.781546
0.781403
0.781550
0.781756
0.782303
0.782958
0.783403
0.784161
0.784927
0.784719
0.784870
0.785599
0.785494
0.785634
0.786399
0.786582
0.786618
0.787316
0.787557
0.788212
0.788222
0.787319
0.786403
0.785415
0.785136
0.785103
0.786687
0.788527
0.789905
0.790164
0.789808
0.789183
0.788873
0.788809
0.789006
0.789782
0.790168
0.791022
0.791728
0.791879
0.792546
0.792582
0.792553
0.792645
0.793256
0.793444
0.794138
0.794331
0.794620
0.795218
0.795258
0.794856
0.793232
0.792623
0.792631
0.792783
0.794229
0.795998
0.796974
0.797275
0.796832
0.796304
0.795982
0.795927
0.796598
0.796850
0.797687
0.798223
0.798837
0.799080
0.799578
0.799783
0.799754
0.800392
0.800457
0.800555
0.801263
0.801442
0.802308
0.802291
0.802551
0.802059
0.800526
0.799826
0.799925
0.799986
0.801341
0.803115
0.804000
0.804387
0.804096
0.803811
0.803556
0.803582
0.803605
0.803979
0.804914
0.805685
0.805951
0.806720
0.806780
0.806838
0.807292
0.807456
0.807596
0.808090
0.808365
0.808676
0.809064
0.809388
0.810222
0.810258
0.810227
0.809900
0.808192
0.807587
0.807610
0.807785
0.809170
0.810869
0.811936
0.812250
0.811793
0.811057
0.810810
0.811318
0.811263
0.811723
0.812652
0.813019
0.813677
0.814444
0.814508
0.814478
0.815116
0.815092
0.815152
0.816008
0.816101
0.816230
0.816928
0.817170
0.817825
0.817769
0.816952
0.816031
0.815134
0.814768
0.814831
0.816245
0.818001
0.819469
0.819729
0.819373
0.818659
0.818333
0.818449
0.818466
0.819204
0.819743
0.820581
0.821287
0.821440
0.822197
0.822051
0.822022
0.822296
0.822907
0.822915
0.823700
0.823985
0.824004
0.824601
0.824915
0.824235
0.822698
0.822178
0.822009
0.822348
0.823442
0.825494
0.826557
0.826765
0.826137
0.825695
0.825551
0.825223
0.825913
0.826422
0.827079
0.827527
0.828325
0.828568
0.828884
0.828998
0.829151
0.829622
0.829764
0.830045
0.830753
0.830752
0.831450
0.831693
0.831773
0.831365
0.829829
0.829128
0.829139
0.829297
0.830573
0.832624
0.833420
0.833714
0.833359
0.833273
0.832853
0.832886
0.833004
0.833373
0.834211
0.834976
0.835419
0.835925
0.836069
0.836131
0.836769
0.836756
0.836897
0.837586
0.837757
0.837886
0.838545
0.838827
0.838348
0.836720
0.836200
0.836022
0.836352
0.837617
0.839486
0.840372
0.840848
0.840232
0.839801
0.839433
0.839411
0.839978
0.840338
0.841358
0.841625
0.842422
0.842576
0.843216
0.843188
0.843342
0.843813
0.843864
0.844145
0.844724
0.845125
0.845642
0.845885
0.846056
0.845426
0.843932
0.843279
0.843375
0.843491
0.844857
0.846816
0.847612
0.848088
0.847948
0.847467
0.847139
0.847082
0.847200
0.847589
0.848589
0.849172
0.849615
0.850213
0.850266
0.850329
0.850851
0.851045
0.851187
0.851694
0.851956
0.852176
0.852745
0.853027
0.853605
0.852750
0.851639
0.850833
0.850368
0.850570
0.851833
0.853959
0.855246
0.855107
0.854965
0.854610
0.854282
0.853972
0.854343
0.855122
0.855421
0.856316
0.856669
0.857138
0.857320
0.857958
0.857996
0.857917
0.858634
0.858800
0.858920
0.859638
0.859800
0.860476
0.860531
0.860774
0.860278
0.858753
0.858052
0.858072
0.858320
0.859514
0.861463
0.862440
0.862645
0.862110
0.861760
0.861404
0.861142
0.861924
0.862299
0.863053
0.863428
0.864359
0.865039
0.864828
0.865069
0.865708
0.865499
0.865742
0.866511
0.866513
0.866735
0.867434
0.867768
0.868155
0.868368
0.867538
0.866246
0.865617
0.864981
0.865376
0.866770
0.868644
0.870027
0.870369
0.869637
0.869180
0.868935
0.868866
0.868976
0.869849
0.870260
0.871055
0.871726
0.872062
0.872730
0.872489
0.872641
0.872824
0.873253
0.873445
0.873748
0.874540
0.874470
0.875250
0.875474
0.874389
0.873231
0.872801
0.872547
0.872504
0.874110
0.875690
0.877165
0.877364
0.876723
0.876356
0.876112
0.875872
0.876562
0.876986
0.877740
0.878104
0.878904
0.879240
0.879644
0.879577
0.879819
0.880328
0.880341
0.880624
0.881423
0.881516
0.882114
0.882368
0.882631
0.881846
0.880479
0.879597
0.879796
0.880054
0.881268
0.883342
0.884235
0.884537
0.883910
0.883525
0.883196
0.883521
0.883731
0.884194
0.885034
0.885229
0.886155
0.886921
0.886806
0.886869
0.887505
0.887494
0.887637
0.888402
0.888589
0.888720
0.889328
0.889572
0.890408
0.890264
0.889445
0.888431
0.887626
0.887175
0.887334
0.888754
0.890783
0.892068
0.892237
0.891790
0.891438
0.891021
0.890956
0.891247
0.891936
0.892257
0.893187
0.894075
0.894140
0.894715
0.894752
0.894907
0.894911
0.895430
0.895804
0.896407
0.896514
0.896807
0.897495
0.897538
0.897127
0.895590
0.894800
0.894905
0.894976
0.896441
0.898312
0.899195
0.899582
0.899046
0.898603
0.898186
0.898222
0.898821
0.899152
0.900083
0.900353
0.901242
0.901306
0.901894
0.901919
0.901983
0.902544
0.902597
0.902880
0.903498
0.903772
0.904380
0.904443
0.904706
0.905355
0.904317
0.903304
0.902499
0.902047
0.902435
0.903536
0.905564
0.906940
0.906710
0.906746
0.906208
0.905877
0.905830
0.905940
0.906720
0.907205
0.908100
0.908198
0.908924
0.909017
0.909667
0.909511
0.909696
0.910346
0.910409
0.910712
0.911430
0.911594
0.912178
0.912326
0.912570
0.911888
0.910452
0.909662
0.909776
0.910029
0.911232
0.913183
0.914160
0.914273
0.913918
0.913828
0.912935
0.913432
0.913562
0.913935
0.914775
0.915061
0.915987
0.916403
0.916639
0.916703
0.917249
0.917228
0.917382
0.918147
0.918153
0.918376
0.919075
0.919319
0.919975
0.920012
0.919195
0.918000
0.917287
0.916744
0.916994
0.918504
0.920261
0.921637
0.921987
0.921451
0.920918
0.920592
0.920619
0.920730
0.921469
0.921921
0.922761
0.923468
0.923715
0.924381
0.924237
0.924302
0.924578
0.925008
0.925110
0.925986
0.926183
0.926296
0.926894
0.927210
0.926618
0.924991
0.924473
0.924306
0.924740
0.925842
0.927804
0.928867
0.929074
0.928628
0.928005
0.927680
0.927717
0.928225
0.928738
0.929488
0.929849
0.930648
0.930894
0.931391
0.931326
0.931572
0.932043
0.932188
0.932381
0.933089
0.933273
0.933881
0.934126
0.934300
0.934858
0.933912
0.932990
0.932095
0.931734
0.931850
0.933312
0.935249
0.936534
0.936396
0.936432
0.935895
0.935566
0.935428
0.935721
0.936410
0.936895
0.937700
0.937980
0.938615
0.938799
0.939268
0.939345
1.206493
1.207582
1.188997
1.208708
1.208803
1.215742
1.288599
1.340987
1.257632
1.334062
1.350058
1.348468
1.346964
1.345236
1.343568
1.342070
1.328724
1.326742
1.325105
1.323320
1.321295
1.319358
1.317404
1.315014
1.312964
1.310443
1.308224
1.305892
1.303345
1.301211
1.318204
1.314980
1.311582
1.308293
1.304887
1.301877
1.298285
1.295030
1.291981
1.288327
1.285050
1.281824
1.278165
1.275010
1.271196
1.268156
1.264625
1.261041
1.257653
1.254055
1.250472
1.247179
1.243440
1.239867
1.236628
1.232832
1.229506
1.226028
1.222397
1.218921
1.215347
1.211983
1.208468
1.205084
1.201828
1.198576
1.194943
1.191819
1.188330
1.185155
1.182087
1.178814
1.175674
1.172814
1.169601
1.166558
1.163674
1.160520
1.157881
1.154824
1.151869
1.149286
1.146303
1.143892
1.141114
1.138369
1.135821
1.133078
1.130585
1.128137
1.125715
1.123354
1.121218
1.118714
1.116310
1.114341
1.112070
1.109865
1.107494
1.105493
1.103674
1.101479
1.099374
1.097441
1.095476
1.093599
1.091561
1.089743
1.087963
1.086140
1.084365
1.082672
1.080839
1.079140
1.077603
1.075851
1.074215
1.072611
1.071034
1.069654
1.067992
1.066631
1.065212
1.063742
1.062211
1.060806
1.059338
1.058213
1.056826
1.055680
1.054415
1.053010
1.051876
1.050527
1.049184
1.048294
1.047043
1.045869
1.044883
1.043649
1.042596
1.041659
1.040539
1.039722
1.039300
1.038251
1.037477
1.036254
1.035085
1.033695
1.032655
1.031877
1.031232
1.030473
1.029694
1.029092
1.028243
1.027247
1.026541
1.025784
1.024953
1.024102
1.023250
1.022413
1.021843
1.021090
1.020448
1.019677
1.019020
1.018661
1.017905
1.017514
1.017020
1.016635
1.016309
1.015708
1.015512
1.015087
1.014672
1.014822
1.014363
1.013844
1.013429
1.013018
1.012552
1.012442
1.012249
1.011913
1.011298
1.011221
1.010928
1.010920
1.010762
1.010727
1.011075
1.010908
1.010817
1.010710
1.010626
1.010654
1.010572
1.010576
1.010290
1.010446
1.009941
1.009501
1.009325
1.009365
1.009421
1.010256
1.010220
1.009827
1.009690
1.009280
1.009407
1.009674
1.009807
1.010276
1.010499
1.011006
1.011093
1.011301
1.011402
1.011396
1.011726
1.011790
1.011951
1.011761
1.011259
1.010709
1.010742
1.010627
1.011217
1.012148
1.012812
1.013091
1.013004
1.012686
1.012428
1.012356
1.012431
1.012841
1.013368
1.014252
1.014526
1.015136
1.015020
1.015113
1.015507
1.015530
1.015681
1.016332
1.016636
1.016696
1.017216
1.017500
1.018006
1.017392
1.017142
1.016429
1.016046
1.016194
1.016888
1.017887
1.019072
1.018933
1.018836
1.018517
1.018221
1.018058
1.018327
1.019143
1.019465
1.020374
1.020654
1.021184
1.021218
1.021550
1.021764
1.021960
1.022334
1.022630
1.022848
1.023306
1.023551
1.024167
1.024299
1.023788
1.023404
1.022929
1.022657
1.022713
1.023385
1.024455
1.025643
1.025790
1.025486
1.024998
1.024666
1.024747
1.024870
1.025715
1.026077
1.026710
1.027327
1.027532
1.028065
1.028257
1.028263
1.028399
1.028882
1.028519
1.028270
1.027695
1.027362
1.027560
1.028268
1.029265
1.030434
1.030689
1.030476
1.029847
1.029625
1.029730
1.029954
1.030688
1.030920
1.031520
1.032329
1.032639
1.033187
1.033271
1.033441
1.033464
1.033609
1.032961
1.032366
1.032414
1.032615
1.033223
1.034305
1.035036
1.035191
1.035352
1.034894
1.034633
1.034653
1.034898
1.035327
1.036117
1.036885
1.037222
1.037781
1.037862
1.038332
1.038607
1.038616
1.038333
1.037987
1.037475
1.037613
1.037708
1.038398
1.039671
1.040405
1.040527
1.040168
1.039700
1.039559
1.039675
1.040325
1.040689
1.041480
1.041861
1.042636
1.042919
1.043357
1.043424
1.043554
1.044209
1.044128
1.043877
1.043653
1.043125
1.043170
1.043285
1.044050
1.045144
1.045968
1.046172
1.045806
1.045504
1.045285
1.045394
1.045796
1.046284
1.047162
1.047490
1.048126
1.048496
1.049051
1.049200
1.049139
1.049700
1.050013
1.049609
1.049396
1.048947
1.048762
1.049100
1.049710
1.050803
1.051626
1.052045
1.051755
1.051145
1.051076
1.051099
1.051822
1.052002
1.052844
1.053385
1.054111
1.054409
1.054884
1.055100
1.055635
1.055461
1.055437
1.055344
1.054779
1.054288
1.054329
1.054386
1.055096
1.056123
1.056932
1.057129
1.056793
1.056447
1.056267
1.056341
1.056899
1.057211
1.057981
1.058339
1.059024
1.059079
1.059623
1.059864
1.060308
1.060451
1.060828
1.061031
1.060893
1.060709
1.060072
1.059789
1.059896
1.060488
1.061522
1.062565
1.062549
1.062582
1.062116
1.062039
1.062195
1.062392
1.062900
1.063404
1.064215
1.064357
1.064873
1.065183
1.065546
1.065602
1.065703
1.066379
1.066573
1.066725
1.066970
1.066386
1.065818
1.065940
1.065767
1.066451
1.067391
1.068189
1.068420
1.068041
1.068296
1.068020
1.067917
1.068198
1.068642
1.069404
1.070085
1.070357
1.070820
1.071010
1.071171
1.071540
1.071735
1.071980
1.072403
1.072187
1.072049
1.071375
1.071233
1.071309
1.072119
1.072902
1.073869
1.073631
1.073675
1.073481
1.073383
1.073377
1.073651
1.074257
1.074770
1.075455
1.075761
1.076316
1.076622
1.076902
1.076989
1.077126
1.077718
1.077913
1.078143
1.078134
1.077655
1.077540
1.077169
1.077323
1.078154
1.079117
1.079981
1.080156
1.079921
1.079617
1.079447
1.079594
1.079846
1.080231
1.080859
1.081654
1.082003
1.082614
1.082644
1.082803
1.083321
1.083451
1.083550
1.084245
1.084002
1.083841
1.083580
1.083164
1.083251
1.083820
1.084682
1.085847
1.086279
1.085844
1.085585
1.085524
1.085518
1.085889
1.086599
1.087085
1.087938
1.088749
1.088750
1.089057
1.089162
1.089324
1.089446
1.089919
1.090171
1.090284
1.089889
1.089459
1.089432
1.089515
1.090177
1.091247
1.091965
1.092264
1.092086
1.091583
1.091437
1.091644
1.092189
1.092592
1.093273
1.093719
1.094397
1.094956
1.095108
1.095356
1.095823
1.096035
1.096178
1.096977
1.097060
1.096719
1.096567
1.096043
1.096079
1.095845
1.096709
1.097584
1.098679
1.099033
1.098682
1.098483
1.098224
1.098223
1.098863
1.099244
1.099910
1.100409
1.101210
1.101292
1.101787
1.101951
1.102101
1.102432
1.102687
1.102868
1.102927
1.102393
1.101880
1.101919
1.102065
1.102818
1.103853
1.104755
1.104970
1.104555
1.104700
1.104603
1.104764
1.105028
1.105503
1.106370
1.107159
1.107423
1.108066
1.108301
1.108362
1.108747
1.108798
1.109104
1.109668
1.109881
1.109730
1.109348
1.108896
1.108910
1.109065
1.109723
1.110973
1.111621
1.111898
1.111803
1.111428
1.111165
1.111173
1.111720
1.112156
1.112905
1.113333
1.114046
1.114135
1.114874
1.114865
1.115011
1.115505
1.115674
1.115934
1.116583
1.116704
1.117367
1.117083
1.116593
1.116148
1.115905
1.116062
1.116652
1.117774
1.118639
1.118965
1.119000
1.118604
1.118500
1.118599
1.118827
1.119555
1.120001
1.120874
1.121220
1.121783
1.122049
1.122542
1.122655
1.122714
1.123268
1.123559
1.123837
1.123793
1.123328
1.122787
1.122884
1.123058
1.123681
1.124877
1.125662
1.125885
1.125633
1.125544
1.125550
1.125474
1.125858
1.126084
1.126970
1.127661
1.128004
1.128582
1.128749
1.128868
1.129285
1.129598
1.129726
1.130248
1.130484
1.130751
1.130803
1.130391
1.130007
1.129644
1.129811
1.130571
1.131666
1.132398
1.132776
1.132729
1.132427
1.132377
1.132364
1.132677
1.133019
1.133855
1.134564
1.134927
1.135379
1.135656
1.135804
1.136279
1.136520
1.136688
1.137365
1.137557
1.138053
1.137811
1.137525
1.137136
1.136865
1.136846
1.137561
1.138518
1.139311
1.139706
1.139758
1.139564
1.139497
1.139044
1.138645
1.138651
1.138629
1.139115
1.140229
1.141540
1.142328
1.142691
1.142168
1.141895
1.142202
1.142275
1.142517
1.142045
1.142111
1.142017
1.142906
1.144149
1.145033
1.145515
1.145517
1.145372
1.145317
1.145433
1.146030
1.146282
1.146998
1.147517
1.148114
1.148394
1.148972
1.149115
1.149216
1.149771
1.149862
1.150198
1.150677
1.150829
1.151373
1.151572
1.151857
1.151818
1.151563
1.151480
1.151700
1.152109
1.152833
1.153836
1.154514
1.154764
1.154772
1.154626
1.154719
1.154933
1.155360
1.155920
1.156412
1.157104
1.157452
1.157922
1.158136
1.158478
1.158751
1.158902
1.159111
1.159538
1.159986
1.160140
1.160620
1.160951
1.161224
1.161546
1.161857
1.161711
1.161237
1.161137
1.161408
1.161594
1.162320
1.163326
1.164178
1.164355
1.164319
1.164201
1.164249
1.164295
1.164511
1.164985
1.165417
1.166171
1.166318
1.166832
1.167072
1.167208
1.167057
1.166541
1.166230
1.166249
1.166327
1.166941
1.167977
1.168530
1.168908
1.168853
1.168890
1.168805
1.169036
1.169285
1.169473
1.170193
1.170537
1.170993
1.171155
1.171517
1.171604
1.172122
1.172109
1.172458
1.172771
1.173265
1.173525
1.173882
1.174259
1.174573
1.175010
1.175065
1.175390
1.175585
1.175943
1.176113
1.176344
1.176724
1.176809
1.176968
1.177353
1.177638
1.177653
1.178090
1.178110
1.178388
1.178339
1.177942
1.177929
1.177970
1.178155
1.178940
1.179846
1.180480
1.180649
1.180791
1.180635
1.180663
1.180772
1.181210
1.181664
1.182226
1.182910
1.183330
1.183813
1.184053
1.184207
1.184703
1.184783
1.185268
1.185589
1.186083
1.186267
1.186571
1.186932
1.186870
1.186329
1.186023
1.185931
1.186020
1.186655
1.187610
1.188196
1.188331
1.188370
1.188367
1.188394
1.188541
1.188764
1.189160
1.189826
1.190227
1.190760
1.191034
1.191339
1.191525
1.191836
1.192148
1.191920
1.191722
1.191498
1.191470
1.191600
1.192431
1.193054
1.193885
1.194072
1.193934
1.193796
1.193777
1.193921
1.194208
1.194686
1.195277
1.195601
1.195922
1.196392
1.196609
1.196799
1.197020
1.197266
1.197583
1.197653
1.198254
1.198347
1.198546
1.198521
1.198329
1.197847
1.197794
1.198020
1.198624
1.199612
1.200332
