1.451386
1.353864
1.158812
0.974717
0.847762
0.781368
0.756080
0.752402
0.754222
0.755828
0.756945
0.756501
0.755912
0.755850
0.755379
0.754787
0.756560
0.758826
0.760621
0.762488
0.764510
0.765970
0.767892
0.770253
0.772191
0.774376
0.776585
0.779128
0.781488
0.783949
0.786239
0.788407
0.790524
0.792575
0.795002
0.797001
0.799589
0.802149
0.804815
0.807359
0.809658
0.812342
0.814891
0.817176
0.819463
0.821749
0.823655
0.825629
0.827716
0.829610
0.831122
0.832502
0.833581
0.834116
0.835771
0.837451
0.839205
0.841216
0.843620
0.845838
0.848155
0.850964
0.853279
0.855581
0.857429
0.859260
0.861240
0.862691
0.863959
0.865833
0.867420
0.868534
0.869887
0.870604
0.872857
0.874717
0.876297
0.878386
0.880210
0.882153
0.884113
0.885791
0.887903
0.889581
0.891513
0.892960
0.894030
0.895377
0.896962
0.898267
0.899664
0.901101
0.902442
0.903985
0.905098
0.906462
0.908013
0.909373
0.910731
0.912424
0.913635
0.915253
0.916604
0.918025
0.919260
0.920442
0.921640
0.923192
0.924949
0.926292
0.927939
0.929821
0.931162
0.932342
0.933535
0.934708
0.935668
0.936688
0.938230
0.939731
0.941538
0.943388
0.944827
0.946151
0.947929
0.949424
0.950718
0.951693
0.952602
0.953798
0.955056
0.956487
0.958465
0.960275
0.961901
0.963581
0.965084
0.966442
0.967648
0.968639
0.969440
0.970295
0.971556
0.972778
0.973836
0.975251
0.976712
0.978001
0.979145
0.979599
0.980339
0.980907
0.981645
0.982101
0.982639
0.983326
0.984314
0.985236
0.986625
0.987936
0.988866
0.989649
0.990271
0.990617
0.991176
0.991994
0.992786
0.993261
0.994103
0.995011
0.996318
0.997466
0.998467
0.999102
0.999553
1.000321
1.000865
1.001730
1.002380
1.002901
1.003283
1.004191
1.005023
1.006155
1.007003
1.007646
1.008056
1.008735
1.009382
1.009988
1.010497
1.011112
1.011550
1.012277
1.013068
1.013855
1.014774
1.015261
1.015819
1.016400
1.017037
1.017579
1.018145
1.018474
1.018986
1.019449
1.020061
1.020806
1.021687
1.022277
1.022671
1.022994
1.023437
1.023783
1.024252
1.024558
1.024818
1.025154
1.025561
1.026089
1.026854
1.027540
1.027999
1.028382
1.028287
1.028598
1.028922
1.029280
1.029617
1.029995
1.030387
1.030605
1.030999
1.031639
1.032063
1.032428
1.032951
1.033060
1.033171
1.033318
1.033693
1.034132
1.034350
1.034516
1.034848
1.035275
1.035831
1.036283
1.036591
1.036964
1.037142
1.037077
1.037189
1.037485
1.037661
1.037972
1.038274
1.038531
1.038566
1.038896
1.039079
1.039239
1.039638
1.039392
1.039675
1.039552
1.039587
1.039734
1.039612
1.039955
1.040406
1.040841
1.040859
1.040912
1.041079
1.041232
1.041575
1.041678
1.042015
1.042081
1.042392
1.042797
1.043193
1.043587
1.043895
1.044367
1.044755
1.045063
1.045476
1.045697
1.045941
1.046030
1.046149
1.046031
1.046266
1.046659
1.047083
1.047176
1.047545
1.047676
1.047862
1.047876
1.048226
1.048612
1.048779
1.049209
1.049343
1.049558
1.049790
1.049690
1.049739
1.050104
1.050024
1.049798
1.049901
1.049645
1.049770
1.049860
1.050193
1.050641
1.050782
1.050801
1.050820
1.051023
1.051089
1.051288
1.051356
1.051286
1.051413
1.051290
1.051578
1.052094
1.052310
1.052315
1.052233
1.052135
1.052160
1.052226
1.052330
1.052583
1.052816
1.052981
1.053194
1.053393
1.053641
1.053583
1.053580
1.053768
1.053851
1.053786
1.053721
1.053845
1.054021
1.054279
1.054604
1.054729
1.054958
1.054995
1.055117
1.055074
1.055340
1.055356
1.055496
1.055432
1.055601
1.055869
1.056286
1.056429
1.056557
1.056586
1.056606
1.056526
1.056825
1.056859
1.056887
1.057278
1.057658
1.057700
1.057885
1.058054
1.058235
1.058227
1.058437
1.058441
1.058354
1.058374
1.058519
1.058449
1.058590
1.058870
1.059004
1.059041
1.059018
1.058989
1.059146
1.059290
1.059605
1.059691
1.059924
1.060072
1.060458
1.060884
1.060966
1.061133
1.061221
1.061352
1.061327
1.061297
1.061569
1.061626
1.061722
1.061915
1.062237
1.062264
1.062580
1.062593
1.062521
1.062937
1.062962
1.063099
1.063354
1.063246
1.063049
1.063185
1.063231
1.063455
1.063630
1.063786
1.063954
1.064025
1.063988
1.064107
1.064224
1.064488
1.064553
1.064763
1.065184
1.065408
1.065527
1.065472
1.065687
1.065882
1.066022
1.065398
1.065283
1.064950
1.064665
1.064522
1.064563
1.064180
1.064065
1.064267
1.064266
1.064179
1.064230
1.064441
1.064734
1.064903
1.065117
1.065230
1.065486
1.065545
1.065716
1.066081
1.065674
1.065687
1.065342
1.065218
1.065148
1.065417
1.065938
1.065959
1.066342
1.066610
1.066718
1.066757
1.066756
1.066902
1.066725
1.066939
1.067235
1.067337
1.067622
1.067829
1.067943
1.067891
1.068141
1.068248
1.068362
1.068415
1.068330
1.068198
1.067793
1.067578
1.067248
1.066979
1.066606
1.066358
1.066064
1.065534
1.065181
1.064831
1.064490
1.064130
1.063899
1.063684
1.063305
1.063263
1.062842
1.062513
1.062399
1.062091
1.061808
1.061791
1.061338
1.060950
1.060737
1.061031
1.060856
1.061143
1.061372
1.061307
1.061417
1.061401
1.061522
1.061632
1.061855
1.062002
1.062332
1.062356
1.062586
1.062910
1.062949
1.062884
1.063195
1.063418
1.063248
1.063634
1.063699
1.063593
1.063400
1.063359
1.063271
1.063275
1.063525
1.064224
1.064694
1.064789
1.064828
1.065034
1.065251
1.065390
1.065634
1.066029
1.066308
1.066463
1.066578
1.066357
1.066561
1.066351
1.065843
1.065839
1.065863
1.066080
1.065946
1.066184
1.066455
1.066581
1.066823
1.066588
1.066508
1.066508
1.066469
1.066460
1.066006
1.065853
1.065509
1.065133
1.064953
1.064694
1.064285
1.063978
1.063917
1.063747
1.063521
1.063459
1.063355
1.063468
1.063106
1.063168
1.063154
1.062836
1.062569
1.062266
1.061953
1.061981
1.062156
1.062662
1.062929
1.063132
1.063330
1.063247
1.063522
1.063706
1.063429
1.063435
1.063515
1.063143
1.063029
1.062676
1.062468
1.062570
1.062637
1.062494
1.062560
1.062472
1.062392
1.062602
1.062967
1.063045
1.063183
1.063106
1.063065
1.062922
1.063029
1.062869
1.062989
1.063279
1.063458
1.063200
1.063452
1.063478
1.063361
1.063062
1.062806
1.062723
1.062816
1.062750
1.063061
1.062834
1.062729
1.062754
1.062497
1.062543
1.062619
1.062786
1.063208
1.063211
1.063453
1.063422
1.063603
1.063739
1.063822
1.063849
1.064150
1.064487
1.064627
1.064739
1.064697
1.064885
1.064943
1.065075
1.065347
1.065464
1.065519
1.065487
1.065620
1.065876
1.066127
1.066335
1.066872
1.066939
1.066684
1.066247
1.065863
1.065537
1.065324
1.065008
1.064828
1.065040
1.065093
1.065163
1.065285
1.065412
1.065460
1.065410
1.065642
1.065419
1.065057
1.064872
1.064773
1.064964
1.064954
1.065011
1.065220
1.065066
1.064560
1.064562
1.064320
1.064426
1.064640
1.064760
1.064870
1.064943
1.065085
1.065264
1.065254
1.065501
1.065620
1.065784
1.065942
1.066101
1.066412
1.066292
1.066431
1.066686
1.066576
1.065978
1.065817
1.065396
1.065258
1.065363
1.065746
1.065828
1.066028
1.066116
1.065999
1.066015
1.065784
1.065240
1.064672
1.064437
1.064515
1.063792
1.063392
1.063446
1.063031
1.062493
1.062567
1.062343
1.062060
1.062398
1.062018
1.062341
1.062302
1.062714
1.062651
1.062735
1.062737
1.062846
1.063073
1.063332
1.064245
1.065156
1.065940
1.066383
1.066499
1.066497
1.066297
1.066088
1.065893
1.065716
1.065704
1.065615
1.065137
1.065151
1.064954
1.064973
1.064800
1.064985
1.064635
1.064117
1.064005
1.063831
1.063939
1.063688
1.063568
1.063254
1.063330
1.062929
1.062715
1.062353
1.062071
1.061840
1.061908
1.061851
1.061739
1.062114
1.062207
1.062587
1.062626
1.062661
1.062854
1.063237
1.063297
1.063831
1.063873
1.064067
1.064644
1.064704
1.064896
1.064781
1.064593
1.064628
1.064445
1.064588
1.064734
1.064858
1.065170
1.065247
1.065441
1.065534
1.065640
1.065872
1.066155
1.066434
1.066641
1.066974
1.067164
1.067328
1.067336
1.067442
1.068015
1.068121
1.068245
1.067754
1.067573
1.067712
1.067642
1.067701
1.068047
1.068041
1.067975
1.067704
1.067836
1.068013
1.068291
1.068886
1.069137
1.069586
1.069515
1.069509
1.069663
1.069795
1.069726
1.069851
1.070084
1.070067
1.070149
1.070421
1.070428
1.070529
1.070530
1.070639
1.070806
1.070870
1.070920
1.070743
1.070690
1.070523
1.070489
1.070420
1.070871
1.071192
1.071266
1.071325
1.071545
1.071585
1.071815
1.072309
1.072592
1.072940
1.072928
1.073343
1.073447
1.073566
1.073866
1.074087
1.074275
1.074328
1.074393
1.074274
1.074250
1.074303
1.074607
1.074944
1.075146
1.075247
1.075277
1.075318
1.075473
1.075522
1.075458
1.075959
1.075898
1.076011
1.076385
1.076508
1.076290
1.076532
1.076552
1.076770
1.076724
1.076850
1.076943
1.077281
1.077260
1.077610
1.077604
1.077731
1.077974
1.077881
1.077967
1.078051
1.077687
1.077666
1.077360
1.077338
1.077285
1.077518
1.077671
1.078001
1.078191
1.078277
1.078473
1.078864
1.078953
1.079042
1.079470
1.079614
1.079752
1.079925
1.080008
1.080076
1.080339
1.080200
1.080295
1.080287
1.080118
1.080262
1.080382
1.080568
1.080600
1.080563
1.080933
1.080749
1.080769
1.080876
1.080940
1.081237
1.081184
1.081465
1.081592
1.081810
1.081797
1.082239
1.082335
1.082427
1.082712
1.082855
1.082827
1.083229
1.083460
1.083866
1.083962
1.083930
1.084536
1.084467
1.084539
1.084606
1.084449
1.084519
1.084191
1.084544
1.084803
1.085018
1.085420
1.085621
1.085755
1.086076
1.086222
1.086774
1.087025
1.087315
1.087424
1.087724
1.087767
1.088076
1.088068
1.088164
1.088490
1.088541
1.088310
1.088611
1.088475
1.088338
1.088296
1.088518
1.088725
1.088684
1.088836
1.088613
1.088664
1.088865
1.088820
1.088957
1.089096
1.089088
1.089248
1.089311
1.089383
1.089721
1.089568
1.089620
1.089948
1.089937
1.090035
1.090171
1.090326
1.090525
1.090585
1.090770
1.090816
1.091002
1.091250
1.091107
1.091013
1.090885
1.090644
1.090845
1.090933
1.091603
1.092124
1.092218
1.092253
1.091926
1.091812
1.091766
1.091703
1.091539
1.091444
1.091842
1.092041
1.092385
1.092696
1.092722
1.092766
1.093068
1.092950
1.092936
1.093027
1.093054
1.093373
1.093359
1.093582
1.093945
1.093917
1.093909
1.094156
1.094176
1.094255
1.094382
1.094450
1.094962
1.094690
1.094804
1.095004
1.095130
1.095123
1.095188
1.095468
1.095612
1.095680
1.096054
1.096148
1.096513
1.096484
1.096769
1.097018
1.096929
1.097145
1.097385
1.097314
1.097088
1.097189
1.096863
1.097013
1.097102
1.097231
1.097648
1.097855
1.098466
1.098503
1.098981
1.099334
1.099445
1.099714
1.099985
1.100151
1.100318
1.100635
1.100890
1.101240
1.101408
1.101453
1.101729
1.101362
1.101425
1.101419
1.101656
1.101908
1.101942
1.101902
1.102059
1.102155
1.102022
1.102374
1.102570
1.102827
1.102739
1.102853
1.103187
1.103094
1.103434
1.103722
1.103818
1.104029
1.104029
1.104211
1.104529
1.104757
1.104755
1.104870
1.104887
1.105235
1.105589
1.105705
1.105947
1.106140
1.106380
1.106522
1.106383
1.106340
1.106153
1.105962
1.105980
1.106018
1.106220
1.106425
1.107091
1.107167
1.107461
1.107952
1.108029
1.108315
1.108543
1.108874
1.109144
1.109229
1.109442
1.109750
1.109950
1.109961
1.110027
1.110039
1.110187
1.110081
1.109995
1.109965
1.110170
1.110237
1.110212
1.110310
1.110400
1.110602
1.110641
1.110842
1.110931
1.111167
1.111226
1.111406
1.111579
1.111724
1.111800
1.112184
1.112252
1.112331
1.112527
1.112901
1.112994
1.113228
1.113190
1.113404
1.113668
1.113835
1.114109
1.114375
1.114595
1.114970
1.114699
1.114513
1.114583
1.114490
1.114326
1.114507
1.114916
1.115265
1.115544
1.116044
1.116256
1.116789
1.116986
1.117192
1.117654
1.118038
1.118230
1.118473
1.118483
1.118859
1.119038
1.119294
1.119477
1.119490
1.119537
1.119530
1.119656
1.119688
1.119763
1.119910
1.120045
1.120258
1.120313
1.120394
1.120708
1.120682
1.121059
1.121309
1.121311
1.121576
1.121782
1.121946
1.122061
1.122294
1.122555
1.122603
1.122867
1.123041
1.123345
1.123436
1.123755
1.124017
1.124108
1.124271
1.124557
1.124761
1.125041
1.125261
1.125689
1.125534
1.125452
1.125173
1.125145
1.124966
1.125174
1.125479
1.125827
1.126146
1.126491
1.126855
1.127130
1.127348
1.127792
1.128173
1.128155
1.128470
1.128837
1.128852
1.129115
1.129238
1.129412
1.129456
1.129645
1.129556
1.129561
1.129408
1.129449
1.129606
1.129699
1.129726
1.129777
1.129758
1.129991
1.129998
1.130352
1.130249
1.130370
1.130471
1.130487
1.130461
1.130354
1.130389
1.130658
1.130756
1.130925
1.131082
1.131139
1.131303
1.131237
1.131520
1.131384
1.131348
1.131324
1.131439
1.131690
1.131811
1.131825
1.132017
1.132215
1.132312
1.132511
1.132834
1.132917
1.133073
1.133282
1.133529
1.133655
1.133668
1.133985
1.134405
1.134536
1.134856
1.134922
1.135244
1.135643
1.135689
1.136212
1.136447
1.136513
1.136934
1.137103
1.137341
1.137691
1.137913
1.137973
1.137849
1.137560
1.137465
1.137476
1.137690
1.138101
1.138508
1.138811
1.139313
1.139934
1.140241
1.140337
1.140856
1.140963
1.141368
1.141563
1.141602
1.141879
1.141916
1.142119
1.142281
1.142568
1.142515
1.142572
1.142640
1.142667
1.142793
1.142768
1.142742
1.142862
1.143061
1.143283
1.143383
1.143528
1.143676
1.143643
1.144008
1.143982
1.143967
1.144214
1.144166
1.144585
1.144758
1.144975
1.145062
1.145453
1.145695
1.145822
1.146233
1.146305
1.146551
1.146958
1.146997
1.147406
1.147686
1.148147
1.147906
1.147726
1.147836
1.147541
1.147522
1.147731
1.148046
1.148650
1.148933
1.149373
1.149700
1.150026
1.150492
1.150621
1.150929
1.151157
1.151484
1.151553
1.151815
1.151875
1.152078
1.152324
1.152407
1.152564
1.152652
1.152808
1.152751
1.152744
1.152772
1.152893
1.153058
1.153260
1.153177
1.153406
1.153535
1.153600
1.153905
1.154049
1.154272
1.154313
1.154493
1.154718
1.154962
1.154846
1.155136
1.155446
1.155679
1.155921
1.156066
1.156312
1.156719
1.156779
1.157242
1.157439
1.157653
1.157963
1.158383
1.158556
1.159028
1.159357
1.159337
1.159180
1.159081
1.159028
1.158784
1.158951
1.159378
1.159875
1.160381
1.160711
1.161165
1.161491
1.161669
1.162016
1.162153
1.162435
1.162584
1.162641
1.162797
1.163063
1.163192
1.163386
1.163700
1.163637
1.163854
1.163632
1.163859
1.163855
1.163779
1.163785
1.164071
1.164302
1.164292
1.164605
1.164672
1.164848
1.165015
1.165131
1.165177
1.165394
1.165599
1.165700
1.165888
1.166230
1.166371
1.166381
1.166716
1.166876
1.167201
1.167460
1.167696
1.168111
1.168367
1.168434
1.168962
1.169132
1.169564
1.169734
1.169996
1.170610
1.170782
1.171015
1.171165
1.171240
1.171038
1.171004
1.170686
1.170856
1.171383
1.171992
1.172325
1.172795
1.173236
1.173375
1.173717
1.174073
1.174305
1.174171
1.174310
1.174231
1.174359
1.174471
1.174445
1.174855
1.174936
1.175175
1.175216
1.175333
1.175486
1.175547
1.175759
1.175994
1.176124
1.176018
1.176279
1.176428
1.176645
1.177047
1.177172
1.177208
1.177586
1.177904
1.178294
1.178358
1.178713
1.179128
1.179080
1.179556
1.179909
1.179963
1.179855
1.179864
1.179711
1.179627
1.179664
1.180116
1.180557
1.181159
1.181630
1.182225
1.182471
1.182879
1.183177
1.183447
1.183738
1.183915
1.184071
1.184296
1.184545
1.184806
1.184807
1.185227
1.185397
1.185417
1.185500
1.185371
1.185413
1.185488
1.185451
1.185508
1.185691
1.185715
1.185947
1.186070
1.186359
1.186418
1.186633
1.186784
1.187095
1.187314
1.187427
1.187513
1.187659
1.187918
1.188235
1.188235
1.188638
1.189021
1.189173
1.189393
1.189769
1.189937
1.190272
1.190628
1.190998
1.191343
1.191607
1.191970
1.192066
1.192616
1.192636
1.192706
1.192496
1.192485
1.192124
1.192345
1.192789
1.193283
1.193728
1.194278
1.194812
1.195064
1.195479
1.195667
1.195937
1.196039
1.196168
1.196430
1.196471
1.196756
1.197147
1.197135
1.197369
1.197573
1.197367
1.197367
1.197422
1.197321
1.197514
1.197448
1.197563
1.197784
1.197964
1.198281
1.198277
1.198626
1.198802
1.198928
1.199164
1.199450
1.199621
1.199723
1.199784
1.199935
1.200068
1.200477
1.200574
1.200898
1.201245
1.201339
1.201753
1.201969
1.202207
1.202585
1.202752
1.203191
1.203462
1.203823
1.204183
1.204452
1.204992
1.205223
1.205311
1.205193
1.205030
1.205042
1.204760
1.204911
1.205328
1.206072
1.206312
1.206834
1.207236
1.207677
1.207840
1.208325
1.208433
1.208547
1.208408
1.208420
1.208564
1.208715
1.208832
1.209034
1.209289
1.209378
1.209414
1.209689
1.209659
1.209917
1.209877
1.210039
1.210277
1.210294
1.210331
1.210808
1.210977
1.211141
1.211444
1.211738
1.211969
1.212155
1.212603
1.212795
1.213034
1.213393
1.213650
1.214039
1.214336
1.214457
1.214500
1.214505
1.214238
1.213996
1.214301
1.214867
1.215111
1.215665
1.216221
1.216639
1.217047
1.217389
1.217597
1.217769
1.217995
1.218084
1.218084
1.218464
1.218546
1.218651
1.219126
1.219472
1.219236
1.219592
1.219356
1.219438
1.219407
1.219429
1.219601
1.219833
1.219812
1.219981
1.220289
1.220448
1.220591
1.220854
1.220984
1.221243
1.221394
1.221663
1.221821
1.222016
1.222125
1.222311
1.222500
1.222888
1.223193
1.223466
1.223706
1.224066
1.224142
1.224538
1.224952
1.225239
1.225437
1.225866
1.226103
1.226523
1.226802
1.226999
1.227550
1.227717
1.228257
1.228439
1.228414
1.228290
1.228076
1.227951
1.228118
1.228511
1.228870
1.229380
1.230014
1.230423
1.230973
1.230990
1.231381
1.231604
1.231464
1.231739
1.231613
1.231718
1.231604
1.231870
1.231788
1.231948
1.232370
1.232309
1.232478
1.232668
1.232642
1.232663
1.232591
1.232832
1.233013
1.233161
1.233580
1.233705
1.233890
1.234132
1.234463
1.234485
1.234886
1.235130
1.235162
1.235624
1.235891
1.236224
1.236597
1.236931
1.237440
1.237830
1.238154
1.238596
1.239052
1.239393
1.239744
1.240384
1.240832
1.240714
1.240950
1.240678
1.240627
1.240448
1.240476
1.241071
1.241441
1.241930
1.242362
1.242844
1.243094
1.243494
1.243830
1.243999
1.244167
1.244107
1.243965
1.243927
1.243932
1.244023
1.244161
1.244318
1.244524
1.244493
1.244484
1.244838
1.244765
1.244906
1.245116
1.245312
1.245472
1.245767
1.245910
1.245911
1.246162
1.246612
1.246777
1.246923
1.247313
1.247579
1.248027
1.248309
1.248792
1.249128
1.249429
1.249645
1.250195
1.250675
1.250861
1.251534
1.251833
1.252331
1.252904
1.253216
1.253462
1.253323
1.253302
1.253074
1.252901
1.253100
1.253375
1.253859
1.254371
1.255051
1.255367
1.255595
1.255977
1.256357
1.256334
1.256632
1.256771
1.256671
1.256587
1.256549
1.256550
1.256654
1.256750
1.257088
1.257204
1.257105
1.257406
1.257516
1.257614
1.257511
1.257662
1.257972
1.258080
1.258240
1.258604
1.258690
1.258870
1.259299
1.259492
1.259731
1.259827
1.260121
1.260539
1.260855
1.261123
1.261606
1.262082
1.262379
1.262743
1.263213
1.263800
1.264192
1.264469
1.265131
1.265425
1.265671
1.265783
1.265534
1.265399
1.265286
1.265380
1.265878
1.266262
1.266673
1.267006
1.267509
1.267696
1.268025
1.268483
1.268495
1.268851
1.268733
1.268705
1.268611
1.268484
1.268745
1.268599
1.268780
1.268863
1.268951
1.269095
1.269215
1.269406
1.269475
1.269467
1.269722
1.269876
1.270104
1.270269
1.270545
1.270703
1.270906
1.271223
1.271481
1.271500
1.272104
1.272391
1.272586
1.273148
1.273433
1.273915
1.273922
1.274485
1.274877
1.275364
1.275795
1.276135
1.276636
1.277016
1.277504
1.277839
1.277684
1.277480
1.277395
1.277140
1.277363
1.277666
1.278062
1.278739
1.279205
1.279613
1.279899
1.280097
1.280396
1.280627
1.280578
1.280500
1.280407
1.280347
1.280441
1.280397
1.280541
1.280974
1.281016
1.281031
1.281306
1.281242
1.281265
1.281206
1.281514
1.281590
1.282036
1.282099
1.282444
1.282535
1.282810
1.282967
1.283259
1.283680
1.283581
1.284157
1.284328
1.284722
1.285179
1.285576
1.285885
1.286422
1.286730
1.287192
1.287658
1.288089
1.288573
1.289050
1.289035
1.289260
1.289105
1.288991
1.288775
1.288901
1.289170
1.289746
1.290084
1.290501
1.290949
1.291230
1.291549
1.291931
1.292454
1.292491
1.292537
1.292481
1.292405
1.292283
1.292329
1.292516
1.292762
1.293123
1.293426
1.293481
1.293616
1.293746
1.293871
1.293934
1.294149
1.294342
1.294469
1.294837
1.294953
1.294981
1.295315
1.295769
1.296056
1.296315
1.296771
1.297309
1.297788
1.298082
1.298709
1.299052
1.299382
1.299795
1.300278
1.300653
1.301112
1.301575
1.302002
1.302405
1.302889
1.303171
1.303671
1.303668
1.303556
1.303482
1.303345
1.303025
1.303163
1.303484
1.303786
1.304279
1.304588
1.305211
1.305500
1.305707
1.305946
1.306227
1.306104
1.306183
1.305838
1.305879
1.306075
1.306329
1.306562
1.306881
1.307114
1.307539
1.307696
1.308013
1.308043
1.307897
1.308145
1.308194
1.308505
1.308668
1.308952
1.309105
1.309257
1.309701
1.309782
1.309922
1.310261
1.310308
1.310616
1.311000
1.311163
1.311599
1.311834
1.312147
1.312368
1.312665
1.313131
1.313275
1.313569
1.313986
1.314218
1.314597
1.314592
1.314542
1.314194
1.314195
1.313899
1.313948
1.314316
1.314689
1.315070
1.315323
1.315612
1.316050
1.316432
1.316733
1.317070
1.317175
1.316977
1.316861
1.316713
1.316834
1.317053
1.317130
1.317655
1.317877
1.318154
1.318393
1.318490
1.318884
1.318911
1.318987
1.319281
1.319362
1.319595
1.319930
1.320031
1.319965
1.320099
1.320467
1.320482
1.320681
1.320961
1.321388
1.321417
1.321700
1.322075
1.322249
1.322507
1.322687
1.322987
1.323335
1.323597
1.323918
1.324274
1.324672
1.324798
1.324550
1.324411
1.324233
1.323928
1.324020
1.324450
1.324741
1.325169
1.325685
1.326147
1.326421
1.326870
1.327078
1.327186
1.327170
1.326930
1.326944
1.327212
1.326891
1.327485
1.327831
1.327983
1.328577
1.328611
1.328973
1.329063
1.329103
1.329342
1.329447
1.329706
1.329793
1.330017
1.330122
1.330311
1.330431
1.330537
1.329958
1.329323
1.328271
1.327179
1.325979
1.324708
1.323195
1.321966
1.320971
1.319867
1.319026
1.318033
1.317227
1.316160
1.315240
1.314093
1.312790
1.311604
1.310787
1.309444
1.308235
1.307162
1.305810
1.304648
1.303324
1.302048
1.300493
1.299174
1.297845
1.296373
1.294824
1.293346
1.291900
1.290561
1.288854
1.287299
1.285819
1.284374
1.282734
1.281345
1.279729
1.278112
1.276617
1.275002
1.273766
1.272143
1.270576
1.269203
1.267548
1.266161
1.264570
1.263050
1.261537
1.260134
1.258671
1.257091
1.255588
1.254156
1.252705
1.251159
1.249714
1.248269
1.246861
1.245265
1.243818
1.242328
1.240997
1.239368
1.237909
1.236474
1.235062
1.233287
1.232186
1.230480
1.229030
1.227515
1.226164
1.224527
1.223125
1.221449
1.220078
1.218594
1.217171
1.215608
1.214311
1.212900
1.211379
1.210089
1.208510
1.207155
1.205861
1.204315
1.203013
1.201606
1.200190
1.198749
1.197357
1.196011
1.194692
1.193338
1.191840
1.190325
1.189207
1.187717
1.186375
1.184955
1.183626
1.182178
1.180826
1.179409
1.178082
1.176690
1.175349
1.173834
1.172539
1.171111
1.169726
1.168328
1.167013
1.165770
1.164251
1.162897
1.161418
1.160029
1.158728
1.157281
1.155776
1.154393
1.152998
1.151542
1.150110
1.148673
1.147492
1.146223
1.144749
1.143337
1.141979
1.140600
1.139272
1.137796
1.136454
1.135057
1.133576
1.132273
1.130975
1.129584
1.128292
1.126943
1.125593
1.124372
1.122941
1.121655
1.120454
1.118843
1.117664
1.116320
1.114995
1.113694
1.112314
1.111056
1.109974
1.108508
1.107323
1.106028
1.104731
1.103384
1.102127
1.100917
1.099631
1.098347
1.097136
1.096063
1.094608
1.093539
1.092296
1.091147
1.089968
1.088653
1.087579
1.086595
1.085144
1.084032
1.082982
1.081726
1.080723
1.079591
1.078470
1.077390
1.076244
1.075027
1.074147
1.072993
1.071991
1.070831
1.069853
1.068846
1.067634
1.066670
1.065824
1.064595
1.063706
1.062718
1.061696
1.060777
1.059931
1.058998
1.058285
1.057098
1.056238
1.055504
1.054588
1.053579
1.052745
1.051872
1.051477
1.050297
1.049663
1.049016
1.048128
1.047428
1.046754
1.046053
1.045219
1.044515
1.043853
1.043476
1.042613
1.041943
1.041558
1.040880
1.040326
1.039592
1.039233
1.038715
1.038008
1.037647
1.037279
1.036706
1.036320
1.035831
1.035480
1.035246
1.034597
1.034280
1.034122
1.033585
1.033358
1.033190
1.032664
1.032675
1.032173
1.032050
1.032005
1.031542
1.031473
1.031513
1.031042
1.030469
1.030230
1.030069
1.030580
1.031335
1.032115
1.032928
1.033368
1.033707
1.034097
1.034286
1.034398
1.034870
1.035137
1.035638
1.035703
1.036547
1.036980
1.037223
1.037842
1.038165
1.038524
1.039061
1.039468
1.039993
1.040388
1.040627
1.041308
1.041656
1.042093
1.042211
1.042932
1.043353
1.043676
1.044046
1.044547
1.045129
1.045496
1.045870
1.046421
1.046796
1.047196
1.047501
1.048430
1.048574
1.048997
1.049298
1.050064
1.050397
1.050898
1.051524
1.051937
1.052377
1.052613
1.053404
1.053709
1.054068
1.054422
1.055168
1.055671
1.056004
1.056449
1.057095
1.057629
1.057999
1.058303
1.059055
1.059441
1.059849
1.060340
1.061045
1.061292
1.061801
1.062434
1.063021
1.063239
1.063739
1.064371
1.064857
1.065301
1.065633
1.066174
1.066742
1.067154
1.067685
1.068255
1.068555
1.069080
1.069524
1.070307
1.070811
1.071139
1.071549
1.072642
1.073380
1.073785
1.074031
1.074058
1.073935
1.073789
1.074047
1.074310
1.074762
1.075287
1.075730
1.076228
1.076274
1.076691
1.076930
1.076992
1.077339
1.077389
1.077722
1.078129
1.078236
1.078665
1.079008
1.079124
1.079442
1.079440
1.079964
1.080169
1.080169
1.080783
1.081056
1.081168
1.081577
1.081951
1.082011
1.082435
1.082657
1.082830
1.083254
1.083360
1.083739
1.084089
1.084178
1.084502
1.084786
1.085136
1.085472
1.085626
1.086002
1.086353
1.086460
1.086807
1.086965
1.087363
1.087714
1.087803
1.088284
1.088602
1.088694
1.088888
1.089495
1.089617
1.089953
1.090035
1.090592
1.090788
1.090969
1.091255
1.091838
1.091999
1.092230
1.092417
1.092789
1.093226
1.093339
1.093644
1.094046
1.094069
1.094475
1.094799
1.094985
1.095403
1.095509
1.095913
1.096315
1.096440
1.096745
1.097195
1.097300
1.097705
1.097817
1.098216
1.098627
1.098733
1.098981
1.099369
1.099362
1.099841
1.100261
1.100448
1.100682
1.100926
1.101289
1.101701
1.101730
1.102213
1.102576
1.102693
1.103093
1.103114
1.103442
1.103925
1.103959
1.104271
1.104584
1.104711
1.105282
1.105705
1.105721
1.106132
1.106171
1.106649
1.106983
1.107081
1.107457
1.107859
1.107974
1.108263
1.108442
1.108783
1.109085
1.109301
1.109623
1.110114
1.110160
1.110550
1.110587
1.111068
1.111319
1.111509
1.111792
1.112248
1.112351
1.112511
1.112999
1.113029
1.113445
1.113639
1.113974
1.114460
1.114490
1.114744
1.115224
1.115353
1.115838
1.115871
1.116214
1.116776
1.116733
1.117168
1.117499
1.117544
1.118108
1.118361
1.118633
1.118970
1.119003
1.119456
1.119567
1.119839
1.120177
1.120511
1.120702
1.121042
1.121221
1.121566
1.121975
1.122085
1.122423
1.122915
1.122948
1.123449
1.123767
1.123812
1.124312
1.124422
1.124928
1.125253
1.125285
1.125787
1.126105
1.126312
1.126726
1.126669
1.127175
1.127501
1.127696
1.128117
1.128354
1.128521
1.128937
1.129230
1.129512
1.129852
1.129957
1.130377
1.130615
1.130897
1.131243
1.131642
1.131762
1.132109
1.132207
1.132628
1.133048
1.133148
1.133494
1.133984
1.134014
1.134360
1.134460
1.134880
1.135306
1.135401
1.135837
1.136339
1.136357
1.136703
1.137194
1.137223
1.137731
1.137836
1.138090
1.138598
1.138610
1.139039
1.139453
1.139477
1.139985
1.140014
1.140343
1.140852
1.140864
1.141293
1.141719
1.141731
1.142160
1.142574
1.142680
1.143106
1.143035
1.143547
1.144017
1.144029
1.144459
1.144794
1.144979
1.145405
1.145356
1.145847
1.146182
1.146285
1.146714
1.147044
1.147235
1.147491
1.147911
1.148103
1.148359
1.148543
1.148971
1.149300
1.149491
1.149748
1.150156
1.150359
1.150610
1.150800
1.151137
1.151466
1.151749
1.151999
1.152414
1.152617
1.152867
1.153358
1.153485
1.153680
1.153964
1.154213
1.154625
1.154831
1.155082
1.155573
1.155603
1.155939
1.156223
1.156472
1.156808
1.157090
1.157329
1.157832
1.157862
1.158198
1.158401
1.158731
1.159067
1.159351
1.159589
1.160092
1.160122
1.160458
1.161043
1.160992
1.161407
1.161612
1.161861
1.162352
1.162383
1.162719
1.163304
1.163252
1.163668
1.163873
1.164122
1.164537
1.164741
1.164980
1.165566
1.165514
1.165929
1.166436
1.166384
1.166799
1.167004
1.167242
1.167752
1.167776
1.168192
1.168698
1.168647
1.169062
1.169268
1.169517
1.169932
1.170136
1.170455
1.170961
1.170910
1.171325
1.171832
1.171780
1.172196
1.172401
1.172651
1.173225
1.173271
1.173589
1.174096
1.174135
1.174460
1.174665
1.174916
1.175407
1.175535
1.175866
1.176361
1.176406
1.176725
1.177232
1.177271
1.177673
1.177802
1.178052
1.178544
1.178672
1.179003
1.179498
1.179543
1.179874
1.180067
1.180409
1.180810
1.180938
1.181280
1.181764
1.181809
1.182140
1.182636
1.182681
1.183089
1.183206
1.183553
1.184031
1.184076
1.184419
1.184903
1.184948
1.185291
1.185473
1.185821
1.186310
1.186344
1.186693
1.187171
1.187216
1.187559
1.187742
1.188089
1.188411
1.188614
1.188961
1.189439
1.189485
1.189834
1.190312
1.191255
1.192362
1.192518
1.192649
1.192254
1.191091
1.190109
1.189941
1.190285
1.190907
1.191795
1.192531
1.193221
1.193524
1.193864
1.193694
1.193533
1.193930
1.193960
1.194349
1.194937
1.195071
1.195461
1.195979
1.196008
1.196303
1.196460
1.196786
1.197095
1.197294
1.197659
1.198000
1.199115
1.200078
1.200699
1.200382
1.200210
1.198813
1.197958
1.197871
1.198163
1.198693
1.199654
1.200502
1.201022
1.201419
1.201590
1.201486
1.201410
1.201744
1.201752
1.202159
1.202672
1.202797
1.203273
1.203714
1.203735
1.204114
1.204500
1.204513
1.204908
1.205031
1.205387
1.205820
1.206854
1.207902
1.208523
1.208206
1.208035
1.206725
1.205708
1.205532
1.205982
1.206446
1.207400
1.208167
1.208777
1.209167
1.209429
1.209241
1.209163
1.209409
1.209598
1.209919
1.210420
1.210713
1.211035
1.211468
1.211575
1.211967
1.212186
1.212353
1.212762
1.212718
1.214130
1.214974
1.215451
1.215604
1.215207
1.214038
1.212948
1.212475
1.213206
1.213754
1.214640
1.215469
1.216089
1.216408
1.216283
1.216561
1.216497
1.216651
1.216831
1.217239
1.217449
1.217796
1.218347
1.218493
1.218734
1.219198
1.219280
1.219605
1.219930
1.220114
1.221384
1.222220
1.222691
1.222849
1.222526
1.221296
1.220346
1.219872
1.220157
1.220917
1.222041
1.222801
1.223343
1.223811
1.223684
1.223817
1.223725
1.223747
1.224081
1.224254
1.224759
1.225197
1.225604
1.225812
1.226138
1.226456
1.226600
1.226917
1.226946
1.227359
1.228615
1.229467
1.230100
1.229790
1.229851
1.228222
1.227596
1.227192
1.227385
1.228320
1.229287
1.230034
1.230578
1.230759
1.230918
1.230744
1.230992
1.230995
1.231315
1.231425
1.232013
1.232432
1.232534
1.232989
1.233297
1.233386
1.233695
1.233863
1.234181
1.234532
1.235659
1.236707
1.237198
1.237031
1.236723
1.235461
1.234458
1.234289
1.234655
1.235480
1.236460
1.237222
1.237517
1.237927
1.238108
1.237995
1.238155
1.238170
1.238283
1.238668
1.239184
1.239318
1.239794
1.240154
1.240260
1.240659
1.240943
1.241040
1.241456
1.241491
1.241816
1.243248
1.243920
1.244551
1.244542
1.244377
1.243054
1.242039
1.241558
1.242001
1.242854
1.243737
1.244493
1.245205
1.245520
1.245379
1.245671
1.245438
1.245447
1.245859
1.246045
1.246392
1.246895
1.247470
1.247439
1.247843
1.247934
1.248319
1.248555
1.248653
1.249157
1.250032
1.251261
1.251742
1.251594
1.251267
1.249862
1.249008
1.248837
1.249198
1.249961
1.250935
1.251774
1.252306
1.252404
1.252661
1.252472
1.252638
1.252730
1.253059
1.253154
1.253593
1.254184
1.254280
1.254640
1.255127
1.255134
1.255430
1.255453
1.255937
1.256283
1.257235
1.258474
1.258946
1.258718
1.258470
1.257148
1.256210
1.256115
1.256310
1.257166
1.257911
1.258749
1.259204
1.259695
1.259943
1.259679
1.259615
1.259931
1.260038
1.260360
1.260877
1.261157
1.261563
1.261843
1.262101
1.262418
1.262639
1.262892
1.263218
1.263264
1.263534
1.264129
1.265095
1.266220
1.266691
1.266619
1.266200
1.264958
1.264016
1.263846
1.264138
1.264995
1.265947
1.266801
1.267035
1.267416
1.267681
1.267502
1.267729
1.267662
1.267775
1.268183
1.268769
1.268813
1.269304
1.269818
1.269848
1.270157
1.270532
1.270630
1.270874
1.270998
1.271509
1.272692
1.273538
1.274088
1.274161
1.273913
1.272581
1.271727
1.271251
1.271444
1.272299
1.273351
1.274100
1.274655
1.275130
1.274988
1.275121
1.275055
1.275067
1.275388
1.275499
1.276001
1.276510
1.276926
1.277066
1.277378
1.277469
1.277779
1.278253
1.278267
1.278619
1.279732
1.280797
1.281289
1.281122
1.280813
1.279549
1.278545
1.278376
1.278823
1.279571
1.280554
1.281318
1.281922
1.282026
1.282207
1.282094
1.282255
1.282272
1.282690
1.282772
1.283289
1.283812
1.283982
1.284262
1.284675
1.284770
1.285054
1.285152
1.285570
1.285900
1.286863
1.288102
1.288491
1.288427
1.288015
1.286853
1.285849
1.285666
1.285936
1.286792
1.287552
1.288294
1.288836
1.289330
1.289501
1.289312
1.289329
1.289577
1.289584
1.289995
1.290595
1.290639
1.291115
1.291569
1.291674
1.291982
1.292361
1.292458
1.292704
1.293724
1.294959
1.295277
1.295292
1.294817
1.293662
1.292730
1.292468
1.292755
1.293753
1.294648
1.295406
1.296023
1.296120
1.296296
1.296122
1.296440
1.296376
1.296697
1.296806
1.297399
1.297835
1.297921
1.298450
1.298781
1.298779
1.299091
1.299264
1.299595
1.299933
1.301052
1.302205
1.302605
1.302456
1.302130
1.300883
1.299874
1.299689
1.299976
1.300678
1.301579
1.302329
1.303038
1.303359
1.303449
1.303353
1.303359
1.303606
1.303621
1.304115
1.304625
1.304835
1.305153
1.305608
1.305782
1.306011
1.306401
1.306491
1.306904
1.306854
1.308211
1.309130
1.309524
1.309762
1.309358
1.308188
1.307184
1.306612
1.307283
1.307982
1.308889
1.309558
1.310333
1.310670
1.310448
1.310728
1.310670
1.310912
1.310919
1.311413
1.311631
1.312065
1.312530
1.312683
1.313013
1.313479
1.313393
1.313799
1.313898
1.314235
1.314687
1.315729
1.316869
1.317267
1.317186
1.316786
1.315603
1.314515
1.314345
1.314788
1.315711
1.316620
1.317289
1.318076
1.318095
1.318182
1.318160
1.318402
1.318343
1.318279
1.318922
1.319363
1.319408
1.319970
1.320416
1.320356
1.320739
1.321210
1.321141
1.321478
1.321747
1.322115
1.323300
1.324290
1.324607
1.324916
1.324433
1.323266
1.322334
1.321767
1.322052
1.323054
1.324040
1.324715
1.325433
1.325824
1.325607
1.325822
1.325747
1.325673
1.326009
1.326203
1.326783
1.327135
1.327635
1.327760
1.328083
1.328486
1.328513
1.328891
1.328921
1.329356
1.330696
1.331539
1.331949
1.331864
1.331782
1.330206
1.329591
1.329115
1.329469
1.330307
1.331216
1.332064
1.332587
1.332691
1.332956
1.332761
1.333000
1.333023
1.333360
1.333448
1.334043
1.334485
1.334576
1.335014
1.335434
1.335448
1.335738
1.335915
1.336250
1.336513
1.337705
1.338787
1.339337
1.339112
1.338706
1.337537
1.336532
1.336271
1.336627
1.337638
1.338547
1.339302
1.339611
1.340023
1.340116
1.340012
1.340331
1.340273
1.340213
1.340780
1.341294
1.341339
1.341816
1.342353
1.342379
1.342608
1.343072
1.343165
1.343412
1.343459
1.344055
1.345327
1.346085
1.346640
1.346709
1.346465
1.345043
1.344129
1.343722
1.344078
1.344845
1.345754
1.346672
1.347301
1.347539
1.347566
1.347771
1.347540
1.347481
1.347969
1.348153
1.348502
1.349027
1.349510
1.349556
1.349894
1.350061
1.350444
1.350682
1.350795
1.351212
1.352258
1.353330
1.353883
1.353655
1.353406
1.351997
1.351071
1.350970
1.351257
1.352100
1.353005
1.353923
1.354381
1.354482
1.354826
1.354643
1.354791
1.354733
1.355221
1.355408
1.355754
1.356359
1.356450
1.356809
1.357226
1.357312
1.357701
1.357628
1.358116
1.358546
1.358604
1.359859
1.360784
1.361177
1.361409
1.361013
1.359825
1.358823
1.358426
1.358917
1.359546
1.360533
1.361370
1.361835
1.362319
1.362263
1.362306
1.362243
1.362647
1.362667
1.363071
1.363206
1.363795
1.364290
1.364261
1.364755
1.365067
1.365149
1.365382
1.365565
1.365994
1.366273
1.367390
1.368542
1.369019
1.368859
1.368458
1.367273
1.366185
1.366014
1.366447
1.367307
1.367896
1.369127
1.369367
1.369681
1.370027
1.369838
1.369990
1.369932
1.370108
1.370526
1.370955
1.371253
1.371655
1.372011
1.372124
1.372508
1.372808
1.372912
1.373329
1.373361
1.373716
1.375077
1.375986
1.376387
1.376613
1.376211
1.374963
1.373935
1.373541
1.373827
1.374755
1.375570
1.376497
1.377134
1.377359
1.377391
1.377605
1.377364
1.377376
1.377796
1.377988
1.378323
1.378925
1.379344
1.379384
1.379876
1.379891
1.380283
1.380507
1.380696
1.381050
1.381999
1.383236
1.383727
1.383562
1.383169
1.381989
1.380977
1.380808
1.381084
1.381933
1.382998
1.383754
1.384295
1.384477
1.384660
1.384466
1.384792
1.384728
1.384975
1.385155
1.385752
1.386195
1.386286
1.386737
1.387147
1.387070
1.387452
1.387634
1.387966
1.388309
1.388444
1.389794
1.390470
1.391109
1.391096
1.390934
1.389601
1.388591
1.388187
1.388857
1.389405
1.390305
1.391145
1.391773
1.392013
1.392039
1.392251
1.392015
1.392342
1.392445
1.392941
1.392980
1.393502
1.393316
1.392074
1.390587
1.389277
1.386922
1.385253
1.383565
1.381651
1.379607
1.377632
1.375532
1.373103
1.370516
1.367893
1.365139
1.362765
1.360159
1.357107
1.354508
1.351821
1.348686
1.345855
1.343012
1.339580
1.336589
1.333037
1.329949
1.326907
1.323499
1.321366
1.318204
1.314980
1.311582
1.308293
1.304887
1.301877
1.298285
1.295030
1.291981
1.288327
1.285050
1.281824
1.278165
1.275010
1.271196
1.268156
1.264625
1.261041
1.257653
1.254055
1.250472
1.247179
1.243440
1.239867
1.236628
1.232832
1.229506
1.226028
1.222397
1.218921
1.215347
1.211983
1.208468
1.205084
1.201828
1.198576
1.194943
1.191819
1.188330
1.185155
1.182087
1.178814
1.175674
1.172814
1.169601
1.166558
1.163674
1.160520
1.157881
1.154824
1.151869
1.149286
1.146303
1.143892
1.141114
1.138369
1.135821
1.133078
1.130585
1.128137
1.125715
1.123354
1.121218
1.118714
1.116310
1.114341
1.112070
1.109865
1.107494
1.105493
1.103674
1.101479
1.099374
1.097441
1.095476
1.093599
1.091561
1.089743
1.087963
1.086140
1.084365
1.082672
1.080839
1.079140
1.077603
1.075851
1.074215
1.072611
1.071034
1.069654
1.067992
1.066631
1.065212
1.063742
1.062211
1.060806
1.059338
1.058213
1.056826
1.055680
1.054415
1.053010
1.051876
1.050527
1.049184
1.048294
1.047043
1.045869
1.044883
1.043649
1.042596
1.041659
1.040539
1.039722
1.039300
1.038251
1.037477
1.036254
1.035085
1.033695
1.032655
1.031877
1.031232
1.030473
1.029694
1.029092
1.028243
1.027247
1.026541
1.025784
1.024953
1.024102
1.023250
1.022413
1.021843
1.021090
1.020448
1.019677
1.019020
1.018661
1.017905
1.017514
1.017020
1.016635
1.016309
1.015708
1.015512
1.015087
1.014672
1.014822
1.014363
1.013844
1.013429
1.013018
1.012552
1.012442
1.012249
1.011913
1.011298
1.011221
1.010928
1.010920
1.010762
1.010727
1.011075
1.010908
1.010817
1.010710
1.010626
1.010654
1.010572
1.010576
1.010290
1.010446
1.009941
1.009501
1.009325
1.009365
1.009421
1.010256
1.010220
1.009827
1.009690
1.009280
1.009407
1.009674
1.009807
1.010276
1.010499
1.011006
1.011093
1.011301
1.011402
1.011396
1.011726
1.011790
1.011951
1.011761
1.011259
1.010709
1.010742
1.010627
1.011217
1.012148
1.012812
1.013091
1.013004
1.012686
1.012428
1.012356
1.012431
1.012841
1.013368
1.014252
1.014526
1.015136
1.015020
1.015113
1.015507
1.015530
1.015681
1.016332
1.016636
1.016696
1.017216
1.017500
1.018006
1.017392
1.017142
1.016429
1.016046
1.016194
1.016888
1.017887
1.019072
1.018933
1.018836
1.018517
1.018221
1.018058
1.018327
1.019143
1.019465
1.020374
1.020654
1.021184
1.021218
1.021550
1.021764
1.021960
1.022334
1.022630
1.022848
1.023306
1.023551
1.024167
1.024299
1.023788
1.023404
1.022929
1.022657
1.022713
1.023385
1.024455
1.025643
1.025790
1.025486
1.024998
1.024666
1.024747
1.024870
1.025715
1.026077
1.026710
1.027327
1.027532
1.028065
1.028257
1.028263
1.028399
1.028882
1.028519
1.028270
1.027695
1.027362
1.027560
1.028268
1.029265
1.030434
1.030689
1.030476
1.029847
1.029625
1.029730
1.029954
1.030688
1.030920
1.031520
1.032329
1.032639
1.033187
1.033271
1.033441
1.033464
1.033609
1.032961
1.032366
1.032414
1.032615
1.033223
1.034305
1.035036
1.035191
1.035352
1.034894
1.034633
1.034653
1.034898
1.035327
1.036117
1.036885
1.037222
1.037781
1.037862
1.038332
1.038607
1.038616
1.038333
1.037987
1.037475
1.037613
1.037708
1.038398
1.039671
1.040405
1.040527
1.040168
1.039700
1.039559
1.039675
1.040325
1.040689
1.041480
1.041861
1.042636
1.042919
1.043357
1.043424
1.043554
1.044209
1.044128
1.043877
1.043653
1.043125
1.043170
1.043285
1.044050
1.045144
1.045968
1.046172
1.045806
1.045504
1.045285
1.045394
1.045796
1.046284
1.047162
1.047490
1.048126
1.048496
1.049051
1.049200
1.049139
1.049700
1.050013
1.049609
1.049396
1.048947
1.048762
1.049100
1.049710
1.050803
1.051626
1.052045
1.051755
1.051145
1.051076
1.051099
1.051822
1.052002
1.052844
1.053385
1.054111
1.054409
1.054884
1.055100
1.055635
1.055461
1.055437
1.055344
1.054779
1.054288
1.054329
1.054386
1.055096
1.056123
1.056932
1.057129
1.056793
1.056447
1.056267
1.056341
1.056899
1.057211
1.057981
1.058339
1.059024
1.059079
1.059623
1.059864
1.060308
1.060451
1.060828
1.061031
1.060893
1.060709
1.060072
1.059789
1.059896
1.060488
1.061522
1.062565
1.062549
1.062582
1.062116
1.062039
1.062195
1.062392
1.062900
1.063404
1.064215
1.064357
1.064873
1.065183
1.065546
1.065602
1.065703
1.066379
1.066573
1.066725
1.066970
1.066386
1.065818
1.065940
1.065767
1.066451
1.067391
1.068189
1.068420
1.068041
1.068296
1.068020
1.067917
1.068198
1.068642
1.069404
1.070085
1.070357
1.070820
1.071010
1.071171
1.071540
1.071735
1.071980
1.072403
1.072187
1.072049
1.071375
1.071233
1.071309
1.072119
1.072902
1.073869
1.073631
1.073675
1.073481
1.073383
1.073377
1.073651
1.074257
1.074770
1.075455
1.075761
1.076316
1.076622
1.076902
1.076989
1.077126
1.077718
1.077913
1.078143
1.078134
1.077655
1.077540
1.077169
1.077323
1.078154
1.079117
1.079981
1.080156
1.079921
1.079617
1.079447
1.079594
1.079846
1.080231
1.080859
1.081654
1.082003
1.082614
1.082644
1.082803
1.083321
1.083451
1.083550
1.084245
1.084002
1.083841
1.083580
1.083164
1.083251
1.083820
1.084682
1.085847
1.086279
1.085844
1.085585
1.085524
1.085518
1.085889
1.086599
1.087085
1.087938
1.088749
1.088750
1.089057
1.089162
1.089324
1.089446
1.089919
1.090171
1.090284
1.089889
1.089459
1.089432
1.089515
1.090177
1.091247
1.091965
1.092264
1.092086
1.091583
1.091437
1.091644
1.092189
1.092592
1.093273
1.093719
1.094397
1.094956
1.095108
1.095356
1.095823
1.096035
1.096178
1.096977
1.097060
1.096719
1.096567
1.096043
1.096079
1.095845
1.096709
1.097584
1.098679
1.099033
1.098682
1.098483
1.098224
1.098223
1.098863
1.099244
1.099910
1.100409
1.101210
1.101292
1.101787
1.101951
1.102101
1.102432
1.102687
1.102868
1.102927
1.102393
1.101880
1.101919
1.102065
1.102818
1.103853
1.104755
1.104970
1.104555
1.104700
1.104603
1.104764
1.105028
1.105503
1.106370
1.107159
1.107423
1.108066
1.108301
1.108362
1.108747
1.108798
1.109104
1.109668
1.109881
1.109730
1.109348
1.108896
1.108910
1.109065
1.109723
1.110973
1.111621
1.111898
1.111803
1.111428
1.111165
1.111173
1.111720
1.112156
1.112905
1.113333
1.114046
1.114135
1.114874
1.114865
1.115011
1.115505
1.115674
1.115934
1.116583
1.116704
1.117367
1.117083
1.116593
1.116148
1.115905
1.116062
1.116652
1.117774
1.118639
1.118965
1.119000
1.118604
1.118500
1.118599
1.118827
1.119555
1.120001
1.120874
1.121220
1.121783
1.122049
1.122542
1.122655
1.122714
1.123268
1.123559
1.123837
1.123793
1.123328
1.122787
1.122884
1.123058
1.123681
1.124877
1.125662
1.125885
1.125633
1.125544
1.125550
1.125474
1.125858
1.126084
1.126970
1.127661
1.128004
1.128582
1.128749
1.128868
1.129285
1.129598
1.129726
1.130248
1.130484
1.130751
1.130803
1.130391
1.130007
1.129644
1.129811
1.130571
1.131666
1.132398
1.132776
1.132729
1.132427
1.132377
1.132364
1.132677
1.133019
1.133855
1.134564
1.134927
1.135379
1.135656
1.135804
1.136279
1.136520
1.136688
1.137365
1.137557
1.138053
1.137811
1.137525
1.137136
1.136865
1.136846
1.137561
1.138518
1.139311
1.139706
1.139758
1.139564
1.139497
1.139044
1.138645
1.138651
1.138629
1.139115
1.140229
1.141540
1.142328
1.142691
1.142168
1.141895
1.142202
1.142275
1.142517
1.142045
1.142111
1.142017
1.142906
1.144149
1.145033
1.145515
1.145517
1.145372
1.145317
1.145433
1.146030
1.146282
1.146998
1.147517
1.148114
1.148394
1.148972
1.149115
1.149216
1.149771
1.149862
1.150198
1.150677
1.150829
1.151373
1.151572
1.151857
1.151818
1.151563
1.151480
1.151700
1.152109
1.152833
1.153836
1.154514
1.154764
1.154772
1.154626
1.154719
1.154933
1.155360
1.155920
1.156412
1.157104
1.157452
1.157922
1.158136
1.158478
1.158751
1.158902
1.159111
1.159538
1.159986
1.160140
1.160620
1.160951
1.161224
1.161546
1.161857
1.161711
1.161237
1.161137
1.161408
1.161594
1.162320
1.163326
1.164178
1.164355
1.164319
1.164201
1.164249
1.164295
1.164511
1.164985
1.165417
1.166171
1.166318
1.166832
1.167072
1.167208
1.167057
1.166541
1.166230
1.166249
1.166327
1.166941
1.167977
1.168530
1.168908
1.168853
1.168890
1.168805
1.169036
1.169285
1.169473
1.170193
1.170537
1.170993
1.171155
1.171517
1.171604
1.172122
1.172109
1.172458
1.172771
1.173265
1.173525
1.173882
1.174259
1.174573
1.175010
1.175065
1.175390
1.175585
1.175943
1.176113
1.176344
1.176724
1.176809
1.176968
1.177353
1.177638
1.177653
1.178090
1.178110
1.178388
1.178339
1.177942
1.177929
1.177970
1.178155
1.178940
1.179846
1.180480
1.180649
1.180791
1.180635
1.180663
1.180772
1.181210
1.181664
1.182226
1.182910
1.183330
1.183813
1.184053
1.184207
1.184703
1.184783
1.185268
1.185589
1.186083
1.186267
1.186571
1.186932
1.186870
1.186329
1.186023
1.185931
1.186020
1.186655
1.187610
1.188196
1.188331
1.188370
1.188367
1.188394
1.188541
1.188764
1.189160
1.189826
1.190227
1.190760
1.191034
1.191339
1.191525
1.191836
1.192148
1.191920
1.191722
1.191498
1.191470
1.191600
1.192431
1.193054
1.193885
1.194072
1.193934
1.193796
1.193777
1.193921
1.194208
1.194686
1.195277
1.195601
1.195922
1.196392
1.196609
1.196799
1.197020
1.197266
1.197583
1.197653
1.198254
1.198347
1.198546
1.198521
1.198329
1.197847
1.197794
1.198020
1.198624
1.199612
1.200332
