0.990938
0.990938
0.990938
0.990938
0.990938
0.990938
0.990938
0.990938
0.990938
0.990938
0.990938
0.990938
0.990938
0.990938
0.990938
0.990938
0.990938
0.990938
0.990938
0.990938
0.990938
0.990938
0.990883
0.990826
0.990558
0.990228
0.989849
0.989229
0.988201
0.986663
0.985414
0.983796
0.982238
0.980420
0.978752
0.976808
0.974816
0.972387
0.969373
0.966029
0.962275
0.958654
0.955134
0.951679
0.948509
0.945242
0.941841
0.938171
0.934281
0.930206
0.925803
0.921350
0.917163
0.912912
0.908765
0.904631
0.900488
0.896373
0.892279
0.888190
0.883963
0.879563
0.875370
0.871156
0.867105
0.863059
0.858718
0.854611
0.850396
0.846317
0.842258
0.838007
0.833819
0.829654
0.825432
0.821378
0.817090
0.812946
0.808799
0.804541
0.800415
0.796332
0.792125
0.788021
0.783913
0.779695
0.775510
0.771470
0.767190
0.763074
0.758941
0.754806
0.750554
0.746740
0.742494
0.738322
0.734365
0.730208
0.726099
0.722175
0.718125
0.714143
0.710304
0.706187
0.702271
0.698436
0.694424
0.690471
0.686489
0.682614
0.678676
0.674759
0.670909
0.666867
0.662944
0.659035
0.654887
0.651055
0.647150
0.643141
0.639269
0.635336
0.631308
0.627495
0.623375
0.619482
0.615567
0.611725
0.607810
0.603975
0.600033
0.596203
0.592216
0.588471
0.584641
0.580834
0.577048
0.573245
0.569479
0.565760
0.562092
0.558189
0.554344
0.550646
0.546932
0.543283
0.539618
0.535870
0.532136
0.528435
0.524811
0.521219
0.517522
0.513901
0.510283
0.506782
0.503126
0.499563
0.495881
0.492295
0.488991
0.485264
0.481804
0.478361
0.474754
0.471413
0.467937
0.464510
0.461107
0.457670
0.454348
0.450945
0.447692
0.444326
0.441087
0.437734
0.434406
0.431237
0.427967
0.424819
0.421612
0.418497
0.415247
0.412040
0.408984
0.405833
0.402869
0.399695
0.396631
0.393514
0.390663
0.387596
0.384570
0.381519
0.378579
0.375742
0.372749
0.369773
0.367032
0.364179
0.361406
0.358502
0.355650
0.352835
0.350032
0.347338
0.344572
0.341822
0.339077
0.336396
0.333707
0.331065
0.328441
0.325685
0.323158
0.320568
0.317899
0.315315
0.312801
0.310305
0.307778
0.305244
0.302813
0.300158
0.297889
0.295297
0.292918
0.290587
0.288055
0.285728
0.283359
0.280963
0.278507
0.276247
0.274018
0.271690
0.269427
0.266962
0.264771
0.262598
0.260225
0.257991
0.255717
0.253543
0.251487
0.249307
0.247093
0.244923
0.242901
0.240788
0.238794
0.236747
0.234569
0.232602
0.230517
0.228630
0.226595
0.224632
0.222646
0.220760
0.218860
0.216866
0.215012
0.213174
0.211400
0.209461
0.207675
0.205797
0.204071
0.202280
0.200449
0.198788
0.197142
0.195363
0.193797
0.192021
0.190457
0.188715
0.187093
0.185500
0.183766
0.182258
0.180778
0.179129
0.177666
0.176083
0.174520
0.173063
0.171557
0.170003
0.168623
0.167188
0.165637
0.164210
0.162796
0.161410
0.159979
0.158694
0.157233
0.155832
0.154532
0.153296
0.151850
0.150562
0.149281
0.147891
0.146636
0.145378
0.144146
0.142841
0.141603
0.140277
0.139101
0.137914
0.136654
0.135474
0.134293
0.133099
0.131900
0.130817
0.129542
0.128457
0.127296
0.126137
0.124990
0.123942
0.122853
0.121649
0.120713
0.119502
0.118427
0.117353
0.116246
0.115309
0.114092
0.113270
0.112071
0.111004
0.110090
0.109125
0.108115
0.107011
0.105989
0.105065
0.104168
0.103103
0.102180
0.101078
0.100226
0.099295
0.098278
0.097368
0.096301
0.095487
0.094652
0.093655
0.092710
0.091731
0.090820
0.090023
0.089151
0.088296
0.087415
0.086493
0.085679
0.084767
0.083928
0.083079
0.082307
0.081444
0.080629
0.079916
0.078996
0.078269
0.077460
0.076570
0.075826
0.075040
0.074324
0.073600
0.072907
0.072070
0.071347
0.070653
0.069939
0.069164
0.068396
0.067657
0.067017
0.066291
0.065578
0.064862
0.064215
0.063653
0.062944
0.062177
0.061589
0.060818
0.060217
0.059446
0.058879
0.058254
0.057627
0.056948
0.056287
0.055673
0.055134
0.054440
0.053906
0.053222
0.052636
0.052031
0.051355
0.050841
0.050269
0.049638
0.049127
0.048454
0.047904
0.047280
0.046718
0.046186
0.045589
0.045073
0.044543
0.044031
0.043463
0.043014
0.042366
0.041906
0.041464
0.040871
0.040434
0.040045
0.039484
0.039030
0.038551
0.038224
0.037683
0.037305
0.036835
0.036439
0.036025
0.035654
0.035307
0.034783
0.034388
0.034065
0.033656
0.033301
0.032924
0.032500
0.032176
0.031855
0.031497
0.031147
0.030861
0.030495
0.030141
0.029813
0.029488
0.029221
0.028913
0.028506
0.028214
0.028001
0.027754
0.027350
0.027073
0.026881
0.026544
0.026277
0.025993
0.025715
0.025466
0.025273
0.025002
0.024716
0.024379
0.024135
0.023965
0.023796
0.023503
0.023294
0.023053
0.022820
0.022616
0.022420
0.022212
0.021965
0.021716
0.021560
0.021356
0.021144
0.020985
0.020740
0.020518
0.020371
0.020187
0.020018
0.019866
0.019696
0.019446
0.019293
0.019121
0.018949
0.018779
0.018647
0.018494
0.018249
0.018133
0.018040
0.017844
0.017718
0.017546
0.017470
0.017260
0.017184
0.017028
0.016951
0.016819
0.016703
0.016530
0.016417
0.016284
0.016208
0.016091
0.015999
0.015882
0.015744
0.015627
0.015534
0.015418
0.015325
0.015249
0.015132
0.015040
0.014960
0.014864
0.014787
0.014671
0.014578
0.014501
0.014425
0.014369
0.014252
0.014176
0.014083
0.014006
0.013950
0.013874
0.013757
0.013721
0.013664
0.013548
0.013471
0.013419
0.013339
0.013262
0.013169
0.013130
0.013053
0.012960
0.012960
0.012844
0.012767
0.012751
0.012635
0.012635
0.012558
0.012465
0.012426
0.012349
0.012349
0.012256
0.012177
0.012140
0.012060
0.012044
0.011927
0.011927
0.011851
0.011851
0.011758
0.011718
0.011641
0.011641
0.011549
0.011549
0.011469
0.011432
0.011392
0.011340
0.011340
0.011223
0.011223
0.011183
0.011147
0.011091
0.011014
0.011014
0.010974
0.010937
0.010897
0.010844
0.010804
0.010764
0.010727
0.010727
0.010687
0.010635
0.010555
0.010555
0.010518
0.010478
0.010478
0.010442
0.010386
0.010346
0.010309
0.010269
0.010269
0.010233
0.010233
0.010177
0.010177
0.010140
0.010100
0.010100
0.010063
0.010063
0.010023
0.010023
0.009971
0.009971
0.009931
0.009931
0.009894
0.009894
0.009854
0.009854
0.009817
0.009801
0.009761
0.009761
0.009761
0.009724
0.009684
0.009684
0.009684
0.009648
0.009648
0.009608
0.009592
0.009592
0.009555
0.009555
0.009515
0.009515
0.009515
0.009515
0.009479
0.009479
0.009439
0.009439
0.009439
0.009423
0.009386
0.009346
0.009346
0.009346
0.009346
0.009346
0.009309
0.009309
0.009269
0.009269
0.009269
0.009269
0.009269
0.009233
0.009217
0.009177
0.009177
0.009177
0.009177
0.009177
0.009177
0.009140
0.009140
0.009140
0.009140
0.009140
0.009140
0.009140
0.009140
0.009140
0.009140
0.009140
0.009140
