0.238761
0.238761
0.238761
0.238761
0.238761
0.238761
0.238761
0.238761
0.238761
0.238716
0.238673
0.238631
0.238503
0.238374
0.238246
0.238096
0.238032
0.237924
0.237887
0.237760
0.237707
0.237544
0.237240
0.237003
0.236786
0.236540
0.236324
0.236199
0.236231
0.235976
0.235815
0.235610
0.235262
0.234862
0.234547
0.234286
0.234125
0.233884
0.233605
0.233244
0.233005
0.232496
0.232095
0.231769
0.231438
0.231109
0.230788
0.230714
0.230278
0.229886
0.229347
0.228867
0.228514
0.228177
0.227933
0.227444
0.227207
0.226666
0.226229
0.225843
0.225193
0.224795
0.224261
0.224001
0.223520
0.223056
0.222518
0.222034
0.221403
0.220989
0.220460
0.219895
0.219420
0.218853
0.218431
0.217919
0.217369
0.216676
0.215914
0.215439
0.214832
0.214294
0.213658
0.213146
0.212548
0.211857
0.211052
0.210382
0.209684
0.208977
0.208301
0.207634
0.207006
0.206246
0.205506
0.204676
0.203824
0.202985
0.202196
0.201563
0.200783
0.199954
0.199083
0.198410
0.197362
0.196521
0.195624
0.194852
0.193933
0.193076
0.192316
0.191548
0.190689
0.189885
0.189189
0.188334
0.187529
0.187006
0.186189
0.185476
0.184617
0.183820
0.182837
0.181979
0.181095
0.180136
0.179202
0.178329
0.177491
0.176483
0.175602
0.174558
0.173479
0.172448
0.171471
0.170299
0.169331
0.168240
0.167302
0.166286
0.165237
0.164184
0.163309
0.162272
0.161305
0.160383
0.159459
0.158460
0.157619
0.156603
0.155747
0.154978
0.153950
0.153151
0.152263
0.151415
0.150589
0.149791
0.148978
0.148144
0.147363
0.146610
0.145859
0.144982
0.144212
0.143468
0.142809
0.141888
0.141204
0.140493
0.139713
0.139070
0.138269
0.137678
0.137012
0.136298
0.135558
0.134957
0.134197
0.133558
0.132954
0.132271
0.131669
0.130973
0.130379
0.129770
0.129122
0.128318
0.127953
0.127287
0.126640
0.126081
0.125518
0.125106
0.124521
0.124012
0.123301
0.122889
0.122305
0.121643
0.121304
0.120772
0.120170
0.119662
0.119115
0.118712
0.118137
0.117618
0.117111
0.116669
0.116171
0.115581
0.115157
0.114683
0.114186
0.113679
0.113286
0.112787
0.112254
0.111893
0.111355
0.110899
0.110484
0.110104
0.109582
0.109149
0.108669
0.108262
0.107834
0.107440
0.107021
0.106518
0.106169
0.105720
0.105216
0.104872
0.104469
0.103953
0.103579
0.103183
0.102823
0.102525
0.102089
0.101797
0.101268
0.101049
0.100759
0.100305
0.100022
0.099640
0.099336
0.099050
0.098655
0.098410
0.098078
0.097814
0.097527
0.097180
0.096848
0.096647
0.096434
0.096114
0.095846
0.095523
0.095317
0.095134
0.094881
0.094619
0.094346
0.094133
0.093997
0.093691
0.093448
0.093217
0.093031
0.092803
0.092655
0.092367
0.092226
0.092025
0.091810
0.091676
0.091424
0.091174
0.091075
0.090943
0.090873
0.090643
0.090533
0.090419
0.090238
0.090145
0.089948
0.089791
0.089636
0.089526
0.089486
0.089209
0.089087
0.088969
0.088837
0.088763
0.088591
0.088510
0.088325
0.088230
0.088169
0.087993
0.087836
0.087787
0.087649
0.087550
0.087465
0.087344
0.087225
0.087132
0.087008
0.086986
0.086880
0.086723
0.086657
0.086558
0.086496
0.086432
0.086330
0.086175
0.086104
0.085917
0.085796
0.085714
0.180860
0.180808
0.180679
0.180607
0.180515
0.180427
0.180315
0.180232
0.180164
0.180071
0.180011
0.179948
0.179888
0.179770
0.179733
0.179672
0.179636
0.179521
0.179483
0.179422
0.179397
0.179314
0.179224
0.179163
0.179138
0.179100
0.179040
0.179013
0.178940
0.178918
0.178895
0.178833
0.178818
0.178769
0.178731
0.178683
0.178659
0.178622
0.178598
0.178537
0.178537
0.178469
0.178421
0.178421
0.178360
0.178360
0.178300
0.178277
0.178239
0.178239
0.178268
0.178312
0.178297
0.178286
0.178259
0.178259
0.178244
0.178243
0.178228
0.178228
0.178250
0.178190
0.178212
0.178175
0.178152
0.178137
0.178137
0.178137
0.178099
0.178099
0.084754
0.084754
0.084754
0.084716
0.084716
0.084716
0.084660
0.084557
0.084459
0.084274
0.084045
0.083870
0.083601
0.083392
0.083213
0.082985
0.082819
0.082636
0.082420
0.082223
0.082030
0.081662
0.081407
0.081184
0.080952
0.080718
0.080517
0.080298
0.080025
0.079846
0.079615
0.079414
0.079168
0.078971
0.078747
0.078538
0.078282
0.078091
0.077907
0.077697
0.077496
0.077228
0.077050
0.076841
0.076644
0.076394
0.076198
0.075988
0.075810
0.075578
0.075345
0.075167
0.074970
0.074774
0.074583
0.074391
0.074182
0.073982
0.073772
0.073594
0.073465
0.073282
0.073104
0.072931
0.072758
0.072548
0.072305
0.071996
0.071770
0.071570
0.071465
0.071314
0.071194
0.070984
0.070847
0.070681
0.070432
0.070240
0.070042
0.069775
0.069656
0.069437
0.069287
0.069098
0.068872
0.068596
0.068305
0.067981
0.067574
0.067245
0.066926
0.066590
0.066330
0.066019
0.065734
0.065431
0.065092
0.064828
0.064497
0.064205
0.063872
0.063544
0.063251
0.062919
0.062610
0.062349
0.061958
0.061675
0.061361
0.061053
0.060720
0.060392
0.060097
0.059790
0.059518
0.059054
0.058742
0.058365
0.058031
0.057728
0.057418
0.057070
0.056771
0.056417
0.056107
0.055770
0.055500
0.055161
0.054824
0.054516
0.054192
0.053941
0.053590
0.053320
0.052956
0.052668
0.052360
0.052065
0.051752
0.051418
0.051106
0.050804
0.050515
0.050232
0.049894
0.049612
0.049342
0.049021
0.048771
0.048526
0.048257
0.048056
0.047827
0.047615
0.047393
0.047223
0.047006
0.046815
0.046651
0.046404
0.046241
0.046056
0.045847
0.045671
0.045481
0.045272
0.045070
0.044919
0.044785
0.044599
0.044406
0.044181
0.043979
0.043818
0.043580
0.043407
0.043193
0.043004
0.042745
0.042565
0.042311
0.042089
0.041929
0.041675
0.041440
0.041246
0.041011
0.040790
0.040549
0.040333
0.040134
0.039900
0.039676
0.039412
0.039182
0.038939
0.038743
0.038487
0.038274
0.038037
0.037764
0.037535
0.037299
0.037048
0.036792
0.036523
0.036303
0.036066
0.035797
0.035444
0.035139
0.034844
0.034571
0.034285
0.034044
0.033762
0.033479
0.033192
0.032930
0.032640
0.032405
0.032130
0.031875
0.031654
0.031356
0.031099
0.030847
0.030596
0.030319
0.030082
0.029871
0.029598
0.029347
0.029103
0.028847
0.028614
0.028381
0.028138
0.027906
0.027689
0.027447
0.027245
0.027024
0.026814
0.026594
0.026392
0.026150
0.025947
0.025749
0.025507
0.025305
0.025103
0.024899
0.024694
0.024491
0.024271
0.024092
0.023890
0.023789
0.023662
0.023490
0.023341
0.023180
0.023004
0.022867
0.022688
0.022565
0.022363
0.022228
0.022051
0.021911
0.021766
0.021629
0.021473
0.021324
0.021164
0.021055
0.020906
0.020767
0.020631
0.020487
0.020348
0.020217
0.020069
0.019925
0.019816
0.019673
0.019554
0.019433
0.019315
0.019180
0.019066
0.018959
0.018832
0.018700
0.018596
0.018499
0.018373
0.018261
0.018157
0.018039
0.017801
0.017669
0.017534
0.017420
0.017272
0.017175
0.017031
0.016913
0.016839
0.016713
0.016607
0.016525
0.016414
0.016324
0.016214
0.016118
0.016023
0.015949
0.015867
0.015749
0.015657
0.015589
0.015511
0.015420
0.015333
0.015255
0.015177
0.015096
0.015034
0.014978
0.014875
0.014835
0.014745
0.014699
0.014621
0.014569
0.014501
0.014423
0.014389
0.014321
0.014247
0.014188
0.014135
0.014050
0.014012
0.013956
0.013889
0.013837
0.013865
0.013837
0.013827
0.013797
0.013764
0.013730
0.013701
0.013652
0.013632
0.013579
0.013547
0.013484
0.013481
0.013414
0.013393
0.013365
0.013298
0.013276
0.013264
0.013224
0.013178
0.013126
0.013105
0.013061
0.013036
0.012987
0.012935
0.012921
0.012869
0.012848
0.012795
0.012733
0.012737
0.012716
0.012665
0.012630
0.012612
0.012569
0.012526
0.012505
0.012461
0.012440
0.012420
0.012259
0.012190
0.012107
0.012081
0.012008
0.011987
0.011965
0.011883
0.011870
0.011809
0.011767
0.011754
0.011678
0.011678
0.011658
0.011596
0.011576
0.011558
0.011526
0.011484
0.011453
0.011434
0.011434
0.011392
0.011338
0.011319
0.011319
0.011301
0.011281
0.011269
0.011231
0.011221
0.011202
0.011206
0.011167
0.011163
0.011163
0.011126
0.011126
0.011085
0.011085
0.011067
0.011048
0.011048
0.011030
0.010993
0.010993
0.010965
0.011054
0.011055
0.011082
0.011104
0.011114
0.011078
0.011100
0.011122
0.011127
0.011127
0.011118
0.011101
0.011123
0.011123
0.011107
0.011110
0.011110
0.011110
0.011104
0.011101
0.011101
0.011066
0.011066
0.011088
0.011088
0.011073
0.011042
0.011042
0.011042
0.011026
0.011026
0.011026
0.011049
0.011016
0.011016
0.011016
0.011003
0.011003
0.010989
0.010989
0.010970
0.010970
0.010954
0.010954
0.010820
0.010798
0.010754
0.010701
0.010665
0.010665
0.010643
0.010621
0.010621
0.010586
0.010563
0.010563
0.010523
0.010523
0.010523
0.010489
0.010476
0.010476
0.010454
0.010454
0.010454
0.010442
0.010442
0.010420
0.010420
0.010420
0.010420
0.010420
0.010410
0.010410
0.010410
0.010408
0.010408
0.010430
0.010430
0.010430
0.010420
0.010420
0.010420
0.010420
0.010420
0.010420
0.010420
0.010420
0.010420
0.010420
0.010509
0.010531
0.010576
0.010598
0.010620
0.010620
0.010642
0.010664
0.010687
0.010687
0.010709
0.010709
0.010731
0.010731
0.010731
0.010753
0.010753
0.010753
0.010776
0.010776
0.010776
0.010776
0.010776
0.010798
0.010798
0.010798
0.010798
0.010798
0.010798
0.010798
0.010798
0.010798
0.010820
0.010820
0.010820
0.010820
0.010820
0.010820
0.010820
0.010820
0.010820
0.010820
0.010820
0.010820
0.010820
0.010687
0.010664
0.010620
0.010598
0.010576
0.010576
0.010553
0.010531
0.010531
0.010509
0.010487
0.010487
0.010464
0.010464
0.010464
0.010442
0.010442
0.010442
0.010420
0.010420
0.010420
0.010420
0.010420
0.010398
0.010398
