1.040090
1.040090
1.040090
1.040090
1.040090
1.040090
1.040090
1.040090
1.040049
1.040032
1.040024
1.040016
1.040065
1.040080
1.040106
1.040065
1.040032
1.039973
1.039844
1.039710
1.039596
1.039361
1.039009
1.038475
1.037785
1.037001
1.036046
1.035076
1.034109
1.033144
1.032066
1.031071
1.030102
1.029055
1.027946
1.026786
1.025647
1.024390
1.023218
1.021928
1.020714
1.019399
1.018055
1.016747
1.015219
1.013895
1.012383
1.011023
1.009560
1.008051
1.006652
1.005278
1.003827
1.002534
1.001063
0.999653
0.998311
0.996975
0.995532
0.994191
0.992697
0.991297
0.989887
0.988451
0.986829
0.985352
0.983802
0.982320
0.980870
0.979328
0.977867
0.976188
0.974576
0.972777
0.970820
0.968990
0.967107
0.965209
0.963259
0.961398
0.959404
0.957301
0.955200
0.953063
0.950835
0.948764
0.946633
0.944496
0.942415
0.940337
0.938221
0.936031
0.933840
0.931606
0.929347
0.927075
0.924852
0.922677
0.920424
0.918213
0.916106
0.913808
0.911542
0.909303
0.907044
0.904777
0.902441
0.900085
0.897872
0.895544
0.893384
0.890899
0.888697
0.886267
0.883916
0.881473
0.879034
0.876631
0.874318
0.871929
0.869599
0.867151
0.864640
0.862263
0.859746
0.857332
0.854799
0.852244
0.849806
0.847349
0.844959
0.842405
0.839897
0.837272
0.834695
0.832248
0.829709
0.827226
0.824644
0.822068
0.819423
0.816780
0.814200
0.811542
0.808967
0.806336
0.803731
0.801120
0.798483
0.795746
0.793096
0.790435
0.787705
0.785089
0.782408
0.779818
0.777147
0.774442
0.771711
0.768850
0.766187
0.763456
0.760779
0.758121
0.755451
0.752822
0.750152
0.747594
0.745083
0.742546
0.740093
0.737634
0.735137
0.732574
0.729694
0.726830
0.723793
0.720850
0.718017
0.715182
0.712550
0.709675
0.707041
0.704353
0.701535
0.698711
0.695615
0.692642
0.689569
0.686636
0.683772
0.681081
0.678468
0.675930
0.673430
0.670990
0.668327
0.665609
0.662771
0.659932
0.657263
0.654558
0.652057
0.649607
0.647293
0.645063
0.642667
0.640303
0.637720
0.635176
0.632810
0.630288
0.627838
0.625468
0.623226
0.620883
0.618733
0.616475
0.614221
0.611941
0.609679
0.607440
0.605195
0.603175
0.601072
0.599011
0.596934
0.594764
0.592585
0.590283
0.588019
0.585740
0.583669
0.581503
0.579487
0.577529
0.575522
0.573356
0.571245
0.569035
0.566947
0.564799
0.562791
0.560795
0.558879
0.556869
0.554865
0.552739
0.550563
0.548484
0.546427
0.544418
0.542528
0.540731
0.538935
0.537128
0.535215
0.533193
0.531141
0.529135
0.527199
0.525293
0.523403
0.521607
0.519731
0.517835
0.516036
0.514097
0.512067
0.510011
0.508267
0.506381
0.504597
0.502929
0.501164
0.499336
0.497562
0.495640
0.493785
0.491801
0.490046
0.488222
0.486493
0.484854
0.483096
0.481306
0.479465
0.477557
0.475718
0.473942
0.472229
0.470481
0.468760
0.467068
0.465477
0.463843
0.462191
0.460524
0.458828
0.457264
0.455635
0.454066
0.452403
0.450858
0.449332
0.447790
0.446340
0.444804
0.443296
0.441686
0.440293
0.438712
0.437222
0.435842
0.434411
0.432912
0.431501
0.430114
0.428768
0.427332
0.426060
0.424598
0.423201
0.421932
0.420525
0.419315
0.417991
0.416656
0.415422
0.414134
0.412914
0.411653
0.410450
0.409245
0.407984
0.406764
0.405647
0.404356
0.403220
0.402121
0.400958
0.399813
0.398770
0.397568
0.396446
0.395378
0.394388
0.393137
0.392216
0.391089
0.390016
0.389072
0.388045
0.386930
0.386081
0.385029
0.384099
0.383212
0.382184
0.381180
0.380396
0.379340
0.378565
0.377601
0.376691
0.375875
0.375028
0.374123
0.373307
0.372542
0.371660
0.370893
0.370067
0.369304
0.368549
0.367764
0.366964
0.366220
0.365480
0.364766
0.364025
0.363334
0.362543
0.361862
0.361213
0.360471
0.359818
0.359156
0.358486
0.357802
0.357163
0.356540
0.355902
0.355321
0.354628
0.354100
0.353423
0.352784
0.352236
0.351646
0.351153
0.350462
0.349909
0.349305
0.348713
0.348116
0.347584
0.347063
0.346443
0.345931
0.345480
0.344913
0.344354
0.343939
0.343430
0.342922
0.342392
0.341948
0.341474
0.341074
0.340605
0.340064
0.339583
0.339206
0.338743
0.338258
0.337852
0.337425
0.337038
0.336586
0.336197
0.335802
0.335449
0.335021
0.334599
0.334256
0.333873
0.333513
0.333098
0.332778
0.332523
0.332112
0.331793
0.331429
0.331048
0.330792
0.330524
0.330184
0.329896
0.329612
0.351236
0.350883
0.350621
0.350388
0.350103
0.349819
0.349617
0.349331
0.349148
0.348908
0.348706
0.348450
0.348214
0.347998
0.347797
0.347610
0.347376
0.347155
0.346977
0.346777
0.346547
0.346322
0.346179
0.345986
0.345746
0.345575
0.345434
0.345249
0.345070
0.344861
0.344707
0.344561
0.344339
0.344175
0.344031
0.343919
0.343761
0.343576
0.343395
0.343304
0.343090
0.342979
0.342839
0.342678
0.342409
0.342275
0.342061
0.341972
0.341805
0.341659
0.341544
0.341404
0.341276
0.341098
0.341021
0.340893
0.340735
0.340652
0.340538
0.340389
0.340304
0.340209
0.340079
0.339951
0.339901
0.339785
0.339630
0.339558
0.339499
0.339359
0.205560
0.205509
0.205398
0.205315
0.205220
0.205157
0.204974
0.204851
0.204648
0.204327
0.204054
0.203785
0.203448
0.203134
0.202765
0.202420
0.202103
0.201994
0.201916
0.201875
0.201920
0.201865
0.201517
0.200954
0.200306
0.199341
0.198582
0.197813
0.197056
0.196474
0.195901
0.195308
0.194711
0.194034
0.193413
0.192667
0.192040
0.191368
0.190796
0.190234
0.189614
0.189072
0.188615
0.188092
0.187595
0.187170
0.186764
0.186302
0.185943
0.185670
0.185339
0.185057
0.184874
0.184644
0.184476
0.184433
0.184278
0.184189
0.184115
0.184161
0.184097
0.184198
0.184218
0.184310
0.184381
0.184457
0.184407
0.184439
0.184464
0.184447
0.184309
0.184159
0.183732
0.183256
0.182559
0.181618
0.180574
0.179462
0.178362
0.177027
0.175904
0.174717
0.173640
0.172517
0.171391
0.170244
0.169107
0.167910
0.166761
0.165568
0.164486
0.163240
0.162167
0.161001
0.159855
0.158682
0.157567
0.156497
0.155284
0.154198
0.153097
0.151993
0.150908
0.149864
0.148768
0.147606
0.146555
0.145394
0.144397
0.143321
0.142199
0.141162
0.140121
0.139067
0.138044
0.136916
0.135896
0.134921
0.133814
0.132827
0.131836
0.130672
0.129780
0.128738
0.127659
0.126742
0.125726
0.124695
0.123696
0.122670
0.121730
0.120687
0.119732
0.118744
0.117764
0.116756
0.115813
0.114874
0.113775
0.112878
0.111929
0.110939
0.109971
0.109010
0.108089
0.107154
0.106094
0.105178
0.104295
0.103387
0.102443
0.101396
0.100503
0.099608
0.098730
0.097671
0.096796
0.095911
0.094957
0.094082
0.093071
0.092190
0.091317
0.090398
0.089496
0.088626
0.087640
0.086754
0.085886
0.084972
0.084131
0.083125
0.082276
0.081408
0.080535
0.079716
0.078858
0.077972
0.077079
0.076311
0.075507
0.074699
0.073909
0.073080
0.072204
0.071400
0.070708
0.069870
0.069160
0.068376
0.067677
0.066857
0.066065
0.065374
0.064689
0.063965
0.063277
0.062566
0.061905
0.061246
0.060596
0.059923
0.059283
0.058616
0.057978
0.057376
0.056793
0.056181
0.055618
0.055009
0.054437
0.053831
0.053337
0.052779
0.052224
0.051674
0.051160
0.050603
0.050108
0.049590
0.049090
0.048568
0.048037
0.047527
0.047108
0.046655
0.046089
0.045596
0.045156
0.044713
0.044254
0.043803
0.043395
0.042941
0.042492
0.042071
0.041685
0.041266
0.040888
0.040479
0.040052
0.039674
0.039283
0.038928
0.038549
0.038133
0.037760
0.037434
0.037078
0.036708
0.036355
0.035981
0.035707
0.035358
0.035029
0.034693
0.034350
0.034064
0.033748
0.033471
0.033137
0.032845
0.032569
0.032249
0.031967
0.031672
0.031424
0.031135
0.030867
0.030549
0.030330
0.030071
0.029794
0.029542
0.029279
0.029028
0.028809
0.028566
0.028325
0.028085
0.027874
0.027656
0.027423
0.027224
0.026970
0.026738
0.026538
0.026327
0.026102
0.025897
0.025697
0.025527
0.025293
0.025081
0.024902
0.024693
0.024527
0.024360
0.024184
0.023973
0.023804
0.023628
0.023439
0.023302
0.023137
0.022970
0.022801
0.022669
0.022499
0.022342
0.022173
0.022072
0.021896
0.021726
0.021624
0.021469
0.021318
0.021197
0.021028
0.020907
0.020771
0.020655
0.020497
0.020398
0.020251
0.020168
0.020021
0.019868
0.019765
0.019659
0.019556
0.019432
0.019340
0.019184
0.019113
0.018975
0.018917
0.018761
0.018700
0.018553
0.018492
0.018368
0.018259
0.018195
0.018070
0.017987
0.017875
0.017802
0.017701
0.017649
0.017527
0.017455
0.017340
0.017271
0.017161
0.017108
0.017035
0.016937
0.016891
0.016809
0.016709
0.016639
0.016538
0.016497
0.016428
0.016334
0.016273
0.016223
0.016123
0.016063
0.016013
0.015955
0.015859
0.015829
0.015733
0.015698
0.015620
0.015563
0.015524
0.015449
0.015380
0.015342
0.015282
0.015230
0.015179
0.015117
0.015053
0.015005
0.014917
0.014917
0.014857
0.014787
0.014750
0.014719
0.014682
0.014607
0.014583
0.014547
0.014479
0.014456
0.014387
0.014333
0.014315
0.014283
0.014250
0.014192
0.014121
0.014121
0.014115
0.014043
0.013976
0.013942
0.013923
0.013904
0.013882
0.013819
0.013752
0.013752
0.013714
0.013714
0.013675
0.013630
0.013562
0.013540
0.013540
0.013520
0.013504
0.013457
0.013408
0.013367
0.013354
0.013339
0.013339
0.013279
0.013254
0.013225
0.013225
0.013206
0.013179
0.013155
0.013155
0.013136
0.013125
0.013125
0.013125
0.013092
0.013073
0.013073
0.013061
0.013061
0.013050
0.013031
0.012999
0.012999
0.012999
0.012999
0.012980
0.012980
0.012980
0.012967
0.012938
0.012938
0.012919
0.012919
0.012919
0.012919
0.012919
0.012919
0.012881
0.012881
0.012871
0.012871
0.012858
0.012858
0.012858
0.012839
0.012839
0.012839
0.012839
0.012839
0.012839
0.012839
0.012820
0.012809
0.012809
0.012809
0.012809
0.012809
0.012809
0.012809
0.012790
0.012790
0.012790
0.012790
0.012790
0.012790
0.012790
0.012790
0.012790
0.012790
0.012790
0.012790
0.012790
0.012790
0.012790
0.012790
0.012790
0.012790
0.012790
0.012790
0.012790
0.012790
0.012790
0.012790
0.012790
0.012790
0.012790
0.012790
0.012790
0.012790
0.012790
0.012790
0.012790
0.012790
0.012790
0.012790
0.012790
0.012790
0.012790
0.012790
0.012790
0.012790
0.012790
0.012790
0.012790
0.012790
0.012790
0.012790
0.012790
0.012790
0.012790
0.012790
0.012790
0.012790
0.012790
0.012790
0.012790
0.012790
0.012790
0.012790
0.012790
0.012790
0.012790
0.012790
0.012790
0.012790
0.012790
0.012790
0.012790
0.012790
0.012790
0.012790
0.012790
0.012790
0.012790
0.012790
0.012790
0.012790
0.012790
0.012790
0.012790
0.012790
0.012790
0.012790
0.012790
0.012790
0.012790
0.012790
0.012790
0.012790
0.012790
0.012790
0.012790
0.012790
0.012790
0.012790
0.012790
0.012790
0.012790
0.012790
0.012790
0.012790
0.012790
0.012790
0.012790
0.012790
0.012790
0.012790
0.012790
0.012790
0.012790
0.012790
0.012790
0.012790
0.012790
0.012790
0.012790
0.012790
0.012790
0.012790
0.012790
0.012790
0.012790
0.012790
0.012790
0.012790
0.012790
0.012790
0.012790
0.012790
0.012790
0.012790
0.012790
0.012790
0.012790
0.012790
0.012790
0.012790
0.012790
0.012790
0.012790
0.012790
0.012790
0.012790
0.012790
0.012790
0.012790
0.012790
0.012790
0.012790
0.012790
0.012790
0.012790
0.012790
0.012790
0.012790
0.012790
0.012790
0.012790
0.012790
0.012790
0.012790
0.012790
0.012790
0.012790
0.012790
0.012790
0.012790
0.012790
0.012790
0.012790
0.012790
0.012790
0.012790
0.012790
0.012790
0.012790
0.012790
0.012790
0.012790
0.012790
0.012790
0.012790
0.012790
0.012790
0.012790
0.012790
0.012790
0.012790
0.012790
0.012790
0.012790
0.012790
0.012790
0.012790
0.012790
0.012790
0.012790
0.012790
0.012790
0.012790
0.012790
0.012790
0.012790
0.012790
0.012790
0.012790
0.012790
0.012790
0.012790
0.012790
0.012790
0.012790
0.012790
0.012790
0.012790
0.012790
0.012790
0.012790
0.012790
0.012790
0.012790
0.012790
0.012790
0.012790
0.012790
0.012790
0.012790
0.012790
0.012790
0.012790
0.012790
0.012790
0.012790
0.012790
0.012790
0.012790
0.012790
0.012790
0.012790
0.012790
0.012790
0.012790
0.012790
0.012790
0.012790
0.012790
0.012790
0.012790
0.012790
0.012790
0.012790
0.012790
0.012790
0.012790
0.012790
0.012790
0.012790
0.012790
0.012790
0.012790
0.012790
0.012790
0.012790
0.012790
0.012790
0.012790
0.012790
0.012790
0.012790
0.012790
0.012790
0.012790
0.012790
0.012790
0.012790
0.012790
0.012790
0.012790
0.012790
0.012790
0.012790
0.012790
0.012790
0.012790
0.012790
0.012790
0.012790
0.012790
0.012790
0.012790
0.012790
0.012790
0.012790
0.012790
0.012790
0.012790
0.012790
0.012790
0.012790
0.012790
0.012790
0.012790
0.012790
0.012790
0.012790
0.012790
0.012790
0.012790
0.012790
0.012790
0.012790
0.012790
0.012790
0.012790
0.012790
0.012790
0.012790
0.012790
0.012790
0.012790
0.012790
0.012790
0.012790
0.012790
0.012790
0.012790
0.012790
0.012790
0.012790
0.012790
0.012790
0.012790
0.012790
0.012790
0.012790
0.012790
0.012790
0.012790
0.012790
0.012790
0.012790
0.012790
0.012790
0.012790
0.012790
0.012790
0.012790
0.012790
0.012790
0.012790
0.012790
0.012790
0.012790
0.012790
0.012790
0.012790
0.012790
0.012790
0.012790
0.012790
0.012790
0.012790
0.012790
0.012790
0.012790
0.012790
0.012790
0.012790
0.012790
0.012790
0.012790
0.012790
0.012790
0.012790
0.012790
0.012790
0.012790
0.012790
0.012790
0.012790
0.012790
0.012790
0.012790
0.012790
0.012790
0.012790
0.012790
0.012790
0.012790
0.012790
0.012790
0.012790
0.012790
0.012790
0.012790
0.012790
0.012790
0.012790
0.012790
0.012790
0.012790
0.012790
0.012790
0.012790
0.012790
0.012790
0.012790
0.012790
0.012790
0.012790
0.012790
0.012790
0.012790
0.012790
0.012790
0.012790
0.012790
0.012790
0.012790
0.012790
0.012790
0.012790
0.012790
0.012790
0.012790
0.012790
0.012790
0.012790
0.012790
0.012790
0.012790
0.012790
0.012790
0.012790
0.012790
0.012790
0.012790
0.012790
0.012790
0.012790
0.012790
0.012790
0.012790
0.012790
0.012790
0.012790
0.012790
0.012790
0.012790
0.012790
0.012790
0.012790
0.012790
0.012790
0.012790
0.012790
0.012790
0.012790
0.012790
0.012790
0.012790
0.012790
0.012790
0.012790
0.012790
0.012790
0.012790
0.012790
0.012790
0.012790
0.012790
0.012790
0.012790
0.012790
0.012790
0.012790
0.012790
0.012790
0.012790
0.012790
0.012790
0.012790
0.012790
0.012790
0.012790
0.012790
0.012790
0.012790
0.012790
