1.364154
1.263068
1.059057
0.863620
0.727973
0.659599
0.635806
0.632810
0.634015
0.634231
0.632581
0.630522
0.626672
0.622450
0.617766
0.612956
0.609378
0.607196
0.605655
0.605457
0.605453
0.605311
0.604053
0.601686
0.597909
0.593388
0.589295
0.584796
0.581964
0.580439
0.579421
0.578988
0.578540
0.577695
0.576385
0.574126
0.571775
0.569530
0.567317
0.566098
0.565034
0.564555
0.564177
0.563617
0.563146
0.562410
0.561519
0.559504
0.558188
0.557309
0.556675
0.556146
0.555712
0.555471
0.555608
0.555274
0.554894
0.554665
0.554025
0.553207
0.553055
0.552787
0.552397
0.552578
0.552410
0.552532
0.553358
0.553447
0.553697
0.554255
0.554250
0.554413
0.555033
0.555580
0.556297
0.556690
0.557436
0.558369
0.559146
0.560044
0.561136
0.561223
0.561923
0.563003
0.564264
0.566157
0.567919
0.569728
0.571709
0.573328
0.573981
0.575445
0.577025
0.578311
0.579942
0.581423
0.583187
0.584928
0.586620
0.588366
0.590013
0.591644
0.593511
0.595298
0.597173
0.599027
0.600902
0.602773
0.604529
0.606692
0.608714
0.610519
0.612571
0.614562
0.616697
0.618493
0.620679
0.622669
0.624800
0.627003
0.629141
0.631381
0.633434
0.635573
0.637851
0.639993
0.642087
0.644452
0.646628
0.648681
0.651122
0.653275
0.655384
0.657733
0.660067
0.662183
0.664218
0.666711
0.668899
0.671288
0.673411
0.675584
0.677950
0.680165
0.682507
0.684786
0.687039
0.689239
0.691488
0.693784
0.695990
0.698238
0.700471
0.702744
0.705068
0.707176
0.709428
0.711847
0.714149
0.716400
0.718584
0.720847
0.723116
0.725356
0.727520
0.729732
0.731695
0.734183
0.736451
0.738746
0.740716
0.743031
0.745314
0.747334
0.749675
0.751835
0.754075
0.756238
0.758542
0.760592
0.762812
0.765037
0.766942
0.769109
0.771360
0.773414
0.775550
0.777708
0.780012
0.782306
0.784173
0.786501
0.788661
0.790812
0.792766
0.794905
0.797141
0.799071
0.801133
0.803182
0.805372
0.807251
0.809057
0.811162
0.812961
0.815034
0.816890
0.818678
0.820576
0.822293
0.823955
0.825837
0.827647
0.829122
0.830953
0.832695
0.834266
0.835942
0.837694
0.838981
0.840704
0.842395
0.843780
0.845200
0.846742
0.848247
0.849710
0.851078
0.852596
0.853933
0.855241
0.856696
0.858045
0.859399
0.860569
0.862113
0.863149
0.864607
0.865618
0.866661
0.867958
0.869161
0.870195
0.871211
0.872490
0.873712
0.874812
0.875905
0.876903
0.877773
0.878748
0.879828
0.880695
0.881778
0.882469
0.883574
0.884369
0.885349
0.886439
0.887154
0.888272
0.889039
0.889947
0.890696
0.891584
0.892463
0.893036
0.893724
0.894480
0.895334
0.896103
0.896830
0.897699
0.898350
0.899094
0.899789
0.900272
0.900927
0.901488
0.901998
0.902823
0.903226
0.904043
0.904665
0.905243
0.905811
0.906332
0.906977
0.907230
0.907737
0.908060
0.908629
0.909236
0.909464
0.909988
0.910795
0.911241
0.911725
0.912139
0.912670
0.913177
0.913721
0.913960
0.914248
0.914976
0.915483
0.915760
0.916445
0.916744
0.917157
0.917639
0.918082
0.918509
0.918918
0.919041
0.919457
0.919875
0.920333
0.920738
0.920960
0.921622
0.921964
0.922275
0.922485
0.923074
0.923187
0.923326
0.923603
0.923734
0.924267
0.924437
0.924818
0.925254
0.925571
0.925774
0.925940
0.926127
0.926246
0.926525
0.926647
0.927049
0.927278
0.927375
0.927631
0.927857
0.928122
0.928197
0.928346
0.928514
0.928590
0.928768
0.928893
0.929143
0.929365
0.929563
0.929862
0.929890
0.930008
0.930146
0.930383
0.930296
0.930502
0.930563
0.931021
0.931159
0.931236
0.931365
0.931294
0.931446
0.931528
0.931771
0.932011
0.931890
0.932153
0.932386
0.932653
0.932805
0.932937
0.932947
0.932972
0.933113
0.933163
0.933450
0.933465
0.933465
0.933640
0.933888
0.933985
0.934293
0.934114
0.934165
0.934163
0.934356
0.934520
0.934546
0.934543
0.934640
0.934700
0.934826
0.934897
0.935075
0.934951
0.934886
0.934911
0.934968
0.935235
0.935226
0.935199
0.935280
0.935493
0.935590
0.935661
0.935742
0.935910
0.935910
0.935967
0.936119
0.936119
0.936160
0.936241
0.936386
0.936386
0.936383
0.936495
0.936529
0.936529
0.936610
0.936610
0.936608
0.936649
0.936730
0.936730
0.936730
0.936730
0.936939
0.936980
0.936980
0.936980
0.937061
0.937061
0.937061
0.937061
0.937183
0.937240
0.937311
0.937311
0.937311
0.937392
0.937392
0.937433
0.937433
0.937433
0.937514
0.937514
0.937514
0.937514
0.937514
0.937636
0.937636
0.937636
0.937636
0.937636
0.937636
0.937717
0.937717
0.937717
0.937758
0.937758
0.937758
0.937839
0.937839
0.937839
0.937839
0.937839
0.937839
0.937839
0.937961
0.937961
0.937961
0.937961
0.937961
0.937961
0.937961
0.937961
0.938042
0.938042
0.938042
0.938042
0.938083
0.938083
0.938083
0.938083
0.938164
0.938164
0.938164
0.938164
0.938164
0.938164
0.938164
0.938162
0.938162
0.938162
0.938162
0.938162
0.938162
0.938290
0.938219
0.938219
0.938219
0.938219
0.938219
0.938219
0.938219
0.938219
0.938219
0.938219
0.938219
0.938219
0.938219
0.938219
0.938219
0.938219
0.938219
0.938219
0.938219
0.938219
0.939029
0.939305
0.940136
0.939556
0.938576
0.937596
0.937598
0.937284
0.937007
0.937437
0.937274
0.937587
0.937419
0.937658
0.937313
0.937677
0.937420
0.937241
0.936861
0.935753
0.935593
0.936134
0.936768
0.938014
0.939541
0.940227
0.940645
0.939839
0.939857
0.938709
0.939096
0.939496
0.939827
0.940647
0.941580
0.941775
0.942524
0.942359
0.942114
0.942753
0.942690
0.942466
0.943154
0.943057
0.942101
0.941415
0.940948
0.941286
0.941899
0.943446
0.945237
0.946161
0.946026
0.945049
0.944039
0.943270
0.943107
0.943699
0.943986
0.944903
0.945147
0.945898
0.945936
0.946456
0.946135
0.945909
0.946580
0.946442
0.946511
0.946139
0.944586
0.943903
0.944345
0.945010
0.946405
0.948396
0.949197
0.949280
0.948920
0.947756
0.946868
0.946470
0.946428
0.946651
0.947646
0.948356
0.948285
0.949040
0.948721
0.948428
0.948590
0.948327
0.948303
0.948995
0.948727
0.948469
0.946822
0.946203
0.946549
0.946982
0.948593
0.950329
0.951040
0.951136
0.949961
0.948964
0.948180
0.947708
0.948147
0.948371
0.949449
0.949611
0.950195
0.949921
0.950289
0.950134
0.950552
0.950196
0.950062
0.950087
0.950622
0.949549
0.948740
0.948071
0.948319
0.948037
0.949686
0.951386
0.952822
0.952837
0.951860
0.950846
0.949938
0.949452
0.949407
0.950234
0.951197
0.951177
0.951988
0.951769
0.952282
0.951883
0.951601
0.952018
0.951883
0.951743
0.952408
0.952165
0.952116
0.951563
0.949860
0.949851
0.949393
0.950063
0.951419
0.953230
0.953990
0.953992
0.953552
0.952277
0.951467
0.951002
0.950819
0.951009
0.951914
0.952822
0.952692
0.953241
0.952889
0.952642
0.952977
0.952503
0.952461
0.953154
0.952956
0.952381
0.950752
0.950021
0.950323
0.950883
0.952184
0.954051
0.954824
0.954885
0.953579
0.952468
0.951599
0.951354
0.951452
0.951655
0.952696
0.952857
0.953322
0.953076
0.953514
0.953309
0.952961
0.953195
0.953062
0.953090
0.953296
0.953366
0.953073
0.951291
0.950550
0.950775
0.951311
0.952748
0.954514
0.955128
0.955239
0.954087
0.953527
0.951818
0.952143
0.952036
0.952273
0.953057
0.953169
0.953831
0.954455
0.953875
0.953649
0.954136
0.953725
0.953388
0.954116
0.953916
0.953712
0.953176
0.951659
0.951375
0.951003
0.951578
0.953056
0.954958
0.955657
0.955504
0.955023
0.953795
0.953157
0.952524
0.952390
0.952546
0.953589
0.954197
0.954095
0.954670
0.954454
0.953977
0.954318
0.954080
0.953956
0.954240
0.954246
0.954878
0.954839
0.953313
0.952487
0.951553
0.951193
0.951685
0.953185
0.955100
0.956434
0.956249
0.955009
0.953928
0.953152
0.952666
0.952380
0.953300
0.953544
0.954337
0.954844
0.954684
0.955204
0.954909
0.954286
0.954794
0.954670
0.954383
0.955014
0.954885
0.953823
0.952703
0.952117
0.952236
0.952150
0.954310
0.955267
0.956670
0.956665
0.955605
0.954339
0.953402
0.953065
0.953712
0.953576
0.954522
0.954657
0.955459
0.954993
0.955468
0.955195
0.954901
0.955185
0.954935
0.954846
0.955227
0.955049
0.955653
0.955564
0.954100
0.953155
0.952420
0.952003
0.952591
0.954118
0.955871
0.957297
0.957069
0.955929
0.954795
0.953970
0.953497
0.953291
0.954119
0.954278
0.955103
0.955726
0.955431
0.955937
0.955583
0.955168
0.954827
0.955363
0.955105
0.955588
0.955577
0.955550
0.954943
0.953292
0.952592
0.952736
0.953237
0.954737
0.956582
0.957249
0.957111
0.956664
0.955471
0.954630
0.954214
0.954049
0.954168
0.955077
0.955822
0.955717
0.956136
0.955956
0.955477
0.955940
0.955546
0.955355
0.955885
0.955640
0.955561
0.955969
0.954845
0.953744
0.953094
0.952608
0.953078
0.954608
0.956336
0.957750
0.957706
0.956554
0.955411
0.954635
0.954039
0.953899
0.954725
0.954820
0.955590
0.956301
0.956024
0.956480
0.955898
0.955743
0.955434
0.955693
0.955630
0.956294
0.955988
0.954788
0.953929
0.952980
0.953375
0.952933
0.955319
0.956308
0.957759
0.957663
0.956464
0.955481
0.954494
0.953930
0.954633
0.954527
0.955422
0.955488
0.956255
0.955951
0.956287
0.955968
0.955770
0.956110
0.955837
0.955693
0.956187
0.956050
0.956093
0.955341
0.954359
0.953455
0.953001
0.953591
0.954995
0.956910
0.957635
0.957390
0.956910
0.955739
0.954929
0.954419
0.954226
0.954471
0.955237
0.956058
0.955930
0.956563
0.956163
0.955757
0.956072
0.955846
0.955746
0.956040
0.955980
0.956660
0.955284
0.954324
0.953546
0.953029
0.953664
0.955114
0.956973
0.957697
0.957646
0.957016
0.955837
0.955118
0.954566
0.954437
0.955281
0.955463
0.956212
0.956141
0.956626
0.956410
0.956693
0.956134
0.956036
0.956577
0.956194
0.956078
0.956733
0.956548
0.956277
0.956722
0.955601
0.954539
0.953794
0.953233
0.953856
0.955253
0.957048
0.958453
0.958447
0.957242
0.956025
0.955188
0.954793
0.954551
0.955337
0.955497
0.956440
0.956936
0.956711
0.956457
0.956782
0.956286
0.956188
0.956567
0.956426
0.956226
0.956636
0.956763
0.957166
0.955995
0.955077
0.954111
0.953809
0.954149
0.955722
0.957552
0.958883
0.958064
0.957640
0.956590
0.955767
0.955117
0.955021
0.955863
0.955859
0.956804
0.956814
0.957322
0.956892
0.957298
0.957025
0.956781
0.956996
0.956907
0.956858
0.957254
0.957089
0.957703
0.956445
0.955276
0.954493
0.953956
0.954645
0.955969
0.957921
0.958684
0.958391
0.958021
0.956785
0.955918
0.955409
0.955212
0.956102
0.956234
0.957145
0.956869
0.957483
0.957200
0.957488
0.957010
0.956787
0.956651
0.957036
0.956949
0.957512
0.956416
0.955406
0.954566
0.954013
0.954608
0.956179
0.957904
0.959265
0.958509
0.958068
0.956817
0.956094
0.955512
0.955351
0.956175
0.956383
0.957167
0.957065
0.957609
0.957334
0.957562
0.957115
0.956979
0.957409
0.957170
0.957053
0.957652
0.957399
0.957989
0.956640
0.955620
0.954709
0.954216
0.954924
0.956265
0.958208
0.958856
0.958802
0.958150
0.957041
0.956263
0.955715
0.955463
0.955746
0.956631
0.957360
0.957179
0.957793
0.957506
0.957673
0.957320
0.957094
0.956925
0.957429
0.957346
0.957877
0.957601
0.957546
0.957004
0.955086
0.954257
0.954550
0.954992
0.956628
0.958287
0.958961
0.958932
0.958540
0.957319
0.956349
0.955880
0.955744
0.955901
0.956751
0.957527
0.957461
0.958066
0.957554
0.957377
0.957744
0.957353
0.957169
0.957788
0.957501
0.957537
0.958050
0.957643
0.958346
0.956872
0.955829
0.955150
0.954610
0.955297
0.956740
0.958518
0.959247
0.959240
0.958637
0.957402
0.956642
0.956004
0.955828
0.956791
0.957011
0.957707
0.957523
0.958254
0.957919
0.958106
0.957663
0.957506
0.957865
0.957754
0.957548
0.958112
0.957981
0.956791
0.955760
0.954955
0.955209
0.955503
0.957060
0.958692
0.959528
0.959572
0.958242
0.957182
0.956367
0.955672
0.956324
0.956444
0.957286
0.957245
0.958041
0.957834
0.958134
0.957727
0.957479
0.957898
0.957516
0.957308
0.958031
0.957766
0.958272
0.957972
0.957797
0.957375
0.955430
0.954726
0.954918
0.955408
0.956878
0.958663
0.959368
0.959491
0.958510
0.957759
0.956277
0.956599
0.956066
0.956306
0.957387
0.957516
0.957854
0.958468
0.958192
0.957850
0.958041
0.957778
0.957678
0.957985
0.957821
0.957834
0.958279
0.958021
0.958609
0.957252
0.956181
0.955417
0.954783
0.955507
0.956829
0.958848
0.959427
0.959482
0.958821
0.957580
0.956855
0.956253
0.956040
0.956302
0.957044
0.957808
0.957772
0.958384
0.957929
0.958382
0.957913
0.957607
0.957415
0.957998
0.957627
0.958311
0.958075
0.958048
0.958449
0.957160
0.956169
0.955145
0.954860
0.955222
0.956802
0.958500
0.959794
0.959742
0.958744
0.957542
0.956546
0.956147
0.955997
0.956786
0.956916
0.957802
0.958260
0.958081
0.957886
0.958286
0.957658
0.957468
0.957892
0.957652
0.957399
0.957935
0.957545
0.957940
0.957565
0.956225
0.955195
0.954073
0.954310
0.953990
0.955574
0.957307
0.958741
0.958689
0.957406
0.956059
0.955093
0.954447
0.954154
0.954855
0.955500
0.955426
0.955869
0.955121
0.955472
0.954912
0.954579
0.954841
0.954485
0.954279
0.954734
0.954427
0.954462
0.954827
0.953286
0.952435
0.951517
0.951238
0.951851
0.953368
0.955190
0.956156
0.955710
0.954475
0.953260
0.952306
0.951603
0.951313
0.952001
0.951862
0.952714
0.953075
0.952674
0.952994
0.952660
0.952053
0.951687
0.952073
0.951754
0.951451
0.951785
0.951563
0.952200
0.950723
0.949725
0.949105
0.948612
0.949496
0.950995
0.952636
0.953968
0.952993
0.952374
0.951264
0.950307
0.949617
0.949575
0.950387
0.950434
0.951210
0.951103
0.951625
0.951164
0.951376
0.950941
0.950567
0.950850
0.950638
0.950595
0.951201
0.950681
0.950311
0.948587
0.947776
0.948141
0.948878
0.950384
0.952275
0.953122
0.953126
0.952037
0.950988
0.950246
0.949693
0.950062
0.949947
0.950543
0.950436
0.951057
0.950657
0.950858
0.950174
0.949926
0.950037
0.949604
0.949542
0.950215
0.949722
0.950255
0.950135
0.950057
0.949469
0.947802
0.947218
0.947557
0.948206
0.949920
0.951823
0.952519
0.952521
0.951766
0.950408
0.949523
0.948880
0.948663
0.948773
0.949646
0.950239
0.950192
0.950969
0.950568
0.950225
0.950790
0.950550
0.950473
0.951102
0.950993
0.951151
0.951663
0.951662
0.952425
0.952145
0.950990
0.950217
0.949503
0.949827
0.949765
0.951404
0.953192
0.954875
0.954694
0.953510
0.952388
0.951553
0.951065
0.951774
0.951705
0.952711
0.952826
0.953399
0.953280
0.953798
0.953338
0.953040
0.953591
0.953435
0.953236
0.953942
0.953883
0.953609
0.954259
0.954120
0.954766
0.953287
0.952518
0.951537
0.951279
0.951849
0.953462
0.955432
0.956131
0.956019
0.955755
0.954588
0.953596
0.953097
0.953127
0.954001
0.954030
0.954999
0.954900
0.955626
0.955153
0.955645
0.955101
0.954883
0.955549
0.955226
0.955193
0.955789
0.955515
0.955410
0.954952
0.953224
0.953212
0.952920
0.953442
0.955006
0.956773
0.957464
0.957502
0.956996
0.955633
0.954822
0.954255
0.954080
0.954245
0.955244
0.955870
0.955800
0.956416
0.956103
0.955546
0.956014
0.955712
0.955633
0.956063
0.955900
0.956619
0.956241
0.956040
0.956745
0.955460
0.954404
0.953769
0.953159
0.953913
0.955437
0.957269
0.958658
0.957862
0.957253
0.956177
0.955261
0.954829
0.954643
0.955500
0.955725
0.956551
0.956484
0.956979
0.956599
0.956933
0.956576
0.956363
0.956851
0.956591
0.956555
0.957171
0.956745
0.956374
0.954668
0.953754
0.954122
0.954399
0.956097
0.957933
0.958440
0.958566
0.957459
0.956329
0.955331
0.954915
0.955464
0.955411
0.956437
0.956519
0.957121
0.956883
0.957420
0.957013
0.956470
0.956996
0.956710
0.956681
0.957121
0.956995
0.957563
0.957251
0.957193
0.956639
0.954726
0.953992
0.954218
0.954689
0.956308
0.958143
0.958676
0.958788
0.958296
0.956986
0.956071
0.955598
0.955626
0.955693
0.956605
0.957448
0.957324
0.957793
0.957421
0.957227
0.957778
0.957129
0.956925
0.957662
0.957230
0.957315
0.957915
0.956656
0.955596
0.954786
0.954148
0.954890
0.956373
0.958119
0.959510
0.959473
0.958219
0.957055
0.956285
0.955792
0.955509
0.956434
0.956601
0.957493
0.958013
0.957829
0.958294
0.957881
0.957416
0.957257
0.957660
0.957519
0.958065
0.957825
0.957778
0.958245
0.956973
0.956019
0.954999
0.954623
0.955120
0.956669
0.958647
0.959836
0.959696
0.958590
0.957466
0.956682
0.956066
0.955870
0.956831
0.956785
0.957677
0.957611
0.958084
0.957763
0.958165
0.957753
0.957469
0.957953
0.957729
0.957512
0.958205
0.957992
0.958457
0.958114
0.956977
0.955966
0.954945
0.954699
0.955016
0.956774
0.958467
0.959887
0.959745
0.958635
0.957271
0.956479
0.956135
0.955733
0.956365
0.957199
0.957018
0.957445
0.957129
0.957452
0.956789
0.956242
0.956669
0.956102
0.955892
0.956328
0.955877
0.955759
0.956200
0.955848
0.956136
0.954619
0.953476
0.952271
0.951852
0.952429
0.954034
0.955792
0.956455
0.956430
0.955965
0.954409
0.953457
0.952710
0.952357
0.953186
0.953131
0.953727
0.953484
0.953948
0.953488
0.953585
0.953086
0.952696
0.952306
0.952598
0.952357
0.952720
0.952236
0.952048
0.952518
0.950824
0.949872
0.949064
0.948612
0.949211
0.950684
0.952486
0.953828
0.953471
0.952127
0.950949
0.949851
0.949150
0.948904
0.949552
0.949506
0.950274
0.950676
0.950237
0.949850
0.950100
0.949357
0.949075
0.949477
0.949035
0.948581
0.949099
0.948672
0.949083
0.948654
0.947354
0.946358
0.945358
0.945655
0.945441
0.947032
0.948692
0.949937
0.949605
0.948168
0.946741
0.945816
0.945349
0.945624
0.945697
0.946408
0.946100
0.946318
0.946036
0.946665
0.946192
0.945794
0.945893
0.945380
0.945103
0.945574
0.945263
0.945046
0.945429
0.943928
0.942914
0.941783
0.941303
0.941906
0.943373
0.945190
0.946683
0.946595
0.945204
0.944003
0.943001
0.942169
0.941670
0.942577
0.942565
0.943334
0.943752
0.943438
0.943793
0.943107
0.942643
0.942361
0.942703
0.942312
0.942967
0.942733
0.942346
0.942936
0.942568
0.941956
0.940316
0.939464
0.939899
0.939631
0.941964
0.943547
0.944056
0.943920
0.942494
0.941107
0.940158
0.939364
0.939621
0.939526
0.940267
0.940077
0.940670
0.940303
0.940628
0.939972
0.939515
0.939913
0.939556
0.939255
0.939777
0.939452
0.940019
0.939625
0.938490
0.937747
0.936918
0.936683
0.937369
0.938923
0.940842
0.942183
0.942074
0.940919
0.939847
0.938948
0.938572
0.938471
0.939195
0.939381
0.940356
0.941079
0.940777
0.941332
0.940977
0.940756
0.941182
0.940914
0.940957
0.941630
0.941521
0.941561
0.942207
0.942066
0.942765
0.941523
0.940733
0.939931
0.939646
0.940366
0.942019
0.944160
0.945052
0.945069
0.944807
0.943891
0.943253
0.942876
0.942988
0.943408
0.944397
0.945247
0.945522
0.946332
0.945983
0.946569
0.946451
0.946288
0.946344
0.947113
0.947019
0.947742
0.947618
0.947829
0.948543
0.948203
0.948014
0.946386
0.945673
0.946199
0.946698
0.948491
0.950465
0.951061
0.951242
0.950086
0.949113
0.948355
0.947818
0.948617
0.948736
0.949623
0.949816
0.950785
0.950568
0.950969
0.950681
0.950570
0.951037
0.950709
0.950777
0.951463
0.951199
0.951941
0.951738
0.951630
0.951220
0.949437
0.948812
0.949234
0.949697
0.951551
0.953380
0.953882
0.953968
0.952840
0.952259
0.951481
0.950880
0.950791
0.951047
0.951825
0.952713
0.952582
0.953279
0.952774
0.952541
0.953035
0.952664
0.952432
0.953027
0.952995
0.952902
0.953580
0.953430
0.954035
0.952641
0.951661
0.950851
0.950418
0.951183
0.952867
0.954804
0.955497
0.955370
0.955071
0.953715
0.952896
0.952318
0.952157
0.953250
0.953226
0.954134
0.954061
0.954800
0.954361
0.954688
0.954357
0.954163
0.954053
0.954488
0.954407
0.955089
0.954831
0.954803
0.955506
0.954129
0.953055
0.952251
0.951786
0.952501
0.954067
0.956062
0.957593
0.957350
0.956027
0.955110
0.954330
0.953740
0.953582
0.954560
0.954638
0.955404
0.956140
0.955967
0.955704
0.955896
0.955655
0.955518
0.955977
0.955627
0.955647
0.956201
0.955980
0.956629
0.956462
0.956339
0.955676
0.953922
0.953238
0.953532
0.954043
0.955661
0.957435
0.958178
0.958231
0.957623
0.956331
0.955591
0.954955
0.954905
0.955119
0.955983
0.956772
0.956673
0.957413
0.956895
0.956644
0.957070
0.955657
0.954622
0.953776
0.953495
0.954163
0.955995
0.957600
0.958985
0.958193
0.957691
0.956408
0.955564
0.955125
0.954898
0.955744
0.955897
0.956848
0.956796
0.957341
0.956986
0.957429
0.957017
0.955661
0.954644
0.953877
0.953519
0.954189
0.955834
0.957710
0.959126
0.958919
0.957666
0.956432
0.955595
0.955007
0.954835
0.954807
0.954156
0.953561
0.954085
0.955626
0.957543
0.958365
0.958393
0.957305
0.956675
0.955772
0.955306
0.954892
0.955109
0.956195
0.956276
0.956880
0.957422
0.957173
0.956923
0.956053
0.954271
0.953596
0.953813
0.953672
0.955074
0.956346
0.957946
0.958339
0.958245
0.956824
0.955832
0.954940
0.954618
0.954190
0.952832
0.953105
0.952876
0.955407
0.956698
0.958182
0.958297
0.957086
0.955753
0.954943
0.954343
0.954771
0.954735
0.955798
0.955869
0.956597
0.956477
0.956991
0.956669
0.956049
0.956641
0.956342
0.955303
0.954122
0.953434
0.953614
0.954232
0.955827
0.957606
0.958259
0.958248
0.957142
0.955981
0.955030
0.954641
0.955406
0.955150
0.956157
0.956268
0.957170
0.956804
0.957308
0.956733
0.956538
0.956932
0.956625
0.956493
0.957098
0.956914
0.957545
0.957270
0.957002
0.957583
0.957356
0.957090
0.957522
0.957307
0.957853
0.957378
0.955952
0.955055
0.954020
0.953601
0.954012
0.955588
0.957441
0.958895
0.958665
0.957465
0.956246
0.955357
0.954828
0.954583
0.955313
0.955257
0.956065
0.956755
0.956487
0.956722
0.956217
0.955957
0.956459
0.956124
0.956056
0.956785
0.956901
0.956934
0.957625
0.957719
0.958461
0.958612
0.957881
0.957443
0.956853
0.957009
0.957440
0.959163
0.960757
0.961961
0.961834
0.960868
0.959896
0.959121
0.958808
0.958911
0.959730
0.959808
0.960459
0.961223
0.961009
0.961441
0.960984
0.960881
0.960760
0.960932
0.960866
0.961435
0.961306
0.961274
0.961713
0.960811
0.960007
0.959429
0.959002
0.959419
0.960448
0.961759
0.962781
0.962718
0.961885
0.960892
0.960400
0.960027
0.959939
0.960751
0.961017
0.961774
0.962267
0.962309
0.962133
0.962556
0.962140
0.962116
0.962267
0.961854
0.961711
0.962076
0.960917
0.959943
0.959088
0.958399
0.958612
0.959285
0.960354
0.960933
0.960475
0.959144
0.957862
0.957041
0.956485
0.956529
0.957055
0.957087
0.957616
0.958157
0.957843
0.958120
0.957823
0.957590
0.957282
0.957709
0.957449
0.957982
0.957729
0.957842
0.957408
0.956201
0.955558
0.955920
0.956496
0.957734
0.959213
0.959939
0.960000
0.959121
0.958759
0.958230
0.957810
0.957706
0.957881
0.958501
0.959001
0.958880
0.959186
0.958823
0.958386
0.958745
0.958226
0.957977
0.958323
0.957416
0.956664
0.956161
0.955998
0.956461
0.957483
0.958462
0.959225
0.959087
0.957727
0.956697
0.955986
0.955391
0.955261
0.955731
0.955763
0.956307
0.956779
0.956613
0.956197
0.956555
0.956105
0.955884
0.956254
0.956109
0.956065
0.956637
0.955410
0.955058
0.954295
0.953965
0.954271
0.955557
0.956892
0.957889
0.957567
0.956350
0.955367
0.954617
0.954177
0.953952
0.954829
0.954859
0.955616
0.956102
0.955877
0.956321
0.955957
0.955513
0.955368
0.955686
0.955530
0.955096
0.953980
0.953244
0.953741
0.954192
0.955429
0.956502
0.956825
0.956561
0.955290
0.954217
0.953446
0.952868
0.953299
0.953481
0.954215
0.954108
0.954804
0.955329
0.954836
0.954535
0.954878
0.954616
0.954135
0.954749
0.953691
0.952974
0.952381
0.951938
0.952445
0.953984
0.955514
0.956676
0.955903
0.955586
0.954455
0.953544
0.953086
0.953037
0.953792
0.953812
0.954801
0.954614
0.955082
0.954902
0.955304
0.954814
0.954583
0.955097
0.954837
0.953782
0.952954
0.951989
0.952623
0.952213
0.954557
0.955470
0.956854
0.956840
0.955742
0.954630
0.953891
0.953295
0.953878
0.954010
0.954901
0.954774
0.955632
0.955447
0.955804
0.955345
0.955052
0.955543
0.955136
0.955106
0.955767
0.954366
0.953624
0.952849
0.952307
0.953068
0.954416
0.956369
0.957626
0.957373
0.956323
0.955210
0.954259
0.953678
0.953541
0.954168
0.954029
0.954674
0.955057
0.954516
0.954095
0.954309
0.953625
0.953263
0.953744
0.953245
0.951768
0.950814
0.949991
0.950100
0.950691
0.951832
0.953695
0.954388
0.954302
0.953059
0.951867
0.951060
0.950311
0.950464
0.950451
0.951188
0.950782
0.951379
0.951014
0.951230
0.950627
0.949952
0.949204
0.947280
0.946743
0.946928
0.947317
0.948939
0.950807
0.951408
0.951370
0.950921
0.949576
0.948455
0.947787
0.947367
0.947296
0.947931
0.948552
0.948284
0.948731
0.948245
0.947694
0.947799
0.947453
0.945924
0.944804
0.943977
0.944056
0.943821
0.946011
0.947756
0.948605
0.948716
0.947394
0.946202
0.945174
0.944296
0.944582
0.944473
0.945285
0.945168
0.945696
0.945194
0.945460
0.944909
0.944260
0.944508
0.942876
0.941795
0.940939
0.940411
0.941114
0.942605
0.944427
0.945747
0.944991
0.944547
0.943155
0.942135
0.941531
0.941151
0.941707
0.941544
0.942300
0.942156
0.942318
0.941865
0.941955
0.941430
0.940902
0.941179
0.940755
0.939328
0.938389
0.937538
0.937790
0.938128
0.939760
0.941498
0.942213
0.942270
0.940952
0.939707
0.938598
0.937976
0.938288
0.938041
0.938852
0.938673
0.939063
0.938553
0.938593
0.937784
0.937132
0.937106
0.936596
0.936273
0.935410
0.933390
0.932534
0.932651
0.933233
0.934714
0.936617
0.937202
0.936882
0.936303
0.934848
0.933629
0.932746
0.932320
0.932343
0.932722
0.933398
0.933049
0.933502
0.932953
0.932586
0.932687
0.932534
0.932208
0.932348
0.932258
0.932788
0.932456
0.931522
0.930902
0.930478
0.930449
0.930688
0.931710
0.932528
0.933117
0.932870
0.931833
0.930930
0.930373
0.930391
0.929188
0.927588
0.925286
0.923540
0.921804
0.919296
0.916961
0.914236
0.911515
0.909548
0.906930
0.904435
0.902352
0.899733
0.896129
0.892763
0.889367
0.886104
0.882850
0.880835
0.877948
0.875616
0.872198
0.867900
0.864036
0.860118
0.856658
0.853649
0.850407
0.847687
0.844284
0.841325
0.837784
0.834628
0.830991
0.827424
0.824514
0.820882
0.817520
0.814833
0.811328
0.808485
0.805216
0.801735
0.798973
0.794808
0.791111
0.787514
0.784390
0.781804
0.779872
0.777891
0.775727
0.771967
0.768260
0.764711
0.761099
0.757749
0.754611
0.752117
0.749174
0.746787
0.743717
0.740896
0.737542
0.734644
0.731410
0.727779
0.725160
0.722043
0.719672
0.718002
0.715886
0.712423
0.707522
0.702824
0.697662
0.693081
0.689608
0.686588
0.684129
0.681515
0.679391
0.676510
0.673344
0.669361
0.666370
0.662662
0.660015
0.657003
0.654339
0.652168
0.649799
0.647033
0.644791
0.641970
0.639560
0.637034
0.634188
0.631847
0.629557
0.627461
0.624858
0.622608
0.620489
0.618209
0.615561
0.613247
0.611214
0.608742
0.606156
0.603876
0.601752
0.599325
0.596666
0.594388
0.591997
0.589741
0.587039
0.584520
0.582014
0.579504
0.576258
0.573647
0.571002
0.568303
0.564905
0.562062
0.559222
0.556581
0.553093
0.550204
0.547273
0.544498
0.541054
0.537940
0.535157
0.532301
0.528660
0.525800
0.522813
0.519682
0.516258
0.513381
0.510396
0.506876
0.503935
0.501130
0.498099
0.494865
0.491858
0.489092
0.486149
0.482681
0.479880
0.476878
0.474045
0.470713
0.467883
0.465238
0.462212
0.458748
0.456100
0.453148
0.450319
0.446927
0.443972
0.441082
0.437790
0.435016
0.432133
0.429663
0.426053
0.423068
0.420471
0.417599
0.414127
0.411540
0.408706
0.405931
0.402448
0.399712
0.397022
0.394081
0.390630
0.388028
0.385130
0.381928
0.379217
0.376343
0.373595
0.370389
0.367632
0.364823
0.361965
0.358877
0.356200
0.353370
0.350687
0.347325
0.344675
0.342100
0.339354
0.336194
0.333481
0.330994
0.328243
0.325086
0.322478
0.319736
0.316339
0.313913
0.311123
0.308348
0.305219
0.302361
0.299737
0.297158
0.293924
0.291239
0.288702
0.285987
0.282628
0.280155
0.277547
0.274901
0.271584
0.269134
0.266374
0.263099
0.260625
0.258065
0.255502
0.252329
0.249640
0.247212
0.244730
0.241546
0.239236
0.236581
0.234228
0.231079
0.228844
0.226364
0.223937
0.220878
0.218418
0.216322
0.213983
0.210797
0.208524
0.206181
0.203428
0.201192
0.199049
0.196796
0.193961
0.192064
0.189826
0.187790
0.185065
0.183003
0.180774
0.178894
0.176110
0.174412
0.172249
0.170468
0.167822
0.166033
0.164302
0.161635
0.159764
0.158035
0.156317
0.153808
0.152128
0.150420
0.148772
0.146347
0.144700
0.143054
0.141513
0.139213
0.137543
0.136154
0.134705
0.132378
0.130924
0.129485
0.128161
0.125829
0.124469
0.123339
0.121060
0.119766
0.118445
0.117201
0.115175
0.114009
0.112686
0.111664
0.109585
0.108614
0.107347
0.106346
0.104500
0.103515
0.102472
0.101496
0.099816
0.099054
0.098240
0.097516
0.095829
0.094964
0.094263
0.093526
0.091990
0.091243
0.090925
0.089338
0.088991
0.088356
0.088021
0.086770
0.085868
0.085580
0.084987
0.083855
0.083485
0.082928
0.082542
0.081413
0.080961
0.080675
0.080351
0.079316
0.078783
0.078556
0.078237
0.077079
0.076760
0.076443
0.076271
0.075393
0.075058
0.075094
0.074660
0.073538
0.073487
0.073241
0.072173
0.072053
0.071916
0.071693
0.070917
0.070653
0.070644
0.070462
0.069529
0.069435
0.069378
0.069260
0.068136
0.068148
0.068071
0.067973
0.067033
0.067118
0.066976
0.065975
0.065927
0.066165
0.066054
0.065097
0.065050
0.064968
0.065066
0.064136
0.064104
0.064323
0.064370
0.063406
0.063591
0.063546
0.063385
0.062591
0.062725
0.062680
0.062807
0.061968
0.062059
0.062172
0.061358
0.061334
0.061381
0.061357
0.060705
0.060773
0.060894
0.060884
0.060084
0.060171
0.060264
0.060355
0.059641
0.059739
0.059830
0.059985
0.059276
0.059203
0.059487
0.058778
0.058671
0.058669
0.058978
0.058238
0.058324
0.058415
0.058554
0.057911
0.058002
0.058183
0.058183
0.057600
0.057683
0.057776
0.058048
0.057317
0.057262
0.057443
0.057622
0.057094
0.057177
0.057348
0.056505
0.056682
0.056954
0.057045
0.056336
0.056599
0.056641
0.056823
0.055831
0.056376
0.056467
0.056557
0.055798
0.056071
0.056157
0.056333
0.055712
0.056074
0.056164
0.055233
0.055589
0.055771
0.055951
0.055140
0.055594
0.055775
0.055826
0.054908
0.055363
0.055630
0.055712
0.054914
0.055278
0.055392
0.055573
0.055099
0.055099
0.055190
0.055462
0.055022
0.055022
0.055113
0.054755
0.054932
0.054891
0.055073
0.054724
0.054815
0.054906
0.055066
0.054456
0.054638
0.054818
0.055247
0.054456
0.054598
0.054863
0.055226
0.054343
0.054522
0.054877
0.054340
0.054431
0.054611
0.054876
0.054358
0.054358
0.054592
0.054857
0.054320
0.054411
0.054683
0.054948
0.054250
0.054431
0.054613
0.054948
0.054250
0.054522
0.054876
0.054876
0.054272
0.054702
0.054876
0.053999
0.054272
0.054702
0.054876
0.053999
0.052651
0.050726
0.051653
0.051108
0.050909
0.050546
0.050129
0.049775
0.050225
0.049532
0.049078
0.049100
0.048297
0.047597
0.046783
0.047295
0.046548
0.046843
0.046336
0.045570
0.045919
0.045207
0.044571
0.044882
0.044261
0.043534
0.043955
0.043461
0.043609
0.042973
0.042461
0.042882
0.042007
0.041733
0.042154
0.041278
0.040824
0.041427
0.040552
0.040882
0.040460
0.039824
0.040154
0.039733
0.039097
0.039700
0.039006
0.039336
0.038973
0.038279
0.038700
0.038279
0.037643
0.038246
0.037643
0.037098
0.037610
0.037007
0.037428
0.036916
0.036462
0.037065
0.036371
0.036008
0.036429
0.035917
0.036338
0.035805
0.035372
0.035884
0.035372
0.034918
0.035430
0.034918
0.034555
0.035066
0.034555
0.034976
0.034464
0.034101
0.034522
0.034101
0.033647
0.034249
0.033647
0.034249
0.033716
0.033374
0.033795
0.033374
0.032920
0.033523
0.032920
0.032648
0.033069
0.032648
0.033159
0.032739
0.032375
0.032887
0.032466
0.032012
0.032796
0.032103
0.032796
0.032103
0.031921
0.032342
0.031921
0.031558
0.032160
0.031740
0.032160
0.031979
0.031286
0.031979
0.031558
0.031195
0.031706
0.031286
0.031013
0.031434
0.031104
0.031616
0.031104
0.030832
0.031343
0.031013
0.030559
0.031252
0.030741
0.031252
0.030889
0.030469
0.031252
0.030559
0.030378
0.030889
0.030378
0.030196
0.030708
0.030378
0.030799
0.030378
0.030105
0.030708
0.030378
0.029924
0.030526
0.030105
0.030617
0.030447
0.029924
0.030526
0.030015
0.029742
0.030435
0.029924
0.029651
0.030163
0.029742
0.030435
0.029924
0.029742
0.030163
0.029833
0.029651
0.030072
0.029742
0.030163
0.029902
0.029651
0.030163
0.029742
0.029288
0.029981
0.029742
0.029288
0.029981
0.029379
0.029981
0.029742
0.029288
0.029981
0.029561
0.029288
0.029981
0.029288
0.029981
0.029651
0.029288
0.029981
0.029470
0.029198
0.029981
0.029379
0.029981
0.029800
0.029288
0.029981
0.029379
0.029198
0.029891
0.029379
0.029107
0.029800
0.029198
0.029981
0.029379
0.029198
0.029981
0.029198
0.029198
0.027920
0.025339
0.024340
0.024266
0.024876
0.027171
0.029876
0.030703
0.030615
0.029976
0.028121
0.027043
0.026434
0.025970
0.026250
0.027291
0.028070
0.028171
0.028812
0.028056
0.027845
0.028238
0.027484
0.027446
0.028086
0.025839
0.024571
0.023122
0.022726
0.023077
0.025688
0.027905
0.029937
0.029928
0.028231
0.026630
0.025591
0.024643
0.024426
0.025533
0.025597
0.026658
0.027522
0.027011
0.026695
0.027178
0.026546
0.026122
0.026868
0.026485
0.026379
0.027098
0.026804
0.027374
0.025386
0.023807
0.022360
0.021768
0.022242
0.024620
0.027323
0.029304
0.028375
0.027729
0.026144
0.024883
0.024099
0.023972
0.024879
0.025033
0.026094
0.026084
0.026744
0.026332
0.026814
0.026092
0.025778
0.026452
0.026162
0.024211
0.022768
0.021464
0.021804
0.021375
0.024928
0.026592
0.028428
0.028327
0.026881
0.025253
0.024011
0.023392
0.024049
0.024121
0.025262
0.025363
0.026306
0.025981
0.026625
0.025969
0.025503
0.026129
0.025580
0.025437
0.026134
0.026027
0.025814
0.026384
0.024466
0.022782
0.021513
0.020745
0.021506
0.023739
0.026654
0.028373
0.028484
0.026890
0.025271
0.023999
0.023366
0.023241
0.024152
0.024337
0.025562
0.026267
0.026049
0.026587
0.026040
0.025646
0.025149
0.025805
0.025582
0.026173
0.026027
0.025904
0.026565
0.026215
0.025056
0.022512
0.021478
0.021593
0.022199
0.024630
0.027293
0.028253
0.028267
0.026925
0.025207
0.023961
0.023421
0.023993
0.024033
0.025168
0.025439
0.026311
0.026002
0.026467
0.026086
0.025513
0.026070
0.025774
0.025541
0.026240
0.025985
0.026824
0.026443
0.026352
0.025021
0.022486
0.021453
0.021566
0.022258
0.024593
0.027240
0.028354
0.028267
0.026834
0.026169
0.024934
0.024203
0.024002
0.024123
0.025077
0.026242
0.026311
0.026964
0.026299
0.026086
0.026567
0.026103
0.025684
0.026595
0.026251
0.026075
0.026755
0.026533
0.025421
0.022885
0.021670
0.021947
0.022439
0.024844
0.027400
0.028682
0.028697
0.027105
0.025407
0.024324
0.023693
0.024193
0.024395
0.025530
0.025711
0.026492
0.026363
0.026829
0.026267
0.025875
0.026274
0.025955
0.025812
0.026602
0.026347
0.025203
0.022830
0.021632
0.021910
0.022404
0.024773
0.027469
0.028402
0.028496
0.027065
0.025478
0.024142
0.024475
0.024111
0.024323
0.025459
0.025554
0.026492
0.027035
0.026661
0.026177
0.026566
0.026194
0.025774
0.026685
0.026342
0.026256
0.026845
0.026533
0.025421
0.022885
0.021760
0.022037
0.022439
0.024844
0.027580
0.028592
0.028697
0.027015
0.025497
0.024323
0.023693
0.024284
0.024304
0.025530
0.025620
0.026402
0.026273
0.026829
0.026177
0.025694
0.026273
0.025955
0.025631
0.026421
0.026347
0.025021
0.022649
0.021631
0.021728
0.022312
0.024503
0.027200
0.028391
0.028226
0.026794
0.025206
0.023961
0.024293
0.023930
0.024142
0.025187
0.025439
0.026221
0.026764
0.026389
0.026086
0.026385
0.025831
0.025774
0.026413
0.025979
0.025984
0.026755
0.026261
0.025239
0.022794
0.021488
0.021855
0.022167
0.024754
0.027477
0.028321
0.028247
0.026925
0.025407
0.023961
0.023421
0.024102
0.023942
0.025258
0.025439
0.026402
0.026002
0.026557
0.026086
0.025694
0.026070
0.025774
0.025540
0.026240
0.025984
0.025021
0.022557
0.021359
0.021637
0.022041
0.024593
0.027111
0.028121
0.028136
0.026794
0.025116
0.023870
0.024244
0.023872
0.024105
0.025248
0.025424
0.026077
0.026893
0.026501
0.025937
0.026325
0.025948
0.025800
0.026170
0.026176
0.026013
0.026601
0.026291
0.025338
0.022698
0.021573
0.021677
0.022274
0.024894
0.027643
0.028406
0.028499
0.027159
0.025533
0.024074
0.023618
0.024209
0.024055
0.025376
0.025745
0.026528
0.026039
0.026681
0.026388
0.025813
0.026190
0.025980
0.025838
0.026356
0.026193
0.027126
0.024894
0.023240
0.021969
0.021430
0.022052
0.024554
0.027096
0.028216
0.028319
0.027560
0.025857
0.024776
0.024070
0.023766
0.024768
0.025116
0.026274
0.026000
0.026772
0.026468
0.027034
0.026131
0.025906
0.026719
0.026328
0.026054
0.026862
0.026750
0.026247
0.026958
0.025093
0.023499
0.022054
0.021584
0.022006
0.024711
0.027162
0.029142
0.029162
0.027629
0.025900
0.024758
0.024034
0.024072
0.024821
0.025075
0.026229
0.027204
0.026624
0.026288
