1.734426
1.644287
1.468338
1.310102
1.209296
1.162840
1.147998
1.144956
1.144687
1.144633
1.144393
1.143947
1.143199
1.142617
1.142111
1.141761
1.141162
1.140529
1.140031
1.139547
1.139057
1.138390
1.137943
1.137175
1.136511
1.135819
1.135097
1.134406
1.133846
1.133182
1.132227
1.131336
1.130469
1.129196
1.128184
1.126784
1.125702
1.124564
1.123495
1.122664
1.121661
1.120762
1.119873
1.119157
1.118420
1.117711
1.117160
1.116374
1.115875
1.115250
1.114455
1.113738
1.112952
1.111958
1.110914
1.110027
1.109292
1.108366
1.107696
1.106773
1.106136
1.105558
1.104803
1.104149
1.103552
1.102805
1.102292
1.101754
1.101083
1.100387
1.099741
1.099247
1.098341
1.097651
1.096901
1.096467
1.095764
1.095171
1.094489
1.093834
1.093329
1.092660
1.092060
1.091450
1.090856
1.090260
1.089467
1.089053
1.088368
1.087965
1.087347
1.086858
1.086225
1.085533
1.085190
1.084620
1.083932
1.083437
1.082851
1.082386
1.081873
1.081229
1.080616
1.080015
1.079507
1.078824
1.078318
1.077675
1.076801
1.076440
1.075715
1.075078
1.074601
1.074007
1.073240
1.072950
1.071947
1.071385
1.070677
1.070219
1.069511
1.068779
1.068086
1.067452
1.066771
1.066116
1.065583
1.065008
1.064317
1.063808
1.063353
1.063205
1.062614
1.062147
1.062004
1.061622
1.061239
1.060835
1.061071
1.060456
1.060024
1.059751
1.059262
1.058837
1.059031
1.058372
1.058124
1.057501
1.057091
1.056475
1.055929
1.055896
1.055416
1.054981
1.054486
1.053828
1.053799
1.053623
1.053813
1.053716
1.053743
1.053782
1.053645
1.053828
1.053955
1.053564
1.053836
1.053669
1.053647
1.053306
1.053144
1.053123
1.053013
1.052982
1.052570
1.052335
1.052359
1.052022
1.051747
1.051693
1.051354
1.051264
1.050621
1.050662
1.050247
1.050043
1.049981
1.049638
1.049236
1.049058
1.048779
1.048325
1.047999
1.047852
1.047341
1.046943
1.046710
1.046442
1.045894
1.045739
1.045434
1.044995
1.044537
1.044174
1.043877
1.043529
1.043269
1.042946
1.042309
1.042116
1.041727
1.041289
1.040795
1.040486
1.040130
1.039740
1.039437
1.039036
1.038423
1.038302
1.037908
1.037406
1.036944
1.036518
1.036196
1.035856
1.035452
1.035001
1.034586
1.034156
1.033703
1.033497
1.033434
1.032836
1.032502
1.032253
1.031712
1.031331
1.030971
1.030561
1.030232
1.029142
1.028370
1.027500
1.026321
1.025189
1.023978
1.022553
1.022061
1.020141
1.018124
1.016561
1.014702
1.012833
1.011055
1.009067
1.007498
1.005587
1.003321
1.001591
0.999611
0.997716
0.995612
0.993622
0.991351
0.989382
0.987221
0.985073
0.982975
0.980783
0.978624
0.976485
0.974168
0.972269
0.969874
0.967807
0.965496
0.963222
0.961325
0.958978
0.956692
0.954476
0.952445
0.950270
0.948164
0.945764
0.943706
0.941314
0.939132
0.936910
0.934761
0.932510
0.930284
0.928231
0.926055
0.923912
0.921493
0.919526
0.917053
0.915054
0.912587
0.910497
0.908335
0.906245
0.903895
0.901915
0.899559
0.897234
0.895279
0.892904
0.890735
0.888413
0.886378
0.884091
0.881885
0.879647
0.877564
0.875157
0.873080
0.871008
0.868637
0.866478
0.864503
0.862126
0.859811
0.857826
0.855588
0.853338
0.851028
0.849047
0.846799
0.845266
0.844304
0.843127
0.841791
0.840082
0.838068
0.836073
0.834091
0.832004
0.829933
0.827970
0.825775
0.823910
0.821826
0.819784
0.817829
0.815810
0.813823
0.811909
0.810030
0.808054
0.805894
0.804038
0.802090
0.800039
0.798167
0.796243
0.794271
0.792322
0.790888
0.789206
0.787516
0.785777
0.784230
0.782173
0.780629
0.778899
0.777167
0.775525
0.773823
0.772441
0.770505
0.768918
0.767097
0.765387
0.763665
0.762008
0.760332
0.758668
0.757182
0.755667
0.753936
0.752257
0.750824
0.749046
0.747468
0.745866
0.744375
0.742863
0.741485
0.739933
0.738515
0.737138
0.735587
0.734184
0.732808
0.731353
0.729959
0.728615
0.727242
0.725964
0.724643
0.723520
0.722107
0.720839
0.719415
0.718385
0.717138
0.715798
0.714563
0.713315
0.712287
0.711143
0.709866
0.708621
0.707538
0.706613
0.705625
0.704254
0.703206
0.702123
0.701095
0.700026
0.698853
0.697947
0.696970
0.695992
0.694924
0.693937
0.693053
0.691972
0.690997
0.690102
0.689126
0.688243
0.687175
0.686352
0.685399
0.684576
0.683508
0.682708
0.681826
0.680829
0.680039
0.679228
0.678254
0.677442
0.676562
0.675968
0.675088
0.674185
0.673373
0.672494
0.671672
0.670896
0.670074
0.669195
0.668476
0.667598
0.666858
0.666084
0.665262
0.664385
0.663759
0.662872
0.662247
0.661424
0.660641
0.660005
0.659130
0.658401
0.657695
0.656984
0.656185
0.655475
0.654676
0.653948
0.653260
0.652532
0.651920
0.651117
0.650389
0.649777
0.649150
0.648434
0.647739
0.647092
0.646468
0.645866
0.645324
0.644537
0.644086
0.643291
0.642748
0.642125
0.641674
0.641154
0.640545
0.640004
0.639472
0.639001
0.638483
0.637875
0.637343
0.636906
0.636367
0.635816
0.635468
0.634937
0.634418
0.634071
0.633450
0.633173
0.632643
0.632192
0.631845
0.631335
0.630885
0.630608
0.630010
0.629733
0.629386
0.629022
0.628595
0.628240
0.627900
0.627387
0.627110
0.626833
0.626325
0.625969
0.625692
0.625415
0.625156
0.624672
0.624323
0.624046
0.623787
0.623434
0.623157
0.622849
0.622487
0.622378
0.621962
0.621788
0.621511
0.621094
0.620920
0.620688
0.620337
0.620113
0.619754
0.619580
0.619366
0.619036
0.618861
0.618553
0.618298
0.618124
0.618005
0.617710
0.617536
0.617364
0.617175
0.617002
0.616719
0.616545
0.616515
0.616341
0.616168
0.615994
0.615891
0.615866
0.615623
0.615449
0.615282
0.615108
0.615021
0.614917
0.614744
0.614520
0.614416
0.614243
0.613999
0.613966
0.613792
0.613600
0.613426
0.613323
0.613252
0.613079
0.612975
0.612802
0.612773
0.612686
0.612630
0.612406
0.612260
0.612086
0.612051
0.612027
0.611924
0.611852
0.611852
0.611678
0.611557
0.611383
0.611268
0.610993
0.611094
0.611036
0.611038
0.611038
0.610864
0.610761
0.610585
0.610482
0.610587
0.610521
0.610521
0.610347
0.610136
0.610136
0.609963
0.609963
0.609672
0.609778
0.609783
0.609713
0.609609
0.609501
0.609328
0.609328
0.609225
0.609154
0.609051
0.609051
0.608982
0.608877
0.608774
0.608774
0.608704
0.608600
0.608600
0.608534
0.608519
0.608416
0.608416
0.608345
0.608327
0.608338
0.608338
0.608056
0.608056
0.607954
0.608051
0.607980
0.607877
0.607877
0.607877
0.607703
0.607713
0.607606
0.607503
0.607503
0.607529
0.607426
0.607426
0.607426
0.607356
0.607262
0.607262
0.607262
0.607053
0.607053
0.607079
0.607079
0.606976
0.606976
0.606986
0.606916
0.606812
0.606812
0.606812
0.606704
0.606602
0.606545
0.606545
0.606545
0.606442
0.606432
0.606432
0.606432
0.606258
0.606258
0.606258
0.606258
0.606258
0.606156
0.606156
0.606084
0.606084
0.606084
0.605981
0.605981
0.605981
0.605981
0.605981
0.605911
0.605807
0.605807
0.605807
0.605807
0.605807
0.605807
0.605706
0.605633
0.605633
0.605633
0.605633
0.605633
0.605531
0.605531
0.605531
0.605531
0.605531
0.605460
0.605460
0.605250
0.605250
0.605250
0.605250
0.605250
0.605250
0.605250
0.605250
0.605150
0.605077
0.605077
0.605077
0.605077
0.605077
0.605077
0.605077
0.604975
0.604975
0.604975
0.604975
0.604975
0.604975
0.604975
0.604975
0.604975
0.604975
0.604975
0.604975
0.604975
0.604975
0.604975
0.604975
0.604975
0.604975
0.604975
0.604975
0.604975
0.604975
0.604975
0.604975
0.605014
0.604902
0.605109
0.605201
0.605068
0.605072
0.604990
0.604895
0.605084
0.605032
0.605158
0.605048
0.605290
0.605227
0.605250
0.605345
0.605381
0.605558
0.605523
0.605619
0.605699
0.605813
0.605883
0.605826
0.605748
0.605622
0.605605
0.605694
0.605590
0.605373
0.605361
0.605340
0.605338
0.605391
0.605533
0.605442
0.605280
0.605239
0.605289
0.605431
0.605468
0.605265
0.605092
0.605065
0.605035
0.605029
0.605078
0.605221
0.605183
0.605386
0.605396
0.605389
0.605448
0.605396
0.604963
0.605052
0.604861
0.604860
0.605016
0.604801
0.605361
0.605988
0.605968
0.605934
0.605827
0.605284
0.605177
0.605107
0.605197
0.605475
0.605918
0.606115
0.606132
0.606224
0.606168
0.606261
0.606335
0.605586
0.605054
0.604887
0.605109
0.605035
0.605251
0.606168
0.607078
0.607338
0.607110
0.606824
0.606452
0.606335
0.606158
0.606158
0.606385
0.606668
0.606979
0.607155
0.607155
0.607071
0.607187
0.607130
0.606241
0.605910
0.605505
0.605514
0.605973
0.606722
0.607690
0.608239
0.608168
0.607679
0.607182
0.606768
0.606639
0.606870
0.606338
0.605903
0.605734
0.606107
0.606937
0.607779
0.608191
0.608372
0.607803
0.607420
0.607036
0.607172
0.607166
0.607415
0.607465
0.607683
0.607744
0.608054
0.608135
0.607976
0.608121
0.607895
0.607249
0.606807
0.606401
0.606525
0.606627
0.607501
0.608520
0.608985
0.608785
0.608304
0.607854
0.607575
0.607508
0.607404
0.606868
0.606557
0.606465
0.606768
0.607420
0.608253
0.608664
0.608649
0.608190
0.607789
0.607684
0.607639
0.607608
0.607710
0.607978
0.608192
0.608257
0.608267
0.608427
0.608386
0.608290
0.608262
0.607643
0.607198
0.606825
0.606900
0.607054
0.607914
0.608803
0.609172
0.609070
0.608817
0.608332
0.607968
0.607718
0.607858
0.608041
0.608088
0.608197
0.608471
0.608599
0.608647
0.608375
0.607535
0.607151
0.606802
0.606981
0.607141
0.607993
0.608832
0.609748
0.609999
0.610016
0.609695
0.608710
0.608341
0.607923
0.607078
0.607137
0.607144
0.607500
0.608081
0.608323
0.609473
0.610403
0.610887
0.610393
0.610048
0.609228
0.608705
0.608597
0.607708
0.607509
0.607521
0.608085
0.608557
0.608764
0.610111
0.610951
0.611312
0.610927
0.610455
0.609777
0.609070
0.608775
0.608153
0.607777
0.608272
0.608482
0.608882
0.609733
0.610788
0.611122
0.611268
0.610895
0.610438
0.609721
0.609465
0.609299
0.608677
0.608507
0.608964
0.609201
0.609422
0.610193
0.610956
0.611229
0.611117
0.611083
0.610716
0.610265
0.609822
0.609548
0.609008
0.608892
0.608857
0.609292
0.609521
0.609945
0.610521
0.611171
0.611448
0.611529
0.611332
0.611023
0.610389
0.610057
0.609489
0.609143
0.609199
0.609600
0.609891
0.610164
0.610684
0.611636
0.611867
0.611917
0.611630
0.610948
0.610495
0.609829
0.609170
0.608442
0.608353
0.608475
0.609076
0.609172
0.609842
0.610554
0.610561
0.610747
0.610222
0.609319
0.608730
0.607784
0.606768
0.606148
0.606149
0.606500
0.606719
0.607317
0.607841
0.608415
0.608287
0.608385
0.607836
0.606963
0.606134
0.605504
0.604515
0.603651
0.603710
0.603916
0.604292
0.604753
0.605435
0.605958
0.606156
0.606008
0.604992
0.603809
0.603083
0.601815
0.601436
0.600980
0.601198
0.601521
0.601804
0.603186
0.603512
0.603960
0.603896
0.602767
0.601737
0.600589
0.599446
0.598703
0.598477
0.598241
0.598814
0.599186
0.600222
0.600781
0.600651
0.600226
0.599111
0.597783
0.596858
0.595615
0.595260
0.595234
0.595348
0.595874
0.596213
0.597081
0.597529
0.597423
0.597067
0.596174
0.594643
0.593721
0.593077
0.592472
0.592289
0.592297
0.592380
0.592706
0.593583
0.593923
0.594175
0.594010
0.593460
0.592740
0.591782
0.590644
0.590102
0.589410
0.589212
0.589297
0.589165
0.589728
0.590283
0.590876
0.591042
0.591002
0.590604
0.589411
0.588628
0.587747
0.586861
0.586516
0.586420
0.586692
0.587183
0.587909
0.588385
0.588681
0.588588
0.588198
0.587288
0.586175
0.585512
0.584156
0.583821
0.583672
0.583782
0.584042
0.584444
0.585264
0.585944
0.586126
0.586202
0.585433
0.584370
0.583750
0.582712
0.581806
0.581479
0.581610
0.581521
0.581718
0.582096
0.582992
0.583363
0.583644
0.583148
0.582515
0.581341
0.580394
0.579745
0.579005
0.578815
0.578750
0.578870
0.579123
0.579775
0.580304
0.580463
0.580532
0.579943
0.579154
0.577967
0.577019
0.576148
0.575741
0.575567
0.575816
0.576217
0.576411
0.577159
0.577884
0.577939
0.577656
0.576957
0.576303
0.575290
0.574331
0.573342
0.572849
0.572871
0.573009
0.573341
0.573583
0.574340
0.575196
0.574969
0.574805
0.574336
0.573533
0.572458
0.571671
0.570627
0.570218
0.570164
0.570413
0.570576
0.571066
0.571760
0.572374
0.572123
0.572151
0.571707
0.570420
0.569622
0.568755
0.567970
0.567397
0.567176
0.567187
0.567261
0.567517
0.568099
0.568653
0.568864
0.568890
0.568222
0.567415
0.566811
0.565915
0.565330
0.564779
0.564420
0.564475
0.564655
0.564960
0.565445
0.565748
0.565972
0.565722
0.565497
0.564939
0.563908
0.562990
0.562356
0.561577
0.561368
0.561481
0.561682
0.562007
0.562181
0.562639
0.563129
0.562960
0.562802
0.562399
0.561380
0.560477
0.559730
0.558781
0.558351
0.558221
0.558286
0.558606
0.559005
0.559855
0.560242
0.560422
0.560552
0.559997
0.558993
0.558117
0.557411
0.556268
0.555877
0.555436
0.555685
0.555991
0.556300
0.556982
0.557400
0.557684
0.557636
0.557075
0.556374
0.555155
0.554635
0.553904
0.553558
0.553683
0.553561
0.553779
0.554143
0.554278
0.554715
0.555107
0.554805
0.554119
0.553616
0.552452
0.551966
0.551100
0.550460
0.550479
0.550206
0.550821
0.550693
0.551356
0.551399
0.551534
0.551360
0.550829
0.549877
0.549170
0.548327
0.547725
0.547203
0.547161
0.546969
0.547151
0.547303
0.547692
0.548043
0.548376
0.548209
0.547678
0.546976
0.546031
0.545514
0.544808
0.544404
0.544118
0.543891
0.543924
0.544247
0.544700
0.544985
0.544927
0.544813
0.544459
0.544202
0.543244
0.542557
0.541934
0.541210
0.541030
0.540951
0.540961
0.541408
0.541587
0.541969
0.542221
0.542230
0.541880
0.541274
0.540359
0.539568
0.538908
0.538206
0.538049
0.537927
0.538112
0.538294
0.538694
0.538808
0.539070
0.539274
0.539218
0.538686
0.538018
0.537054
0.536387
0.535404
0.535275
0.534964
0.535092
0.535622
0.535906
0.536389
0.536426
0.536626
0.536582
0.536009
0.534834
0.534073
0.533318
0.532699
0.532188
0.532145
0.532285
0.532597
0.532956
0.533399
0.533377
0.533684
0.533546
0.532995
0.532088
0.531253
0.530493
0.529898
0.529464
0.529412
0.529399
0.529203
0.529530
0.529848
0.530154
0.530121
0.530152
0.529625
0.528970
0.528147
0.527465
0.526676
0.526167
0.525746
0.525541
0.525736
0.525916
0.526502
0.526666
0.526791
0.526671
0.526449
0.525932
0.525048
0.524406
0.523720
0.523043
0.522904
0.522645
0.522732
0.522868
0.523059
0.523425
0.523779
0.523856
0.523938
0.523518
0.522812
0.521796
0.521288
0.520207
0.519782
0.519566
0.519991
0.520307
0.520663
0.520891
0.521309
0.521501
0.521300
0.520862
0.519921
0.519093
0.518226
0.517620
0.517313
0.517041
0.517141
0.517567
0.517856
0.518172
0.518241
0.518471
0.518508
0.517918
0.517014
0.516057
0.515548
0.514704
0.514447
0.514153
0.514075
0.514163
0.514288
0.514781
0.515073
0.515189
0.515259
0.514620
0.513785
0.512910
0.512234
0.511676
0.511406
0.511287
0.511229
0.511448
0.511834
0.512240
0.512457
0.512360
0.511808
0.511067
0.510148
0.509343
0.508670
0.508202
0.507994
0.508139
0.508343
0.508612
0.509023
0.509428
0.509407
0.509177
0.508884
0.507851
0.507230
0.506292
0.505790
0.505603
0.505544
0.505662
0.506083
0.506411
0.506861
0.507008
0.507026
0.506581
0.505554
0.504724
0.503921
0.503382
0.502882
0.502852
0.502960
0.503021
0.503479
0.503866
0.504107
0.504064
0.503983
0.503447
0.502839
0.501833
0.500900
0.500435
0.499772
0.499758
0.499709
0.499880
0.500172
0.500410
0.500701
0.501101
0.500654
0.500367
0.499715
0.498671
0.497879
0.496951
0.496634
0.496400
0.496502
0.496844
0.497207
0.497621
0.497731
0.497944
0.497729
0.497065
0.496108
0.495450
0.494445
0.493978
0.493792
0.493630
0.493884
0.494485
0.494846
0.495006
0.495046
0.494694
0.494273
0.493529
0.492608
0.491809
0.491142
0.490827
0.490595
0.490948
0.491257
0.491458
0.491869
0.492046
0.492030
0.492167
0.491519
0.490594
0.489922
0.489164
0.488331
0.487969
0.487791
0.487747
0.487779
0.487969
0.488490
0.488741
0.488798
0.488737
0.488216
0.487211
0.486402
0.485561
0.485115
0.484678
0.484646
0.484638
0.485032
0.485323
0.485746
0.485959
0.485835
0.485406
0.484572
0.483757
0.482994
0.482348
0.481713
0.481698
0.481818
0.482020
0.482494
0.482783
0.482877
0.483004
0.482673
0.482385
0.481416
0.480600
0.479805
0.479394
0.479110
0.479119
0.479365
0.479623
0.480099
0.480342
0.480375
0.480288
0.479732
0.479039
0.477923
0.477411
0.476637
0.476264
0.475957
0.476300
0.476461
0.477058
0.477342
0.477707
0.477525
0.477527
0.477004
0.476274
0.475172
0.474756
0.473902
0.473521
0.473239
0.473302
0.473295
0.473643
0.473801
0.474003
0.474372
0.474149
0.473790
0.473302
0.472540
0.471754
0.470996
0.470734
0.470379
0.470171
0.470143
0.470267
0.470453
0.470960
0.471259
0.471431
0.471562
0.470819
0.470082
0.469234
0.468705
0.468438
0.468008
0.467859
0.467818
0.467975
0.468434
0.469159
0.469508
0.469424
0.469010
0.468037
0.467090
0.466563
0.465740
0.465248
0.465223
0.465155
0.465316
0.465688
0.465951
0.466625
0.466632
0.466709
0.466307
0.465606
0.464712
0.464202
0.463406
0.463207
0.463062
0.463023
0.463433
0.463782
0.464185
0.464519
0.464408
0.463644
0.462996
0.462208
0.461331
0.460720
0.460320
0.460158
0.460282
0.460526
0.460759
0.461132
0.461363
0.461437
0.461201
0.461095
0.460438
0.459522
0.458819
0.458248
0.457730
0.457484
0.457415
0.457444
0.457542
0.457792
0.458148
0.458468
0.458477
0.458369
0.457602
0.456900
0.456149
0.455661
0.455012
0.454859
0.454740
0.454744
0.454942
0.455203
0.455450
0.455650
0.455547
0.455306
0.454698
0.453992
0.453471
0.452753
0.452206
0.451927
0.451838
0.451721
0.452088
0.452515
0.453003
0.453058
0.452840
0.452439
0.451263
0.450390
0.449860
0.449431
0.449326
0.449149
0.449409
0.449669
0.449800
0.449924
0.450289
0.450477
0.450430
0.449968
0.448883
0.448036
0.447607
0.446428
0.446432
0.446452
0.446446
0.446304
0.447060
0.447289
0.448028
0.447938
0.447704
0.446934
0.446396
0.445507
0.444994
0.444183
0.444102
0.443106
0.441536
0.440878
0.440088
0.439546
0.439091
0.439058
0.439076
0.439075
0.439942
0.440899
0.441649
0.441991
0.441862
0.440820
0.439708
0.438760
0.437251
0.435557
0.433720
0.432148
0.430674
0.429168
0.428360
0.427792
0.427574
0.426516
0.424968
0.422613
0.420611
0.418498
0.416035
0.412840
0.409568
0.406576
0.404212
0.401957
0.400754
0.399765
0.398516
0.395834
0.393412
0.390732
0.387941
0.384845
0.381403
0.378225
0.375357
0.372819
0.370681
0.368574
0.366777
0.365245
0.363083
0.360379
0.357839
0.355117
0.352484
0.349114
0.345600
0.343254
0.341640
0.339957
0.338378
0.337586
0.336938
0.335251
0.333271
0.330768
0.328691
0.326108
0.322579
0.319586
0.317130
0.315300
0.313590
0.312420
0.311631
0.310502
0.309274
0.307495
0.305297
0.302818
0.300645
0.298110
0.294766
0.291790
0.289306
0.287459
0.286520
0.286183
0.284996
0.283513
0.281744
0.279278
0.276697
0.274120
0.271041
0.267281
0.263703
0.260575
0.258259
0.256370
0.255250
0.254167
0.253893
0.252439
0.250067
0.246882
0.243270
0.240504
0.236742
0.232521
0.229513
0.226718
0.224984
0.224211
0.223753
0.222700
0.221058
0.219295
0.216720
0.213364
0.209986
0.206507
0.203210
0.200158
0.197842
0.195583
0.193976
0.193291
0.192468
0.192327
0.191268
0.188467
0.185435
0.182285
0.179806
0.177333
0.174961
0.172285
0.169869
0.168102
0.166176
0.164449
0.163376
0.162166
0.160852
0.158527
0.156230
0.154116
0.151869
0.150499
0.148516
0.146041
0.143755
0.141886
0.140157
0.138737
0.137701
0.136637
0.134766
0.133484
0.131563
0.130205
0.128819
0.127710
0.126250
0.123944
0.122344
0.120732
0.119376
0.118886
0.117996
0.116936
0.115702
0.114571
0.113457
0.112381
0.111545
0.110466
0.108528
0.107046
0.105930
0.104700
0.103893
0.103828
0.102638
0.101943
0.101169
0.100243
0.099395
0.098440
0.098046
0.097097
0.095617
0.094252
0.093155
0.092340
0.092370
0.092243
0.091418
0.090838
0.090283
0.089842
0.089072
0.088769
0.087899
0.086696
0.085262
0.084470
0.083882
0.083501
0.083928
0.083909
0.083219
0.083058
0.082812
0.082428
0.081938
0.081346
0.081144
0.080163
0.078654
0.077624
0.076636
0.076127
0.076793
0.076842
0.076532
0.076456
0.076243
0.075908
0.074854
0.073367
0.072495
0.071442
0.069149
0.067559
0.065543
0.064105
0.063021
0.063037
0.062709
0.061670
0.060863
0.060110
0.061084
0.061995
0.062564
0.063857
0.064754
0.062467
0.060990
0.059252
0.058037
0.057543
0.057624
0.057304
0.056529
0.055810
0.057009
0.057787
0.058817
0.059657
0.058733
0.057110
0.055020
0.053507
0.052153
0.051285
0.050933
0.051698
0.053537
0.054851
0.055932
0.056996
0.057966
0.058534
0.059682
0.058683
0.057285
0.056292
0.055359
0.054211
0.052738
0.052188
0.052452
0.052010
0.051238
0.050859
0.050100
0.049124
0.049985
0.049443
0.049462
0.049753
0.049726
0.049319
0.048803
0.048117
0.049152
0.050837
0.052101
0.053163
0.054148
0.055251
0.056855
0.057909
0.058937
0.059742
0.060068
0.059526
0.058285
0.056326
0.054581
0.053205
0.051800
0.050785
0.050193
0.049889
0.050477
0.050498
0.051365
0.052876
0.053808
0.053352
0.052200
0.050533
0.048463
0.047276
0.045269
0.044532
0.044450
0.044936
0.046260
0.046751
0.048083
0.049755
0.050860
0.050126
0.048923
0.047805
0.045643
0.044203
0.042410
0.041469
0.040805
0.041295
0.041943
0.042516
0.044290
0.045851
0.046937
0.045744
0.044015
0.041654
0.039208
0.038290
0.037007
0.036476
0.037031
0.037849
0.037964
0.039881
0.041760
0.043325
0.043424
0.042585
0.041838
0.039891
0.038249
0.038367
0.037256
0.037098
0.037214
0.037690
0.038775
0.040283
0.042689
0.043978
0.044570
0.044161
0.043511
0.041668
0.040745
0.038785
0.037990
0.038310
0.039455
0.040178
0.041250
0.042629
0.044957
0.046099
0.046315
0.045620
0.044538
0.042819
0.041225
0.039906
0.038628
0.038371
0.039143
0.040409
0.040381
0.042230
0.043625
0.044355
0.044332
0.043038
0.041197
0.038997
0.037781
0.036009
0.034630
0.034172
0.034808
0.035826
0.036160
0.037222
0.039217
0.040455
0.040476
0.039710
0.037922
0.035884
0.034628
0.033859
0.032920
0.032072
0.032288
0.032404
0.032575
0.033849
0.035958
0.037496
0.037547
0.036488
0.034166
0.032368
0.031218
0.030060
0.029136
0.029341
0.030031
0.030506
0.032291
0.034578
0.035952
0.035328
0.034408
0.033216
0.031112
0.030013
0.028279
0.027379
0.027662
0.028350
0.028737
0.029678
0.030828
0.032975
0.033697
0.032652
0.031713
0.029546
0.028265
0.027214
0.026073
0.025566
0.025541
0.026303
0.027232
0.028457
0.029985
0.030304
0.030251
0.028984
0.028551
0.027293
0.027664
0.027692
0.028060
0.027939
0.028348
0.028383
0.028759
0.028442
0.028234
0.027961
0.027908
0.027683
0.027909
0.027867
0.028094
0.027802
0.027615
0.028498
0.028168
0.028478
0.028489
0.028352
0.028588
0.028260
0.028386
0.028470
0.028609
0.029133
0.028802
0.027934
0.026900
0.026231
0.026191
0.026372
0.027768
0.029701
0.031044
0.029753
0.028702
0.027511
0.027105
0.026671
0.025386
0.024454
0.024250
0.024683
0.025485
0.027102
0.029228
0.031822
0.032993
0.033493
0.033005
0.031197
0.029843
0.027939
0.026796
0.027126
0.028168
0.029773
0.030649
0.032932
0.035432
0.037363
0.037008
0.036073
0.035233
0.034281
0.031669
0.030161
0.030406
0.031230
0.032838
0.033627
0.034694
0.035096
0.036049
0.036348
0.036189
0.035812
0.035914
0.035724
0.035733
0.034981
0.034612
0.034833
0.035749
0.037198
0.038303
0.038573
0.040054
0.040421
0.039696
0.038507
0.038199
0.038621
0.038804
0.038728
0.038818
0.039000
0.040047
0.041073
0.042723
0.043618
