1.022947
1.022947
1.022947
1.022947
1.022947
1.022947
1.022947
1.022947
1.022885
1.022799
1.022697
1.022554
1.022400
1.022268
1.022132
1.021957
1.021801
1.021639
1.021383
1.021115
1.020876
1.020458
1.019920
1.019180
1.018284
1.017320
1.016179
1.015059
1.013901
1.012758
1.011578
1.010391
1.009208
1.008040
1.006764
1.005412
1.004144
1.002730
1.001365
0.999971
0.998612
0.997153
0.995644
0.994160
0.992502
0.991010
0.989352
0.987816
0.986153
0.984479
0.982831
0.981227
0.979525
0.977916
0.976245
0.974550
0.972970
0.971386
0.969720
0.968095
0.966416
0.964750
0.963071
0.961424
0.959547
0.957811
0.955999
0.954292
0.952594
0.950823
0.949153
0.947207
0.945391
0.943326
0.941190
0.939095
0.936996
0.934907
0.932727
0.930594
0.928427
0.926101
0.923749
0.921411
0.918978
0.916661
0.914372
0.912022
0.909689
0.907473
0.905102
0.902715
0.900356
0.897919
0.895478
0.892983
0.890573
0.888231
0.885771
0.883435
0.881113
0.878677
0.876152
0.873797
0.871327
0.868909
0.866430
0.863898
0.861527
0.859048
0.856697
0.854059
0.851765
0.849126
0.846606
0.843997
0.841458
0.838929
0.836465
0.833914
0.831463
0.828878
0.826247
0.823727
0.821023
0.818496
0.815863
0.813185
0.810635
0.808042
0.805544
0.802861
0.800218
0.797516
0.794832
0.792304
0.789627
0.787077
0.784347
0.781697
0.778950
0.776219
0.773529
0.770785
0.768116
0.765419
0.762727
0.759996
0.757328
0.754480
0.751746
0.749021
0.746218
0.743508
0.740719
0.738067
0.735396
0.732604
0.729810
0.726849
0.724122
0.721343
0.718611
0.715886
0.713077
0.710336
0.707399
0.704565
0.701547
0.698511
0.695443
0.692394
0.689492
0.686620
0.683621
0.680813
0.677816
0.675000
0.672172
0.669322
0.666667
0.663711
0.660939
0.658186
0.655332
0.652409
0.649411
0.646539
0.643541
0.640607
0.637736
0.635039
0.632359
0.629755
0.627219
0.624726
0.622187
0.619677
0.617136
0.614667
0.612233
0.609727
0.607428
0.605036
0.602772
0.600466
0.598172
0.595988
0.593812
0.591777
0.589764
0.587711
0.585753
0.583639
0.581756
0.579685
0.577777
0.575787
0.573661
0.571570
0.569369
0.567261
0.565087
0.563038
0.561077
0.559240
0.557393
0.555514
0.553629
0.551712
0.549677
0.547525
0.545628
0.543498
0.541608
0.539945
0.538229
0.536487
0.534830
0.533031
0.531151
0.529183
0.527291
0.525329
0.523620
0.521884
0.520174
0.518554
0.516814
0.514991
0.513154
0.511234
0.509481
0.507655
0.506065
0.504452
0.502808
0.501350
0.499763
0.498140
0.496579
0.494978
0.493050
0.491349
0.489718
0.488007
0.486396
0.484854
0.483240
0.481699
0.480220
0.478664
0.477128
0.475594
0.473943
0.472384
0.470895
0.469447
0.468051
0.466579
0.465282
0.463851
0.462427
0.460978
0.459531
0.458017
0.456534
0.454961
0.453546
0.452222
0.450937
0.449483
0.448276
0.446751
0.445305
0.443864
0.442361
0.440939
0.439626
0.438144
0.436820
0.435472
0.434070
0.432672
0.431325
0.429821
0.428375
0.426941
0.425528
0.424022
0.422746
0.421313
0.419932
0.418624
0.417355
0.415961
0.414714
0.413403
0.412077
0.410736
0.409557
0.408159
0.406845
0.405727
0.404298
0.403283
0.402013
0.400783
0.399535
0.398446
0.397248
0.396032
0.394964
0.393779
0.392629
0.391466
0.390353
0.389202
0.388106
0.387088
0.386005
0.384927
0.383934
0.382800
0.381818
0.380839
0.379826
0.378720
0.377805
0.376822
0.375830
0.374861
0.373918
0.372865
0.371934
0.371070
0.370117
0.369273
0.368287
0.367372
0.366573
0.365564
0.364761
0.363905
0.363023
0.362261
0.361357
0.360586
0.359734
0.358975
0.358231
0.357287
0.356570
0.355912
0.355026
0.354220
0.353554
0.352839
0.351994
0.351346
0.350630
0.349898
0.349230
0.348577
0.347857
0.347183
0.346465
0.345954
0.345302
0.344636
0.344044
0.343438
0.342805
0.342263
0.341605
0.340985
0.340425
0.339878
0.339310
0.338792
0.338287
0.337700
0.337064
0.336665
0.336207
0.335637
0.335090
0.334655
0.334114
0.333659
0.333201
0.332686
0.332194
0.331851
0.331458
0.330893
0.330362
0.329993
0.329630
0.329215
0.328768
0.328315
0.327917
0.327594
0.327194
0.326723
0.326386
0.326038
0.325684
0.325278
0.324991
0.324669
0.324256
0.323957
0.323593
0.323293
0.322909
0.322649
0.322333
0.322007
0.321770
0.321421
0.321151
0.320844
0.320519
0.320323
0.320067
0.319810
0.319550
0.319266
0.310998
0.310691
0.310409
0.310190
0.309940
0.309696
0.309502
0.309333
0.309102
0.308904
0.308676
0.308523
0.308328
0.308146
0.307967
0.307751
0.307626
0.307500
0.307312
0.307117
0.306964
0.306819
0.306596
0.306477
0.306295
0.306146
0.305993
0.305854
0.305732
0.305568
0.305426
0.305277
0.305160
0.305035
0.304885
0.304761
0.304683
0.304477
0.304358
0.304230
0.304147
0.304051
0.303923
0.303798
0.303645
0.303567
0.303484
0.303401
0.303246
0.303124
0.303059
0.302977
0.302864
0.302742
0.302674
0.302607
0.302484
0.302364
0.302314
0.302227
0.302133
0.302062
0.301931
0.301847
0.301801
0.301751
0.301650
0.301552
0.301472
0.301392
0.190632
0.190582
0.190501
0.190383
0.190330
0.190241
0.190185
0.190043
0.189889
0.189673
0.189478
0.189224
0.188972
0.188658
0.188401
0.188147
0.187885
0.187576
0.187343
0.187034
0.186829
0.186629
0.186535
0.186557
0.186535
0.186271
0.186001
0.185415
0.184780
0.184029
0.183339
0.182784
0.182251
0.181895
0.181521
0.181132
0.180702
0.180334
0.179837
0.179346
0.178946
0.178444
0.178066
0.177691
0.177347
0.176999
0.176569
0.176272
0.175982
0.175603
0.175301
0.175047
0.174790
0.174520
0.174259
0.174030
0.173773
0.173595
0.173366
0.173216
0.173020
0.172820
0.172703
0.172526
0.172303
0.172089
0.171762
0.171284
0.170691
0.169970
0.168939
0.167904
0.166759
0.165641
0.164486
0.163361
0.162284
0.161248
0.160246
0.159188
0.158152
0.156968
0.155908
0.154841
0.153733
0.152662
0.151565
0.150456
0.149406
0.148456
0.147397
0.146317
0.145289
0.144187
0.143191
0.142181
0.141107
0.140085
0.139058
0.138063
0.137054
0.136065
0.135037
0.134068
0.133079
0.132091
0.131124
0.130121
0.129090
0.128200
0.127251
0.126270
0.125294
0.124353
0.123452
0.122510
0.121578
0.120621
0.119674
0.118790
0.117874
0.116951
0.116007
0.115057
0.114167
0.113280
0.112376
0.111454
0.110609
0.109685
0.108820
0.107914
0.107010
0.106093
0.105263
0.104386
0.103529
0.102591
0.101717
0.100936
0.100017
0.099206
0.098266
0.097472
0.096596
0.095750
0.094947
0.094055
0.093214
0.092342
0.091531
0.090701
0.089891
0.089049
0.088100
0.087362
0.086506
0.085708
0.084918
0.084048
0.083197
0.082380
0.081613
0.080781
0.079985
0.079131
0.078339
0.077572
0.076726
0.075934
0.075108
0.074264
0.073521
0.072719
0.071965
0.071187
0.070401
0.069551
0.068738
0.068025
0.067287
0.066580
0.065869
0.065172
0.064421
0.063653
0.062974
0.062316
0.061629
0.060942
0.060289
0.059634
0.059010
0.058367
0.057759
0.057109
0.056530
0.055860
0.055302
0.054660
0.054054
0.053497
0.052892
0.052335
0.051772
0.051249
0.050663
0.050126
0.049576
0.049079
0.048600
0.048010
0.047520
0.047010
0.046556
0.046096
0.045597
0.045051
0.044634
0.044147
0.043716
0.043278
0.042787
0.042348
0.041946
0.041496
0.041073
0.040667
0.040287
0.039853
0.039453
0.039009
0.038620
0.038253
0.037872
0.037474
0.037171
0.036789
0.036419
0.036080
0.035741
0.035409
0.035026
0.034676
0.034364
0.034087
0.033724
0.033381
0.033094
0.032789
0.032480
0.032169
0.031879
0.031605
0.031292
0.030996
0.030704
0.030436
0.030162
0.029916
0.029653
0.029391
0.029094
0.028855
0.028652
0.028321
0.028120
0.027890
0.027633
0.027381
0.027160
0.026925
0.026690
0.026453
0.026232
0.026039
0.025813
0.025561
0.025377
0.025187
0.025007
0.024794
0.024587
0.024380
0.024211
0.024034
0.023852
0.023657
0.023455
0.023270
0.023079
0.022926
0.022718
0.022557
0.022396
0.022262
0.022080
0.021927
0.021810
0.021650
0.021489
0.021340
0.021192
0.021026
0.020897
0.020771
0.020632
0.020477
0.020317
0.020221
0.020109
0.019949
0.019802
0.019725
0.019580
0.019475
0.019380
0.019234
0.019088
0.019045
0.018907
0.018803
0.018659
0.018576
0.018499
0.018370
0.018268
0.018143
0.018046
0.017984
0.017841
0.017756
0.017660
0.017558
0.017461
0.017393
0.017277
0.017236
0.017132
0.017037
0.016947
0.016854
0.016790
0.016710
0.016634
0.016546
0.016432
0.016370
0.016308
0.016214
0.016173
0.016105
0.016033
0.015970
0.015866
0.015811
0.015752
0.015684
0.015610
0.015530
0.015489
0.015437
0.015358
0.015316
0.015198
0.015176
0.015135
0.015058
0.015024
0.014965
0.014907
0.014865
0.014807
0.014749
0.014688
0.014656
0.014618
0.014538
0.014538
0.014481
0.014405
0.014383
0.014345
0.014276
0.014235
0.014216
0.014178
0.014141
0.014063
0.014045
0.013989
0.013948
0.013930
0.013880
0.013844
0.013804
0.013786
0.013767
0.013718
0.013677
0.013618
0.013618
0.013582
0.013536
0.013494
0.013459
0.013459
0.013442
0.013409
0.013337
0.013321
0.013314
0.013297
0.013246
0.013206
0.013178
0.013178
0.013162
0.013094
0.013071
0.013071
0.013057
0.013044
0.012992
0.012962
0.012934
0.012934
0.012934
0.012883
0.012883
0.012856
0.012827
0.012805
0.012787
0.012755
0.012755
0.012742
0.012715
0.012680
0.012662
0.012644
0.012644
0.012638
0.012638
0.012638
0.012638
0.012620
0.012603
0.012590
0.012590
0.012590
0.012590
0.012572
0.012572
0.012572
0.012556
0.012556
0.012556
0.012556
0.012543
0.012525
0.012525
0.012525
0.012525
0.012525
0.012525
0.012525
0.012525
0.012525
0.012507
0.012507
0.012494
0.012494
0.012494
0.012494
0.012494
0.012494
0.012494
0.012494
0.012494
0.012494
0.012494
0.012494
0.012494
0.012494
0.012494
0.012494
0.012494
0.012494
0.012494
0.012494
0.012494
0.012494
0.012494
0.012494
0.012494
0.012494
0.012494
0.012494
0.012494
0.012494
0.012494
0.012494
0.012494
0.012494
0.012494
0.012494
0.012494
0.012494
0.012494
0.012494
0.012494
0.012494
0.012494
0.012494
0.012494
0.012494
0.012494
0.012494
0.012494
0.012494
0.012494
0.012494
0.012494
0.012494
0.012494
0.012494
0.012494
0.012494
0.012494
0.012494
0.012494
0.012494
0.012494
0.012494
0.012494
0.012494
0.012494
0.012494
0.012494
0.012494
0.012494
0.012494
0.012494
0.012494
0.012494
0.012494
0.012494
0.012494
0.012494
0.012494
0.012494
0.012494
0.012494
0.012494
0.012494
0.012494
0.012494
0.012494
0.012494
0.012494
0.012494
0.012494
0.012494
0.012494
0.012494
0.012494
0.012494
0.012494
0.012494
0.012494
0.012494
0.012494
0.012494
0.012494
0.012494
0.012494
0.012494
0.012494
0.012494
0.012494
0.012494
0.012494
0.012494
0.012494
0.012494
0.012494
0.012494
0.012494
0.012494
0.012494
0.012494
0.012494
0.012494
0.012494
0.012494
0.012494
0.012494
0.012494
0.012494
0.012494
0.012494
0.012494
0.012494
0.012494
0.012494
0.012494
0.012494
0.012494
0.012494
0.012494
0.012494
0.012494
0.012494
0.012494
0.012494
0.012494
0.012494
0.012494
0.012494
0.012494
0.012494
0.012494
0.012494
0.012494
0.012494
0.012494
0.012494
0.012494
0.012494
0.012494
0.012494
0.012494
0.012494
0.012494
0.012494
0.012494
0.012494
0.012494
0.012494
0.012494
0.012494
0.012494
0.012494
0.012494
0.012494
0.012494
0.012494
0.012494
0.012494
0.012494
0.012494
0.012494
0.012494
0.012494
0.012494
0.012494
0.012494
0.012494
0.012494
0.012494
0.012494
0.012494
0.012494
0.012494
0.012494
0.012494
0.012494
0.012494
0.012494
0.012494
0.012494
0.012494
0.012494
0.012494
0.012494
0.012494
0.012494
0.012494
0.012494
