0.446197
0.446197
0.446197
0.446197
0.446197
0.446197
0.446197
0.446197
0.446197
0.446197
0.446197
0.446197
0.446197
0.446197
0.446197
0.446197
0.446197
0.446197
0.446197
0.446197
0.446197
0.446197
0.446102
0.445527
0.443806
0.441125
0.437588
0.433652
0.429494
0.425449
0.421804
0.418480
0.415275
0.411948
0.408682
0.405332
0.401795
0.398116
0.394384
0.390791
0.387118
0.383508
0.380154
0.376636
0.373147
0.369801
0.366334
0.362886
0.359327
0.355756
0.352298
0.349046
0.345641
0.342182
0.338846
0.335478
0.332060
0.328873
0.325527
0.322295
0.318927
0.315682
0.312406
0.309244
0.306030
0.302817
0.299535
0.296532
0.293330
0.290100
0.286971
0.283916
0.280839
0.277746
0.274657
0.271626
0.268652
0.265682
0.262735
0.259685
0.256854
0.253913
0.250901
0.248012
0.245158
0.242473
0.239621
0.236860
0.234066
0.231435
0.228667
0.225976
0.223397
0.220914
0.218242
0.215575
0.213060
0.210460
0.208077
0.205545
0.203088
0.200630
0.198199
0.195831
0.193353
0.191199
0.188832
0.186515
0.184228
0.181967
0.179813
0.177542
0.175321
0.173206
0.171106
0.168973
0.167016
0.164783
0.162866
0.160799
0.158756
0.156862
0.154832
0.152957
0.151063
0.149298
0.147348
0.145406
0.143616
0.141831
0.140076
0.138241
0.136521
0.134798
0.133044
0.131404
0.129656
0.128078
0.126449
0.124912
0.123206
0.121516
0.119973
0.118415
0.116862
0.115322
0.113958
0.112379
0.110707
0.109410
0.107996
0.106550
0.105188
0.103846
0.102385
0.101167
0.099748
0.098456
0.097137
0.095923
0.094659
0.093375
0.092217
0.090905
0.089688
0.088618
0.087499
0.086320
0.085220
0.084086
0.082983
0.081881
0.080782
0.079795
0.078703
0.077651
0.076737
0.075734
0.074693
0.073622
0.072822
0.071692
0.070750
0.069946
0.069091
0.068111
0.067215
0.066265
0.065379
0.064652
0.063692
0.062913
0.062184
0.061297
0.060419
0.059691
0.058971
0.058119
0.057354
0.056659
0.055921
0.055097
0.054479
0.053581
0.053025
0.052417
0.051631
0.050914
0.050401
0.049666
0.048941
0.048415
0.047824
0.047078
0.046534
0.045932
0.045293
0.044753
0.044058
0.043594
0.043014
0.042414
0.041959
0.041256
0.040804
0.040266
0.039836
0.039238
0.038792
0.038137
0.037871
0.037157
0.036703
0.036265
0.035884
0.035389
0.034769
0.034475
0.033871
0.033616
0.033140
0.032736
0.032220
0.031864
0.031516
0.030934
0.030610
0.030202
0.029849
0.029475
0.029116
0.028744
0.028478
0.027964
0.027539
0.027324
0.026963
0.026686
0.026395
0.025869
0.025691
0.025533
0.025009
0.024755
0.024431
0.024144
0.023755
0.023634
0.023242
0.022892
0.022722
0.022409
0.022174
0.021872
0.021699
0.021380
0.021055
0.020844
0.020593
0.020464
0.020192
0.019931
0.019673
0.019410
0.019176
0.018963
0.018819
0.018660
0.018367
0.018027
0.017935
0.017659
0.017540
0.017465
0.017070
0.016951
0.016677
0.016597
0.016456
0.016196
0.016092
0.015861
0.015804
0.015665
0.015443
0.015246
0.015097
0.015017
0.014801
0.014801
0.014507
0.014455
0.014223
0.014105
0.014002
0.013984
0.013680
0.013589
0.013522
0.013374
0.013227
0.013153
0.013073
0.012907
0.012713
0.012676
0.012574
0.012510
0.012445
0.012271
0.012181
0.012037
0.011935
0.011935
0.011864
0.011666
0.011601
0.011540
0.011475
0.011369
0.011236
0.011178
0.011058
0.011022
0.010974
0.010905
0.010849
0.010838
0.010752
0.010677
0.010613
0.010546
0.010474
0.010465
0.010453
0.010415
0.010415
0.010334
0.010307
0.010185
0.010134
0.010098
0.010098
0.010060
0.010060
0.010042
0.009934
0.009934
0.009896
0.009896
0.009860
0.009860
0.009840
0.009801
0.009790
0.009702
0.009702
0.009702
0.009663
0.009663
0.009663
0.009628
0.009628
0.009589
0.009589
0.009589
0.009571
0.009535
0.009535
0.009497
0.009497
0.009497
0.009497
0.009462
0.009450
0.009412
0.009412
0.009412
0.009394
0.009394
0.009358
0.009358
0.009319
0.009319
0.009319
0.009319
0.009319
0.009284
0.009284
0.009284
0.009246
0.009246
0.009246
0.009246
0.009228
0.009228
0.009228
0.009228
0.009228
0.009228
0.009228
0.009228
0.009228
0.009228
0.009228
0.009228
0.009228
0.009228
0.009228
0.009228
0.009228
0.009228
0.009228
0.009228
0.009228
0.009228
0.009228
0.009228
0.009228
0.009228
0.009228
0.009228
0.009228
0.009228
0.009228
0.009228
0.009228
0.009228
0.009228
0.009228
0.009228
0.009228
0.009228
0.009228
0.009228
0.009228
0.009228
0.009228
0.009228
0.009228
0.009228
0.009228
0.009228
0.009228
0.009228
0.009228
0.009228
0.009228
0.009228
0.009228
0.009228
0.009228
0.009228
0.009228
0.009228
0.009228
0.009228
0.009228
0.009228
0.009228
0.009228
0.009228
0.009228
0.009228
0.009228
0.009228
0.009228
0.009228
0.009228
0.009228
0.009228
0.009228
0.009228
0.009228
0.009228
0.009228
0.009228
0.009228
0.009228
0.009228
0.009228
0.009228
0.009228
0.009228
0.009228
0.009228
0.009228
0.009228
0.009228
0.009228
0.009228
0.009228
0.009228
0.009228
0.009228
0.009228
0.009228
0.009228
0.009228
0.009228
0.009228
0.009228
0.009228
0.009228
0.009228
0.009228
0.009228
0.009228
0.009228
0.009228
0.009228
0.009228
0.009228
0.009228
0.009228
0.009228
0.009228
0.009228
0.009228
0.009228
0.009228
0.009228
0.009228
0.009228
0.009228
0.009228
0.009228
0.009228
0.009228
0.009228
0.009228
0.009228
0.009228
0.009228
0.009228
0.009228
0.009228
0.009228
0.009228
0.009228
0.009228
0.009228
0.009228
0.009228
0.009228
0.009228
0.009228
0.009228
0.009228
0.009228
0.009228
0.009228
0.009228
0.009228
0.009228
0.009228
0.009228
0.009228
0.009228
0.009228
0.009228
0.009228
0.009228
0.009228
0.009228
0.009228
0.009228
0.009228
0.009228
0.009228
0.009228
0.009228
0.009228
0.009228
0.009228
0.009228
0.009228
0.009228
0.009228
0.009228
0.009228
0.009228
0.009228
0.009228
0.009228
0.009228
0.009228
0.009228
0.009228
0.009228
0.009228
0.009228
0.009228
0.009228
0.009228
0.009228
0.009228
0.009228
0.009228
0.009228
0.009228
0.009228
0.009228
0.009228
0.009228
0.009228
0.009228
0.009228
0.009228
0.009228
0.009228
0.009228
0.009228
0.009228
0.009228
0.009228
0.009228
0.009228
0.009228
0.009228
0.009228
0.009228
0.009228
0.009228
0.009228
0.009228
0.009228
0.009228
0.009228
0.009228
0.009228
0.009228
0.009228
0.009228
0.009228
0.009228
0.009228
0.009228
0.009228
0.009228
0.009228
0.009228
0.009228
0.009228
0.009228
0.009228
0.009228
0.009228
0.009228
0.009228
0.009228
0.009228
0.009228
0.009228
0.009228
0.009228
0.009228
0.009228
0.009228
0.009228
0.009228
0.009228
0.009228
0.009228
0.009228
0.009228
0.009228
0.009228
0.009228
0.009228
0.009228
0.009228
0.009228
0.009228
0.009228
0.009228
0.009228
0.009228
0.009228
0.009228
