1.306653
1.203271
0.993222
0.789189
0.644702
0.570322
0.544712
0.540332
0.541068
0.541772
0.542327
0.542352
0.542238
0.542734
0.543582
0.545292
0.546738
0.548209
0.550086
0.551670
0.553260
0.555086
0.556892
0.558948
0.560723
0.562942
0.565582
0.567784
0.569994
0.571634
0.573336
0.574815
0.576506
0.578008
0.579162
0.580385
0.581542
0.582555
0.583600
0.584528
0.585139
0.586119
0.586662
0.587410
0.587870
0.588327
0.588542
0.589068
0.589491
0.589738
0.590313
0.590925
0.591508
0.591910
0.592704
0.593274
0.593658
0.594395
0.594884
0.595779
0.596473
0.596910
0.597728
0.598328
0.598736
0.599564
0.600200
0.600752
0.601409
0.602172
0.602931
0.603490
0.604033
0.604685
0.605546
0.606237
0.606896
0.607577
0.608320
0.609250
0.609882
0.610792
0.611674
0.612417
0.613361
0.614266
0.615277
0.616049
0.617275
0.618184
0.619429
0.620611
0.621645
0.622950
0.624254
0.625550
0.626775
0.628362
0.629720
0.631373
0.632840
0.634399
0.636173
0.637761
0.639627
0.641536
0.643218
0.645119
0.647147
0.649162
0.651163
0.653323
0.655325
0.657603
0.659809
0.662045
0.664338
0.666616
0.668900
0.671267
0.673586
0.676096
0.678337
0.680795
0.683137
0.685545
0.687856
0.690370
0.692826
0.695366
0.697808
0.700162
0.702434
0.705121
0.707497
0.710005
0.712318
0.714694
0.717166
0.719708
0.721856
0.724392
0.726840
0.729173
0.731390
0.733898
0.736243
0.738497
0.740845
0.743092
0.745446
0.747495
0.749916
0.752194
0.754548
0.756504
0.758687
0.760950
0.762924
0.765025
0.767381
0.769503
0.771630
0.773728
0.775828
0.777826
0.779708
0.781832
0.783827
0.785769
0.787757
0.789734
0.791796
0.793850
0.795660
0.797635
0.799467
0.801332
0.803253
0.805119
0.807059
0.808865
0.810728
0.812619
0.814442
0.816078
0.818092
0.819668
0.821523
0.823298
0.824999
0.826812
0.828530
0.830335
0.831952
0.833612
0.835283
0.836789
0.838678
0.840277
0.841868
0.843472
0.845073
0.846493
0.848020
0.849463
0.851015
0.852562
0.854081
0.855476
0.856991
0.858354
0.859904
0.861113
0.862633
0.863977
0.865310
0.866541
0.867862
0.869262
0.870591
0.871875
0.873009
0.874191
0.875654
0.876826
0.878040
0.879244
0.880478
0.881635
0.882853
0.884122
0.885003
0.886200
0.887318
0.888505
0.889668
0.890626
0.891837
0.892903
0.893910
0.894947
0.896070
0.897105
0.898123
0.899007
0.900110
0.901154
0.902129
0.903061
0.904187
0.905143
0.906009
0.906948
0.907819
0.908853
0.909817
0.910815
0.911740
0.912633
0.913452
0.914415
0.915287
0.916164
0.916885
0.917973
0.918583
0.919565
0.920507
0.921027
0.921904
0.922628
0.923477
0.924089
0.924880
0.925569
0.926309
0.927010
0.927534
0.928323
0.929025
0.929538
0.930086
0.930956
0.931481
0.931915
0.932541
0.933130
0.933884
0.934332
0.934764
0.935381
0.935802
0.936497
0.936868
0.937342
0.937779
0.938287
0.938698
0.939252
0.939700
0.940046
0.940495
0.940867
0.941316
0.941754
0.942217
0.942476
0.942835
0.943182
0.943450
0.944066
0.944338
0.944736
0.945004
0.945174
0.945620
0.945978
0.946303
0.946571
0.946919
0.947100
0.947480
0.947714
0.947982
0.948331
0.948603
0.948780
0.948951
0.949363
0.949634
0.949803
0.949983
0.950342
0.950486
0.950845
0.951026
0.951194
0.951375
0.951553
0.951724
0.951902
0.951993
0.952174
0.952342
0.952433
0.952701
0.952816
0.952898
0.953166
0.953257
0.953347
0.953516
0.953606
0.953697
0.953965
0.954047
0.954137
0.954315
0.954406
0.954496
0.954666
0.954756
0.954847
0.955025
0.955115
0.955197
0.955222
0.955400
0.955490
0.955581
0.955671
0.955841
0.955931
0.955931
0.956022
0.956200
0.956290
0.956282
0.956372
0.956463
0.956641
0.956641
0.956731
0.956822
0.956822
0.956992
0.957082
0.957082
0.957173
0.957173
0.957351
0.957441
0.957441
0.957524
0.957524
0.957614
0.957614
0.957705
0.957705
0.957795
0.957795
0.957886
0.957886
0.957968
0.957968
0.958059
0.958059
0.958150
0.958150
0.958150
0.958240
0.958240
0.958331
0.958331
0.958331
0.958413
0.958413
0.958504
0.958504
0.958504
0.958594
0.958594
0.958594
0.958685
0.958685
0.958685
0.958776
0.958776
0.958776
0.958866
0.958858
0.958858
0.958858
0.958949
0.958949
0.958949
0.959039
0.959039
0.959039
0.959039
0.959130
0.959130
0.959130
0.959130
0.959130
0.959221
0.959221
0.959221
0.959221
0.959311
0.959303
0.959303
0.959303
0.959303
0.959610
0.959564
0.959317
0.958956
0.958327
0.958035
0.957880
0.957517
0.957503
0.957586
0.957850
0.957817
0.958128
0.957971
0.958141
0.958140
0.958405
0.958787
0.958717
0.958928
0.958840
0.959215
0.959520
0.960001
0.960404
0.960964
0.961051
0.961156
0.961223
0.961303
0.961664
0.961918
0.962388
0.962669
0.963086
0.963154
0.963664
0.963770
0.964010
0.963961
0.963853
0.964428
0.964434
0.964589
0.964732
0.964811
0.964842
0.965251
0.964956
0.965438
0.965040
0.965157
0.965167
0.965144
0.965324
0.965694
0.965992
0.966263
0.966377
0.966266
0.965962
0.966098
0.966158
0.966158
0.966706
0.966464
0.967024
0.966780
0.967271
0.967144
0.967512
0.967339
0.967405
0.967330
0.967510
0.967577
0.967724
0.967869
0.967785
0.968090
0.967893
0.968241
0.967862
0.967629
0.967950
0.968217
0.968514
0.968992
0.969092
0.969026
0.968637
0.968336
0.968059
0.968055
0.968280
0.968245
0.968639
0.968430
0.968738
0.968645
0.968684
0.968618
0.968591
0.968692
0.968519
0.968500
0.968720
0.968555
0.968712
0.968467
0.968520
0.968640
0.968300
0.968221
0.968067
0.967997
0.968165
0.968681
0.969042
0.969454
0.969314
0.968760
0.968429
0.968257
0.968139
0.968136
0.968424
0.968266
0.968649
0.968915
0.968793
0.968649
0.968832
0.968637
0.968609
0.968707
0.968614
0.968513
0.968775
0.968697
0.968986
0.968804
0.968475
0.968442
0.968299
0.968465
0.968449
0.968765
0.969068
0.969477
0.969415
0.969004
0.968704
0.968597
0.968491
0.968498
0.968647
0.968935
0.968831
0.969095
0.968787
0.968839
0.968574
0.968368
0.968504
0.968178
0.968173
0.968337
0.968121
0.967929
0.968014
0.967763
0.967711
0.967220
0.966906
0.967077
0.967044
0.967281
0.967687
0.967791
0.967665
0.967294
0.967130
0.966835
0.966696
0.966922
0.966811
0.967013
0.966801
0.966971
0.966600
0.966632
0.966247
0.966439
0.966163
0.966120
0.965844
0.966215
0.965821
0.966075
0.965756
0.965358
0.965207
0.965045
0.965306
0.965207
0.966007
0.965840
0.966057
0.965788
0.965276
0.964873
0.964542
0.964378
0.964551
0.964467
0.964716
0.964588
0.964571
0.964229
0.964312
0.963892
0.963941
0.963931
0.963423
0.963356
0.963373
0.962918
0.963041
0.962691
0.962486
0.962127
0.961573
0.961320
0.961328
0.961397
0.961676
0.962000
0.962013
0.961897
0.961372
0.960861
0.960479
0.960590
0.960284
0.960017
0.960382
0.960205
0.960256
0.960406
0.960095
0.960087
0.960302
0.960180
0.960220
0.960401
0.960456
0.960297
0.960481
0.960359
0.960221
0.960064
0.959597
0.959564
0.959281
0.959239
0.959590
0.959903
0.960359
0.960467
0.960250
0.959966
0.959726
0.959402
0.959228
0.959172
0.959327
0.959190
0.959387
0.959528
0.959297
0.959421
0.959126
0.959157
0.958846
0.959076
0.958891
0.959046
0.958818
0.958778
0.958968
0.958775
0.958938
0.958596
0.958597
0.958584
0.958675
0.958849
0.959228
0.959773
0.959760
0.959618
0.959633
0.959526
0.959481
0.959362
0.959535
0.959714
0.960018
0.960354
0.960367
0.960842
0.960779
0.961038
0.961632
0.961849
0.962170
0.962773
0.962959
0.963546
0.963840
0.964134
0.964524
0.964728
0.964848
0.965111
0.965117
0.965610
0.965615
0.966550
0.966739
0.967117
0.967068
0.966838
0.966657
0.966546
0.966529
0.966783
0.966610
0.966899
0.966753
0.966898
0.966986
0.967157
0.967062
0.967117
0.967664
0.967702
0.967921
0.968388
0.968500
0.968713
0.968739
0.968691
0.968849
0.968591
0.968530
0.968959
0.969338
0.969974
0.970359
0.970565
0.970681
0.970468
0.970570
0.970081
0.970532
0.970489
0.970599
0.971022
0.970997
0.971169
0.971504
0.971525
0.971294
0.971594
0.971323
0.971356
0.971505
0.971471
0.971362
0.971741
0.971480
0.971728
0.971605
0.971325
0.971064
0.971290
0.971147
0.971427
0.971924
0.972004
0.972353
0.972285
0.971964
0.971564
0.971323
0.971110
0.971003
0.971290
0.971072
0.971256
0.971331
0.971219
0.971315
0.971142
0.970954
0.970875
0.971059
0.970786
0.971040
0.970883
0.970725
0.970866
0.970734
0.971021
0.970646
0.970463
0.970529
0.970354
0.970744
0.971196
0.971538
0.971549
0.971454
0.971390
0.970815
0.970721
0.970547
0.970360
0.970326
0.970529
0.970729
0.970474
0.970692
0.970466
0.970263
0.970496
0.970304
0.970164
0.970526
0.970289
0.970566
0.970459
0.970386
0.970652
0.970166
0.970260
0.970142
0.970208
0.970354
0.970799
0.971243
0.971642
0.971094
0.971149
0.970846
0.970521
0.970345
0.970404
0.970647
0.970516
0.970718
0.970662
0.970815
0.970654
0.970741
0.970842
0.970740
0.970794
0.970684
0.970584
0.970832
0.970598
0.970999
0.970713
0.970598
0.970602
0.970180
0.970043
0.970276
0.970420
0.970885
0.971207
0.971344
0.971373
0.970934
0.970860
0.970184
0.970477
0.970276
0.970347
0.970744
0.970511
0.970787
0.971018
0.970741
0.970723
0.971043
0.970833
0.970743
0.971118
0.970874
0.970813
0.971080
0.971137
0.971385
0.971180
0.970965
0.970834
0.970622
0.970572
0.970826
0.971117
0.971532
0.971890
0.971712
0.971309
0.970976
0.970796
0.970686
0.970749
0.971129
0.970879
0.971316
0.971490
0.971315
0.971525
0.971348
0.971304
0.971142
0.971323
0.971286
0.971606
0.971374
0.971381
0.971651
0.971401
0.971690
0.971549
0.971154
0.971150
0.970993
0.970814
0.971184
0.971427
0.971880
0.972177
0.972033
0.971626
0.971384
0.971163
0.970994
0.970999
0.971465
0.971255
0.971567
0.971647
0.971484
0.971719
0.971412
0.971368
0.971325
0.971624
0.971407
0.971655
0.971662
0.971581
0.971801
0.971537
0.971520
0.971479
0.971024
0.970866
0.971125
0.971266
0.971503
0.971974
0.971930
0.972044
0.971853
0.971498
0.971228
0.971042
0.971033
0.971184
0.971495
0.971604
0.971536
0.971834
0.971551
0.971408
0.971755
0.971514
0.971372
0.971603
0.971488
0.971817
0.971591
0.971523
0.971835
0.971323
0.971208
0.971083
0.970864
0.971262
0.971566
0.971994
0.972351
0.971770
0.971865
0.971348
0.971326
0.971140
0.971080
0.971519
0.971348
0.971708
0.971571
0.971870
0.971560
0.971828
0.971541
0.971553
0.971755
0.971580
0.971606
0.971803
0.971622
0.971946
0.971739
0.971622
0.971677
0.971260
0.971084
0.971414
0.971394
0.971794
0.972132
0.972149
0.972179
0.971738
0.971576
0.971131
0.971441
0.971243
0.971246
0.971627
0.971489
0.971851
0.971922
0.971685
0.971610
0.971962
0.971607
0.971573
0.971860
0.971778
0.971702
0.972053
0.971873
0.972123
0.971626
0.971519
0.971280
0.971264
0.971612
0.971905
0.972345
0.972340
0.972293
0.972200
0.971659
0.971483
0.971292
0.971272
0.971335
0.971683
0.971861
0.971698
0.972011
0.971730
0.971955
0.971825
0.971706
0.971592
0.971888
0.971705
0.971957
0.971748
0.971755
0.971989
0.971748
0.971803
0.971383
0.971220
0.971456
0.971529
0.972011
0.972331
0.972276
0.972306
0.971886
0.971617
0.971348
0.971247
0.971546
0.971412
0.971754
0.971610
0.971962
0.971693
0.971978
0.971731
0.971588
0.971956
0.971657
0.971664
0.971890
0.971723
0.972023
0.971812
0.971734
0.972023
0.971579
0.971466
0.971301
0.971135
0.971478
0.971868
0.972278
0.972551
0.972081
0.971974
0.971518
0.971353
0.971189
0.971132
0.971599
0.971466
0.971842
0.971647
0.971971
0.971705
0.971936
0.971684
0.971600
0.971889
0.971682
0.971602
0.971948
0.971729
0.972022
0.971772
0.971767
0.971779
0.971189
0.971200
0.971343
0.971510
0.971828
0.972312
0.972267
0.972281
0.971782
0.971531
0.971248
0.971485
0.971288
0.971324
0.971662
0.971560
0.971886
0.972001
0.971719
0.971681
0.971923
0.971614
0.971607
0.971905
0.971632
0.971646
0.971947
0.971762
0.971984
0.971536
0.971497
0.971264
0.971161
0.971430
0.971799
0.972165
0.972162
0.972187
0.972090
0.971688
0.971458
0.971372
0.971301
0.971260
0.971628
0.971844
0.971613
0.971911
0.971685
0.971897
0.971741
0.971594
0.971573
0.971831
0.971610
0.971939
0.971691
0.971671
0.971962
0.971400
0.971407
0.971207
0.971098
0.971381
0.971735
0.972142
0.972484
0.972317
0.971908
0.971548
0.971372
0.971181
0.971143
0.971506
0.971413
0.971705
0.971849
0.971776
0.971626
0.971826
0.971580
0.971556
0.971752
0.971579
0.971566
0.971869
0.971610
0.972036
0.971800
0.971710
0.971766
0.971270
0.971166
0.971424
0.971466
0.971883
0.972266
0.972238
0.972268
0.971838
0.971880
0.971445
0.971449
0.971301
0.971318
0.971717
0.971900
0.971897
0.971995
0.971775
0.971694
0.971957
0.971670
0.971657
0.971929
0.971694
0.971696
0.972066
0.971796
0.972035
0.971815
0.971555
0.971462
0.971354
0.971215
0.971505
0.971854
0.972184
0.972593
0.972374
0.971942
0.971617
0.971416
0.971330
0.971241
0.971661
0.971506
0.971870
0.971972
0.971772
0.972061
0.971809
0.971761
0.971956
0.971853
0.971674
0.971970
0.971806
0.971811
0.972073
0.971823
0.972128
0.971613
0.971647
0.971469
0.971315
0.971646
0.972075
0.972384
0.972418
0.972350
0.972181
0.971756
0.971564
0.971520
0.971369
0.971427
0.971787
0.971931
0.971780
0.972103
0.971936
0.972052
0.971907
0.971789
0.971756
0.971970
0.971803
0.972179
0.971836
0.971838
0.972155
0.971850
0.971795
0.971299
0.971225
0.971452
0.971535
0.972093
0.972496
0.972390
0.972303
0.971893
0.971703
0.971371
0.971254
0.971552
0.971368
0.971772
0.971599
0.971936
0.971683
0.971967
0.971652
0.971656
0.971867
0.971647
0.971559
0.971941
0.971772
0.972005
0.971872
0.971795
0.971776
0.971304
0.971236
0.971481
0.971541
0.971883
0.972343
0.972315
0.972271
0.971814
0.971867
0.971453
0.971429
0.971389
0.971384
0.971693
0.971908
0.971905
0.971993
0.971751
0.971686
0.972033
0.971681
0.971639
0.971926
0.971759
0.971677
0.971978
0.971805
0.972054
0.971796
0.971524
0.971537
0.971229
0.971197
0.971408
0.971837
0.972155
0.972507
0.972345
0.971951
0.971579
0.971397
0.971233
0.971270
0.971575
0.971477
0.971740
0.972001
0.971754
0.971965
0.971770
0.971654
0.971937
0.971644
0.971704
0.971957
0.971709
0.971746
0.972070
0.971805
0.972090
0.971777
0.971869
0.971736
0.971686
0.971993
0.972393
0.972726
0.972748
0.972778
0.972760
0.972238
0.972193
0.972251
0.972327
0.972455
0.973012
0.973471
0.973322
0.973734
0.973660
0.974004
0.973743
0.974073
0.974386
0.974574
0.974492
0.974943
0.974758
0.974848
0.975239
0.975036
0.975217
0.974825
0.974777
0.975025
0.975055
0.975440
0.975967
0.976111
0.976242
0.975820
0.975718
0.975639
0.975624
0.975975
0.975961
0.976561
0.976362
0.976899
0.976836
0.977311
0.977052
0.977151
0.977723
0.977506
0.977731
0.978146
0.978222
0.978525
0.978542
0.978692
0.979058
0.978981
0.978915
0.978802
0.978690
0.978912
0.978731
0.979464
0.979896
0.980084
0.980314
0.979994
0.979813
0.979716
0.979643
0.980091
0.980119
0.980682
0.980649
0.981009
0.980959
0.981251
0.981124
0.981118
0.981616
0.981495
0.981735
0.982121
0.982168
0.982577
0.982487
0.982550
0.982902
0.982665
0.982567
0.982315
0.982185
0.982303
0.982724
0.983172
0.983630
0.983273
0.983465
0.982908
0.982896
0.982842
0.982773
0.983199
0.983100
0.983509
0.983236
0.983639
0.983461
0.983620
0.983437
0.983490
0.983843
0.983574
0.983710
0.984127
0.983858
0.984234
0.984217
0.984008
0.983904
0.983644
0.983574
0.983831
0.984146
0.984723
0.985225
0.985193
0.984845
0.984775
0.984610
0.984617
0.984698
0.985151
0.985095
0.985541
0.985786
0.985691
0.986056
0.985922
0.985913
0.986081
0.986271
0.986238
0.986578
0.986501
0.986484
0.986852
0.986678
0.986848
0.986252
0.986191
0.985858
0.985611
0.985695
0.985935
0.986208
0.986142
0.985852
0.985635
0.985095
0.984693
0.984575
0.984451
0.984420
0.984657
0.984857
0.984694
0.984835
0.984473
0.984617
0.984314
0.984058
0.983888
0.984045
0.983645
0.983792
0.983462
0.983238
0.983168
0.982462
0.982361
0.982555
0.982604
0.982983
0.983456
0.983309
0.983387
0.982905
0.982820
0.982451
0.982222
0.982130
0.982002
0.982337
0.982352
0.982098
0.982204
0.981946
0.981751
0.981796
0.981438
0.981292
0.981383
0.980975
0.980840
0.980962
0.980558
0.980704
0.980166
0.979853
0.979485
0.979186
0.979379
0.979616
0.979875
0.979795
0.979746
0.979495
0.978943
0.978628
0.978279
0.978152
0.978443
0.978132
0.978416
0.978099
0.978294
0.977917
0.978015
0.977665
0.977421
0.977292
0.977392
0.977158
0.977353
0.977048
0.976926
0.977103
0.976763
0.977003
0.976350
0.976202
0.975950
0.975764
0.975995
0.976204
0.976568
0.976531
0.976376
0.976282
0.975815
0.975480
0.975258
0.975213
0.975458
0.975338
0.975487
0.975269
0.975464
0.975131
0.975338
0.974961
0.974743
0.974699
0.974972
0.974665
0.974832
0.974590
0.974497
0.974759
0.974466
0.974620
0.974097
0.973988
0.973722
0.973535
0.973734
0.974204
0.974546
0.974441
0.974467
0.974364
0.973776
0.973512
0.973418
0.973185
0.973176
0.973585
0.973794
0.973489
0.973729
0.973519
0.973761
0.973409
0.973290
0.973273
0.973475
0.973181
0.973515
0.973334
0.973137
0.973410
0.972956
0.972799
0.972623
0.972467
0.972799
0.973093
0.973454
0.973811
0.973537
0.973214
0.972808
0.972554
0.972479
0.972388
0.972765
0.972583
0.972920
0.972779
0.972933
0.972777
0.973007
0.972714
0.972653
0.972941
0.972711
0.972648
0.972945
0.972706
0.972931
0.972783
0.972565
0.972352
0.972178
0.972033
0.972262
0.972662
0.973086
0.973406
0.973299
0.972758
0.972484
0.972260
0.972110
0.972143
0.972484
0.972711
0.972566
0.972806
0.972578
0.972989
0.972632
0.972562
0.972806
0.972546
0.972559
0.972826
0.972584
0.972527
0.972819
0.972679
0.972653
0.972053
0.972063
0.972234
0.972265
0.972763
0.973103
0.973117
0.973078
0.972644
0.972317
0.972113
0.972003
0.972248
0.972040
0.972415
0.972393
0.972673
0.972403
0.972656
0.972368
0.972313
0.972563
0.972361
0.972290
0.972522
0.972410
0.972728
0.972470
0.972091
0.972155
0.971833
0.972131
0.971889
0.972768
0.972707
0.973121
0.972902
0.972499
0.972249
0.971971
0.971862
0.972177
0.971958
0.972352
0.972251
0.972600
0.972321
0.972594
0.972369
0.972320
0.972441
0.972301
0.972292
0.972521
0.972289
0.972663
0.972384
0.972306
0.972407
0.971829
0.971734
0.971979
0.972042
0.972504
0.972847
0.972819
0.972816
0.972422
0.972154
0.971889
0.972022
0.971900
0.971953
0.972290
0.972062
0.972502
0.972618
0.972272
0.972179
0.972526
0.972236
0.972131
0.972507
0.972314
0.972169
0.972471
0.972364
0.972273
0.971744
0.971790
0.971891
0.972096
0.972345
0.972758
0.972878
0.972806
0.972335
0.972058
0.971949
0.971694
0.971984
0.971867
0.972252
0.972084
0.972410
0.972203
0.972493
0.972285
0.972220
0.972412
0.972289
0.972192
0.972490
0.972338
0.972577
0.972376
0.972277
0.972655
0.972104
0.972004
0.971898
0.971689
0.972078
0.972407
0.972821
0.973180
0.972655
0.972498
0.972170
0.972060
0.971852
0.971780
0.972159
0.972098
0.972345
0.972210
0.972524
0.972340
0.972468
0.972248
0.972210
0.972469
0.972221
0.972226
0.972500
0.972220
0.972544
0.972285
0.972320
0.972531
0.972086
0.972065
0.971786
0.971752
0.972013
0.972441
0.972777
0.973074
0.972522
0.972575
0.972233
0.971952
0.971765
0.971767
0.972136
0.971970
0.972334
0.972126
0.972430
0.972183
0.972451
0.972237
0.972115
0.972371
0.972195
0.972146
0.972515
0.972296
0.972480
0.972376
0.972038
0.971966
0.971799
0.971620
0.971975
0.972329
0.972715
0.972960
0.972797
0.972390
0.972009
0.971868
0.971747
0.971687
0.972056
0.971922
0.972252
0.972339
0.972228
0.972480
0.972191
0.972053
0.972097
0.972208
0.972098
0.972356
0.972166
0.972140
0.972397
0.972278
0.972494
0.972010
0.972004
0.971736
0.971672
0.971916
0.972313
0.972687
0.972674
0.972704
0.972604
0.972088
0.971871
0.971784
0.971712
0.971744
0.972145
0.972351
0.972048
0.972425
0.972204
0.972087
0.972254
0.972108
0.972091
0.972317
0.972123
0.972449
0.972247
0.972186
0.972432
0.972051
0.971876
0.971720
0.971576
0.971896
0.972284
0.972663
0.972995
0.972493
0.972497
0.972095
0.971954
0.971768
0.971662
0.972019
0.971907
0.972294
0.972090
0.972292
0.972147
0.972348
0.972122
0.972045
0.972343
0.972100
0.972083
0.972392
0.972143
0.972463
0.972227
0.972210
0.972186
0.971660
0.971640
0.971838
0.971951
0.972274
0.972692
0.972722
0.972662
0.972255
0.972302
0.971605
0.971836
0.971730
0.971783
0.972105
0.971978
0.972240
0.972363
0.972164
0.972099
0.972367
0.972126
0.972051
0.972339
0.972071
0.972090
0.972391
0.972207
0.972447
0.972191
0.971890
0.971868
0.971617
0.971572
0.971842
0.972289
0.972651
0.972916
0.972736
0.972255
0.972034
0.971751
0.971570
0.971655
0.971956
0.971816
0.972140
0.972390
0.972138
0.972373
0.972158
0.972109
0.971950
0.972096
0.972081
0.972402
0.972049
0.972133
0.972448
0.972134
0.972372
0.971993
0.971981
0.971694
0.971649
0.971874
0.972296
0.972610
0.972657
0.972686
0.972559
0.972038
0.971855
0.971758
0.971674
0.971639
0.972128
0.972239
0.972093
0.972318
0.972187
0.972360
0.972062
0.972081
0.971969
0.972293
0.972042
0.972362
0.972154
0.972174
0.972471
0.972244
0.972286
0.971793
0.971708
0.971947
0.972020
0.972407
0.972765
0.972769
0.972798
0.972322
0.972057
0.971832
0.971744
0.971930
0.971838
0.972239
0.972003
0.972439
0.972191
0.972480
0.972124
0.972132
0.972374
0.972117
0.972025
0.972353
0.972111
0.972371
0.972244
0.972196
0.972180
0.971658
0.971563
0.971809
0.971916
0.972309
0.972755
0.972655
0.972658
0.972251
0.972292
0.971537
0.971833
0.971667
0.971716
0.972100
0.971999
0.972188
0.972369
0.972159
0.972052
0.972299
0.972056
0.972046
0.972292
0.972077
0.972085
0.972412
0.972087
0.972430
0.972231
0.971883
0.971840
0.971655
0.971525
0.971835
0.972171
0.972578
0.972938
0.972763
0.972261
0.972006
0.971822
0.971642
0.971616
0.971994
0.971883
0.972212
0.972357
0.972109
0.972372
0.972152
0.972003
0.972344
0.972077
0.972052
0.972384
0.972116
0.972127
0.972420
0.972212
0.972444
0.972261
0.971959
0.971857
0.971693
0.971528
0.971877
0.972243
0.972620
0.972952
0.972769
0.972347
0.971955
0.971824
0.971714
0.971565
0.972006
0.971892
0.972238
0.972317
0.972143
0.972405
0.972091
0.972036
0.971982
0.972281
0.972008
0.972339
0.972149
0.972039
0.972375
0.972166
0.972394
0.971921
0.971604
0.971807
0.971577
0.971896
0.972224
0.972633
0.972652
0.972681
0.972524
0.972033
0.971850
0.971695
0.971643
0.971644
0.972123
0.972235
0.972072
0.972402
0.972114
0.972039
0.972217
0.972086
0.972001
0.972261
0.972100
0.972425
0.972122
0.972056
0.972453
0.971918
0.971792
0.971692
0.971473
0.971869
0.972184
0.972611
0.972960
0.972462
0.972460
0.972029
0.971850
0.971662
0.971561
0.972028
0.971904
0.972208
0.972068
0.972392
0.972145
0.972251
0.972104
0.972042
0.972281
0.971997
0.972090
0.972387
0.972071
0.972442
0.972223
0.972103
0.972125
0.971671
0.971575
0.971826
0.971888
0.972292
0.972632
0.972673
0.972607
0.972274
0.971925
0.971645
0.971899
0.971624
0.971687
0.972025
0.971883
0.972235
0.972367
0.972016
0.972003
0.972261
0.971983
0.971982
0.972243
0.972065
0.971947
0.972295
0.972100
0.972282
0.972167
0.971849
0.971760
0.971594
0.971419
0.971695
0.972132
0.972441
0.972751
0.972657
0.972249
0.971869
0.971711
0.971604
0.971547
0.971837
0.971782
0.972058
0.972154
0.971885
0.972047
0.971627
0.971384
0.971346
0.971473
0.971194
0.971452
0.971097
0.971004
0.971150
0.970935
0.971063
0.970772
0.970441
0.970176
0.969874
0.969761
0.970048
0.970346
0.970776
0.971137
0.970924
0.970411
0.970115
0.969836
0.969585
0.969461
0.969721
0.969518
0.969758
0.969871
0.969598
0.969702
0.969386
0.969252
0.969123
0.969265
0.968984
0.969209
0.968882
0.968797
0.969034
0.968776
0.968628
0.968076
0.967940
0.968076
0.967864
0.968582
0.968924
0.968959
0.968955
0.968536
0.968233
0.967900
0.967674
0.967829
0.967690
0.967929
0.967678
0.967951
0.967693
0.967818
0.967453
0.967402
0.967520
0.967229
0.967159
0.967386
0.967056
0.967287
0.967019
0.966854
0.967001
0.966557
0.966470
0.966160
0.966029
0.966256
0.966617
0.966978
0.967319
0.966899
0.966950
0.966402
0.966133
0.965964
0.965793
0.966083
0.966015
0.966305
0.965927
0.966235
0.965946
0.966128
0.965753
0.965647
0.965858
0.965468
0.965480
0.965720
0.965385
0.965636
0.965144
0.965063
0.964765
0.964636
0.964841
0.965189
0.965597
0.965584
0.965610
0.965518
0.965054
0.964737
0.964553
0.964399
0.964387
0.964605
0.964796
0.964532
0.964783
0.964487
0.964679
0.964400
0.964227
0.964130
0.964296
0.964123
0.963608
0.962373
0.961045
0.959720
0.957901
0.956398
0.954706
0.953007
0.951778
0.950469
0.949369
0.948353
0.946813
0.944848
0.943027
0.940996
0.938943
0.936745
0.934761
0.932469
0.929956
0.927800
0.925002
0.922258
0.919713
0.916818
0.913708
0.911241
0.908348
0.905386
0.902584
0.899561
0.896942
0.893874
0.890627
0.887657
0.884635
0.881915
0.878664
0.875566
0.872986
0.870140
0.867180
0.864118
0.861174
0.858247
0.855273
0.852489
0.849516
0.846778
0.844162
0.841283
0.838517
0.835846
0.832832
0.830167
0.827256
0.824399
0.821460
0.818899
0.816100
0.813310
0.810642
0.807946
0.805181
0.802701
0.799949
0.797179
0.794835
0.792157
0.789542
0.786719
0.784403
0.781660
0.778849
0.776304
0.773635
0.770845
0.768384
0.765500
0.762692
0.759933
0.757453
0.754635
0.751986
0.749264
0.746613
0.743998
0.741355
0.738700
0.735997
0.733370
0.730841
0.728058
0.725638
0.722964
0.720335
0.717752
0.715219
0.712628
0.710087
0.707446
0.704819
0.702334
0.700037
0.697214
0.694825
0.692302
0.689656
0.687269
0.684580
0.682074
0.679634
0.677135
0.674597
0.672217
0.669575
0.667014
0.664741
0.662288
0.659620
0.657352
0.654800
0.652351
0.649800
0.647466
0.644978
0.642824
0.640094
0.637706
0.635487
0.633101
0.630503
0.628212
0.625827
0.623288
0.621093
0.618801
0.616362
0.614094
0.611751
0.609433
0.607075
0.604735
0.602552
0.600151
0.598109
0.595639
0.593423
0.591222
0.588857
0.586684
0.584503
0.582242
0.580093
0.577847
0.575616
0.573664
0.571383
0.569262
0.567140
0.564940
0.562805
0.560754
0.558676
0.556675
0.554316
0.552351
0.550415
0.548301
0.546279
0.544259
0.542286
0.540374
0.538403
0.536359
0.534603
0.532577
0.530674
0.528889
0.527070
0.525162
0.523273
0.521534
0.519646
0.517975
0.516254
0.514507
0.512807
0.511114
0.509519
0.507636
0.506180
0.504618
0.502944
0.501491
0.499973
0.498276
0.496983
0.495500
0.494044
0.492674
0.491391
0.489774
0.488687
0.487433
0.485985
0.484888
0.483746
0.482479
0.481308
0.480184
0.479175
0.478049
0.477210
0.476100
0.475059
0.474365
0.473118
0.472587
0.471796
0.470920
0.470090
0.469618
0.468785
0.468219
0.467466
0.467051
0.466382
0.465834
0.465272
0.464980
0.464518
0.464165
0.463614
0.463579
0.463061
0.462986
0.462707
0.462640
0.462385
0.462177
0.462182
0.462040
0.462011
0.461896
0.462113
0.461998
0.462050
0.462145
0.462489
0.462362
0.462682
0.462606
0.463035
0.463218
0.463403
0.463472
0.464100
0.464084
0.464395
0.464883
0.465226
0.465365
0.465633
0.466167
0.466493
0.466733
0.467122
0.467603
0.467911
0.468209
0.468486
0.468935
0.469380
0.469679
0.470074
0.470638
0.470912
0.471289
0.471736
0.472075
0.472439
0.472725
0.473408
0.473766
0.474149
0.474317
0.475016
0.475410
0.475715
0.476108
0.476830
0.477125
0.477526
0.477906
0.478659
0.478945
0.479387
0.479806
0.480527
0.480851
0.481460
0.482208
0.482616
0.483001
0.483450
0.484276
0.484744
0.485258
0.485693
0.486380
0.486666
0.487312
0.487746
0.488503
0.488892
0.489289
0.489923
0.490442
0.490870
0.491290
0.492125
0.492409
0.492851
0.493334
0.493902
0.494350
0.494595
0.494942
0.495669
0.495976
0.496189
0.496491
0.497114
0.497399
0.497669
0.497653
0.498380
0.498496
0.498756
0.498883
0.499297
0.499355
0.499537
0.499603
0.500207
0.500179
0.500358
0.500346
0.500614
0.500750
0.500820
0.501166
0.501289
0.501196
0.501264
0.501683
0.501706
0.501771
0.501697
0.502144
0.502134
0.502053
0.502246
0.502478
0.502585
0.502686
0.502543
0.502860
0.503074
0.502861
0.503075
0.503247
0.503275
0.503317
0.503332
0.503572
0.503660
0.503618
0.503973
0.504023
0.504062
0.503938
0.504195
0.504292
0.504218
0.504248
0.504628
0.504573
0.504667
0.504596
0.504963
0.504784
0.504921
0.504876
0.505143
0.505188
0.505182
0.505534
0.505510
0.505532
0.505381
0.505537
0.505685
0.505715
0.505633
0.505795
0.505937
0.505848
0.505800
0.505975
0.506087
0.505997
0.505898
0.506302
0.506324
0.506394
0.506222
0.506485
0.506601
0.506567
0.506877
0.506703
0.506708
0.506648
0.507035
0.507053
0.507002
0.506935
0.507083
0.507026
0.507077
0.506921
0.507391
0.507317
0.507327
0.507222
0.507527
0.507438
0.507438
0.507639
0.507698
0.507534
0.507418
0.507774
0.507732
0.507750
0.507824
0.508044
0.507910
0.507836
0.507779
0.508109
0.508038
0.507981
0.507906
0.508184
0.508166
0.507939
0.507864
0.508146
0.508200
0.508121
0.508261
0.508293
0.508289
0.508120
0.508452
0.508505
0.508431
0.508350
0.508542
0.508517
0.508427
0.508274
0.508561
0.508501
0.508645
0.508491
0.508610
0.508602
0.508437
0.508718
0.508599
0.508527
0.508528
0.508642
0.508695
0.508622
0.508663
0.508810
0.508768
0.508683
0.508705
0.508734
0.508643
0.508715
0.508556
0.508765
0.508788
0.508809
0.508649
0.508879
0.508809
0.508731
0.508854
0.508898
0.508902
0.508652
0.508857
0.508991
0.508913
0.508669
0.509948
0.510919
0.511364
0.511217
0.511207
0.511022
0.510533
0.510753
0.510778
0.511101
0.511553
0.511947
0.511943
0.512274
0.512570
0.512417
0.512648
0.512839
0.512760
0.513053
0.513388
0.513417
0.513654
0.513495
0.513802
0.514149
0.514073
0.514112
0.514478
0.514390
0.514626
0.514846
0.514803
0.515103
0.514803
0.515252
0.515553
0.515424
0.515612
0.515849
0.515860
0.515974
0.515852
0.516222
0.516261
0.516222
0.516509
0.516574
0.516584
0.516706
0.516925
0.516985
0.517058
0.516985
0.517199
0.517348
0.517274
0.517423
0.517637
0.517384
0.517681
0.517614
0.517757
0.517965
0.517750
0.517966
0.518114
0.518048
0.518205
0.518413
0.518282
0.518414
0.518282
0.518415
0.518647
0.518415
0.518730
0.518774
0.518731
0.518775
0.518731
0.518776
0.519098
0.518776
0.519099
0.519143
0.519099
0.519144
0.519390
0.519145
0.519392
0.519152
0.519393
0.519532
0.519393
0.519533
0.519760
0.519455
0.519762
0.519469
0.519763
0.519838
0.519687
0.519839
0.519985
0.519839
0.519824
0.519839
0.519839
0.520133
0.519839
0.520133
0.520207
0.520067
0.520208
0.520291
0.520209
0.520208
0.520209
0.520209
0.520437
0.520209
0.520356
0.520579
0.520299
0.520592
0.520209
0.520514
0.520580
0.520356
0.520593
0.520669
0.520514
0.520580
0.520802
0.520581
0.520727
0.520514
0.520569
0.520885
0.520581
0.520727
0.520884
0.520735
0.520885
0.520580
0.520804
0.520885
0.520728
0.520886
0.520951
0.520886
0.520885
0.521099
0.520886
0.520952
0.520886
0.520886
0.521181
0.520886
0.520952
0.521257
0.520874
0.521194
0.520886
0.520874
0.521259
0.520874
0.521195
0.521257
0.520874
0.521259
0.521245
0.521116
0.521259
0.520874
0.521271
0.521245
0.521116
0.521259
0.521245
0.521116
0.521259
0.520950
0.521271
0.521246
0.521116
0.521271
0.521327
0.521192
0.521246
0.521026
0.521271
0.521329
0.521116
0.521271
0.521397
0.521192
0.521329
0.521397
0.521192
0.521329
0.521116
0.521259
0.521399
0.521192
0.521341
0.521397
0.521192
0.521399
0.521116
0.521180
0.521399
0.521192
0.521417
0.521397
0.521192
0.521410
0.521487
0.521256
0.521399
0.521192
0.521411
0.521399
0.521192
0.521410
0.521397
0.521347
0.521410
0.521116
0.521411
0.521410
0.521271
0.521411
0.521397
0.521347
0.521410
0.521477
0.521329
0.521410
0.521195
0.522455
0.523206
0.523909
0.524244
0.523900
0.522685
0.521501
0.520863
0.520962
0.521258
0.522012
0.522856
0.523217
0.523266
0.522992
0.522805
0.522280
0.522303
0.521974
0.522209
0.522099
0.522352
0.522584
0.522760
0.522508
0.522544
0.522274
0.522388
0.522444
0.522224
0.522388
0.523155
0.524285
0.525029
0.524964
0.524718
0.523213
0.522120
0.521389
0.521403
0.522251
0.522927
0.523587
0.524238
0.523809
0.523679
0.523349
0.523106
0.522588
0.522891
0.522595
0.522758
0.522941
0.522895
0.522968
0.524155
0.524961
0.525625
0.525544
0.525095
0.523787
0.522465
0.521908
0.521945
0.522656
0.523324
0.524136
0.524617
0.524188
0.524275
0.523715
0.523473
0.523039
0.523095
0.523047
0.523150
0.523404
0.523257
0.523356
0.523399
0.523217
0.523246
0.522892
0.523034
0.523116
0.523872
0.525191
0.525755
0.525728
0.525458
0.524059
0.522791
0.522055
0.522123
0.522454
0.523215
0.523789
0.524436
0.524488
0.524337
0.523930
0.523322
0.523262
0.522849
0.523174
0.523350
0.523149
0.523389
0.523561
0.523240
0.524318
0.525111
0.525719
0.525952
0.525701
0.524226
0.523064
0.522057
0.521988
0.522849
0.523531
0.524188
0.524560
0.524776
0.524177
0.524053
0.523589
0.523181
0.523165
0.523214
0.523270
0.523461
0.523526
0.523315
0.523451
0.523578
0.523205
0.523331
0.523023
0.523089
0.524227
0.525091
0.525825
0.525707
0.525836
0.523960
0.523150
0.522106
0.521946
0.522901
0.523669
0.524240
0.524559
0.524487
0.524327
0.523675
0.523771
0.523252
0.523216
0.523008
0.523433
0.523517
0.523209
0.523488
0.524657
0.525379
0.525915
0.525884
0.525846
0.524205
0.522895
0.522186
0.522204
0.523000
0.523836
0.524426
0.524879
0.524620
0.524489
0.523827
0.523831
0.523316
0.523388
0.523232
0.523512
0.523617
0.523457
0.523634
0.523688
0.523427
0.523443
0.523105
0.523250
0.523316
0.524166
0.525408
0.525988
0.526024
0.525609
0.524200
0.522925
0.522433
0.522273
0.522967
0.523815
0.524486
0.524494
0.524635
0.524566
0.524003
0.523835
0.523484
0.523167
0.523396
0.523496
0.523377
0.523613
0.523708
0.523468
0.523583
0.524661
0.525301
0.526005
0.525963
0.526017
0.524264
0.523388
0.522371
0.522377
0.522994
0.523902
0.524566
0.524964
0.524620
0.524725
0.524068
0.523912
0.523402
0.523633
0.523396
0.523593
0.523683
0.523688
0.523718
0.523764
0.523663
0.523607
0.523653
0.523400
0.524610
0.525314
0.526051
0.526406
0.526074
0.524592
0.523316
0.522451
0.522368
0.522974
0.523809
0.524563
0.524882
0.525087
0.524582
0.524467
0.523845
0.523413
0.523548
0.523325
0.523507
0.523694
0.523920
0.523718
0.523774
0.523512
0.523535
0.523577
0.523331
0.523410
0.523505
0.524347
0.525500
0.526235
0.526188
0.525853
0.524344
0.523080
0.522512
0.522498
0.522829
0.523520
0.524267
0.524746
0.524795
0.524667
0.524153
0.523699
0.523568
0.523255
0.523314
0.523739
0.523466
0.523636
0.523950
0.523551
0.523505
0.523317
0.523430
0.523410
0.523118
0.524403
0.525109
0.525768
0.526265
0.525771
0.524516
0.523080
0.522149
0.522521
0.522829
0.523678
0.524277
0.524815
0.524794
0.524446
0.524173
0.523789
0.523741
0.523428
0.523487
0.523360
0.523553
0.523698
0.523571
0.523724
0.523679
0.523396
0.523604
0.523207
0.524241
0.525185
0.525917
0.526113
0.525950
0.524461
0.523268
0.522611
0.522444
0.522846
0.523683
0.524355
0.524669
0.524881
0.524366
0.524169
0.523717
0.523731
0.523332
0.523407
0.523219
0.523633
0.523704
0.523801
0.523558
0.523673
0.523245
0.523358
0.523497
0.524246
0.525397
0.526057
0.526023
0.525788
0.524386
0.522936
0.522455
0.522373
0.522681
0.523427
0.524199
0.524583
0.524702
0.524500
0.524093
0.523550
0.523408
0.523011
0.523407
0.523497
0.523311
0.523529
0.523718
0.523391
0.523428
0.523608
0.523271
0.524303
0.525230
0.525875
0.526159
0.525908
0.524505
0.523171
0.522217
0.522205
0.522916
0.523670
0.524331
0.524895
0.524855
0.524423
0.524393
0.523777
0.523258
0.523393
0.523253
0.523438
0.523528
0.523927
0.523649
0.523619
0.523429
0.523539
0.524562
0.525368
0.526027
0.525985
0.526050
0.524282
0.523407
0.522377
0.522299
0.522995
0.523983
0.524568
0.524974
0.524787
0.524651
0.523999
0.524012
0.523494
0.523554
0.523407
0.523674
0.523851
0.523619
0.523729
0.523931
0.523507
0.523618
0.523744
0.523411
0.524621
0.525324
0.526058
0.526333
0.526085
0.524679
0.523407
0.522373
0.522289
0.523076
0.523910
0.524574
0.524892
0.525187
0.524584
0.524386
0.524023
0.523515
0.523549
0.523326
0.523602
0.523871
0.523995
0.523646
0.523951
0.524177
0.522579
0.520232
0.516962
0.513974
0.510042
0.505615
0.501764
0.498762
0.496407
0.493954
0.491255
0.488341
0.484540
0.481109
0.477103
0.473647
0.470112
0.466544
0.463191
0.459973
0.455965
0.452617
0.448743
0.444727
0.440740
0.436889
0.432488
0.428584
0.424734
0.420379
0.416754
0.412813
0.408900
0.404763
0.400496
0.396544
0.392399
0.388151
0.383719
0.379624
0.375481
0.371328
0.366684
0.362488
0.358197
0.353459
0.349062
0.344759
0.339848
0.335483
0.330676
0.326157
0.321585
0.316575
0.312149
0.307529
0.302801
0.298315
0.293451
0.288960
0.284610
0.279834
0.275129
0.270839
0.266352
0.262107
0.257504
0.253383
0.249092
0.244762
0.240695
0.236888
0.232669
0.228681
0.224624
0.221118
0.217271
0.213404
0.209699
0.206227
0.202473
0.199102
0.195669
0.192119
0.188908
0.185301
0.181954
0.178841
0.175519
0.172736
0.169696
0.166456
0.163837
0.160909
0.158085
0.155417
0.152745
0.149994
0.147287
0.144935
0.142528
0.139943
0.137498
0.135350
0.132744
0.130547
0.128288
0.126165
0.123998
0.121920
0.119839
0.117688
0.115582
0.113612
0.111765
0.109857
0.108017
0.106068
0.104375
0.102747
0.100973
0.099062
0.097466
0.095910
0.094267
0.092642
0.091228
0.089681
0.088120
0.086652
0.085267
0.083818
0.082365
0.081113
0.079715
0.078493
0.077256
0.075893
0.074801
0.073556
0.072256
0.071263
0.069911
0.068868
0.067848
0.067433
0.066714
0.066209
0.065212
0.064428
0.063129
0.062243
0.061431
0.060304
0.059514
0.058419
0.057413
0.056546
0.055565
0.054563
0.053597
0.052554
0.051679
0.050978
0.050071
0.049129
0.048438
0.047648
0.046932
0.046270
0.045586
0.044752
0.044115
0.043388
0.042717
0.042245
0.041802
0.041237
0.040828
0.040746
0.040572
0.040218
0.039735
0.038900
0.037889
0.037138
0.036335
0.035757
0.035265
0.035127
0.034503
0.034460
0.033994
0.033607
0.033327
0.033120
0.032431
0.031984
0.032030
0.031792
0.031518
0.031526
0.031357
0.030545
0.029737
0.029318
0.029182
0.029446
0.030546
0.031642
0.032335
0.032419
0.031170
0.030092
0.029129
0.028636
0.028920
0.028913
0.029696
0.029891
0.030342
0.030356
0.030479
0.030309
0.030032
0.029160
0.027894
0.027122
0.027220
0.027849
0.029291
0.031033
0.032127
0.032102
0.031506
0.030163
0.029311
0.028659
0.028590
0.028698
0.029640
0.030294
0.030632
0.031069
0.030811
0.030527
0.029627
0.028027
0.027448
0.027418
0.028298
0.029935
0.031827
0.032627
0.032630
0.031407
0.030725
0.029300
0.029392
0.029447
0.028511
0.028154
0.027585
0.027994
0.029673
0.031674
0.033102
0.032667
0.032153
0.029750
0.028973
0.028619
0.028572
0.029234
0.029609
0.030447
0.030754
0.031455
0.031421
0.031863
0.031461
0.031601
0.032236
0.032104
0.032389
0.033022
0.032947
0.032919
0.033506
0.033460
0.033970
0.034084
0.034076
0.033599
0.032451
0.031965
0.032026
0.032502
0.033654
0.035583
0.036189
0.036221
0.035441
0.034998
0.033783
0.034023
0.034127
0.033942
0.034737
0.035112
0.033842
0.034162
0.033807
0.033229
0.033638
0.033387
0.033291
0.032857
0.031343
0.030702
0.031346
0.031620
0.033267
0.035340
0.036054
0.035820
0.034876
0.034360
0.033167
0.033153
0.033230
0.033390
0.034202
0.035215
0.035199
0.035808
0.035392
0.035117
0.035324
0.034232
0.033328
0.032520
0.032561
0.033087
0.034702
0.036619
0.038045
0.037188
0.036595
0.035486
0.034667
0.034170
0.033464
0.034222
0.034450
0.035308
0.035190
0.035762
0.035744
0.036160
0.036093
0.035262
0.034820
0.034031
0.033797
0.034565
0.035599
0.037503
0.038610
0.038624
0.037798
0.037080
0.036465
0.036134
0.036158
0.036602
0.036870
0.037803
0.038420
0.038257
0.038405
0.038275
0.038001
0.037095
0.036391
0.035696
0.035830
0.035964
0.037337
0.038814
0.039465
0.039616
0.038695
0.037904
0.037470
0.037009
0.037482
0.037714
0.038349
0.038401
0.038925
0.038767
0.039125
0.038915
0.038817
0.038344
0.037320
0.036696
0.036794
0.037171
0.038216
0.039479
0.040112
0.040232
0.039887
0.039083
0.038590
0.038321
0.038316
0.038586
0.039188
0.039799
0.039909
0.040346
0.040240
0.040048
0.040389
0.040209
0.039480
0.038832
0.037993
0.038207
0.038137
0.039177
0.040391
0.040673
0.040037
0.038698
0.037555
0.036692
0.036295
0.036696
0.036507
0.036854
0.036772
0.037276
0.037202
0.037419
0.037224
0.037393
0.037992
0.037388
0.037152
0.036917
0.036614
0.036902
0.037787
0.038870
0.040163
0.040206
0.039703
0.038976
0.038500
0.038352
0.038361
0.038782
0.038997
0.039764
0.039919
0.040289
0.040173
0.040317
0.039981
0.039836
0.040226
0.040133
0.040167
0.039656
0.038422
0.038288
0.037876
0.038276
0.039544
0.040961
0.041791
0.041818
0.041209
0.040044
0.039096
0.038603
0.038512
0.038669
0.039364
0.040020
0.039813
0.040429
0.040058
0.039768
0.040077
0.039726
0.039703
0.039291
0.038128
0.037481
0.037564
0.038381
0.039929
0.041532
0.042137
0.042086
0.041464
0.040510
0.039582
0.039115
0.039094
0.039250
0.039833
0.040656
0.040719
0.041383
0.041023
0.040793
0.041241
0.040991
0.040822
0.040460
0.039296
0.038388
0.038738
0.039144
0.040244
0.041577
0.042246
0.042313
0.042040
0.041039
0.040373
0.039911
0.039914
0.040044
0.040856
0.041486
0.041436
0.041935
0.041694
0.041484
0.041765
0.041586
0.041564
0.041972
0.041049
0.040513
0.039592
0.039093
0.039384
0.040559
0.041859
0.043281
0.043232
0.042248
0.041225
0.040597
0.040062
0.039853
0.040587
0.040818
0.041329
0.041880
0.041729
0.042071
0.041739
0.041250
0.040976
0.040562
0.039190
0.038361
0.038810
0.039023
0.040325
0.041892
0.042574
0.042527
0.042173
0.041191
0.040449
0.040072
0.040178
0.040645
0.041430
0.042187
0.042409
0.042968
0.042678
0.043171
0.043038
0.042876
0.042595
0.042390
0.041152
0.041052
0.040817
0.041398
0.042762
0.044370
0.045392
0.045611
0.045237
0.044182
0.043531
0.043243
0.043138
0.043268
0.044254
0.045086
0.045267
0.045829
0.045631
0.045851
0.045750
0.045601
0.045418
0.045928
0.044926
0.044309
0.043303
0.042850
0.043152
0.044430
0.046128
0.047253
0.047346
0.046264
0.045138
0.044202
0.043521
0.043339
0.043959
0.044196
0.044659
0.045274
0.044961
0.045385
0.044963
0.044399
0.044017
0.044371
0.044254
0.044492
0.043632
0.042751
0.041964
0.041519
0.041820
0.042876
0.044461
0.045677
0.045106
0.044884
0.044014
0.042850
0.042528
0.042570
0.043183
0.043401
0.044233
0.044214
0.044863
0.044472
0.044859
0.044654
0.044467
0.044818
0.044731
0.044769
0.044960
0.044217
0.043441
0.042595
0.042213
0.042339
0.043515
0.045101
0.046517
0.046567
0.045850
0.044784
0.044096
0.043705
0.043576
0.044574
0.045096
0.045821
0.046735
0.046801
0.046803
0.047427
0.047043
0.046820
0.046984
0.046727
0.046566
0.046106
0.045148
0.044503
0.043899
0.044275
0.045455
0.046794
0.047464
0.047631
0.047393
0.046352
0.045901
0.045553
0.045234
0.045517
0.046230
0.046533
0.046410
0.046758
0.046511
0.046704
0.046186
0.045913
0.045637
0.045975
0.045698
0.045920
0.044927
0.043996
0.043153
0.042543
0.042845
0.043833
0.045159
0.046463
0.045922
0.045493
0.044523
0.043502
0.043098
0.042913
0.043715
0.043827
0.044583
0.044426
0.045097
0.044958
0.045422
0.045150
0.044944
0.045282
0.045266
0.045014
0.045768
0.044801
0.044118
0.043304
0.042440
0.042610
0.043894
0.045445
0.046915
0.046945
0.045869
0.044994
0.044381
0.044012
0.043635
0.044289
0.044145
0.044746
0.045099
0.045191
0.045012
0.045637
0.045304
0.044812
0.044948
0.044137
0.042906
0.042115
0.041006
0.040921
0.041023
0.041242
0.041307
0.041968
0.042870
0.043055
0.042980
0.041853
0.041145
0.040315
0.039445
0.039051
0.038560
0.038479
0.038958
0.040123
0.041547
0.042584
0.042885
0.041806
0.040761
0.040256
0.040052
0.039964
0.040741
0.041049
0.041533
0.042139
0.042064
0.041828
0.042079
0.041947
0.041857
0.041418
0.040927
0.040304
0.040464
0.040664
0.041632
0.042593
0.043271
0.043217
0.042934
0.042167
0.041763
0.041471
0.041481
0.041815
0.042247
0.042858
0.042888
0.043194
0.043106
0.042929
0.043352
0.042984
0.042885
0.043271
0.043189
0.043181
0.043651
0.043611
0.043275
0.042185
0.041739
0.041811
0.042121
0.043475
0.044965
0.045674
0.045882
0.045118
0.044027
0.043213
0.042605
0.042702
0.042904
0.043885
0.044249
0.044974
0.045045
0.045422
0.045425
0.045611
0.045469
0.045401
0.045234
0.044972
0.044329
0.043507
0.043208
0.043579
0.044724
0.046467
0.048002
0.047530
0.047213
0.046212
0.045466
0.045034
0.044791
0.045481
0.045720
0.046823
0.046844
0.047482
0.047216
0.047437
0.047035
0.046700
0.046971
0.046658
0.046488
0.046919
0.046764
0.046519
0.046102
0.045371
0.044660
0.044066
0.044408
0.045646
0.047271
0.048062
0.047920
0.047556
0.046456
0.045588
0.045030
0.044910
0.044920
0.045691
0.046440
0.046470
0.046866
0.046594
0.046241
0.046587
0.046161
0.045873
0.046239
0.046065
0.045365
0.044155
0.043264
0.043520
0.043910
0.045162
0.046555
0.047208
0.047138
0.046195
0.045168
0.044510
0.044148
0.044526
0.044661
0.045302
0.045487
0.045919
0.045734
0.046137
0.045826
0.046088
0.045828
0.045664
0.045596
0.045893
0.045907
0.046202
0.045972
0.044970
0.044354
0.043643
0.043754
0.043606
0.045150
0.045882
0.046843
0.046910
0.046054
0.045192
0.044775
0.044203
0.044650
0.044798
0.045472
0.045411
0.045987
0.045808
0.046095
0.045851
0.045678
0.046035
0.045544
0.045346
0.045774
0.045715
0.046014
0.045818
0.044797
0.043819
0.043323
0.042949
0.043261
0.044172
0.045430
0.046509
0.046458
0.045696
0.044762
0.043995
0.043677
0.043705
0.044088
0.044159
0.044791
0.045277
0.044948
0.045099
0.044881
0.044543
0.044752
0.044484
0.044337
0.044646
0.044436
0.044304
0.043918
0.042934
0.042315
0.042362
0.042589
0.043548
0.044784
0.045296
0.045123
0.044757
0.043869
0.042912
0.042524
0.042302
0.042170
0.042485
0.043030
0.042988
0.043136
0.042975
0.042380
0.042479
0.042070
0.041919
0.042067
0.041856
0.041741
0.041977
0.040793
0.040124
0.039278
0.038862
0.039090
0.040387
0.041694
0.043067
0.042972
0.041657
0.040495
0.039859
0.039193
0.039053
0.039680
0.039980
0.040264
0.040828
0.040786
0.041113
0.040553
0.040339
0.040178
0.040616
0.040477
0.041089
0.040929
0.040931
0.041435
0.041409
0.041817
0.040965
0.040302
0.039712
0.039357
0.039672
0.040846
0.042620
0.043340
0.043588
0.043188
0.042172
0.041653
